0,0,0,0,0,17,13,12,6,18,0,13,10,0,0,34,57,164,7,41,0,0,0,3,0,14,0,33,0,38,12,0
0,2,17,22,0,0,9,44,0,0,0,0,0,4,0,45,49,127,0,10,29,1,53,0,0,31,0,0,0,0,7,3
16,52,41,0,21,34,0,0,8,29,59,7,25,0,11,0,160,170,0,13,7,0,22,0,231,130,0,0,0,1,39,0
66,0,0,20,0,25,2,0,17,0,4,0,10,0,23,0,108,71,0,0,0,23,18,12,131,172,0,0,0,0,0,0
22,11,13,30,0,0,21,153,68,31,0,0,42,30,0,2,0,24,0,0,6,32,31,0,96,76,0,0,0,0,16,29
0,37,0,0,14,0,11,209,191,14,24,0,5,32,29,0,11,5,0,46,10,0,25,33,192,45,44,1,0,0,24,41
0,0,0,46,2,0,16,16,102,8,32,11,0,58,10,0,8,0,0,57,25,23,70,0,117,3,22,29,0,1,0,9
0,42,18,0,0,0,0,123,14,72,0,53,74,27,0,13,36,0,35,0,38,0,0,0,13,22,0,0,11,3,0,0
0,5,24,28,0,0,9,42,4,230,18,0,11,19,0,8,0,0,0,0,17,24,0,0,0,0,1,0,20,11,25,10
35,16,0,25,0,3,0,0,0,189,17,0,0,19,26,0,0,30,0,54,7,13,28,0,6,0,6,0,5,5,26,147
0,3,22,0,7,20,0,0,0,17,2,23,12,13,36,15,28,45,0,0,0,0,0,0,0,14,48,2,0,49,117,54
6,30,16,0,17,13,20,0,11,31,13,0,6,21,0,0,13,0,0,17,0,0,11,0,0,4,4,0,15,0,156,97
53,0,0,0,0,0,83,0,0,0,0,0,0,0,0,0,2,29,10,51,6,0,37,11,0,0,23,0,0,92,13,13
0,0,0,0,0,0,13,0,0,0,48,0,49,0,5,35,0,0,3,16,14,0,0,0,0,0,0,0,32,214,31,40
0,0,0,9,32,2,53,0,1,0,33,0,0,0,0,13,26,0,2,0,22,21,0,0,0,16,0,46,66,25,0,67
12,33,6,0,38,0,6,34,21,20,0,23,0,40,26,0,0,23,23,0,0,0,0,29,0,0,0,214,175,10,25,19
0,0,0,0,17,20,0,17,13,22,6,9,42,0,14,7,10,31,0,17,0,0,6,10,16,0,0,0,0,10,15,0
0,0,2,34,32,34,0,0,0,6,0,11,20,178,188,59,48,0,112,0,48,29,16,0,0,0,36,9,0,0,12,18
39,14,168,198,82,0,0,10,4,22,60,0,35,193,196,217,28,68,130,221,38,92,166,95,101,60,74,43,15,2,17,0
0,0,76,248,113,93,6,14,0,0,0,0,0,214,197,53,7,4,237,34,3,47,71,50,34,80,9,2,0,0,7,20
0,9,0,61,195,7,19,28,0,0,46,0,3,0,80,203,5,18,0,0,0,25,30,9,31,105,0,4,30,21,0,5
17,0,0,0,109,57,63,29,13,50,27,26,0,11,170,36,56,0,0,0,22,142,133,99,22,203,27,0,0,33,4,0
0,0,0,5,0,0,0,47,42,0,0,70,50,0,201,70,188,2,7,0,0,105,171,179,219,206,0,0,25,0,0,0
0,22,42,0,8,0,19,6,40,0,3,0,12,0,43,14,98,0,13,21,0,117,28,224,242,8,0,0,38,36,0,40
4,83,0,10,0,0,9,21,0,0,0,0,37,95,24,162,254,47,16,19,170,199,101,164,146,63,0,0,4,0,0,22
11,3,42,33,30,49,59,23,0,5,0,55,41,176,132,202,93,100,75,50,61,245,189,195,197,2,45,0,6,5,5,0
32,0,7,0,0,31,0,0,4,19,108,140,6,195,96,155,233,176,228,175,129,196,197,188,191,81,0,0,0,12,0,0
0,0,0,0,21,0,0,0,0,0,0,233,1,103,42,170,176,250,148,6,131,121,190,195,197,37,11,0,0,0,0,12
9,0,0,0,14,8,39,35,0,0,0,14,73,253,0,194,213,43,203,236,197,186,190,196,144,16,47,29,24,18,0,11
16,21,16,0,0,2,18,0,0,18,0,23,0,243,98,170,226,99,65,122,196,59,25,101,44,0,37,51,31,14,13,0
23,0,28,9,36,47,26,0,0,30,0,0,0,52,106,221,198,12,174,108,240,220,174,44,0,0,0,0,0,0,0,48
0,13,0,11,45,0,20,31,20,0,34,38,0,37,25,39,58,28,0,38,0,12,48,14,3,0,0,0,12,1,10,17
0,4,4,0,47,0,59,25,26,19,49,43,37,0,12,20,22,194,0,0,0,4,0,7,30,31,40,42,20,0,9,0
43,0,0,33,27,0,0,32,0,0,0,16,0,0,0,0,32,180,0,17,21,0,0,0,0,2,0,0,0,4,0,0
6,0,26,25,0,0,0,0,28,0,0,0,14,0,0,0,110,249,0,9,0,0,0,35,1,91,0,0,18,0,0,0
0,0,0,0,0,0,0,18,21,19,55,33,57,20,8,0,104,70,13,8,0,0,7,18,123,191,1,0,3,0,0,11
0,0,0,17,0,0,12,186,31,0,0,0,18,15,22,0,3,27,0,0,1,0,34,0,214,146,14,1,38,0,0,0
0,0,5,19,10,0,55,251,201,2,21,0,29,0,19,0,0,28,0,0,0,0,36,15,205,57,49,0,35,19,23,0
48,0,0,76,0,0,49,218,139,26,10,65,44,4,40,17,0,5,25,31,5,0,1,24,47,0,0,11,0,0,10,6
46,17,4,4,0,0,39,118,229,53,0,28,1,3,16,0,0,35,0,3,0,7,47,0,0,0,2,0,7,5,0,0
0,0,0,11,0,60,0,7,0,213,0,0,0,33,32,0,0,41,5,2,3,14,0,17,12,12,62,0,0,0,0,23
87,0,20,16,0,0,0,70,0,172,0,0,0,9,0,0,0,15,16,22,0,0,0,0,0,22,0,0,0,0,0,204
0,4,1,0,5,28,0,0,0,0,6,21,8,27,0,0,2,22,0,0,24,3,0,0,21,12,0,0,0,0,96,23
34,3,38,0,28,0,41,12,12,8,0,0,21,26,0,3,5,15,0,22,7,3,0,0,25,15,0,4,0,2,222,62
0,32,8,2,10,0,0,0,3,13,0,0,0,22,21,0,0,0,23,36,28,13,4,0,0,5,0,7,0,112,38,0
9,9,0,0,0,16,35,0,30,0,0,0,8,0,15,13,40,0,0,0,0,10,34,0,7,0,20,0,233,170,17,0
57,21,0,0,0,0,0,0,0,0,53,34,0,0,0,18,0,0,0,0,0,12,12,16,6,0,15,75,131,50,0,0
0,0,14,0,0,0,0,11,6,0,0,13,28,0,0,0,10,0,0,0,13,25,10,22,0,0,0,0,155,8,2,0
0,0,13,30,0,0,0,60,8,17,18,5,0,29,20,5,0,0,0,18,0,16,0,0,0,24,0,0,0,0,0,0
0,0,0,49,0,0,0,41,16,8,0,0,55,192,196,40,0,0,134,0,0,47,54,36,30,3,2,0,0,9,0,39
0,0,112,243,109,43,11,0,5,3,0,0,51,193,196,41,37,66,146,168,114,119,114,117,97,21,0,16,10,0,7,24
0,0,87,37,80,68,20,9,33,0,46,0,0,196,191,83,51,26,253,35,0,90,165,31,0,3,22,0,23,12,1,0
0,0,0,33,196,252,0,0,2,21,0,64,0,0,39,133,29,0,0,32,17,4,0,53,9,54,35,12,0,4,0,0
0,0,11,39,112,191,80,17,0,8,15,0,36,0,131,130,0,0,0,0,0,148,120,170,230,168,22,24,4,0,0,26
26,0,0,4,0,0,0,14,0,32,0,0,0,9,185,37,87,0,6,0,0,74,46,121,215,168,5,0,0,30,0,0
4,0,0,22,0,5,0,3,0,7,30,31,0,23,38,127,4,12,6,13,0,172,31,249,1,216,11,9,0,6,0,5
29,0,0,0,0,0,11,20,1,12,0,0,0,130,250,127,246,121,0,42,169,137,98,131,33,109,5,12,0,5,0,0
0,31,13,0,56,9,0,25,0,0,20,10,219,189,155,150,78,142,114,73,104,221,196,196,187,46,0,0,0,11,26,0
12,2,18,0,45,29,14,0,0,0,84,105,26,197,98,34,1,184,230,176,83,197,191,191,158,89,7,0,0,9,16,3
14,0,0,0,0,7,0,0,0,0,0,226,236,96,35,169,123,0,132,16,130,74,189,195,66,26,11,9,2,0,0,0
22,11,0,0,19,24,0,0,0,4,14,0,88,30,246,197,228,58,215,190,192,191,194,197,112,32,33,0,10,21,14,0
0,0,4,21,3,0,48,20,26,0,0,25,0,177,7,163,10,91,29,119,195,82,216,209,11,0,0,0,24,16,29,43
0,0,0,0,0,0,0,1,0,0,0,0,1,22,167,4,255,22,198,179,223,164,119,18,0,0,0,0,0,0,0,22
19,31,0,49,0,0,0,0,39,4,43,0,8,11,10,0,63,40,170,0,0,0,0,8,0,36,0,0,0,0,0,0
4,0,31,0,48,0,0,7,0,1,0,0,0,0,6,10,24,218,0,0,7,0,0,0,2,4,0,22,29,19,13,0
75,0,5,38,16,0,0,9,6,0,53,39,0,35,7,0,18,167,1,8,0,0,10,0,12,0,20,0,0,30,0,12
0,35,14,22,30,6,0,18,19,0,0,2,1,10,0,2,124,220,0,6,0,3,7,14,12,71,9,11,21,10,0,20
25,16,2,0,67,25,0,0,12,54,0,17,13,0,38,8,68,76,0,0,3,0,0,29,50,129,0,0,0,39,1,16
0,46,0,45,3,0,14,139,36,0,22,33,29,0,5,0,18,0,0,9,0,0,0,21,170,116,0,0,0,25,48,0
24,12,12,0,16,4,0,188,159,0,33,0,0,12,0,0,0,0,0,0,13,19,32,0,123,69,0,0,15,7,0,10
12,0,12,2,0,0,0,30,112,9,31,0,0,37,0,28,0,35,0,0,0,0,19,24,0,31,0,0,0,23,0,11
18,0,0,10,0,0,0,192,32,34,0,0,0,0,0,16,0,0,4,2,7,16,12,0,3,9,0,0,7,0,0,0
36,0,0,0,0,0,26,2,17,192,0,0,0,0,0,35,0,0,0,4,0,0,0,4,0,9,23,43,0,0,0,5
18,26,45,19,1,23,42,6,17,146,21,0,21,26,4,31,0,14,18,10,0,21,4,0,0,0,7,0,35,11,0,46
6,0,0,24,16,0,0,0,63,0,31,7,0,0,3,0,0,0,0,26,22,0,18,8,0,13,0,5,0,0,146,207
24,33,29,0,16,14,0,0,12,0,12,50,0,14,0,32,0,0,14,4,24,0,41,0,7,28,0,0,0,19,146,108
0,0,2,14,0,0,0,15,0,0,21,24,33,0,27,0,0,0,0,48,0,9,0,0,0,25,0,24,0,89,137,20
0,0,0,3,0,0,0,14,4,17,0,0,0,1,0,5,5,0,17,0,37,0,0,0,0,0,24,1,252,241,3,19
41,0,0,0,0,0,0,0,15,0,56,28,1,0,7,0,3,13,0,35,0,0,2,0,0,7,45,69,215,21,0,3
44,55,18,0,54,0,0,0,2,0,8,0,0,6,14,0,0,0,27,21,0,0,15,13,0,27,0,212,166,0,22,24
6,0,0,11,0,0,9,0,11,9,0,0,0,25,0,2,0,0,0,2,0,24,0,7,0,0,0,0,3,0,0,0
12,0,21,5,0,0,0,8,2,0,0,0,62,188,192,42,0,3,94,27,1,36,42,40,3,24,0,0,5,23,11,14
30,0,161,19,90,34,6,12,0,0,0,16,35,189,194,97,26,63,136,170,142,127,96,67,74,40,0,0,0,0,0,16
0,0,69,177,102,49,19,0,0,16,0,0,48,207,192,61,76,30,248,47,74,119,153,56,42,75,0,7,5,59,23,22
84,6,0,151,195,76,0,0,0,37,0,0,35,22,57,164,33,0,35,15,0,0,50,20,107,5,0,63,35,0,0,0
0,29,33,0,20,117,138,18,2,29,22,0,1,1,125,166,0,13,0,12,0,80,94,115,198,167,4,32,0,5,19,0
40,0,0,0,9,0,0,0,0,6,34,0,0,42,218,55,125,3,0,20,0,110,67,116,167,131,0,0,0,5,0,5
0,6,0,27,8,0,0,0,0,0,1,20,0,0,29,69,254,0,10,16,14,143,52,230,248,231,0,0,0,0,0,34
0,44,0,0,0,0,24,0,1,11,35,0,0,70,244,181,26,4,55,30,152,131,79,70,253,52,14,15,13,18,16,11
10,0,5,0,14,0,0,0,24,0,51,30,186,221,132,128,96,135,112,69,15,181,181,192,188,204,9,7,13,27,0,10
14,0,16,1,0,16,0,21,0,1,87,78,242,194,101,144,250,195,222,139,94,185,103,195,157,7,51,0,1,1,5,14
8,0,13,0,35,0,9,26,0,37,33,214,24,123,34,205,148,243,152,56,124,246,195,195,168,39,0,0,4,8,0,0
7,0,0,0,26,39,21,0,0,16,0,0,65,29,251,188,242,81,210,200,188,197,196,190,65,25,0,27,0,0,0,0
0,12,6,0,0,0,42,4,0,0,0,9,0,184,12,195,60,119,50,109,196,48,242,208,3,0,0,13,0,4,0,0
30,0,0,0,0,0,23,0,0,0,13,10,13,13,236,3,255,22,169,220,189,165,97,6,5,0,0,0,0,0,5,0
0,0,0,62,22,0,33,37,0,18,0,0,16,25,0,32,89,56,208,12,0,3,20,0,27,22,15,26,16,0,0,45
0,0,9,0,2,0,0,0,0,35,0,0,31,7,44,0,28,207,0,23,0,9,0,0,9,0,0,28,0,0,1,0
0,0,1,24,0,0,0,44,55,0,50,30,0,0,4,4,41,196,0,0,0,0,39,14,16,0,25,16,20,21,0,0
60,0,33,9,23,0,34,0,3,27,0,0,3,7,0,5,170,11,0,0,0,9,4,5,20,122,28,0,0,0,0,12
39,0,1,0,0,23,0,6,0,0,0,29,20,13,0,0,49,47,0,0,14,0,13,0,139,185,0,0,19,5,6,0
0,34,1,0,0,22,3,53,23,23,0,0,14,0,0,26,21,0,5,21,12,0,58,5,128,197,0,4,0,41,31,30
0,0,0,4,0,9,0,136,144,65,0,0,28,44,2,0,3,0,5,0,0,9,49,37,151,37,0,0,24,33,0,0
48,40,0,0,0,14,3,239,85,47,0,0,0,0,2,32,0,0,0,0,0,0,0,26,8,0,53,0,46,0,29,6
0,0,18,1,25,0,19,139,10,92,25,0,0,30,11,0,0,0,16,11,22,21,44,6,0,22,0,0,18,3,17,0
0,50,0,8,7,57,0,0,60,203,0,0,19,48,26,0,14,7,19,7,0,0,0,0,7,4,0,0,0,0,0,35
9,0,0,0,43,2,5,38,82,113,0,46,0,0,0,30,0,31,4,6,0,0,46,0,19,22,0,0,0,0,0,13
32,13,0,0,42,0,33,0,33,1,19,22,0,0,0,0,17,13,2,5,0,44,0,0,7,0,0,21,0,0,160,144
0,1,41,0,0,0,41,0,37,0,59,2,0,0,4,3,0,0,0,0,0,24,0,0,2,0,11,29,12,3,68,85
0,17,5,16,13,11,0,0,0,19,0,0,1,13,9,0,16,0,13,4,6,26,21,12,8,19,0,0,1,161,8,31
0,13,0,0,0,18,0,36,6,2,29,0,77,33,23,0,0,10,5,24,0,16,0,13,0,0,3,3,182,9,0,0
8,5,0,0,45,0,19,9,22,8,25,5,0,15,10,0,35,24,2,1,3,10,4,0,4,5,0,56,51,86,15,17
0,0,0,13,2,0,10,5,2,0,83,0,10,9,0,8,0,11,15,0,0,0,16,0,0,9,7,9,143,27,0,10
0,0,0,11,0,0,37,28,20,1,68,1,12,0,0,0,0,0,0,0,0,17,0,0,9,0,3,4,0,0,6,68
0,0,1,14,0,27,0,10,16,0,59,22,85,187,191,16,0,0,75,0,10,29,68,31,16,8,0,31,0,0,0,31
0,3,154,27,110,23,0,1,2,0,1,0,0,180,194,83,53,87,82,153,85,98,60,75,66,21,0,7,29,0,11,70
0,45,48,250,75,51,7,1,24,0,68,55,20,239,191,39,115,46,55,51,55,90,92,72,19,87,9,26,31,0,0,0
9,2,29,171,195,67,19,9,0,1,0,0,0,13,54,98,5,0,0,8,3,20,1,51,144,0,0,0,0,3,5,7
0,0,8,0,0,16,102,0,25,0,46,58,27,0,155,105,0,26,0,0,23,132,126,146,236,208,41,8,3,0,0,0
46,0,2,16,16,14,2,9,0,0,0,7,0,24,206,42,133,0,10,12,12,134,74,108,206,153,0,0,16,9,0,23
0,0,0,3,5,20,0,10,0,0,0,0,0,21,43,66,19,28,0,24,33,48,2,214,208,13,0,0,0,9,0,29
55,0,16,0,0,8,4,30,6,3,12,0,33,76,174,208,26,238,8,0,159,100,74,86,18,48,16,32,0,0,0,0
0,0,0,1,0,0,0,0,0,18,0,0,197,200,91,78,72,85,70,49,22,255,116,192,188,207,38,0,30,20,0,0
14,0,35,22,61,0,5,25,0,0,88,60,245,185,64,201,226,174,219,106,48,187,96,196,106,24,0,0,0,35,0,0
38,1,7,0,19,12,0,6,0,6,0,211,233,118,7,117,133,5,46,32,66,230,195,189,214,31,0,0,0,0,0,2
0,3,0,27,0,6,0,33,0,1,42,14,68,7,0,197,238,52,225,192,192,191,195,197,48,14,42,25,3,5,10,0
0,26,0,1,0,21,23,0,33,9,0,3,54,173,29,189,49,104,23,65,196,46,192,177,16,0,21,0,0,0,0,0
7,0,0,0,0,1,21,0,44,0,0,5,0,14,173,119,156,12,137,163,166,181,131,10,0,5,0,11,43,0,0,0
0,0,0,16,43,0,0,0,0,9,0,4,25,29,40,78,87,69,158,6,17,0,0,22,0,38,18,14,29,25,0,0
8,13,4,0,34,0,0,35,44,0,27,0,16,5,0,0,245,191,0,25,0,22,0,0,0,10,27,3,0,0,49,0
29,2,4,0,0,1,0,0,3,0,0,0,3,0,0,0,25,114,0,18,7,0,0,2,0,0,0,0,0,1,0,0
39,27,51,46,0,0,7,35,0,0,18,38,2,0,3,41,144,246,15,0,29,16,0,0,42,119,0,0,0,54,18,0
8,30,52,0,0,0,0,0,0,14,0,0,0,0,0,26,61,32,2,12,20,0,23,0,136,188,2,0,51,13,27,25
0,63,0,0,7,0,0,97,54,0,0,25,5,0,0,3,0,0,5,0,8,36,0,16,182,170,23,0,0,0,14,0
0,0,14,0,16,0,0,101,176,0,4,0,0,0,27,0,0,0,0,9,13,4,28,0,130,21,40,0,7,0,12,0
31,18,20,0,0,0,0,189,92,30,28,0,0,63,0,20,8,0,5,49,11,0,17,10,0,28,0,17,0,0,0,11
0,83,0,0,0,6,30,85,16,89,0,0,43,3,16,0,0,2,42,32,0,0,0,0,10,20,0,13,55,0,12,0
0,55,0,6,6,0,0,0,26,206,33,0,32,22,22,21,0,8,0,41,19,3,27,0,0,0,21,0,0,0,15,0
48,0,13,3,0,3,0,0,0,170,2,0,3,0,15,17,0,0,0,0,20,16,24,4,3,0,30,0,0,0,0,218
43,31,40,10,21,14,23,20,8,14,6,0,0,30,0,0,22,18,5,11,14,21,6,9,2,3,0,5,0,0,180,147
58,4,49,0,39,0,7,27,0,32,0,28,41,38,9,4,55,20,16,3,0,0,10,6,0,14,17,7,14,16,118,49
0,0,3,13,0,37,0,9,1,19,0,16,0,15,5,8,17,5,0,0,0,0,16,14,0,0,10,22,13,0,255,0
0,12,0,7,2,0,0,0,12,4,31,7,48,25,29,17,0,0,0,0,0,0,0,18,16,8,19,0,24,215,0,0
69,16,20,5,0,0,6,0,18,0,0,0,50,25,0,0,8,9,0,20,0,0,24,12,14,36,0,50,10,4,0,0
84,0,25,0,0,10,0,0,0,48,0,2,18,25,24,0,37,4,0,46,0,6,0,52,9,0,16,89,180,0,0,0
0,4,0,31,24,0,0,0,0,27,16,0,25,0,10,48,6,8,0,0,23,3,0,0,0,0,0,23,21,18,0,0
0,38,36,23,12,0,23,0,27,16,54,0,82,195,197,58,27,2,125,49,16,41,38,31,0,36,0,38,6,26,0,0
22,1,99,22,122,47,1,0,19,0,47,1,36,196,197,125,86,67,136,187,99,103,97,93,73,26,21,0,0,0,0,0
36,31,26,234,158,124,0,0,0,30,23,0,11,237,197,90,147,1,32,66,45,120,162,67,0,75,0,0,20,15,16,35
62,0,23,171,191,87,25,10,6,4,0,0,7,0,51,148,5,2,18,0,0,6,1,56,105,51,0,0,0,4,0,11
0,3,0,0,61,144,66,0,12,9,0,13,20,1,161,86,0,0,22,14,0,187,119,109,244,152,10,0,0,12,0,0
23,0,0,0,12,18,22,13,0,19,30,0,0,20,156,57,136,7,0,5,0,164,31,62,211,132,0,5,0,0,17,11
10,3,15,0,27,55,10,0,23,0,13,0,0,10,25,97,26,3,41,0,44,51,4,238,0,19,0,0,0,3,0,40
24,23,0,0,48,0,0,0,10,22,41,32,0,94,94,144,208,132,0,15,155,159,70,133,31,56,0,0,0,16,9,34
17,6,0,0,5,0,0,8,14,11,0,20,252,165,93,124,59,16,82,74,36,185,189,195,197,232,0,0,17,0,16,0
21,0,3,6,0,16,34,34,0,0,86,105,93,197,76,141,221,105,140,58,236,197,89,191,137,20,2,12,0,38,0,0
39,0,0,40,0,0,26,0,23,0,0,216,181,141,221,89,166,252,37,53,72,250,196,186,21,22,8,2,0,0,0,10
35,0,0,13,16,0,14,0,0,0,5,7,72,27,245,196,228,48,175,223,196,190,193,197,71,29,0,0,0,2,0,0
0,3,0,0,12,0,24,33,0,22,0,5,0,168,241,156,47,59,86,93,192,36,181,99,0,1,0,0,9,0,27,5
0,0,0,20,0,0,0,0,0,8,0,0,0,0,224,208,219,26,203,242,162,211,105,10,14,3,0,6,50,0,19,31
0,20,0,0,0,17,11,0,0,0,26,0,16,9,31,75,94,86,34,0,8,0,13,20,0,0,19,0,6,9,13,0
33,18,15,0,0,0,11,0,7,25,0,17,0,18,30,0,22,227,2,25,0,4,0,25,0,4,0,0,8,0,25,16
0,0,3,0,0,0,25,13,12,21,0,28,49,0,12,0,38,119,8,19,0,0,0,0,0,0,21,23,0,20,0,0
34,0,7,30,31,0,39,0,17,4,72,16,0,30,16,0,149,48,0,0,14,0,0,19,125,136,0,32,0,0,0,0
0,7,27,19,79,0,62,31,47,0,6,36,0,0,4,2,46,58,40,28,25,0,0,0,158,188,0,1,0,0,0,0
41,0,39,0,2,20,0,125,48,1,0,0,0,3,0,0,0,0,0,2,5,5,0,0,213,133,0,0,14,8,0,0
33,6,39,8,37,4,40,45,173,0,40,4,20,8,0,12,19,0,0,0,0,0,26,13,159,77,0,0,19,17,17,0
80,0,3,24,0,0,19,182,78,21,0,15,0,0,0,46,7,29,0,0,20,10,0,0,32,10,41,0,40,0,0,0
46,54,0,0,0,0,0,101,210,134,0,0,0,37,9,1,8,0,0,3,14,0,1,11,0,0,0,0,0,16,19,44
0,0,0,0,3,0,10,0,16,218,0,31,0,25,4,0,4,0,0,0,9,10,19,0,9,0,0,0,0,11,0,14
51,12,7,16,14,0,0,2,26,151,38,9,32,27,10,5,0,15,0,0,26,19,0,0,0,0,0,0,0,0,0,237
57,38,20,26,23,0,25,23,0,0,0,0,0,9,0,24,13,0,25,7,0,1,37,12,20,31,30,0,31,0,162,190
0,34,0,0,39,0,0,1,0,9,0,0,26,0,1,0,0,14,0,5,10,0,2,0,26,0,53,0,2,7,143,2
0,0,30,0,28,23,0,0,2,24,0,3,0,1,0,40,0,54,0,0,0,0,0,31,0,20,0,19,12,200,32,0
50,16,0,28,0,0,26,0,17,27,0,4,12,0,29,0,15,0,11,16,0,13,0,11,0,0,0,0,194,183,7,6
0,27,0,18,0,19,0,1,0,0,0,27,0,0,16,24,0,24,6,0,11,7,0,0,0,24,18,74,249,16,0,21
30,13,1,0,17,9,19,0,0,0,9,9,6,27,32,0,0,26,16,1,0,0,11,0,15,0,16,138,135,58,21,18
19,0,13,0,5,21,8,17,16,0,0,22,18,18,9,7,1,0,0,0,0,0,0,0,0,10,0,1,0,7,0,6
34,0,7,64,21,14,0,0,13,6,30,18,57,190,194,37,38,4,161,42,12,47,67,23,8,0,0,56,0,17,0,0
0,0,121,17,101,0,7,0,0,0,0,40,2,191,195,108,82,116,186,134,130,85,82,140,69,24,0,0,1,10,0,48
0,0,42,255,158,130,5,0,10,23,67,37,0,0,194,58,64,24,20,0,78,138,140,75,58,69,53,0,21,0,15,0
63,13,0,148,197,37,0,13,22,8,45,2,24,0,14,170,31,0,0,13,0,0,12,87,144,66,0,0,0,0,0,31
0,12,37,3,30,167,52,1,0,10,7,0,26,2,121,52,0,0,7,0,14,197,137,116,243,152,24,0,0,0,0,0
3,0,2,0,0,0,0,20,26,12,0,13,0,5,145,66,144,0,5,5,0,148,140,112,137,178,4,17,0,0,0,0
0,0,48,55,0,0,3,0,46,14,67,0,11,0,12,70,23,0,0,0,0,4,239,231,65,205,0,0,0,0,0,70
0,0,15,13,0,0,23,0,0,0,0,14,6,56,58,103,11,152,51,9,145,163,82,71,13,28,17,0,0,2,10,3
0,21,2,19,49,30,34,27,0,0,6,0,16,1,96,138,77,30,109,45,21,215,197,191,188,151,25,21,23,0,0,0
35,21,28,16,0,31,41,0,32,0,21,99,199,194,141,98,230,166,187,129,42,185,169,195,93,36,4,6,19,19,11,0
0,0,18,0,0,8,8,0,0,0,12,71,227,94,100,55,137,21,51,29,35,23,190,196,18,43,5,6,6,0,14,32
0,16,0,21,0,3,22,0,0,24,20,0,84,1,11,197,248,60,187,210,176,190,193,197,77,17,21,0,12,14,0,0
7,0,0,7,18,11,0,0,0,2,0,0,16,174,254,146,48,74,59,106,190,48,206,123,1,6,16,9,3,0,6,5
0,0,0,0,21,23,0,22,0,0,0,24,0,18,220,164,204,5,68,211,150,211,127,5,0,0,0,9,12,0,0,40
6,18,5,1,0,9,0,0,0,0,0,0,0,0,20,28,101,81,226,6,12,0,0,20,0,10,0,0,11,0,6,0
0,3,29,2,0,10,0,16,0,45,56,0,31,5,1,0,30,194,0,0,0,24,45,10,29,14,68,65,5,0,26,0
49,0,20,5,19,0,0,0,7,0,23,0,31,0,17,0,71,85,13,24,2,0,6,9,9,0,0,0,50,0,0,47
0,19,0,29,0,16,22,31,0,0,33,22,11,28,13,26,157,52,18,12,16,0,5,20,84,126,30,38,3,7,0,5
1,0,10,0,0,32,0,19,4,23,0,0,0,0,0,11,75,76,0,27,31,0,0,0,131,230,0,0,0,0,0,3
0,0,0,30,0,0,0,114,16,0,0,19,0,0,0,23,0,0,0,0,0,40,0,6,211,134,0,0,0,0,0,25
0,0,0,0,0,0,0,36,116,0,9,0,38,11,31,0,38,0,0,0,20,0,0,25,176,72,2,5,0,0,0,0
0,0,0,0,0,0,0,208,100,11,0,0,41,24,0,0,0,7,0,0,30,0,12,0,12,29,0,16,6,4,12,17
63,39,0,4,0,0,0,152,16,77,4,28,37,0,0,0,5,4,23,50,6,0,0,6,0,2,0,0,0,0,0,0
73,0,46,27,8,0,0,27,44,219,76,0,55,0,3,20,0,0,0,0,0,35,13,0,9,0,41,28,0,0,0,8
0,0,0,35,6,0,3,0,5,108,21,3,83,0,69,0,18,0,9,16,34,13,7,11,0,4,6,0,0,40,22,203
67,0,0,8,18,0,59,7,32,7,0,0,0,0,0,0,0,0,22,11,0,0,0,8,0,16,0,0,0,0,180,168
40,2,23,2,18,9,38,0,0,0,0,0,17,4,0,5,10,1,10,31,0,0,9,1,18,0,0,0,9,0,125,133
0,23,10,0,28,45,0,34,0,0,0,0,11,0,37,0,23,2,23,64,0,0,0,0,0,0,53,24,32,242,10,49
0,0,0,15,19,0,1,0,26,10,43,0,27,49,9,0,0,0,11,0,0,1,33,0,10,0,0,0,184,243,0,0
23,9,11,13,0,0,0,2,0,0,11,0,0,48,9,0,6,7,0,11,0,0,4,6,6,11,12,58,65,39,0,0
3,0,0,11,0,0,0,0,0,0,0,0,24,0,23,56,0,0,36,0,7,22,0,0,14,0,0,176,111,2,0,0
26,34,0,0,50,0,3,0,0,1,0,33,26,21,17,0,0,40,18,0,29,24,0,0,0,5,0,0,0,16,36,0
3,16,12,0,0,38,69,0,0,14,32,13,96,189,193,65,56,0,186,44,53,28,35,33,0,23,0,25,21,0,14,6
25,17,95,237,115,29,38,0,0,0,13,29,0,197,187,83,41,111,185,201,109,127,76,80,90,8,0,25,49,0,0,0
0,2,72,37,127,125,18,11,0,0,16,65,0,3,186,83,176,29,17,74,63,83,131,38,11,76,14,24,0,2,0,0
59,77,9,132,189,192,0,0,0,0,0,0,34,0,41,209,24,12,0,0,6,0,20,86,117,32,36,0,41,6,0,0
0,39,0,0,26,130,29,0,0,10,0,0,0,7,183,63,11,0,0,23,0,198,92,116,173,159,0,0,2,5,6,0
0,0,0,13,0,13,14,0,0,14,17,0,16,1,176,33,183,20,0,9,0,170,95,117,179,135,16,27,0,5,17,12
0,0,0,5,0,0,25,0,7,0,65,0,10,1,251,23,17,7,4,17,6,31,4,235,17,217,16,0,21,0,13,5
21,12,44,0,24,0,0,0,0,14,0,0,11,88,76,96,26,168,29,0,159,152,50,57,9,49,0,27,57,33,12,0
0,6,30,19,40,0,29,6,0,0,0,0,26,12,57,119,86,36,114,93,13,194,182,190,192,8,0,2,0,0,0,5
0,0,21,13,16,22,5,25,0,0,87,103,254,189,106,38,232,117,229,60,13,190,123,197,133,49,21,2,0,0,0,13
33,13,0,22,25,11,0,0,0,8,0,48,14,94,87,102,177,221,253,76,14,250,195,196,233,5,0,0,3,0,4,27
0,0,0,0,3,0,30,22,21,0,38,0,154,13,31,189,221,58,205,231,176,197,193,191,106,35,38,30,22,0,0,0
0,2,4,0,15,0,25,4,40,0,22,14,41,204,9,87,62,72,58,92,195,46,192,220,52,4,0,0,14,7,28,0
0,0,2,14,0,0,14,0,0,0,21,1,6,0,189,156,197,255,121,230,185,216,139,0,0,0,18,0,25,0,0,8
24,0,0,0,0,0,0,9,0,10,22,23,0,0,13,86,84,50,248,23,43,0,27,4,0,0,8,34,0,21,22,6
0,0,13,0,0,7,0,39,27,12,0,40,34,0,0,0,228,204,0,3,10,2,0,10,0,0,0,0,0,0,0,0
0,17,39,12,0,0,0,25,24,0,10,26,0,15,28,0,17,142,0,0,7,0,0,8,11,19,29,0,0,0,0,0
0,37,0,0,0,0,0,0,7,3,0,0,0,0,0,0,170,251,0,0,17,5,26,9,80,109,3,16,0,0,0,19
0,0,29,0,20,0,0,35,23,0,0,16,0,0,38,15,120,92,0,19,3,0,11,0,131,9,12,0,0,0,2,0
0,0,5,1,0,0,0,129,20,0,0,0,0,0,6,0,0,22,15,0,3,4,0,1,208,134,0,0,9,6,0,12
0,0,8,0,0,2,12,52,190,0,0,4,0,18,0,26,0,0,0,10,9,0,0,0,188,101,33,49,20,1,4,0
0,63,0,0,0,0,3,201,131,32,0,35,16,0,0,7,0,0,0,10,36,28,4,0,32,0,0,0,12,0,16,38
28,0,54,14,0,0,0,113,210,69,0,52,0,24,42,0,27,0,23,0,53,0,40,30,8,14,0,0,0,0,0,34
0,23,37,2,3,12,11,0,0,184,28,22,0,39,14,4,0,0,2,0,0,0,20,0,0,0,0,25,0,0,0,20
0,0,0,0,35,0,0,4,0,163,0,30,7,0,0,20,0,21,13,3,25,0,0,10,0,0,33,0,11,9,0,148
0,21,0,0,0,0,0,11,14,1,16,21,16,0,20,0,14,5,0,4,0,4,0,11,0,1,0,27,19,5,167,171
0,4,0,1,0,0,2,0,5,0,16,0,29,0,41,48,0,10,0,23,0,29,0,0,16,17,39,33,0,0,163,91
55,0,54,0,22,0,0,7,8,0,0,6,5,9,11,0,32,9,30,0,16,22,28,15,24,3,15,32,40,222,7,20
5,0,18,22,9,26,0,12,27,0,0,51,0,0,11,0,0,0,23,11,24,26,14,18,27,10,6,0,206,195,0,0
31,0,0,8,17,2,43,0,10,0,26,0,0,0,0,2,2,0,0,0,0,0,0,0,0,3,30,131,7,0,8,25
0,0,0,14,0,0,0,14,13,16,0,0,0,40,0,0,0,0,0,0,3,31,0,9,0,0,24,97,63,36,0,26
36,12,37,10,18,0,49,6,21,12,0,9,0,8,0,17,24,2,8,0,25,12,3,0,0,0,23,23,0,14,0,0
1,0,21,17,0,35,0,9,40,0,14,0,24,193,197,54,25,7,153,0,24,3,11,21,0,0,0,11,0,36,7,20
4,8,106,237,126,33,0,41,14,21,23,10,25,195,197,120,47,70,142,159,89,108,97,131,82,18,0,8,8,36,8,1
0,0,235,98,121,60,0,3,0,0,0,0,0,144,195,137,113,16,46,55,102,118,163,0,75,85,38,2,0,0,25,0
0,0,1,113,195,229,0,0,8,43,68,0,28,7,4,153,3,3,0,0,0,0,42,61,122,48,0,2,11,3,0,0
0,0,0,16,82,21,49,0,26,1,0,0,5,8,168,71,22,8,0,0,0,186,129,72,220,165,0,27,0,0,0,43
0,43,0,10,0,13,31,2,0,11,18,0,16,2,193,10,96,23,0,0,0,167,8,106,161,187,20,16,17,5,0,0
0,0,1,0,40,40,0,0,0,22,30,0,10,0,7,0,6,30,0,0,0,51,232,21,42,199,0,0,29,22,31,46
0,26,23,43,53,0,6,34,0,0,11,21,0,29,51,94,36,175,18,0,160,123,98,114,241,35,0,0,21,0,29,28
0,0,9,14,34,0,9,33,17,11,0,0,229,245,38,123,0,16,85,52,2,231,153,195,197,212,0,1,10,0,12,1
0,0,0,12,10,0,6,7,0,10,38,112,204,193,55,33,225,139,158,71,8,185,151,195,172,98,15,0,9,23,0,16
0,0,0,0,51,5,29,13,9,16,0,242,12,52,229,178,146,233,233,22,62,238,190,195,6,6,22,13,0,21,0,67
16,0,0,0,5,21,7,0,27,16,57,0,115,3,4,191,210,25,182,208,112,195,197,185,78,18,39,0,0,13,0,0
0,0,0,0,0,17,0,4,0,1,13,26,0,177,224,135,48,255,48,104,194,242,181,5,7,17,1,0,14,0,9,0
0,30,14,8,11,0,14,0,0,14,0,0,18,30,166,103,181,255,48,235,185,219,107,40,4,6,16,0,0,24,6,36
0,0,0,26,0,53,61,0,7,8,15,0,13,8,4,9,101,79,31,16,0,0,0,0,21,0,2,11,9,3,15,0
33,17,0,23,5,7,18,16,14,0,24,14,0,3,17,25,206,219,0,0,0,0,0,0,1,0,0,28,26,8,0,11
9,0,17,3,24,22,0,9,0,10,0,16,0,25,5,0,12,124,0,0,8,0,11,0,0,12,19,11,16,26,37,0
0,0,23,10,45,30,25,0,31,0,12,33,0,1,0,0,161,50,0,0,16,0,0,20,73,134,0,4,0,0,0,0
0,0,10,10,0,0,18,0,1,0,0,0,15,2,0,30,93,71,15,3,16,0,9,16,135,234,0,0,0,0,17,14
64,0,0,0,0,0,0,106,25,4,40,25,31,0,0,14,4,2,0,0,20,0,0,0,218,121,0,0,34,0,18,22
0,0,13,22,7,19,0,60,203,0,0,43,0,0,0,48,0,0,0,0,24,0,22,0,187,91,0,21,60,0,0,41
41,85,0,0,0,0,0,183,116,82,0,0,23,36,0,27,0,18,0,0,0,21,2,13,32,0,30,0,39,22,22,13
29,0,0,0,0,21,0,120,19,121,0,0,22,22,55,0,4,0,43,33,0,0,25,0,0,0,0,0,0,9,19,0
0,0,0,0,24,10,0,0,6,131,3,0,0,16,0,0,24,10,26,0,0,23,36,16,9,2,4,0,6,12,0,0
1,19,11,21,0,10,70,45,41,152,0,7,28,0,7,12,0,25,0,0,0,4,0,1,0,0,34,0,10,25,0,150
0,0,0,13,0,0,0,0,0,29,0,0,0,12,12,0,10,0,6,0,0,0,0,31,12,0,50,0,18,26,176,185
8,36,0,0,0,0,0,11,18,0,0,0,0,0,0,0,0,8,0,0,3,39,0,5,5,0,14,0,6,19,133,115
0,0,20,0,0,0,72,18,10,0,0,36,22,0,23,0,17,0,54,0,40,0,0,0,0,0,0,13,27,221,7,4
18,0,0,0,0,24,17,0,0,43,3,3,0,0,0,0,0,0,8,0,16,0,0,0,0,32,2,12,199,192,16,15
0,22,0,0,38,9,36,0,52,0,8,51,26,0,0,3,0,24,47,14,34,13,68,0,29,0,0,52,53,9,0,0
0,31,0,2,0,0,17,0,9,0,0,5,0,23,26,18,23,0,0,11,2,0,0,0,11,0,39,108,12,0,13,58
4,9,0,0,15,0,0,23,28,0,0,0,0,0,16,12,0,0,20,0,0,0,0,0,0,7,28,0,0,0,3,1
0,0,0,17,25,0,44,42,0,0,0,62,77,187,191,47,15,31,170,40,9,16,0,22,30,58,0,0,0,0,10,16
0,0,92,201,94,4,22,0,0,15,55,0,0,187,191,233,24,61,149,154,81,87,38,144,54,26,0,0,0,29,71,16
0,22,49,14,196,99,7,0,0,0,0,0,20,200,197,43,91,9,19,132,65,106,136,33,0,73,55,22,11,2,36,16
0,0,0,118,196,202,0,0,1,39,0,8,0,0,212,176,0,0,3,0,45,0,21,66,65,12,0,0,0,0,0,0
13,48,16,0,44,246,88,0,0,0,63,44,0,0,156,6,1,37,0,16,30,164,96,68,229,192,0,0,48,48,4,33
0,55,29,0,78,44,0,0,29,0,0,45,0,0,172,178,82,0,50,54,61,182,48,74,93,192,0,0,0,0,0,30
3,39,51,0,0,6,8,0,0,0,0,28,0,7,211,11,212,21,8,0,0,68,188,218,16,182,8,3,45,80,0,5
7,0,0,13,0,0,0,0,0,0,15,0,0,80,244,31,16,119,28,0,138,142,80,121,251,31,30,0,0,0,0,0
0,0,17,0,0,24,0,0,4,14,12,32,198,229,43,133,29,41,112,125,242,233,120,190,192,241,0,0,16,0,0,45
0,14,0,0,0,12,0,24,0,17,59,97,194,187,56,33,183,101,206,110,18,187,161,196,112,71,0,0,0,9,16,44
0,4,0,0,0,21,8,0,3,2,0,195,244,246,222,145,150,2,254,37,44,206,196,188,22,1,0,11,0,0,0,0
2,13,14,6,0,26,9,0,0,13,0,23,61,24,5,196,200,24,171,210,166,189,193,197,47,23,0,11,0,17,8,3
22,5,0,0,1,3,33,27,25,0,5,0,0,177,166,99,31,65,44,63,195,0,182,29,34,0,0,13,15,6,0,0
9,0,6,32,24,0,0,0,0,38,0,0,0,23,151,78,162,186,37,240,181,6,143,0,0,2,6,0,0,9,0,16
0,0,11,7,5,3,0,39,12,32,0,0,22,5,23,57,137,53,14,0,10,16,10,1,0,22,0,25,0,0,0,0
0,9,16,2,0,0,9,65,25,0,66,35,9,8,10,0,18,237,37,16,0,13,5,0,0,8,74,43,4,0,26,0
14,22,0,8,0,8,7,18,0,5,20,0,0,0,10,0,33,122,10,9,0,12,0,0,1,10,11,0,0,14,0,16
9,0,0,40,0,3,2,0,0,0,0,35,0,0,0,4,189,17,0,0,1,28,0,29,68,140,7,1,0,0,0,0
42,33,0,0,19,20,0,0,4,42,9,21,0,0,0,17,72,55,6,0,0,2,11,30,109,239,43,22,0,0,0,0
19,8,0,36,15,0,43,126,0,10,0,0,0,9,0,0,0,0,1,12,24,0,0,0,186,132,0,9,0,27,18,0
0,0,14,7,0,2,19,98,150,10,39,46,0,0,12,13,11,0,4,0,0,6,13,0,176,64,32,0,0,14,29,33
29,25,0,0,0,43,50,153,235,83,0,1,0,0,21,0,0,0,0,0,0,0,0,0,22,26,58,16,0,0,0,11
34,14,8,8,0,12,40,116,35,109,30,22,4,0,0,12,0,0,0,0,0,0,1,4,10,16,4,0,16,9,10,29
79,16,0,0,0,16,0,18,24,173,57,13,0,35,24,0,62,14,9,18,10,0,21,0,0,0,8,18,14,0,24,0
0,2,5,0,0,7,0,0,34,142,0,23,0,5,0,13,0,5,0,10,5,6,5,0,28,0,0,21,0,0,0,168
0,0,0,0,0,0,13,0,23,0,8,20,0,15,36,12,20,19,18,24,12,3,27,20,0,8,16,2,6,0,157,188
0,0,0,0,1,14,31,0,0,1,0,0,23,18,0,0,33,0,27,20,14,0,9,0,0,0,0,0,10,0,172,82
0,0,0,0,4,0,0,50,11,0,0,0,53,0,32,18,0,5,0,0,16,16,39,20,28,0,0,52,27,200,27,0
17,0,0,12,0,0,0,2,0,17,39,50,7,3,14,4,14,0,0,0,21,0,45,2,0,0,23,14,249,174,26,0
0,1,38,0,6,0,23,5,21,0,0,37,12,0,17,11,6,6,0,6,10,0,0,17,0,16,9,66,228,30,0,0
33,0,6,0,57,13,0,24,18,0,0,14,0,17,32,6,27,5,27,0,7,10,8,0,8,0,0,254,84,0,0,7
13,0,0,14,24,0,0,50,10,0,0,31,2,0,13,0,4,0,6,3,2,0,48,0,35,24,0,34,16,0,7,0
0,1,0,0,0,8,0,0,0,34,11,0,76,192,189,55,13,8,159,46,25,11,5,17,27,0,0,0,7,20,6,8
0,0,130,206,94,32,23,0,10,3,48,0,45,194,197,59,69,54,181,68,95,43,74,35,84,22,0,0,23,0,7,21
0,0,52,251,101,146,11,11,1,14,60,0,0,229,195,69,124,10,43,153,91,127,116,15,37,85,0,0,0,12,26,34
0,0,0,81,197,190,3,12,21,10,52,0,0,11,238,101,0,0,0,0,27,14,67,73,100,12,24,0,8,29,0,0
0,50,17,0,80,253,87,7,29,12,8,0,0,25,172,240,4,0,0,40,8,185,108,68,229,138,36,0,23,0,30,23
0,0,20,19,43,18,0,20,0,0,0,30,0,2,146,181,92,0,0,0,4,161,229,80,109,165,0,9,8,23,0,0
0,6,23,19,6,0,26,0,0,0,0,0,0,14,199,27,255,16,0,0,0,50,249,198,30,220,3,0,0,0,13,23
26,22,32,0,0,0,0,0,5,0,0,0,0,37,192,69,7,186,49,11,195,153,125,90,23,85,0,0,0,0,1,73
30,0,7,0,0,8,8,8,3,0,18,13,7,144,15,128,44,23,59,0,251,214,131,189,192,212,0,0,0,2,4,0
0,0,23,21,21,0,22,6,11,0,0,137,157,188,57,39,249,68,218,250,202,190,177,197,109,73,8,0,12,0,0,0
2,0,22,0,15,20,7,0,0,9,0,210,242,255,187,103,170,156,18,243,42,198,191,196,2,0,3,0,0,0,0,16
0,50,7,0,0,3,0,0,0,4,0,17,39,219,203,197,175,38,118,187,126,190,194,187,59,25,72,0,3,10,36,0
0,49,3,3,27,0,0,0,0,0,0,38,0,140,172,111,229,52,2,67,186,11,171,117,19,12,27,10,7,41,2,0
0,22,20,12,10,0,0,10,0,0,0,0,0,6,100,119,23,231,13,93,125,245,130,0,0,14,0,26,0,2,4,7
18,0,21,0,0,17,0,17,0,0,7,13,0,0,18,95,103,64,116,0,30,0,0,24,6,4,27,0,5,0,9,0
9,39,4,0,0,0,0,0,22,30,0,65,0,0,0,48,13,6,0,10,0,16,2,0,0,0,0,37,12,0,23,0
7,0,4,10,0,0,0,0,21,0,8,13,0,0,14,0,77,106,0,16,0,0,11,3,0,15,0,0,0,12,4,36
37,0,0,28,11,0,29,24,0,7,60,23,0,35,26,0,177,70,0,6,0,8,0,40,113,151,25,0,0,22,0,0
9,36,89,0,0,1,63,28,33,0,32,12,4,0,13,0,54,84,0,0,14,0,0,0,142,8,0,0,0,2,0,0
0,0,0,0,0,0,26,107,40,0,61,11,29,0,0,0,8,0,0,0,1,0,0,16,224,158,20,0,0,4,23,0
74,27,2,0,33,0,26,103,209,0,0,0,0,12,0,0,0,7,0,11,7,0,18,0,225,86,0,16,0,0,0,3
0,0,3,31,6,0,0,14,99,55,0,0,45,0,22,28,21,0,0,0,8,7,34,0,51,9,0,0,33,0,17,29
7,0,41,0,39,19,0,105,42,153,0,0,0,21,0,32,7,0,2,29,0,0,0,21,0,16,0,0,24,43,4,1
0,9,0,0,0,0,0,0,10,238,2,0,1,0,17,65,0,2,0,27,6,13,1,0,0,0,8,0,0,0,0,23
3,26,2,4,15,8,0,27,27,136,0,0,0,9,9,0,0,2,37,0,1,3,0,0,0,10,9,7,0,0,0,190
0,16,0,30,0,11,53,0,12,2,46,0,14,43,0,0,5,0,0,0,12,0,0,1,18,0,0,16,6,0,152,181
55,0,0,0,0,0,51,32,33,0,1,23,0,0,0,48,0,21,0,0,0,2,15,0,16,8,0,32,0,0,102,107
0,0,16,2,18,7,12,5,0,9,49,0,0,0,0,6,0,1,0,0,0,0,0,0,12,37,0,0,7,167,253,0
19,9,32,18,12,21,0,0,0,0,0,8,0,0,0,23,0,0,0,7,20,0,15,0,5,0,37,15,183,226,5,0
0,5,3,0,27,25,0,0,27,19,0,0,0,0,7,11,37,0,0,15,7,0,0,8,0,7,0,67,163,40,0,19
29,0,0,0,24,0,0,0,0,8,0,0,0,0,23,34,0,0,0,0,29,0,0,23,1,12,11,204,139,0,16,0
0,2,23,12,0,0,43,0,0,12,0,6,0,0,8,0,0,0,13,6,0,0,9,15,0,9,0,9,0,1,0,10
0,0,10,0,0,26,12,32,3,0,0,0,69,196,188,52,0,0,145,25,19,36,0,22,25,30,18,21,0,0,3,2
0,52,116,244,123,25,0,0,0,0,0,26,103,188,190,12,46,58,99,220,107,91,81,86,63,42,14,14,3,15,27,33
5,0,6,63,131,95,0,11,30,0,0,25,0,167,189,51,75,0,235,107,0,106,104,3,6,87,30,28,0,0,0,41
0,0,2,63,195,160,2,59,28,12,0,16,0,0,0,133,0,0,0,0,0,28,20,5,95,38,1,0,41,50,37,28
5,0,0,10,66,220,99,0,0,9,0,28,29,0,120,50,12,0,0,1,0,197,125,44,236,172,22,14,3,8,0,0
0,18,0,0,4,21,0,38,7,29,80,0,0,16,103,184,61,0,0,10,0,126,233,48,151,167,0,14,0,0,0,33
0,11,0,12,0,0,0,0,46,0,0,2,22,40,144,45,212,0,0,0,0,109,236,216,11,211,0,41,0,20,0,17
12,13,0,2,0,6,0,5,0,0,0,5,0,23,182,8,20,255,3,8,162,161,83,101,253,42,0,3,0,31,0,20
0,6,0,46,0,57,0,19,0,0,33,16,36,176,82,150,35,28,127,0,35,144,191,196,197,5,0,6,0,0,0,12
0,25,0,0,14,9,0,7,26,10,100,12,153,195,31,43,1,116,203,0,254,196,185,189,115,53,0,0,8,29,0,0
0,0,1,0,46,0,42,18,1,0,0,198,254,252,214,180,143,184,16,255,77,239,189,194,56,13,0,0,0,28,21,19
47,0,11,0,25,0,0,0,0,12,0,81,31,219,212,197,209,8,142,225,186,190,193,197,103,67,0,27,0,28,3,28
0,0,25,36,23,30,26,0,14,18,53,5,0,176,228,142,7,48,16,19,187,45,196,31,20,29,6,0,7,14,16,8
0,12,9,0,36,0,0,0,20,25,44,0,6,5,207,127,87,227,23,221,161,242,183,0,20,0,0,0,0,0,0,0
11,0,0,5,55,29,0,0,0,13,14,0,20,0,0,83,115,22,199,23,0,33,0,0,43,0,9,19,9,0,0,40
42,0,0,0,0,16,0,34,0,9,63,12,0,0,10,4,17,254,0,0,39,0,0,6,0,0,0,0,1,0,0,0
37,21,6,0,27,0,54,46,19,0,0,24,0,0,0,59,63,88,32,9,19,0,0,0,30,0,54,0,0,0,0,0
0,10,0,0,0,10,0,16,3,0,0,0,6,0,1,14,149,16,14,0,21,0,20,26,110,136,8,35,8,0,0,0
0,20,0,8,0,0,0,0,0,11,0,13,0,16,26,0,72,66,3,30,0,0,21,18,93,10,0,22,6,0,0,0
0,40,0,0,0,16,1,147,29,0,10,0,19,9,0,10,0,10,0,6,11,0,3,24,214,144,0,0,20,30,0,20
28,17,0,78,0,71,0,75,173,40,48,0,44,44,31,1,0,2,0,22,0,4,0,0,219,101,44,0,0,1,4,5
0,0,0,0,0,24,0,218,162,30,27,0,16,0,51,23,7,2,0,18,8,23,19,0,50,0,0,0,6,13,9,0
21,0,0,10,0,0,0,88,41,126,0,0,0,0,0,32,0,0,11,0,25,0,0,26,0,7,41,0,35,31,6,1
11,1,0,18,0,15,0,0,12,209,33,0,52,12,2,9,30,0,0,0,0,0,1,17,4,0,3,0,1,0,0,0
0,0,0,16,0,0,0,0,16,166,0,0,0,25,0,0,0,0,0,34,0,0,24,3,9,0,20,32,0,12,0,176
59,38,17,41,48,0,0,0,0,0,0,1,0,0,0,0,9,2,1,0,0,47,3,0,0,16,71,0,0,16,163,173
8,27,0,10,0,14,0,35,13,0,0,8,20,0,8,8,0,16,21,0,19,0,0,0,0,16,0,17,0,2,137,93
43,0,31,0,16,0,5,24,32,0,0,7,0,0,0,4,0,0,0,10,21,0,0,31,0,0,0,12,8,198,26,8
0,0,51,0,0,39,0,0,0,66,13,0,0,0,9,0,42,45,54,26,67,0,0,36,0,0,47,0,173,0,0,23
65,0,15,25,0,34,0,16,0,3,53,7,24,0,28,10,34,1,13,0,9,8,2,2,2,0,0,31,72,48,0,1
61,0,9,0,19,16,4,0,0,12,0,0,23,0,1,2,0,2,2,0,0,20,4,0,7,3,0,186,57,0,0,23
7,0,42,27,41,0,1,28,35,6,31,24,3,0,23,2,13,18,0,0,0,8,8,39,1,0,23,28,0,0,0,45
0,44,0,0,6,58,0,16,0,11,16,60,13,129,194,72,27,0,181,35,17,20,0,25,0,26,0,0,0,0,6,20
5,0,58,203,65,0,0,0,34,0,40,21,2,197,194,234,9,26,115,170,115,37,85,135,67,2,11,19,0,3,0,0
35,23,55,42,124,144,0,0,0,0,0,0,12,114,192,71,60,0,23,169,83,133,79,0,43,70,13,27,36,0,12,33
20,38,0,70,190,124,23,1,0,15,28,0,0,0,0,87,2,23,0,16,16,31,6,27,96,234,0,0,0,10,0,7
0,0,67,0,73,209,107,69,0,0,7,8,0,16,112,16,0,0,1,0,25,239,120,170,220,152,0,33,0,0,40,1
0,0,0,27,20,5,25,32,5,5,0,6,0,0,98,183,63,1,18,1,14,112,241,63,208,125,0,0,0,0,0,25
11,29,36,0,15,11,0,0,0,4,0,14,5,0,172,31,252,14,0,31,31,17,202,223,201,210,0,32,0,0,9,0
0,0,5,28,0,0,16,0,32,0,2,2,29,68,186,32,0,14,6,0,119,170,17,112,20,71,0,26,0,4,0,16
0,12,0,36,24,8,0,7,10,0,69,0,82,69,102,163,24,16,100,3,19,163,152,192,195,197,45,25,35,0,1,0
29,7,0,0,0,32,25,0,0,9,98,253,222,186,78,51,234,69,211,6,244,187,164,196,119,96,23,2,27,19,20,4
0,0,27,17,2,0,28,0,0,0,31,212,50,5,220,82,158,180,233,37,26,177,197,188,151,11,0,0,0,0,15,27
15,25,0,4,0,0,45,0,0,0,0,0,39,251,208,196,205,32,90,207,129,189,192,197,41,0,0,0,0,20,0,0
0,0,0,14,0,0,21,2,0,16,0,0,17,166,237,95,254,42,242,64,191,28,182,240,14,0,0,2,0,5,23,0
0,0,0,0,0,0,0,14,0,0,0,0,4,34,171,86,63,222,252,154,127,1,134,0,0,16,11,0,19,0,27,11
20,5,0,4,0,0,0,24,19,0,5,0,0,16,4,65,46,69,220,0,22,0,0,0,18,0,24,19,12,0,0,0
50,13,0,0,0,30,38,0,25,0,23,0,70,0,0,0,242,252,13,0,0,8,0,3,0,17,0,0,52,0,0,0
0,0,0,0,0,8,41,19,21,0,61,5,20,0,29,0,96,112,4,4,0,9,0,0,0,0,0,0,0,5,0,5
36,5,0,0,0,0,1,0,1,8,24,0,0,0,3,1,146,11,0,0,0,0,14,0,84,125,10,0,8,0,6,0
1,0,0,0,32,37,0,0,0,42,37,0,73,10,30,29,99,124,0,0,0,0,49,22,142,6,15,0,0,0,46,0
11,0,8,20,0,0,19,151,59,0,74,1,33,0,2,6,0,16,0,5,16,6,13,0,216,172,0,0,0,13,0,30
16,26,0,0,0,4,74,89,159,0,0,16,8,0,0,18,4,11,0,0,0,6,23,0,179,134,45,0,11,16,22,12
12,0,0,58,2,0,16,154,208,69,0,0,7,7,0,26,21,12,13,0,48,0,0,0,53,0,57,0,0,0,0,0
0,0,4,11,25,15,38,119,30,93,0,9,0,0,0,0,31,0,0,8,3,0,3,0,0,18,0,85,0,0,0,0
19,45,3,0,41,31,33,0,20,205,0,29,22,0,32,41,14,0,19,31,15,39,0,17,0,11,9,0,19,7,13,0
0,13,0,14,0,50,0,0,17,121,77,0,0,0,21,3,0,27,0,0,8,0,0,0,0,0,0,0,0,4,0,227
0,14,4,6,4,25,17,6,15,16,11,21,33,5,0,0,0,11,0,6,15,7,28,0,0,0,0,23,0,11,157,115
0,14,0,6,0,24,0,32,0,2,0,38,9,0,29,0,16,0,0,5,27,0,0,0,0,18,0,3,20,0,219,79
53,34,0,0,11,7,28,0,0,11,0,0,0,36,0,0,0,11,0,3,0,7,6,13,38,17,16,16,0,128,212,13
0,0,0,5,40,32,2,0,20,0,0,6,32,0,0,0,0,8,0,0,24,24,10,0,0,4,27,10,199,210,0,13
0,0,49,8,0,0,6,0,36,9,22,0,27,14,0,19,28,0,0,0,0,0,0,7,0,12,0,29,1,4,0,25
0,12,20,41,18,0,4,42,39,0,0,0,9,0,0,3,0,0,0,43,1,0,0,0,0,32,0,112,158,0,0,9
0,0,0,0,27,0,2,23,0,0,1,40,0,5,0,6,0,23,0,6,0,0,4,1,0,0,19,0,0,31,0,32
0,0,0,2,33,19,24,14,28,17,18,0,11,195,197,44,8,22,175,41,14,60,53,38,47,7,0,28,0,27,4,0
12,0,122,225,119,32,0,0,18,0,0,28,29,191,195,48,38,96,159,181,88,100,92,98,46,10,0,18,0,0,0,6
0,8,14,28,124,158,1,0,8,24,0,30,3,125,192,13,131,30,46,126,0,94,119,0,42,30,0,57,1,0,17,17
0,21,0,88,195,110,8,0,23,0,52,33,25,0,12,140,0,6,0,0,0,5,11,33,238,160,14,0,0,29,0,9
0,25,0,12,49,89,110,49,0,0,0,16,9,0,146,39,12,0,0,0,12,182,104,4,149,162,0,0,0,0,0,0
0,0,41,0,17,0,0,0,30,23,0,66,12,0,162,220,92,0,0,0,0,130,19,60,130,164,0,0,6,0,11,0
0,43,0,0,2,44,0,0,0,54,0,0,5,0,178,44,252,51,0,0,34,35,216,53,195,224,14,0,20,20,0,3
0,0,9,11,0,5,0,0,19,0,62,37,0,48,96,59,236,169,0,0,43,159,101,65,191,220,0,0,0,20,0,0
2,0,22,0,14,7,24,1,2,20,0,0,245,111,44,185,54,3,79,7,28,104,126,186,189,149,32,0,21,30,0,28
0,0,0,14,30,0,0,0,22,0,36,71,141,189,81,58,12,72,179,9,228,187,63,196,24,2,0,0,21,3,0,3
0,0,3,10,5,0,21,17,6,0,0,6,51,247,226,87,139,200,237,26,245,112,185,190,130,0,4,10,0,0,0,30
0,14,0,8,0,9,0,0,0,28,0,0,47,195,230,194,176,23,54,188,65,186,189,195,46,27,0,0,6,0,2,4
0,0,6,4,0,0,14,0,21,15,0,3,45,131,229,93,230,19,23,54,188,174,221,8,0,2,0,0,25,0,0,8
0,0,8,10,0,21,17,6,0,0,0,18,52,18,193,115,80,244,5,122,108,153,106,0,8,23,0,2,0,0,0,31
0,0,0,48,38,6,0,6,27,0,0,31,6,22,0,68,102,61,78,0,0,0,0,0,16,26,5,34,22,0,0,22
10,0,0,16,0,0,2,16,14,20,0,0,0,0,2,16,248,242,12,16,0,0,0,0,11,0,0,0,45,6,0,16
0,0,0,36,0,0,0,3,7,0,16,51,0,13,0,24,78,66,3,0,0,0,0,22,0,3,22,18,0,0,0,0
24,0,0,37,13,0,35,9,24,8,0,7,3,0,0,19,137,18,0,0,0,19,0,12,111,89,0,3,0,21,0,2
0,0,0,30,31,10,0,0,0,1,50,0,11,0,25,0,60,113,9,0,0,8,0,13,130,25,0,0,9,14,9,0
3,25,0,28,4,0,0,121,32,0,0,0,0,2,8,0,4,11,0,3,0,4,0,25,217,165,41,28,0,0,13,0
0,0,5,55,52,0,14,195,170,0,0,16,17,0,0,5,3,0,0,0,26,43,10,14,128,80,42,19,18,4,0,10
30,0,0,29,0,15,0,216,49,33,0,0,0,0,0,45,33,0,3,0,45,7,4,0,48,0,39,0,0,25,0,30
0,9,0,0,0,18,20,72,44,93,0,16,0,0,7,0,0,9,0,14,0,2,21,0,9,11,0,13,18,0,13,14
0,0,0,0,8,13,0,0,0,223,14,0,7,0,7,9,10,0,0,0,3,29,0,0,2,15,14,26,0,5,5,0
0,83,15,0,20,0,0,6,49,121,0,23,43,24,0,19,0,15,0,0,0,0,15,52,0,0,51,0,22,17,40,168
0,38,0,0,33,2,0,0,8,0,25,0,11,26,24,0,30,0,14,7,0,0,30,0,5,16,10,0,0,0,188,187
1,8,0,0,0,0,18,69,14,0,0,0,6,8,24,0,16,0,5,16,12,0,0,12,0,2,0,0,0,2,165,113
80,42,13,0,25,0,11,17,0,28,13,0,18,0,5,25,0,0,0,14,7,0,16,11,39,7,0,0,2,98,184,16
12,34,47,0,0,0,0,27,20,21,12,0,37,32,0,69,35,4,7,0,0,47,25,0,27,0,56,26,170,197,0,0
0,0,0,53,7,0,0,6,0,0,56,17,13,0,43,7,14,16,0,0,17,0,0,25,1,0,0,77,2,40,0,0
24,0,0,0,27,1,0,0,28,0,0,59,19,24,3,0,0,0,0,48,0,8,0,0,0,5,0,98,175,0,9,0
10,5,0,0,11,0,0,25,0,0,0,2,0,0,0,0,9,0,0,3,1,0,6,0,0,2,0,29,0,0,0,0
0,8,48,0,0,66,0,0,0,0,12,8,37,191,190,38,21,0,242,0,38,63,36,70,31,0,1,0,0,35,0,4
25,33,121,204,138,89,0,0,0,5,0,0,0,197,194,62,104,86,17,207,123,56,93,47,71,23,37,37,0,10,1,0
37,0,49,36,103,183,14,1,8,0,0,0,5,158,197,42,151,3,20,107,42,87,148,56,14,12,43,20,0,10,4,0
0,0,24,84,197,12,5,0,8,22,0,22,38,0,17,103,31,0,25,0,0,0,16,43,31,189,0,0,12,16,10,27
3,0,0,0,61,123,104,1,0,13,6,0,0,35,142,230,15,0,8,0,0,210,160,249,155,118,4,0,68,7,0,0
0,46,12,32,0,0,0,0,39,12,8,27,10,0,177,253,106,29,0,0,0,144,200,71,123,147,0,0,0,0,0,0
2,3,0,11,0,27,0,18,36,14,49,0,21,0,172,23,238,0,0,21,9,17,141,39,228,211,0,0,0,0,0,35
1,35,6,7,2,6,19,39,0,0,0,0,0,96,109,17,219,191,1,5,54,147,84,54,238,28,0,6,4,0,0,5
0,0,6,0,37,10,0,0,0,16,0,18,223,127,104,148,83,30,0,0,54,102,158,187,190,151,8,34,0,29,5,24
0,11,0,16,59,0,2,0,22,16,0,5,146,186,77,62,54,110,153,251,251,188,178,194,73,36,9,0,0,20,0,15
0,0,0,0,20,0,16,19,2,3,4,225,48,251,233,112,138,113,177,1,249,177,79,187,52,18,4,0,0,0,0,13
0,9,24,3,0,16,0,0,10,16,0,0,13,192,214,197,89,16,70,146,226,191,195,124,75,5,0,9,0,0,0,0
0,0,9,0,0,33,2,0,0,0,0,0,20,117,229,111,191,26,247,57,195,177,201,157,18,0,28,0,0,0,0,0
0,0,0,2,0,20,6,0,25,0,0,0,0,0,167,110,49,165,219,90,2,143,59,0,19,0,0,37,7,0,3,67
57,0,0,8,0,0,0,0,8,16,0,39,0,0,0,17,73,78,56,0,11,0,0,24,0,11,0,15,13,9,0,0
12,18,3,31,7,0,17,0,31,0,40,0,0,0,2,0,254,243,18,78,2,0,0,13,0,2,0,21,0,26,0,0
0,4,0,11,28,0,41,29,15,0,13,0,33,6,1,0,98,125,3,1,8,0,17,10,35,27,75,0,51,0,1,36
27,0,9,10,56,0,22,21,14,0,0,36,8,26,12,0,167,26,3,0,2,4,8,37,97,132,0,7,0,0,0,0
0,88,0,0,22,0,48,24,35,16,11,0,4,0,0,16,101,97,18,0,17,7,43,0,119,253,30,0,26,33,0,36
0,0,26,0,7,46,9,149,37,0,19,9,29,1,0,0,0,55,0,0,39,17,21,32,245,178,63,19,0,0,0,17
0,0,11,0,58,33,0,193,125,6,0,0,0,30,6,0,33,0,4,39,0,37,0,0,217,114,0,0,0,0,3,32
0,36,16,0,0,7,49,205,35,58,1,0,0,0,0,0,0,4,0,12,0,13,69,9,45,2,0,0,0,1,4,11
49,0,35,0,0,0,0,89,24,41,0,0,42,0,13,2,0,0,2,5,37,0,0,0,0,0,0,0,27,0,12,0
0,0,28,0,0,11,31,0,1,234,0,0,17,0,12,0,16,3,0,35,0,0,0,0,0,32,67,0,21,0,12,27
47,0,0,8,0,3,0,0,5,144,26,42,31,0,14,0,20,24,17,0,13,0,47,8,23,25,48,2,33,0,53,200
7,24,13,4,24,0,0,4,0,0,42,18,0,13,40,0,0,1,0,9,22,6,11,6,2,28,0,25,0,7,159,194
0,0,36,43,19,0,50,0,0,0,26,0,0,25,0,25,0,0,3,22,0,0,0,7,0,5,0,0,24,0,169,128
53,6,8,3,34,0,3,0,0,0,0,30,0,0,0,41,0,7,28,50,26,16,0,0,24,40,30,31,0,135,226,45
1,49,0,10,0,0,0,38,0,3,0,18,0,26,50,0,0,0,0,0,28,0,0,0,20,0,33,8,23,184,7,0
0,20,0,0,3,0,0,0,6,0,28,17,0,18,0,0,2,7,20,19,0,0,0,0,0,4,0,51,72,0,4,0
0,0,0,0,21,10,0,5,0,12,0,0,0,0,4,0,0,13,11,0,0,0,10,0,0,10,27,156,62,2,0,26
0,0,0,19,4,0,0,20,12,0,34,0,16,0,9,37,9,0,0,0,0,34,7,4,0,0,0,0,0,0,0,0
0,0,0,25,12,0,0,64,23,0,38,0,62,187,191,0,48,17,242,15,19,0,33,13,27,0,59,14,33,10,43,0
10,0,118,229,133,32,0,0,0,0,0,75,27,197,186,66,63,85,227,210,100,69,78,98,76,64,13,0,0,20,0,1
0,0,43,36,104,106,0,0,37,3,39,0,0,174,197,211,165,20,214,120,63,92,144,50,36,29,24,0,0,9,0,0
0,20,0,98,197,229,0,57,0,13,4,0,0,0,252,145,18,0,5,0,48,31,37,17,58,214,0,0,0,0,0,57
42,0,27,0,32,35,86,0,30,44,34,0,0,9,148,249,7,0,0,10,33,190,153,18,100,146,0,0,0,46,29,0
0,0,32,0,0,0,0,0,0,0,30,19,0,0,164,180,49,42,4,4,0,153,40,51,139,144,29,0,0,0,0,0
0,31,3,19,0,0,0,32,0,0,21,0,0,40,165,0,181,0,0,0,11,244,173,212,4,234,17,0,17,21,0,7
0,0,0,0,0,17,28,6,0,40,27,55,1,67,81,38,17,243,20,0,81,131,76,89,218,23,0,50,1,0,32,0
0,0,27,0,18,5,0,20,0,0,0,36,28,38,113,179,75,10,18,16,9,136,134,187,190,203,0,0,0,0,0,21
31,13,7,0,6,41,0,0,0,0,20,42,182,192,253,95,32,100,185,221,251,186,187,195,116,62,0,0,0,1,20,0
0,8,5,23,0,11,0,0,9,0,0,253,250,26,235,86,145,139,208,233,241,224,75,196,185,0,13,20,9,0,3,1
16,18,0,0,0,0,0,14,19,0,27,6,245,124,208,193,131,24,97,159,63,195,197,186,83,0,0,11,30,12,13,0
18,67,67,0,25,24,0,0,7,11,0,0,6,118,197,76,224,241,48,73,196,51,1,50,0,26,36,7,44,8,25,33
0,0,0,3,26,20,0,17,5,0,0,11,47,6,191,115,91,210,57,190,60,97,131,19,0,43,0,34,7,5,0,0
4,0,14,0,1,10,0,13,13,2,50,29,125,0,27,41,70,89,174,1,14,0,6,0,15,0,23,2,19,0,16,9
22,0,0,0,0,0,0,0,0,0,0,14,5,12,16,0,5,232,0,11,0,0,32,0,0,0,8,23,0,0,0,0
0,0,0,0,2,0,0,0,0,6,0,2,0,0,3,24,76,122,32,0,5,0,40,7,0,14,33,0,23,14,0,18
42,0,0,0,0,3,0,0,17,0,51,0,0,16,29,0,160,66,23,25,12,0,0,0,94,151,0,0,0,0,2,40
0,53,4,0,0,2,7,2,0,2,0,0,9,38,0,0,103,71,41,22,6,0,0,0,98,27,45,32,31,14,47,0
0,28,49,13,18,0,0,139,2,0,4,0,0,0,0,8,10,1,0,14,0,0,33,0,207,165,30,32,0,20,0,0
47,13,2,0,25,0,0,209,174,0,0,0,17,0,0,8,10,0,17,10,11,0,30,0,169,93,25,2,2,2,0,6
27,36,14,21,0,38,30,216,32,38,34,0,46,0,5,0,13,21,4,11,23,15,0,0,67,0,0,32,0,9,18,0
15,13,0,0,19,36,0,66,251,56,0,11,0,43,37,0,23,0,13,28,12,6,9,0,4,0,1,0,2,34,10,5
0,33,9,0,0,0,0,0,0,219,0,16,10,31,0,10,0,29,0,39,0,0,0,0,14,16,0,5,32,7,0,0
20,0,1,0,0,4,9,34,57,114,24,21,0,0,24,0,0,20,0,6,0,0,8,13,0,0,0,38,18,0,0,183
34,0,0,0,0,0,0,0,16,0,0,0,0,0,6,0,0,0,0,0,0,53,32,20,0,0,1,42,0,0,163,215
0,0,6,0,7,37,0,28,13,5,8,0,0,0,11,7,0,15,0,0,0,0,8,11,0,0,21,0,28,0,176,192
36,0,4,52,1,0,38,0,32,17,8,0,7,14,0,0,22,13,13,9,18,0,0,0,20,0,21,0,3,189,193,0
61,0,38,32,8,0,25,40,7,26,11,61,19,0,0,0,29,9,33,0,8,0,4,1,13,0,0,0,189,140,0,0
0,3,0,0,0,0,0,0,0,47,0,0,30,0,0,17,0,4,4,16,0,0,13,41,5,0,22,0,10,15,0,6
4,0,0,60,27,0,0,37,0,0,9,21,0,3,0,0,44,0,10,13,0,13,5,0,0,16,0,166,94,39,0,16
0,0,0,3,0,0,3,0,0,5,0,0,0,2,0,20,0,27,0,0,22,0,10,0,6,5,2,0,5,0,8,0
0,0,0,17,0,0,23,0,10,16,1,3,13,197,191,72,8,39,199,9,13,0,26,9,11,19,12,6,0,0,0,0
0,0,74,2,143,65,32,11,19,14,3,0,34,195,197,60,67,92,252,210,119,44,76,88,87,27,0,0,0,22,3,0
37,16,53,60,87,171,0,0,0,0,0,21,0,206,193,185,151,5,228,87,62,31,98,18,0,29,0,3,11,17,22,0
4,0,0,106,188,50,0,0,0,0,0,0,0,0,47,81,24,0,27,0,32,0,16,25,39,162,51,11,0,0,0,0
4,7,0,0,38,40,104,42,0,0,20,7,0,20,228,9,0,21,34,4,0,207,76,246,147,143,6,0,0,5,0,4
0,0,0,0,0,0,20,15,12,1,0,0,24,0,163,253,53,41,16,9,0,129,0,55,184,142,10,0,0,23,4,18
0,13,3,0,4,27,0,21,34,0,0,5,25,3,185,0,234,1,0,0,14,25,227,14,37,246,27,33,35,0,34,0
38,12,39,9,59,0,24,0,20,8,22,11,20,65,128,67,212,189,0,18,78,152,86,115,198,40,8,0,4,0,0,0
2,1,24,14,29,0,6,5,0,0,17,0,35,71,100,161,0,12,0,26,244,155,134,197,191,2,0,0,22,0,1,9
17,0,6,0,28,24,0,2,7,7,72,40,147,195,0,55,52,90,182,227,241,196,197,189,153,77,4,0,16,52,19,3
9,0,12,0,18,48,41,11,25,0,41,244,253,226,19,149,166,157,5,255,18,222,97,194,196,8,12,0,0,0,0,0
0,6,0,20,0,0,0,7,0,0,0,43,240,109,164,188,146,17,127,142,86,197,196,189,58,28,0,0,7,30,0,0
0,0,9,13,0,7,0,0,26,0,44,0,0,120,219,97,168,24,25,25,187,26,192,254,22,16,0,0,9,20,0,39
0,0,14,0,29,0,0,0,0,0,24,0,0,0,114,95,63,236,60,146,83,107,80,13,0,10,43,0,0,11,0,0
59,0,0,0,33,0,0,10,0,32,34,11,0,11,2,21,74,103,82,19,0,26,24,14,0,1,62,46,12,34,0,0
53,0,33,9,32,0,38,0,0,4,0,33,0,0,0,0,13,7,2,1,32,0,0,32,0,7,0,0,0,0,0,0
42,0,0,0,0,40,56,0,0,7,38,13,0,9,30,3,80,147,28,2,0,0,0,0,0,3,0,0,0,16,25,10
0,36,0,0,0,28,0,0,0,0,22,29,10,0,7,0,144,59,0,14,16,0,0,0,114,180,30,35,12,5,18,0
0,0,32,10,16,5,37,16,51,0,106,0,0,0,0,0,57,71,0,0,15,0,6,12,109,16,4,0,0,11,0,0
40,0,16,30,0,2,20,181,28,16,39,0,12,30,29,12,14,0,33,5,0,16,0,0,194,167,0,0,16,13,0,0
0,13,0,43,0,0,0,205,205,8,41,65,0,0,0,0,0,0,0,22,6,10,49,0,137,98,8,35,0,0,0,5
0,32,0,0,0,17,0,214,33,48,13,23,0,0,0,16,11,17,0,0,0,0,13,2,83,0,37,0,20,4,24,5
5,23,44,0,37,0,42,73,252,88,4,0,0,8,14,13,61,27,0,0,22,10,0,7,0,0,0,11,0,0,11,0
0,18,0,0,3,4,0,53,27,206,39,12,0,2,9,0,0,0,21,15,0,0,27,0,0,24,0,28,44,0,4,0
0,0,0,0,14,28,0,0,0,166,27,0,0,19,34,0,0,10,0,0,0,0,0,27,7,0,19,0,14,23,0,196
41,31,76,0,53,90,36,0,0,17,0,0,19,0,0,26,0,0,25,0,18,13,3,31,0,0,0,0,0,0,179,178
29,19,0,0,0,0,6,0,10,0,0,2,32,0,0,11,0,20,0,12,15,0,13,10,0,11,35,21,0,29,210,200
0,0,13,0,8,0,18,42,27,41,0,0,0,14,6,7,0,5,8,3,5,26,0,0,0,25,7,0,0,203,183,9
32,0,24,0,34,35,12,0,0,0,9,44,36,0,0,2,5,0,60,48,35,0,0,21,0,33,0,0,186,238,51,20
0,13,0,0,0,0,0,11,0,0,8,0,0,24,0,0,0,18,0,4,0,0,0,0,0,0,0,0,223,11,0,30
0,0,1,20,0,0,0,9,0,1,0,7,9,0,3,0,18,9,8,0,7,0,0,18,0,0,0,150,66,34,13,0
0,7,0,25,11,29,61,16,0,0,0,0,0,3,39,20,17,0,10,0,0,30,20,3,0,0,13,3,1,23,0,11
0,0,16,0,0,8,0,16,0,0,0,52,0,189,193,33,2,19,197,17,36,13,46,0,41,34,38,0,0,5,10,73
0,23,42,209,73,78,0,0,10,21,30,10,0,192,189,43,41,84,12,177,50,80,6,104,54,0,0,33,0,0,0,52
0,33,42,48,144,163,35,0,0,10,0,0,0,114,189,6,138,14,214,66,7,55,60,33,0,46,0,0,11,0,14,0
0,54,0,93,191,81,0,0,7,0,15,6,19,0,244,131,1,7,0,0,0,0,38,5,35,169,0,0,0,0,11,0
0,0,0,0,68,55,70,12,36,0,0,0,0,43,198,227,13,39,11,0,0,204,89,222,95,134,0,0,6,22,6,0
0,0,0,21,0,29,0,0,11,47,15,0,19,21,182,227,56,12,0,0,0,118,20,75,189,115,0,0,29,22,8,40
12,0,25,0,7,0,5,0,0,7,0,0,0,13,170,14,226,0,0,0,0,13,192,4,16,211,3,0,0,2,0,22
0,87,41,0,0,27,3,0,0,0,49,2,0,64,108,69,253,202,0,20,73,121,48,110,196,64,0,0,0,29,0,23
0,0,0,42,14,0,0,60,0,0,0,16,52,83,78,124,51,73,23,90,48,221,170,196,197,164,32,0,0,39,8,0
0,0,0,16,0,0,2,35,31,12,6,213,74,144,43,56,234,94,232,248,70,196,197,188,147,72,0,0,29,4,9,0
0,0,15,27,0,14,0,0,10,10,0,201,33,55,252,144,108,131,233,10,243,195,135,188,192,21,0,23,27,29,1,0
0,8,0,0,20,0,0,24,0,0,52,0,226,109,167,196,109,16,98,230,97,189,192,197,63,41,28,4,0,1,0,0
30,16,0,0,0,0,0,0,0,25,0,0,0,119,234,73,184,70,18,66,191,53,229,14,18,7,42,0,41,24,17,0
0,0,0,15,0,0,0,0,0,39,0,0,0,0,197,69,105,246,153,208,89,91,129,0,0,22,0,25,0,0,13,4
0,0,0,0,24,4,0,4,3,0,0,12,0,0,12,46,95,99,210,0,14,0,13,0,0,2,6,0,0,0,0,0
0,29,0,0,0,11,22,18,20,6,79,32,12,21,1,0,189,220,22,2,0,0,15,0,3,27,0,0,6,57,0,0
21,28,20,7,12,31,13,0,0,0,0,1,0,0,1,45,98,106,0,0,0,0,0,0,19,0,0,0,0,16,17,0
78,38,0,0,0,7,0,6,16,13,0,8,17,0,0,11,149,78,24,0,10,0,0,40,121,155,22,25,21,21,22,0
0,29,6,0,42,0,14,0,11,7,0,29,0,17,58,13,81,74,41,0,17,0,0,11,127,41,0,0,0,7,26,0
0,0,26,3,0,7,11,208,60,12,0,20,0,2,0,0,0,0,0,0,10,6,14,30,185,196,0,16,13,3,0,20
58,51,11,0,36,40,0,162,194,0,87,13,0,30,15,27,0,0,2,0,12,0,0,17,183,61,21,0,0,32,25,0
34,0,12,41,36,0,0,203,169,60,0,0,14,0,3,16,0,0,0,28,71,0,41,16,89,0,0,19,18,1,21,23
0,0,0,0,0,0,0,153,255,44,0,64,45,0,0,0,21,0,20,20,27,10,30,0,6,48,11,4,0,3,0,36
0,0,0,55,18,0,0,1,0,206,0,25,0,0,18,31,31,0,24,7,50,13,0,30,14,7,17,41,0,0,0,10
2,10,38,0,28,13,0,2,42,112,0,0,54,0,0,15,29,16,30,21,42,8,39,14,0,15,0,0,0,26,0,216
0,19,20,0,0,0,20,6,17,24,30,0,0,0,21,16,35,12,0,16,8,23,0,23,11,17,0,20,0,26,157,193
0,20,0,0,0,0,10,0,34,6,30,21,0,2,0,0,21,39,0,10,3,0,0,9,0,19,12,0,0,0,233,116
0,9,23,23,0,24,0,0,28,0,0,0,0,0,0,0,0,0,0,24,22,29,0,33,0,0,0,0,10,233,211,0
25,7,0,12,0,0,0,21,31,2,16,0,25,0,4,24,0,0,0,19,4,0,0,0,0,0,9,42,181,241,0,0
12,0,29,0,0,0,31,21,12,20,50,0,0,0,11,0,21,29,0,49,42,6,0,1,0,29,53,10,174,25,27,0
22,0,0,0,0,34,0,16,0,0,0,10,0,0,0,0,24,0,0,0,0,0,0,19,0,0,1,144,107,0,0,0
0,35,0,0,0,0,0,0,0,2,0,21,16,0,20,21,14,8,18,0,37,22,2,4,9,0,3,27,0,4,6,8
78,36,33,17,52,12,54,0,41,8,0,9,12,189,189,56,17,0,55,31,37,1,39,24,26,21,0,35,0,10,0,5
22,0,110,8,109,59,12,8,0,5,0,0,28,192,196,18,27,100,37,153,108,93,123,113,58,41,0,11,0,22,0,0
5,0,7,114,51,218,51,0,0,0,30,7,44,150,185,67,193,61,255,79,17,130,145,36,47,8,28,0,59,0,6,32
27,11,0,68,195,38,27,7,0,0,0,0,0,0,36,99,1,23,7,17,31,0,36,0,17,141,9,0,0,5,18,0
18,0,16,0,21,102,152,26,0,2,0,53,0,0,227,40,0,22,31,42,30,211,128,19,156,155,7,0,44,0,0,5
0,0,0,0,0,6,0,0,0,0,0,22,38,0,196,25,66,0,27,20,0,102,54,102,180,92,23,0,0,26,23,0
0,19,0,0,0,0,0,0,0,43,0,0,0,64,184,0,217,15,0,0,19,32,222,203,54,204,0,0,39,4,0,0
5,24,14,0,22,3,17,0,0,6,0,0,0,28,102,76,199,231,0,0,82,144,42,27,204,9,64,38,20,0,0,0
0,31,28,12,0,9,0,24,0,17,0,26,15,127,99,161,62,39,69,6,31,129,147,191,195,200,0,22,0,0,0,25
0,4,0,0,4,0,49,17,0,0,0,205,0,178,65,59,55,74,156,247,19,193,196,192,108,80,0,0,0,0,0,6
0,22,0,0,4,39,0,0,6,9,43,215,44,3,42,128,122,173,255,250,204,182,105,192,195,16,0,0,0,8,6,6
0,0,16,0,27,9,33,11,23,11,0,16,236,111,159,187,109,26,85,221,47,196,197,188,48,23,0,0,1,9,0,31
52,0,14,0,20,0,7,4,6,0,0,0,32,119,215,98,204,63,23,60,191,46,213,192,13,0,23,18,0,4,0,0
0,22,0,0,15,4,4,0,28,0,33,14,0,0,156,160,64,228,102,162,98,107,88,1,0,0,5,15,0,3,0,22
44,70,17,0,3,0,0,0,11,39,0,0,32,0,8,75,138,60,243,22,0,0,0,15,9,0,61,44,22,31,12,0
0,7,0,7,0,0,42,21,0,0,42,0,0,0,13,8,201,224,0,4,0,0,4,13,2,6,0,0,10,0,0,15
0,0,20,0,0,6,0,27,0,7,16,0,0,0,0,19,54,115,0,1,2,0,0,0,20,0,30,0,8,19,0,50
22,0,18,32,17,16,0,0,0,0,0,55,0,0,0,57,150,78,1,0,0,11,0,0,74,170,0,0,0,0,0,54
19,0,0,19,0,6,14,39,5,0,66,13,0,0,0,6,70,88,0,16,3,0,21,7,97,19,0,0,15,0,0,0
24,0,5,1,0,0,0,228,30,0,25,0,0,8,3,16,18,17,27,19,0,18,23,32,183,158,5,44,0,0,0,0
36,0,6,43,41,1,0,136,179,0,36,0,0,5,0,0,12,0,53,0,18,33,10,0,150,94,0,21,46,0,0,0
12,11,26,14,19,17,0,186,203,56,14,0,71,25,0,0,0,0,3,24,0,0,29,0,69,42,0,43,0,0,0,0
0,4,0,6,11,0,0,133,17,66,44,1,0,0,3,32,0,0,0,0,22,0,6,0,8,0,0,49,0,16,19,0
70,16,10,0,0,24,0,0,17,195,0,17,0,3,7,0,0,0,0,0,0,0,31,9,0,0,10,0,26,0,0,31
17,0,17,0,0,0,0,9,43,119,0,35,4,12,0,6,0,0,0,9,0,0,0,0,0,28,0,0,19,0,5,206
13,0,0,0,0,18,28,0,0,0,0,0,0,25,15,0,0,0,0,4,0,25,0,22,3,0,0,1,5,27,223,184
0,29,19,19,67,0,0,7,18,25,40,0,31,0,0,13,22,16,3,0,0,0,0,1,1,0,6,0,41,0,209,117
73,0,30,0,0,0,31,0,11,17,0,0,37,0,9,0,0,25,10,12,0,29,0,53,0,0,0,0,16,230,214,0
0,7,30,16,17,37,0,26,0,27,0,11,16,22,17,0,4,20,6,4,2,0,0,6,0,0,3,4,198,217,6,0
61,0,5,0,38,0,48,0,26,0,0,18,0,0,0,43,0,20,0,0,19,19,28,0,0,24,0,5,4,0,0,29
3,0,5,2,0,0,0,0,0,0,0,0,0,0,0,0,20,25,16,0,0,0,11,0,0,0,0,111,66,3,13,37
19,5,0,22,0,10,0,3,34,7,58,13,0,0,23,0,0,0,0,15,0,1,0,4,0,5,10,0,0,16,3,2
7,0,0,43,61,26,38,7,0,0,36,0,0,75,193,51,9,5,214,5,28,0,0,5,0,16,0,48,0,0,0,6
13,24,103,204,93,40,9,0,8,0,0,71,21,177,196,26,43,71,126,188,124,71,80,87,77,37,0,0,10,0,33,7
15,0,55,162,78,144,0,0,0,0,0,0,0,172,189,33,118,11,8,76,49,98,158,29,13,8,0,40,0,4,0,5
0,0,0,66,196,45,0,0,0,0,54,0,0,0,228,134,4,17,0,18,22,0,45,4,244,197,14,0,0,0,0,0
0,27,8,0,31,103,76,0,0,4,11,0,0,1,151,42,32,16,0,29,0,221,112,19,157,140,0,0,8,0,28,40
0,0,1,35,13,0,27,66,0,0,0,0,0,8,154,227,43,0,0,0,25,127,34,19,134,18,59,32,0,18,0,0
0,0,31,23,8,0,0,16,0,0,0,16,0,0,111,11,232,0,0,13,21,247,229,20,8,171,12,22,0,17,0,29
2,5,19,10,1,0,14,0,9,0,0,0,0,60,119,77,251,220,0,21,87,132,34,25,197,34,0,1,12,0,21,8
0,0,2,6,0,61,0,5,0,0,3,0,238,98,80,125,14,0,116,0,44,132,189,187,191,205,1,12,0,0,11,0
0,19,0,0,0,27,0,3,0,51,26,217,119,185,119,40,249,113,223,228,89,191,195,197,70,48,0,0,0,13,15,0
8,0,0,9,0,19,0,0,0,25,0,178,238,1,14,113,117,158,247,17,246,183,144,195,196,15,0,0,0,5,0,0
0,46,14,7,0,16,0,0,0,14,26,31,240,150,152,187,121,38,143,227,78,196,197,188,54,6,0,0,2,0,0,0
1,21,0,0,0,11,9,0,17,0,0,0,0,158,244,100,220,47,241,71,185,25,183,34,0,1,12,0,0,23,15,10
0,16,0,0,25,0,26,46,0,0,34,0,22,5,170,118,112,219,174,139,77,111,67,19,0,34,23,0,0,27,36,35
16,4,0,19,25,0,0,0,8,17,7,0,16,0,0,28,67,94,219,50,0,36,0,0,7,0,0,0,0,0,0,15
0,0,34,0,87,35,37,0,12,0,25,26,41,11,1,0,195,165,28,19,83,0,0,64,0,21,27,0,0,0,16,0
59,0,71,8,14,0,19,11,15,0,0,0,27,25,5,4,82,128,21,3,24,0,0,5,3,0,0,9,22,8,0,0
60,0,0,0,26,0,2,0,0,0,29,0,0,20,23,0,103,101,0,0,0,0,0,0,82,107,33,26,0,0,1,0
25,0,19,0,0,0,28,0,7,19,0,0,8,1,0,21,57,73,2,0,1,7,17,11,104,27,0,0,5,16,1,0
38,8,0,0,13,12,0,204,17,18,16,0,16,33,3,0,0,0,36,6,0,25,15,0,202,135,0,0,0,0,0,0
16,0,13,27,14,0,3,144,235,0,73,0,27,0,0,0,0,0,0,3,0,0,0,1,162,133,0,26,0,2,0,32
27,0,21,27,0,0,32,174,13,74,0,43,36,0,0,1,0,0,66,0,0,0,10,0,90,0,0,6,11,21,0,26
0,0,0,48,0,31,0,76,252,70,0,26,0,0,30,0,0,20,4,19,26,0,0,0,16,1,0,20,0,0,0,3
8,0,0,0,23,0,0,30,14,172,0,0,0,31,12,0,18,4,33,40,9,23,8,0,0,17,0,0,0,55,0,3
0,0,4,12,0,0,0,34,26,129,8,1,0,0,0,0,0,10,0,4,0,0,11,6,0,6,37,0,0,0,0,212
46,0,5,20,0,16,0,0,0,11,16,15,23,0,0,0,27,20,9,12,18,6,0,0,10,7,24,15,0,18,167,195
27,0,0,0,0,11,18,0,35,18,0,40,8,19,4,12,0,20,0,0,0,0,19,25,0,0,29,0,2,0,197,122
68,0,14,0,23,30,26,0,8,46,61,0,0,25,33,12,20,0,0,14,12,26,0,22,0,0,0,0,42,249,145,16
0,14,34,13,0,0,0,9,0,10,59,0,6,8,0,0,0,0,0,24,0,0,0,0,0,11,0,0,166,157,7,8
13,16,10,23,0,0,0,0,0,51,22,0,1,0,11,20,16,0,0,23,17,19,0,2,3,0,11,11,195,30,13,44
6,43,12,0,0,18,0,9,0,0,0,0,0,0,9,33,6,0,0,0,26,1,26,34,2,1,0,160,61,0,4,0
26,0,21,0,0,31,0,0,0,21,71,0,39,21,0,21,2,0,0,0,14,0,9,4,0,11,22,12,5,0,14,0
0,0,0,18,0,68,0,0,0,58,0,0,0,80,196,28,0,7,221,0,0,13,9,35,10,8,0,0,0,15,0,27
6,0,98,222,108,18,0,0,2,10,0,9,28,197,192,23,42,124,57,187,119,104,57,112,65,16,7,0,6,0,3,4
0,2,53,82,83,140,0,28,23,0,11,53,10,118,192,210,116,16,250,121,58,71,125,33,10,0,0,0,4,0,12,0
0,39,0,34,187,88,27,0,20,21,65,0,0,23,216,104,0,0,5,2,0,22,11,0,3,178,0,9,0,60,3,50
0,14,23,0,47,76,139,42,0,0,77,32,30,0,141,54,0,0,32,0,14,229,124,242,189,172,0,13,0,0,0,0
0,0,0,4,0,0,5,7,14,22,18,30,30,0,162,229,57,0,0,0,4,123,52,42,128,79,3,24,0,16,0,0
0,0,0,0,8,0,3,1,18,0,0,29,38,30,173,0,241,0,0,14,8,5,213,244,33,177,24,0,16,0,4,0
0,0,0,10,43,0,29,0,9,0,22,29,0,44,95,62,220,19,0,19,102,137,28,26,191,23,0,0,0,4,3,50
96,0,1,0,51,31,37,0,49,0,51,55,249,73,52,200,60,14,122,18,26,127,151,190,195,205,0,0,0,0,0,24
26,35,0,0,10,0,0,0,0,32,7,12,13,180,82,78,38,94,173,1,17,191,195,197,94,34,0,54,0,30,13,14
59,67,0,0,3,29,0,0,22,0,62,202,28,18,34,153,133,153,8,38,22,208,96,187,191,18,0,37,15,0,0,0
44,44,0,0,0,32,0,0,0,28,6,0,45,108,133,193,127,45,111,194,51,191,188,195,44,52,1,0,23,14,14,27
0,0,0,26,0,0,14,46,0,0,0,0,10,127,245,118,174,46,52,81,189,13,244,39,25,0,0,56,3,0,0,0
8,8,41,32,12,0,32,9,15,17,27,27,3,24,143,144,105,11,137,162,61,144,76,20,19,14,5,7,0,9,0,20
64,21,0,19,0,0,0,7,27,12,0,26,0,0,12,67,91,85,236,0,7,10,29,9,0,0,4,12,0,0,0,0
