43,0,13,15,0,16,22,4,11,0,0,2,0,19,14,0,147,245,0,14,0,8,0,6,0,5,0,2,0,0,7,0
2,1,0,20,0,12,0,12,0,0,0,0,6,31,0,0,247,32,13,0,24,0,3,0,0,0,0,0,8,50,12,0
95,0,31,25,23,0,0,0,21,0,84,54,0,0,0,29,193,225,26,0,36,35,12,19,45,237,0,0,0,7,0,40
0,0,26,13,33,11,0,15,53,23,0,31,0,0,0,0,71,129,5,18,0,0,1,1,97,9,0,0,0,0,0,0
29,6,0,0,0,0,0,154,34,0,0,0,0,0,0,18,0,0,0,0,0,15,51,12,223,74,0,13,22,12,0,8
0,0,0,0,0,0,20,142,143,3,25,0,0,0,0,19,2,12,21,28,19,1,0,0,206,93,39,36,31,0,0,28
2,39,8,20,36,0,23,184,230,28,0,0,0,0,49,4,32,18,0,29,0,1,10,0,31,25,7,0,0,0,0,45
31,0,8,14,0,7,0,21,223,156,3,0,0,0,25,0,0,0,0,7,0,0,10,8,0,29,11,14,3,4,0,20
0,51,0,0,9,0,28,11,0,83,7,0,8,0,9,0,0,26,0,0,5,0,26,20,0,0,0,0,29,9,0,0
0,0,11,0,0,0,19,0,26,73,0,16,11,0,12,31,2,0,0,19,21,0,0,25,18,21,9,22,0,15,4,245
1,96,0,0,0,0,0,11,0,25,58,45,8,0,35,1,23,32,0,0,9,20,41,14,0,9,28,0,0,16,164,233
4,69,35,0,0,13,0,0,0,7,0,0,0,0,0,12,44,0,0,13,27,19,0,0,0,0,0,10,28,2,190,129
0,0,15,0,31,0,24,0,4,8,0,28,0,7,0,48,0,0,0,33,0,13,27,2,0,30,0,14,17,130,212,9
0,0,16,0,0,0,21,40,9,7,0,61,0,7,0,2,18,0,7,0,0,7,33,0,0,0,0,14,106,119,4,0
0,32,0,16,48,0,6,21,20,15,0,68,43,0,0,23,0,8,10,0,0,0,4,0,0,20,22,0,68,0,10,0
9,12,0,0,47,11,14,34,30,0,0,28,12,7,0,16,2,2,8,0,61,3,14,0,14,0,34,68,54,8,37,0
0,0,0,0,42,0,11,7,5,0,47,0,0,27,0,0,0,17,2,26,31,0,0,6,15,0,0,49,0,0,3,55
0,0,53,35,15,17,9,10,0,0,4,0,47,43,197,0,16,0,16,0,55,21,0,0,0,22,54,0,6,0,4,0
0,47,92,72,103,19,33,21,0,13,0,0,35,80,195,168,62,142,148,8,85,54,54,88,59,20,12,39,5,0,0,0
17,47,166,115,167,95,48,14,0,0,0,5,0,118,190,36,62,0,147,107,0,74,22,18,0,29,0,2,0,6,21,20
51,26,0,58,193,144,13,41,0,5,63,0,27,0,185,78,10,3,64,0,12,32,0,0,87,159,0,0,0,8,0,0
0,22,19,0,6,220,123,0,8,0,52,0,0,0,189,236,10,0,0,0,22,205,84,135,104,133,24,0,0,0,10,8
0,0,7,35,31,0,0,31,7,0,0,57,0,0,104,7,67,0,0,0,0,83,236,17,139,14,6,19,0,8,0,40
14,27,30,0,3,5,0,0,28,9,0,13,0,0,104,19,1,15,9,0,0,248,144,204,96,91,29,0,27,24,30,0
17,0,17,0,1,0,0,0,12,0,0,0,13,18,125,53,16,62,0,0,57,70,200,252,166,35,0,0,6,18,3,0
0,0,0,0,0,3,12,0,11,9,74,0,240,248,252,175,51,3,26,55,125,140,190,187,190,52,0,0,10,6,0,15
0,13,0,0,0,3,0,0,1,46,10,14,161,169,41,224,254,79,179,30,96,188,56,196,94,173,19,0,0,0,0,0
0,0,0,43,9,0,25,33,34,0,25,36,238,137,214,59,158,168,10,72,185,85,19,187,191,7,39,49,15,2,1,0
0,5,0,22,20,7,0,0,0,29,0,0,27,62,68,197,162,12,60,97,65,192,195,197,252,0,3,16,13,19,13,0
0,0,2,0,0,2,0,24,24,12,38,0,7,67,225,6,140,4,217,38,195,87,185,71,40,14,0,0,0,0,0,24
0,36,0,0,0,0,13,0,22,4,0,30,0,0,77,165,43,181,161,74,218,26,129,7,25,48,0,16,4,14,0,29
0,0,0,22,0,0,0,1,0,31,0,0,0,0,10,76,93,36,246,0,0,75,1,5,30,0,11,0,4,21,0,0
37,0,52,0,39,77,18,0,0,53,48,0,0,0,51,0,106,231,33,0,0,0,0,0,0,0,14,31,16,17,0,0
0,32,0,0,0,0,0,9,24,0,0,0,0,0,4,9,19,53,26,21,6,0,0,37,40,2,25,0,0,64,0,0
40,2,0,0,0,0,0,41,31,0,0,13,29,12,37,0,191,215,0,0,7,19,22,34,35,240,3,34,3,18,0,0
0,0,20,0,10,20,46,0,0,0,0,13,38,0,17,0,46,116,0,25,12,4,1,0,114,5,0,0,10,2,7,0
2,10,0,0,0,0,0,178,0,0,23,4,2,17,45,0,0,23,0,0,0,0,0,2,174,45,0,25,21,0,18,0
0,20,0,0,0,34,0,160,145,12,0,5,0,14,0,0,0,0,0,1,0,0,0,19,198,123,25,0,33,0,0,0
0,41,7,0,12,0,8,235,9,38,0,0,9,0,20,38,31,0,0,17,2,0,0,0,35,26,0,39,0,34,31,0
24,0,0,0,0,17,46,59,230,128,35,26,0,0,17,0,30,0,31,16,37,5,32,0,5,2,0,0,0,32,0,0
0,25,0,0,0,0,0,6,2,106,0,40,0,28,50,0,0,0,0,0,0,19,1,20,9,0,0,42,47,26,30,0
8,0,1,0,0,27,71,0,16,53,0,0,29,0,29,0,58,15,19,0,0,11,0,0,0,11,0,18,15,16,1,3
0,25,40,0,56,0,8,5,39,16,0,0,0,35,17,39,0,11,0,54,0,4,24,25,0,0,88,0,25,0,141,2
0,13,27,17,0,16,42,0,0,18,4,9,21,0,15,48,5,0,37,45,11,9,0,0,0,0,0,0,0,0,176,127
0,24,0,5,13,0,0,40,4,51,0,22,0,0,29,4,50,29,53,0,37,4,32,42,0,0,0,0,0,89,247,72
63,25,0,0,30,0,44,40,11,0,48,29,0,0,0,0,1,19,16,0,8,0,23,12,20,0,5,0,115,113,29,2
9,0,0,0,3,0,44,10,0,0,0,13,30,35,2,0,17,24,0,0,36,3,0,0,0,8,0,0,12,9,0,0
1,0,20,12,4,11,40,34,4,5,23,0,0,4,37,0,0,0,10,0,0,0,0,4,31,2,0,23,36,4,0,0
0,10,21,0,4,28,0,0,0,0,0,5,18,30,0,9,7,1,0,0,0,0,29,6,12,0,49,0,0,0,0,0
0,0,0,55,8,0,10,0,27,0,79,39,61,44,194,27,0,18,218,33,0,0,48,16,38,0,18,6,31,5,25,33
14,16,108,53,75,0,52,0,3,13,5,31,53,25,187,238,29,163,225,9,67,29,42,71,33,24,20,0,0,0,3,43
0,65,141,133,120,84,41,12,0,0,0,51,26,102,196,34,118,0,122,72,28,97,92,8,0,23,0,1,13,18,0,28
0,0,0,113,197,141,18,25,0,0,66,0,0,68,134,96,0,0,0,23,0,4,31,9,94,162,0,1,0,0,0,43
0,0,0,8,4,208,145,30,48,0,0,0,0,14,138,255,0,0,0,0,16,182,110,106,136,133,0,41,12,27,0,0
0,13,21,37,4,0,0,1,1,0,0,39,0,0,104,31,63,18,0,25,37,27,239,252,184,37,14,12,24,14,65,0
35,0,0,0,0,9,4,0,0,13,84,0,31,60,135,9,253,1,0,20,37,4,147,179,87,106,0,11,0,24,0,23
0,28,11,0,0,0,43,2,0,0,0,28,5,0,163,0,23,44,0,0,55,31,213,40,154,27,10,0,0,0,38,58
51,40,34,0,6,41,30,0,26,0,0,0,210,245,230,154,105,0,107,71,25,175,190,197,197,70,0,30,0,0,0,0
0,0,2,17,2,23,2,0,0,0,0,67,178,172,35,30,11,99,172,44,95,191,94,195,84,164,26,0,0,0,24,0
0,0,0,16,0,29,0,32,0,30,26,31,85,237,180,96,151,195,6,115,154,112,239,188,191,0,3,0,13,31,0,30
0,15,0,0,0,35,11,46,8,0,0,52,40,60,50,191,173,189,48,74,102,197,187,192,26,75,23,0,0,0,0,52
0,0,0,52,0,0,7,35,57,0,64,0,36,78,210,19,120,8,197,251,196,99,152,148,16,0,0,0,0,15,0,9
0,0,0,9,0,0,9,32,0,0,36,22,0,0,98,114,43,226,145,142,22,36,145,57,0,0,21,0,1,7,0,0
23,10,0,16,25,0,25,6,32,1,12,12,25,0,27,0,110,7,31,6,16,19,41,0,3,0,0,0,20,9,3,0
16,0,0,0,0,3,6,28,0,0,17,23,0,0,38,0,76,225,0,24,0,4,0,13,0,0,16,0,0,0,0,42
33,0,10,16,0,6,0,0,12,0,21,0,0,0,9,26,24,75,6,12,0,0,0,29,0,0,30,5,0,12,19,6
28,10,52,9,50,0,0,57,0,0,0,30,0,0,0,36,147,186,0,24,10,3,29,0,82,208,12,35,0,0,23,17
0,0,0,25,0,0,0,8,0,0,0,0,0,0,3,0,79,139,0,28,0,9,0,28,100,9,0,0,0,0,0,0
22,0,0,11,0,29,61,176,70,12,0,9,32,0,0,9,1,0,16,0,9,0,0,13,224,76,17,0,0,0,0,3
0,3,0,0,0,0,0,175,158,0,0,0,0,28,11,0,0,8,12,0,0,0,0,10,193,147,0,22,0,0,0,0
0,25,0,0,3,0,0,251,6,66,0,63,0,0,41,0,0,0,57,13,19,0,0,0,53,47,0,0,22,22,38,27
0,0,0,32,0,0,29,58,24,155,6,0,0,0,0,3,0,40,0,21,15,0,27,21,0,9,12,0,0,0,0,28
8,0,6,0,20,24,0,0,0,107,66,0,25,0,25,0,0,42,0,29,0,0,31,0,0,0,0,0,28,8,24,27
0,0,0,19,0,0,58,0,12,51,0,0,0,16,4,0,16,0,0,10,18,0,0,0,0,0,0,52,2,0,12,17
0,29,15,0,33,33,0,0,0,29,0,39,0,0,0,2,7,0,7,9,0,11,7,11,0,16,0,3,0,7,157,240
6,0,32,29,53,0,39,2,32,0,0,0,37,3,34,19,13,11,60,1,27,16,28,9,4,24,19,0,0,21,154,146
0,0,0,0,0,0,33,0,10,0,0,0,26,14,11,0,10,0,18,0,14,34,37,45,14,48,2,0,26,139,227,12
0,48,0,0,0,3,12,10,4,5,43,40,0,27,0,0,0,23,12,0,47,11,16,18,0,6,0,0,71,101,16,0
31,0,0,35,62,57,0,0,0,0,68,0,0,0,17,10,21,0,0,0,0,2,0,0,12,25,0,0,216,0,0,0
3,21,41,34,0,14,0,17,0,16,0,0,0,9,0,0,0,0,8,16,10,17,0,34,0,20,3,0,0,0,0,0
0,0,17,0,0,11,0,0,0,11,22,18,0,0,12,10,0,3,0,2,0,0,0,6,0,10,10,13,11,0,34,0
0,0,0,0,50,36,16,0,20,29,17,32,7,16,195,0,0,17,252,0,13,5,40,14,0,4,36,0,0,35,0,21
21,45,102,41,77,45,0,0,7,53,62,0,0,60,195,173,14,178,233,253,41,76,3,58,10,0,0,29,9,63,30,0
13,9,187,128,122,52,0,38,0,0,0,33,4,42,192,49,75,32,84,79,16,76,84,35,19,0,0,0,0,6,0,3
1,0,4,32,193,107,39,35,25,0,0,0,0,7,146,115,0,15,0,0,0,10,23,15,120,137,0,0,16,0,0,0
0,17,0,0,26,220,136,0,18,9,37,29,0,1,141,17,0,0,15,16,0,173,120,112,131,147,21,5,40,0,0,0
3,0,24,4,12,23,32,43,36,0,0,31,0,73,78,18,64,0,31,12,0,66,19,250,155,20,0,0,0,2,0,20
0,0,0,31,0,0,60,18,0,0,15,11,0,0,69,11,19,0,0,0,6,17,235,168,98,105,48,0,0,0,0,0
44,0,44,5,0,17,35,0,0,0,0,0,0,8,152,17,41,42,23,0,28,43,236,254,119,12,5,0,0,0,0,3
61,0,14,0,17,0,30,17,0,0,45,0,237,244,17,178,24,37,85,47,214,175,189,196,187,74,0,20,0,4,10,0
6,14,19,13,16,12,13,9,0,8,16,23,171,171,58,221,9,131,225,97,88,194,60,186,125,167,28,0,0,0,23,0
0,0,0,8,26,0,4,12,29,0,12,0,27,221,220,48,124,163,209,113,135,86,225,196,186,20,31,0,7,0,14,16
29,18,4,0,14,35,0,0,0,31,0,0,73,75,88,190,206,236,41,109,43,197,191,191,23,34,7,0,0,13,20,26
0,48,4,0,20,31,0,0,0,0,36,0,42,65,164,23,167,253,236,18,192,100,182,130,46,25,41,0,13,2,14,10
43,10,0,33,0,0,37,7,29,7,0,43,1,50,83,133,8,212,98,113,39,28,144,65,0,0,25,26,4,9,29,0
31,0,18,14,12,0,0,0,19,0,0,23,0,0,0,91,102,0,16,0,0,98,0,7,0,2,0,6,0,0,0,0
0,16,42,0,2,0,0,25,16,8,18,0,0,0,1,0,97,233,0,0,35,5,8,16,0,0,0,13,0,27,9,0
0,0,0,0,0,0,50,0,51,0,66,8,42,0,10,28,28,62,46,9,35,0,65,0,7,19,16,46,0,20,0,23
0,1,0,0,1,0,19,10,0,24,26,37,10,18,18,6,163,216,13,13,1,5,6,0,86,237,9,34,0,16,29,28
0,0,6,0,0,0,0,0,8,0,66,0,0,0,0,1,83,159,0,16,0,20,0,13,114,13,33,0,40,5,0,9
0,8,0,0,0,5,0,181,22,26,0,4,0,3,7,9,8,0,0,0,5,0,0,15,251,96,7,0,12,0,37,12
0,4,0,0,0,20,0,140,201,4,27,0,0,14,0,0,0,19,0,0,0,0,28,23,225,158,0,0,16,0,4,33
15,44,0,0,0,32,0,174,35,59,82,50,0,10,0,38,0,0,0,0,0,0,0,43,28,6,44,62,21,12,3,0
0,12,20,2,0,12,51,89,17,133,0,0,4,0,0,0,2,0,25,0,0,6,8,0,14,0,75,0,0,0,0,0
3,0,0,14,0,0,50,3,0,95,29,25,0,0,9,0,0,20,0,0,0,0,0,0,0,0,0,0,0,0,0,0
33,37,14,15,30,0,20,21,0,67,0,0,0,37,18,3,11,49,0,16,0,0,0,5,0,0,13,12,3,16,57,252
36,0,30,25,25,1,34,0,4,0,0,2,5,3,5,0,0,0,4,0,10,0,52,38,10,5,29,41,3,27,147,231
43,12,0,1,0,0,0,34,8,11,45,0,23,20,37,0,18,0,32,1,0,0,22,0,17,1,13,27,4,0,170,142
12,71,22,16,17,9,2,7,0,9,45,22,0,0,11,21,19,0,12,0,0,24,46,0,22,7,0,0,13,137,201,16
28,65,28,0,0,0,0,0,0,0,0,9,0,0,0,9,28,0,43,25,39,0,7,0,0,8,30,0,121,95,0,17
0,63,0,0,0,0,0,0,0,6,22,0,0,30,0,22,0,9,0,23,0,0,0,0,0,8,5,12,32,0,0,15
0,0,8,6,0,7,37,0,0,0,64,6,27,27,29,0,33,3,0,11,10,0,0,0,0,0,8,73,10,0,11,0
6,0,0,16,0,0,18,0,23,0,29,20,25,0,16,0,0,0,4,0,7,0,0,0,0,3,28,0,21,3,0,4
0,0,8,6,38,0,0,0,0,0,0,0,0,85,197,0,14,19,59,62,17,28,18,0,13,16,0,13,0,0,2,47
5,0,100,104,76,1,4,0,0,0,0,0,0,17,197,223,4,174,192,239,99,71,72,67,40,30,0,21,0,0,0,8
3,0,152,153,123,34,0,0,0,11,0,10,42,37,197,46,124,39,148,77,54,107,173,6,52,0,0,15,11,0,0,0
22,31,45,43,191,108,0,24,8,1,0,0,0,0,155,112,0,6,31,31,0,23,27,0,171,153,0,30,20,2,11,0
0,18,7,12,0,243,139,80,0,7,6,59,21,41,102,46,0,13,0,0,0,196,113,86,154,120,0,49,0,3,0,0
0,0,0,0,0,0,0,0,0,20,5,0,21,30,71,30,72,0,0,16,0,99,201,4,187,39,0,0,42,0,0,46
6,0,0,0,0,0,0,6,0,28,72,0,0,10,128,29,255,24,0,0,10,19,113,176,139,104,53,32,12,29,10,26
23,0,0,14,0,29,22,19,0,0,0,0,41,0,86,85,36,86,21,0,34,27,246,32,135,22,12,0,0,0,0,38
26,0,10,70,0,0,0,0,0,49,20,0,231,57,29,134,46,9,111,132,234,165,197,189,192,137,0,12,0,11,26,0
0,2,15,0,0,10,1,0,0,15,0,252,133,147,31,1,242,97,216,0,65,185,63,195,139,143,0,7,0,3,0,13
0,0,0,35,22,0,0,1,1,3,0,0,49,206,184,76,116,187,205,104,152,92,228,196,192,13,0,36,9,0,0,0
35,0,0,0,0,0,0,0,14,14,0,0,42,103,106,197,140,223,73,104,7,193,196,194,187,36,12,8,7,0,0,1
54,0,28,11,20,0,32,0,0,0,0,29,0,55,188,49,174,204,236,19,190,121,169,29,0,27,0,0,0,23,0,28
1,0,0,25,0,0,0,0,0,0,24,0,56,8,80,93,251,230,142,63,252,206,182,17,10,1,64,4,13,9,0,32
28,0,13,0,0,0,44,10,1,0,12,38,48,0,10,33,126,38,160,0,0,48,0,13,0,31,1,0,0,0,10,15
16,20,7,0,0,37,0,32,0,23,0,0,0,29,10,3,109,254,0,19,3,28,6,10,7,24,0,8,0,34,0,0
0,0,0,43,0,46,0,28,2,4,0,0,0,0,25,0,23,62,22,0,0,0,0,6,0,0,12,31,64,0,0,0
0,0,0,0,24,14,30,0,0,18,0,0,0,18,0,23,123,231,0,7,17,32,13,0,99,224,41,29,9,27,0,0
0,0,46,0,0,0,0,67,41,0,0,0,2,0,45,0,93,107,49,0,12,3,11,17,130,242,0,0,7,4,7,0
10,22,15,0,6,0,42,197,53,0,12,1,12,0,2,11,0,0,0,0,0,18,14,1,236,139,0,11,51,0,0,18
36,0,5,0,21,2,49,170,117,5,0,0,23,23,0,0,0,0,10,14,6,0,0,0,183,131,29,0,3,13,0,0
53,0,0,0,1,0,16,1,26,44,0,0,0,0,7,0,0,24,9,0,14,13,47,0,93,28,0,0,3,0,9,0
72,0,42,3,0,0,0,98,255,202,46,0,0,45,36,0,0,1,29,41,9,0,0,0,0,0,0,0,0,6,0,83
0,0,25,0,10,3,72,0,36,74,26,0,26,5,5,0,0,0,0,0,0,0,0,1,0,18,38,0,56,4,0,0
22,0,0,12,9,0,0,0,0,73,0,0,9,29,0,0,0,0,17,8,6,0,0,0,29,0,11,39,0,12,2,12
11,35,18,22,7,0,0,13,30,1,50,0,18,11,0,0,0,0,0,29,0,1,16,11,0,0,35,33,12,0,136,197
27,0,0,0,0,37,24,0,10,20,0,0,4,0,24,15,11,5,0,0,0,0,0,49,0,11,40,0,32,71,174,185
2,27,0,0,0,35,52,0,47,26,9,0,18,32,0,40,0,7,0,0,0,23,14,0,14,5,0,21,30,152,224,33
0,0,22,4,0,31,28,20,0,0,0,5,6,39,3,6,60,13,46,17,21,0,5,19,0,6,20,42,129,83,0,45
0,0,0,0,18,0,0,0,5,2,0,0,16,21,0,0,22,0,40,0,0,0,48,0,0,0,0,0,63,11,0,1
8,0,28,17,26,0,4,0,19,0,8,32,9,0,8,0,6,21,0,0,4,21,37,0,0,0,0,67,16,25,0,36
0,0,0,27,0,23,0,17,0,0,0,33,31,0,16,7,7,7,0,6,0,0,0,0,0,0,0,15,0,10,0,0
0,14,28,29,33,0,0,7,7,10,0,32,21,80,191,0,2,35,69,0,0,0,0,30,11,0,29,20,0,23,28,34
15,17,46,78,96,24,20,0,11,0,0,0,35,233,192,221,23,178,6,251,90,87,42,52,39,25,15,21,14,19,0,0
24,46,0,115,80,74,0,0,41,36,0,0,54,112,189,255,112,7,151,130,27,126,98,0,0,14,0,0,0,4,5,0
41,15,0,42,190,169,9,44,0,0,35,23,3,0,173,145,3,0,0,69,0,54,0,0,157,153,0,0,0,35,24,0
12,0,8,0,1,221,158,0,9,0,0,0,0,13,104,4,36,0,29,10,0,179,65,77,146,153,0,2,0,0,37,0
0,4,19,0,0,22,27,0,32,0,0,0,0,12,77,69,89,27,0,30,42,93,231,17,152,39,4,5,33,6,0,10
0,51,0,0,0,0,16,5,0,54,0,0,0,86,140,0,237,0,0,11,0,26,198,179,127,95,0,0,1,20,0,0
0,0,0,18,0,0,0,55,5,0,0,0,12,16,107,52,56,85,31,0,98,30,253,22,136,33,15,0,7,10,0,0
0,29,17,0,13,33,0,24,34,0,112,0,224,248,9,211,72,13,88,100,251,190,190,192,195,98,42,22,2,0,10,0
12,11,24,0,19,0,17,0,20,0,47,5,155,170,35,214,250,109,226,80,112,196,249,192,115,191,14,0,0,3,18,0
17,70,19,5,0,25,0,20,4,45,0,18,4,223,254,49,88,188,9,107,151,106,56,192,195,0,21,40,0,24,0,0
19,0,0,0,2,0,15,1,29,0,0,15,28,87,94,197,195,229,52,40,29,192,195,196,253,4,23,0,1,27,0,0
8,0,0,16,10,13,49,0,28,6,48,0,0,36,167,59,163,242,1,252,189,153,219,141,50,23,0,40,12,4,0,7
0,8,9,0,0,40,32,0,14,24,21,0,0,0,93,131,27,246,123,133,36,215,114,34,0,10,27,15,7,7,19,0
52,53,4,11,28,21,27,10,0,0,9,1,45,18,15,59,123,50,28,0,33,85,0,0,10,3,0,0,0,0,2,38
51,8,0,0,0,0,0,33,23,0,0,0,0,0,0,21,145,169,2,34,0,36,1,16,0,0,1,46,0,0,0,13
0,0,30,0,41,0,0,15,49,0,39,16,0,1,0,0,4,45,63,0,47,0,9,0,0,8,0,12,0,0,0,39
0,0,6,11,30,12,55,10,0,0,0,30,5,24,19,0,147,219,11,25,10,0,21,38,41,231,49,1,26,3,28,18
0,0,0,5,22,9,0,0,13,0,0,15,6,0,11,0,58,120,0,11,0,14,25,0,87,244,17,0,3,11,16,0
0,20,0,0,9,11,0,216,32,0,0,0,0,0,14,0,0,0,0,23,1,0,31,0,232,109,0,9,42,19,0,0
26,23,28,0,25,0,50,254,191,0,0,0,14,49,20,0,0,26,0,41,28,0,6,4,191,155,33,0,0,5,0,4
10,30,0,0,0,1,25,255,60,54,40,1,0,0,1,17,0,0,0,0,0,0,0,0,80,0,31,0,3,9,16,18
50,0,0,0,0,0,0,101,248,144,0,0,0,0,0,0,25,6,20,19,9,24,23,6,8,0,29,4,39,0,0,0
0,0,0,0,1,0,28,8,16,49,0,18,0,0,0,0,0,26,44,0,0,0,3,0,4,0,14,0,23,10,20,15
0,0,5,29,0,0,17,18,7,38,0,0,4,13,0,0,0,19,0,0,0,4,0,44,0,0,21,0,0,14,0,252
0,14,0,0,0,8,29,27,0,16,13,30,51,0,31,13,0,0,16,0,0,23,48,0,0,0,20,46,12,0,157,12
0,19,0,12,0,0,40,40,16,9,0,12,41,5,10,0,9,0,0,0,6,0,1,20,0,10,0,4,0,32,155,102
23,4,6,0,0,56,17,13,0,0,0,0,0,20,4,0,0,12,0,0,6,0,33,1,0,4,25,0,0,116,235,36
0,0,11,0,52,0,20,7,0,9,0,0,0,12,14,3,0,0,0,37,48,0,0,4,0,10,0,0,77,118,0,0
29,0,0,0,17,0,0,18,38,0,38,41,27,17,8,0,9,19,23,0,31,0,55,0,31,4,24,0,196,26,0,19
0,0,23,7,19,0,10,41,0,0,0,37,33,0,40,6,19,0,0,0,0,23,39,0,0,1,0,32,0,0,0,0
0,0,25,14,17,0,0,0,20,0,19,0,0,16,4,0,0,0,6,37,0,0,12,0,0,0,0,0,4,11,5,0
0,28,15,0,0,16,0,0,7,22,0,0,34,54,197,19,45,59,40,0,0,0,1,74,0,0,6,0,41,0,20,25
50,51,95,50,113,47,0,0,9,0,0,20,0,5,194,220,0,204,240,23,101,90,43,43,38,35,50,20,32,0,23,16
0,20,219,162,161,76,36,19,21,5,0,0,41,25,189,104,96,0,151,92,6,112,101,5,22,15,13,0,0,30,0,6
0,1,31,37,187,150,0,11,0,5,0,0,17,0,159,138,14,10,19,0,0,29,46,20,101,171,0,0,36,4,0,0
0,27,0,6,0,195,139,0,17,10,0,0,0,0,136,8,48,0,17,4,31,232,82,112,153,139,1,0,0,0,7,65
0,0,0,39,0,19,0,0,0,20,0,0,0,32,72,247,56,0,0,17,0,65,240,16,181,26,0,0,0,6,0,5
7,0,0,29,7,38,0,14,1,1,0,27,6,4,127,33,7,0,0,0,4,52,217,136,127,134,21,7,22,1,1,0
0,0,12,0,0,20,0,9,12,4,0,0,20,11,117,64,7,80,17,0,27,39,197,0,133,47,0,13,0,0,0,13
4,0,5,48,0,0,0,0,0,0,0,3,172,14,251,149,89,10,98,69,225,195,191,191,188,97,17,0,4,0,0,59
0,0,0,13,30,4,0,0,0,5,56,221,190,181,73,231,229,84,104,29,41,190,250,196,147,151,34,0,45,0,2,12
0,0,0,29,0,0,13,0,0,0,39,46,39,187,209,36,155,170,231,71,180,85,47,194,196,40,0,22,10,0,0,0
0,0,0,11,0,0,0,10,0,0,0,30,243,81,72,191,180,213,42,52,41,196,197,187,176,8,27,0,30,0,5,1
0,58,0,0,3,0,0,0,19,0,20,0,2,85,183,5,148,251,209,52,196,129,196,63,29,24,5,0,0,0,0,19
66,0,24,16,58,27,14,13,26,0,25,30,0,0,83,172,234,242,119,106,244,232,166,23,0,0,0,16,0,8,0,0
20,0,0,16,11,0,33,0,0,0,53,0,0,27,28,0,103,17,218,7,0,9,12,4,5,1,5,27,0,0,12,10
0,0,0,0,76,0,0,0,41,12,14,0,0,3,24,0,98,176,0,15,0,0,25,3,13,0,9,0,18,0,30,13
0,0,0,7,21,51,53,25,4,0,0,0,0,0,0,0,252,90,72,48,0,0,45,28,0,0,16,0,50,0,3,0
0,0,0,15,31,0,0,37,0,17,0,0,17,0,0,11,159,70,0,1,42,0,2,0,253,248,7,18,20,0,0,0
0,8,0,40,8,0,13,0,0,0,81,0,4,64,0,0,39,184,0,0,0,8,14,0,146,248,0,72,29,12,17,0
2,0,32,0,64,0,30,7,61,0,0,18,27,0,26,4,52,1,41,0,29,0,38,19,198,121,0,24,0,0,1,0
7,14,42,5,0,26,36,203,188,0,47,13,19,23,0,25,0,0,4,6,0,0,0,0,182,155,5,10,8,22,0,7
16,0,3,24,52,63,6,2,32,13,3,0,0,4,0,0,4,17,0,4,0,27,0,27,44,37,0,12,8,0,0,0
36,0,7,30,37,3,7,91,242,171,5,23,0,30,0,0,0,0,0,33,0,15,0,0,0,0,0,63,0,0,0,0
1,39,0,0,0,14,0,0,11,88,0,0,0,14,0,17,0,0,0,0,0,0,25,0,3,0,95,21,19,0,0,9
18,24,15,14,0,0,32,63,16,54,67,33,0,0,0,0,0,0,0,28,3,0,11,0,0,7,0,0,49,12,0,30
4,0,0,2,14,0,0,0,0,0,0,0,0,0,0,0,0,0,0,20,16,0,0,0,0,0,10,0,1,0,154,254
0,0,9,0,36,29,0,0,27,20,0,0,0,0,0,0,1,8,0,0,16,0,0,26,0,24,28,0,0,0,197,156
34,0,0,0,0,0,0,30,0,0,0,5,0,0,0,0,0,7,1,0,3,2,37,12,0,0,0,0,0,99,181,8
1,48,0,0,59,0,0,0,0,26,11,0,0,3,37,26,0,21,0,0,0,16,48,4,0,0,0,53,128,148,0,0
0,0,0,18,14,0,24,43,0,9,0,0,5,67,0,14,8,0,0,27,45,0,17,1,0,13,0,0,1,0,0,0
2,0,0,0,70,0,0,25,32,0,38,47,8,8,0,13,0,45,0,0,0,0,0,0,22,20,30,8,17,0,0,0
0,48,0,0,0,0,0,0,4,13,0,0,0,12,0,0,0,0,0,17,20,21,0,1,0,25,12,48,32,11,27,0
0,0,0,65,9,25,27,19,0,33,0,22,11,44,197,22,14,42,20,0,4,32,30,22,5,0,0,14,0,0,0,25
34,2,117,62,62,56,17,0,0,0,38,0,13,13,190,206,19,211,238,4,121,84,89,37,43,7,0,0,11,0,9,0
0,30,139,131,121,78,0,0,0,45,53,37,0,17,195,75,141,23,19,61,20,92,79,66,42,0,0,0,8,26,26,0
21,31,40,24,190,140,7,0,0,0,0,0,16,11,205,130,3,0,31,0,2,67,17,0,115,162,25,2,68,0,51,0
11,0,38,20,11,4,66,0,35,0,0,0,33,0,140,21,0,0,0,21,5,189,96,106,85,97,0,0,0,8,0,1
16,37,49,30,0,3,0,0,8,20,0,7,0,11,99,53,37,0,0,6,19,82,34,223,124,57,37,0,0,0,6,20
0,58,21,0,0,14,43,0,0,29,41,0,28,0,147,7,16,22,0,11,0,11,251,215,119,127,0,0,0,0,0,23
20,0,0,30,7,0,0,52,19,0,41,0,20,9,137,47,34,58,5,0,43,12,206,16,159,29,1,48,0,30,0,18
0,0,0,0,24,0,4,38,0,0,0,0,251,211,58,205,113,0,147,0,238,171,137,197,187,159,13,59,6,0,0,17
0,0,0,0,2,10,26,0,10,4,0,248,199,164,93,225,235,86,180,28,79,194,9,186,155,163,0,0,9,0,2,0
0,0,25,46,2,0,0,27,0,0,0,53,5,188,177,246,162,177,24,90,185,80,66,186,189,1,0,6,0,22,0,0
0,0,0,25,0,0,6,0,0,6,12,0,13,84,52,193,157,221,54,75,68,192,188,195,251,28,0,0,0,10,0,0
0,3,6,17,0,0,0,14,0,0,0,12,13,79,152,21,119,252,230,243,193,132,216,130,26,0,0,0,0,12,0,19
0,0,0,0,0,5,14,2,0,0,0,36,0,1,73,87,184,230,120,144,215,185,100,59,0,10,0,0,34,0,1,24
30,0,0,25,0,0,48,0,0,0,7,0,16,0,0,16,43,77,183,0,15,34,3,25,18,8,7,0,13,46,9,0
1,0,36,6,0,0,0,19,11,0,0,34,0,0,13,0,126,170,4,0,0,0,0,0,0,6,0,37,0,0,0,1
0,11,12,0,0,22,13,0,0,37,51,0,22,0,0,0,44,42,0,0,8,4,18,13,0,0,16,0,0,17,31,0
0,0,0,46,0,0,19,30,11,0,0,23,0,22,12,0,99,113,27,0,11,23,36,0,10,235,45,18,8,0,0,0
0,0,17,8,5,0,23,0,12,0,0,61,26,15,5,0,57,128,0,20,8,1,17,14,182,2,0,0,4,0,0,7
23,0,0,9,17,0,57,209,22,0,0,0,0,7,0,0,34,0,0,8,0,0,20,0,181,175,23,0,11,29,0,0
0,0,0,41,0,0,0,213,194,34,0,0,0,28,27,0,0,0,23,9,33,0,38,0,201,162,2,17,40,0,0,0
59,0,6,0,0,34,1,5,52,37,0,0,6,0,21,0,56,0,54,2,75,0,0,0,0,4,0,0,0,16,29,13
0,0,0,0,0,0,4,104,249,156,0,24,5,23,3,9,0,5,0,8,0,22,0,0,0,3,0,23,0,0,31,12
12,29,9,3,17,29,0,3,0,110,0,0,0,20,0,0,0,0,24,0,0,0,0,13,2,1,0,0,23,1,0,6
19,0,23,31,7,0,42,9,37,51,0,27,8,24,0,32,0,21,0,0,8,0,29,0,0,0,0,1,1,22,0,80
0,0,0,0,0,31,51,0,2,10,10,0,0,29,7,3,0,0,18,6,0,34,0,18,0,0,0,0,0,10,144,61
0,41,0,8,0,0,0,12,18,22,3,13,16,0,12,33,13,0,5,0,0,0,6,31,24,4,0,13,8,8,166,151
0,4,0,0,22,0,0,6,0,11,0,8,0,0,0,13,6,32,12,0,5,0,0,35,0,0,0,0,2,109,232,43
21,59,0,19,0,78,0,13,0,0,25,17,35,0,46,0,44,0,36,0,39,6,58,0,16,0,0,0,130,53,16,6
0,17,0,55,28,0,75,66,27,0,7,14,0,0,0,0,0,0,0,21,12,27,37,0,14,0,17,15,137,0,7,0
0,0,0,7,0,31,0,27,0,0,0,54,0,35,43,0,0,16,0,6,0,7,0,0,16,0,26,47,14,12,0,6
0,0,0,0,0,0,0,0,27,22,0,0,0,0,2,0,0,20,16,0,0,0,13,19,3,19,0,0,0,0,22,0
45,0,14,25,0,11,0,22,0,13,53,40,0,153,193,56,0,33,63,23,0,30,57,0,0,11,0,53,6,0,0,0
0,4,77,86,62,10,0,13,0,0,83,0,3,92,189,195,21,209,37,28,24,85,49,72,61,0,0,8,68,44,18,0
29,19,10,105,152,83,10,0,0,0,0,0,0,54,197,58,138,6,250,112,0,122,57,30,4,0,22,35,0,0,0,0
23,0,0,61,196,61,5,0,8,0,0,0,34,30,160,138,27,0,0,0,29,60,2,0,110,180,38,12,6,20,0,0
34,0,15,19,11,179,68,0,0,27,31,0,6,0,126,32,15,0,0,0,0,218,113,122,151,104,29,26,0,0,0,0
23,0,16,36,8,0,0,0,0,0,0,26,0,30,68,233,46,11,10,36,13,76,250,235,97,25,6,0,0,9,0,0
0,0,0,0,2,4,0,35,0,0,0,0,0,9,143,0,29,0,0,5,0,17,200,149,107,114,14,0,38,0,8,14
29,0,0,14,0,34,43,27,25,0,0,5,0,21,126,60,21,57,6,0,53,48,240,0,140,19,0,7,0,5,7,0
0,0,0,10,46,15,6,4,18,10,1,43,231,7,19,133,66,12,90,64,25,188,196,186,189,164,13,0,30,3,9,10
16,9,0,32,21,0,55,32,0,0,0,19,124,149,53,26,211,76,177,31,58,197,21,190,176,147,48,7,0,0,0,0
4,0,0,0,0,0,0,26,0,0,0,62,229,179,214,12,105,174,44,90,156,102,78,196,196,27,11,0,10,0,0,11
0,0,0,7,0,13,0,16,13,0,45,8,227,117,53,197,176,212,74,82,33,192,195,196,251,26,0,0,0,0,10,4
19,0,0,8,11,0,35,0,12,0,33,0,14,119,153,237,122,14,161,11,190,80,205,154,37,0,0,0,33,0,6,0
42,0,15,70,35,0,0,40,0,0,0,0,11,0,56,126,243,241,97,77,17,192,144,38,5,0,8,0,0,31,3,5
0,0,21,0,30,22,16,0,0,8,0,16,0,16,0,34,103,64,122,16,0,8,6,11,4,0,0,0,18,20,0,17
17,76,22,0,0,0,0,18,0,0,0,45,25,0,0,0,54,255,4,0,0,0,34,15,0,0,35,0,44,0,23,0
0,0,0,15,15,4,28,3,39,3,86,0,14,0,0,0,229,242,44,17,1,5,23,0,11,0,26,16,19,0,18,0
3,0,10,26,5,19,41,0,26,0,40,7,0,0,3,6,206,127,3,0,2,0,21,30,213,40,0,35,12,1,6,2
28,47,0,0,0,0,0,31,13,0,0,0,25,0,13,0,61,123,0,0,7,0,17,0,218,252,0,49,16,0,0,39
21,0,2,8,0,24,0,234,39,0,1,0,35,0,0,31,0,0,0,18,0,12,0,16,190,170,0,17,0,47,46,11
26,19,14,27,0,31,0,191,181,26,56,0,1,4,0,0,0,0,7,0,20,0,47,0,205,134,25,0,37,0,23,0
43,0,0,0,39,29,0,16,251,68,0,0,36,62,11,56,2,3,0,0,0,29,24,0,79,5,0,55,0,31,42,1
24,0,16,0,0,38,23,46,5,168,0,0,0,46,0,27,33,3,22,0,0,0,0,0,21,11,6,0,0,9,18,30
56,0,0,18,0,0,0,0,11,36,21,30,0,0,4,16,0,5,0,0,31,39,8,0,0,0,54,0,0,0,25,0
33,9,33,0,11,0,35,30,38,30,26,23,22,0,24,5,21,0,35,13,18,5,17,4,3,0,8,0,9,0,10,36
0,30,0,0,0,28,23,0,0,0,49,0,0,0,11,41,25,0,0,0,0,0,0,0,0,5,7,0,29,16,137,12
0,14,38,11,0,33,10,0,6,0,0,0,0,0,35,5,0,0,5,0,22,0,24,16,4,9,0,42,0,17,153,148
0,11,6,0,0,4,0,0,7,32,0,0,0,11,54,0,8,14,27,3,0,10,0,4,12,14,17,0,29,78,204,0
0,8,15,0,0,0,64,38,31,0,0,0,26,35,18,0,1,3,0,4,22,0,18,10,12,0,0,0,104,60,0,0
3,0,0,0,40,0,34,12,0,0,51,0,0,32,52,0,0,0,35,50,2,0,0,12,34,19,16,0,245,6,27,0
0,14,18,0,30,0,10,0,23,0,0,0,0,10,29,0,0,15,13,0,9,0,0,0,0,0,0,0,8,29,9,0
2,0,5,0,0,0,62,0,15,42,0,0,24,0,1,0,0,0,0,17,0,32,35,22,0,0,49,4,0,0,0,0
0,6,0,0,0,64,9,0,0,2,7,0,0,66,190,5,7,5,51,43,13,4,10,0,0,27,0,31,0,0,0,30
25,43,103,53,121,41,0,38,0,4,24,0,0,54,191,248,43,196,220,31,84,81,79,63,59,5,33,68,42,0,14,0
0,36,170,124,138,77,8,0,0,7,71,26,19,6,186,231,59,0,243,110,14,103,104,55,32,8,0,0,32,2,0,0
0,22,41,19,190,106,38,0,0,33,0,0,0,53,188,117,33,34,11,59,31,0,70,42,122,172,0,0,20,1,15,0
0,0,45,0,0,255,86,14,0,13,0,0,0,47,105,21,5,0,38,17,8,229,77,103,92,123,0,0,0,7,1,0
0,24,13,0,18,8,16,0,20,0,0,0,0,2,72,249,62,7,0,0,0,112,230,239,136,252,22,0,9,0,0,0
8,20,19,11,6,16,0,0,0,5,17,0,25,0,139,0,41,1,19,8,31,38,246,161,156,138,52,62,6,0,7,0
0,21,0,0,0,7,51,0,28,0,1,0,26,4,119,45,16,89,0,16,25,13,227,67,148,17,50,0,42,0,0,49
0,0,0,52,0,0,0,22,0,0,27,0,200,3,5,174,43,0,132,44,2,222,171,197,186,107,0,43,0,1,0,1
0,13,0,16,0,20,1,6,14,0,26,19,148,142,54,43,214,89,184,32,85,195,33,187,175,155,0,6,0,0,6,5
0,4,25,4,0,22,0,0,0,2,25,34,250,188,177,222,140,168,19,42,157,86,69,190,194,6,0,0,0,0,0,24
0,5,0,0,0,0,64,12,25,9,21,0,62,113,87,195,160,247,103,96,13,186,189,195,228,31,0,30,0,0,0,0
62,0,0,12,0,47,5,0,43,37,0,0,4,78,211,17,154,16,213,19,196,95,212,148,22,24,34,0,32,0,0,11
13,0,18,20,0,32,22,0,14,9,17,47,24,25,75,155,233,227,125,97,252,198,157,37,20,0,32,0,0,4,16,5
17,0,21,9,0,21,15,6,39,21,7,0,91,0,0,23,40,43,234,2,16,61,49,0,0,0,31,0,16,0,0,17
0,4,0,17,0,0,0,0,29,0,0,11,0,0,0,2,83,203,1,0,0,0,0,0,0,0,0,4,0,9,10,1
9,0,0,17,24,18,2,1,0,3,9,44,0,7,0,0,26,5,41,14,18,1,11,3,0,5,0,0,0,0,10,0
17,13,0,0,29,0,38,0,0,0,0,45,35,3,0,16,196,156,12,0,0,0,0,0,232,17,0,48,0,0,16,0
0,72,0,0,0,48,0,6,0,0,61,53,0,19,0,0,91,90,34,26,6,2,11,0,180,26,0,0,9,0,41,0
0,0,51,0,6,2,0,247,27,8,16,0,15,0,10,0,32,7,28,0,24,0,3,15,203,137,0,0,12,17,0,27
0,0,4,0,4,15,11,192,201,0,69,39,38,11,12,0,29,8,0,6,0,9,0,2,180,164,0,10,26,7,12,1
7,0,27,0,42,0,0,239,14,64,0,24,0,34,28,0,0,0,0,7,0,14,2,0,88,0,0,30,0,0,8,14
0,49,0,27,0,16,0,75,241,184,62,0,30,53,33,0,25,0,0,0,0,24,0,0,0,12,19,72,0,0,11,0
27,0,0,0,0,3,30,0,43,93,23,7,0,35,6,0,0,12,0,0,18,0,21,9,26,1,14,21,0,18,0,0
12,54,0,11,3,9,0,0,14,28,0,0,37,24,0,30,6,13,0,32,6,18,7,17,2,0,4,13,4,0,0,203
51,27,0,0,0,16,13,0,0,13,0,0,27,0,22,0,15,0,4,38,0,0,22,0,0,19,7,30,20,0,140,19
0,9,5,0,0,4,0,0,0,27,33,12,0,20,7,41,14,0,28,18,21,0,0,15,20,16,6,0,0,0,119,164
49,1,74,0,25,9,26,0,0,40,0,0,28,0,0,0,23,21,21,49,2,2,0,4,0,5,0,0,0,102,206,35
5,0,18,41,0,1,0,0,0,20,57,0,57,9,0,16,0,0,26,0,0,12,10,0,6,12,0,0,91,158,0,0
20,0,0,18,0,15,3,0,14,0,0,36,0,43,5,0,0,21,0,0,0,25,12,0,0,0,10,32,153,11,0,0
7,0,0,0,0,76,0,0,0,9,0,5,58,0,0,17,4,0,16,12,6,44,19,0,18,0,8,0,46,27,16,0
11,0,41,8,68,0,0,57,25,0,0,30,0,0,11,17,0,0,0,0,0,0,18,33,27,0,29,0,19,1,16,0
37,0,0,47,0,6,15,24,0,0,0,0,43,61,196,57,46,41,89,18,11,4,29,2,28,0,0,31,38,4,22,28
0,29,80,42,62,31,0,6,0,17,0,0,49,92,197,183,79,235,243,97,113,60,17,99,75,0,31,0,0,10,5,0
1,0,210,118,132,136,0,0,0,19,17,0,32,90,197,20,144,49,14,23,41,106,84,42,13,0,40,65,0,0,6,0
89,0,21,94,191,78,14,0,0,36,0,4,37,34,178,116,49,0,52,35,58,24,2,0,65,203,20,41,5,0,0,8
19,28,10,2,0,228,0,0,4,4,71,0,0,5,116,70,0,38,8,0,14,235,125,91,73,84,31,0,0,0,0,2
0,0,0,6,0,0,30,0,22,0,0,56,0,0,54,2,49,3,0,0,0,81,36,228,85,35,11,24,16,0,0,2
33,21,0,0,0,19,30,0,26,54,48,0,17,40,142,0,26,12,0,4,9,21,198,188,139,98,29,13,14,36,0,0
0,15,23,0,5,0,50,1,65,0,0,0,0,7,140,63,34,62,0,1,71,20,220,38,122,58,0,0,0,0,0,23
0,0,0,0,2,0,28,0,20,3,0,4,211,40,31,159,71,9,102,61,229,170,188,196,197,161,11,0,25,6,8,13
0,0,0,31,0,5,0,0,10,0,0,2,172,178,89,231,214,111,223,93,89,193,24,193,182,159,0,8,8,0,0,9
1,10,0,0,0,0,0,0,21,0,0,0,16,212,185,224,133,194,75,60,185,128,66,193,187,10,0,0,18,4,0,0
0,0,6,41,17,0,15,13,7,0,73,64,23,178,69,195,141,220,64,80,67,187,191,196,225,19,0,0,0,0,0,9
71,55,0,12,0,0,51,35,2,0,0,0,0,136,152,26,217,28,249,57,191,85,249,164,33,2,0,44,0,17,0,32
0,0,14,0,16,0,0,17,0,5,0,0,0,0,87,141,55,229,59,184,20,210,191,49,0,0,2,27,8,0,0,13
23,0,0,5,0,8,0,46,4,4,6,26,0,30,0,0,47,88,31,26,0,58,2,58,0,0,25,0,0,48,0,0
0,0,0,0,3,14,0,0,10,8,0,0,0,0,44,0,76,197,0,0,0,0,18,11,0,9,43,0,0,6,0,0
0,32,18,24,29,0,0,0,21,46,29,0,0,8,14,17,253,215,21,16,0,27,2,0,0,27,41,0,0,0,10,46
38,0,0,0,0,0,0,31,0,0,0,9,20,11,0,23,155,180,25,0,3,0,12,20,11,33,18,10,0,0,0,1
39,25,22,14,0,0,0,0,4,17,63,0,0,6,0,4,51,103,8,0,25,12,26,22,196,7,37,38,0,0,0,4
0,32,0,0,14,0,0,187,43,0,0,32,0,0,23,0,0,9,33,6,21,0,9,0,243,166,0,26,0,0,1,28
18,8,0,0,19,45,11,134,159,21,43,0,11,23,24,4,5,8,34,3,0,0,0,25,167,163,0,0,35,32,19,1
56,17,28,0,7,42,0,227,245,40,0,0,0,19,0,0,0,1,7,32,19,12,31,0,89,6,16,0,5,0,0,0
29,15,0,0,39,30,0,97,2,136,26,0,0,5,21,2,22,24,0,3,7,6,48,0,3,7,0,0,9,10,3,30
0,10,28,41,42,58,25,14,3,24,0,0,29,0,0,5,0,9,0,40,0,0,13,0,0,9,23,15,10,0,0,9
0,52,29,0,0,72,16,26,11,27,0,27,1,4,25,23,11,0,0,0,1,0,0,28,32,0,68,0,36,0,36,249
41,0,0,0,11,14,0,46,22,7,0,18,8,0,0,21,0,3,0,24,0,0,0,0,0,10,22,7,4,1,136,45
0,35,0,0,0,0,1,0,17,0,0,0,21,13,11,0,45,9,3,0,0,0,37,0,0,0,8,0,22,0,195,133
0,0,2,7,33,1,0,2,0,0,0,0,0,0,17,0,37,0,0,0,21,0,1,0,0,0,0,0,17,136,200,46
1,51,4,18,52,30,0,0,0,37,0,0,58,18,42,0,20,2,18,54,52,0,33,0,0,0,0,0,125,85,40,0
3,0,64,0,34,0,19,49,0,0,0,10,0,0,41,0,0,17,1,7,13,0,36,0,8,0,7,8,57,0,0,0
0,0,0,6,0,0,14,39,26,10,0,0,0,0,10,0,29,0,0,0,0,0,0,12,1,0,2,0,1,20,0,0
0,0,0,20,0,0,55,2,0,0,0,0,25,0,14,40,0,16,0,25,45,20,0,0,0,0,0,0,5,33,0,32
0,0,3,0,25,17,0,11,35,0,0,20,0,80,191,4,0,21,11,0,0,38,16,32,9,0,9,18,16,48,4,0
0,22,121,36,45,74,0,0,0,31,9,0,0,24,187,178,16,202,32,52,124,55,53,36,29,25,0,0,20,0,30,33
1,17,172,104,144,32,0,17,0,0,0,24,6,73,196,9,69,16,56,75,8,128,47,9,0,0,35,0,0,17,0,22
0,8,0,33,195,5,32,23,17,9,108,0,0,10,185,97,4,29,3,0,3,60,0,7,67,195,0,0,6,13,0,1
0,0,0,28,0,89,98,20,0,16,0,8,19,70,78,42,0,0,4,0,30,230,63,100,120,134,0,0,0,10,0,34
31,0,42,2,38,4,43,0,1,0,129,27,33,0,88,4,60,11,3,14,41,77,55,12,188,0,69,0,0,22,0,5
0,17,4,7,5,0,0,67,29,0,0,66,0,0,167,2,13,8,0,0,0,66,241,193,111,87,64,0,0,23,0,6
0,0,1,1,2,36,0,0,14,27,45,47,25,27,110,43,21,86,24,28,81,57,255,66,183,12,14,6,41,0,0,0
0,0,6,0,0,20,0,0,22,12,0,62,208,185,22,116,77,26,93,67,232,210,187,191,195,114,32,7,29,0,11,30
0,54,0,0,19,4,1,7,58,38,97,228,228,189,72,19,223,145,17,107,76,191,242,197,185,167,1,29,12,0,11,12
7,3,21,4,0,15,0,0,0,33,63,14,36,187,204,244,174,195,32,19,188,186,77,185,189,23,0,0,3,1,0,0
12,17,0,0,22,0,0,2,10,0,0,0,44,105,62,192,158,229,85,131,84,195,197,186,64,0,0,0,4,12,0,11
0,0,0,15,0,0,0,17,2,0,11,2,0,100,164,68,188,74,215,244,187,130,7,191,76,0,29,9,39,0,12,0
0,18,20,0,0,0,0,0,0,0,0,31,0,0,78,138,42,237,107,216,23,204,160,81,0,13,8,14,4,3,0,0
0,0,0,20,0,0,4,0,0,0,0,11,0,0,0,59,125,85,21,39,26,0,0,9,0,13,0,32,21,0,0,0
7,0,19,14,48,0,15,52,0,12,9,16,0,14,0,0,76,165,0,28,17,0,25,0,13,20,5,0,19,4,0,23
0,3,0,0,0,0,0,0,6,0,20,4,1,0,4,16,23,212,63,0,0,6,0,16,0,0,0,0,0,14,16,0
0,0,0,0,0,0,17,0,28,17,0,0,22,0,27,0,134,165,0,0,0,0,0,0,239,12,34,0,0,0,0,33
51,31,36,0,59,0,10,0,0,15,0,0,3,3,0,0,99,89,10,4,0,0,0,34,180,25,0,0,16,51,2,0
0,3,0,0,0,0,0,176,45,0,10,0,0,0,0,9,0,12,0,11,8,0,2,0,225,151,10,0,3,0,0,7
0,9,48,0,0,36,0,145,113,1,0,33,15,11,0,11,16,0,0,0,30,0,0,0,172,172,43,0,16,9,4,1
0,0,0,50,2,0,40,230,6,43,0,2,0,19,0,0,31,36,0,0,0,0,0,7,65,21,0,0,36,50,11,0
0,0,25,8,30,0,16,56,35,144,0,4,28,0,0,11,3,0,0,17,0,25,14,0,19,24,0,0,0,0,0,26
39,0,62,23,28,0,19,0,0,2,92,0,13,28,48,0,0,20,16,31,0,0,0,0,0,0,10,6,10,0,0,42
4,0,7,4,0,0,0,1,11,8,0,0,0,0,9,14,0,2,3,0,0,4,0,27,0,24,0,0,0,0,0,40
0,28,38,26,43,13,25,25,2,0,31,29,12,11,12,3,2,19,17,0,0,0,14,7,8,35,0,0,0,3,140,64
56,0,55,22,10,0,0,0,0,36,33,0,16,0,17,5,34,14,0,30,48,4,37,0,4,0,49,79,30,25,207,76
58,0,41,4,66,15,0,4,0,0,0,32,38,0,23,10,48,10,35,0,36,0,16,0,0,35,0,0,0,140,227,13
0,4,29,9,0,17,6,39,0,10,0,0,0,0,13,4,2,20,0,42,23,0,0,10,0,20,0,0,135,153,0,15
0,18,3,0,10,0,28,26,0,0,0,59,0,12,22,13,0,7,12,8,0,1,29,0,0,13,39,26,31,0,5,12
0,0,0,20,15,24,4,22,22,17,76,0,10,0,21,5,36,24,0,0,9,0,20,0,0,0,16,42,0,7,0,1
41,0,0,6,5,0,57,0,0,0,0,32,25,11,19,8,7,9,13,3,18,3,13,0,0,11,0,0,9,21,11,0
28,29,37,8,24,0,0,17,0,0,0,0,24,84,190,0,5,11,54,0,0,21,44,11,0,0,66,2,0,0,49,7
4,3,94,81,78,32,0,10,2,19,0,0,69,83,196,187,38,211,5,17,81,77,99,60,72,3,8,0,0,12,1,50
0,33,228,142,63,200,30,0,0,0,0,6,5,29,192,54,134,10,75,96,23,119,125,18,34,58,0,0,0,15,0,23
31,0,17,56,192,92,49,39,44,0,0,24,3,0,191,183,46,0,46,0,45,33,53,9,117,188,0,29,0,0,7,8
0,0,11,7,0,183,97,29,22,11,62,0,0,4,153,22,42,0,6,43,0,248,86,135,130,97,0,0,0,14,0,0
16,0,0,24,0,0,56,14,7,0,10,23,0,12,93,1,68,0,0,20,0,73,39,243,157,19,0,0,12,30,0,0
13,0,0,48,8,0,16,41,5,10,2,9,43,0,146,29,34,0,1,0,49,71,208,164,126,97,59,1,0,0,0,32
4,15,0,0,0,6,20,0,9,24,51,8,0,0,156,48,29,64,0,0,62,22,240,65,217,22,39,0,33,0,2,14
0,0,0,0,0,0,23,0,7,9,59,0,212,14,57,186,14,35,126,85,61,195,181,194,196,134,37,8,44,16,20,1
0,54,0,29,18,0,0,0,3,8,0,232,169,194,56,61,235,124,245,107,86,195,16,186,190,181,0,18,0,6,1,3
22,0,0,63,0,0,0,0,28,12,24,95,28,200,222,17,130,180,39,48,195,167,78,192,195,0,9,0,0,0,0,0
13,40,69,0,0,23,4,0,0,20,0,0,10,123,82,196,184,238,77,96,65,189,193,197,38,13,28,0,5,3,30,1
1,2,22,14,11,0,24,17,10,0,0,0,0,122,173,32,229,71,250,43,190,97,13,146,51,0,22,0,0,0,0,0
10,0,0,7,0,0,11,0,7,5,0,49,19,19,82,117,20,1,59,198,42,179,139,43,10,21,23,0,0,0,6,10
66,34,3,0,0,7,41,0,0,19,43,0,0,0,0,2,95,43,12,8,27,25,3,0,0,5,0,27,34,22,10,0
69,0,0,0,2,0,9,1,27,33,0,10,0,1,15,0,106,197,17,32,6,0,0,14,3,0,8,0,13,10,0,42
15,14,11,9,10,12,0,0,0,15,0,2,0,17,11,0,1,208,77,0,42,0,0,0,0,17,0,0,0,3,35,54
0,19,0,18,0,0,0,0,0,31,0,0,0,22,0,0,156,172,0,21,0,0,0,0,232,40,0,0,8,16,8,0
19,0,27,0,19,17,0,0,14,0,0,0,40,0,21,0,63,127,3,14,0,0,0,0,234,19,0,0,6,7,8,27
0,0,19,0,0,0,0,198,39,0,0,0,0,16,0,13,0,0,0,0,17,4,18,16,217,154,50,37,0,0,31,0
0,9,0,33,0,0,40,156,189,34,8,0,0,25,0,0,0,0,0,29,0,0,0,0,188,151,27,0,0,0,0,55
0,0,41,14,21,0,70,53,63,0,60,22,0,0,20,0,11,11,0,5,9,9,9,0,65,0,0,37,0,0,0,0
29,31,40,0,17,0,19,33,255,190,8,0,5,24,0,2,0,30,0,0,0,0,0,0,0,0,61,55,25,0,26,1
2,34,0,0,0,0,34,0,0,20,34,0,0,0,0,0,28,0,2,0,0,0,9,1,9,0,0,0,7,0,0,0
51,0,9,20,19,2,0,28,18,6,0,0,14,0,10,0,7,0,1,51,8,35,20,0,0,0,0,20,0,0,0,33
49,13,0,0,5,1,0,0,0,35,39,19,24,0,14,8,21,26,17,0,0,0,24,37,14,0,10,0,17,10,168,17
9,0,5,0,14,0,0,0,0,0,2,0,0,0,13,19,0,0,4,0,0,0,0,0,0,4,0,0,0,16,144,129
8,0,0,14,0,18,22,0,0,2,0,7,0,42,5,0,16,0,12,0,0,0,11,0,0,19,9,18,26,142,205,31
35,0,33,0,0,14,16,0,0,0,9,0,6,57,21,0,28,0,0,0,0,0,42,0,0,14,23,56,138,117,0,0
12,30,3,38,0,0,55,0,0,0,0,28,17,9,0,0,31,0,0,5,0,0,3,0,0,8,0,0,198,0,0,45
0,0,0,0,0,0,26,26,0,0,0,0,0,4,0,0,0,0,33,0,0,1,8,9,0,7,34,28,36,19,0,11
0,17,16,15,1,0,0,51,8,12,18,12,23,6,0,0,6,5,0,3,21,0,21,0,0,16,0,53,6,0,26,2
0,28,0,1,24,0,0,0,12,0,0,0,20,133,191,31,20,3,42,0,11,0,28,35,2,0,0,2,0,26,0,0
24,0,147,87,133,72,30,0,59,0,45,51,30,33,192,16,12,222,11,33,112,83,73,92,20,19,0,0,0,11,2,65
79,2,169,191,35,200,19,45,42,0,50,7,21,78,187,50,134,27,22,85,14,95,102,11,0,12,22,0,1,0,0,0
5,8,0,44,190,95,3,13,0,0,0,4,0,0,144,153,16,0,0,32,35,57,0,0,109,188,0,0,0,0,0,37
0,0,0,34,33,215,61,46,18,5,26,3,61,0,134,0,0,0,9,33,18,171,92,125,106,120,4,0,0,0,0,0
0,0,57,0,9,40,59,0,0,32,1,3,38,9,74,13,57,28,36,0,22,48,23,8,123,16,17,97,0,4,0,0
33,0,32,7,0,26,9,0,18,0,6,0,0,13,133,21,38,0,3,10,5,35,200,152,164,133,0,1,29,0,12,0
63,0,14,23,12,31,0,0,9,12,0,20,0,18,137,70,16,8,0,13,79,37,250,27,215,4,0,9,36,2,4,0
15,0,0,0,0,41,12,12,0,36,0,0,224,200,51,158,48,37,120,32,26,223,178,196,197,106,3,0,0,42,0,0
19,0,0,0,0,0,25,32,41,0,42,253,166,196,76,29,239,148,238,112,101,190,66,195,196,163,0,30,20,7,0,0
0,0,4,29,35,6,2,10,3,6,32,63,30,208,230,1,122,176,43,90,190,157,47,188,191,33,0,0,0,0,0,13
0,0,0,0,0,0,0,19,0,10,3,31,50,105,57,197,182,233,88,78,81,192,196,196,31,32,0,0,32,0,0,1
0,46,20,22,0,15,0,0,0,0,0,4,33,106,232,14,238,93,252,11,195,107,247,181,24,17,0,10,22,1,20,29
9,0,0,36,0,0,12,49,0,0,0,55,0,13,77,170,15,208,75,185,37,231,183,0,0,0,0,8,0,3,0,3
6,0,2,12,4,23,0,0,0,0,0,0,0,0,6,18,103,53,46,0,0,56,25,13,0,0,0,38,0,14,0,0
0,14,34,0,0,14,61,0,5,42,0,0,0,8,32,0,121,206,31,24,0,0,0,34,0,30,16,0,8,0,0,0
12,60,0,0,0,15,5,0,0,16,0,0,0,0,0,0,5,223,64,0,0,0,0,22,0,0,0,39,0,0,0,0
13,20,0,0,0,0,0,26,19,0,1,0,0,5,18,12,169,159,5,0,0,0,0,0,248,12,16,0,10,0,4,8
3,0,0,0,0,1,0,1,0,0,0,0,0,0,22,39,49,65,0,3,13,38,0,0,181,246,43,43,0,0,18,7
0,0,15,16,0,0,20,203,58,0,0,15,0,0,25,0,0,0,0,0,0,0,65,0,221,147,19,32,0,4,0,0
8,0,26,46,0,0,52,132,182,0,0,68,0,16,16,0,16,0,0,20,17,1,0,0,138,154,0,26,0,20,0,19
20,0,0,25,0,0,4,249,35,35,0,19,29,22,0,0,24,8,0,29,5,0,18,0,47,3,29,21,0,18,4,10
36,0,0,16,9,5,59,64,21,190,0,48,9,0,8,25,1,8,0,0,2,9,0,0,0,5,3,0,0,35,17,17
12,0,0,13,0,1,71,43,11,2,33,12,0,0,10,25,0,22,0,0,9,6,0,0,0,0,0,25,0,0,0,0
50,0,0,0,57,0,0,0,0,0,0,12,4,28,0,29,3,15,0,0,8,0,10,9,2,0,0,0,10,24,0,29
0,16,0,12,0,0,42,18,10,0,54,28,9,0,40,1,1,0,0,4,21,0,24,11,0,0,0,0,19,0,159,4
0,25,7,0,0,0,55,0,5,6,0,0,16,0,32,0,3,0,0,29,0,0,0,0,5,52,0,0,19,0,147,124
0,1,17,11,0,0,17,73,28,0,0,0,29,36,0,0,22,16,4,29,18,0,19,0,0,17,0,0,0,100,7,11
0,2,0,0,0,13,0,35,12,0,17,76,0,31,57,10,30,49,16,32,25,7,0,0,19,35,22,0,73,120,4,23
0,0,0,0,2,0,38,0,9,0,8,21,8,6,11,41,25,0,0,26,0,0,8,19,0,13,0,0,195,0,1,0
0,0,20,54,7,15,18,0,18,24,0,0,16,7,19,33,10,0,0,26,0,9,15,10,0,21,0,8,8,11,0,7
9,0,16,19,0,24,48,24,61,0,0,0,18,0,17,20,0,42,0,0,22,26,16,0,0,28,0,0,0,3,0,68
7,0,27,13,4,0,0,0,0,34,0,7,0,87,192,47,12,0,65,0,0,20,9,17,0,0,3,0,0,11,0,0
19,0,154,39,114,54,0,0,0,17,29,34,9,63,196,254,39,235,244,26,94,95,68,50,80,30,0,0,9,15,16,0
0,30,217,196,65,220,0,0,46,0,0,0,23,13,194,72,104,0,251,86,19,105,106,50,41,0,39,0,19,41,0,0
48,0,12,24,193,69,27,0,0,30,0,0,23,8,138,110,65,0,65,0,0,61,0,34,68,126,0,0,0,38,12,0
11,19,23,0,3,255,73,0,7,0,21,0,16,2,128,41,0,0,0,0,18,185,128,95,124,133,0,0,0,0,5,0
0,0,6,15,21,0,56,0,1,21,0,0,0,11,92,50,33,0,0,49,0,82,245,240,168,56,0,32,0,0,1,11
23,0,35,5,24,0,0,0,0,27,0,0,0,27,133,23,16,0,0,0,3,13,218,142,139,128,3,13,10,2,9,50
0,0,0,36,0,0,0,33,0,0,0,16,34,11,151,59,2,20,0,16,120,33,34,44,242,28,30,68,13,0,0,0
10,28,13,0,16,25,26,7,33,6,0,0,206,17,28,149,55,0,128,52,16,159,176,196,197,116,17,0,9,0,0,0
0,0,0,11,2,0,31,0,11,8,0,8,147,188,57,61,198,127,216,93,115,189,50,197,187,193,24,0,0,18,31,0
35,0,0,22,0,0,34,5,19,16,0,81,240,178,203,231,115,199,42,106,190,144,17,197,186,33,18,14,18,0,0,29
26,16,0,0,0,11,0,0,0,30,0,0,22,147,71,193,196,248,55,115,120,195,197,186,5,0,0,0,0,60,21,0
0,29,49,0,30,16,56,9,9,0,0,3,0,99,234,30,211,92,239,27,189,109,226,166,41,13,49,0,0,0,3,13
0,33,0,0,31,14,0,9,0,0,21,24,0,30,67,128,33,247,91,235,80,227,138,73,5,0,16,5,0,29,0,0
8,39,0,34,0,0,52,0,8,0,10,0,112,5,32,30,84,82,46,17,34,67,34,0,0,3,27,68,8,0,16,0
18,12,16,20,6,0,0,65,0,0,32,17,0,8,10,0,71,191,27,0,2,0,0,0,0,0,0,0,23,1,0,54
0,0,21,11,17,14,0,13,16,12,0,0,6,0,41,0,16,206,57,0,27,24,20,0,5,45,9,0,0,0,0,16
0,0,0,0,24,22,4,0,17,22,53,0,26,26,40,0,168,171,0,0,0,10,0,37,241,13,0,0,31,16,1,0
0,0,27,30,14,20,0,0,0,0,1,0,1,0,0,0,16,59,0,9,15,1,0,4,203,15,37,0,38,0,4,0
3,0,0,1,41,0,0,154,45,8,0,25,9,41,19,0,3,12,0,26,10,0,0,29,222,156,25,10,5,42,8,20
0,0,2,13,0,0,0,172,160,21,0,0,20,44,18,0,4,32,0,0,0,0,0,12,138,116,0,66,27,5,4,0
30,0,12,50,48,0,35,3,23,25,0,0,0,9,0,17,0,27,0,7,15,6,0,0,71,8,0,59,5,0,0,0
32,19,37,0,5,0,20,44,242,170,0,8,0,0,0,15,17,11,0,0,16,2,23,6,9,0,0,21,0,6,0,24
19,0,0,14,0,0,26,0,0,8,27,0,0,0,6,2,0,7,8,0,0,0,0,0,0,0,29,6,19,9,0,12
0,9,0,0,26,0,4,4,0,18,0,3,6,0,6,0,3,13,0,19,12,0,0,0,0,28,0,0,0,12,37,81
0,67,11,0,0,0,10,12,0,4,0,0,22,52,5,0,35,0,17,26,11,0,5,0,1,8,2,0,16,23,178,193
0,4,9,0,0,4,89,0,32,0,23,0,26,0,17,7,0,6,0,4,0,0,0,0,8,0,1,21,1,0,114,100
59,14,0,0,0,0,0,10,30,0,35,47,0,0,0,55,25,21,0,34,21,28,25,0,0,2,38,5,0,206,229,0
0,49,22,0,2,28,0,9,27,4,14,0,9,0,0,0,0,13,0,2,0,6,13,0,0,8,13,47,116,32,0,26
8,0,0,0,5,0,2,0,37,0,1,30,0,0,17,25,0,0,0,6,0,13,36,16,13,16,30,0,189,0,0,41
0,2,0,17,0,0,0,9,0,0,24,4,0,16,0,0,3,0,0,0,0,9,3,33,0,4,0,10,0,2,0,0
0,0,0,0,0,0,0,10,42,23,0,0,12,6,1,8,24,13,0,0,1,0,18,0,6,0,7,0,0,30,0,57
32,0,29,13,0,3,0,0,29,0,73,0,0,85,189,0,4,0,12,29,3,0,17,5,0,0,0,0,0,4,0,6
0,0,131,100,109,0,4,49,25,0,9,0,13,73,190,154,0,0,230,99,111,46,66,45,68,28,73,43,0,0,29,0
58,0,201,191,48,195,0,11,0,0,12,0,0,59,188,63,170,0,250,117,0,107,115,7,0,8,0,0,0,0,0,0
40,0,0,53,197,76,35,0,0,0,0,0,9,13,141,145,0,9,0,0,0,7,45,3,69,150,16,16,0,1,12,11
46,24,0,14,0,23,115,17,0,0,39,0,0,22,161,26,6,0,3,0,26,184,73,136,113,120,0,0,0,0,0,6
0,0,49,0,0,0,0,0,46,0,50,0,50,0,89,30,83,32,0,10,0,88,255,30,174,49,10,0,0,0,0,0
48,42,0,0,0,9,0,0,48,9,62,1,57,33,159,0,40,7,0,11,0,50,248,158,182,112,41,0,50,0,30,0
0,0,0,24,0,0,0,7,0,0,6,10,0,0,118,64,14,70,18,22,43,55,235,49,201,245,3,0,0,35,27,0
0,23,11,0,0,2,0,40,19,13,0,18,180,11,247,159,70,24,114,77,218,172,187,190,193,117,18,3,7,0,19,15
14,0,0,0,6,0,14,2,6,25,0,4,186,195,86,12,231,99,211,106,107,195,37,187,179,192,0,0,0,22,0,0
19,0,32,9,14,0,0,58,27,0,19,50,42,192,213,23,166,229,70,82,197,159,88,196,196,29,8,0,0,32,0,0
0,12,0,7,3,0,34,0,0,0,0,0,23,109,99,188,178,9,160,128,112,197,195,190,23,36,0,26,0,0,0,11
2,5,0,0,13,2,9,20,0,16,5,9,12,132,1,36,16,114,6,46,192,147,244,196,40,6,0,0,10,0,0,1
13,0,14,28,2,0,0,3,14,14,0,0,0,9,84,148,49,248,136,217,47,216,186,101,22,7,43,0,39,39,0,27
0,1,0,0,0,22,3,0,0,22,0,0,0,14,0,2,96,52,36,30,32,27,22,9,20,15,27,0,26,0,0,0
0,0,0,0,0,0,11,61,0,0,0,24,0,35,0,27,140,174,0,26,0,14,32,0,0,1,20,15,0,0,0,0
0,0,0,14,42,0,67,0,0,0,9,0,0,5,15,0,9,197,33,0,25,7,0,0,22,20,0,21,0,21,0,0
0,0,0,9,0,0,0,0,0,12,0,0,0,0,21,0,138,164,22,6,0,15,32,0,5,35,21,21,0,0,0,0
2,0,16,3,23,12,32,20,0,0,6,0,0,34,7,0,69,97,1,7,0,0,8,5,211,25,0,0,0,24,6,13
37,0,26,0,0,34,0,194,65,33,18,37,0,23,24,2,26,22,0,0,0,0,0,40,217,131,27,7,0,0,0,0
22,0,8,0,0,0,63,150,181,17,21,0,4,12,3,33,0,0,0,15,1,0,0,34,159,151,0,0,0,27,31,19
0,45,0,0,0,64,0,216,208,52,0,10,0,40,1,0,18,25,0,0,8,11,0,26,61,0,0,11,36,5,10,12
0,0,0,1,31,19,33,43,37,135,0,53,5,6,0,0,23,26,3,22,45,13,48,0,4,0,5,28,3,28,0,0
71,48,0,0,0,34,0,29,0,30,0,12,0,7,0,0,0,0,3,14,0,0,0,0,0,4,0,0,0,45,47,0
0,2,18,0,0,21,30,27,0,18,0,0,0,0,0,11,0,0,22,0,24,0,43,19,14,21,35,0,11,25,0,3
9,0,22,0,3,0,0,40,53,0,0,0,28,0,30,3,22,0,13,8,7,0,17,11,0,0,22,0,18,9,152,217
14,0,0,12,31,0,25,15,3,0,0,0,7,3,16,19,16,1,0,0,13,0,0,0,0,5,7,0,0,7,132,43
0,71,1,0,0,34,0,0,0,6,0,22,24,21,36,31,0,21,2,0,20,0,0,11,0,24,0,0,0,205,244,55
0,31,0,3,27,9,0,36,5,22,36,0,0,0,20,10,14,5,32,0,10,0,0,0,0,0,0,5,93,63,24,7
25,1,2,2,12,0,11,0,0,10,17,0,0,4,8,8,0,6,5,0,14,33,0,26,0,0,20,0,116,1,17,0
0,24,0,33,18,17,11,14,0,7,43,0,29,0,40,0,0,0,35,11,0,8,0,11,0,30,10,0,25,1,0,0
40,0,19,0,4,10,49,19,0,14,104,0,0,28,0,31,0,0,0,0,0,6,0,0,15,7,0,0,0,16,0,0
12,0,33,10,3,29,34,31,0,28,57,5,42,27,189,9,12,0,56,0,15,3,15,1,0,0,13,7,0,39,0,14
29,5,114,81,83,50,69,29,0,8,111,0,0,23,189,233,22,8,21,73,130,85,0,88,65,0,44,30,0,43,0,0
56,0,230,190,77,121,25,0,35,0,115,59,35,38,187,61,131,12,6,122,30,89,149,12,4,11,24,0,0,0,2,0
30,1,47,45,191,60,0,0,0,38,0,0,0,0,140,173,2,0,14,16,0,40,16,0,109,154,0,0,0,12,0,33
0,20,0,0,0,250,32,1,0,0,0,0,26,24,159,12,6,4,0,0,0,193,77,128,109,119,0,4,17,0,18,0
30,0,25,7,22,2,8,0,0,18,0,0,31,0,82,17,61,8,6,0,0,94,22,11,122,45,57,0,6,0,0,13
12,21,0,31,2,0,0,3,4,3,47,0,0,0,131,0,45,5,0,0,3,41,209,158,156,125,0,47,3,0,4,31
0,0,13,0,43,0,4,0,0,0,0,54,7,11,96,58,245,39,0,13,119,61,10,25,159,243,11,0,0,0,12,31
19,26,24,16,0,0,31,65,0,30,0,2,196,13,43,147,104,0,151,74,43,176,175,197,195,105,0,0,0,0,18,0
0,0,16,0,41,12,0,29,0,13,13,42,209,197,47,211,217,118,230,105,98,197,23,190,144,114,38,37,0,0,12,8
0,0,0,0,0,0,13,0,28,0,46,31,254,196,247,230,98,217,63,103,186,171,85,196,186,73,39,0,10,0,0,0
2,0,0,7,12,7,0,23,5,45,82,0,99,124,90,191,170,239,33,144,105,196,187,192,7,0,14,0,25,0,5,0
0,13,0,0,0,15,34,12,11,18,0,0,0,141,206,1,242,118,7,50,196,123,236,178,46,2,35,19,0,0,0,4
8,2,0,0,0,0,0,0,7,16,102,7,17,0,65,119,83,7,106,203,90,174,158,74,14,0,0,0,0,29,11,0
8,10,0,0,1,20,0,33,21,8,21,23,0,7,0,3,89,48,7,0,24,37,31,24,10,13,0,0,0,14,0,0
0,2,16,15,1,8,30,0,0,9,0,0,0,5,0,6,105,200,0,3,1,26,2,0,0,0,0,0,0,0,0,10
6,0,5,0,0,16,0,23,18,0,0,0,0,4,14,0,14,249,43,0,23,0,0,9,0,19,23,15,0,0,16,0
0,0,9,19,0,38,57,12,0,7,4,0,9,3,3,29,128,139,0,0,0,0,7,0,253,27,0,75,0,0,0,0
2,0,20,3,8,0,15,4,20,17,0,0,0,15,0,8,63,119,0,0,0,10,7,36,190,31,0,12,2,0,0,0
40,8,19,53,15,0,0,227,40,0,83,31,0,0,0,60,0,13,0,0,0,18,3,19,201,135,0,0,8,26,0,0
0,0,26,6,17,33,6,188,135,0,7,23,11,5,7,27,29,10,0,0,0,0,0,0,176,149,0,21,17,0,0,4
39,31,10,25,0,31,0,200,18,72,0,0,19,32,16,23,0,0,23,0,45,0,38,14,24,5,51,40,19,22,0,27
20,6,5,0,17,58,61,0,253,154,0,0,0,0,0,36,12,0,0,0,4,2,0,0,29,0,16,30,27,23,0,0
64,23,0,12,0,22,0,0,9,19,0,0,14,0,0,9,27,0,9,0,29,0,11,0,0,34,0,0,0,0,2,27
17,16,3,0,23,5,8,0,7,50,0,27,19,0,7,25,1,0,0,20,0,0,0,0,0,12,0,8,0,0,24,59
98,0,2,24,0,0,0,33,6,13,23,0,0,0,18,0,22,30,4,17,23,48,12,0,4,0,0,0,26,0,114,195
0,0,26,37,32,14,0,0,23,17,0,0,36,8,29,0,3,9,0,0,0,0,15,0,23,0,0,15,8,18,121,50
70,14,0,53,27,0,28,45,0,16,0,14,9,0,0,0,0,0,15,15,13,4,64,0,18,0,9,39,3,185,208,37
0,59,0,15,3,11,0,41,0,12,22,0,2,0,0,0,0,0,0,22,0,0,0,0,0,0,0,0,78,74,8,13
17,25,13,0,0,6,0,0,9,31,0,41,31,28,4,0,0,3,20,0,35,0,9,0,0,0,0,6,190,24,1,0
30,0,0,22,35,0,0,0,0,0,0,48,20,0,0,0,10,8,1,0,0,0,44,39,0,0,0,16,16,0,0,36
39,0,28,39,49,0,23,70,0,0,0,27,0,9,0,0,7,8,49,39,18,0,38,0,0,38,0,31,30,0,27,0
0,0,12,0,0,32,4,7,24,7,0,0,0,61,197,12,0,3,1,0,6,0,28,32,18,0,5,36,0,0,0,0
33,0,104,66,89,0,0,18,38,0,0,2,71,26,196,218,24,253,253,71,110,38,68,66,74,0,22,33,27,0,0,0
18,0,184,188,91,193,0,59,0,0,0,2,0,2,195,107,153,0,253,75,0,112,120,0,24,7,0,0,17,0,1,0
29,39,0,33,196,53,49,0,0,17,88,0,42,41,149,77,5,7,0,35,21,28,38,0,161,154,44,77,55,32,14,0
0,11,7,0,17,251,124,0,0,0,65,0,0,0,144,44,11,0,0,4,3,202,65,109,181,111,46,90,0,60,16,0
0,0,3,0,0,0,44,0,12,15,0,43,0,0,100,252,47,10,14,22,0,109,36,3,140,37,6,0,14,25,0,3
20,8,52,0,15,0,22,33,0,22,0,0,0,18,148,0,45,4,0,0,0,59,252,184,149,72,6,0,0,16,2,0
0,0,0,4,0,0,9,16,0,20,0,0,14,37,131,0,66,106,0,9,76,67,233,30,112,214,0,10,0,47,0,0
4,0,0,0,0,20,0,0,0,6,0,48,212,12,9,215,75,50,125,51,29,162,163,197,189,159,0,8,0,0,0,22
0,19,0,25,0,4,0,7,21,23,20,34,151,194,80,248,251,70,254,160,103,186,65,195,185,176,20,37,0,0,0,24
3,18,0,0,0,0,0,52,0,0,1,61,11,253,217,180,123,233,38,153,187,161,41,192,187,48,0,0,23,4,0,32
49,82,0,2,12,55,0,0,0,0,0,24,63,157,39,189,125,53,183,99,151,197,193,191,39,0,11,0,41,41,66,42
0,0,36,0,0,0,8,0,0,0,0,0,7,126,243,11,35,116,66,63,195,107,234,196,27,9,40,0,0,1,19,14
0,0,7,20,0,3,0,0,0,0,26,23,0,0,101,121,50,0,108,242,106,196,184,51,5,0,0,28,0,0,19,6
0,36,9,0,10,0,0,23,22,12,0,0,0,0,0,65,114,72,50,20,38,58,0,0,0,3,0,0,0,0,0,16
0,0,0,11,18,0,29,0,3,45,69,39,47,0,17,0,135,173,0,37,0,0,11,0,1,0,0,1,22,0,0,36
0,32,0,0,0,17,1,0,6,0,41,0,0,26,20,0,233,2,35,0,0,0,11,0,9,0,59,0,13,0,43,0
0,16,3,0,9,52,23,0,40,4,128,0,70,10,13,0,151,122,0,8,0,0,0,0,16,237,34,12,10,39,29,0
7,13,49,0,16,17,24,0,0,0,0,18,0,19,0,0,89,93,1,17,22,14,0,33,184,7,0,0,39,29,20,21
0,0,0,0,0,9,19,243,50,3,0,0,0,25,14,0,0,14,27,19,0,5,0,0,225,159,0,58,0,0,5,10
8,0,23,3,37,15,62,135,169,8,56,0,0,0,28,0,64,0,27,28,0,21,0,5,204,176,0,0,0,23,0,5
5,23,0,0,0,25,0,173,245,45,0,7,34,10,24,0,0,0,0,33,0,0,0,0,60,1,19,5,5,5,32,8
14,0,8,23,0,0,23,53,221,123,43,6,37,14,0,0,27,12,48,0,0,8,7,23,31,4,22,15,33,3,0,9
7,0,7,32,16,5,16,16,13,241,104,0,4,32,9,6,0,10,5,0,2,49,11,15,0,0,0,22,17,0,4,0
0,8,11,20,2,0,25,29,0,9,84,0,0,2,0,50,0,24,0,0,0,0,19,0,12,0,12,70,0,11,0,36
51,0,12,9,0,9,0,23,0,9,0,0,0,0,0,14,17,0,0,0,29,0,0,0,0,11,0,20,0,0,125,216
0,4,1,0,0,0,0,0,20,0,0,71,0,10,0,2,20,0,2,0,0,0,0,0,0,0,4,0,0,10,130,56
47,19,2,36,27,0,32,0,3,0,0,40,55,16,0,0,0,0,37,0,23,5,3,1,0,1,5,0,15,212,223,4
16,0,0,0,5,0,32,0,10,23,17,0,0,0,22,7,14,5,0,0,23,0,0,37,13,0,0,21,92,68,20,0
54,34,25,0,56,13,0,0,0,0,49,0,11,22,35,0,24,0,0,13,30,28,91,0,21,0,51,35,152,7,11,24
0,0,0,7,0,0,0,0,12,0,2,56,0,0,8,30,0,0,6,0,5,0,9,0,0,7,0,0,0,0,8,6
10,3,0,14,9,0,7,0,0,0,19,0,0,38,5,33,21,0,33,0,23,0,3,0,38,0,0,0,0,0,0,13
0,3,0,0,0,11,17,26,0,0,0,0,11,80,197,0,0,54,42,0,0,2,0,21,0,16,33,0,20,8,0,45
0,0,80,115,88,28,0,19,0,0,59,58,8,240,188,170,38,218,16,29,98,88,102,39,92,35,12,40,0,0,0,0
0,0,159,189,62,188,45,0,0,0,0,42,0,54,187,69,139,0,241,98,18,111,211,7,13,11,20,84,0,45,0,0
20,0,0,0,191,32,20,1,31,0,0,12,6,0,131,154,0,0,0,0,4,71,54,0,124,190,18,0,36,0,0,29
36,39,5,0,9,248,83,32,0,29,38,0,26,14,158,43,11,0,0,0,0,185,98,127,133,96,0,23,0,0,36,0
15,0,0,37,0,2,40,0,40,20,121,0,0,0,60,24,63,0,0,18,6,116,6,252,91,51,0,0,0,0,0,32
0,0,0,29,10,9,35,0,11,6,0,12,0,23,117,0,19,0,0,11,3,71,224,166,158,94,8,0,1,0,0,0
17,0,0,14,5,0,0,0,0,10,25,0,0,0,114,89,40,115,0,0,70,69,255,240,169,4,3,0,12,10,0,14
0,0,0,16,0,0,0,54,0,0,0,0,170,15,246,209,107,40,104,74,6,174,152,194,187,167,5,87,0,0,0,0
0,12,11,52,56,32,70,27,4,0,0,16,185,165,43,253,216,142,240,140,151,186,67,195,183,142,60,7,8,0,9,27
0,9,0,35,3,14,0,21,4,0,0,7,19,201,230,217,136,224,68,112,187,152,31,194,187,35,0,39,0,9,2,0
0,0,41,28,0,17,11,20,0,9,0,13,51,155,64,188,234,249,144,94,167,197,197,189,81,63,0,29,15,0,0,18
35,11,0,0,30,2,0,12,12,0,42,0,41,133,0,254,18,128,39,65,194,138,217,187,36,19,13,0,0,32,0,0
76,0,0,0,0,2,39,0,20,0,0,0,23,2,101,91,103,16,251,199,83,231,180,72,11,7,68,7,24,1,28,0
0,0,25,1,0,0,35,0,4,0,25,57,0,29,0,2,115,83,79,0,19,76,0,0,0,23,15,13,2,8,34,0
6,16,0,0,28,5,21,4,38,29,0,0,42,0,32,15,120,203,54,0,44,0,9,0,21,0,1,0,0,0,0,16
0,19,0,0,0,6,0,18,8,0,0,0,0,4,1,0,235,243,14,0,12,12,0,0,7,0,0,0,7,8,0,36
16,0,0,0,0,0,18,0,0,0,9,0,4,21,17,0,119,157,0,0,0,0,0,0,22,255,6,0,2,0,0,56
0,0,0,17,0,0,0,0,0,9,0,0,0,27,33,2,81,85,0,31,0,30,0,0,166,250,0,0,0,4,0,0
30,0,0,0,0,0,0,221,6,0,0,18,0,6,10,0,26,6,11,6,6,0,0,0,201,144,0,12,28,20,3,12
0,0,11,9,64,2,42,196,150,0,0,2,25,0,20,10,21,0,8,3,14,0,4,8,191,171,0,22,19,0,9,0
13,1,2,35,0,0,11,181,212,44,40,5,0,63,24,24,0,0,0,0,0,36,0,13,44,0,1,35,2,0,8,6
0,0,1,18,0,0,23,59,247,144,0,0,0,80,0,0,19,5,0,0,0,0,0,6,16,14,0,0,2,22,18,1
54,0,0,0,0,0,0,0,12,6,20,11,0,13,0,4,3,9,0,27,23,0,9,0,1,0,10,16,9,0,25,8
0,0,2,0,0,0,41,41,0,36,0,0,0,37,0,15,6,2,8,35,31,0,0,7,0,2,0,0,35,41,0,66
0,12,23,15,0,4,39,0,0,7,0,25,15,21,29,0,32,3,5,0,7,0,17,4,4,0,0,6,0,4,130,190
0,0,0,0,16,1,0,0,0,16,57,0,26,0,0,19,26,0,3,0,2,0,54,0,0,3,0,0,0,0,130,42
5,13,0,16,0,0,0,0,0,4,59,9,12,17,42,0,21,0,22,26,18,7,34,2,45,0,43,10,28,213,232,11
0,6,32,0,0,2,0,0,0,0,0,0,11,0,0,20,0,11,25,18,17,15,0,0,13,14,0,3,88,86,0,0
71,33,12,17,0,0,0,0,0,0,54,0,19,2,15,0,0,5,0,21,19,0,1,0,25,5,0,2,149,15,6,5
7,60,8,13,0,17,0,0,0,37,0,16,0,26,5,0,20,0,0,0,1,0,14,0,0,10,0,0,26,21,27,20
0,34,0,5,35,0,17,35,0,0,36,0,22,19,14,0,21,9,0,3,17,0,51,19,33,18,0,0,22,0,0,0
0,16,0,45,6,0,0,0,24,25,0,0,35,51,195,6,37,18,34,32,28,0,0,26,8,13,0,18,2,18,0,0
0,0,104,68,101,66,0,4,0,23,34,0,0,233,194,197,7,237,27,55,95,70,52,73,67,9,0,0,0,16,6,38
68,9,97,195,112,167,0,32,0,0,98,0,0,41,193,86,164,0,28,92,31,23,173,32,0,52,11,0,4,0,0,64
8,0,19,77,197,1,28,49,0,5,5,0,24,19,144,156,0,3,0,0,0,29,0,17,144,165,0,27,0,28,0,0
0,0,0,0,0,3,82,0,0,57,0,22,0,5,136,9,24,0,0,0,0,167,85,132,134,100,0,0,8,22,0,0
78,0,8,0,18,15,63,0,7,0,0,63,0,20,85,249,55,0,1,0,0,52,85,245,120,23,0,0,0,0,0,23
0,0,0,37,3,24,39,22,0,0,70,35,0,15,126,38,24,0,10,0,1,45,214,140,115,122,0,38,0,0,0,12
0,0,3,34,0,0,0,0,0,53,0,0,0,25,113,87,11,117,0,0,17,74,192,28,151,247,18,0,31,11,0,2
21,28,3,0,23,0,5,8,9,0,30,33,202,252,39,158,71,116,102,21,44,151,172,194,196,141,0,0,9,0,22,8
0,7,2,0,0,11,0,26,0,0,23,2,168,166,65,251,209,138,224,123,104,195,77,186,174,153,7,0,0,9,0,10
0,5,0,0,5,0,41,4,0,0,10,60,245,184,186,253,112,236,79,97,194,155,67,191,195,72,14,0,10,0,7,4
0,0,0,3,0,0,0,47,16,0,50,6,59,118,43,196,160,2,146,127,154,190,193,197,58,4,13,0,0,19,0,0
6,0,0,27,0,0,11,0,0,14,22,22,0,101,214,23,41,159,34,64,190,142,224,185,16,12,0,0,0,0,0,0
20,0,9,0,22,0,0,1,0,0,28,11,0,0,115,119,57,16,229,236,81,193,138,48,0,0,27,2,0,7,0,0
0,3,18,0,18,0,41,26,3,0,14,62,0,12,0,57,90,91,64,0,34,59,4,28,8,8,0,0,0,0,18,76
10,0,0,0,0,0,16,0,9,16,84,0,0,0,37,28,91,182,0,12,3,32,15,0,9,0,14,0,0,0,0,30
5,0,43,36,0,0,50,96,19,0,27,25,0,0,2,17,11,226,70,0,9,0,35,0,36,23,12,35,0,0,0,0
13,5,0,0,39,0,58,6,6,21,0,43,2,0,10,0,129,120,4,18,1,1,15,9,255,23,5,0,0,14,0,35
0,31,11,0,0,0,6,14,26,6,0,43,22,24,6,35,76,104,0,0,3,15,6,0,204,24,24,0,0,0,0,0
0,0,0,0,0,14,29,236,52,0,0,0,37,0,1,17,21,8,0,0,0,24,9,20,210,121,0,32,20,0,0,0
15,24,0,0,0,38,0,76,169,10,0,0,0,31,25,0,15,0,6,0,0,0,0,0,214,136,0,27,6,24,19,2
0,20,19,30,17,19,34,202,24,20,0,8,5,0,0,14,0,7,28,0,0,0,56,23,10,7,0,55,40,0,0,25
0,41,10,0,0,0,0,59,29,123,0,0,39,35,38,13,0,0,0,0,17,0,0,1,0,0,19,0,0,0,2,0
24,0,40,0,0,0,0,45,23,194,6,30,0,9,0,5,14,0,11,1,2,0,0,6,0,0,0,0,21,0,16,0
18,41,28,0,0,0,46,0,13,64,0,38,70,14,32,0,48,18,24,36,0,0,0,31,0,33,0,0,27,0,22,94
35,8,15,19,14,4,0,0,0,26,17,1,0,0,10,4,27,0,34,1,17,0,0,0,0,12,0,0,1,11,164,197
0,0,0,0,45,7,5,17,7,1,0,39,11,7,22,0,14,0,7,0,0,0,0,10,0,2,0,0,13,0,127,250
0,0,0,11,0,6,0,7,10,0,2,0,13,8,0,20,11,0,50,0,12,29,20,32,0,0,0,0,0,203,221,28
0,35,1,0,0,4,0,0,0,0,0,48,33,0,25,0,20,35,0,0,7,0,0,0,0,56,38,0,112,83,4,12
36,0,21,12,0,0,0,48,0,28,0,24,0,2,13,6,40,6,0,7,13,31,14,18,0,18,0,0,231,35,14,3
0,23,36,10,0,0,51,0,19,0,48,8,13,17,0,20,0,0,0,0,0,0,2,0,22,0,0,0,39,0,6,17
0,0,0,0,0,0,0,0,0,0,0,0,19,1,0,0,0,6,0,0,0,22,17,25,33,9,53,0,0,31,19,0
0,14,0,22,0,0,65,0,13,10,0,0,0,30,195,0,0,36,20,6,9,0,0,40,12,6,0,0,26,0,17,0
16,10,139,97,127,14,0,6,0,1,0,9,0,212,195,208,30,250,68,41,101,57,38,65,17,18,0,0,0,0,0,1
0,24,136,192,58,191,0,8,0,8,0,46,0,14,189,28,151,29,12,56,0,63,155,9,0,0,55,29,29,0,0,0
39,0,0,33,189,42,20,0,0,5,34,2,0,28,156,146,35,0,0,3,6,34,29,3,121,202,0,3,0,0,19,0
0,0,1,48,7,225,87,0,31,0,0,0,2,0,148,23,16,18,0,0,3,204,93,104,134,63,0,34,0,33,0,0
58,19,48,0,5,0,7,0,0,8,17,0,31,41,86,48,95,2,13,0,0,115,56,245,91,35,0,32,37,25,7,3
0,0,0,24,0,32,0,21,0,0,0,0,51,0,140,9,226,16,0,0,0,57,236,170,141,97,0,40,0,0,12,8
0,8,0,16,0,3,13,19,0,2,0,0,0,11,135,62,26,168,32,0,57,102,210,13,144,221,0,34,0,10,0,14
7,3,1,61,11,0,22,0,7,0,41,29,221,213,43,185,116,44,159,40,95,170,180,197,190,139,0,0,2,3,0,34
15,19,0,13,0,17,0,0,32,0,7,30,188,152,84,253,224,145,233,127,137,197,133,189,188,162,32,0,25,10,12,9
0,0,10,0,7,3,0,2,20,4,3,69,6,179,224,11,156,240,90,134,193,152,85,197,192,31,31,28,0,11,4,7
9,18,0,6,0,0,40,0,16,3,0,9,23,93,53,187,246,1,186,158,157,196,197,188,36,28,20,16,9,0,0,17
0,5,0,0,0,43,0,0,0,25,0,17,16,110,5,66,77,115,45,84,195,130,237,190,80,0,15,0,1,26,36,0
0,34,0,0,0,0,9,0,45,17,74,3,0,15,104,111,68,240,211,222,81,183,187,50,23,28,0,48,37,0,0,34
0,6,32,0,0,10,0,2,13,26,24,0,0,11,7,48,99,97,90,52,51,43,0,3,0,1,32,0,37,14,42,0
