64,8,0,73,0,3,10,29,0,0,32,18,8,0,32,7,37,21,77,16,17,0,0,0,44,0,65,24,16,0,0,4
0,20,0,0,0,20,0,0,0,2,0,16,0,0,6,0,12,243,27,9,13,13,1,0,5,9,0,17,0,14,0,17
0,18,0,0,25,0,12,0,8,22,0,4,21,0,6,0,0,17,33,11,0,0,40,19,0,0,0,0,39,12,0,12
21,0,0,46,0,0,0,223,16,2,35,0,11,0,0,9,11,171,149,19,21,6,36,0,0,0,53,30,0,0,21,0
0,0,0,34,0,0,11,190,205,0,0,18,0,28,0,0,0,3,0,30,0,0,28,0,187,124,15,23,0,35,21,0
51,9,27,74,65,0,49,158,159,0,3,0,3,24,0,0,0,3,0,0,0,0,0,29,42,64,103,0,0,0,0,0
14,16,53,89,0,0,0,2,40,0,20,5,3,0,2,17,0,0,0,9,0,51,22,1,59,3,51,12,0,0,0,0
0,0,0,0,25,0,16,15,0,0,0,0,0,8,0,0,28,0,11,5,0,0,0,0,162,6,44,0,0,31,0,27
30,17,59,21,21,0,0,0,7,51,55,0,2,12,13,0,4,0,0,0,27,0,0,176,48,35,15,0,14,0,6,0
0,2,43,6,0,0,0,8,0,0,0,0,0,9,0,2,3,0,16,29,9,8,0,4,14,8,0,4,4,0,0,0
7,22,7,0,0,15,0,0,48,18,0,13,0,0,23,5,4,10,5,0,31,7,0,9,0,3,11,0,19,0,0,0
17,4,25,0,45,0,39,5,0,8,0,0,6,0,0,0,22,0,1,0,12,13,0,6,0,0,54,0,0,11,7,22
0,39,0,0,17,0,0,59,0,56,17,0,0,0,0,10,0,28,12,23,36,0,0,16,6,0,12,25,4,0,136,80
0,0,0,22,0,15,0,6,24,0,2,0,0,0,8,59,49,0,14,29,10,7,0,21,0,0,0,34,81,93,67,222
13,0,7,25,47,11,0,7,0,25,0,0,0,0,34,4,2,0,0,0,6,7,0,4,0,0,0,0,59,183,200,28
5,22,19,0,0,17,23,0,0,8,0,0,0,27,0,0,9,0,0,5,8,10,51,20,8,2,69,153,144,25,0,0
45,33,19,0,0,32,4,0,0,1,25,0,0,0,30,36,30,22,48,38,36,0,53,28,6,244,208,1,28,0,3,0
199,141,0,21,0,38,0,0,0,8,223,118,0,0,151,64,11,0,7,27,4,0,0,0,0,117,0,8,0,12,0,0
188,151,0,17,0,0,19,26,32,0,120,88,0,0,46,252,0,2,0,0,13,0,15,7,8,2,25,0,7,1,0,0
39,193,0,0,14,22,0,36,0,24,63,214,0,8,93,35,30,10,16,0,0,0,21,19,0,0,28,9,0,0,27,0
49,3,0,0,23,36,0,0,0,44,6,39,0,58,0,0,38,6,10,0,0,0,104,48,0,0,0,0,7,0,12,39
45,0,51,0,95,0,0,0,0,0,2,62,0,0,7,19,0,15,66,1,125,170,0,0,24,0,0,30,0,0,0,4
32,0,24,4,0,0,23,0,0,0,83,194,0,6,0,0,4,25,186,35,252,149,0,0,0,14,0,19,16,11,0,0
0,0,0,35,31,0,0,0,8,128,210,217,146,0,9,0,48,75,176,154,247,44,0,0,16,13,0,9,17,0,1,0
0,9,11,5,8,34,60,16,150,24,197,0,0,12,5,0,242,255,214,75,215,235,0,12,0,0,0,0,0,19,0,73
23,0,29,0,0,55,136,36,213,137,33,48,31,12,56,20,56,228,25,37,0,0,0,1,2,0,22,1,12,8,0,0
0,15,17,0,39,0,52,38,64,102,65,199,49,0,1,217,159,241,195,196,229,0,24,0,0,0,13,28,0,4,3,16
0,17,0,4,19,0,22,165,223,31,131,227,73,71,176,143,86,196,187,152,253,0,0,13,4,1,1,0,25,0,8,0
0,0,3,24,0,0,43,172,137,144,218,62,114,200,35,196,159,189,193,216,47,2,31,5,19,20,0,34,3,0,0,10
0,0,0,43,0,3,11,0,161,134,220,132,43,189,212,191,96,119,229,105,10,21,0,3,0,2,0,12,0,0,0,23
0,0,0,30,0,6,3,6,7,235,134,91,56,130,155,105,197,186,23,19,0,13,0,0,9,0,0,0,0,29,5,0
5,0,16,0,0,30,21,0,0,0,0,3,66,89,22,215,113,116,4,0,0,0,9,0,0,9,0,0,15,0,27,0
26,0,27,0,15,0,25,0,0,1,50,0,0,78,17,0,29,5,61,0,29,0,21,17,0,0,50,0,15,0,5,18
0,16,4,54,0,39,48,10,0,2,22,0,0,0,0,0,0,217,2,0,15,0,0,0,26,2,0,0,0,12,10,49
0,10,0,0,2,0,0,10,0,22,0,0,11,0,0,0,2,24,26,3,0,5,0,5,0,0,0,0,13,22,12,0
12,0,23,14,0,49,0,217,16,2,0,5,6,0,33,39,17,154,167,32,1,35,0,19,0,0,0,0,4,0,5,0
21,4,23,0,9,0,0,174,195,0,0,7,0,26,7,19,0,0,2,0,7,0,12,10,144,116,0,11,0,0,0,27
0,0,4,8,0,0,0,154,135,0,0,0,0,0,0,6,11,0,0,12,0,2,23,0,22,79,60,0,0,19,7,0
49,0,4,38,0,9,20,65,64,0,50,35,4,0,13,0,0,0,0,0,42,8,43,0,245,255,13,0,0,23,0,0
20,28,17,1,42,0,30,41,0,16,0,0,0,0,27,16,37,0,36,0,7,5,45,26,140,7,0,0,9,0,11,55
0,0,0,9,24,0,16,5,29,5,0,0,0,0,0,0,1,0,0,0,21,2,0,134,0,1,0,22,12,0,2,10
12,6,0,0,10,0,25,23,10,4,12,0,0,0,4,17,16,0,9,3,7,6,16,9,23,0,0,0,6,34,0,0
0,0,16,14,52,52,1,27,0,0,27,4,0,0,0,0,10,4,0,0,37,4,73,3,23,16,0,3,0,7,0,0
26,7,0,0,116,0,0,27,44,0,25,24,0,0,0,0,4,0,25,11,32,16,29,18,28,0,30,4,3,0,10,0
22,0,20,15,45,0,13,0,28,16,0,27,0,1,0,22,0,3,0,31,0,0,0,5,13,0,69,18,0,232,137,106
0,4,23,16,70,0,0,31,7,5,9,16,0,31,0,5,0,6,0,3,0,13,49,0,0,24,31,7,99,59,33,218
0,18,0,0,98,40,23,12,10,21,0,10,0,42,0,0,12,0,0,34,25,0,0,0,0,0,0,4,240,199,180,53
5,0,46,0,0,54,64,0,11,0,0,3,0,0,0,35,14,0,22,21,0,0,0,0,0,19,0,191,137,0,0,41
122,6,0,13,0,53,0,35,0,0,99,6,0,28,5,0,10,42,0,0,0,10,42,0,3,183,184,9,0,0,0,0
161,181,17,0,38,11,25,5,7,0,53,199,0,15,159,89,10,6,0,26,16,11,49,3,0,148,0,0,3,0,0,26
48,97,0,61,6,31,0,15,0,16,159,94,37,5,242,114,0,14,0,0,16,2,53,0,0,0,0,37,0,0,0,0
23,171,0,107,60,0,0,26,14,0,32,209,0,0,143,54,12,1,17,4,39,28,31,13,0,20,57,9,21,0,20,16
7,0,32,16,0,0,0,19,0,0,43,110,0,0,0,41,0,0,36,0,7,21,0,0,0,0,0,0,0,0,0,0
0,0,8,21,0,22,0,3,0,0,12,74,8,6,25,0,1,0,60,18,142,116,19,7,5,0,14,6,20,0,14,17
0,0,2,44,0,0,4,55,0,0,130,232,0,0,0,28,3,0,210,23,222,188,0,0,12,0,4,13,0,3,0,0
0,0,0,48,0,4,1,0,53,135,4,4,99,0,0,56,3,13,147,131,253,16,0,0,0,30,0,0,0,0,0,28
0,14,0,0,2,2,60,60,153,176,122,44,0,7,0,0,253,36,195,59,213,16,42,0,0,17,22,0,0,3,0,37
0,0,0,0,0,0,159,0,19,154,23,50,4,25,3,64,9,231,243,38,236,0,19,11,0,0,11,0,0,11,0,0
0,0,34,0,108,0,120,77,101,122,54,8,29,0,0,234,107,177,178,195,219,35,37,0,0,16,19,7,0,0,13,37
0,0,0,50,0,0,5,208,242,12,145,226,7,41,67,96,18,196,193,78,213,30,38,0,0,0,0,0,0,0,0,36
10,19,0,0,0,8,0,171,136,119,5,48,56,200,249,197,141,190,194,158,44,11,0,0,0,26,2,0,11,26,7,0
3,12,0,0,20,1,0,0,190,151,223,85,254,144,193,192,103,7,229,239,0,0,0,0,9,0,0,0,0,33,0,0
3,8,12,0,2,23,0,0,15,232,93,119,24,14,255,243,192,197,55,35,0,8,0,0,5,26,0,0,0,47,16,19
0,0,7,18,0,0,0,0,21,0,0,58,26,0,0,127,236,245,4,0,0,24,0,2,0,42,0,4,0,0,0,10
49,0,20,13,0,0,0,0,0,9,0,0,0,33,0,0,0,23,103,32,0,8,0,0,0,20,2,0,0,2,0,0
39,13,14,0,0,12,0,0,0,29,0,0,9,10,0,0,0,251,51,24,17,0,0,0,0,0,14,0,9,10,24,0
0,0,0,21,21,32,7,65,5,8,0,0,1,0,0,0,0,40,49,0,0,11,0,0,7,0,2,0,0,0,0,17
1,0,0,8,0,0,6,232,49,1,0,0,0,62,10,2,0,134,200,9,0,6,14,0,24,4,0,18,17,7,5,40
0,25,0,0,0,18,0,193,200,22,0,8,0,6,32,0,1,0,11,0,0,40,0,0,162,113,23,29,32,0,13,0
25,40,40,50,0,0,0,140,174,14,12,0,20,0,12,37,0,0,0,0,1,24,0,0,29,108,119,8,53,0,36,8
24,0,29,38,17,22,0,65,69,21,18,0,0,0,0,0,7,6,0,35,11,41,39,0,75,24,0,21,33,21,0,28
7,19,0,7,0,0,29,0,0,0,0,24,0,5,0,0,5,3,0,12,0,0,0,5,106,8,0,0,0,0,0,61
12,33,42,20,0,21,17,0,0,6,0,12,0,0,0,0,0,0,4,0,0,0,42,147,21,19,0,12,0,23,0,0
7,0,12,4,29,16,45,0,42,0,42,14,0,0,19,0,0,0,16,0,0,0,0,11,0,0,0,0,23,0,0,7
6,0,69,27,53,0,0,21,27,2,0,0,0,18,0,0,6,3,0,7,4,12,0,0,5,11,27,0,25,15,19,3
0,2,0,0,0,21,0,0,2,0,0,0,1,10,0,13,7,0,6,6,34,14,34,0,0,6,0,6,15,3,0,0
2,0,21,74,0,0,27,0,0,0,3,8,0,7,6,0,6,0,3,1,0,0,51,0,16,15,33,0,0,242,137,114
9,17,86,0,73,0,67,0,2,16,0,0,0,19,0,0,0,9,8,15,3,24,2,0,0,0,0,23,88,116,45,211
3,5,32,1,0,0,2,4,0,4,22,34,14,7,16,1,14,0,12,6,9,0,0,0,0,0,8,16,225,232,222,39
0,17,64,0,0,10,0,26,0,9,0,25,0,0,0,0,12,0,10,0,0,0,4,17,0,0,2,161,124,7,18,0
58,0,51,6,49,0,19,0,0,0,85,20,0,0,0,14,6,0,0,0,0,8,3,0,24,204,187,3,12,0,0,0
155,129,64,0,11,11,37,0,44,0,152,162,21,0,77,170,7,2,0,1,8,14,64,0,9,171,2,24,0,0,0,34
57,172,30,0,0,81,0,0,10,3,213,125,0,3,9,43,0,0,8,0,18,0,4,0,41,0,3,0,30,0,6,0
54,165,0,0,0,1,0,0,0,0,49,244,4,43,119,89,23,0,5,14,10,0,2,0,42,2,0,0,10,13,0,0
0,0,0,0,80,0,4,0,7,0,64,0,0,27,34,0,35,15,24,0,0,0,0,0,19,4,0,27,11,0,0,24
17,5,4,0,86,0,0,34,38,14,10,110,0,41,0,0,4,0,50,54,94,132,0,0,23,0,0,0,0,39,0,33
6,0,96,21,58,6,50,21,34,0,152,215,4,1,0,0,9,17,238,20,241,183,41,0,0,3,0,4,0,4,0,12
1,12,19,0,0,11,16,16,4,106,245,249,71,0,0,0,41,27,193,138,31,12,0,6,6,0,0,33,3,0,9,0
0,0,0,0,63,8,41,19,144,39,151,51,16,3,0,10,218,0,190,54,196,233,16,9,16,0,0,5,0,0,19,2
6,18,0,0,0,27,154,14,4,90,247,12,6,0,0,102,41,227,242,51,233,35,0,38,0,12,20,4,50,14,21,31
8,0,38,0,0,0,89,80,59,118,68,10,38,0,0,122,151,196,196,186,190,0,0,3,0,0,0,0,0,17,0,0
0,0,0,80,0,9,0,193,253,245,198,222,35,42,80,145,60,188,192,90,254,0,29,3,1,4,9,19,0,8,8,0
0,0,0,12,0,0,0,168,150,139,224,24,84,169,186,189,161,197,193,165,18,17,0,0,0,0,0,33,0,0,0,9
10,40,2,0,2,0,0,0,173,148,212,35,1,95,191,196,125,14,234,163,2,2,0,0,4,6,16,7,35,0,32,0
3,1,0,0,0,40,0,0,8,237,49,93,17,192,21,21,196,195,6,5,0,0,0,0,0,0,15,18,43,7,0,42
4,0,0,30,60,35,0,20,0,0,14,0,12,53,18,93,39,248,0,20,15,0,0,14,9,10,4,0,21,0,16,0
0,0,0,0,105,110,15,0,0,0,0,0,0,0,0,0,13,31,68,19,0,0,68,7,0,0,0,0,8,11,16,0
0,7,0,52,30,50,0,0,2,5,42,14,25,10,33,0,0,9,27,9,27,0,25,0,2,28,7,0,32,0,27,33
7,0,0,0,6,1,0,62,17,0,0,0,0,0,31,0,34,52,105,18,0,11,68,13,0,4,0,10,0,3,14,32
9,1,0,0,0,0,0,245,17,12,0,0,0,0,38,38,0,158,175,0,25,19,0,0,9,0,42,22,31,3,0,54
0,0,12,0,22,0,31,209,232,24,7,0,0,0,0,0,8,23,10,0,6,0,0,26,136,218,0,0,0,41,27,5
29,0,0,0,0,41,0,177,190,16,44,46,0,0,0,22,0,38,0,11,18,85,23,0,210,81,64,0,22,0,21,0
22,0,0,34,0,0,0,0,49,20,11,0,0,21,0,0,28,16,10,0,40,10,12,0,79,43,6,0,3,0,0,39
16,41,0,0,0,48,0,0,0,16,16,4,0,0,0,0,10,34,18,0,15,8,0,46,3,8,56,30,0,0,34,0
0,24,0,52,0,0,31,70,0,0,37,6,1,33,0,0,2,0,0,7,25,6,0,67,12,0,58,20,0,0,12,20
5,13,0,0,22,45,8,55,17,5,0,3,8,16,17,3,5,11,7,24,8,0,0,0,0,32,0,0,16,8,0,57
3,15,15,0,3,27,43,40,0,36,0,0,0,0,0,0,32,8,14,13,32,6,83,0,16,0,7,0,0,0,2,0
19,4,0,0,51,22,0,0,0,0,20,5,0,8,0,35,0,0,7,2,3,20,0,21,22,0,0,0,0,25,10,0
49,39,14,0,0,0,0,9,0,0,0,24,35,14,15,0,0,12,0,20,0,0,0,0,0,17,0,0,42,253,135,80
0,24,0,0,0,35,0,9,0,0,0,0,47,0,1,58,0,0,0,0,25,0,82,0,0,0,0,0,82,106,23,226
0,0,8,20,6,0,0,1,37,25,12,12,0,1,7,0,18,2,0,0,0,0,69,0,14,1,0,0,223,212,225,8
0,3,16,0,87,61,16,0,0,0,0,0,0,7,15,25,2,0,0,0,7,33,22,26,7,0,0,208,118,7,0,24
136,73,0,12,40,1,2,0,32,0,138,49,14,0,43,20,26,26,13,0,0,0,0,0,7,193,129,35,30,19,29,0
154,140,0,0,57,0,9,33,22,20,55,147,0,7,151,129,3,0,0,0,0,26,0,10,4,234,28,0,0,0,0,0
123,194,2,0,0,0,0,0,7,0,176,136,0,3,182,105,44,0,0,0,6,17,0,3,13,7,18,0,7,0,0,0
19,196,4,1,0,50,0,0,0,11,29,12,0,40,32,9,0,14,0,0,12,0,40,31,0,0,35,0,0,0,47,0
28,0,28,0,0,25,0,0,25,0,65,105,15,0,0,45,0,0,13,0,0,0,0,0,8,27,40,13,26,0,0,41
0,0,10,19,34,11,0,0,34,12,13,106,1,38,10,0,16,0,56,42,75,126,6,3,0,18,27,0,0,6,16,0
0,0,7,0,0,62,0,0,3,0,93,230,0,0,0,0,8,36,219,41,222,133,66,29,0,4,14,0,0,0,0,4
11,20,1,0,16,18,26,1,4,170,38,8,82,14,0,0,47,203,244,161,39,23,48,0,0,0,0,9,6,4,19,6
35,0,6,2,51,0,62,112,125,44,161,46,35,0,0,0,226,236,160,39,0,186,3,0,10,29,45,0,26,0,0,22
0,0,20,0,35,10,163,10,223,121,35,36,0,13,0,55,20,1,16,66,9,0,0,11,0,12,22,1,0,5,10,0
0,4,12,0,0,0,70,241,49,167,78,248,97,0,6,142,137,158,192,196,212,0,3,0,0,6,0,0,0,0,0,0
0,7,0,0,0,0,54,127,241,37,152,196,38,63,56,133,75,186,190,158,1,0,11,0,8,32,0,0,0,0,6,1
36,0,34,30,48,28,0,192,143,169,28,24,60,178,226,189,131,197,194,234,60,0,0,43,0,16,0,0,0,3,0,18
0,0,0,0,0,0,36,0,174,159,246,40,253,123,229,193,122,39,251,222,7,0,0,0,0,11,0,16,11,0,0,11
0,0,1,0,0,0,27,9,0,229,32,71,223,177,28,234,197,187,87,17,27,0,23,0,5,4,0,43,22,0,12,0
0,0,18,0,25,0,0,0,0,0,0,24,10,43,43,140,53,243,0,3,0,25,26,0,3,3,28,0,7,28,5,0
37,0,2,49,0,65,10,17,0,0,0,0,0,0,0,0,19,11,82,4,15,25,18,17,17,0,0,0,0,16,0,40
19,0,16,0,45,41,6,25,23,0,15,11,4,0,0,0,11,81,240,25,0,4,0,7,0,0,0,29,7,0,0,2
0,7,18,0,0,49,0,75,0,10,15,18,0,16,2,0,20,45,98,7,11,28,0,0,0,0,0,58,0,0,0,0
0,27,0,40,0,46,0,233,30,0,0,0,19,36,38,0,0,183,141,0,0,15,0,61,0,0,65,44,21,0,0,1
18,18,0,34,0,28,36,210,209,2,14,0,0,11,0,0,0,0,0,0,0,0,0,10,131,246,43,0,0,0,0,0
0,9,0,18,0,0,0,152,175,0,6,20,51,0,28,0,6,0,5,1,0,0,0,0,182,69,33,11,0,21,0,20
0,20,0,0,0,0,40,39,58,0,3,0,34,0,0,0,9,0,0,0,7,22,0,10,115,211,13,0,14,0,25,0
0,11,23,7,29,76,18,0,0,10,0,10,22,0,27,56,4,25,57,0,17,3,65,46,15,0,22,4,0,5,0,0
0,28,0,15,0,0,0,0,0,6,26,9,6,3,0,1,3,0,0,0,0,6,14,112,0,0,8,0,0,0,0,0
0,16,0,0,0,27,0,1,39,27,0,36,0,29,0,0,24,9,0,0,0,2,60,0,0,0,0,7,25,0,0,0
0,0,15,0,9,0,0,0,0,0,0,16,13,55,0,31,17,12,0,0,24,0,6,0,52,0,11,21,0,4,11,0
38,11,26,46,56,0,0,0,0,0,25,0,0,0,27,6,7,0,0,0,0,39,0,2,0,0,0,33,0,0,0,0
0,2,0,0,67,80,0,14,8,11,0,0,62,2,8,5,21,0,0,7,0,9,33,16,0,13,16,0,20,12,110,28
0,0,0,0,59,3,0,41,11,0,0,0,1,0,0,13,0,20,0,10,0,0,7,0,0,9,23,0,79,176,51,1
0,0,0,39,0,0,0,0,9,0,0,0,2,0,0,0,0,0,0,3,0,15,16,18,0,8,0,9,55,243,231,35
2,0,4,0,65,0,5,11,0,0,55,53,14,0,0,2,0,1,0,21,0,5,0,0,17,0,51,255,155,0,0,0
142,5,16,23,61,0,31,2,23,0,117,8,0,4,0,1,0,0,24,1,17,4,48,3,27,248,214,11,0,0,0,0
198,160,0,0,19,20,12,0,0,17,113,245,0,5,134,84,4,4,30,14,6,5,0,13,19,196,9,0,21,8,0,22
86,236,16,0,45,0,0,0,20,5,178,154,13,21,245,33,0,0,0,28,0,0,0,0,16,10,3,24,5,7,14,0
51,222,58,0,1,34,34,0,30,20,47,249,14,0,81,116,21,0,0,0,11,3,0,20,0,18,16,0,14,0,26,19
35,0,17,0,48,9,59,0,32,3,67,119,24,26,11,3,0,39,11,17,35,0,21,0,31,0,37,0,21,36,22,71
24,9,46,0,12,11,0,4,8,13,0,95,8,0,0,0,1,16,45,14,82,91,53,11,0,0,0,4,5,0,37,0
8,0,36,16,23,0,0,11,2,0,121,225,0,26,1,16,25,57,242,43,225,120,0,0,0,0,7,0,17,4,0,6
0,0,0,0,0,25,0,0,0,176,176,4,134,19,29,0,75,173,227,119,76,110,0,4,0,0,20,23,6,27,9,23
0,28,28,0,53,21,32,10,162,218,172,0,0,23,4,2,236,236,128,63,225,216,0,0,0,25,0,2,0,31,0,0
0,25,0,3,0,4,171,193,166,140,59,0,22,14,0,31,57,244,9,54,227,5,11,24,0,7,18,0,0,15,2,83
0,30,29,0,46,0,62,24,72,112,38,176,80,0,0,165,166,154,188,196,159,0,46,11,1,9,24,0,3,0,14,35
12,3,6,0,37,10,31,124,169,2,124,180,239,41,9,115,50,197,191,135,217,0,0,0,25,7,36,8,65,0,41,18
28,0,0,33,0,0,9,172,155,140,5,51,80,153,229,195,120,186,190,246,26,0,5,13,0,21,30,0,0,0,0,0
0,0,17,0,61,0,0,1,188,157,215,62,12,160,167,186,108,35,235,215,9,0,0,11,0,0,0,8,0,0,0,21
19,1,12,0,56,0,16,8,9,214,85,39,15,200,2,21,197,187,40,10,29,30,0,0,5,8,14,0,11,19,0,0
11,0,0,13,0,0,16,13,32,1,31,16,54,38,0,129,36,253,0,16,13,0,30,0,11,55,41,11,4,0,3,0
0,0,19,0,0,0,27,13,0,7,29,25,0,19,0,0,0,0,101,41,10,31,43,0,1,18,0,20,0,6,0,0
0,0,50,7,0,2,0,21,0,0,1,44,0,0,0,2,0,132,50,0,0,42,11,0,0,0,39,37,0,2,0,0
0,0,3,0,0,31,0,67,42,0,30,28,0,0,0,0,0,50,114,3,0,0,3,0,15,5,37,8,29,3,0,13
3,0,0,0,21,0,34,51,61,19,0,8,0,0,0,0,3,207,148,0,13,0,0,0,0,0,16,18,0,11,0,0
32,22,9,0,0,110,39,4,213,27,0,0,8,0,0,0,0,0,0,18,7,11,0,13,143,193,47,40,16,12,16,0
58,32,53,0,0,14,18,144,118,0,7,38,34,4,15,0,63,28,9,20,0,21,0,4,194,34,42,0,6,21,26,0
25,0,41,28,42,0,24,8,43,25,0,13,0,17,0,7,0,1,0,0,5,0,2,11,113,220,6,7,6,8,0,48
0,0,16,1,5,0,43,0,0,0,0,0,18,12,0,30,0,0,0,6,0,0,55,0,40,0,33,16,8,0,3,18
0,0,0,20,0,46,0,17,14,0,0,18,0,0,0,0,12,9,0,0,3,10,6,87,20,11,8,19,14,17,17,5
6,8,0,0,9,0,30,0,10,0,4,27,3,0,19,19,34,31,19,8,0,12,0,5,10,26,13,0,8,0,0,0
0,17,0,0,58,23,4,0,35,2,40,0,12,13,0,0,0,1,0,0,2,8,41,1,0,4,39,0,13,0,0,5
18,0,0,9,21,0,31,16,3,0,0,0,10,0,0,9,2,6,0,0,13,0,13,18,0,13,0,5,0,0,0,0
34,7,20,38,19,10,12,0,16,0,0,0,9,3,9,0,0,0,0,32,0,0,49,22,0,11,0,0,0,25,91,117
17,0,10,18,7,53,0,0,18,10,14,2,0,4,31,0,46,28,53,0,41,0,0,37,0,0,0,0,134,214,235,23
3,0,27,7,0,0,0,4,33,0,30,7,31,0,16,0,16,17,6,7,20,10,18,0,4,0,16,0,46,252,201,4
0,3,38,0,93,0,0,0,17,8,37,28,10,0,2,0,0,16,0,0,0,13,0,8,18,0,20,7,156,0,0,16
110,44,0,0,14,0,0,0,27,16,127,10,0,0,6,15,0,0,0,0,0,8,14,7,0,230,179,30,14,0,0,0
230,166,0,0,0,0,0,0,0,0,196,51,0,0,174,162,0,11,0,22,0,0,0,0,0,247,17,0,0,0,0,62
179,178,23,0,0,7,0,0,0,16,18,169,0,39,61,82,23,0,2,6,7,0,0,8,0,0,32,0,0,0,14,12
45,201,0,54,0,35,0,0,0,9,32,4,53,70,42,100,12,6,0,17,18,0,0,0,0,3,11,30,0,2,21,0
24,0,0,0,0,35,29,0,7,8,0,120,0,7,0,4,0,27,37,0,0,0,0,0,0,25,20,0,0,7,0,0
2,2,0,21,0,0,0,32,0,0,13,159,27,39,27,15,0,1,55,58,85,101,5,0,14,21,53,0,27,0,15,0
0,0,15,17,0,0,1,13,16,0,126,232,0,1,0,0,0,41,5,35,242,145,22,0,0,0,19,1,0,0,0,2
14,0,0,16,34,20,44,11,0,151,189,8,102,27,11,0,40,188,227,115,67,71,0,0,0,0,13,12,20,16,2,0
0,0,0,0,0,0,79,40,183,189,14,10,0,8,0,0,3,2,125,49,194,227,18,15,0,0,7,27,17,0,0,10
0,17,4,29,31,19,154,246,164,142,35,46,0,0,37,57,72,238,41,81,244,0,0,26,8,26,0,0,0,4,17,64
11,0,20,0,0,0,77,31,23,134,34,237,69,0,13,191,138,160,191,196,176,15,0,0,0,18,0,16,0,0,0,12
0,9,0,0,0,8,20,134,160,4,169,162,9,31,46,139,66,197,186,139,252,9,14,0,0,13,0,0,16,0,0,20
6,3,0,18,0,0,0,165,167,153,6,67,88,175,253,197,150,191,195,215,24,28,1,13,0,0,32,5,6,0,0,21
0,20,1,0,0,18,0,0,178,186,200,79,229,156,220,194,176,63,7,224,10,0,0,24,8,0,0,6,16,18,0,30
0,32,0,0,0,0,58,0,34,231,40,33,235,235,30,23,195,197,105,1,46,4,16,0,0,1,34,0,0,0,22,0
0,1,0,0,93,2,5,0,0,0,0,15,35,34,6,143,88,63,25,6,0,0,0,10,0,14,18,0,2,9,3,0
6,7,30,44,0,21,0,0,5,0,18,0,0,0,37,0,0,23,70,0,0,8,24,21,34,0,11,1,0,0,0,0
0,9,0,6,0,0,0,0,0,2,7,0,0,8,0,1,1,102,23,0,0,0,6,0,0,0,5,0,2,30,0,11
0,0,0,5,0,38,0,90,0,0,0,22,10,0,1,0,7,21,100,0,0,21,4,0,0,40,6,15,16,2,0,0
12,23,21,8,91,11,0,5,216,0,0,6,0,17,0,0,0,205,162,26,0,0,21,0,0,0,0,5,0,31,0,0
19,18,30,0,29,0,20,232,202,0,0,0,0,13,0,18,0,11,6,0,0,13,0,0,149,191,20,0,0,8,3,33
14,17,2,0,0,31,6,142,179,0,16,11,0,33,23,0,6,0,0,0,4,0,26,0,196,65,35,32,18,30,0,23
30,0,23,2,0,36,0,19,57,25,5,1,9,0,0,0,9,16,0,11,2,12,5,24,120,241,0,0,19,33,1,35
8,0,0,28,65,57,0,0,8,3,0,22,54,27,4,1,36,0,0,0,0,56,17,0,23,12,8,5,0,0,0,8
0,0,7,0,43,41,0,35,0,12,0,3,4,6,25,15,4,2,19,12,11,0,1,93,7,0,19,0,20,0,0,0
1,16,6,0,0,0,34,0,0,16,22,10,25,0,0,0,0,12,0,0,0,0,17,0,0,14,0,0,11,17,4,13
0,2,1,0,25,0,11,0,0,7,44,18,0,0,0,0,0,0,25,2,5,0,0,0,1,29,14,17,10,0,9,0
0,0,0,31,0,0,31,16,11,5,29,0,0,0,0,10,25,0,0,0,0,39,0,0,0,0,15,0,5,2,0,24
16,0,0,16,0,7,0,0,0,4,0,18,0,6,15,0,33,17,0,23,9,0,21,10,0,0,7,1,0,4,87,71
14,0,21,0,0,0,116,4,16,0,0,0,0,0,0,24,39,1,12,7,37,38,0,7,3,0,0,16,121,228,3,249
16,0,0,20,0,0,0,0,0,28,10,44,28,17,0,47,0,18,0,27,19,3,1,0,0,25,0,0,82,243,248,69
7,0,13,0,0,31,0,0,8,0,3,24,0,5,29,0,0,22,0,10,0,0,0,6,0,30,32,180,159,0,24,0
136,32,17,0,48,0,29,0,4,18,170,11,17,0,23,0,0,0,0,0,0,17,0,21,0,189,158,16,18,0,0,1
14,177,0,27,0,0,0,7,0,11,187,25,0,0,106,140,21,0,0,1,22,18,0,5,0,209,11,0,0,0,0,0
161,168,0,0,0,0,2,15,0,0,73,191,0,0,20,14,9,0,1,30,0,16,44,6,5,0,17,0,0,0,0,6
87,172,0,0,0,0,2,0,0,19,2,248,45,0,81,0,0,0,0,25,0,43,0,0,17,0,0,17,0,25,0,0
12,0,78,39,63,0,40,6,36,0,1,103,14,0,18,1,15,1,68,10,13,0,23,26,24,0,51,20,4,46,0,46
24,39,33,0,0,10,18,0,3,25,30,134,0,0,16,1,0,12,37,32,94,145,52,0,0,0,5,0,0,11,39,0
0,0,16,0,0,0,6,31,28,0,126,249,15,19,31,0,35,45,250,30,215,117,32,31,0,4,0,27,1,0,8,0
51,2,16,9,9,0,17,0,9,150,160,31,69,27,0,0,21,197,209,126,99,18,6,9,20,9,14,0,26,0,32,0
0,0,0,0,9,0,45,1,150,217,195,5,25,0,20,0,253,6,134,74,195,220,0,0,0,0,0,34,0,0,0,30
0,16,6,16,0,66,158,46,150,170,74,16,0,3,7,51,48,235,12,81,204,1,0,33,0,27,0,5,9,0,0,22
0,0,0,0,59,0,47,58,48,116,66,245,66,28,0,151,148,215,188,194,164,28,87,0,8,0,14,26,18,0,0,15
0,0,0,0,0,0,75,141,173,223,201,204,20,232,48,134,66,192,195,119,236,6,15,0,3,0,0,0,0,45,0,32
0,17,12,0,54,21,32,120,165,171,6,60,114,180,5,187,186,196,196,224,38,0,0,4,0,7,0,0,9,13,14,0
35,29,5,0,0,5,33,10,199,173,193,86,19,162,190,194,148,51,7,229,0,2,33,4,0,0,7,0,5,18,16,0
0,10,25,7,8,19,8,7,36,200,105,58,7,240,253,230,186,192,48,0,0,16,0,0,0,0,14,0,0,3,5,0
0,0,29,2,55,0,0,5,0,57,0,11,82,55,28,110,122,43,0,20,0,27,0,0,29,0,14,28,33,0,0,50
0,0,0,0,0,26,76,14,0,8,0,1,9,27,0,9,32,29,45,0,29,5,1,0,4,0,0,38,0,0,14,0
0,0,0,0,82,0,0,7,0,18,0,0,0,1,23,25,31,72,40,0,10,17,6,56,2,0,0,52,28,16,0,22
0,1,0,0,12,0,10,74,11,0,24,9,16,6,0,7,7,19,70,0,0,0,0,7,0,11,0,19,0,0,0,0
0,0,3,0,24,8,0,34,33,7,0,11,20,0,0,18,7,182,173,0,10,0,49,14,0,0,10,4,13,0,0,0
14,0,46,0,36,33,0,247,198,0,16,0,0,19,0,3,8,0,4,0,0,5,20,0,148,207,11,15,0,12,0,0
10,21,1,0,21,71,0,135,204,39,0,23,3,0,0,0,26,0,18,14,17,0,18,32,200,75,60,0,0,0,0,36
0,22,47,0,0,69,0,26,31,2,0,14,11,19,3,0,0,0,0,0,0,21,14,49,120,17,23,0,5,28,0,0
7,6,89,0,0,0,17,0,1,0,0,0,0,24,0,0,11,0,0,15,11,5,8,1,64,24,0,26,0,0,0,43
0,0,2,21,0,0,13,16,16,6,35,6,0,0,0,0,20,33,0,0,31,12,0,116,0,0,31,0,0,0,3,20
5,5,35,48,123,0,6,0,20,0,14,0,35,0,0,7,0,0,0,4,4,20,0,0,20,0,28,12,0,0,26,27
0,0,17,9,0,0,1,0,16,0,0,8,0,34,0,13,0,0,0,2,14,0,2,0,15,0,19,0,10,0,8,0
0,8,0,0,9,0,2,0,0,0,0,0,0,28,0,8,5,0,0,6,5,1,41,19,4,0,0,0,0,5,0,39
9,0,7,72,0,26,0,68,0,0,20,0,0,0,12,0,0,0,0,17,1,37,0,0,11,14,0,9,12,237,96,142
7,0,26,0,16,0,7,0,3,14,0,0,0,43,6,0,0,1,19,0,0,0,0,11,0,0,31,23,131,177,13,215
0,33,0,24,17,4,4,0,9,0,6,13,0,0,0,3,0,0,0,0,0,5,0,23,16,10,25,7,87,50,219,0
7,31,20,3,1,0,0,8,1,0,0,0,0,0,11,0,0,0,0,0,0,0,0,19,0,0,0,125,155,7,13,22
153,3,0,24,34,47,5,0,0,2,93,0,16,0,37,0,22,0,0,6,0,10,41,0,3,173,38,0,0,2,0,0
231,119,0,0,0,0,34,12,12,0,196,44,31,0,148,162,8,10,0,0,0,12,3,0,1,147,41,31,62,4,0,40
149,128,0,10,0,8,2,2,28,0,0,185,0,0,3,27,0,0,0,30,0,12,0,0,0,16,0,14,0,0,0,10
34,201,0,0,49,5,0,0,0,0,0,249,0,4,45,81,8,18,0,13,0,0,28,0,0,0,0,0,0,9,0,35
0,0,3,35,0,0,0,0,27,3,0,110,28,5,0,18,0,0,28,29,0,0,23,4,0,10,29,1,0,0,0,0
17,6,7,0,0,4,0,6,13,7,12,167,7,0,6,0,11,0,40,18,84,144,0,0,0,18,47,29,0,30,2,0
0,23,0,0,0,0,29,23,29,13,134,193,54,20,25,0,14,0,48,54,250,155,30,0,10,10,0,0,23,3,25,0
2,0,4,10,0,5,18,0,31,183,220,46,123,5,0,20,52,211,227,112,77,6,9,0,6,0,13,0,24,1,0,0
0,0,0,9,0,5,87,48,193,216,219,1,0,0,1,2,2,9,93,65,212,240,8,0,0,11,32,0,30,0,0,0
33,6,0,0,22,26,128,27,133,174,68,69,0,3,0,38,41,253,37,67,213,0,36,54,10,23,0,0,16,41,6,0
54,13,20,8,57,0,50,29,3,134,36,213,90,38,44,153,141,215,181,188,190,0,0,27,0,0,0,0,37,14,14,0
79,0,0,1,26,0,43,120,165,4,159,163,35,80,113,138,75,192,195,119,247,8,28,4,7,0,30,0,7,15,0,33
0,16,9,21,12,4,0,141,147,171,255,53,80,200,255,188,167,197,195,230,34,0,11,14,0,18,2,0,8,0,17,0
0,0,14,52,0,0,30,0,195,137,222,102,229,211,213,196,156,29,9,240,3,2,20,7,13,17,7,0,0,0,0,68
49,29,10,0,85,0,34,10,23,216,131,102,242,65,13,13,195,196,67,29,11,14,48,0,31,2,33,59,21,0,1,4
21,1,0,0,21,0,0,0,0,11,0,14,15,29,0,100,103,51,32,0,22,0,10,0,0,0,0,0,0,16,0,11
8,0,0,26,0,0,0,0,20,0,40,14,1,0,15,0,0,34,51,25,0,0,21,18,20,0,0,0,3,10,8,0
0,9,0,17,0,8,19,1,13,4,0,15,0,0,7,0,44,81,23,5,0,0,0,0,0,6,25,0,0,0,0,0
0,0,0,0,0,0,22,48,12,0,0,17,2,0,8,24,0,252,64,0,31,0,24,3,5,0,36,0,0,0,2,0
0,18,1,0,10,35,0,29,42,0,0,0,20,13,0,0,16,199,186,0,0,0,0,18,13,0,17,0,27,0,7,25
41,0,2,0,83,37,11,198,210,12,0,0,0,1,0,0,0,3,0,0,0,0,0,21,120,227,0,2,0,0,0,0
0,0,0,0,1,27,0,191,173,0,9,2,0,26,0,0,0,0,0,18,0,0,0,0,202,68,55,38,14,20,19,0
2,1,24,0,0,0,0,31,74,31,8,0,0,0,0,0,0,0,32,0,14,0,0,13,112,235,2,4,4,14,0,0
29,25,0,0,4,11,2,0,0,0,0,10,0,55,0,0,18,9,21,21,0,0,0,0,53,16,0,0,0,0,7,0
0,14,10,0,0,42,20,0,0,54,0,0,0,0,0,0,9,9,21,0,16,0,23,138,0,0,0,0,3,22,14,0
0,0,0,13,19,5,0,0,0,14,0,0,0,0,19,14,4,0,3,23,2,0,18,3,0,5,0,8,0,0,3,8
0,9,0,0,16,0,10,6,3,0,0,10,0,0,0,16,0,3,0,0,0,23,0,13,13,0,32,2,0,0,1,0
37,0,26,0,1,13,2,6,0,10,0,0,0,64,0,0,3,5,0,0,0,0,16,18,4,11,0,0,12,16,42,0
0,0,0,0,0,0,13,52,0,0,0,51,6,0,30,30,53,10,0,24,0,11,50,0,7,11,4,50,22,229,133,124
12,0,0,0,52,0,56,0,0,21,13,5,0,24,12,0,32,0,1,0,0,19,0,0,0,0,0,18,121,180,31,255
0,21,0,0,8,39,15,11,2,0,22,0,25,9,6,0,6,0,0,0,21,12,5,12,2,0,0,0,56,31,238,0
0,17,0,73,22,16,0,15,20,2,0,0,10,0,10,15,12,0,0,0,9,0,21,0,10,0,20,109,112,16,5,10
88,0,0,0,0,0,28,29,40,0,142,42,50,19,0,30,0,13,0,0,23,0,38,1,12,254,114,0,0,0,0,29
223,124,0,40,28,0,0,0,16,4,197,23,10,29,165,145,13,0,8,4,3,20,8,26,17,156,2,24,4,0,0,26
69,178,0,43,0,35,0,4,18,0,23,172,0,7,34,16,11,0,0,0,8,0,0,34,0,20,6,0,2,0,0,31
27,177,0,0,0,0,0,10,0,28,33,243,11,0,66,6,6,0,0,31,0,27,13,29,0,0,9,0,0,0,0,50
1,31,0,20,0,22,0,0,0,13,0,59,0,47,0,0,19,0,6,8,0,27,0,0,0,0,0,31,26,19,53,4
2,16,12,12,0,0,0,0,25,15,50,124,0,4,34,0,0,0,40,17,107,161,0,8,0,16,0,0,17,11,6,0
0,24,0,8,0,0,8,5,28,10,111,0,4,17,0,26,0,47,2,34,217,156,0,19,0,0,0,0,0,0,0,0
30,14,9,0,31,5,0,0,3,168,8,41,101,0,10,0,39,174,222,124,50,33,51,0,0,9,34,0,0,0,16,0
0,5,36,9,0,16,80,33,171,43,216,19,11,31,0,0,251,2,72,51,218,14,0,27,0,0,56,0,19,17,12,0
0,8,0,4,0,39,126,241,128,170,41,23,0,0,0,55,46,227,25,33,208,0,20,0,5,0,0,0,0,0,7,0
0,0,43,66,64,0,73,31,62,121,69,240,37,0,25,170,172,180,119,185,213,16,0,0,0,0,26,27,20,6,8,0
9,28,0,0,0,0,22,128,160,245,141,155,16,17,52,107,65,197,186,76,226,9,0,0,2,5,9,0,14,22,10,0
49,25,0,1,0,7,0,114,169,184,231,50,116,165,5,196,159,188,192,186,44,4,0,32,0,0,0,31,11,19,0,0
0,0,5,0,22,0,10,0,209,130,237,104,254,162,183,189,96,237,238,23,0,0,55,0,29,11,10,26,8,0,13,44
20,13,0,0,40,0,22,0,21,203,66,98,232,71,219,20,195,197,31,0,26,11,0,6,14,0,0,19,21,0,7,0
17,0,1,55,0,0,8,0,0,0,0,22,42,56,0,81,75,58,0,6,0,0,48,7,0,0,6,31,6,0,6,0
69,0,22,0,109,0,0,2,23,14,48,36,0,61,0,0,0,25,57,4,0,0,0,0,0,0,65,0,11,13,0,0
0,24,46,50,0,27,0,3,0,18,0,0,13,11,3,0,12,83,26,0,0,0,11,0,0,0,0,0,10,0,0,0
0,0,10,0,0,2,1,55,4,1,13,27,18,0,0,21,0,9,75,2,0,0,0,41,0,0,12,14,0,0,0,45
0,7,10,51,16,27,0,8,5,19,0,0,0,9,0,0,9,187,182,27,0,18,0,0,0,0,0,26,0,25,5,0
33,4,35,8,0,4,0,246,195,0,0,0,0,0,0,0,13,0,0,0,0,40,0,2,152,253,49,0,0,0,0,0
0,0,10,16,93,5,0,151,168,0,41,0,0,0,16,17,0,4,2,0,0,0,0,28,202,73,72,0,12,39,0,25
0,40,8,34,0,1,19,0,44,39,0,0,0,0,0,0,0,0,3,6,0,39,32,8,95,234,30,49,8,0,10,48
5,0,77,28,39,45,12,44,43,0,0,44,0,0,7,37,0,9,0,12,0,22,0,0,84,42,35,0,14,0,5,17
0,1,0,0,0,40,0,0,26,8,0,0,0,0,0,0,0,11,4,8,0,12,0,119,8,27,6,0,0,0,0,0
0,0,0,0,66,0,17,0,0,0,0,0,32,16,0,0,33,0,0,1,0,0,26,0,0,0,0,4,0,0,11,0
6,26,0,0,0,16,0,22,5,10,0,28,8,24,0,0,6,0,0,0,5,0,0,0,0,16,1,19,12,0,0,4
50,15,12,0,22,35,19,35,0,0,25,6,0,14,8,0,19,0,11,8,20,19,0,0,0,18,8,30,28,9,7,0
3,0,0,19,0,0,15,12,1,10,25,10,13,0,1,5,0,0,0,0,17,0,19,0,9,9,0,0,4,248,134,85
4,19,11,38,0,0,0,0,27,0,27,1,0,12,27,0,1,0,0,0,0,17,34,7,0,10,21,0,107,229,32,195
0,19,0,13,35,0,15,20,0,0,0,0,0,2,0,17,14,10,0,22,41,0,13,0,0,3,0,0,39,255,215,24
0,1,31,7,0,0,31,28,39,0,2,21,0,0,0,35,0,0,0,0,0,36,79,0,26,2,0,114,123,0,0,43
139,3,0,0,0,3,25,0,27,0,132,0,0,32,0,5,0,5,0,10,13,8,51,5,0,210,99,49,0,2,0,0
197,125,27,0,0,0,0,1,0,4,196,38,0,0,180,114,29,0,0,14,0,18,0,32,0,154,0,5,3,9,1,0
139,230,11,0,5,3,0,0,10,0,228,186,0,18,38,33,0,0,13,5,1,5,0,16,23,0,0,14,5,6,6,0
37,181,26,5,0,14,0,7,50,0,0,238,6,28,58,17,32,30,0,6,0,21,26,0,2,0,0,50,26,0,14,0
0,0,0,6,0,0,0,0,5,4,0,127,0,0,3,10,0,0,0,6,0,0,0,0,1,0,9,8,0,2,0,21
11,0,0,55,19,0,0,0,21,33,42,174,0,29,0,0,5,5,84,37,99,136,0,0,0,5,6,9,0,4,3,28
2,0,0,0,0,0,0,0,21,12,160,239,21,0,0,0,11,16,16,55,231,162,13,18,0,0,0,0,22,0,4,0
0,29,0,7,57,4,0,0,0,188,231,20,117,32,0,0,49,183,200,115,60,52,0,0,0,0,0,36,7,11,2,0
3,0,0,9,0,0,97,55,207,26,204,0,14,30,0,0,225,43,63,57,214,245,0,0,20,2,21,0,14,11,19,12
0,0,0,0,0,15,163,244,164,187,81,0,0,0,5,84,6,3,248,22,195,0,44,20,10,0,6,26,0,9,13,0
0,0,0,0,6,0,55,18,62,118,65,236,44,5,0,224,138,173,112,186,237,0,0,0,0,0,7,20,25,2,38,0
28,36,0,0,89,0,41,129,126,12,144,188,232,52,40,123,38,189,193,72,235,0,21,34,4,14,0,0,30,3,16,0
18,0,11,12,0,0,43,185,166,93,31,56,109,141,0,191,147,196,186,220,40,21,0,3,28,8,33,9,32,3,5,0
0,0,0,0,0,53,7,0,206,168,243,44,3,157,207,191,176,29,225,252,0,0,0,11,1,2,23,0,14,0,0,23
19,4,0,3,0,24,0,5,23,201,63,50,7,212,2,14,196,191,28,17,21,32,0,0,3,0,0,0,13,32,16,0
0,21,0,5,10,40,46,0,0,2,0,0,31,80,0,57,59,19,0,25,12,10,18,0,0,0,18,35,11,4,41,0
31,0,8,6,4,0,0,14,0,6,0,0,13,23,0,0,8,35,80,0,22,0,16,24,0,0,0,0,10,14,0,0
0,4,40,7,69,0,62,0,25,28,0,0,0,27,0,44,0,67,7,11,6,20,0,27,0,0,0,0,0,39,0,0
0,0,0,0,0,35,0,63,47,0,39,0,14,19,5,6,8,9,52,9,0,0,0,0,0,0,1,0,0,0,0,0
4,0,0,1,0,0,3,34,45,3,20,0,0,0,1,0,10,176,170,0,0,0,62,0,10,9,18,11,23,0,4,0
41,24,40,10,22,7,34,11,243,0,22,9,0,0,9,20,0,1,0,5,0,7,0,0,150,207,48,0,43,0,7,12
40,29,2,0,0,49,14,178,143,0,0,0,0,0,28,0,21,24,4,0,0,0,5,0,180,56,12,0,27,0,29,59
0,34,0,74,57,0,0,0,56,0,0,0,0,0,0,0,0,0,17,35,8,73,0,32,76,224,33,0,2,0,0,0
0,0,0,0,0,0,0,0,0,0,0,12,0,25,20,0,1,0,0,2,18,0,18,5,78,0,2,2,5,0,0,18
2,13,1,0,0,0,49,0,11,20,5,0,8,0,9,0,2,0,9,24,3,0,0,143,0,0,7,0,0,0,0,30
0,0,16,29,67,17,0,0,37,14,52,8,0,17,0,48,0,0,0,0,7,0,60,0,35,12,1,16,7,0,33,49
0,0,1,0,19,0,0,10,0,0,23,14,0,0,0,5,0,0,0,0,0,0,0,8,9,0,17,1,28,1,9,0
0,0,0,74,82,0,0,9,3,0,0,0,16,0,0,0,6,3,0,0,0,6,0,0,0,0,0,13,31,19,0,20
0,32,5,14,0,58,1,3,0,5,0,21,0,9,18,1,0,3,0,0,0,0,29,18,0,23,9,0,22,252,125,71
0,14,19,0,0,0,31,66,16,0,0,15,0,0,0,18,29,0,0,21,9,0,13,0,0,0,0,16,99,236,6,238
10,0,13,0,61,0,7,20,15,0,40,54,0,0,0,0,0,17,36,0,0,22,41,33,27,0,31,0,66,42,230,50
40,19,35,0,71,0,15,24,31,1,18,12,32,0,10,0,3,0,0,17,0,0,0,0,0,2,5,149,147,0,0,0
107,61,3,31,0,0,10,0,28,1,49,3,37,0,0,22,0,23,1,3,30,5,10,7,2,172,41,3,0,0,0,0
249,118,12,11,0,10,18,5,27,0,172,29,14,0,174,139,13,0,0,0,0,14,0,27,16,242,0,0,0,11,0,38
107,237,63,30,66,25,7,32,24,8,191,189,0,0,10,39,0,1,0,0,0,9,0,0,2,2,0,0,0,0,0,0
52,227,0,23,0,0,14,0,0,0,39,185,0,21,48,44,3,29,19,12,19,0,0,17,3,19,0,18,11,23,11,33
44,0,8,74,52,0,29,12,6,0,29,131,1,4,0,13,22,0,0,0,13,11,16,0,25,24,0,7,0,0,0,0
0,0,0,6,23,0,0,19,24,0,30,155,0,0,9,14,0,0,51,10,87,158,0,26,21,0,14,24,27,0,30,0
0,33,0,0,0,0,40,0,0,13,91,249,0,0,0,0,22,53,36,48,230,124,0,13,11,0,63,0,48,19,44,45
8,6,0,0,0,12,0,0,12,147,159,15,124,0,0,9,10,183,221,106,45,25,10,13,14,20,0,10,22,0,0,9
0,2,0,24,8,0,46,79,207,245,186,21,0,2,0,0,248,34,85,60,248,18,0,40,7,0,1,0,0,15,6,0
0,43,9,0,5,0,133,229,160,192,97,45,4,0,19,75,19,5,245,241,221,0,0,16,0,6,29,0,28,0,38,3
0,0,5,49,0,0,78,30,65,106,67,238,42,0,0,240,166,174,163,196,236,1,50,0,0,7,0,21,13,1,0,48
18,0,0,0,80,0,33,134,166,17,176,172,2,39,38,150,72,193,188,91,237,0,2,10,0,4,0,0,0,13,7,22
52,1,58,0,0,0,0,156,135,132,233,37,104,124,239,187,150,195,197,218,59,16,0,13,0,2,0,0,8,0,0,5
0,0,22,13,0,30,0,0,195,150,244,72,229,167,189,195,119,11,222,222,0,1,25,0,0,6,7,28,8,0,6,14
0,0,0,49,26,20,27,14,37,209,92,63,234,189,1,45,195,196,30,39,25,21,30,0,0,10,0,31,0,0,0,0
16,2,0,0,30,0,3,11,19,0,3,0,39,74,10,106,57,26,0,18,0,15,0,11,0,7,0,0,6,7,0,14
9,0,17,9,0,51,0,0,3,0,0,41,0,0,0,0,37,7,63,12,0,0,0,0,0,0,8,0,0,0,39,56
0,0,5,46,6,0,1,8,30,0,0,14,0,0,0,11,0,80,247,9,18,0,0,17,0,0,12,5,0,2,0,0
23,2,25,0,0,0,0,69,22,0,0,0,0,0,7,0,0,243,93,0,10,0,0,26,0,0,0,2,8,0,15,16
0,8,9,0,43,0,0,28,31,5,0,0,21,4,0,2,0,176,170,0,0,0,0,0,1,13,0,1,20,3,0,46
11,24,0,57,0,0,0,236,199,14,29,0,0,0,18,0,5,15,0,0,7,12,0,11,142,182,14,4,24,11,29,19
7,15,0,0,58,0,0,164,154,3,0,0,0,42,4,0,22,12,0,8,13,0,13,1,201,43,100,27,32,3,37,0
0,0,4,108,0,0,0,0,66,33,20,9,0,19,19,0,0,12,21,8,19,5,0,6,77,219,6,16,0,5,27,33
0,0,1,0,4,11,0,0,66,28,1,0,0,0,12,21,19,3,0,0,5,9,0,1,55,2,0,0,19,0,27,0
17,10,0,0,66,0,0,0,55,0,10,18,19,0,0,13,0,0,0,21,0,0,0,113,0,19,12,0,11,4,0,0
0,16,29,0,45,9,0,0,0,41,0,9,50,19,30,4,32,0,3,16,7,5,0,0,13,0,23,0,23,0,32,0
15,0,25,16,0,0,20,35,0,16,8,14,13,0,0,1,0,16,0,0,0,32,32,0,0,15,0,0,19,5,0,31
0,0,8,6,5,0,28,12,0,0,6,26,7,0,0,28,7,0,0,27,1,0,35,0,0,8,0,0,0,29,0,0
0,26,0,0,0,30,40,0,0,25,8,0,31,9,0,0,0,35,0,0,5,12,0,22,0,4,0,0,0,23,118,66
1,0,0,14,0,0,0,35,57,0,68,46,38,0,25,10,0,6,0,0,16,1,77,0,22,12,59,19,121,188,250,222
0,3,0,18,28,0,0,6,21,6,0,0,0,0,0,0,8,14,8,7,10,5,0,37,11,0,27,0,51,60,252,47
10,22,0,0,23,2,18,0,8,0,0,53,14,0,0,20,0,23,0,0,12,2,0,16,3,0,30,149,158,0,12,51
99,49,25,37,28,0,0,26,0,0,95,0,0,0,9,5,0,18,0,0,0,16,0,10,0,154,74,22,4,0,0,0
243,163,0,21,0,1,3,28,39,0,181,243,5,0,153,152,13,0,14,28,39,0,61,0,9,23,22,0,6,0,0,13
169,243,0,0,28,44,13,0,42,18,188,194,44,18,252,243,0,16,0,12,0,0,0,0,5,0,27,0,22,7,24,0
51,226,0,42,0,6,23,0,35,14,6,218,0,0,37,33,0,0,0,23,27,0,0,0,6,0,0,16,23,22,16,0
13,0,62,0,81,0,35,11,8,0,16,116,0,37,0,0,0,25,0,3,0,0,20,11,7,0,0,17,2,48,3,0
20,19,66,0,31,33,21,0,0,0,0,125,0,0,13,1,14,4,65,64,122,136,33,21,9,0,3,0,5,2,37,0
0,0,3,15,22,0,4,1,4,0,118,238,0,16,0,0,0,50,252,31,227,113,0,0,0,30,20,32,0,0,0,19
0,22,0,6,0,0,13,18,0,166,170,21,132,26,29,0,35,189,168,125,52,49,3,2,0,3,4,0,1,17,0,0
0,0,6,0,71,0,103,72,211,11,168,21,0,0,2,0,254,18,62,37,246,253,0,11,0,0,59,10,8,0,2,13
0,0,0,30,0,28,159,17,185,177,132,42,26,42,8,112,247,209,236,210,171,0,3,8,0,36,38,0,0,0,0,92
0,25,0,7,15,26,82,240,60,159,69,203,50,2,5,198,125,185,111,192,218,0,0,19,0,9,16,0,8,2,12,0
0,28,0,9,3,5,35,130,118,3,151,160,31,9,37,130,59,197,195,103,226,0,5,2,0,6,18,0,11,0,22,0
0,0,0,0,0,0,0,180,139,116,233,59,105,189,222,197,139,191,195,228,0,0,0,0,0,11,10,7,11,19,2,0
34,42,0,9,0,35,0,0,240,169,230,65,210,169,194,194,165,31,16,206,45,0,32,0,26,36,47,0,0,2,0,0
0,0,3,4,7,0,14,0,49,210,86,39,12,245,3,4,191,196,18,16,4,0,0,0,0,2,0,0,18,3,12,29
0,16,24,32,2,16,0,14,7,0,0,0,45,78,0,97,62,31,0,0,0,21,2,14,0,0,9,16,19,0,7,7
22,0,51,0,0,13,0,25,29,7,0,0,0,0,0,0,15,30,86,0,0,1,108,12,5,0,0,11,0,6,9,0
0,17,1,12,0,8,0,13,0,10,0,18,26,0,0,5,0,54,1,12,7,0,0,0,4,2,17,0,0,0,0,0
5,2,0,0,0,0,14,49,39,33,17,0,35,38,24,8,55,216,108,4,0,0,72,0,8,24,24,0,47,3,8,68
0,15,0,0,0,0,0,48,48,0,0,10,14,0,18,0,0,167,156,0,0,10,17,0,12,0,9,0,26,4,17,0
3,0,8,0,0,7,1,7,238,0,0,3,0,8,0,0,18,6,0,7,18,0,0,6,145,213,52,38,27,2,17,30
0,0,0,26,63,37,9,138,166,28,0,0,12,2,16,0,21,2,0,7,0,0,0,12,250,43,53,12,0,0,9,25
10,41,51,5,0,56,26,49,6,0,39,75,35,0,0,12,4,0,6,0,0,20,21,0,63,240,42,11,48,0,37,27
0,0,2,24,0,0,0,0,21,7,0,0,18,21,57,0,0,0,0,12,0,0,0,0,28,17,8,13,0,34,0,0
28,9,5,0,4,33,0,0,1,3,0,1,0,0,16,7,0,13,0,5,0,0,0,84,17,0,63,0,0,0,0,9
0,0,14,0,0,7,30,14,0,12,3,0,5,0,8,0,0,4,0,19,0,0,5,0,10,0,0,22,0,3,31,0
0,31,0,53,0,41,27,0,30,2,8,0,34,20,5,0,0,0,0,8,7,25,20,0,0,0,0,35,1,16,0,11
0,28,70,0,46,0,0,0,31,12,38,0,34,8,32,0,42,0,35,0,16,0,0,1,9,0,0,0,8,3,12,0
3,0,8,56,42,0,0,4,0,8,2,0,0,0,4,0,18,4,3,9,4,0,0,0,22,9,17,0,10,242,113,106
0,6,11,0,0,0,0,0,13,0,7,48,31,0,40,21,0,0,13,12,16,0,48,0,29,0,12,26,128,191,17,229
0,0,23,0,96,31,5,0,0,31,0,0,1,56,7,0,33,1,0,0,0,6,81,47,0,0,26,20,90,31,225,35
2,28,0,11,0,0,0,2,0,31,9,0,0,49,7,15,0,11,0,0,0,8,0,6,18,0,80,131,166,25,12,13
144,17,25,0,0,21,7,0,3,0,82,0,0,19,0,17,41,0,3,0,24,17,0,0,3,159,22,1,0,2,20,0
205,118,0,0,0,6,0,0,11,0,95,109,40,10,173,119,13,6,0,5,0,0,0,17,5,226,0,17,0,0,33,28
166,254,0,0,0,29,4,0,0,15,91,147,19,46,62,25,33,20,28,0,20,0,0,41,0,0,0,0,19,33,44,0
27,183,8,14,0,0,25,0,0,43,0,234,0,22,32,6,17,11,11,0,8,0,0,12,0,0,10,0,33,21,34,0
0,16,3,30,12,21,0,30,9,20,34,122,0,0,0,30,0,0,14,0,43,0,0,0,0,0,33,0,0,11,5,28
0,4,0,16,0,0,0,16,9,10,28,142,0,0,8,4,28,0,65,0,94,119,0,0,8,12,4,11,14,0,0,0
0,0,0,0,0,0,0,13,0,23,125,221,0,0,17,0,4,46,250,49,246,112,32,0,0,0,0,0,0,21,19,0
51,3,0,0,0,31,20,0,0,196,199,251,107,17,18,0,41,215,154,197,21,56,0,52,0,18,16,0,47,0,11,0
0,0,14,1,0,5,95,102,221,225,198,0,0,0,0,10,205,22,94,36,226,35,0,0,2,6,16,7,0,2,26,35
0,10,0,0,25,57,142,218,172,163,57,36,0,10,0,9,246,241,201,5,190,17,3,8,0,0,0,17,44,10,0,5
0,0,9,0,24,39,34,247,44,162,55,195,37,38,4,188,133,176,169,185,221,0,20,6,0,0,0,0,16,5,0,16
44,0,23,0,0,0,11,165,116,245,174,148,28,46,89,103,50,197,192,91,242,14,0,0,12,0,43,22,43,7,20,0
57,11,0,35,37,20,17,184,143,127,252,36,85,194,226,197,156,191,195,219,24,6,12,4,5,0,7,14,0,0,3,12
0,19,7,0,28,11,0,4,167,141,202,54,6,219,212,194,183,25,246,223,10,9,0,0,12,5,8,0,0,0,1,0
0,3,0,20,5,0,0,10,0,204,81,95,0,33,18,3,194,197,77,45,35,0,0,0,14,13,30,0,26,25,0,0
43,19,7,36,45,0,53,0,40,35,0,0,35,92,0,120,51,57,22,17,10,0,58,27,27,9,22,0,14,8,0,5
27,0,38,26,0,0,0,47,0,0,8,18,0,0,25,0,2,0,102,37,39,0,0,0,0,13,0,0,31,0,0,0
16,0,0,0,0,49,21,0,0,45,0,0,0,12,0,22,0,43,38,35,24,0,0,0,8,7,0,20,0,25,0,0
1,0,26,34,0,0,0,39,26,25,10,0,0,22,0,22,26,232,106,0,2,1,28,12,8,0,32,1,0,15,0,0
0,0,16,16,0,0,0,56,31,0,0,22,0,4,9,42,0,187,173,0,0,0,0,0,12,11,0,1,0,0,0,28
0,0,9,34,0,34,0,38,239,0,0,29,24,0,0,0,18,19,0,0,12,27,0,0,172,209,0,0,13,8,0,33
45,0,0,87,0,0,14,150,237,18,0,19,0,5,0,8,0,0,0,36,10,0,52,0,8,55,97,14,13,0,0,0
28,21,6,98,0,1,0,0,65,21,0,19,7,80,9,0,3,18,0,4,12,0,0,0,65,229,0,16,0,4,16,0
0,7,20,0,1,0,0,0,23,0,16,19,23,0,0,30,0,0,0,0,0,13,1,8,23,2,33,0,6,4,0,0
11,25,0,0,0,19,0,0,17,12,0,0,54,0,4,0,0,21,0,1,7,0,0,121,0,0,0,5,0,0,0,0
0,0,0,20,66,0,0,13,0,16,0,10,0,0,0,15,0,0,0,1,0,17,0,0,9,18,38,25,0,0,0,59
23,13,5,0,0,19,0,44,0,8,4,5,0,15,2,27,22,0,0,19,0,0,0,17,3,1,14,5,0,22,17,0
2,0,0,25,0,0,22,13,0,0,0,4,0,0,3,6,0,12,8,0,0,26,43,0,0,0,14,9,5,0,0,0
8,25,0,21,68,0,0,28,0,9,0,0,0,0,16,2,22,0,0,22,0,0,0,7,0,52,16,0,0,251,117,95
1,20,83,0,100,65,53,0,25,5,29,32,5,2,0,0,69,2,33,51,14,0,0,1,0,10,0,0,115,192,40,228
0,25,6,0,5,0,18,1,31,0,13,5,0,0,0,0,0,22,6,7,0,10,36,31,0,0,24,0,74,23,16,53
0,0,40,36,82,7,19,0,9,6,38,14,36,32,9,0,6,0,0,0,0,0,9,2,0,6,61,131,129,0,0,20
108,45,0,0,0,0,0,28,43,1,81,9,3,0,3,14,23,13,4,5,0,0,0,22,0,174,97,17,0,19,0,0
218,163,0,68,0,0,0,4,9,9,184,209,14,0,160,114,0,15,0,0,0,30,0,0,24,209,11,0,1,0,18,48
145,243,34,0,53,5,0,43,0,0,162,187,0,0,80,33,37,7,4,3,0,0,0,2,0,1,0,0,54,0,8,0
91,168,0,0,0,0,0,20,0,16,0,240,10,0,67,1,19,0,0,32,0,21,8,3,3,0,2,26,16,0,9,0
0,0,0,38,6,28,0,39,38,0,41,106,0,0,22,0,0,11,12,0,56,0,34,11,4,21,0,0,26,0,19,69
3,37,13,0,0,28,0,0,0,11,0,115,10,32,0,0,4,15,96,22,119,136,5,40,0,11,0,0,0,0,40,0
0,29,0,0,0,0,0,6,0,2,142,225,0,24,56,5,0,22,33,51,224,142,0,0,0,26,0,10,0,0,0,24
35,6,0,0,0,15,20,36,1,169,213,25,98,46,11,0,33,203,141,226,45,82,29,4,0,1,8,0,0,12,8,0
0,11,0,0,73,0,71,78,208,253,189,0,10,4,0,21,246,3,134,63,227,2,8,13,0,7,0,11,12,16,8,6
13,32,16,0,3,58,138,225,135,191,76,0,0,18,1,53,12,229,241,32,204,0,0,0,7,0,13,41,54,0,18,0
0,0,0,34,0,5,50,50,58,115,21,229,0,5,0,206,113,184,112,189,245,0,15,4,6,1,20,0,0,13,0,29
34,10,1,0,2,0,20,118,135,249,156,137,1,44,46,158,66,189,192,94,0,9,0,0,6,0,0,0,0,0,0,5
0,0,59,0,0,6,4,181,138,148,221,40,136,178,242,191,153,195,197,253,28,0,11,0,0,0,0,0,0,0,18,3
0,34,0,9,58,0,2,4,203,170,195,54,221,205,194,189,149,31,235,178,3,16,0,30,0,5,22,24,5,0,29,0
0,0,9,47,11,4,23,66,16,192,95,100,248,45,249,250,197,188,29,13,0,8,18,16,0,11,18,0,0,6,0,0
0,8,19,0,0,0,0,14,1,5,0,0,46,75,16,101,69,60,16,0,0,0,33,0,0,2,0,8,0,7,5,0
18,3,29,0,126,10,38,0,27,45,30,0,64,3,29,0,26,24,99,0,39,2,0,15,28,0,0,22,4,1,29,0
0,7,39,0,31,19,0,6,4,0,9,0,39,1,19,0,20,83,67,26,4,0,0,0,0,4,0,0,11,0,46,49
24,5,0,0,0,0,4,48,23,0,36,16,16,7,5,0,16,231,84,0,10,0,0,0,1,0,37,15,21,0,0,12
3,0,0,0,0,8,0,72,69,0,0,0,0,3,0,0,0,219,127,8,8,0,0,0,0,0,19,18,0,1,0,0
0,0,28,10,0,9,0,176,203,0,0,9,10,0,25,10,0,2,0,0,0,14,0,18,163,192,37,0,35,0,19,20
17,0,0,0,0,29,0,153,172,10,0,24,0,0,0,8,8,0,7,18,0,7,0,0,224,51,39,0,0,2,0,16
25,55,0,13,0,9,7,0,62,0,45,14,22,0,11,0,0,0,2,8,0,33,14,0,80,16,31,16,8,37,0,7
32,0,1,0,48,0,40,0,2,21,0,0,0,11,0,3,0,20,0,0,0,0,32,0,51,18,0,20,0,1,0,0
0,16,0,0,23,53,17,0,0,0,0,0,0,0,26,35,8,26,0,0,13,23,24,108,11,3,52,0,0,0,3,0
29,0,41,0,20,42,0,0,0,1,0,0,0,9,28,13,0,0,0,0,8,0,16,26,0,8,0,26,0,0,6,0
16,0,1,0,47,41,0,0,0,20,0,21,0,20,24,9,13,16,0,0,13,0,15,0,0,3,30,10,0,0,0,3
2,5,0,67,0,0,0,0,0,12,0,11,0,0,0,0,51,0,0,0,38,15,0,48,0,0,0,0,41,0,0,0
16,4,0,0,12,16,2,0,44,49,12,0,0,0,0,0,0,4,0,3,2,0,20,34,0,0,0,0,0,23,147,35
18,32,89,0,0,8,37,0,7,5,23,22,49,0,37,0,33,31,26,0,1,1,0,0,5,0,19,0,100,202,88,224
0,2,4,0,0,16,0,0,2,24,4,0,11,0,1,0,0,0,0,3,7,0,39,10,0,5,0,29,63,18,243,24
2,19,0,25,0,21,0,0,0,0,0,30,0,0,17,0,5,0,0,0,2,5,5,11,19,0,0,134,135,11,16,0
128,40,18,0,0,0,0,0,0,5,86,5,0,0,18,27,17,40,0,9,0,18,40,0,0,207,160,37,0,0,0,49
196,147,16,12,9,0,0,32,0,13,195,23,0,0,150,160,0,0,0,0,0,0,17,0,0,241,0,0,0,0,0,16
185,232,11,1,0,18,9,0,0,15,16,195,9,23,60,35,16,15,9,7,10,4,31,0,35,0,0,22,6,17,19,0
71,223,0,0,0,0,58,0,39,18,25,228,41,8,54,64,3,0,7,17,23,3,0,6,0,0,0,0,0,0,5,30
16,34,0,0,0,9,0,0,0,7,23,121,0,35,0,0,2,0,13,25,15,0,0,7,0,2,10,34,0,0,3,10
0,0,0,0,28,9,0,0,0,11,37,130,3,0,0,10,0,0,19,13,84,207,17,8,0,11,26,0,0,0,0,0
0,11,0,0,0,3,0,0,4,14,146,25,0,18,6,11,4,33,27,9,238,136,33,0,0,0,15,9,7,11,4,57
11,0,0,0,0,0,0,0,10,163,246,24,110,28,3,0,27,213,159,217,41,70,5,27,21,6,4,0,34,11,0,0
0,19,10,0,35,28,71,85,206,241,217,0,0,0,0,16,244,41,137,66,218,220,0,0,0,24,0,0,14,0,15,10
19,0,0,0,0,0,151,44,170,163,65,50,43,5,0,77,25,208,243,19,224,0,51,5,5,32,6,23,0,0,0,42
14,0,0,23,8,13,69,85,76,123,69,210,48,24,0,203,150,190,162,191,214,0,0,0,8,0,24,27,11,0,10,21
21,0,0,0,0,11,0,117,115,248,153,125,37,5,77,124,45,195,197,107,223,32,63,2,6,0,0,22,0,0,0,9
0,0,9,19,0,0,3,161,174,122,235,56,109,177,237,195,162,187,191,203,22,38,0,6,1,0,0,36,0,0,9,0
16,0,0,0,0,0,22,0,193,193,202,79,252,193,172,187,135,30,243,233,5,0,0,1,0,0,0,0,24,30,4,7
0,0,0,0,4,0,0,0,23,219,71,101,232,15,7,252,187,193,35,8,25,0,0,0,0,11,0,10,4,1,6,0
22,0,0,25,0,35,0,7,4,0,0,0,63,72,8,71,83,50,0,0,6,14,2,0,2,15,18,0,0,0,4,0
46,0,0,63,0,36,0,0,12,0,13,0,0,0,24,0,0,0,114,0,0,0,49,0,6,0,0,0,0,0,17,0
4,0,58,0,17,16,0,0,14,0,26,6,0,3,0,40,2,90,45,0,0,8,20,10,24,0,0,23,0,5,15,0
0,0,0,44,0,7,22,29,11,0,28,45,39,0,6,27,27,251,60,0,0,17,0,0,13,0,29,44,54,3,0,0
4,0,0,30,0,0,0,45,35,2,4,34,14,0,19,0,0,241,145,16,0,0,0,27,0,0,0,44,0,0,10,0
27,2,46,0,0,6,28,18,221,0,17,0,27,0,0,0,0,17,9,24,1,0,37,21,182,208,0,0,1,6,12,30
0,0,15,9,0,0,18,134,182,3,0,1,0,16,43,16,45,0,22,4,21,12,21,0,16,17,87,0,3,39,2,0
13,65,0,10,1,77,0,0,48,0,0,20,0,42,0,0,0,29,0,44,29,0,0,5,100,1,6,0,0,12,0,0
0,9,24,0,28,5,30,0,0,0,6,9,0,0,21,0,18,0,2,0,0,0,0,7,38,0,0,0,11,0,0,0
4,0,13,0,7,10,0,0,0,0,26,0,8,5,0,31,0,0,0,3,0,11,56,168,0,6,0,0,0,19,32,0
9,0,12,46,1,0,28,0,0,16,11,33,0,8,0,0,28,15,0,17,0,0,0,0,0,0,29,1,16,0,10,36
0,0,31,0,0,0,0,0,13,0,43,40,42,0,6,13,0,7,0,13,4,9,0,0,4,8,38,19,34,0,1,0
16,0,31,62,2,0,4,2,0,10,0,0,0,0,0,0,0,0,0,0,11,6,11,8,0,1,0,0,19,22,0,9
0,16,0,42,0,0,0,0,0,0,35,0,0,59,39,35,0,0,13,0,27,0,0,0,0,14,0,3,0,5,121,128
0,7,17,0,52,21,0,8,0,27,0,25,0,27,0,0,17,7,0,4,3,1,15,81,0,10,37,17,100,181,62,211
0,4,0,16,0,0,0,22,0,0,0,27,25,4,9,41,35,0,0,13,2,6,71,0,0,0,35,16,37,43,4,19
1,0,0,8,0,79,0,0,0,0,0,0,0,0,23,0,19,21,0,0,0,0,54,0,8,0,49,134,175,7,14,0
132,20,5,23,25,0,47,10,0,14,59,6,0,30,0,0,0,0,0,0,15,0,30,0,1,186,120,18,0,20,0,0
240,176,0,0,32,21,40,0,34,0,192,54,0,19,173,141,10,12,0,6,0,26,16,0,19,226,32,0,0,9,0,0
86,221,56,0,34,6,35,0,54,17,253,191,0,0,70,238,23,33,15,37,0,10,36,35,0,0,0,0,0,20,0,0
61,1,9,13,40,0,0,29,32,0,0,3,61,0,59,65,42,10,27,0,0,0,0,0,5,4,0,0,43,13,35,29
19,0,0,0,84,0,0,18,6,30,0,185,4,0,14,5,5,0,30,20,6,6,0,23,0,8,0,0,0,0,18,0
1,0,17,29,49,0,0,0,3,29,0,133,24,30,0,0,17,0,70,34,106,176,30,21,2,3,15,34,0,0,0,0
2,21,0,16,0,55,44,42,8,0,178,205,0,0,0,8,0,35,34,67,243,141,0,0,0,3,0,30,3,0,2,34
0,0,10,9,7,0,41,0,11,164,169,68,64,4,0,0,25,216,176,226,54,86,69,0,0,10,0,33,0,0,0,11
0,36,0,13,0,4,58,102,232,15,222,45,12,0,13,0,251,14,131,61,209,3,0,7,0,10,2,23,7,15,0,0
19,0,3,41,0,0,128,37,164,135,50,20,0,0,0,27,65,225,255,21,222,0,44,0,6,4,0,0,0,6,12,25
16,0,27,78,0,0,62,50,47,146,49,218,66,0,18,243,164,198,182,185,196,31,85,0,0,4,31,3,42,17,0,0
18,15,45,0,50,36,46,111,84,16,157,117,26,87,104,118,53,195,197,125,215,0,0,10,2,0,20,9,23,0,28,7
0,11,7,0,0,0,0,181,130,122,218,64,93,203,223,190,151,197,191,227,60,23,26,17,9,0,0,7,0,0,5,32
0,24,6,0,26,12,40,0,206,168,221,85,211,196,210,194,152,32,237,222,8,10,3,0,10,8,0,0,25,28,27,16
0,0,0,63,44,0,14,22,38,223,42,92,244,72,21,41,197,187,138,18,7,12,0,0,0,27,0,1,0,12,0,42
6,17,36,0,41,23,52,2,0,28,0,0,67,33,46,45,128,87,35,10,0,6,7,13,0,0,3,3,18,26,18,68
37,6,0,30,126,0,18,23,2,0,0,16,35,44,5,0,0,0,66,50,54,0,0,10,16,11,0,0,0,23,32,0
0,0,0,0,0,0,0,32,16,0,0,35,23,49,40,0,12,43,40,2,0,0,0,0,5,0,0,0,0,0,5,0
0,8,0,1,0,22,0,0,0,0,0,5,0,0,0,0,0,233,88,4,0,0,41,0,5,0,27,0,9,4,0,0
0,0,0,0,0,25,0,39,48,0,0,12,33,0,0,0,9,180,127,0,7,36,0,0,28,0,26,12,12,0,0,4
56,48,32,0,0,45,0,220,215,0,0,27,0,0,17,0,0,0,33,24,16,0,66,0,166,188,0,7,0,0,29,0
0,13,0,0,0,0,0,196,192,0,0,51,4,1,9,37,0,3,0,26,14,0,24,21,233,32,74,0,4,11,20,0
36,22,0,52,18,31,0,0,27,0,0,24,0,0,0,0,0,21,0,14,0,11,0,3,92,250,33,12,4,0,18,58
0,0,0,0,0,14,25,0,10,0,0,4,6,0,12,8,5,0,0,4,0,12,30,0,53,0,31,0,0,5,28,0
39,26,53,2,0,17,29,0,0,0,0,2,0,21,0,2,22,10,0,10,0,18,0,110,0,0,0,0,0,39,33,0
31,0,0,15,0,0,0,0,15,10,0,4,0,9,2,0,7,5,6,9,30,2,14,0,9,0,0,1,0,0,0,11
7,0,13,26,74,0,11,0,0,0,0,0,11,0,8,14,0,0,0,9,0,2,54,0,0,9,0,23,20,0,0,0
0,36,0,3,0,0,39,0,16,20,12,0,0,0,0,0,0,0,19,0,2,0,0,0,0,0,0,0,23,6,3,2
13,0,0,0,7,30,22,1,21,0,1,40,0,62,0,33,0,0,11,0,0,38,0,25,0,0,0,0,0,61,65,64
23,0,19,0,0,11,6,11,0,5,0,48,0,0,0,21,0,0,0,0,0,0,9,0,13,0,0,30,86,122,22,186
0,33,0,6,0,0,12,21,0,0,2,11,3,9,4,0,0,0,0,17,0,12,35,0,0,3,39,0,82,188,216,35
0,0,0,0,0,0,0,0,8,16,0,3,0,12,13,15,0,11,0,0,1,0,9,10,2,0,3,131,154,0,5,0
150,3,9,0,0,0,0,0,10,0,147,0,2,33,0,30,0,0,0,0,0,20,38,41,33,227,240,6,14,0,0,0
208,137,22,5,27,0,0,21,39,5,190,130,44,0,125,156,0,30,9,0,14,0,0,3,5,222,2,5,0,1,0,0
92,246,8,27,32,18,17,0,0,29,65,195,0,0,58,238,0,22,7,12,0,4,8,0,2,10,6,11,0,5,5,1
26,154,2,7,0,0,0,0,0,7,2,29,49,19,28,38,0,37,0,0,0,0,0,19,27,0,12,0,0,42,32,0
0,39,0,0,0,51,39,0,0,0,44,167,27,55,0,0,0,11,35,17,29,0,0,26,31,13,51,6,0,15,0,0
0,14,0,4,0,20,0,13,0,0,0,176,4,0,0,10,0,3,50,0,104,126,24,0,0,14,0,0,0,0,39,1
12,0,22,17,0,0,32,3,25,0,167,233,24,30,0,15,12,41,23,34,215,156,0,0,14,0,3,0,23,20,0,2
30,11,6,1,0,0,16,3,0,177,189,61,106,0,0,0,62,195,152,224,61,70,0,1,0,7,27,0,17,18,19,0
0,0,0,0,12,51,96,30,226,4,245,17,8,0,0,9,244,22,134,59,245,212,41,32,22,10,0,0,0,12,0,0
0,0,0,5,0,64,120,227,99,180,7,32,11,4,29,35,2,205,210,21,199,0,9,6,0,8,6,0,0,7,1,7
9,0,7,39,15,0,48,84,33,132,67,3,68,0,33,199,151,169,135,186,185,29,14,0,0,0,29,2,0,0,16,0
0,0,34,17,36,18,25,162,101,14,120,134,16,61,55,101,50,187,191,95,244,44,0,11,0,9,21,10,0,0,16,23
0,38,23,0,0,57,26,136,137,136,217,48,80,162,217,195,125,187,190,199,65,0,28,33,19,9,8,0,0,7,0,41
6,0,0,24,5,25,35,0,194,216,216,73,235,166,233,196,174,17,237,220,0,16,0,5,0,35,0,0,2,0,4,0
18,0,17,0,40,12,0,8,0,227,63,80,245,224,246,252,190,195,49,11,33,0,0,9,5,9,0,9,0,0,0,13
0,0,6,0,3,23,1,0,5,0,0,30,22,0,9,40,56,45,0,10,26,19,0,7,0,0,7,14,0,23,0,0
20,0,0,0,0,0,29,28,0,0,2,0,28,36,0,26,0,0,68,0,0,0,28,8,6,0,0,5,5,0,0,62
0,0,0,0,0,55,1,0,0,8,40,0,17,0,10,0,23,41,237,12,10,0,31,0,0,25,0,0,0,23,18,0
0,65,40,0,39,0,13,18,0,5,0,0,0,69,0,12,25,249,83,0,12,5,0,0,3,0,35,0,30,0,22,0
16,0,18,25,0,0,0,21,201,4,40,0,4,10,6,0,17,204,137,0,0,0,0,18,0,0,0,26,0,0,0,31
54,0,0,37,5,0,4,244,208,4,0,0,23,19,13,0,0,0,0,19,32,3,0,18,94,170,0,0,4,22,5,0
25,22,0,0,0,0,6,173,132,17,3,3,1,0,0,0,20,0,0,0,11,0,23,13,194,212,16,17,34,0,0,20
36,21,9,10,0,53,15,49,31,45,0,0,0,14,0,0,0,30,39,0,10,0,2,37,54,187,4,0,1,31,20,43
10,26,29,0,37,0,0,4,0,0,0,9,4,14,14,0,0,0,0,0,0,0,0,17,14,10,0,13,17,0,39,11
12,0,14,7,10,0,3,1,17,2,0,25,0,4,0,0,0,12,27,0,0,0,30,73,17,0,0,0,18,8,5,11
1,0,5,0,0,36,54,22,10,0,21,14,0,0,16,13,5,0,0,16,15,0,37,0,0,25,0,16,12,0,0,0
14,0,0,23,0,0,0,0,0,0,27,33,11,0,2,13,0,0,8,0,0,0,0,0,16,20,18,0,0,2,0,27
39,0,0,33,0,0,5,15,0,0,34,31,0,10,0,30,20,0,3,0,15,22,8,0,11,0,33,0,0,0,0,4
0,37,0,0,35,67,26,0,13,40,0,9,0,0,0,6,5,5,23,0,0,0,0,0,1,10,0,8,0,238,113,89
15,0,28,11,0,0,0,12,0,0,10,0,0,33,4,0,26,4,9,15,3,4,0,0,0,0,18,0,42,90,21,195
0,28,25,0,0,61,22,14,0,0,8,3,34,0,0,0,0,7,0,24,0,0,30,0,0,0,0,18,79,21,222,9
29,0,0,7,0,0,0,0,0,23,0,0,0,19,24,6,0,25,10,5,0,3,33,0,6,2,83,231,147,13,21,8
72,16,0,30,0,36,53,7,5,0,125,23,9,28,0,11,26,4,4,0,0,0,30,21,12,221,116,15,23,0,0,35
132,134,0,0,0,51,0,13,31,37,197,66,0,0,198,65,0,10,0,5,6,0,1,44,0,162,0,19,29,56,2,32
58,5,0,2,15,38,0,25,18,0,228,187,0,7,6,213,0,9,1,11,0,0,12,0,0,35,36,34,43,0,30,4
155,169,52,0,77,58,46,0,0,0,0,219,0,6,162,105,42,20,0,11,0,33,0,30,20,0,29,0,9,12,6,0
40,0,0,0,0,0,29,3,31,7,0,152,21,0,0,11,0,14,10,39,0,0,35,0,0,12,0,0,8,0,30,0
0,0,0,21,0,0,43,0,25,9,8,141,29,0,7,12,29,3,70,0,116,151,0,0,5,0,10,0,16,19,6,3
0,0,0,39,0,0,0,6,10,0,193,212,0,4,0,0,0,10,203,65,251,198,6,0,26,29,74,0,0,0,0,71
36,0,31,2,0,8,0,0,0,204,199,34,80,14,10,0,37,153,213,243,84,41,0,0,0,0,0,14,6,0,0,0
0,2,14,13,18,21,74,111,223,19,237,4,0,11,7,0,250,221,140,59,233,243,0,56,19,23,18,0,14,12,16,53
0,12,0,10,9,66,117,219,164,183,64,41,0,0,8,51,231,168,234,4,187,0,0,0,0,0,10,17,11,8,0,0
0,16,22,15,0,23,83,126,46,164,62,185,25,1,0,221,107,141,169,194,201,0,33,9,15,17,0,0,0,0,24,14
0,0,0,3,34,0,90,135,129,252,163,153,24,197,252,130,19,197,192,75,4,0,0,8,0,0,0,3,0,21,0,0
0,26,0,0,0,0,24,183,140,127,237,25,42,113,135,196,100,192,195,151,35,7,0,2,1,16,18,6,0,25,0,0
0,0,4,0,0,0,31,9,233,204,213,62,245,39,95,193,46,235,214,212,16,27,0,4,0,16,0,10,0,0,27,4
0,24,11,13,10,0,0,1,0,184,85,90,23,71,0,38,195,120,20,18,14,0,0,0,0,38,25,6,16,0,7,0
5,0,35,16,0,0,0,13,35,0,37,39,25,19,0,116,28,32,0,0,0,20,19,1,23,0,0,0,0,0,0,47
34,0,37,0,86,0,33,19,3,0,37,20,0,0,0,21,0,22,65,53,41,0,4,0,0,18,0,0,0,0,0,8
21,0,0,21,0,0,0,2,0,3,1,60,14,9,0,6,0,58,29,0,0,26,0,0,19,11,26,0,0,0,0,0
16,0,0,0,15,0,0,0,0,27,7,0,0,7,18,7,34,242,85,14,43,3,71,0,2,0,0,73,0,11,0,0
12,14,0,0,0,0,0,13,164,0,0,6,0,11,15,0,0,178,145,11,0,0,0,0,3,11,0,8,12,35,22,0
0,0,36,0,31,0,0,195,195,0,0,2,0,1,0,22,0,24,0,0,14,11,16,18,85,178,41,0,0,0,7,0
0,4,0,48,10,0,0,157,151,62,8,0,0,32,0,0,4,0,22,0,0,49,6,0,156,182,39,29,0,2,0,0
11,13,28,0,35,0,14,34,44,7,0,24,0,93,0,0,4,10,0,0,1,0,7,0,40,199,0,2,2,28,4,68
0,12,16,33,0,7,0,0,0,0,2,8,12,7,10,10,15,0,0,0,5,0,0,15,57,3,0,0,9,12,6,27
0,26,0,0,0,46,0,2,0,0,0,57,0,51,20,9,16,1,0,13,4,0,2,98,9,0,0,0,15,40,0,0
1,0,3,21,0,0,0,59,5,0,39,26,19,0,0,17,8,0,0,0,0,15,0,0,27,16,58,10,17,0,0,21
0,18,0,12,0,0,2,0,0,9,3,0,4,0,10,3,0,0,8,23,0,0,2,0,0,28,0,0,0,0,0,2
27,25,1,14,54,2,30,8,29,0,0,0,0,16,20,32,1,28,7,0,20,2,17,0,0,0,5,0,28,1,5,0
2,0,19,0,4,0,0,0,0,10,0,15,6,0,0,14,14,16,4,11,2,39,5,0,4,0,27,0,3,3,70,0
0,0,43,0,18,67,0,0,0,0,0,21,42,2,0,5,0,0,0,3,0,20,0,0,0,0,38,0,90,240,178,185
38,0,7,0,61,8,49,8,31,6,0,0,0,0,14,0,22,12,11,2,28,3,24,24,8,3,0,0,184,176,114,0
0,10,0,11,16,0,13,0,4,0,16,2,0,0,5,0,6,3,0,0,0,0,20,3,39,9,23,14,172,0,2,0
24,16,4,49,52,18,0,0,4,17,156,0,0,0,29,0,0,0,0,0,20,0,0,31,0,194,149,0,14,10,3,0
140,79,20,0,20,17,0,5,0,50,136,82,0,0,166,77,0,6,0,14,0,22,0,0,19,121,0,54,34,0,25,0
59,239,0,5,0,0,7,19,16,11,102,18,0,39,51,222,0,8,0,0,3,2,0,9,14,8,22,14,16,7,0,0
34,185,40,27,0,0,45,0,2,0,95,227,10,0,113,109,8,2,0,0,0,3,0,4,31,0,29,0,1,0,0,46
0,16,45,0,30,0,0,0,18,0,0,164,16,0,0,0,6,0,14,0,0,26,7,39,0,29,14,0,0,29,2,0
20,63,16,0,0,17,16,0,0,34,0,109,0,2,0,0,0,24,52,0,106,92,19,22,1,18,78,75,12,0,35,0
0,47,43,0,0,21,0,0,0,20,191,234,12,9,0,1,0,37,166,253,89,139,0,3,0,0,13,1,0,0,24,0
6,0,0,0,3,12,0,6,26,183,246,72,115,0,0,0,37,112,119,183,59,36,20,5,4,14,27,0,23,0,9,0
10,0,6,17,38,92,123,192,249,26,231,0,0,19,13,0,209,165,88,51,155,129,0,0,0,0,0,0,0,14,9,0
0,0,0,40,0,80,192,9,184,193,72,34,21,21,46,66,235,160,112,18,213,0,84,0,3,27,25,16,0,4,0,8
0,0,0,46,0,20,3,145,113,165,79,179,0,0,0,37,80,71,80,144,190,14,39,13,0,0,2,6,0,12,0,0
18,6,0,28,0,48,0,142,141,252,140,98,250,99,126,57,28,193,188,23,251,0,38,0,0,0,13,6,0,9,0,0
0,0,0,31,7,0,0,179,145,89,189,23,26,17,127,143,0,189,192,31,3,17,0,0,0,5,0,0,14,13,0,0
0,48,21,0,16,0,0,0,178,178,200,101,233,14,231,188,233,166,183,185,24,8,3,17,0,1,44,32,28,3,5,7
0,0,0,25,0,0,0,6,16,0,99,76,208,68,217,204,196,80,14,8,3,0,0,0,0,9,12,5,17,3,18,24
18,11,0,15,0,0,40,34,66,24,0,0,33,93,21,41,1,230,0,5,0,22,0,6,25,0,0,20,24,0,20,0
5,2,0,93,0,58,29,23,36,0,11,0,11,43,0,0,0,4,132,3,37,52,39,0,38,24,0,26,11,19,7,0
0,0,78,0,2,0,5,0,7,4,0,16,0,25,0,18,0,60,211,4,2,0,31,2,7,10,4,0,16,9,0,12
16,0,0,14,57,0,33,0,1,2,18,10,5,0,0,13,0,160,186,0,0,0,29,0,2,17,1,0,16,0,16,53
19,0,0,0,0,0,0,81,124,19,19,17,0,0,0,0,0,215,195,23,8,19,7,0,27,54,8,0,11,0,0,0
16,7,0,12,28,7,16,200,5,8,0,7,0,3,0,16,18,5,16,1,15,38,6,17,60,171,0,0,3,7,0,10
20,0,0,11,0,23,0,99,183,0,0,33,18,40,0,8,21,7,8,0,0,0,4,0,17,240,68,4,0,8,12,2
12,0,0,0,0,0,24,31,52,0,0,18,20,19,0,39,0,0,0,0,4,24,0,26,48,185,7,10,0,0,21,0
0,18,29,0,37,65,0,0,0,0,16,43,0,0,19,11,0,0,19,0,0,0,35,0,21,0,49,0,29,0,0,74
13,9,0,0,0,0,12,0,33,0,0,19,0,0,0,0,0,2,5,0,17,0,0,112,0,0,4,5,0,0,0,0
21,0,0,4,0,0,0,0,27,21,0,0,23,0,26,0,22,1,0,15,0,16,28,15,0,0,0,0,13,30,0,12
0,8,0,0,29,16,3,0,0,23,0,0,0,0,0,13,18,14,11,0,0,0,11,0,26,0,0,11,5,0,16,19
27,0,20,60,57,0,21,0,41,0,0,23,0,0,0,9,0,0,16,39,16,0,39,0,0,1,0,0,0,24,0,64
24,42,56,22,23,33,0,0,0,4,0,0,0,0,3,15,0,0,0,0,1,4,0,5,0,0,0,0,0,135,164,7
0,0,14,6,0,43,0,13,0,0,16,0,0,19,0,29,17,0,0,0,0,2,0,7,18,0,0,7,61,158,128,182
0,0,0,41,5,0,0,16,25,0,1,0,0,13,0,0,25,0,8,11,10,0,0,0,0,4,6,10,156,168,101,94
15,0,9,1,48,33,38,0,31,14,0,0,0,0,0,9,0,0,0,13,7,0,0,33,16,0,0,229,158,14,3,0
56,22,75,0,0,14,34,0,13,10,103,12,33,32,2,0,1,0,34,10,5,0,0,6,32,198,189,10,13,0,48,0
179,121,0,16,0,13,0,0,8,11,197,58,43,12,220,91,0,11,22,0,1,16,0,0,30,202,35,0,24,0,0,31
248,72,5,0,23,0,0,1,1,0,211,66,0,25,177,226,43,0,0,0,0,1,10,0,16,15,8,0,13,8,16,0
27,117,0,90,0,0,13,51,0,0,39,67,17,0,119,212,1,0,0,2,0,18,0,0,3,0,32,46,19,12,0,37
0,15,13,0,69,0,44,0,63,0,16,154,3,0,0,23,7,0,218,20,0,0,10,0,0,0,0,0,0,0,0,0
26,22,0,0,0,0,8,0,2,21,0,166,16,17,21,4,0,40,81,28,140,100,32,0,0,0,16,0,5,11,0,25
0,0,15,0,0,48,0,28,2,20,191,31,30,0,0,0,2,33,215,66,207,170,0,0,3,1,0,0,0,14,12,0
64,12,31,5,0,3,0,0,0,138,43,243,21,0,15,27,22,77,126,136,241,25,0,25,20,5,21,11,3,0,33,17
0,37,39,0,51,3,56,158,242,126,78,7,0,4,7,0,211,101,68,55,223,255,14,0,0,40,0,0,9,15,28,14
17,0,17,44,0,87,228,18,208,192,14,24,34,55,16,33,159,153,151,215,179,0,0,38,0,0,20,23,0,0,3,6
0,3,11,33,20,34,0,176,129,186,82,98,0,0,28,10,45,27,59,112,135,61,0,0,0,12,0,0,25,0,0,51
19,13,10,0,29,61,0,206,155,7,163,81,145,13,41,206,242,151,194,245,187,0,0,0,0,0,33,27,37,0,27,0
10,30,0,0,35,0,0,51,209,102,224,243,203,220,254,29,121,12,187,182,2,0,20,0,21,34,3,0,11,22,26,16
0,7,0,18,10,0,8,19,178,10,26,100,231,103,153,14,101,166,106,190,0,29,6,0,8,0,0,0,15,12,7,39
40,2,22,36,9,0,0,0,0,59,77,105,183,203,88,134,134,122,91,0,0,0,0,0,13,0,11,27,0,0,0,10
16,0,0,45,0,25,0,0,0,16,0,23,50,14,25,84,97,151,0,0,5,0,12,22,13,0,63,0,9,0,9,0
