0,0,0,41,6,0,0,15,0,18,0,3,68,0,9,52,0,0,4,6,0,0,0,0,0,21,0,0,0,45,0,4
0,0,0,22,0,0,6,0,8,0,7,103,138,9,0,43,0,0,0,21,46,18,0,0,18,14,32,18,0,22,0,0
0,0,89,6,5,0,19,0,0,0,0,134,193,0,0,0,9,18,24,32,35,77,23,0,0,9,6,0,17,0,0,21
0,8,16,167,10,0,5,0,22,4,41,92,73,12,0,0,0,15,57,0,90,221,0,0,0,0,15,21,0,22,0,13
77,13,250,112,0,16,10,0,27,4,63,234,2,37,0,0,0,19,0,56,189,0,34,0,23,0,52,7,0,47,0,0
16,13,115,139,10,0,12,0,24,0,53,232,0,9,0,0,0,0,0,0,18,0,0,17,0,0,13,11,0,3,25,0
0,31,36,209,71,20,0,0,0,0,160,139,0,0,1,5,17,0,27,0,0,7,0,0,0,0,0,0,0,31,0,40
13,0,0,194,246,27,20,0,30,1,64,113,7,0,12,25,0,0,0,41,21,19,0,0,0,40,3,0,8,6,32,0
0,0,1,121,117,0,0,0,0,0,42,0,0,42,25,0,35,0,17,8,0,2,0,14,0,0,0,0,0,16,0,101
2,0,15,0,134,16,16,23,10,0,10,0,2,12,5,16,0,0,1,0,24,12,0,2,0,0,3,67,14,0,16,14
0,0,0,0,64,69,0,0,0,0,0,22,14,8,42,0,0,0,0,25,8,0,1,0,0,22,243,204,134,48,0,3
0,0,29,4,0,46,1,0,0,13,0,0,0,6,16,0,42,25,0,0,14,7,23,16,0,1,113,64,2,0,15,0
54,0,0,0,0,0,0,29,0,0,0,0,7,0,0,0,0,1,0,0,29,0,14,0,92,26,12,24,0,0,11,0
0,0,23,0,4,53,0,58,0,22,0,0,0,0,0,43,0,0,0,0,0,10,107,121,108,7,0,6,16,0,0,83
0,12,31,20,32,28,0,44,22,0,3,32,23,0,30,0,48,35,10,22,3,92,7,39,1,0,0,0,0,16,0,0
42,5,0,0,22,127,9,0,4,31,0,0,0,231,0,0,16,0,28,0,81,89,0,0,0,38,4,23,2,0,36,41
0,65,0,0,132,92,108,176,244,0,0,70,5,112,16,0,8,41,0,42,13,17,29,0,43,10,0,0,3,7,51,0
23,0,0,23,46,190,132,218,211,12,18,33,226,202,7,0,0,33,0,11,7,18,6,0,12,0,43,0,40,0,0,0
24,0,6,33,43,130,120,71,28,0,0,88,0,16,2,0,176,39,0,21,0,15,0,8,0,13,14,0,26,23,0,92
0,0,42,230,85,236,68,43,44,1,69,48,0,0,0,0,0,0,0,0,14,13,5,0,19,47,0,0,0,0,0,27
67,0,68,48,240,11,138,78,0,0,0,23,11,0,32,44,1,0,0,0,26,35,0,0,0,0,10,0,8,0,0,28
49,0,76,130,94,24,224,19,0,0,0,14,1,0,37,0,50,18,12,7,34,23,0,9,0,4,0,0,0,0,51,0
28,0,83,200,145,45,23,28,41,11,112,229,99,120,30,1,0,20,0,0,0,23,6,0,0,0,0,1,0,0,22,18
21,236,194,0,191,180,97,79,18,61,113,202,16,164,0,1,0,0,29,30,8,0,0,6,16,2,9,0,5,0,0,42
0,95,217,151,125,11,90,116,21,198,52,76,161,248,0,0,8,39,0,0,3,22,15,150,0,77,0,41,0,0,21,0
109,49,180,32,136,144,201,180,194,238,70,19,191,148,159,0,20,0,22,35,81,53,147,212,203,0,27,7,0,0,16,0
60,20,58,50,107,90,49,186,248,195,32,78,112,196,25,38,25,0,0,16,0,95,85,2,5,0,8,0,18,26,37,32
0,0,0,12,18,177,179,103,120,168,251,186,120,120,137,157,33,12,49,0,24,21,26,0,5,2,30,20,0,11,24,0
0,0,3,11,0,0,235,95,17,23,226,164,56,106,59,0,0,41,17,0,21,29,6,35,0,0,0,16,0,0,0,0
0,0,0,0,0,0,17,157,252,77,127,118,53,0,0,13,33,0,0,28,0,10,0,1,0,0,18,0,0,0,20,52
0,0,24,7,0,1,17,0,4,0,20,17,20,20,12,0,0,20,43,26,28,4,17,22,0,0,0,0,0,0,1,25
14,0,5,20,7,0,6,16,43,50,0,0,8,0,0,37,0,12,18,0,3,7,0,0,0,12,10,24,0,0,6,90
110,0,17,34,14,28,29,0,22,18,0,28,30,0,3,0,10,0,4,4,0,0,7,7,0,3,0,0,0,0,0,0
0,0,0,28,0,5,0,23,0,0,30,123,90,0,0,0,0,0,29,27,30,251,0,13,23,0,12,0,22,71,0,22
0,22,98,0,12,20,16,0,14,24,22,111,173,24,9,0,20,16,7,49,75,46,55,0,34,8,25,0,0,0,0,0
0,0,142,183,2,18,0,0,27,28,32,109,80,17,0,0,55,0,18,0,46,206,0,0,0,2,0,25,0,24,9,17
127,10,34,89,6,4,0,7,0,0,36,233,0,26,3,0,11,0,0,48,167,0,0,26,0,4,4,8,0,18,0,46
0,0,143,125,0,7,0,0,0,20,111,240,15,0,9,25,32,0,0,8,8,19,1,0,3,28,5,25,0,33,10,0
20,0,0,16,69,0,0,0,0,23,165,54,21,0,0,20,0,10,17,0,0,0,0,0,0,51,14,0,1,0,8,64
0,0,0,164,184,4,7,27,3,0,38,88,0,0,3,0,11,0,0,0,0,0,0,21,1,0,0,0,0,0,0,33
57,19,5,87,69,16,0,18,0,0,11,0,19,0,24,0,25,0,25,0,0,27,10,4,0,5,0,5,27,0,0,0
6,24,10,13,113,14,22,0,39,17,0,8,12,17,15,0,0,18,0,0,2,0,0,4,0,22,0,104,39,0,35,0
0,23,0,10,67,84,36,0,0,0,55,0,14,48,31,0,0,0,61,9,0,0,0,0,27,0,242,181,166,27,0,0
0,30,0,0,0,13,0,0,6,23,0,0,0,16,18,0,17,0,44,0,3,39,22,7,0,234,133,91,31,16,0,30
50,0,0,6,0,0,0,0,10,20,0,0,0,0,0,0,0,32,0,0,0,9,0,19,97,44,8,11,6,12,4,0
8,2,0,0,7,56,0,0,0,15,0,7,28,8,0,23,0,63,0,7,0,15,58,7,91,5,6,9,7,0,0,0
0,0,0,34,46,9,14,104,24,0,19,0,6,41,0,0,0,0,14,0,23,56,0,69,0,5,0,0,0,33,0,0
0,0,0,9,4,125,58,0,0,0,1,0,11,205,0,4,1,6,6,0,89,78,0,0,0,0,1,0,34,10,14,0
0,14,0,5,120,97,94,164,209,5,0,57,224,90,0,5,25,0,1,0,0,20,1,0,5,0,26,0,0,20,21,7
53,0,12,22,113,152,132,232,205,0,0,47,204,172,0,5,0,0,15,0,4,0,0,0,22,18,18,0,49,33,3,53
78,58,0,253,50,150,138,94,36,12,0,67,0,10,0,25,132,0,12,11,35,0,25,18,0,0,0,2,11,0,21,16
0,23,32,176,100,200,75,80,25,0,48,2,0,0,0,0,18,25,0,24,0,0,17,8,13,0,0,2,0,35,0,0
68,28,75,84,209,235,181,132,4,0,0,0,0,0,0,28,0,53,1,21,0,0,1,0,15,6,0,0,16,35,12,0
29,0,73,90,104,19,225,37,20,4,5,23,14,0,26,0,17,0,24,0,17,0,0,16,0,15,19,0,0,16,9,0
72,36,176,172,170,80,31,28,0,0,50,0,142,117,35,0,0,0,21,37,28,0,11,6,20,11,0,0,1,7,0,62
59,231,196,16,186,151,122,55,24,67,113,252,4,125,0,0,0,6,0,13,13,12,0,12,6,4,11,0,0,23,0,0
110,97,226,150,173,239,86,121,55,219,123,99,229,5,3,0,0,0,0,5,4,8,0,170,0,0,12,0,10,27,0,10
109,89,157,10,136,154,216,162,233,229,105,20,196,161,163,6,2,10,0,0,34,40,152,211,188,17,24,8,18,6,0,0
105,3,20,121,125,82,67,196,176,192,80,109,164,193,43,71,1,48,24,0,9,91,128,0,0,7,1,19,0,33,40,0
0,11,57,27,28,145,160,208,128,177,33,188,147,129,129,141,0,0,0,0,0,26,0,0,20,0,38,0,3,0,11,9
0,19,0,0,0,0,227,59,1,2,213,185,131,54,46,30,0,0,0,17,0,0,0,0,10,0,0,2,0,0,6,19
30,27,0,0,17,0,0,220,233,57,130,146,67,0,22,0,0,10,0,0,21,2,6,33,0,0,0,0,0,0,0,0
0,0,0,4,0,0,25,0,27,13,0,0,0,19,0,0,15,0,0,9,0,0,51,16,11,10,0,0,0,15,0,55
0,10,25,4,3,0,0,0,0,0,0,0,0,21,0,0,2,0,2,11,0,14,0,14,0,18,0,6,0,0,0,6
114,33,0,0,0,1,0,0,41,16,0,14,63,4,21,12,20,3,42,0,11,13,8,0,0,0,0,14,0,0,0,0
19,22,37,0,0,0,3,0,0,0,0,107,121,0,0,0,0,23,0,0,46,21,0,0,27,0,0,33,2,0,5,44
0,0,88,0,2,0,0,21,2,0,0,134,98,0,0,10,24,5,33,27,45,63,0,9,18,0,21,18,1,12,15,18
0,0,138,194,0,0,0,0,0,0,51,123,82,21,12,50,3,0,0,33,40,211,0,37,25,39,78,0,66,36,0,0
64,0,80,117,0,0,0,0,11,7,28,203,16,32,0,8,2,0,0,54,170,0,34,10,0,34,0,0,0,24,0,13
0,0,131,124,24,0,0,0,0,0,53,16,21,6,0,6,0,3,26,0,0,0,18,0,0,8,23,0,3,0,9,0
71,18,7,249,31,0,4,23,32,0,169,137,0,11,0,8,0,0,3,27,0,10,0,0,30,20,1,0,0,0,0,0
4,0,7,191,223,16,0,0,0,0,16,79,0,0,34,39,0,0,16,23,0,6,0,0,0,1,0,0,19,27,0,23
60,0,33,101,110,0,16,8,24,0,23,7,0,0,0,3,0,34,5,10,0,11,27,0,11,0,0,0,0,14,0,34
0,0,0,0,89,7,0,0,0,0,0,0,23,9,1,14,11,0,22,3,16,5,0,23,17,3,0,85,42,0,0,0
18,13,0,0,65,66,0,1,11,2,0,0,6,0,0,32,11,0,11,0,0,0,0,8,0,10,231,182,183,23,0,0
0,0,0,0,0,0,0,10,8,4,0,0,0,8,14,0,22,33,3,0,13,21,13,0,6,241,115,47,17,0,0,0
27,23,19,0,0,0,0,0,0,23,0,3,0,0,29,0,18,0,0,32,0,0,0,16,72,42,2,8,3,9,2,0
0,1,0,22,0,36,0,2,3,6,0,37,9,0,1,26,0,51,0,9,2,0,67,115,108,15,27,8,0,0,8,0
69,22,5,0,0,30,28,126,0,0,25,0,6,6,0,21,1,0,18,0,9,78,0,28,0,10,16,0,7,10,18,27
0,6,16,11,3,112,32,25,0,0,51,15,0,223,17,0,33,46,77,0,93,23,28,39,16,3,13,0,7,44,0,23
0,23,23,3,81,97,98,159,229,0,43,18,233,125,7,0,22,11,36,0,45,10,27,3,9,22,0,18,0,0,74,0
78,0,0,15,97,168,174,199,214,4,17,0,208,204,1,0,0,0,0,26,0,0,0,11,0,0,0,0,25,10,0,0
0,0,0,41,34,138,167,72,19,0,0,115,0,8,8,0,145,26,26,0,3,5,6,6,12,0,6,1,2,57,0,0
0,13,25,122,101,196,92,60,10,4,14,14,0,0,0,0,0,74,0,0,0,12,0,0,8,13,0,0,0,0,2,94
0,6,67,103,222,204,157,129,18,0,24,26,20,0,28,0,78,0,29,31,0,0,17,0,21,10,69,13,18,0,48,12
78,18,62,53,118,35,231,250,4,0,0,5,24,0,0,19,0,0,8,21,0,0,3,1,0,0,56,5,26,0,24,30
59,25,154,221,193,51,38,44,0,0,85,237,99,96,3,0,0,35,2,20,0,0,0,0,11,9,9,0,0,0,20,0
71,229,191,235,197,199,169,15,32,105,113,16,21,141,8,0,9,0,17,0,4,42,0,3,2,45,0,0,0,0,55,19
73,97,253,154,192,22,71,146,12,219,113,86,234,249,0,12,0,0,0,25,0,0,0,147,8,0,0,0,0,11,0,18
124,73,206,30,134,124,121,196,222,240,33,30,191,139,179,6,9,0,0,0,56,85,95,222,201,36,17,8,0,35,0,0
109,16,54,154,122,80,50,197,202,190,71,92,144,191,21,36,0,6,17,13,9,80,101,14,0,0,16,0,33,17,0,6
40,0,28,6,7,128,178,161,78,168,51,192,144,131,135,153,5,20,0,0,8,42,5,14,0,30,17,0,0,0,4,39
0,1,0,0,0,42,250,41,28,33,229,186,111,48,94,36,8,0,0,0,0,21,0,0,0,28,6,0,0,0,0,73
0,0,9,0,0,0,21,249,45,38,129,114,77,8,0,0,0,0,0,2,12,2,12,0,11,5,1,0,0,0,16,12
0,0,3,11,10,0,0,0,27,12,21,20,13,19,0,0,0,17,6,0,0,0,18,9,0,24,4,0,8,0,0,0
0,13,0,0,26,28,0,27,23,20,0,14,29,0,11,14,11,0,2,0,0,9,0,0,0,20,0,0,0,0,0,0
0,20,0,0,23,0,0,0,2,0,0,31,99,0,17,0,0,0,6,6,23,0,4,0,0,26,0,0,3,6,0,0
21,23,0,0,0,0,14,3,0,12,0,58,101,43,0,0,0,4,0,0,41,62,0,9,0,0,0,32,0,0,30,8
0,14,65,0,0,0,0,24,0,0,52,116,149,0,0,0,0,32,23,6,75,43,56,0,25,4,25,39,0,19,14,0
0,0,120,179,35,0,21,11,7,0,38,132,90,0,0,0,43,26,0,10,50,171,1,6,18,0,0,0,0,5,0,41
0,0,61,83,12,12,0,7,7,6,31,241,18,5,11,21,11,0,16,39,196,0,0,14,13,9,0,0,11,0,0,0
0,29,117,174,0,0,4,45,9,9,92,52,4,0,0,0,17,0,0,10,0,17,12,0,0,11,19,29,26,75,20,20
35,0,43,201,70,0,1,0,0,0,191,107,3,0,4,51,19,0,0,0,0,31,0,6,15,14,0,0,0,40,0,10
0,0,0,137,191,14,17,43,0,0,21,63,2,7,0,0,34,0,84,21,0,0,0,42,0,30,4,0,8,48,41,0
36,14,5,112,73,0,2,0,0,0,50,0,0,0,12,14,0,37,12,0,0,25,0,24,18,0,0,0,6,0,0,18
36,42,1,0,101,7,0,32,0,21,35,0,4,2,0,0,0,0,0,1,16,1,18,0,0,0,0,100,53,33,0,3
49,0,0,0,61,113,4,0,23,28,56,8,0,0,33,22,0,62,0,0,0,0,7,15,0,0,161,188,122,0,0,0
0,0,0,5,0,3,0,0,15,20,0,42,8,28,0,0,0,34,0,0,8,0,9,1,5,230,116,0,31,7,0,67
72,0,0,16,0,16,0,25,0,9,53,0,0,29,0,14,19,15,0,0,0,1,0,0,68,73,1,0,3,14,37,0
0,62,30,0,16,0,24,0,51,0,0,0,0,0,0,0,0,0,75,15,28,0,63,181,131,0,20,4,0,23,0,0
0,7,5,0,35,27,51,53,0,0,11,14,0,0,0,22,0,6,82,0,0,81,0,37,0,22,0,0,24,0,0,55
23,0,0,0,0,154,50,246,25,0,0,17,0,220,0,2,29,0,0,6,110,40,17,16,23,0,0,0,0,0,0,9
57,0,20,0,112,70,70,163,233,24,12,18,0,105,8,5,0,0,0,0,0,0,0,9,0,7,0,0,0,3,0,0
0,26,0,42,130,191,146,196,183,0,23,9,224,198,5,0,0,0,0,13,0,0,0,13,0,6,0,0,12,0,38,0
57,4,31,20,68,169,189,88,51,0,0,130,0,0,18,0,190,0,0,0,14,0,20,0,5,52,0,0,49,0,0,0
0,0,0,187,56,205,88,36,13,2,0,1,20,0,3,1,0,17,0,10,0,0,14,16,8,1,8,0,8,0,0,0
0,25,103,95,236,253,154,101,0,6,19,0,0,27,0,0,22,16,9,5,0,0,0,2,0,0,0,0,0,21,0,27
29,0,88,255,148,36,2,43,0,6,0,0,10,0,0,0,9,3,0,0,2,0,0,17,0,0,4,13,4,0,24,44
54,0,121,219,186,20,38,66,0,13,51,230,90,103,0,37,28,0,0,0,0,27,0,0,0,21,0,0,34,0,85,0
63,207,186,178,195,173,153,23,47,93,147,12,43,94,28,4,14,9,13,0,17,0,7,0,21,0,0,0,16,0,8,17
49,107,243,154,192,40,80,119,13,198,141,82,215,236,0,21,0,0,20,13,10,0,25,164,5,0,0,6,0,8,0,0
0,115,250,24,149,161,135,157,230,239,102,212,191,106,160,0,0,10,2,21,59,83,95,233,176,25,0,22,0,0,64,39
0,0,3,180,112,94,26,192,23,195,126,62,63,191,48,81,38,5,1,0,15,84,134,7,0,23,0,22,3,0,0,46
71,0,20,19,21,158,197,168,103,183,71,195,128,124,107,163,0,0,18,0,6,13,21,16,0,10,0,0,0,0,17,4
67,0,0,2,15,0,248,61,8,32,252,189,97,63,73,7,0,0,20,0,0,2,0,5,2,0,0,0,0,0,34,0
9,8,10,15,10,0,29,234,40,56,129,97,78,15,20,42,0,0,0,6,0,6,0,0,29,27,13,0,0,16,0,10
0,36,0,2,31,0,0,32,0,0,55,0,21,0,27,12,18,0,23,26,0,1,14,0,0,18,13,2,10,9,0,0
0,0,0,41,0,0,21,38,0,20,0,0,4,0,0,0,0,34,0,0,0,17,10,0,3,0,5,0,30,14,0,0
0,0,0,12,23,0,0,7,0,0,0,18,70,12,0,19,0,0,5,0,0,17,51,0,34,0,64,0,0,16,0,7
0,8,0,13,0,0,0,0,0,0,0,61,86,0,16,0,13,18,12,2,39,43,0,21,0,0,0,6,0,40,5,0
0,3,89,22,0,32,0,0,0,19,0,151,136,0,33,18,34,9,40,0,46,55,0,0,33,0,13,9,0,0,0,0
0,11,191,219,22,0,0,11,0,0,20,109,94,20,6,0,0,0,31,0,77,231,10,0,17,0,0,3,7,55,11,0
131,0,80,69,0,9,34,0,45,0,40,224,31,16,0,0,9,50,0,68,203,0,47,39,17,0,102,0,0,22,0,0
23,12,138,112,0,22,0,11,0,0,131,55,6,0,0,6,0,0,0,0,13,0,30,15,8,0,23,0,31,0,8,25
0,15,1,237,117,14,0,24,12,0,175,151,0,0,0,26,0,29,0,0,12,2,0,0,11,0,1,6,8,5,14,0
0,30,0,186,233,3,0,0,34,7,30,53,0,0,11,16,0,0,13,0,0,1,0,2,0,9,9,23,0,0,0,32
49,52,0,63,85,12,0,2,31,4,0,0,0,0,0,40,19,4,19,0,0,0,18,10,0,10,0,0,11,0,10,0
54,18,9,0,51,0,0,0,0,0,0,0,0,0,0,0,0,18,1,0,1,0,10,0,0,0,18,87,47,1,31,17
34,4,42,0,55,86,0,3,44,18,0,0,0,0,16,19,42,31,20,0,1,0,0,0,0,0,180,156,132,0,37,34
0,13,0,0,17,0,24,0,0,0,0,16,0,17,19,0,3,18,0,0,1,8,0,18,13,243,101,23,23,0,0,0
0,9,0,13,2,0,8,18,2,8,4,11,0,0,29,22,21,4,0,49,0,0,0,0,118,22,39,0,0,35,0,0
0,6,0,11,11,17,3,0,0,0,0,1,0,27,0,0,0,0,0,0,0,0,52,110,92,6,0,0,0,0,0,0
0,9,0,0,0,228,32,100,5,0,18,0,0,0,9,0,4,5,44,6,0,74,14,18,0,35,0,0,0,3,33,0
0,5,0,0,9,188,69,3,0,4,0,10,19,238,0,0,0,24,0,8,92,32,0,4,0,0,35,0,0,0,0,29
0,0,0,21,68,95,251,149,9,0,2,25,244,100,0,9,0,0,0,0,12,0,3,11,17,0,0,0,0,44,0,0
0,0,0,49,71,157,144,212,214,0,0,25,243,156,7,2,48,0,63,0,0,5,29,1,21,0,0,10,0,6,0,25
0,0,4,45,228,189,104,76,40,0,0,84,18,0,6,9,162,0,0,0,13,0,6,0,6,12,29,0,2,44,0,0
54,7,30,195,63,243,93,47,34,0,8,28,0,0,55,0,34,0,33,17,0,15,2,0,20,0,0,0,0,27,0,0
0,36,68,78,229,0,165,84,35,12,4,5,0,0,18,0,0,24,10,32,15,0,29,0,30,33,45,1,0,0,17,0
16,0,65,69,149,31,249,53,25,0,0,22,0,0,0,0,0,11,0,52,0,22,0,0,14,0,50,15,38,0,0,40
42,8,61,196,193,236,51,29,23,7,63,210,135,100,8,9,0,4,0,0,5,0,21,7,0,0,0,0,8,0,0,17
2,196,195,154,186,197,116,52,46,64,166,233,20,78,0,37,25,0,0,0,0,9,15,0,0,0,0,8,9,3,0,15
41,146,233,154,193,66,118,133,58,212,128,44,181,233,0,0,0,0,18,0,4,20,19,197,0,0,0,12,0,0,24,2
0,64,16,55,147,150,144,151,229,249,134,29,171,100,105,34,0,0,0,0,60,82,92,212,200,4,0,0,0,0,0,0
35,0,37,191,121,101,4,194,204,186,63,98,87,187,6,33,33,0,57,30,0,51,95,0,10,7,5,2,2,17,0,0
1,0,23,4,38,171,160,157,106,190,29,196,100,124,91,138,0,57,43,0,5,1,0,19,0,1,0,3,13,0,25,0
136,0,13,6,14,22,208,50,236,31,243,172,142,90,64,5,0,3,13,0,4,47,30,0,0,48,0,23,33,49,0,62
48,16,23,0,16,5,31,227,29,27,126,139,80,0,34,33,0,25,0,0,0,5,1,4,22,0,18,0,32,26,33,10
0,5,0,9,0,0,0,51,3,0,43,4,13,12,26,13,11,0,0,0,14,3,0,0,0,34,0,18,17,23,0,10
24,13,6,33,6,0,0,0,28,0,0,0,0,0,13,0,0,20,12,19,0,1,21,0,8,24,8,0,4,0,34,0
0,21,0,0,30,0,0,0,0,2,0,19,99,0,29,0,33,0,13,0,0,20,0,4,0,0,0,0,0,4,0,0
0,0,0,4,0,0,0,6,0,12,0,34,79,30,0,0,0,14,19,7,47,36,6,0,0,8,0,7,0,0,1,0
0,0,48,8,7,0,16,0,5,14,0,163,128,0,31,0,15,0,0,20,51,23,0,0,33,59,0,0,0,0,0,31
0,38,194,188,0,17,23,4,0,14,2,76,56,0,20,0,0,34,28,0,57,223,5,23,1,0,30,0,7,0,37,0
63,0,101,116,0,7,0,0,9,5,47,237,0,6,0,24,0,53,0,62,176,0,0,9,0,10,0,0,0,0,0,0
0,7,127,126,0,0,6,0,0,0,56,60,17,0,0,6,0,6,0,0,4,12,0,11,0,0,13,0,7,0,0,0
0,55,20,4,95,0,0,31,0,0,199,143,25,2,46,0,3,17,23,37,0,3,62,0,20,0,52,9,11,50,11,5
19,13,34,183,240,0,12,17,7,0,34,71,0,0,6,1,37,0,39,0,8,0,0,10,0,0,0,9,19,0,0,38
0,7,0,86,64,0,18,6,0,17,37,2,5,9,13,0,0,24,0,0,8,23,0,2,14,7,1,2,0,0,15,0
31,3,11,21,48,0,13,0,0,24,18,2,0,1,14,26,0,0,0,0,5,4,0,0,29,45,0,34,10,21,0,7
63,0,25,19,53,20,0,18,0,0,16,5,0,38,0,0,5,1,0,49,6,0,18,0,58,0,200,204,151,0,0,2
21,27,0,0,4,12,12,10,17,48,0,21,0,0,0,34,0,19,0,11,7,7,0,3,4,2,48,6,62,20,2,11
27,0,6,0,0,0,4,0,0,0,22,26,22,10,25,10,0,0,0,0,13,14,0,13,87,65,0,0,0,27,43,0
23,3,0,21,28,39,11,6,0,10,23,13,0,22,0,0,0,6,0,0,0,6,73,156,116,19,0,7,0,0,0,0
18,0,0,19,0,216,253,89,0,31,0,0,41,38,31,0,0,3,0,4,13,94,5,2,0,0,0,36,0,0,0,0
2,0,0,17,0,171,33,254,0,0,29,0,0,224,0,0,0,0,0,0,59,48,0,0,0,0,0,17,29,2,14,5
0,4,0,3,119,100,42,181,232,12,0,38,77,125,0,19,0,16,0,0,3,0,14,14,0,13,0,0,0,0,16,6
0,19,27,28,100,191,208,220,173,0,8,51,243,166,10,41,0,0,0,0,0,0,10,0,25,5,24,25,18,0,21,0
2,0,0,14,13,144,99,65,237,27,0,103,0,0,16,8,134,3,0,0,0,3,0,0,0,0,31,0,21,50,0,0
64,0,34,131,118,187,92,34,6,0,25,0,22,0,27,30,0,13,0,0,0,15,33,31,37,0,34,2,35,5,0,0
0,1,116,65,206,187,138,135,0,0,0,0,2,12,32,0,0,0,15,1,0,0,0,0,5,0,12,3,17,2,0,0
0,8,65,119,99,21,6,42,0,0,0,10,7,0,0,0,0,17,0,0,0,2,0,0,0,5,0,32,3,0,0,0
8,0,88,220,195,249,86,54,23,0,0,1,111,60,19,24,25,0,22,0,20,0,16,6,0,13,0,0,16,31,27,42
131,190,192,171,192,167,114,81,32,62,124,44,51,152,0,0,9,0,47,10,46,12,45,0,3,23,0,5,0,0,0,0
0,110,232,131,186,37,70,158,13,196,102,107,229,237,5,23,0,22,14,0,3,6,0,154,11,0,0,0,8,11,25,40
175,75,22,242,153,148,181,216,226,7,100,17,171,99,116,0,0,32,0,0,27,54,139,193,158,9,0,12,10,0,30,0
22,25,16,182,158,58,66,196,189,190,46,97,112,192,45,0,5,0,33,56,0,66,96,0,0,28,0,0,25,5,8,0
0,0,0,23,30,158,167,130,152,191,36,194,43,159,59,148,6,0,19,0,8,0,0,4,3,43,0,0,0,1,0,7
0,3,0,2,2,9,200,44,242,48,250,196,53,47,15,0,0,0,3,1,2,0,12,8,0,8,0,0,0,0,35,0
0,15,0,9,0,6,0,240,3,22,91,69,40,0,17,0,0,18,0,0,3,0,0,0,0,5,21,0,1,5,0,0
0,18,1,0,5,0,23,19,6,1,23,0,16,45,0,0,0,29,0,0,14,16,0,5,0,0,0,48,0,0,0,0
0,23,0,14,8,0,21,0,18,1,48,0,0,7,0,0,19,0,12,0,40,0,14,18,20,0,0,0,41,0,1,0
0,24,17,0,10,5,0,0,13,20,1,8,92,3,0,19,0,26,0,0,12,0,0,23,32,30,3,10,0,0,0,2
0,3,0,0,0,1,0,0,24,25,33,51,46,0,0,0,0,10,0,0,20,31,22,0,6,0,0,24,0,23,9,0
0,0,64,0,12,5,11,6,11,2,4,140,156,29,0,39,0,0,0,0,68,57,21,0,26,24,0,0,1,58,0,46
0,21,195,172,0,1,0,26,8,0,18,66,95,19,36,16,20,0,0,17,54,229,60,21,0,0,8,0,2,0,0,18
0,24,81,118,3,7,8,18,0,14,26,205,29,0,12,0,0,32,11,55,177,0,32,0,4,14,0,29,0,0,0,0
0,4,120,128,0,0,19,0,62,0,109,30,0,42,0,0,0,0,16,28,19,0,8,0,0,17,0,12,0,40,31,0
0,0,14,8,66,0,27,0,11,16,224,131,0,0,0,0,6,0,0,0,8,0,26,0,0,0,11,0,3,37,42,5
0,24,0,172,213,13,18,9,0,9,48,92,0,27,7,25,0,10,1,6,0,0,0,0,0,3,1,33,0,31,27,0
0,10,5,95,139,9,29,45,0,8,60,50,9,19,5,70,0,25,0,25,0,3,0,0,0,8,17,0,7,0,12,14
27,0,7,20,45,0,0,31,0,0,0,0,3,31,2,0,0,0,3,16,0,0,0,3,14,0,31,72,56,25,0,1
0,0,0,38,32,70,10,20,1,13,24,19,0,0,0,30,0,52,0,0,13,3,3,7,7,0,219,163,141,0,29,67
29,8,0,2,0,0,16,23,0,19,0,0,0,0,0,0,0,0,9,0,18,4,23,21,1,234,123,231,7,6,11,3
0,0,0,17,0,0,2,20,4,0,0,32,0,12,27,0,32,7,51,15,0,0,18,0,93,13,4,2,1,8,1,0
0,59,0,4,0,0,8,31,0,0,6,0,5,14,0,16,19,1,59,26,19,0,89,103,137,0,20,0,51,10,42,19
46,0,25,0,8,230,0,122,20,10,16,37,0,0,20,0,18,0,0,4,4,83,41,47,0,0,0,11,0,70,0,0
16,0,0,0,24,182,102,233,9,8,20,12,16,0,0,14,0,39,20,13,83,64,8,9,2,14,16,15,19,0,26,0
0,51,19,3,87,93,19,172,241,0,0,44,125,121,0,0,5,0,0,31,0,0,0,25,19,12,0,0,17,0,23,34
0,0,0,16,124,218,208,218,247,3,49,55,12,193,39,0,3,0,0,58,17,0,58,10,51,0,23,39,13,13,0,0
0,7,4,50,8,194,152,53,36,0,8,144,6,1,17,36,90,17,11,7,13,0,0,0,17,0,0,8,4,0,0,0
95,0,9,101,52,196,137,50,43,0,0,0,31,27,0,8,0,0,0,0,0,7,43,4,0,0,0,0,0,0,0,32
77,12,120,59,254,221,155,143,9,18,0,18,1,0,0,17,0,0,50,0,0,15,0,0,11,19,0,8,5,0,48,71
50,20,103,146,91,226,14,77,0,0,14,32,73,0,24,0,45,0,20,26,0,0,7,23,29,0,32,11,0,0,0,0
0,16,128,212,190,54,42,55,0,0,35,253,144,86,5,16,7,36,0,0,1,0,0,0,1,0,8,0,0,5,28,17
62,212,189,158,197,176,133,52,22,68,119,8,12,135,28,0,28,0,27,15,26,7,0,23,12,0,0,0,0,39,0,0
110,138,219,149,191,21,64,138,24,178,144,96,254,219,21,0,0,0,0,34,0,0,13,165,0,0,28,10,0,28,8,3
48,83,36,6,171,134,144,146,232,1,94,37,147,129,159,0,53,0,18,11,55,47,128,215,194,0,0,0,0,0,0,0
9,0,56,171,130,97,96,194,173,188,93,73,126,186,254,14,26,23,0,0,0,96,71,8,17,9,1,0,0,8,14,0
0,0,3,20,14,154,197,130,119,165,39,196,141,115,97,161,0,0,4,0,0,0,0,9,0,0,36,2,0,0,6,0
0,0,0,30,18,0,251,58,197,30,238,186,92,91,60,0,3,18,0,34,0,8,0,12,8,0,0,26,12,40,0,0
0,0,0,4,0,21,0,220,0,7,165,75,94,0,19,0,0,16,0,21,3,0,12,22,0,5,0,0,0,10,0,0
0,18,15,0,0,0,5,7,1,6,0,27,3,27,6,0,0,0,5,33,0,0,0,0,17,6,39,0,0,16,2,0
23,0,0,0,0,0,3,17,30,52,0,30,0,44,3,0,0,0,22,0,0,0,0,0,0,14,0,13,12,0,14,0
0,4,37,1,0,0,8,13,10,7,24,35,111,21,18,0,0,0,0,0,7,0,3,0,0,0,35,0,0,0,0,0
14,0,0,21,0,0,9,0,23,1,0,88,57,27,0,6,4,13,0,6,46,33,18,6,0,0,0,0,0,10,36,0
0,1,49,0,0,0,43,14,33,0,0,132,119,2,6,0,0,0,44,16,65,42,0,17,0,4,0,0,0,34,0,39
0,0,191,215,40,7,33,29,34,0,69,92,98,0,0,0,0,14,0,0,54,218,24,2,19,5,3,1,0,0,0,38
0,29,48,153,0,0,1,9,28,5,0,237,6,4,8,0,3,0,17,79,184,0,2,0,0,0,33,0,1,11,0,13
16,0,139,134,0,0,0,36,33,0,83,47,0,0,8,5,0,0,5,0,4,0,9,10,24,21,0,0,16,0,0,34
21,16,23,34,126,5,0,10,0,0,125,10,0,0,13,0,35,0,17,12,6,0,29,30,0,0,13,13,10,49,11,30
30,3,55,212,229,0,0,63,0,0,30,92,10,0,0,27,19,5,14,39,20,0,44,4,20,16,62,1,14,23,0,14
0,3,28,71,135,0,0,0,13,0,41,32,0,21,14,0,0,2,19,0,0,7,20,0,5,0,15,0,0,1,0,0
3,10,0,27,57,0,0,10,29,12,0,0,0,4,0,0,0,0,0,0,24,28,0,0,0,19,0,75,36,0,0,0
0,0,0,36,48,85,19,53,0,0,0,0,4,32,7,0,0,0,5,26,0,7,2,42,0,14,245,140,192,0,0,58
0,40,0,5,32,0,0,21,0,1,0,4,60,10,12,0,0,0,20,20,0,0,27,0,41,11,184,176,34,0,36,0
35,0,5,0,0,0,0,0,13,8,0,0,0,6,0,0,22,26,2,21,0,3,30,13,117,48,17,0,0,0,0,0
53,14,23,33,0,30,0,15,0,13,34,38,0,19,2,0,0,6,0,0,29,2,60,82,82,17,0,0,19,12,0,0
76,0,4,9,0,27,12,49,0,42,0,0,0,43,0,0,0,3,0,0,34,97,5,13,14,0,0,21,0,1,0,0
0,50,0,0,17,219,99,3,6,0,0,0,0,2,0,0,21,10,21,28,120,27,26,17,0,33,25,0,0,28,62,0
64,13,0,0,118,110,54,169,214,24,8,18,106,180,0,51,16,0,27,5,8,0,17,0,2,0,3,0,0,9,32,0
0,24,16,32,75,219,189,171,216,3,0,82,0,175,0,0,23,0,0,0,5,0,0,0,0,0,0,12,18,7,10,7
48,34,1,233,49,224,140,41,44,9,28,116,0,0,7,55,131,22,0,1,16,33,17,8,2,0,0,0,32,25,63,7
0,0,34,101,80,216,138,30,2,0,0,8,35,37,0,0,41,0,0,0,0,4,0,33,3,0,0,0,0,45,0,0
131,0,110,58,3,222,145,130,0,0,0,0,0,0,0,0,0,0,0,16,3,0,0,0,13,2,0,19,0,0,0,6
7,0,60,169,104,240,7,30,4,7,1,0,22,19,0,0,0,0,0,0,11,11,1,0,2,0,25,12,27,0,0,4
0,0,83,196,192,87,74,6,0,0,97,246,155,110,0,0,0,33,0,0,5,10,6,3,26,0,0,25,0,0,0,57
0,170,196,137,191,165,144,32,27,70,120,249,221,135,0,0,0,0,8,21,19,0,35,34,10,0,0,2,0,0,0,52
0,126,215,121,188,39,52,148,0,168,101,52,240,238,4,0,3,25,2,0,0,16,7,155,0,4,9,10,0,0,2,16
130,74,16,14,141,149,146,178,224,35,79,243,140,174,107,0,20,0,39,0,8,85,155,199,157,3,26,0,2,24,0,0
0,0,27,145,162,91,36,192,205,194,106,111,167,195,3,59,7,0,0,66,5,84,147,0,11,5,51,0,12,47,0,0
32,0,53,0,38,171,199,114,125,197,33,194,146,99,90,89,0,29,25,53,0,0,19,26,21,0,0,5,0,0,0,0
0,0,0,0,0,12,242,45,185,254,33,197,49,84,80,4,0,28,10,26,20,0,0,24,0,0,16,0,0,35,15,0
5,0,0,0,7,0,7,216,233,43,113,59,61,1,0,0,12,17,8,8,0,0,0,9,6,0,19,8,0,13,0,0
26,48,0,19,4,0,0,31,0,14,0,2,0,18,2,0,32,37,21,5,10,0,5,36,0,8,0,7,0,0,0,2
10,0,0,37,0,3,22,0,30,14,0,0,0,5,0,23,0,0,0,0,0,0,0,0,0,0,0,0,0,9,0,7
0,0,39,9,46,4,40,0,0,8,0,8,127,0,42,22,16,20,6,0,33,0,76,4,14,0,11,0,0,0,0,16
0,0,0,0,0,8,0,0,0,19,0,85,9,32,6,2,0,0,0,3,28,50,0,0,18,0,23,0,34,6,0,0
0,0,64,12,0,0,2,23,0,14,12,96,83,29,0,30,0,0,32,0,51,60,0,0,0,0,3,0,0,0,6,0
0,1,196,201,15,10,29,4,16,0,45,127,84,13,0,0,0,0,0,0,78,228,12,20,0,14,22,11,5,0,0,0
89,27,71,127,26,37,0,0,0,5,43,223,46,0,25,0,33,3,39,50,179,0,36,27,20,0,9,0,28,0,20,0
0,0,79,180,0,0,16,25,14,6,102,36,16,0,31,9,0,0,0,5,0,0,0,21,0,0,4,0,0,0,0,25
0,32,3,13,86,14,15,0,51,0,223,117,0,10,0,0,0,0,21,15,2,0,28,11,0,0,0,0,10,0,0,0
0,12,6,165,223,0,0,0,31,5,39,70,0,0,18,33,0,0,12,20,5,7,11,0,10,4,3,0,17,0,9,22
81,14,2,77,145,0,0,25,1,0,0,47,17,15,0,14,0,0,0,0,34,0,40,33,7,4,0,0,0,1,1,0
38,10,0,0,69,0,0,0,22,0,0,15,0,0,16,29,0,0,0,0,0,19,0,0,0,12,0,77,7,0,0,0
0,0,0,20,30,78,0,2,1,5,0,0,0,0,0,0,0,7,0,16,0,0,0,3,14,14,226,161,156,28,0,21
0,0,3,17,0,11,0,10,0,0,46,0,35,16,9,0,0,0,0,7,8,8,10,3,0,11,130,227,43,0,0,0
0,28,2,0,0,0,21,0,4,0,0,0,7,0,0,1,0,0,53,23,0,0,38,19,117,40,24,23,0,0,9,59
26,12,0,0,0,34,0,0,0,0,0,8,0,0,0,0,0,1,33,0,0,20,45,91,102,0,0,16,0,0,0,0
0,0,0,0,8,227,242,130,0,16,14,5,25,5,0,26,22,0,0,0,7,85,0,0,0,0,6,0,28,1,47,0
23,38,4,11,18,197,78,255,1,4,0,23,8,213,12,0,0,0,3,12,93,236,23,0,0,7,4,0,13,0,14,0
0,0,0,0,127,148,25,184,254,35,24,6,13,194,0,19,24,0,0,6,0,0,21,36,20,0,50,19,16,0,0,36
0,0,17,57,115,222,201,220,176,8,0,61,242,199,0,0,0,12,0,18,0,0,0,8,14,0,25,3,0,29,0,0
13,19,0,245,72,241,132,64,58,0,0,90,0,0,5,59,137,0,0,3,0,0,0,0,0,4,5,0,12,0,0,0
0,0,16,127,31,153,121,25,23,5,0,0,25,0,33,0,40,0,0,0,0,0,0,0,37,29,2,8,6,10,0,25
0,19,114,58,26,253,142,169,0,3,18,20,0,45,0,0,0,39,0,0,20,0,0,12,19,2,19,21,0,0,0,0
0,0,92,137,110,20,201,32,0,16,0,2,49,0,2,18,9,0,0,0,0,41,0,10,0,0,0,15,0,16,0,8
2,0,95,208,192,71,48,10,31,0,90,250,100,68,23,33,36,0,0,6,0,5,0,7,0,0,7,0,0,0,0,22
41,231,191,151,197,136,124,40,31,57,132,37,254,109,22,0,19,0,0,0,30,17,18,0,0,0,0,0,0,0,6,3
0,78,233,137,161,43,32,146,51,169,131,92,0,229,11,25,0,0,0,55,0,0,0,150,0,2,11,0,0,44,0,0
155,76,212,5,128,152,242,178,216,43,57,36,136,159,119,2,7,0,21,40,45,74,118,182,195,10,10,6,11,8,14,24
2,0,40,206,153,98,29,190,192,194,90,111,141,196,27,37,3,0,19,0,0,54,114,0,0,7,13,0,0,0,0,0
1,0,14,12,10,141,156,152,112,211,18,197,134,117,69,29,0,13,0,0,6,13,0,13,0,12,0,0,7,0,0,0
136,0,7,18,16,0,240,45,200,253,52,187,51,16,99,0,0,0,41,0,0,0,0,0,0,10,4,0,21,48,0,37
0,42,31,0,0,17,0,191,195,66,122,92,72,0,2,0,0,0,35,0,5,0,49,0,15,20,0,0,0,18,0,0
54,26,14,7,0,14,0,37,24,0,30,0,0,0,0,0,0,0,0,0,0,0,28,0,13,0,6,5,0,0,0,11
21,0,0,0,0,0,4,1,0,0,0,8,0,24,8,26,23,0,7,47,0,4,0,19,0,0,15,2,32,16,0,0
3,19,22,4,0,0,0,34,0,10,6,4,71,0,0,0,0,22,2,0,6,0,0,0,0,0,16,14,1,5,5,17
13,0,9,13,0,0,0,7,44,0,24,78,30,0,0,0,1,18,0,0,34,31,0,0,2,0,0,0,10,12,0,31
0,0,62,16,0,32,12,0,20,0,22,148,80,0,40,28,46,0,54,48,56,39,0,25,15,0,4,10,0,22,0,0
0,24,192,221,30,33,0,0,0,16,0,80,63,0,9,44,0,16,0,0,46,238,0,0,1,0,0,0,13,0,0,0
64,0,52,129,20,0,28,0,19,0,45,0,28,0,16,0,16,0,29,54,159,0,0,14,0,12,19,0,0,0,0,0
0,0,110,142,14,0,0,12,6,2,98,44,14,0,0,20,3,1,27,0,1,0,14,0,17,0,0,0,12,23,0,0
0,30,0,249,55,32,0,1,0,17,240,102,28,6,12,39,0,0,0,0,9,4,46,37,15,0,77,19,13,0,0,41
34,0,0,201,220,0,22,8,10,0,78,87,49,0,46,33,41,0,0,10,22,7,16,9,27,26,13,8,0,9,0,1
48,14,3,68,147,1,0,45,0,18,18,0,0,0,0,0,0,0,0,26,0,7,0,0,14,0,0,3,0,4,0,0
60,0,11,19,86,0,2,38,7,0,6,0,0,0,22,0,0,30,0,15,0,15,18,13,3,27,44,100,44,10,0,5
50,0,0,0,10,75,0,0,0,4,0,2,0,9,0,0,15,0,25,41,0,9,0,11,8,0,1,172,178,7,0,0
0,0,44,3,22,0,9,65,43,0,23,25,23,0,0,15,39,32,0,6,32,7,0,0,0,240,202,7,51,0,6,15
0,0,0,31,0,0,0,7,0,4,0,0,0,1,21,48,0,0,15,0,18,0,41,14,130,26,0,17,0,0,0,2
0,0,13,0,0,41,0,27,0,25,0,0,16,0,35,0,0,31,60,0,11,4,53,108,99,0,0,0,27,0,13,0
0,36,0,0,0,219,189,26,17,0,5,15,25,0,19,7,0,0,0,0,13,81,45,67,0,0,0,4,0,0,0,0
78,71,9,0,10,181,86,235,66,19,7,0,15,16,12,0,46,0,66,17,101,217,0,5,0,7,0,0,61,0,46,8
122,8,14,13,93,129,39,200,194,0,8,30,46,182,7,2,0,27,12,0,5,0,24,0,0,31,4,15,19,25,0,0
0,11,11,10,119,219,230,234,234,13,0,109,45,156,0,1,13,0,0,0,0,33,6,0,0,0,0,5,0,9,0,0
66,0,24,12,43,211,108,58,52,0,0,104,0,8,0,30,144,0,21,17,0,38,0,0,4,0,0,0,0,30,0,0
0,32,8,86,104,131,132,94,6,0,0,0,0,0,30,3,1,0,14,43,46,0,0,0,43,31,24,0,60,22,63,0
102,12,72,38,56,202,182,135,52,16,0,0,0,27,10,0,10,0,0,0,9,0,0,5,30,35,0,0,1,19,2,8
22,0,70,89,107,242,4,17,0,15,14,0,17,9,0,0,22,0,10,3,2,0,19,2,16,2,0,0,0,0,0,0
10,0,62,215,197,132,72,28,0,0,65,206,176,79,0,34,0,0,45,53,11,0,0,28,0,13,46,0,44,35,0,0
4,242,190,121,197,183,141,32,51,57,129,19,232,160,0,0,0,0,39,0,26,9,8,0,0,9,30,9,14,0,15,9
107,50,219,103,195,24,33,156,29,196,133,113,8,253,10,0,0,0,13,20,1,36,0,162,1,0,13,0,0,4,0,0
99,51,31,48,129,138,250,170,223,56,75,21,128,108,166,25,34,0,0,17,84,94,188,223,209,0,0,25,0,0,0,0
128,0,34,137,122,91,31,189,160,196,144,146,138,197,240,44,12,2,0,0,0,75,125,49,6,4,19,0,1,44,0,0
76,39,22,57,25,113,147,184,71,188,39,187,115,157,109,252,39,0,0,16,54,0,0,0,26,0,22,0,13,29,10,0
100,0,25,0,1,0,232,56,46,1,13,196,40,44,52,0,8,0,0,0,0,17,0,0,0,0,0,0,0,0,0,0
75,0,0,0,0,0,0,160,28,112,126,74,49,1,12,44,14,0,5,15,0,0,19,0,6,0,9,1,0,0,16,0
0,44,0,24,0,0,0,0,11,4,0,19,0,17,0,20,4,44,12,2,1,10,0,8,7,0,0,19,9,5,8,0
0,0,26,0,0,0,13,32,0,0,35,27,5,3,23,5,19,0,32,31,0,0,13,11,16,17,58,1,16,0,0,0
0,0,40,0,7,0,16,10,26,26,31,56,75,5,0,0,0,0,0,6,0,12,0,0,0,18,0,0,54,0,13,0
0,0,0,33,20,3,0,0,0,0,0,103,42,12,0,0,0,0,9,26,12,45,4,7,21,3,0,6,0,12,0,0
6,0,60,0,0,27,0,4,0,9,0,142,56,16,1,6,31,16,0,0,27,82,0,0,19,0,21,10,0,0,0,10
0,20,196,220,20,0,31,0,3,31,0,128,99,0,0,0,0,33,14,0,97,226,0,0,21,0,0,0,0,0,0,0
5,0,40,121,22,0,18,6,9,0,33,232,0,14,0,0,0,1,16,63,175,3,0,0,0,14,0,71,0,0,48,52
0,62,125,118,10,0,31,0,10,0,99,59,0,34,0,0,0,10,31,2,27,0,38,0,19,0,0,7,13,10,54,0
75,0,0,220,92,29,7,27,0,0,192,97,4,11,0,0,0,0,0,46,51,0,0,34,0,0,29,0,29,0,15,0
3,9,42,191,203,25,0,0,0,0,72,62,0,20,19,0,38,0,0,0,0,0,0,5,25,0,0,12,0,40,0,44
64,17,10,32,151,0,8,0,31,19,13,0,0,3,0,0,0,17,0,19,14,0,56,36,10,0,4,15,0,0,0,0
0,0,0,26,96,0,18,38,0,0,0,4,0,19,0,0,35,0,3,0,3,0,30,0,0,14,39,82,88,0,36,29
2,34,0,0,65,58,17,0,2,0,16,0,15,16,0,0,14,16,0,0,0,20,2,15,2,0,216,156,163,14,0,0
38,14,33,0,0,0,0,11,0,0,0,0,0,18,0,10,0,0,0,10,21,9,0,12,14,12,188,226,32,0,61,6
24,0,18,27,3,0,7,0,1,12,0,0,31,5,0,42,2,35,0,33,0,0,0,24,91,28,0,8,0,0,2,30
16,7,17,1,16,18,19,4,29,0,0,21,0,0,17,33,35,0,48,21,0,19,0,113,120,34,8,15,39,0,14,1
76,0,17,0,17,19,19,127,1,0,0,0,14,0,0,0,2,0,4,3,25,83,31,27,0,5,6,0,27,3,2,0
54,31,0,0,0,155,36,243,0,0,11,16,0,235,0,0,21,0,14,5,78,227,21,2,5,5,40,0,42,20,0,10
16,0,0,0,77,140,21,195,211,0,22,45,107,179,23,0,42,0,33,0,3,0,0,8,0,0,14,19,10,0,0,79
0,0,0,9,98,230,252,209,223,0,50,135,14,181,0,0,14,10,43,0,16,27,27,31,5,0,8,54,40,0,52,48
0,0,0,237,82,253,172,62,57,8,28,135,22,0,16,44,114,21,21,0,0,0,0,0,0,1,0,17,11,0,0,0
0,33,13,114,99,197,123,237,13,0,33,0,17,0,0,10,0,0,72,0,3,1,17,5,0,0,0,0,33,1,0,0
0,4,88,59,40,225,189,160,14,0,0,8,4,0,0,0,0,0,0,12,1,36,0,0,0,0,0,0,2,0,6,0
0,0,92,132,72,228,223,13,0,20,3,0,31,25,5,0,0,0,0,0,0,0,0,41,0,13,27,1,0,25,0,0
57,0,68,222,194,104,50,70,12,0,39,217,194,88,4,0,0,0,0,11,0,18,0,0,0,2,0,0,12,5,0,39
130,210,197,131,192,164,105,79,5,82,181,44,191,88,4,0,0,50,0,43,29,23,26,0,20,11,12,0,0,0,2,0
0,67,239,130,179,9,0,135,10,182,87,90,219,18,0,0,0,61,0,0,15,0,0,178,17,23,10,0,6,11,22,0
140,75,45,39,150,100,225,200,204,17,150,74,174,96,146,18,14,32,0,0,118,108,139,196,185,31,33,0,16,0,0,8
0,26,54,176,125,76,244,187,195,195,73,100,127,196,40,22,0,0,0,41,12,82,119,4,27,17,2,0,0,26,0,16
20,0,20,8,6,144,125,202,75,177,6,195,65,140,86,38,0,0,0,2,7,15,2,6,0,0,0,0,0,8,1,35
44,0,6,13,7,0,192,52,26,246,18,186,13,36,57,44,15,55,0,0,0,0,0,25,6,0,34,0,0,0,50,0
0,55,0,8,15,0,31,221,0,107,69,76,12,9,0,0,0,4,0,0,0,13,0,13,0,2,15,1,0,0,63,30
0,6,8,0,0,3,0,11,0,0,3,59,6,0,18,23,9,0,0,0,0,24,0,6,0,0,0,10,2,0,0,4
0,44,29,0,0,0,0,25,5,19,0,34,0,43,0,0,0,0,24,16,47,27,0,0,0,0,32,0,34,0,62,6
53,0,11,0,6,0,22,0,0,30,32,37,32,2,1,37,0,0,24,32,37,0,0,0,20,0,18,0,0,0,47,0
0,0,22,1,0,0,0,0,0,5,0,100,39,25,5,0,9,0,0,33,42,58,14,0,4,0,20,6,0,31,0,0
0,0,60,0,21,0,25,0,0,18,1,141,59,7,0,1,0,0,0,0,30,87,8,34,0,0,17,23,0,1,15,0
0,34,192,221,9,32,0,12,15,6,49,81,92,93,0,0,0,9,6,16,43,248,0,7,6,0,29,0,0,36,0,0
101,0,88,135,0,15,0,19,18,2,29,4,0,0,5,3,0,12,0,61,173,8,7,4,0,0,7,0,0,0,0,64
14,0,134,122,19,0,24,17,0,0,84,40,0,8,0,8,0,17,13,7,22,0,0,0,0,0,20,0,0,0,5,1
14,0,2,247,72,0,1,9,22,0,237,66,0,0,0,51,0,0,0,40,0,0,10,0,0,0,46,27,0,0,17,0
0,0,0,187,167,1,0,0,32,0,0,94,0,0,0,0,30,8,42,0,0,15,8,5,0,0,0,1,0,6,0,37
35,0,0,29,165,0,0,13,51,0,76,0,20,0,0,12,0,27,11,3,0,0,0,0,0,3,0,0,0,11,10,0
57,0,25,10,146,1,19,0,0,0,33,5,32,0,0,0,16,26,0,0,13,0,0,13,4,8,3,110,48,2,0,13
4,23,11,0,54,71,18,0,0,8,0,12,4,7,0,0,0,12,0,10,0,0,7,16,21,4,238,167,145,0,0,11
0,32,0,3,0,0,0,0,54,0,49,0,17,20,10,0,6,41,22,0,21,0,23,0,14,252,150,222,28,4,31,0
0,0,5,0,0,0,10,9,16,0,11,0,22,0,39,0,22,33,0,7,0,0,0,26,101,33,19,9,0,0,3,11
0,0,3,33,0,27,19,0,7,20,0,0,13,23,0,0,0,46,8,7,14,4,37,81,112,0,0,8,0,0,4,32
0,21,15,23,0,13,12,124,1,0,26,7,0,0,3,10,6,8,0,0,0,97,2,19,25,10,29,22,0,0,20,17
0,14,19,0,20,196,49,33,10,0,15,22,0,229,0,10,12,36,20,0,113,0,7,0,0,26,14,0,20,31,24,0
114,16,29,0,119,114,60,144,246,11,39,59,71,63,0,0,21,0,0,19,14,7,0,15,0,0,0,8,0,0,0,37
0,16,0,20,115,189,204,209,214,0,0,173,244,179,2,0,4,15,30,18,0,0,0,0,8,0,0,0,9,0,35,0
9,2,11,250,83,241,118,51,88,24,5,147,0,10,0,0,151,12,26,5,0,13,0,14,0,5,13,0,17,0,39,50
112,11,37,118,98,198,138,31,48,27,10,4,10,11,0,35,45,34,23,0,34,0,0,24,0,0,0,0,0,0,33,72
131,24,96,25,36,1,179,145,0,4,0,9,0,0,0,0,0,0,0,19,0,17,0,0,0,0,0,8,18,0,24,55
0,0,80,142,108,6,223,15,31,0,0,13,53,7,0,26,0,13,11,0,0,5,34,0,18,18,36,14,18,0,10,0
0,24,52,166,196,125,80,39,0,0,60,12,157,81,0,5,0,0,0,43,0,10,0,4,0,18,6,0,0,35,48,32
0,192,186,130,195,160,114,26,7,102,146,73,195,106,13,25,25,0,0,8,48,0,5,6,0,34,0,0,13,10,0,79
0,106,252,129,134,19,249,61,27,209,95,132,202,24,0,17,0,0,0,25,6,0,10,137,0,0,0,0,6,4,38,0
0,106,61,57,89,101,200,170,205,54,123,26,188,121,115,1,12,0,19,0,80,136,118,200,209,11,17,0,34,26,25,11
49,0,30,162,173,36,25,191,235,163,87,102,94,193,39,46,17,0,22,0,0,65,101,0,16,14,7,0,0,41,32,0
4,0,21,56,50,124,158,210,48,194,222,195,110,137,78,67,0,0,0,0,0,45,0,0,0,0,0,0,8,37,0,52
0,3,0,0,23,0,0,70,62,214,64,194,0,24,70,3,8,0,29,0,20,0,4,0,0,0,0,0,0,0,0,0
52,31,1,0,25,10,3,241,31,87,53,57,62,0,26,0,0,0,4,13,4,0,7,0,0,3,22,0,0,0,0,0
0,8,0,2,0,2,8,0,0,0,0,17,5,0,0,0,0,41,41,0,3,0,0,0,0,0,22,0,9,37,0,25
0,0,32,34,5,0,0,9,0,4,0,11,0,10,5,0,43,12,0,37,0,3,0,0,0,11,0,0,0,55,0,68
0,0,10,6,0,0,0,24,0,3,1,28,67,0,14,38,36,13,10,18,0,0,9,0,0,16,7,0,27,23,0,23
0,0,4,22,0,0,21,0,17,0,0,86,38,0,0,57,36,26,12,0,37,69,0,0,4,5,9,0,0,5,0,7
31,20,58,0,1,0,0,0,0,10,20,167,42,6,0,30,0,0,7,0,48,93,0,0,0,0,0,0,0,20,14,0
0,0,189,231,0,0,19,16,0,0,0,107,73,0,0,0,16,0,0,0,101,221,0,13,0,9,13,1,0,0,0,4
0,0,64,134,0,0,5,7,0,8,0,2,22,31,3,0,0,0,0,72,195,0,12,3,0,0,0,0,0,50,0,0
0,0,159,126,0,0,10,0,30,46,106,245,3,0,0,0,0,0,0,0,0,0,14,56,3,0,0,10,0,0,0,48
0,0,0,226,69,0,37,37,0,0,224,149,0,0,0,0,0,0,0,4,67,0,10,36,0,0,0,28,39,0,0,58
23,12,0,195,243,8,16,0,0,6,14,63,0,6,14,6,14,0,0,0,13,0,10,0,0,1,0,0,17,0,10,0
0,4,14,92,171,0,4,0,26,0,0,12,0,4,0,6,0,19,0,0,0,0,0,28,0,0,9,33,9,2,0,0
0,44,0,3,114,8,0,0,31,35,4,54,1,0,0,1,19,35,32,0,12,0,0,0,25,36,32,147,21,0,0,0
27,0,0,6,67,77,0,15,8,0,0,2,0,4,0,3,0,0,0,2,1,6,0,0,0,16,14,160,147,42,0,60
0,37,11,15,0,0,0,12,14,0,33,30,0,0,12,36,10,3,20,18,7,0,0,0,9,3,126,246,15,0,14,0
0,14,17,0,17,1,9,10,24,0,0,6,33,0,7,0,13,0,29,14,0,9,0,4,107,21,23,14,0,0,1,16
9,16,0,13,0,22,0,0,0,23,0,0,0,14,0,23,0,0,0,0,13,33,69,22,121,0,34,3,36,4,23,28
16,0,0,60,0,240,42,121,33,0,0,1,0,9,0,27,8,1,0,13,23,75,4,0,23,11,0,0,0,14,3,0
35,0,34,0,0,150,57,32,0,0,0,0,2,234,13,17,28,4,3,2,87,37,0,0,0,7,11,0,0,25,0,0
125,0,14,6,111,122,27,165,193,20,0,13,100,139,0,0,0,8,0,0,3,25,28,37,8,12,14,6,15,0,0,46
41,0,0,70,91,156,232,238,203,0,0,145,5,175,0,2,16,0,0,0,0,0,0,0,0,0,75,0,15,0,0,49
119,18,45,247,103,219,138,54,60,0,0,138,0,2,31,8,176,2,23,9,0,15,0,4,0,0,0,0,0,7,0,0
0,0,37,103,94,136,127,242,62,15,0,0,0,0,0,0,0,16,17,0,8,0,3,0,5,13,0,0,0,1,0,39
85,0,75,54,41,238,175,150,6,0,0,13,0,0,0,9,0,0,17,0,6,3,13,24,7,23,34,0,0,32,0,0
57,0,52,122,111,255,251,32,0,0,0,30,0,2,37,0,17,0,35,12,0,0,0,12,19,23,45,0,72,43,0,62
82,6,57,226,187,113,106,74,0,0,73,223,163,87,0,9,0,0,0,2,18,9,0,0,13,27,31,0,0,7,0,85
57,198,191,151,197,199,73,43,43,97,123,21,250,105,11,28,1,66,10,30,6,15,0,3,1,14,38,30,7,0,0,0
60,86,0,109,170,35,44,106,11,192,106,111,221,253,0,0,17,43,24,0,0,2,6,151,0,4,0,10,1,0,11,28
145,110,45,58,184,137,244,228,223,11,91,74,186,112,124,16,0,27,0,5,71,86,130,203,194,30,0,0,0,16,0,0
0,9,17,174,118,93,7,195,228,192,23,60,68,194,6,26,27,19,14,0,0,96,95,0,0,0,0,13,0,0,16,19
60,16,25,7,31,152,161,208,125,151,238,189,103,136,84,74,0,0,34,2,17,10,0,10,0,0,6,0,3,5,0,10
131,0,0,0,0,42,192,26,54,232,1,194,248,37,91,17,24,24,1,0,0,13,1,0,0,7,0,22,2,0,40,0
79,0,20,0,0,0,21,3,5,102,90,85,0,0,1,0,0,0,25,0,0,27,0,0,0,1,0,0,5,36,13,0
0,7,19,0,24,4,22,0,20,8,0,19,0,0,0,0,28,4,10,0,0,0,0,13,0,2,0,46,0,16,6,0
0,0,0,0,0,0,19,0,5,7,0,0,43,2,9,0,44,0,9,3,0,0,0,11,0,0,0,1,0,0,2,0
0,0,0,14,12,0,38,0,12,0,23,43,78,43,0,0,0,7,0,0,7,0,6,0,12,0,0,5,36,16,17,0
0,0,0,0,15,0,0,0,0,6,0,112,46,0,2,0,0,0,36,6,10,48,0,0,0,39,0,0,0,0,9,0
0,0,72,8,35,0,3,0,6,32,0,155,83,16,0,0,0,0,0,0,63,90,0,12,0,0,0,0,0,10,0,0
0,23,195,1,0,0,13,49,0,0,63,157,158,8,17,0,0,39,0,27,126,191,25,23,54,0,59,23,9,21,23,0
0,39,56,133,0,0,0,0,0,12,7,10,0,0,0,0,15,0,27,58,188,2,0,18,5,9,0,4,28,17,5,54
4,0,125,126,0,0,17,0,0,2,75,34,0,0,0,0,0,0,0,0,24,0,0,0,14,0,0,0,0,2,0,53
35,0,0,252,84,3,1,0,0,31,208,166,10,0,5,22,0,0,32,0,0,34,36,4,0,28,31,43,11,0,19,48
0,0,19,196,199,33,0,0,0,22,41,73,13,0,43,7,31,0,0,3,0,32,0,22,15,0,0,12,0,6,0,47
0,0,0,92,161,10,0,0,0,14,32,0,0,0,6,2,19,0,21,5,2,0,0,0,1,0,0,0,6,0,19,45
0,4,37,9,94,0,0,0,16,19,0,19,18,0,0,19,0,0,0,41,8,0,8,6,4,11,50,100,32,30,0,3
23,0,1,0,59,58,16,6,7,0,0,21,0,0,10,0,29,0,0,0,0,1,16,0,0,6,240,135,107,17,34,0
0,11,12,0,31,26,38,0,33,1,16,0,0,2,0,0,0,6,16,0,38,0,21,0,6,243,117,7,0,14,0,56
9,0,28,0,35,0,0,23,0,0,45,46,16,0,0,14,0,18,19,0,13,0,28,0,144,19,61,4,3,0,0,19
27,0,0,12,0,16,0,0,5,5,52,0,0,0,13,0,0,0,39,21,0,13,72,54,80,4,4,6,37,39,0,0
0,0,18,15,0,1,247,102,33,12,27,0,16,0,14,0,0,41,4,0,12,80,0,0,2,14,28,2,9,0,30,78
0,12,37,18,45,163,71,2,0,0,0,0,12,175,23,25,57,5,35,4,97,4,7,0,10,39,73,11,29,0,16,54
96,0,0,5,63,106,2,212,166,0,0,35,78,130,0,7,0,0,0,0,12,0,38,3,21,0,9,0,0,17,0,0
5,26,8,37,76,241,205,209,168,0,6,124,236,165,0,0,0,0,7,17,15,5,1,3,5,0,28,0,2,8,14,0
63,11,1,1,85,251,134,61,123,0,11,132,0,2,0,2,116,0,2,16,0,0,0,0,0,5,0,9,18,0,5,0
0,63,8,63,69,185,147,246,39,7,0,44,0,0,22,39,0,7,35,9,0,5,7,0,0,17,22,0,6,0,31,6
0,37,106,45,33,251,115,184,0,16,0,0,0,2,0,0,7,56,7,16,0,0,0,9,0,24,24,0,23,0,38,0
13,0,65,112,122,252,255,7,0,17,0,0,0,0,44,0,0,0,0,2,27,3,7,0,0,10,13,6,0,46,0,5
44,4,65,209,197,109,128,25,3,12,62,217,145,85,0,0,0,0,0,0,0,0,0,3,1,9,0,0,0,0,0,10
81,235,188,151,195,172,126,56,20,35,89,55,251,124,0,1,0,26,19,0,28,0,2,21,35,0,0,0,18,34,17,18
0,93,17,82,185,46,37,119,1,178,37,112,183,1,6,0,2,0,11,0,38,13,8,147,0,0,0,0,20,2,21,0
0,94,27,12,136,144,229,187,215,72,88,54,178,125,136,0,0,25,17,39,110,104,115,224,228,9,33,9,0,2,34,0
0,0,47,183,102,99,248,191,10,183,249,67,25,176,244,45,0,0,40,0,0,71,110,3,5,0,29,0,0,0,0,16
40,30,0,0,0,169,155,245,81,144,251,189,63,162,105,238,54,58,49,0,10,0,8,0,0,20,0,34,30,0,5,0
78,0,0,19,0,0,181,70,63,242,243,186,224,44,30,0,25,15,35,0,0,0,0,0,0,4,23,7,25,0,6,17
0,0,20,0,0,6,34,206,226,124,118,89,31,5,3,0,2,0,0,0,0,8,21,0,9,13,15,0,10,0,12,10
0,5,0,0,0,0,0,20,0,0,0,2,4,0,0,0,15,0,0,2,12,3,0,16,12,9,0,0,0,0,7,0
11,0,16,15,0,0,0,87,7,0,0,12,0,2,10,25,30,2,0,13,0,0,1,27,8,11,0,34,29,62,8,16
69,10,31,4,0,0,23,26,0,0,55,19,22,0,3,4,13,0,0,27,0,0,0,20,10,29,7,2,11,38,0,17
0,0,0,31,0,0,0,18,0,0,0,109,53,0,34,0,19,16,0,0,8,53,4,16,28,7,12,0,22,16,0,31
0,16,70,0,29,0,24,3,18,11,0,165,61,21,28,0,21,23,0,9,40,72,0,0,0,0,0,0,0,0,17,8
0,29,187,217,0,14,20,24,0,0,0,126,48,2,7,0,25,0,0,0,74,211,0,0,0,0,0,0,0,0,0,0
43,16,73,148,16,0,16,0,16,2,22,36,16,22,10,0,0,33,3,66,132,0,18,0,12,29,16,13,14,0,34,0
39,0,165,152,52,16,41,1,0,0,19,5,0,0,12,19,0,0,0,20,0,0,0,22,0,7,0,0,1,42,0,58
0,0,0,18,31,0,9,1,21,0,235,120,35,4,0,0,0,1,0,0,4,16,16,0,3,0,4,0,0,13,0,0
0,28,10,183,211,13,18,0,15,13,27,38,27,0,13,0,0,14,0,0,0,0,8,1,0,14,0,49,0,12,44,15
86,0,14,96,139,0,0,0,0,0,54,11,0,0,0,24,12,0,0,0,0,0,10,0,23,0,0,16,0,26,0,23
9,0,24,0,107,0,0,7,0,0,0,0,32,3,0,0,0,36,5,0,18,0,8,33,28,0,0,131,39,11,19,0
21,21,20,26,5,89,5,3,33,0,0,0,0,25,0,0,0,0,25,13,1,2,0,7,0,0,195,133,146,27,22,0
0,0,6,11,7,0,27,0,0,0,12,0,5,5,8,0,6,14,0,0,0,0,3,0,0,221,161,186,10,20,0,0
0,0,7,0,0,0,0,0,0,0,0,0,0,27,7,0,27,4,15,4,0,0,0,31,100,44,19,0,0,0,29,0
8,31,0,9,14,48,29,0,0,50,1,0,0,27,0,0,3,11,54,36,3,11,58,27,97,0,0,20,0,9,0,29
0,2,0,5,17,16,31,127,0,0,21,2,24,0,17,0,56,0,19,0,11,90,1,0,30,0,48,0,16,2,24,12
0,15,0,8,29,169,100,5,0,16,14,0,2,213,0,7,32,10,0,13,56,8,16,0,0,0,5,1,33,0,0,0
0,8,0,0,75,119,30,176,205,0,0,27,44,110,4,0,0,15,0,0,0,0,19,0,0,33,0,0,17,18,0,14
0,37,24,3,113,226,244,226,217,3,0,45,214,223,0,0,0,7,0,27,0,6,26,25,0,0,0,19,2,41,0,0
101,0,6,253,74,223,148,53,66,0,4,159,0,0,0,13,121,0,0,0,0,0,2,0,40,0,14,34,0,0,0,0
0,13,0,106,98,112,90,33,23,0,40,0,6,22,5,0,24,9,19,6,31,1,0,1,16,7,26,0,32,0,0,0
69,0,73,63,12,212,162,162,0,17,6,12,0,13,0,0,11,0,0,0,0,4,2,0,4,0,0,0,0,0,0,0
0,0,104,157,109,213,249,35,0,0,0,0,30,36,24,0,5,0,1,0,0,0,0,0,13,2,0,0,0,29,0,0
0,16,80,228,186,65,118,58,0,0,29,227,47,96,23,0,0,0,0,28,12,0,23,0,57,19,53,1,21,0,0,13
0,211,191,133,197,172,100,28,23,90,88,44,7,103,25,4,6,21,0,0,9,6,0,0,14,22,0,0,0,31,0,23
120,88,241,73,191,33,35,113,9,196,65,109,208,250,0,0,6,27,37,2,0,14,0,162,5,4,6,31,11,0,0,0
0,61,26,43,164,123,240,160,218,244,89,76,144,129,144,0,39,0,0,0,47,96,144,211,201,9,39,0,14,0,0,52
51,29,33,142,143,122,46,186,236,174,86,37,57,195,253,60,18,0,0,0,0,59,67,16,0,0,0,26,10,7,18,0
110,42,36,0,0,166,163,169,121,162,215,190,92,163,86,213,7,1,26,0,0,0,36,6,0,0,0,0,10,7,6,16
0,0,18,22,0,0,211,24,251,253,12,197,8,13,80,0,0,0,5,0,0,7,0,12,10,0,0,27,0,0,2,0
0,8,4,0,0,8,0,210,240,42,119,59,77,8,28,0,0,16,0,0,0,10,0,0,0,0,36,23,0,0,18,7
43,2,22,7,31,27,3,0,84,7,0,0,10,17,0,0,0,20,47,4,35,0,20,14,0,8,0,0,24,35,19,2
0,0,0,11,0,6,5,1,3,0,8,3,5,0,0,0,23,0,0,4,0,19,0,0,0,13,0,2,5,0,10,13
0,23,35,31,10,8,39,11,0,9,31,0,253,1,0,10,0,2,0,0,3,0,0,5,0,0,21,6,0,31,45,4
0,0,11,0,0,0,1,0,0,11,0,86,19,0,0,2,5,21,0,0,50,90,0,23,0,0,4,0,0,6,15,0
0,3,76,22,2,0,0,3,10,35,0,138,57,10,0,20,0,2,15,43,60,72,0,1,0,0,0,19,0,12,0,0
0,0,190,240,24,0,0,30,0,18,32,106,73,27,41,0,0,0,0,20,21,228,0,13,0,0,4,0,9,37,0,0
0,12,87,125,42,0,25,0,16,2,38,5,0,0,0,9,0,11,39,47,162,0,15,11,0,0,0,14,0,8,0,8
0,0,114,126,0,0,2,5,0,2,100,7,2,0,0,0,0,0,10,0,0,6,1,0,2,32,62,0,0,0,0,49
0,0,24,5,80,0,23,18,1,34,212,69,0,0,5,0,9,38,0,0,6,51,0,19,0,2,0,30,9,0,0,38
10,0,0,203,184,2,15,17,0,11,39,49,0,9,0,0,0,0,2,57,36,9,13,0,0,28,29,3,7,9,30,21
0,0,0,98,163,2,0,14,9,0,18,0,0,7,0,8,0,18,0,8,24,0,26,0,15,0,24,8,17,0,0,9
0,0,7,8,119,0,22,0,0,6,25,0,19,11,0,0,17,24,16,0,0,0,12,3,13,22,16,59,20,4,26,35
0,0,0,18,40,53,19,1,37,0,0,0,0,15,8,1,0,16,0,0,8,29,20,21,12,0,225,197,92,0,7,17
64,30,42,0,54,26,0,0,24,0,0,28,5,0,0,0,12,5,0,0,48,0,39,0,3,48,239,154,32,22,16,54
17,0,8,0,45,0,0,0,0,24,0,0,0,6,37,0,29,22,0,0,3,9,2,0,71,37,11,0,0,6,0,0
0,0,0,0,0,23,0,10,5,19,43,0,24,0,66,0,0,0,0,0,42,0,38,61,127,7,0,16,1,40,7,13
67,0,1,16,12,33,40,64,0,10,1,7,9,17,10,0,0,1,0,0,19,95,0,0,0,0,0,6,0,19,0,0
47,46,0,0,11,202,99,32,0,0,0,10,0,185,23,40,53,8,25,0,73,237,6,0,0,14,0,60,6,0,31,0
23,0,0,17,77,122,248,171,204,19,0,18,52,106,5,7,0,51,0,5,0,0,20,4,0,12,35,0,19,0,0,6
0,17,0,11,63,231,229,241,241,0,0,77,167,190,0,0,0,15,29,0,7,1,37,3,10,0,6,21,12,0,0,0
69,17,0,235,32,235,162,56,103,2,0,136,0,0,0,43,81,0,0,0,34,0,0,21,0,13,0,13,17,5,0,0
0,49,21,110,138,158,154,74,73,0,0,0,25,0,28,61,53,0,48,0,0,0,0,28,0,64,29,0,0,0,0,28
0,0,96,56,13,230,144,147,0,8,0,3,3,0,15,0,5,0,11,0,5,2,0,0,0,11,0,0,14,0,2,0
0,26,87,156,116,255,240,34,0,0,43,0,37,26,0,0,6,0,18,0,10,3,13,14,4,18,21,3,0,0,0,0
0,30,134,160,188,137,112,13,50,7,69,202,63,105,0,0,39,0,3,14,0,0,0,8,3,0,0,0,0,13,0,0
0,1,196,88,186,237,116,37,37,71,101,60,6,108,0,0,0,0,36,0,17,20,22,37,0,0,0,18,0,0,68,0
0,122,245,85,197,228,17,151,2,165,61,68,151,21,0,0,0,18,0,0,0,0,3,168,0,0,0,2,7,0,0,0
107,94,240,53,142,159,239,163,224,207,47,73,169,120,119,0,42,10,0,15,49,74,71,195,197,0,0,2,0,6,44,11
46,28,62,189,132,90,1,189,137,188,77,19,54,195,13,40,0,11,35,8,0,101,108,50,0,0,22,21,0,10,0,0
0,9,0,0,0,187,152,147,85,172,191,196,82,157,90,210,95,37,8,0,2,1,2,0,21,22,0,13,36,0,33,31
0,0,5,0,64,16,242,233,20,62,16,193,252,26,61,0,42,7,34,11,37,0,0,0,0,4,0,11,0,0,40,4
0,0,0,0,17,0,0,216,22,42,112,76,28,6,0,0,0,1,0,0,0,0,0,17,26,12,6,13,0,0,0,20
0,20,24,2,0,0,0,0,9,0,0,0,0,28,0,0,1,23,0,1,22,3,0,0,0,0,0,0,0,11,0,0
15,27,6,24,17,0,8,30,13,0,34,33,0,0,22,28,19,0,13,0,0,0,17,0,0,10,15,0,23,21,19,12
0,0,0,0,0,25,0,0,0,40,60,31,48,0,0,16,2,0,0,16,0,0,5,2,0,0,16,0,0,0,0,0
0,25,0,0,0,2,0,0,0,0,0,103,59,22,0,28,18,5,17,0,36,90,11,4,0,3,24,0,10,0,0,0
0,0,76,25,38,0,17,6,0,0,0,137,40,0,0,51,0,29,1,0,142,127,0,0,0,4,0,15,5,73,52,46
65,0,192,222,8,0,32,12,34,0,97,170,102,0,31,6,5,0,0,0,45,216,38,0,22,0,42,20,15,0,3,16
12,0,62,139,0,0,0,0,0,0,50,23,1,25,6,0,22,0,0,61,175,0,7,0,0,0,19,4,0,0,1,1
0,0,133,122,0,0,1,0,6,0,94,225,0,5,0,5,0,28,24,0,0,7,0,6,0,1,0,0,9,8,4,33
64,24,0,0,77,39,0,0,28,0,241,106,13,22,10,0,0,36,0,0,0,0,0,20,44,11,0,3,0,60,0,100
108,0,26,196,6,0,29,25,0,12,39,83,50,0,25,16,17,0,16,0,21,5,41,0,28,0,54,0,22,0,27,2
0,5,2,73,139,0,6,0,2,39,12,31,26,9,48,0,0,0,29,0,0,0,4,20,0,0,0,27,0,19,0,0
0,19,11,4,110,0,0,0,0,0,0,0,0,31,0,15,25,12,0,20,7,0,28,0,6,25,55,81,22,4,0,0
0,0,0,0,64,103,0,0,8,11,63,12,8,0,0,0,0,0,0,0,0,0,38,35,17,0,7,170,85,23,0,60
0,24,0,11,0,0,0,0,0,12,0,0,0,23,0,0,5,0,55,3,0,1,0,7,0,203,223,192,44,10,76,29
2,0,10,23,0,20,6,0,0,10,0,14,0,0,0,45,6,0,0,2,3,8,0,11,96,21,0,6,0,0,5,0
0,17,0,1,0,5,11,0,0,3,0,30,0,18,0,35,13,0,0,22,0,0,42,0,129,0,7,0,3,0,0,2
49,0,0,0,0,7,39,103,7,0,0,22,0,0,0,29,0,1,0,25,1,107,0,0,11,31,9,0,43,0,0,16
0,4,0,0,0,188,82,246,0,14,22,0,0,203,0,1,0,27,3,0,92,242,0,20,0,0,0,0,0,0,0,24
0,19,3,0,90,131,8,176,194,0,15,36,40,105,11,10,0,0,0,12,0,11,3,0,1,40,23,3,0,0,0,0
22,24,0,28,85,204,203,212,205,0,23,81,206,200,0,34,21,0,35,0,13,0,6,11,0,35,51,11,7,5,4,0
0,0,11,227,76,231,139,51,102,0,0,140,0,0,0,0,133,0,0,0,0,16,9,0,0,0,0,3,0,29,20,104
0,0,20,121,70,155,96,68,54,0,8,37,0,0,7,30,51,0,32,6,0,0,12,0,19,15,26,0,0,28,0,0
52,11,81,101,41,205,177,202,34,0,0,0,0,0,2,0,0,0,0,6,0,0,0,0,10,22,29,36,0,0,12,0
17,0,68,169,127,12,16,11,0,0,4,0,16,20,0,0,7,25,0,21,4,3,0,1,14,13,18,12,0,0,0,0
39,0,119,213,186,127,79,67,9,0,76,179,253,102,0,0,0,76,0,0,0,0,37,5,6,0,0,0,0,29,0,0
25,229,192,123,195,221,138,42,97,61,127,57,16,68,0,0,5,27,22,0,47,16,19,1,3,0,29,0,16,13,0,0
101,110,2,82,197,10,27,118,6,152,66,76,223,25,18,0,2,20,0,4,9,0,0,183,17,2,0,0,9,0,2,0
0,57,21,82,121,137,224,181,234,216,81,48,166,136,187,20,0,0,0,27,18,83,48,195,196,18,0,0,1,7,0,0
116,0,26,186,152,81,244,196,208,188,70,43,42,191,227,3,9,0,0,0,8,94,110,0,0,0,0,11,3,6,0,31
40,43,16,0,0,184,165,144,97,132,226,195,97,166,97,247,0,19,0,13,20,0,37,7,32,1,36,0,0,8,21,8
123,20,0,0,0,0,226,216,227,59,240,190,253,10,81,0,3,1,0,21,0,22,0,11,0,1,10,11,14,21,7,17
64,0,0,13,9,21,0,181,13,61,56,66,0,0,0,0,34,0,37,0,0,0,22,15,0,0,16,5,22,0,0,0
0,0,0,0,0,0,9,0,0,25,33,0,2,0,11,0,18,0,0,0,0,0,0,2,0,0,0,28,26,0,2,0
38,8,0,0,0,10,8,0,20,14,1,0,0,21,0,3,0,8,0,11,16,0,58,8,1,8,24,0,0,0,0,0
0,0,29,0,0,0,16,22,0,8,0,42,23,0,28,20,44,0,54,8,2,0,0,45,0,0,4,10,12,22,23,0
0,0,26,33,0,0,3,80,12,0,0,106,49,7,55,0,0,1,44,24,27,78,32,0,29,12,37,0,41,61,8,0
0,3,74,30,0,0,0,56,14,2,26,165,60,0,27,9,0,0,3,14,55,128,14,0,0,9,41,0,0,0,0,17
51,34,196,223,30,23,26,45,0,7,38,155,63,0,26,25,29,44,6,0,64,219,14,21,26,6,0,0,17,19,0,18
56,5,68,145,2,12,0,0,22,4,0,233,0,0,46,46,0,0,0,59,184,0,11,0,0,40,5,0,6,1,0,52
30,0,169,104,22,34,16,0,40,28,127,251,0,0,0,0,0,29,20,0,12,3,24,20,0,0,50,27,0,0,0,0
28,26,0,238,107,0,0,14,0,0,227,154,0,39,0,0,0,0,3,0,3,0,9,0,36,12,0,32,16,31,34,35
0,26,6,188,255,0,16,42,0,0,52,45,7,26,11,10,0,0,5,11,0,24,50,2,0,8,0,0,2,35,29,0
0,0,5,55,180,0,26,58,0,0,21,50,27,7,13,27,57,0,0,11,0,42,3,0,37,15,0,0,0,31,13,0
87,0,41,0,158,6,18,0,30,51,25,0,0,0,0,0,28,17,10,0,0,24,0,10,0,0,0,116,0,0,0,0
0,6,19,17,0,70,0,71,46,0,3,46,0,0,0,0,0,7,11,0,0,0,0,0,0,0,191,191,136,0,0,42
8,24,10,0,0,0,0,0,4,0,0,0,0,0,0,0,0,6,0,0,0,0,1,0,0,198,245,184,27,0,13,0
96,0,25,0,0,9,6,5,21,0,23,0,23,0,20,30,29,0,24,0,9,46,31,42,128,0,0,9,4,0,12,0
16,0,25,21,53,4,0,37,1,0,26,41,24,0,0,0,31,0,0,21,0,27,84,233,153,19,51,0,4,37,0,0
43,0,0,0,0,9,251,77,0,38,28,0,0,0,11,44,25,0,20,0,0,73,13,46,0,0,0,0,0,6,0,33
1,33,0,7,9,195,97,20,5,23,37,20,0,202,16,0,2,12,25,16,44,23,2,0,0,0,0,17,0,0,74,0
5,26,28,0,86,118,23,130,216,0,0,11,132,175,0,0,17,0,51,0,9,5,9,0,0,3,0,18,8,0,43,0
49,0,11,51,75,184,222,240,14,0,32,105,38,137,0,27,0,0,0,0,0,0,0,0,0,0,50,0,0,53,0,0
62,11,2,205,74,13,112,83,97,16,10,161,8,2,20,31,128,1,0,24,0,13,12,0,1,8,0,0,22,0,0,0
95,43,28,151,114,215,135,49,24,0,3,46,0,22,18,0,0,61,0,6,23,0,20,6,36,2,75,11,15,0,25,0
28,0,73,66,37,240,160,159,0,0,12,5,7,5,6,2,0,0,12,0,0,35,0,0,16,0,0,25,12,0,18,49
3,0,69,161,89,236,13,26,15,0,0,28,11,0,21,7,46,0,0,0,0,0,0,0,0,0,1,0,0,38,0,0
29,38,133,180,197,169,110,46,10,10,48,197,19,90,15,7,13,0,7,30,0,0,1,0,0,2,0,36,8,0,19,57
0,250,195,175,188,179,128,24,89,80,148,58,8,89,6,12,0,26,4,0,28,0,4,0,0,0,0,2,0,15,0,39
0,95,255,67,195,0,25,132,21,121,94,117,191,20,10,21,4,0,24,22,0,33,0,159,0,21,3,0,16,12,0,49
105,73,247,86,204,123,201,165,213,224,73,116,161,115,126,77,4,0,0,0,0,66,75,214,195,33,21,0,0,0,0,6
73,0,29,180,82,107,31,196,132,157,119,31,36,183,16,46,0,0,1,15,0,105,92,0,20,6,0,0,9,37,0,0
0,0,7,17,0,105,118,156,133,177,249,194,27,165,97,54,7,0,0,4,0,0,14,0,18,16,0,14,0,0,0,0
0,0,9,0,0,0,236,6,249,61,7,195,227,22,42,0,23,0,31,10,24,0,25,28,0,0,2,32,21,13,0,0
56,21,0,0,0,48,33,159,32,73,115,126,14,0,0,49,29,0,0,0,0,2,0,0,0,63,0,0,38,0,0,48
40,0,30,23,22,2,0,7,0,2,14,10,0,0,0,0,1,0,7,0,1,6,0,0,0,3,0,0,0,1,0,0
0,11,47,7,0,0,2,0,0,23,33,22,51,0,0,0,32,7,0,33,25,0,0,0,7,4,5,40,23,1,35,0
0,0,0,8,0,12,0,32,2,3,16,0,20,1,6,0,0,7,0,0,0,0,9,13,0,12,16,0,19,0,17,25
2,0,0,8,13,0,14,26,0,0,24,73,25,21,0,10,25,1,0,16,8,38,2,12,0,0,0,0,0,0,0,0
0,0,75,14,2,2,0,41,3,16,0,122,62,1,0,0,0,0,0,3,65,87,0,9,22,0,43,0,0,33,0,0
0,26,190,186,6,38,0,0,48,54,22,110,112,12,13,0,0,50,0,0,108,204,45,15,62,0,0,27,7,0,11,0
0,0,16,146,0,0,0,16,22,4,45,251,17,0,2,0,0,0,0,54,172,0,16,0,18,0,0,14,0,11,0,21
0,0,68,154,5,0,10,11,5,0,16,56,11,0,2,27,0,21,0,10,11,14,0,0,4,6,1,4,7,13,0,24
0,0,0,14,76,0,0,0,21,10,75,103,6,0,63,0,0,44,0,0,0,17,1,17,19,0,0,0,0,63,0,0
1,0,27,174,11,0,0,0,0,32,34,33,5,6,0,0,0,56,0,25,2,37,16,0,6,0,0,18,0,0,0,0
0,0,0,71,93,0,0,20,0,0,0,0,0,16,22,0,9,0,0,24,0,0,0,0,0,14,0,0,0,9,3,7
0,7,21,0,50,0,22,6,0,11,0,0,0,0,0,16,0,0,11,1,44,0,10,0,0,6,46,49,23,21,0,24
0,33,0,16,30,74,18,0,0,26,0,2,0,30,26,0,43,0,14,0,19,13,17,0,0,6,12,220,129,0,0,0
0,25,0,31,28,0,15,18,0,0,13,7,0,0,13,6,25,0,18,10,0,38,0,0,0,190,224,238,5,51,25,63
50,0,27,17,0,0,0,14,0,0,13,6,34,0,0,9,5,0,0,1,0,0,32,13,149,40,47,11,11,0,0,22
0,0,18,3,0,52,13,0,17,2,0,9,11,33,22,0,19,0,0,7,16,0,69,43,123,6,0,0,0,0,2,0
21,31,29,0,0,190,226,120,40,24,0,21,4,30,0,0,19,0,0,9,36,117,0,0,23,0,23,8,0,0,3,0
0,0,3,0,25,204,52,31,16,0,0,30,9,234,14,48,16,11,49,0,77,199,15,38,10,0,61,3,16,0,20,11
7,22,0,0,92,98,35,181,232,32,13,10,2,194,0,8,0,16,44,1,0,0,22,8,0,15,0,12,23,0,25,0
87,0,0,11,30,248,211,217,167,0,5,61,234,214,0,20,0,11,0,0,0,0,0,10,0,6,0,2,1,6,0,19
61,0,5,24,48,247,161,71,86,0,4,78,0,12,1,19,120,0,0,20,0,3,2,0,0,0,8,7,7,0,0,61
15,5,24,147,90,214,106,9,74,0,0,29,9,0,21,0,19,0,0,0,0,0,0,0,0,30,12,0,28,18,0,0
0,21,51,17,251,241,158,124,0,23,0,0,0,9,0,0,0,19,40,0,0,0,0,28,0,0,0,0,0,11,9,0
4,0,67,54,115,15,235,18,0,11,0,0,13,8,0,23,0,2,0,0,20,11,0,0,2,4,0,0,0,0,4,0
0,19,151,163,195,138,55,53,0,5,92,227,68,129,20,0,0,19,0,0,2,0,32,0,0,0,7,0,6,0,31,26
0,249,194,82,196,225,140,33,84,93,97,49,245,84,0,7,19,32,81,0,1,0,49,0,40,21,0,16,0,0,0,1
123,112,22,113,192,225,227,169,26,171,119,143,216,249,34,0,5,23,0,0,1,0,18,183,46,0,9,10,4,80,0,0
0,50,244,33,157,118,224,153,226,28,86,76,194,96,140,4,23,15,0,1,35,106,115,216,201,0,2,0,9,0,20,38
0,12,48,171,131,93,39,195,183,139,76,35,22,188,16,53,0,4,16,0,0,86,108,16,0,8,26,0,13,28,0,37
0,17,14,4,10,140,119,135,100,152,209,191,61,129,100,95,3,7,19,32,0,0,2,0,0,24,40,41,4,0,1,62
128,0,56,26,49,3,252,13,44,46,31,193,249,92,83,0,13,0,9,0,0,24,4,8,42,0,59,0,18,4,4,17
0,16,11,0,0,1,0,157,234,94,102,88,25,0,0,3,11,0,52,12,22,0,38,0,3,5,25,15,0,20,0,0
0,0,0,21,0,27,9,0,0,17,20,1,6,1,38,0,19,14,0,0,2,22,0,0,0,0,0,4,0,0,29,43
0,10,0,0,0,0,0,25,0,0,36,27,24,0,0,36,27,0,0,53,8,0,26,0,18,22,0,20,0,2,0,42
0,32,0,10,0,32,22,0,0,0,0,21,226,4,20,10,0,0,6,4,17,0,37,0,0,7,0,0,22,15,0,19
48,0,0,24,0,0,1,14,1,0,0,76,75,0,0,26,15,0,0,0,27,15,19,5,0,60,13,0,16,51,4,0
0,0,104,0,20,27,19,0,0,30,0,81,216,0,0,10,9,0,0,0,14,158,0,0,0,7,0,0,54,16,0,32
0,0,197,189,1,5,17,14,6,18,33,162,102,0,0,0,1,28,0,9,33,222,6,0,3,7,0,0,0,21,0,0
71,39,7,176,12,0,21,14,12,0,20,205,2,7,0,17,27,0,0,65,196,0,0,8,0,4,2,8,9,0,0,4
34,0,137,140,0,0,0,7,0,5,86,62,12,19,11,22,41,5,24,64,3,6,0,0,0,0,0,0,0,12,25,31
0,66,50,250,63,0,0,41,45,0,81,0,0,26,38,0,39,7,0,0,0,14,19,0,19,5,0,34,25,0,24,0
0,10,10,122,44,0,14,20,0,7,0,65,0,0,0,0,25,0,0,0,24,6,30,0,0,0,0,0,19,0,0,43
0,23,13,74,242,0,7,0,19,2,54,23,0,10,0,26,0,11,12,22,21,0,0,11,0,2,0,4,16,0,20,15
9,9,2,0,104,0,7,0,0,0,0,19,16,19,22,1,3,16,0,0,9,0,0,6,0,0,0,37,16,17,43,0
62,0,5,26,65,70,0,24,0,0,0,0,1,8,12,1,0,0,1,4,0,3,0,7,0,0,27,125,125,3,0,0
0,9,0,19,9,0,26,0,0,6,11,7,0,0,0,19,3,0,4,0,0,1,0,0,0,239,110,244,21,0,0,0
0,0,32,12,2,0,0,0,1,7,0,0,0,0,0,1,0,0,0,0,0,17,48,2,101,20,70,12,0,0,26,2
0,0,0,0,22,41,0,7,0,0,57,0,11,0,0,4,0,0,0,0,28,0,57,79,84,0,0,5,0,6,21,5
0,18,3,7,0,124,51,120,0,0,16,59,19,0,26,0,0,43,0,0,0,58,36,0,0,23,0,0,17,33,20,0
0,0,30,22,14,159,112,27,21,18,12,19,0,219,0,7,0,0,2,3,69,216,39,3,20,16,29,16,0,0,0,0
17,15,29,13,154,220,62,177,219,7,0,37,201,115,0,17,4,0,0,3,18,0,12,11,0,15,24,0,0,31,16,15
18,14,19,30,44,231,190,4,220,16,0,65,48,77,4,0,10,18,21,0,0,1,0,0,4,0,0,0,0,0,0,35
130,0,31,18,92,223,135,71,111,0,0,184,0,0,36,60,198,0,0,2,0,0,0,73,14,0,0,0,0,13,0,10
0,0,22,171,41,118,174,8,91,0,0,9,2,5,0,8,0,2,26,0,5,0,39,11,0,0,26,0,2,36,0,0
11,12,94,115,52,172,144,199,7,0,23,0,0,0,0,14,33,14,12,0,28,21,34,15,0,0,19,13,6,0,34,13
0,0,76,91,104,31,20,38,31,0,0,13,12,8,5,0,19,36,0,0,0,11,23,7,14,3,9,22,12,32,0,0
13,43,150,167,197,121,88,61,17,0,114,191,70,100,0,0,0,50,25,9,37,0,10,6,0,42,9,0,0,0,36,32
71,196,191,163,195,194,155,65,21,121,249,60,246,101,11,0,0,57,0,17,0,2,0,7,0,0,0,8,50,0,27,0
42,39,15,64,188,240,247,113,47,150,112,155,255,6,2,59,0,0,0,0,5,43,32,146,0,4,0,0,0,0,26,0
134,73,197,3,178,133,251,159,231,81,58,135,189,89,127,4,0,0,4,2,48,126,89,227,216,0,34,0,0,26,18,20
137,31,58,143,138,106,21,190,175,159,88,69,19,192,218,42,0,0,43,34,8,103,99,0,1,0,6,16,56,0,17,0
30,41,26,0,41,170,101,67,122,177,216,190,53,132,95,65,20,0,36,11,18,1,0,0,0,0,2,0,25,0,24,3
116,0,25,10,28,0,186,0,244,33,37,196,200,72,32,0,0,14,19,0,2,0,0,0,0,3,0,0,12,0,34,0
0,18,18,3,11,16,1,131,5,110,116,93,39,7,16,13,2,27,0,0,9,0,4,0,8,0,0,9,4,0,4,58
50,0,0,0,17,8,1,0,0,22,28,0,0,0,3,0,0,19,0,15,5,7,0,31,5,0,0,18,0,31,6,29
0,0,8,13,10,0,22,0,0,0,34,0,0,29,7,29,37,0,0,0,0,0,0,0,0,5,0,29,6,24,0,32
