0,19,0,16,0,31,0,7,17,0,12,17,28,22,34,88,238,0,0,6,0,0,0,0,0,0,38,0,21,0,1,34
42,14,0,16,0,0,0,0,0,20,41,14,0,0,2,124,191,9,9,19,22,23,27,2,9,0,7,18,0,0,5,72
6,0,41,42,0,0,38,0,30,0,0,16,0,0,0,1,182,0,0,0,11,0,32,34,65,0,0,0,0,0,0,21
0,0,34,4,0,0,0,0,14,1,0,12,0,0,0,167,226,0,10,0,0,0,135,178,187,0,0,0,2,18,0,2
30,0,9,24,0,13,118,61,0,42,18,0,10,24,25,1,19,0,27,8,2,0,183,238,81,8,22,15,0,20,0,10
0,9,35,0,0,47,195,169,5,23,18,18,0,1,15,0,7,17,0,0,6,5,150,109,10,9,34,17,14,22,15,0
0,18,5,0,29,6,7,128,70,0,0,30,3,0,10,0,7,18,0,21,0,0,60,23,0,52,16,0,0,0,0,0
0,0,0,37,0,75,0,23,61,0,25,13,6,0,0,0,0,12,0,20,0,0,0,1,0,10,30,0,0,0,0,3
0,0,0,0,19,0,0,0,0,5,45,0,0,0,0,23,8,8,8,27,0,0,5,0,0,21,5,0,0,13,2,49
0,8,0,3,9,21,7,0,20,0,0,0,14,6,0,0,2,0,0,5,0,0,0,16,16,0,0,0,67,142,197,64
0,13,0,11,15,0,0,0,0,23,0,0,0,49,23,0,36,24,0,0,12,0,0,0,36,0,15,28,130,223,36,0
0,16,13,0,0,22,0,0,13,24,39,0,11,9,8,0,3,0,0,12,2,3,2,17,0,0,6,0,21,252,57,38
0,0,0,2,24,1,0,30,34,0,7,72,0,14,0,0,0,0,7,37,27,0,15,0,0,0,12,125,86,0,0,18
12,9,0,0,0,38,41,0,30,1,92,23,3,5,0,0,0,8,18,19,10,0,0,23,19,0,211,192,35,21,19,0
0,4,0,21,0,0,0,0,0,0,0,0,0,0,3,0,0,23,12,26,0,0,0,0,0,0,187,216,23,0,20,0
0,0,0,8,0,36,0,0,0,33,16,0,0,0,0,32,0,22,0,0,0,0,0,9,13,69,106,7,8,14,0,0
13,25,1,0,0,0,0,0,15,0,33,0,0,7,28,0,0,27,0,0,0,0,12,5,0,0,5,0,40,2,15,16
0,0,18,0,0,32,6,2,0,0,10,187,188,99,7,0,137,0,0,34,0,0,0,21,0,23,33,0,19,0,0,0
26,236,12,112,53,12,0,37,0,0,43,82,190,195,132,100,8,102,72,109,123,224,166,67,11,0,42,0,0,0,0,54
113,216,195,93,64,0,0,37,14,8,10,216,192,191,195,38,143,174,48,49,228,100,131,31,48,0,49,6,55,0,1,0
0,0,3,192,203,0,38,15,13,0,0,14,81,96,6,0,0,0,7,29,10,0,71,214,19,6,0,13,0,0,5,0
0,0,0,190,235,21,0,0,8,0,4,23,62,129,0,0,2,17,0,10,17,198,90,162,0,0,38,12,7,0,0,0
0,26,0,0,0,103,0,2,0,0,0,0,105,52,125,25,24,0,0,0,181,253,16,137,32,0,40,8,54,7,0,0
8,0,0,20,2,4,40,24,0,0,11,18,81,223,152,8,22,17,0,62,50,117,238,44,35,0,17,25,23,0,0,9
0,11,42,21,0,7,0,0,0,0,0,173,124,224,122,168,41,16,21,184,207,82,243,223,23,2,19,0,27,0,16,0
9,4,0,0,0,0,0,0,7,41,184,156,195,5,239,196,70,0,76,111,179,66,187,52,0,8,0,37,2,0,0,25
0,40,33,0,22,0,0,0,0,197,204,198,188,193,236,151,153,97,120,163,188,194,197,142,5,9,22,0,22,16,25,33
54,0,33,22,0,0,0,28,0,35,181,192,20,69,213,239,91,46,185,225,196,190,101,170,0,0,0,6,13,16,27,7
0,0,0,3,0,0,4,42,3,0,237,252,150,248,38,61,201,4,34,192,188,194,197,52,0,39,39,0,0,0,2,0
16,11,6,2,17,0,0,0,0,0,45,59,168,197,82,164,215,235,232,193,196,192,226,29,53,0,0,0,0,9,0,31
0,0,17,26,0,26,0,0,40,0,0,87,194,192,23,110,48,233,140,136,101,91,69,0,0,16,0,0,0,31,0,0
23,5,30,0,37,7,79,0,35,41,10,0,7,142,34,137,24,159,0,4,30,0,29,8,1,16,0,0,0,0,14,73
0,15,0,30,14,0,0,0,5,19,0,0,0,0,5,65,239,0,21,0,4,12,0,0,0,0,0,18,25,29,28,0
0,0,0,0,52,0,0,18,0,13,0,13,0,0,0,114,204,4,0,5,20,0,7,0,12,0,4,0,0,0,12,51
68,24,32,4,20,0,9,0,0,3,16,29,17,0,2,243,202,16,6,16,14,0,48,9,27,1,28,10,0,0,0,1
0,0,6,0,11,0,0,35,0,3,0,18,4,0,10,176,0,0,0,28,14,0,110,163,192,36,0,0,12,24,30,11
62,12,15,0,0,0,82,92,0,34,39,37,37,0,44,41,10,18,29,0,14,7,168,231,102,48,36,5,0,0,21,5
0,1,5,18,0,57,180,193,2,0,0,0,0,1,16,0,45,18,5,10,0,0,151,59,0,0,46,0,0,0,1,7
0,0,0,6,57,23,20,174,95,0,17,0,0,0,18,6,0,23,0,0,0,0,32,28,89,0,36,2,36,0,17,0
0,0,8,0,39,0,8,24,97,0,3,4,0,0,1,23,0,0,0,0,17,38,29,0,0,4,0,22,0,18,0,11
17,0,0,31,0,11,0,51,27,4,24,21,1,0,0,21,0,0,6,0,0,18,23,8,0,0,36,15,13,0,0,15
29,0,0,0,0,68,0,2,201,4,0,0,0,10,21,0,20,24,0,15,3,0,0,0,0,0,0,6,53,145,193,12
49,0,0,0,2,6,0,1,33,25,7,17,5,4,7,0,0,0,0,35,23,28,12,12,0,4,0,0,87,238,67,0
12,0,7,20,13,0,0,10,0,0,16,36,0,0,1,42,0,50,4,0,9,0,10,0,0,0,37,24,7,252,0,24
0,0,0,0,0,0,0,0,12,0,14,19,0,12,0,3,0,0,0,0,0,35,0,0,10,0,5,146,157,7,22,0
6,1,29,0,35,76,32,0,22,44,117,0,40,54,24,0,20,8,17,0,7,10,0,0,0,24,142,190,83,0,0,0
0,22,0,0,0,36,16,45,0,0,8,32,32,0,18,3,0,0,52,12,0,9,3,7,0,33,196,226,0,0,0,4
3,0,0,33,19,23,0,16,0,15,1,0,0,0,0,0,13,0,0,0,0,14,0,3,0,14,102,0,2,0,0,2
0,16,2,7,0,0,11,0,0,55,0,0,4,10,16,0,23,11,29,6,3,7,0,0,0,8,0,10,10,0,39,0
14,0,52,0,18,0,20,0,2,8,29,225,197,87,32,16,183,8,16,0,23,0,6,4,0,2,0,0,0,41,0,11
91,65,11,162,30,32,0,0,0,0,28,50,197,188,123,101,40,122,75,152,227,205,171,93,20,0,16,0,27,0,9,0
2,248,189,96,111,0,0,0,2,0,0,254,194,198,181,11,131,161,40,58,213,95,70,30,18,0,9,8,30,25,11,31
84,19,228,187,171,0,3,0,12,0,6,51,86,98,37,0,30,60,0,0,0,0,53,251,21,34,0,0,7,0,28,67
145,0,0,239,255,30,30,19,78,0,0,61,74,129,27,7,47,0,35,27,29,228,117,101,0,27,0,0,3,16,3,14
34,0,27,18,17,39,0,7,23,0,45,0,85,72,140,0,34,1,0,10,105,189,18,67,28,0,13,0,2,0,3,25
58,0,2,6,7,9,0,0,5,12,0,0,35,193,137,0,22,0,14,85,7,176,206,203,6,0,4,0,0,11,10,8
0,0,0,25,0,0,0,0,0,9,0,160,153,245,87,178,14,40,0,210,182,96,231,224,29,25,7,0,0,32,0,0
17,16,15,0,0,31,0,0,0,30,148,162,188,40,4,150,39,0,64,178,159,90,195,98,0,4,0,0,27,0,0,0
0,35,51,17,23,24,16,44,0,238,103,198,196,190,203,143,134,172,5,154,194,192,195,161,0,0,0,0,0,0,0,0
7,0,26,25,5,0,11,28,0,5,255,190,26,83,185,242,109,71,200,6,195,160,148,179,0,0,0,0,0,0,0,29
19,9,0,15,16,37,0,0,8,24,253,57,141,221,61,130,157,200,36,187,191,196,197,45,20,0,51,9,0,11,0,40
57,62,9,0,21,0,32,0,48,0,0,166,176,186,63,187,199,245,206,196,197,187,23,27,0,1,0,0,0,0,29,46
0,16,27,21,0,27,2,33,0,46,45,80,214,196,55,127,47,242,187,127,105,153,0,9,0,0,0,0,0,0,0,30
0,0,0,3,0,0,0,3,48,0,44,6,0,161,64,125,17,173,0,4,11,0,0,0,0,3,13,4,9,43,1,0
0,17,16,0,0,0,0,25,0,17,11,0,0,0,22,156,247,7,32,0,13,16,0,22,3,0,0,0,0,0,0,18
0,0,7,15,44,44,0,0,18,7,0,42,0,14,28,109,209,8,7,9,5,0,0,3,0,0,15,7,0,0,2,0
0,0,16,19,0,25,14,0,5,0,0,17,0,0,10,220,231,24,0,11,6,0,0,244,75,23,0,0,0,0,11,39
4,0,0,0,0,66,0,0,0,0,0,0,15,0,7,166,234,41,0,0,30,0,170,128,215,27,74,35,66,0,20,0
0,24,30,0,0,33,110,2,17,0,14,0,17,19,8,11,0,7,0,2,0,1,175,246,93,0,0,32,22,0,49,29
0,18,0,0,4,4,193,169,16,0,0,0,40,7,12,26,11,0,0,18,0,7,156,101,0,1,0,38,2,0,0,12
0,0,0,20,16,0,8,174,80,0,36,0,0,3,41,14,0,13,22,0,0,0,6,0,0,30,27,0,41,5,5,3
0,0,0,0,18,4,50,53,95,0,30,0,0,42,0,0,0,0,0,0,23,1,13,0,0,24,0,48,0,50,0,0
20,0,18,0,10,0,19,0,0,27,0,11,0,39,3,1,0,7,12,23,0,0,0,10,0,45,0,0,5,0,24,6
13,13,0,0,0,40,39,7,198,4,9,0,31,0,9,0,15,15,0,5,0,3,33,0,0,0,4,0,11,146,192,24
0,0,0,0,0,0,0,0,21,19,1,0,0,19,2,6,18,2,0,0,0,0,31,29,0,0,11,0,93,245,94,0
55,0,28,0,0,19,0,0,13,8,0,0,0,20,0,0,2,0,30,38,43,0,35,0,0,19,0,0,254,30,37,0
0,5,0,0,0,36,55,0,24,0,30,14,0,0,0,13,0,0,27,23,17,0,0,0,0,0,0,110,135,6,18,50
10,12,4,0,0,17,18,0,0,16,71,10,0,0,13,22,0,0,0,9,0,0,0,15,0,0,167,197,87,0,5,14
19,0,6,17,0,0,10,16,0,5,51,9,0,0,16,0,21,0,0,0,11,0,0,0,14,12,189,2,0,10,0,0
0,14,31,0,46,13,5,0,0,0,0,0,0,14,24,0,10,0,0,0,23,0,12,0,55,30,93,38,20,7,27,0
0,3,31,1,0,49,0,44,0,0,0,0,0,0,0,0,0,23,19,0,34,18,19,3,16,0,19,48,36,4,25,0
0,4,39,2,42,54,0,0,0,0,0,202,197,62,0,25,115,13,0,24,0,0,0,0,0,30,13,0,0,0,0,19
0,59,10,177,33,0,37,31,0,11,0,24,195,197,105,20,206,117,146,132,191,203,157,107,0,0,4,0,5,2,2,20
71,21,187,67,63,0,0,0,0,3,0,208,196,198,167,50,109,192,28,76,220,83,29,58,24,24,27,33,14,0,27,0
0,0,36,192,11,39,0,0,0,30,0,0,90,122,7,0,35,36,16,4,34,0,99,34,23,0,6,0,0,37,19,7
66,0,5,243,162,83,0,0,0,15,16,16,50,109,0,0,17,2,0,28,0,203,78,104,5,6,10,33,0,0,23,0
84,0,16,0,41,39,0,0,9,0,0,0,102,62,163,27,46,37,0,30,144,232,2,38,42,0,31,0,0,0,0,0
118,16,28,0,49,0,34,0,20,19,0,0,44,235,160,0,41,0,30,61,217,235,138,220,0,0,0,0,0,30,16,0
0,0,0,27,0,0,5,0,43,11,13,196,141,223,84,200,28,0,0,168,172,104,149,88,0,0,0,18,0,0,0,72
0,4,0,80,0,0,8,0,23,73,121,147,187,14,14,117,71,44,128,173,180,159,197,65,0,17,12,20,0,5,0,0
0,0,46,58,22,0,12,0,29,220,181,198,193,191,235,132,145,169,102,176,189,193,196,142,0,0,13,0,0,22,0,0
0,34,0,3,2,13,0,18,18,57,228,195,25,59,174,255,109,104,228,199,197,186,102,219,0,0,45,9,42,11,23,0
0,13,14,11,19,12,0,0,0,25,219,8,99,7,69,105,181,188,84,197,186,192,195,47,0,1,0,0,1,0,0,0
0,42,0,0,0,0,0,24,0,11,9,126,208,189,126,182,190,6,227,197,191,191,17,27,2,0,0,0,31,4,0,0
0,48,18,33,0,0,2,0,21,0,0,73,206,191,31,122,223,223,216,84,122,138,39,29,0,0,0,8,0,11,0,36
0,0,0,5,0,0,12,9,0,0,45,50,24,161,0,155,55,136,48,76,14,0,0,0,24,10,20,37,0,16,12,48
0,19,0,0,16,40,0,0,18,0,49,0,0,0,0,119,226,35,34,47,0,5,0,0,27,20,0,33,13,29,20,0
0,22,0,13,13,0,21,0,0,6,2,7,5,40,20,55,8,0,37,0,32,0,63,0,34,0,30,7,4,0,9,30
89,0,20,0,3,25,0,5,0,33,0,0,3,9,3,151,233,16,0,28,15,0,28,35,36,26,0,1,13,11,0,32
2,7,0,30,0,10,15,11,0,29,2,9,10,2,0,135,233,7,0,16,11,0,145,186,163,8,0,0,13,7,23,0
0,0,2,22,0,0,137,76,0,21,26,13,6,26,0,18,37,18,0,0,0,0,164,219,86,36,22,0,0,0,10,55
60,22,0,44,0,29,150,182,4,3,0,0,0,11,12,0,10,34,33,10,12,0,179,86,23,16,0,0,0,38,0,0
0,8,0,46,80,47,0,191,84,36,6,0,9,21,0,10,0,17,44,54,0,0,46,36,0,41,15,29,8,0,0,0
42,8,4,0,0,95,11,52,78,0,0,0,0,5,18,0,0,0,11,36,6,21,0,0,0,0,22,7,0,12,8,19
34,10,0,15,0,9,0,0,6,4,2,13,10,17,0,0,0,26,0,0,23,0,16,0,0,0,12,0,0,22,0,15
48,20,0,0,43,72,21,0,199,28,33,3,13,0,29,0,0,5,17,0,0,0,0,7,0,21,14,14,85,137,190,7
0,0,9,3,8,0,0,0,7,12,29,0,0,1,0,26,0,18,0,5,2,4,8,5,0,0,0,44,112,246,108,0
46,5,10,8,0,0,10,0,0,10,14,11,0,0,0,0,16,2,0,16,0,16,16,0,0,19,8,0,249,3,36,6
43,0,20,0,0,0,10,44,43,0,68,9,7,14,13,5,18,0,0,0,17,0,45,61,0,0,0,127,156,47,5,0
49,0,46,0,84,0,0,10,0,42,21,0,13,15,48,8,50,0,7,0,0,0,0,0,0,0,212,191,66,2,9,9
5,0,15,0,28,34,0,15,0,37,25,6,1,0,39,25,0,8,0,0,0,0,0,24,0,23,194,234,11,12,41,0
0,0,24,0,8,0,14,32,0,0,9,0,0,17,3,12,0,12,15,0,0,0,13,2,0,48,58,0,13,17,0,18
0,18,0,25,35,0,0,0,27,20,33,25,0,0,0,1,2,10,0,6,11,0,0,8,0,3,11,20,0,1,0,8
27,19,0,16,0,0,0,28,26,0,10,186,197,36,4,1,112,0,0,22,17,2,4,0,25,22,28,0,5,12,34,0
0,16,232,165,36,4,14,12,16,0,39,212,195,197,119,79,208,114,71,126,174,176,148,80,0,5,0,12,0,0,28,0
50,245,196,111,79,0,0,0,40,3,28,188,190,196,198,19,146,169,89,105,242,98,88,33,16,6,0,0,29,0,0,0
0,4,218,191,213,0,0,0,0,10,58,12,89,43,22,0,26,1,6,10,13,0,73,36,34,0,25,0,0,43,12,85
48,0,0,245,150,0,0,10,0,16,0,16,54,115,9,27,15,23,36,0,0,0,100,85,8,16,25,25,22,0,11,22
0,32,4,0,0,12,0,2,0,0,11,0,80,69,133,31,43,0,0,0,168,244,36,10,67,0,0,23,0,1,0,0
0,0,24,0,0,0,0,22,2,0,30,14,85,194,161,0,30,22,0,116,242,192,239,246,39,0,0,8,0,0,0,16
0,0,23,30,11,19,0,7,21,7,0,215,108,227,102,162,25,56,0,216,216,136,243,48,0,0,14,5,0,43,0,10
8,30,0,0,5,63,12,0,9,16,148,130,197,75,49,118,105,58,71,187,215,163,190,163,132,7,10,0,10,0,0,0
0,12,0,49,0,0,0,0,0,206,132,192,197,198,224,120,134,103,190,123,197,196,188,110,0,0,20,0,0,1,0,0
0,16,0,0,0,0,9,3,0,5,239,197,14,32,193,207,106,112,147,240,188,192,90,176,0,12,0,26,3,16,19,12
33,14,0,0,12,11,0,13,0,39,223,33,118,207,55,136,185,231,120,192,196,194,187,82,7,31,0,0,0,13,0,26
0,0,0,0,49,38,0,0,0,0,0,174,202,187,134,183,25,66,193,196,197,189,3,34,0,0,1,61,0,3,0,0
0,38,45,16,28,0,4,24,0,0,0,121,207,195,53,122,60,242,233,188,183,174,18,16,0,19,0,40,0,0,6,60
78,26,0,3,0,23,0,12,7,7,0,0,3,255,11,222,97,199,0,24,13,0,0,20,17,6,20,13,0,0,0,1
0,23,5,23,29,0,0,36,0,49,0,0,0,0,16,144,223,13,0,3,0,0,20,0,0,23,3,2,11,1,0,1
0,0,0,0,5,0,0,0,42,1,1,0,9,7,8,67,197,0,0,20,0,0,0,6,6,1,26,0,8,8,0,55
58,5,0,0,0,32,16,0,1,0,14,0,0,5,3,128,159,0,10,33,0,10,0,36,42,0,29,0,63,0,31,26
0,0,0,9,40,0,28,0,19,35,0,0,0,7,0,128,244,9,19,16,0,0,141,167,236,26,0,0,0,0,0,49
86,0,0,33,0,0,149,27,0,0,0,15,5,24,0,0,0,0,0,0,0,0,217,189,101,0,22,0,0,0,0,0
2,40,8,0,0,0,159,190,2,0,0,0,0,29,0,22,23,0,12,0,9,0,179,82,11,1,9,19,7,7,0,10
0,36,3,6,38,0,235,174,39,0,19,23,0,7,8,27,0,5,0,13,0,10,0,0,0,5,43,17,0,9,0,4
0,0,8,0,0,16,6,18,88,25,37,24,6,50,0,0,0,0,0,0,34,26,0,12,0,0,0,0,0,4,0,32
24,0,23,25,0,4,0,1,8,0,0,0,0,0,0,0,7,0,5,0,0,10,0,8,31,24,33,0,14,3,0,25
0,8,1,0,6,0,0,0,226,9,10,0,0,9,10,0,0,0,39,26,0,19,1,4,0,0,16,4,54,147,192,37
105,28,42,0,17,26,0,0,10,28,0,0,0,0,0,21,0,7,0,15,0,11,11,0,2,42,2,16,70,225,95,26
0,27,0,40,0,0,0,0,0,0,9,0,0,34,32,12,8,23,0,0,7,0,10,0,41,0,28,28,42,35,34,0
0,0,0,27,52,13,0,54,14,78,0,7,0,31,20,0,31,25,0,38,13,0,11,9,0,0,17,102,121,2,0,0
0,0,24,0,0,9,2,54,21,5,23,0,26,0,0,0,45,5,14,0,47,12,18,0,0,0,156,194,67,0,0,14
0,20,9,0,0,89,50,0,0,0,2,10,0,29,9,0,0,0,0,33,0,0,0,0,7,6,198,239,0,17,0,0
14,0,14,0,0,84,0,0,0,25,0,29,0,0,2,5,3,7,0,0,0,20,0,31,0,42,15,0,0,40,5,0
48,0,0,0,0,0,5,0,24,0,7,1,3,0,4,0,14,0,0,0,5,39,10,0,0,9,0,19,0,24,0,21
50,0,0,8,0,12,0,0,20,29,19,193,193,80,17,0,152,13,22,0,0,0,0,22,9,16,14,0,0,7,8,0
68,226,240,183,52,0,16,0,24,14,0,186,195,189,144,43,25,163,60,156,144,165,172,68,2,0,0,17,0,0,0,27
16,235,187,112,58,0,35,4,44,2,43,207,196,195,175,87,112,170,56,58,199,89,102,14,0,20,0,0,0,16,0,0
0,4,224,196,7,47,14,0,47,0,24,0,34,61,3,0,0,0,0,5,8,0,47,215,22,33,57,0,0,0,7,0
0,17,0,220,164,0,0,10,5,19,16,13,47,118,26,33,0,20,0,2,16,213,84,97,0,19,0,0,24,0,0,50
0,20,0,0,63,0,1,0,0,13,20,14,80,42,130,0,44,16,0,0,113,222,211,38,57,0,0,0,0,2,5,0
39,0,0,15,12,0,11,29,6,0,6,58,65,157,176,26,39,6,0,74,45,203,252,182,22,32,47,0,23,0,0,18
0,2,0,0,0,0,0,0,0,0,18,157,114,223,127,204,65,9,4,191,208,110,189,4,0,0,0,0,0,0,0,0
0,21,0,22,0,4,0,0,0,11,216,180,190,40,254,162,40,42,49,164,216,12,195,125,14,4,0,0,0,0,17,0
0,11,34,56,24,12,0,17,0,164,140,196,198,188,214,109,137,122,197,148,198,189,192,149,16,0,8,6,0,0,0,29
0,23,15,16,8,43,14,0,8,31,4,187,37,38,16,23,83,98,200,253,193,186,119,199,29,33,21,0,0,0,0,0
0,0,11,18,1,0,0,0,47,8,10,23,165,221,59,122,170,231,127,197,185,191,195,64,0,0,5,18,19,19,0,28
46,0,10,0,8,33,0,17,0,3,0,158,220,193,133,191,226,246,228,195,197,186,49,25,0,0,0,0,7,0,9,0
57,0,0,58,18,72,14,0,18,0,11,91,220,195,78,179,156,234,188,163,156,196,17,5,0,9,0,0,13,0,7,36
58,0,16,33,24,0,0,24,0,0,92,27,41,203,69,191,86,162,0,2,0,10,0,0,0,0,0,9,38,0,10,0
0,0,0,21,0,0,22,0,12,0,64,7,3,26,7,168,206,0,1,0,43,0,9,0,38,3,0,0,11,0,0,30
0,0,0,11,0,25,0,19,31,0,40,10,11,0,0,70,219,15,0,0,18,4,0,10,0,17,2,8,0,0,0,58
0,0,0,0,14,0,0,27,0,0,30,26,3,14,4,159,188,0,20,0,0,0,0,7,5,32,0,0,3,0,20,2
6,0,0,0,0,15,0,20,0,0,0,0,42,0,13,125,251,6,0,0,16,0,161,160,195,0,7,0,0,0,4,0
50,0,0,0,0,34,118,0,18,0,20,0,0,0,0,2,18,0,14,0,0,13,188,227,96,0,14,29,18,0,7,6
0,0,27,55,0,0,144,221,0,0,1,0,43,0,14,2,5,0,0,0,0,50,137,88,0,8,0,22,16,0,0,28
16,0,0,33,0,0,194,167,82,0,0,24,20,0,4,0,0,10,19,0,0,20,12,17,10,0,10,16,0,24,0,0
0,0,0,17,0,0,22,17,35,0,7,0,0,23,0,5,10,0,0,0,2,0,0,27,0,1,3,5,0,1,13,0
29,21,0,23,3,52,37,5,24,47,28,0,0,23,0,0,0,10,48,43,0,0,42,11,23,22,0,6,0,0,0,0
26,0,20,23,1,0,0,32,248,0,12,62,9,0,29,0,3,0,32,44,31,0,4,0,29,0,36,24,74,139,187,41
0,38,10,1,18,95,0,23,0,14,0,8,0,6,0,0,0,5,0,2,0,0,0,7,42,24,12,9,89,218,82,8
0,8,0,0,26,44,0,0,19,12,0,43,0,0,0,25,0,0,0,4,19,1,0,30,19,6,0,0,241,21,36,28
10,0,0,5,0,43,0,19,0,19,0,32,0,26,5,55,0,10,4,0,0,0,5,2,12,0,0,128,127,15,0,0
0,17,0,59,0,0,30,22,0,0,81,49,13,0,0,17,6,0,5,11,31,0,50,0,18,42,185,190,81,0,26,0
0,7,7,8,16,0,7,5,1,4,10,0,0,2,0,0,0,15,0,13,6,0,20,0,6,4,197,190,35,0,0,35
0,13,36,0,26,0,63,48,0,28,17,14,0,8,2,0,6,0,0,0,27,0,0,0,0,63,123,21,4,0,0,16
56,0,0,0,0,38,0,0,0,21,0,0,0,3,6,0,2,0,26,0,2,0,27,0,21,13,34,0,2,16,0,3
75,0,21,18,90,74,17,0,0,85,5,187,195,117,17,0,152,27,0,6,0,28,0,0,0,0,18,68,24,6,0,21
0,19,0,172,16,0,8,40,0,18,0,245,187,193,93,58,11,188,72,116,185,183,178,93,16,23,0,0,0,0,0,73
0,206,192,66,104,0,9,9,0,17,94,253,188,193,166,76,81,133,50,93,232,69,111,17,0,0,32,11,6,17,26,21
0,0,226,195,206,26,0,11,3,42,59,0,32,62,0,54,0,0,0,27,0,25,74,237,13,0,0,48,34,3,0,90
73,37,44,196,144,137,15,0,0,21,0,23,43,68,0,34,0,0,29,0,0,13,127,112,0,0,0,0,6,0,20,49
0,4,0,0,6,0,0,3,0,0,0,28,91,33,138,0,54,0,4,4,94,31,231,49,12,0,0,11,0,0,0,0
0,0,29,19,15,0,0,0,0,0,0,0,99,213,140,0,34,0,48,86,97,226,46,192,0,15,0,0,0,1,6,0
113,9,0,20,6,0,23,8,14,0,0,199,144,236,127,168,83,41,0,168,205,102,217,41,22,8,60,26,26,0,6,0
54,0,44,0,77,0,51,0,19,34,190,151,191,85,101,117,24,56,80,156,218,232,195,133,0,0,0,0,0,0,14,63
0,11,36,47,9,9,0,30,0,165,154,190,193,198,231,60,113,147,143,97,194,198,193,163,18,0,0,12,0,0,0,0
0,0,0,0,0,34,10,11,0,28,251,190,7,55,28,10,118,115,205,249,195,118,63,182,7,0,23,0,0,10,0,80
26,0,0,0,27,0,0,0,13,0,224,60,164,230,77,116,225,220,138,194,196,190,188,30,26,0,0,0,0,0,0,10
36,39,20,0,13,37,0,0,0,37,3,170,198,195,148,193,253,9,225,195,197,188,55,24,0,0,10,28,0,0,48,0
29,8,43,21,36,11,0,9,0,0,0,62,207,191,81,147,171,12,232,117,184,177,45,12,0,19,0,21,8,9,0,34
48,0,3,0,0,7,0,0,33,2,0,0,0,185,52,245,145,154,0,0,0,0,0,0,0,22,0,0,0,0,7,8
0,0,0,0,30,59,25,0,20,11,0,28,21,15,0,178,195,0,4,14,35,0,0,47,0,64,0,16,0,37,0,2
0,0,25,7,0,0,0,0,0,0,22,0,7,0,0,119,210,0,29,5,0,6,0,13,11,10,30,7,0,13,0,0
12,0,19,14,0,0,0,0,0,18,0,1,0,7,0,161,198,0,0,0,0,20,11,39,49,0,29,13,0,0,0,19
68,11,3,0,7,39,10,0,0,1,0,12,0,3,4,122,226,23,22,7,0,14,121,152,165,0,0,38,0,55,8,0
0,0,26,0,5,0,125,58,0,13,0,56,0,3,13,0,0,6,1,0,13,0,180,11,87,0,1,0,10,12,0,0
37,0,33,2,8,0,241,155,0,0,40,0,0,12,0,0,7,0,20,0,0,0,157,31,0,30,38,33,0,0,0,0
63,16,0,11,21,0,6,156,105,20,0,0,22,17,43,0,25,9,0,19,7,5,1,0,23,0,15,0,6,0,13,0
10,7,0,0,41,10,17,60,70,0,75,22,36,0,14,3,0,0,22,0,3,0,8,0,6,21,49,9,6,0,0,65
14,0,11,0,0,0,28,0,45,34,0,0,27,28,1,0,5,0,0,20,0,0,22,17,49,0,24,0,0,5,0,0
0,0,0,8,0,20,13,0,33,0,0,17,0,14,1,16,0,30,7,20,0,27,21,22,0,32,22,0,73,139,197,69
0,1,3,1,0,0,0,11,10,0,15,8,2,2,3,0,3,15,0,13,1,7,21,0,0,0,32,0,92,209,32,19
0,13,6,45,0,4,0,32,11,0,0,0,0,32,0,0,15,0,0,34,0,4,7,18,0,0,0,0,222,62,7,26
37,0,19,4,36,0,14,9,0,14,0,2,0,8,0,38,4,0,9,28,23,41,16,0,19,4,21,90,104,0,0,37
0,0,22,44,12,0,12,0,32,2,38,34,0,0,0,0,19,38,2,14,33,4,0,12,0,0,101,197,88,0,4,49
0,14,0,0,0,0,0,9,8,32,0,30,14,0,0,0,0,12,0,3,0,0,0,21,0,0,191,151,0,0,20,0
0,0,0,5,9,0,0,0,0,0,6,48,20,19,12,13,17,0,0,0,0,34,19,0,25,51,226,2,25,10,0,10
0,27,0,0,0,21,8,0,27,4,12,0,0,23,0,0,0,0,14,10,19,0,9,0,14,0,16,0,17,0,9,4
0,0,21,0,10,0,51,0,21,0,15,80,186,110,0,0,193,25,0,16,1,0,0,14,10,0,0,13,7,0,0,0
8,146,21,191,35,0,14,0,0,0,45,40,197,187,134,92,71,253,67,157,225,188,139,62,0,0,0,0,0,0,0,54
2,137,196,30,93,0,14,0,36,0,99,235,189,195,172,57,145,146,39,58,105,100,55,52,22,0,0,0,0,33,0,0
0,10,44,197,174,0,0,0,0,1,26,10,110,115,0,0,0,0,0,0,24,6,66,171,0,0,0,13,7,0,2,0
0,0,0,163,191,0,0,0,0,29,25,16,64,118,11,16,21,21,0,0,2,7,135,115,16,4,5,6,13,15,8,0
74,0,0,20,0,23,0,0,29,0,31,22,36,14,91,0,35,0,0,10,163,177,35,37,51,4,0,0,0,0,0,0
82,2,0,14,43,0,52,4,0,0,39,0,0,188,126,25,0,0,3,88,246,46,138,231,31,22,0,12,0,0,0,0
62,14,52,0,58,9,36,7,0,34,16,38,155,205,113,135,52,80,0,184,231,80,245,111,0,0,19,0,10,0,44,0
83,0,14,0,46,9,0,0,2,43,120,93,190,34,13,144,38,0,115,108,44,124,197,167,0,0,5,0,30,0,0,6
0,0,6,32,0,0,0,0,7,197,94,196,197,188,57,52,46,106,22,248,123,190,40,46,28,25,0,0,5,0,0,0
0,15,48,0,0,14,0,0,0,21,139,194,254,104,181,200,60,249,160,171,189,111,193,12,0,10,26,43,22,0,31,0
0,0,0,12,0,0,0,7,0,11,152,14,30,104,1,49,115,83,128,224,191,196,103,21,10,0,0,0,4,7,0,0
64,0,7,0,25,13,0,4,0,39,43,114,138,135,252,120,39,153,41,134,0,210,49,0,0,0,15,0,7,0,19,19
45,14,22,25,0,0,0,0,14,0,40,70,120,186,214,73,253,211,148,32,5,32,10,0,0,5,0,0,0,27,12,0
0,9,0,0,0,34,12,1,0,0,0,0,0,85,17,0,165,57,0,28,0,33,18,0,21,0,17,66,49,2,9,67
21,6,0,0,0,8,0,20,1,0,0,3,0,0,13,200,147,1,0,34,10,15,10,0,0,28,0,24,0,0,0,36
0,10,0,34,0,2,59,36,1,0,63,15,9,0,12,36,119,0,0,19,0,1,0,4,0,0,5,33,0,4,1,24
0,0,17,0,3,42,19,0,8,0,0,0,0,23,0,38,35,2,0,0,0,0,34,115,0,0,0,0,0,0,1,0
0,0,0,0,0,7,0,0,26,0,57,2,0,0,5,108,174,7,0,4,0,0,34,7,38,0,9,0,4,16,0,0
0,18,2,0,19,26,55,13,14,1,0,0,0,0,0,33,0,0,0,0,16,16,49,63,43,20,27,3,21,33,0,0
66,0,0,28,27,0,99,24,43,2,28,0,0,16,0,39,12,0,0,2,2,7,39,246,0,49,0,0,0,0,0,54
0,0,0,0,53,39,158,141,175,0,28,0,0,37,0,20,0,0,0,0,2,0,0,11,11,0,17,0,38,0,29,60
0,4,0,2,0,26,0,231,100,4,0,0,6,20,46,0,0,8,7,2,4,0,13,0,0,0,23,0,0,0,21,4
0,13,6,25,0,0,0,0,41,27,0,0,0,0,20,4,0,0,0,0,29,0,15,0,0,0,0,3,0,2,0,0
0,12,14,0,55,0,0,0,177,6,0,43,0,15,0,0,11,20,0,0,9,4,0,0,7,0,45,46,19,0,24,0
16,1,2,0,0,4,0,42,8,0,0,0,0,1,0,23,0,0,0,6,10,0,9,0,17,18,48,0,9,0,9,0
62,3,0,7,7,3,0,0,13,0,0,1,0,9,0,0,13,1,22,22,0,11,0,5,0,0,0,50,0,0,0,34
28,0,0,11,30,0,0,0,9,30,26,3,0,4,13,0,13,15,30,4,8,0,1,0,0,0,10,0,43,16,10,0
19,0,8,0,12,28,45,0,0,0,4,12,0,0,12,0,0,58,32,12,20,0,0,7,0,0,0,114,0,0,6,0
0,0,0,36,0,48,28,22,0,38,0,0,0,10,20,0,0,0,0,8,0,5,0,0,0,18,219,44,0,0,22,10
25,28,0,6,12,0,39,5,0,0,26,45,0,17,32,6,0,12,0,0,34,15,0,36,0,4,82,17,0,0,2,0
53,0,0,44,0,22,0,0,19,30,4,0,0,3,19,0,0,0,24,0,2,0,9,0,0,0,2,0,10,0,33,0
1,0,0,0,19,0,4,0,32,0,0,179,244,200,37,8,40,0,16,0,0,0,0,14,0,0,0,6,0,34,29,18
0,219,101,84,5,0,67,53,81,14,72,49,195,189,167,107,27,187,40,0,101,34,38,0,26,4,0,0,0,31,0,11
76,135,195,176,57,38,23,0,16,0,8,5,151,190,239,77,24,80,0,21,171,0,144,20,0,0,0,10,0,0,4,4
0,78,73,187,100,0,0,0,0,0,0,0,39,94,56,0,35,0,0,36,168,101,0,13,0,0,0,0,21,1,0,2
0,0,0,250,0,0,1,33,0,0,4,33,0,99,31,0,0,0,0,44,0,13,22,0,14,41,0,19,0,0,0,44
8,13,0,0,22,6,0,0,0,19,0,8,20,63,80,0,23,0,14,17,0,0,0,0,6,0,0,4,26,0,10,0
11,0,32,0,25,11,25,0,15,0,0,3,38,0,3,0,5,0,0,0,0,0,0,7,0,5,39,10,19,34,0,0
24,2,0,35,29,61,31,6,0,0,9,0,126,45,69,8,0,0,0,7,0,11,0,0,0,0,28,0,0,0,13,0
56,0,10,51,0,0,0,24,34,7,71,187,189,25,14,0,0,0,0,49,2,23,1,0,40,9,0,0,0,0,0,19
77,1,0,26,0,0,13,0,0,175,120,173,241,139,26,0,0,30,0,0,0,4,0,0,31,0,79,0,34,0,15,3
12,5,19,11,70,25,41,0,23,21,248,187,149,157,170,0,20,7,0,13,0,0,0,26,2,23,37,9,0,1,0,14
0,24,30,0,0,0,0,7,18,0,92,222,221,231,44,0,0,0,0,0,0,0,0,13,4,22,0,0,5,0,16,0
32,18,0,18,60,0,2,0,0,22,0,218,164,119,197,2,0,0,12,0,0,0,17,0,0,3,0,21,2,0,16,0
0,0,0,26,0,14,0,25,0,0,52,56,79,192,76,2,0,33,0,0,0,23,0,15,16,0,11,0,0,10,4,36
24,0,0,0,0,0,0,3,0,25,0,0,0,15,0,53,72,44,0,36,13,0,14,0,11,0,0,0,0,0,2,60
0,2,7,6,0,0,0,0,6,7,0,3,0,0,0,0,0,0,0,0,0,0,0,0,0,0,0,0,0,0,5,0
1,11,0,0,0,0,2,0,1,0,0,0,9,8,0,11,4,0,0,0,0,5,0,10,0,0,0,10,0,1,8,13
0,0,5,9,0,0,3,12,0,2,0,6,0,0,0,0,0,0,0,2,0,5,0,12,0,0,8,0,0,0,0,0
0,0,8,0,0,6,0,20,2,0,13,7,6,0,3,12,14,12,13,0,7,7,6,3,10,4,11,0,9,0,4,23
0,1,2,0,11,0,0,0,0,0,1,1,0,0,0,2,2,7,0,0,8,0,0,0,0,0,17,0,0,6,19,16
0,1,4,13,5,0,8,1,7,1,0,0,4,8,18,5,0,0,0,0,0,0,8,0,4,10,0,0,3,0,19,0
9,0,6,0,0,16,0,5,7,5,0,0,0,0,0,0,0,0,5,8,0,0,4,4,9,0,0,4,1,4,0,0
0,0,0,24,0,0,7,0,3,5,13,0,0,0,8,9,4,2,0,0,0,9,0,1,0,1,0,0,3,13,0,0
0,0,0,0,0,0,0,0,5,0,0,0,2,0,3,7,15,0,10,2,6,5,15,0,8,2,0,0,1,6,2,0
3,0,0,0,0,0,4,4,0,0,0,3,0,2,0,0,0,0,0,0,0,0,0,0,5,0,0,0,0,0,0,27
0,2,10,20,2,3,6,0,3,0,11,0,0,2,11,0,2,8,0,0,0,0,0,0,0,0,0,3,2,0,0,11
7,0,8,0,0,0,5,0,0,4,0,0,2,0,0,4,18,7,0,0,4,0,0,7,0,7,3,0,3,3,4,0
0,0,7,0,24,0,0,4,3,0,0,16,0,7,0,5,4,0,11,11,0,2,0,0,0,0,4,1,5,0,0,0
0,2,0,3,0,0,0,6,5,4,0,0,0,4,0,16,0,0,0,7,0,0,4,3,1,0,9,8,7,0,0,0
6,0,0,10,0,4,5,15,2,0,4,0,0,8,3,0,12,1,0,0,2,0,0,2,1,0,8,0,0,8,1,0
0,0,0,4,0,3,0,0,9,4,0,6,0,0,0,6,0,0,10,6,8,0,17,0,0,10,3,0,0,0,7,0
26,2,4,0,0,0,0,0,0,8,0,0,0,9,5,2,0,0,1,0,1,4,0,8,4,0,5,0,2,3,0,0
0,0,0,3,0,0,7,6,0,7,4,0,4,0,3,0,10,0,0,10,0,0,4,3,5,6,7,13,0,14,0,24
30,0,4,0,0,6,0,0,0,0,7,7,2,0,0,11,13,3,0,5,0,1,9,0,0,8,0,5,13,0,0,27
0,0,8,0,24,0,0,0,0,0,0,17,8,8,3,14,0,0,0,0,0,14,0,0,0,0,5,14,0,8,22,5
0,5,0,4,0,0,0,11,6,7,2,7,1,0,0,9,6,0,0,8,0,4,0,19,4,0,0,0,0,2,0,5
0,0,3,4,3,7,4,4,1,0,0,0,2,0,7,0,0,8,0,5,0,42,0,7,0,0,0,0,3,0,0,12
0,6,0,0,12,16,0,0,0,6,3,0,0,0,6,0,0,0,3,0,8,2,3,6,0,4,4,8,3,14,0,3
0,0,0,6,4,0,0,0,9,3,0,0,0,0,2,0,0,0,12,1,5,0,5,4,6,0,3,0,0,7,1,0
0,0,0,0,0,9,0,0,0,1,0,0,0,4,0,0,1,4,0,1,0,0,0,0,7,0,4,0,0,0,0,0
1,0,17,0,0,0,0,0,0,5,0,1,0,0,0,0,9,0,3,0,0,0,8,9,2,0,0,8,0,13,8,0
6,1,5,4,11,0,0,0,11,0,0,5,0,0,0,10,0,2,0,0,2,0,0,2,0,1,0,0,3,0,0,13
0,3,4,0,3,0,0,0,0,0,0,8,5,0,5,5,6,5,0,0,2,1,6,0,3,0,17,0,0,0,0,7
0,13,0,9,0,0,0,0,12,0,3,10,0,0,2,9,0,2,16,2,0,0,1,0,1,5,7,0,0,0,0,18
5,0,4,0,2,3,0,12,8,12,10,8,3,0,0,0,0,0,7,0,0,0,7,0,0,4,0,4,0,0,0,0
4,13,5,0,0,0,0,7,2,0,4,8,0,0,2,0,0,7,1,2,4,0,0,7,0,0,0,10,0,12,0,8
0,3,0,0,0,0,14,0,0,0,0,0,0,0,0,0,0,23,0,5,6,0,9,0,0,8,0,0,7,0,0,7
0,0,14,0,4,5,5,0,0,0,0,0,5,0,0,7,13,0,2,0,0,1,6,0,0,7,0,0,5,14,18,0
0,0,3,0,14,8,3,4,0,0,0,0,0,1,0,0,0,7,0,1,0,8,1,0,0,4,4,11,0,6,0,0
0,8,3,3,1,0,0,0,12,0,7,0,0,0,4,0,0,0,0,0,0,6,0,2,3,0,5,0,16,0,0,2
10,7,0,0,3,16,0,0,9,9,0,0,2,0,0,0,0,0,1,1,10,5,0,2,0,2,6,0,4,4,0,2
0,3,0,0,0,4,3,0,0,9,7,3,0,5,1,0,0,0,0,9,0,0,0,2,0,6,8,0,7,0,15,5
0,0,0,0,0,0,0,3,0,3,6,0,1,5,1,0,5,10,0,9,9,6,1,3,0,0,0,0,1,7,3,0
10,5,1,10,14,0,8,1,7,0,0,0,0,0,5,8,6,7,0,0,0,4,5,7,0,0,0,0,3,9,5,0
7,0,0,1,0,5,0,0,0,0,1,1,7,0,15,0,1,0,3,1,0,0,0,2,0,3,10,0,11,3,1,9
2,9,0,5,0,0,0,0,0,2,0,6,5,4,6,3,0,0,9,3,9,0,1,4,2,0,0,0,1,0,4,3
0,12,2,0,20,0,0,3,0,0,0,3,0,4,4,2,6,0,0,0,5,3,3,0,0,5,0,0,0,0,7,0
4,0,4,5,0,0,0,0,0,0,1,0,0,0,17,1,1,0,0,3,5,1,13,0,3,7,3,4,6,12,14,0
8,1,0,0,0,0,0,0,0,0,3,0,0,6,0,8,0,0,0,3,1,1,4,5,2,0,6,0,0,3,0,0
1,0,2,9,0,4,9,13,0,0,0,0,8,0,3,11,3,3,1,1,5,7,10,0,1,5,2,0,0,0,0,6
0,3,5,0,7,5,5,0,0,0,1,0,10,12,7,7,0,0,2,12,0,2,12,0,0,0,6,0,2,0,0,35
0,0,9,0,0,0,1,0,0,0,0,4,3,3,1,0,14,11,0,0,0,6,1,0,2,7,12,17,0,0,1,0
3,0,3,23,0,0,0,0,0,1,2,2,0,0,0,2,1,8,0,11,0,1,16,0,0,0,20,22,0,14,0,0
0,0,0,1,0,5,0,2,0,0,0,1,1,0,0,0,3,0,0,5,3,0,11,0,0,0,26,0,2,2,0,4
0,6,0,9,0,0,0,11,6,0,0,0,0,0,8,6,0,0,0,5,0,4,0,4,0,0,8,4,0,0,16,0
15,5,0,0,4,0,0,0,7,1,3,2,8,9,0,1,3,0,0,0,0,0,12,0,1,0,0,3,0,4,27,0
0,0,2,8,2,0,0,0,0,3,0,9,6,0,0,9,4,0,0,2,0,3,0,0,2,0,0,16,0,3,0,0
27,3,0,0,3,5,0,0,8,0,14,0,0,0,0,6,4,5,0,0,2,0,0,15,5,0,0,1,13,0,0,0
0,0,0,0,11,0,0,10,0,0,0,0,1,4,0,0,0,3,2,0,6,25,0,0,2,2,4,0,0,3,6,6
0,10,0,0,0,2,0,0,1,0,9,26,0,0,0,6,6,4,0,0,0,5,9,11,0,6,0,18,17,0,21,3
0,0,0,0,0,0,12,22,7,2,17,14,0,0,0,6,4,0,0,0,7,0,1,14,0,11,0,0,0,0,0,2
0,3,10,0,4,0,0,0,12,0,0,0,7,0,0,0,2,0,0,2,0,0,0,5,0,3,0,0,6,0,0,1
0,0,4,7,0,0,0,5,0,0,5,6,8,0,0,11,3,0,0,4,6,2,3,0,0,7,9,10,5,11,2,1
0,0,1,5,16,0,3,0,0,0,3,7,1,8,0,0,0,0,10,8,0,22,0,0,0,0,9,0,0,0,0,9
3,16,0,0,1,0,0,0,0,7,0,0,0,8,0,0,0,1,0,9,8,0,1,3,0,0,0,9,14,10,2,0
0,3,0,1,3,0,0,16,0,0,0,7,0,0,0,12,0,0,1,0,1,0,10,2,0,1,8,5,4,0,0,0
11,0,0,0,0,5,10,4,2,5,0,0,0,9,0,0,1,6,0,8,0,0,0,0,4,0,2,6,0,4,0,7
0,0,0,19,0,11,3,11,0,0,0,11,13,0,0,16,4,7,13,0,1,0,0,0,1,11,0,4,0,0,0,0
0,7,0,4,0,8,3,0,0,0,0,7,0,14,0,2,4,6,9,0,0,0,19,6,0,12,4,4,0,0,2,0
0,0,12,39,12,24,0,28,0,0,0,0,0,6,0,0,2,0,38,46,30,20,0,2,0,7,0,17,7,0,2,0
0,77,3,0,0,32,0,16,0,17,0,0,0,24,8,0,46,21,8,10,37,183,0,0,0,2,0,0,3,0,41,0
23,11,0,9,0,0,0,59,0,0,0,40,0,10,6,2,0,0,20,16,72,42,0,0,0,0,0,39,38,0,23,17
0,0,0,0,0,4,0,40,0,0,18,0,11,0,13,0,7,0,10,4,22,148,2,17,0,3,0,20,5,0,0,13
25,44,0,8,27,0,7,4,0,4,0,29,0,0,0,0,0,0,0,0,158,9,0,2,12,14,16,27,0,0,23,0
5,0,12,0,0,20,0,30,21,0,185,0,25,70,0,0,0,37,9,63,31,1,10,53,4,2,20,14,0,7,0,31
25,10,34,55,0,0,0,12,20,0,140,0,0,0,0,40,0,0,0,0,4,4,42,24,14,27,0,0,0,0,0,19
0,5,34,0,20,18,0,30,1,11,9,36,0,25,15,1,0,4,0,0,0,7,9,5,8,4,0,37,8,9,11,58
0,0,0,0,43,0,7,0,0,1,0,29,49,0,0,9,16,0,0,11,17,8,0,3,14,0,34,0,16,25,5,8
0,0,40,3,0,0,22,25,0,0,8,0,29,0,10,14,2,0,8,16,0,15,29,0,1,33,1,0,0,3,0,52
0,0,17,48,0,0,0,48,37,9,0,0,51,23,0,0,0,0,32,34,8,0,0,29,0,17,0,12,0,20,15,0
0,0,28,58,0,17,0,31,0,5,0,14,0,0,0,35,13,0,5,9,28,15,0,38,48,11,0,30,2,1,0,48
2,16,0,0,9,0,43,43,0,11,0,26,0,2,0,8,3,15,18,0,0,0,86,242,0,0,37,8,6,36,4,26
0,4,0,0,24,12,0,0,0,0,0,0,0,37,41,0,0,7,0,2,18,71,219,1,0,0,0,2,0,0,5,0
29,0,0,11,40,6,0,35,0,0,0,0,35,0,0,30,18,0,0,0,8,22,0,0,0,0,0,0,0,6,4,70
0,0,27,0,30,7,12,15,23,0,109,0,0,13,0,0,11,14,1,35,0,0,0,0,0,0,0,20,107,113,180,12
78,12,0,9,8,4,15,0,50,0,95,0,0,0,0,9,3,7,74,0,14,25,28,0,19,0,0,49,187,217,32,0
0,0,15,0,0,0,34,4,48,24,0,25,18,2,0,0,0,15,0,18,0,10,0,37,16,236,4,198,0,0,22,0
0,0,0,54,0,0,0,0,0,0,0,49,33,44,0,0,15,0,7,0,0,18,9,0,129,111,0,4,32,0,0,22
23,0,0,14,0,20,22,16,51,0,42,0,9,20,0,69,0,63,0,1,0,0,0,16,2,0,0,0,0,0,0,0
0,0,43,0,0,9,7,0,0,0,0,29,4,0,0,6,0,7,62,0,0,0,42,3,0,0,61,0,8,0,0,0
0,0,20,224,85,222,85,91,10,1,0,0,11,0,0,0,12,0,0,5,0,20,0,0,4,2,1,0,41,12,2,63
0,1,0,189,38,217,154,44,202,0,26,22,0,0,0,7,0,33,0,28,12,0,31,0,29,20,0,0,0,0,0,0
25,0,20,4,234,189,139,40,170,34,12,0,0,8,0,19,32,0,0,6,0,0,0,0,0,0,25,0,16,0,3,15
19,6,85,11,95,187,195,45,35,21,3,0,0,0,0,59,28,99,76,23,0,29,11,0,5,0,38,0,0,0,18,15
35,0,84,48,9,198,159,17,61,0,49,0,0,0,95,61,13,119,0,3,0,11,3,26,18,0,0,22,0,0,0,15
16,0,0,0,0,94,55,196,31,27,46,0,22,32,9,81,189,137,81,10,0,0,5,0,0,0,0,13,0,56,0,4
0,43,0,0,0,46,172,138,229,16,0,0,58,107,255,98,123,0,37,32,79,15,77,10,0,0,0,18,27,0,24,14
29,0,0,0,5,0,5,67,78,0,0,0,202,3,155,121,5,0,0,0,0,5,1,0,25,4,48,0,48,12,0,0
0,9,20,12,37,13,19,0,25,0,11,10,11,46,232,63,0,0,30,0,20,3,17,0,27,0,6,0,1,28,0,36
0,0,0,18,0,5,18,0,0,0,43,0,29,0,0,18,4,0,19,19,16,0,0,0,13,0,0,0,0,9,23,9
2,16,38,0,26,48,39,0,0,5,0,0,0,18,21,0,19,0,60,5,18,13,40,0,25,14,0,4,0,11,13,20
0,0,11,30,21,0,0,0,22,5,12,4,19,16,13,0,13,14,0,0,0,0,9,4,0,0,7,2,19,0,10,51
7,0,30,32,30,0,15,10,0,0,0,85,20,4,0,0,0,0,11,39,85,73,19,14,26,17,0,0,0,0,0,47
0,0,42,0,4,0,14,0,0,0,15,83,8,0,0,0,0,6,0,0,152,248,18,25,0,0,4,0,14,0,8,0
10,9,0,4,30,0,0,0,32,0,15,189,3,0,0,0,18,0,0,0,230,153,0,5,7,16,0,4,0,7,0,22
0,10,0,24,0,14,0,0,0,0,30,70,0,0,0,18,0,0,0,0,129,19,50,0,17,25,24,0,3,9,0,70
0,57,0,0,5,0,0,0,0,0,9,139,0,48,0,0,30,22,12,108,61,0,0,19,12,0,31,21,30,0,5,31
0,29,51,0,0,30,0,12,23,0,0,28,0,11,0,11,0,0,0,0,0,44,1,0,0,0,13,10,0,1,8,1
0,1,0,16,0,0,0,0,42,5,17,8,17,0,7,22,0,0,61,13,0,0,0,17,0,23,118,222,0,11,5,0
23,0,37,32,0,9,0,0,0,1,6,26,7,33,0,4,1,0,5,14,7,0,50,24,9,60,68,29,0,0,0,0
0,24,0,0,17,32,22,0,0,11,25,21,16,0,6,20,9,42,0,12,12,13,7,13,36,54,0,11,27,0,0,7
0,0,0,28,6,0,0,19,23,0,13,0,12,0,0,0,0,0,0,12,0,0,2,42,35,80,0,0,0,0,0,0
0,20,0,22,0,0,11,0,0,1,1,4,0,43,0,0,19,0,0,4,26,5,0,209,33,0,1,0,0,23,0,0
248,3,37,29,0,0,23,3,0,0,14,18,32,22,6,0,1,10,7,1,7,8,102,92,19,0,0,0,39,28,11,0
73,110,0,37,22,0,26,38,0,0,57,6,45,44,0,0,0,0,4,19,50,76,1,0,4,0,9,1,0,7,0,0
204,196,0,0,0,13,12,0,11,18,63,0,0,0,6,11,0,0,17,3,9,9,23,0,0,16,0,4,0,0,43,11
0,105,0,0,17,0,0,38,25,89,193,160,4,2,7,0,0,0,6,0,0,0,0,0,0,35,13,0,84,38,77,13
40,27,23,0,0,13,0,0,16,252,193,46,0,0,0,9,16,0,0,6,18,0,0,9,26,13,20,74,35,108,62,13
5,0,28,0,8,47,10,0,0,61,60,73,0,46,49,28,32,17,22,0,10,24,0,16,0,194,157,144,88,9,6,0
41,0,0,12,22,0,30,15,0,28,129,0,52,12,16,16,0,0,0,0,6,8,31,0,188,135,59,31,11,0,0,0
20,0,0,18,16,9,22,4,3,253,13,0,0,9,0,0,9,8,33,0,0,0,0,1,52,22,9,0,29,0,28,51
7,0,5,0,0,3,8,98,0,159,1,0,5,12,2,0,0,32,24,0,17,34,8,4,0,15,15,0,0,0,22,16
0,26,0,187,97,64,170,34,225,119,31,0,25,0,0,2,0,23,38,70,0,17,12,1,0,0,32,0,17,0,0,2
4,29,0,177,86,85,39,166,26,118,0,0,7,19,24,0,70,144,14,182,3,4,0,19,0,0,0,0,0,4,0,8
14,0,17,0,101,30,12,107,164,192,0,0,0,0,179,0,56,57,185,99,1,0,21,0,0,21,0,1,0,0,0,40
17,0,32,0,123,57,17,112,161,63,8,11,7,41,120,237,212,182,113,48,0,0,0,0,11,2,1,1,25,0,0,10
55,0,6,0,46,214,21,158,179,122,4,7,1,85,105,8,120,160,254,2,0,33,0,0,0,0,22,0,0,0,0,56
3,0,31,58,40,136,57,191,161,174,51,2,11,100,5,227,238,185,0,0,0,6,78,0,31,0,73,17,46,6,0,0
10,9,5,27,5,79,99,197,148,83,114,207,25,199,137,187,48,126,0,18,0,0,0,0,22,0,0,5,0,0,0,0
44,4,25,0,0,0,181,89,250,52,180,219,94,136,111,195,55,7,0,19,6,11,0,0,0,5,0,0,10,0,0,0
0,0,0,0,9,0,0,0,11,0,24,31,171,255,20,22,19,0,13,12,0,19,0,0,11,0,28,18,8,12,0,57
0,7,42,0,32,0,5,8,0,0,0,0,50,180,40,8,16,11,32,0,0,30,0,0,0,0,22,24,0,6,44,0
5,0,0,0,0,0,0,25,5,4,0,0,0,11,0,0,0,16,6,0,0,13,18,13,8,0,0,32,1,1,0,0
10,45,0,0,9,29,0,0,45,0,32,2,0,11,16,5,0,0,7,0,0,7,8,11,0,3,30,48,22,0,5,33
30,6,58,0,0,0,10,45,0,0,0,65,0,10,18,0,10,23,0,10,87,127,0,0,0,0,7,0,0,18,33,0
10,19,0,22,12,3,52,1,29,14,60,230,0,12,0,3,0,0,0,0,18,80,0,12,9,0,8,0,7,7,0,0
0,17,33,1,20,0,0,0,5,0,85,21,0,10,13,4,0,0,0,44,25,240,44,0,0,0,19,0,13,23,11,0
9,0,3,40,28,0,26,0,6,0,22,49,17,7,28,0,0,0,6,3,174,0,11,28,7,0,0,23,2,7,4,0
8,0,7,17,6,0,16,40,18,0,173,162,0,0,0,0,5,36,30,52,45,0,37,0,21,0,29,12,14,7,0,0
14,0,0,43,32,13,0,15,10,4,252,15,0,2,0,0,0,0,0,0,0,0,7,0,0,0,8,36,5,0,3,23
4,2,44,1,35,0,6,0,27,8,48,0,14,10,4,0,0,5,0,0,1,16,2,0,8,0,102,190,16,19,7,0
61,0,23,9,0,0,26,0,0,7,1,0,3,0,0,5,24,0,0,0,6,0,0,0,0,97,105,24,7,2,25,17
0,2,49,11,15,30,51,1,49,0,8,3,0,0,0,5,0,17,1,0,0,34,0,10,24,144,3,0,0,24,0,6
0,0,19,50,10,0,0,30,11,0,3,3,12,0,0,3,0,0,22,13,16,12,36,7,77,90,0,13,11,0,0,0
0,4,28,9,23,0,31,5,14,0,1,3,0,0,3,0,21,0,0,0,0,30,17,72,116,24,18,0,2,0,0,0
67,0,0,0,8,0,0,16,6,0,25,0,0,0,0,0,0,11,10,1,0,4,29,45,0,0,1,2,0,14,0,38
63,10,0,3,10,0,14,0,40,0,40,0,0,0,0,23,0,0,0,0,5,13,28,0,0,3,0,70,0,0,2,0
168,235,27,15,26,0,14,0,0,145,78,0,13,0,0,11,0,8,0,0,0,2,0,0,0,4,0,0,0,16,1,0
43,191,0,0,0,0,10,31,7,173,190,51,10,48,52,24,32,0,32,20,17,20,12,5,30,52,60,0,178,179,253,80
31,37,0,32,0,0,0,46,48,151,193,228,55,51,8,35,7,13,0,13,31,17,19,0,40,12,41,117,63,34,95,30
30,0,0,56,1,0,3,31,0,112,103,200,249,112,247,56,0,0,0,0,0,36,35,0,15,244,253,125,49,0,0,65
0,0,0,41,25,0,64,9,20,130,155,0,6,60,7,0,0,0,18,12,0,0,13,1,194,198,0,0,0,8,0,0
0,15,44,31,4,0,0,0,18,39,80,23,0,16,8,0,3,0,0,0,0,9,33,76,154,1,11,12,0,0,0,26
5,19,0,6,0,0,8,143,79,169,80,16,10,0,20,1,0,0,0,0,10,0,0,5,0,10,19,7,0,25,0,0
4,9,26,192,177,250,96,112,61,159,125,0,21,13,0,0,0,44,0,179,137,11,0,19,0,23,22,0,8,0,0,0
0,0,0,211,65,153,146,161,247,77,88,0,41,0,23,41,165,122,172,253,55,0,14,13,3,2,5,0,0,25,0,2
11,0,0,37,122,186,188,240,221,123,11,0,23,0,212,45,104,160,235,155,0,11,0,11,0,0,0,0,27,5,0,71
31,13,0,10,103,129,20,85,51,191,0,0,0,61,153,74,230,199,116,144,4,0,0,32,0,0,0,0,0,0,10,0
0,19,14,0,101,186,29,209,37,127,75,0,33,147,4,19,128,161,74,2,0,0,18,25,0,0,0,0,0,5,28,10
22,10,19,5,20,39,143,190,96,41,211,29,64,174,36,130,187,238,28,39,0,0,0,0,4,0,32,0,23,5,35,39
0,0,0,16,22,168,197,187,147,214,95,190,0,233,232,53,79,126,2,12,8,0,0,0,0,0,6,13,4,1,0,0
0,0,13,0,12,0,195,34,222,237,105,152,110,21,247,192,34,0,0,1,0,0,0,13,11,5,0,3,15,0,0,0
0,30,0,0,0,42,32,0,0,24,0,12,156,135,183,173,9,9,0,0,25,1,0,38,0,0,0,0,2,21,15,0
50,5,0,13,13,0,13,18,14,7,0,20,0,60,240,11,0,0,46,0,30,0,0,3,14,0,0,0,0,3,6,7
31,33,0,3,0,43,31,0,20,0,6,0,7,0,0,0,0,0,0,34,21,0,0,7,3,0,22,0,0,6,0,0
0,0,0,0,0,0,3,7,0,16,0,37,0,0,0,10,27,0,27,0,28,22,42,7,36,0,3,0,0,5,7,4
22,0,27,0,18,0,0,0,20,0,16,59,208,0,0,0,0,0,0,0,126,242,45,0,2,5,14,0,15,22,22,0
0,1,0,8,15,0,0,0,6,10,48,2,3,0,0,0,0,0,0,21,138,42,16,0,0,0,2,5,4,36,16,0
17,22,56,12,34,15,15,0,15,8,162,97,0,0,0,16,0,0,0,35,141,11,57,49,25,2,37,0,0,29,0,55
8,5,21,0,3,0,31,0,4,1,20,112,0,9,0,5,0,0,0,0,189,5,19,11,13,0,16,0,9,0,5,0
0,0,0,18,32,0,0,2,0,0,167,226,0,5,0,6,8,11,19,81,0,0,0,7,0,0,2,21,22,0,0,0
21,0,0,0,0,21,0,76,0,0,51,37,0,0,8,35,0,5,5,0,0,19,16,0,7,7,0,95,45,0,0,39
0,0,21,0,0,20,0,0,0,10,35,2,53,0,29,46,30,27,21,0,0,18,0,23,8,11,61,243,72,0,29,0
48,31,63,0,0,0,0,0,0,19,0,48,0,0,15,0,9,0,10,0,0,9,10,13,0,58,117,44,27,0,0,0
11,3,0,0,14,1,16,0,28,3,67,0,25,0,0,11,0,0,0,0,0,3,0,5,68,189,37,0,7,1,19,0
0,0,11,0,0,2,24,0,29,0,61,0,9,0,0,0,0,2,0,2,27,0,0,14,68,88,13,7,0,0,0,12
3,39,0,7,0,0,18,46,0,0,14,10,24,0,0,17,0,9,24,0,0,0,32,135,40,39,0,2,0,0,2,0
10,5,56,2,28,0,31,2,1,5,0,25,0,7,0,3,0,0,0,0,12,2,0,85,6,0,0,39,0,0,0,0
219,35,0,0,8,0,9,31,10,18,24,12,0,0,17,4,3,0,5,0,4,0,69,3,0,16,0,9,0,0,0,9
194,19,0,0,0,0,0,0,25,4,158,11,33,0,0,16,0,19,0,0,0,16,11,0,2,0,0,18,3,0,11,29
155,222,28,47,45,42,18,67,19,196,197,151,20,51,119,76,33,47,0,0,46,22,14,9,74,37,109,49,194,175,89,163
51,112,27,48,0,51,108,44,59,193,197,79,0,221,214,60,70,15,57,19,66,36,67,0,77,47,77,119,81,59,207,31
16,0,57,0,0,28,5,0,0,188,195,153,232,232,224,12,3,0,16,12,6,0,0,0,29,30,18,196,70,27,0,0
0,0,0,2,0,0,0,1,24,127,165,122,40,195,23,0,3,18,0,0,29,0,0,39,186,183,48,0,0,30,6,0
0,33,13,0,15,0,0,0,4,202,22,0,0,62,0,0,16,4,16,32,0,0,11,73,150,27,2,0,37,0,27,21
0,33,97,0,0,22,43,147,151,222,115,0,0,14,0,0,0,2,0,21,21,0,0,0,0,1,0,1,0,0,0,0
0,2,8,196,239,250,191,247,5,118,133,19,3,13,0,3,11,10,107,142,165,30,0,38,7,5,0,0,0,0,0,0
0,0,20,213,188,153,11,161,225,134,124,8,8,0,1,53,204,180,200,10,51,0,0,0,4,8,0,14,0,0,0,0
4,9,0,41,255,187,173,222,50,247,24,23,0,16,244,70,133,136,226,200,4,12,1,0,14,7,4,11,27,0,0,41
0,0,0,0,176,130,29,94,221,112,0,0,0,87,135,67,75,148,169,132,11,12,0,2,0,6,2,32,0,0,25,29
10,22,18,0,137,170,245,10,104,10,53,18,7,94,0,220,140,197,89,0,3,0,0,16,7,26,0,0,1,0,13,0
0,0,0,35,54,186,168,195,169,100,75,119,46,238,76,208,180,38,23,27,0,5,0,2,16,0,6,0,16,13,6,0
8,31,28,0,42,159,187,192,208,229,138,157,56,13,8,196,136,107,36,16,0,22,0,0,0,0,25,37,24,0,0,0
19,16,0,37,0,0,240,33,20,223,136,59,156,3,192,190,176,0,18,4,28,18,22,0,11,0,4,0,30,0,47,0
18,0,5,24,40,0,4,0,0,24,0,36,205,196,186,57,0,10,16,5,0,0,2,0,6,0,0,0,1,0,7,26
10,0,0,0,0,0,43,14,0,19,0,0,63,141,113,0,0,2,0,0,1,0,18,12,0,0,5,27,8,0,0,0
0,2,38,0,0,48,19,6,0,0,6,0,0,0,16,0,0,18,4,0,0,10,26,0,0,0,0,0,0,0,0,5
8,0,35,0,0,0,0,39,0,23,8,37,21,10,18,0,0,24,2,0,0,0,0,0,0,0,40,0,13,0,0,59
26,28,0,0,27,19,0,0,23,0,36,94,200,0,0,67,23,25,0,0,145,37,63,0,25,0,22,0,0,0,3,9
0,35,0,0,0,11,0,14,0,0,0,246,5,15,2,0,20,4,0,14,58,87,33,0,9,0,6,8,13,0,0,59
29,0,0,0,7,0,11,0,0,38,93,248,0,6,0,2,0,0,0,14,46,230,4,26,1,0,16,0,1,23,8,0
41,0,0,11,0,49,26,0,0,4,13,75,0,0,0,0,21,11,0,5,151,0,0,25,14,16,20,0,3,3,0,17
0,1,0,0,13,25,37,0,57,0,133,184,7,0,0,7,17,19,12,0,21,0,40,28,0,32,9,0,0,28,0,26
0,0,20,27,16,0,22,0,3,0,146,0,0,6,0,0,0,0,0,0,2,1,65,3,30,0,43,0,3,20,0,0
0,28,8,0,0,32,0,3,14,0,1,7,0,0,0,16,10,0,19,2,4,0,14,0,0,15,46,12,0,8,0,0
51,15,4,0,0,19,21,15,11,0,3,12,0,1,0,0,21,31,0,7,26,19,12,12,3,76,222,69,0,0,9,0
0,21,59,0,0,0,37,52,0,0,0,17,0,32,0,0,6,23,26,21,15,0,0,15,0,13,0,0,18,3,0,0
0,0,0,0,1,12,0,12,0,4,0,9,0,1,0,25,34,0,28,4,0,3,0,32,181,64,9,0,10,0,24,3
15,0,4,7,18,0,0,32,16,32,2,5,0,16,5,4,0,4,25,4,17,0,0,0,0,11,19,6,2,1,1,0
25,0,33,0,19,25,0,16,0,5,9,0,49,0,3,0,2,0,0,23,0,8,9,0,2,23,21,0,10,0,3,12
78,36,21,0,21,10,14,0,15,20,16,0,7,59,0,0,26,0,21,0,24,14,0,9,1,9,0,0,0,61,0,33
15,74,0,0,0,16,18,16,0,34,236,27,0,0,27,0,40,0,38,7,2,12,26,0,0,0,0,0,6,3,0,32
38,182,0,31,0,32,53,64,60,195,197,125,75,109,167,64,47,44,15,32,0,0,0,0,35,59,90,51,22,171,237,87
86,111,0,34,13,32,35,47,56,193,196,109,58,86,131,16,46,26,0,3,48,34,0,0,17,30,89,136,86,63,176,10
20,2,0,0,0,18,0,0,0,28,195,133,57,181,77,0,59,0,40,22,16,0,0,0,0,201,250,242,51,43,1,7
12,16,40,54,0,0,0,75,0,183,119,170,48,207,117,3,0,18,0,22,0,0,0,27,194,191,43,8,19,13,8,11
6,16,47,16,18,0,0,11,0,39,27,16,22,0,11,0,0,0,0,35,0,0,0,13,187,0,0,0,32,34,0,14
16,0,0,0,29,8,2,169,120,246,103,10,0,0,9,17,3,15,0,5,9,20,0,11,0,14,16,0,0,0,0,0
0,18,1,191,81,26,177,138,224,208,125,0,0,14,0,0,0,0,24,147,6,62,14,0,3,44,0,0,3,0,11,0
2,0,0,223,107,47,24,190,134,141,144,29,13,0,4,71,12,177,150,246,32,3,43,0,23,0,41,0,25,39,18,0
0,0,34,18,239,173,182,27,72,125,0,0,8,7,12,69,139,197,224,179,22,7,0,0,21,3,9,13,40,0,0,8
26,0,0,1,4,138,156,23,224,141,0,0,20,119,210,120,169,189,97,144,20,0,35,0,9,3,0,0,31,0,0,32
0,0,15,17,103,110,30,199,235,10,110,6,129,180,0,108,80,57,68,19,0,65,0,0,0,30,0,13,0,0,0,0
3,36,0,0,64,196,122,192,178,214,225,183,148,23,163,216,211,31,8,14,0,10,0,0,0,0,0,0,0,0,0,0
0,0,0,9,25,2,197,190,245,223,31,245,192,57,21,11,118,123,0,10,9,0,0,37,18,4,0,5,17,0,4,0
0,8,0,11,21,39,24,98,65,159,204,195,124,180,189,195,156,23,0,0,0,6,0,24,0,27,2,22,0,0,19,3
31,0,0,0,40,8,12,17,7,1,0,28,200,191,135,80,0,0,0,0,0,18,0,24,0,42,0,1,0,0,18,0
0,14,48,11,66,21,0,0,21,30,1,18,74,214,141,11,0,28,3,0,0,0,0,16,0,1,12,0,0,0,0,41
7,7,0,27,0,18,21,10,24,7,0,0,20,12,9,0,5,17,0,2,22,0,0,3,26,0,0,0,4,0,0,31
0,23,0,31,16,0,0,13,0,10,0,0,0,24,4,11,0,0,1,11,31,13,15,11,0,5,0,10,0,1,11,0
0,0,20,0,0,12,0,8,19,0,10,88,182,0,0,20,26,0,0,13,151,163,80,6,3,0,0,11,4,16,3,11
46,16,6,0,0,2,0,1,15,24,0,69,0,12,0,10,0,1,4,0,139,235,0,0,8,21,0,5,0,13,6,30
1,0,6,0,64,1,21,0,0,41,66,205,23,30,10,22,13,0,0,0,35,237,0,0,0,0,0,16,6,6,35,20
39,0,23,1,1,0,0,0,0,0,0,67,0,4,0,30,34,0,9,33,49,0,47,14,0,6,21,0,0,1,0,14
0,10,12,9,0,0,0,0,0,11,120,129,0,0,0,0,0,7,0,0,0,5,17,0,28,0,1,0,12,0,0,16
29,0,0,0,0,47,0,0,0,16,70,0,0,13,2,0,2,31,0,29,34,21,0,5,0,0,41,42,19,7,0,0
31,0,0,23,3,0,6,0,7,0,0,30,0,0,0,53,0,4,0,5,27,47,42,0,0,0,41,206,30,24,0,19
23,0,0,0,0,4,34,0,0,40,39,10,11,25,1,0,0,3,0,18,7,0,10,0,5,50,46,1,26,11,8,0
0,3,0,0,0,0,0,0,5,0,20,0,0,0,0,0,9,0,5,0,0,3,4,0,0,41,17,0,0,0,0,0
21,11,0,0,0,0,8,0,0,0,4,7,0,3,29,10,11,0,0,6,0,16,0,7,225,12,0,30,38,0,0,18
29,20,0,0,8,20,36,0,14,0,0,13,0,8,0,0,11,16,5,6,16,0,0,0,38,0,30,0,0,20,19,15
82,20,0,0,11,0,0,0,0,17,5,0,49,0,20,0,0,0,5,0,0,0,5,0,0,0,6,0,9,0,22,0
222,68,45,13,18,32,4,40,26,0,0,40,0,17,0,23,0,11,2,42,34,0,9,0,11,32,0,9,6,28,0,34
118,95,0,12,0,0,33,14,21,11,162,5,0,0,17,0,0,2,0,0,25,26,0,0,19,6,12,36,0,0,8,13
116,201,0,2,28,15,26,165,60,197,193,158,62,97,173,59,42,0,29,52,48,0,21,2,103,100,100,5,7,233,161,176
80,93,0,0,0,42,37,78,17,187,191,97,49,108,9,18,43,35,18,13,0,10,0,1,45,52,60,210,92,167,130,3
0,9,10,0,0,3,32,0,21,29,188,224,76,187,205,0,45,0,0,0,5,10,6,4,18,198,250,240,56,23,26,0
0,0,0,10,18,0,9,0,25,10,148,106,58,251,174,0,1,0,14,9,5,0,0,20,197,188,6,0,4,0,27,32
11,0,47,0,2,35,45,0,56,130,94,50,0,68,0,0,6,6,3,71,0,0,2,3,133,0,0,0,0,55,0,0
31,19,0,0,55,0,47,63,131,240,119,20,55,3,42,4,62,0,25,10,0,0,0,0,0,31,0,1,0,0,7,28
0,0,0,189,81,247,169,200,58,229,162,0,0,9,36,9,0,9,41,99,1,8,30,36,25,10,0,0,9,26,0,40
0,6,19,216,147,89,78,247,224,79,180,19,4,17,2,89,241,48,144,6,5,17,0,9,12,20,0,33,9,8,0,0
0,0,22,82,223,119,155,108,30,13,35,0,58,0,4,0,101,199,115,173,40,0,38,0,28,0,11,32,0,0,2,0
8,0,0,0,252,135,245,150,222,3,13,0,29,130,206,111,131,195,95,138,0,0,0,0,0,4,16,0,44,3,24,1
7,20,0,19,130,186,10,255,240,218,159,1,207,90,85,66,58,13,115,8,12,0,0,21,0,10,11,0,4,0,0,13
0,0,42,0,35,196,153,192,144,46,159,102,133,54,48,125,230,234,38,23,13,0,0,22,13,22,0,0,0,0,0,0
8,0,0,19,14,241,197,189,97,231,192,248,137,49,253,41,114,29,13,0,13,0,39,0,0,15,0,0,0,36,0,8
7,0,0,0,30,37,14,9,49,153,239,117,162,155,175,197,206,8,54,0,0,0,29,0,0,0,0,5,4,0,3,31
28,0,17,0,1,2,0,4,14,0,0,27,198,141,251,89,9,0,0,0,0,11,0,0,0,0,0,2,12,2,18,39
29,8,0,0,5,14,0,0,19,0,22,0,0,100,98,0,5,0,0,3,14,31,10,9,8,0,0,27,0,0,0,1
0,0,0,0,0,0,41,9,31,2,26,0,0,0,0,29,0,0,0,10,0,0,6,0,0,9,0,0,0,24,22,0
0,1,66,33,7,0,45,17,11,0,6,23,3,6,2,0,13,0,0,0,10,0,0,14,0,23,0,0,2,2,0,0
11,39,0,9,23,3,24,0,2,32,0,91,98,48,0,0,0,0,28,24,159,104,39,0,0,0,10,35,34,0,18,0
29,24,34,0,67,21,32,6,0,0,5,21,0,26,25,0,4,8,0,14,50,188,0,18,0,8,14,0,16,0,0,0
3,13,31,7,11,7,0,22,0,0,152,32,28,0,6,32,0,3,0,31,88,174,19,0,0,0,4,0,0,0,36,0
0,15,7,5,0,16,7,0,14,0,40,70,30,3,0,0,0,0,0,0,46,0,0,8,0,0,2,0,4,0,3,19
0,0,0,24,17,0,0,37,1,0,154,123,38,0,15,11,3,0,0,8,2,16,0,0,0,2,2,0,0,21,2,6
0,0,24,0,18,8,21,9,43,0,144,39,45,0,0,58,0,0,1,22,14,0,29,0,28,16,0,52,0,0,0,7
0,0,30,38,0,0,0,31,5,36,0,19,0,0,3,4,0,0,0,23,14,25,0,0,0,0,148,138,0,0,10,0
21,0,10,27,0,0,37,14,0,5,24,2,3,0,13,2,8,4,20,0,0,0,40,0,0,48,100,3,0,0,0,3
12,0,8,1,0,0,0,8,0,0,0,37,16,0,27,7,0,5,1,24,0,1,0,0,25,0,0,17,25,6,0,0
32,22,25,0,0,11,0,42,20,0,11,7,0,21,0,0,0,10,0,27,0,0,20,0,192,45,20,0,5,18,27,0
22,22,39,0,0,21,0,35,44,0,2,14,0,0,22,0,23,21,4,0,0,7,0,31,51,0,0,0,0,15,2,0
78,2,26,0,32,0,0,0,0,0,0,0,10,31,0,0,0,14,19,26,16,0,16,31,0,22,0,0,0,0,0,0
234,14,0,0,0,41,35,0,0,17,9,0,4,25,0,0,2,27,7,0,0,0,16,0,0,0,0,0,0,13,8,0
122,205,0,62,23,11,0,0,40,35,41,10,12,0,14,27,11,0,0,0,0,0,54,3,35,32,65,0,30,0,9,30
96,196,0,4,11,71,71,81,78,197,186,228,42,120,178,12,58,17,28,39,16,18,4,0,52,48,69,40,235,206,187,140
81,63,0,50,21,37,39,73,34,197,192,100,4,127,214,19,25,29,0,13,24,12,10,7,26,64,53,198,119,181,173,0
42,34,73,0,0,0,0,11,0,3,197,220,100,216,42,18,0,30,4,21,7,0,2,10,6,107,176,0,87,3,13,0
44,25,63,0,26,28,33,0,29,25,179,92,59,46,216,0,23,26,60,21,28,0,5,82,191,196,99,1,8,7,27,0
0,0,67,37,38,0,39,7,14,130,55,3,4,5,17,0,0,6,3,0,8,19,0,17,199,0,0,2,10,16,14,0
0,0,22,15,0,0,0,111,115,4,162,0,0,0,0,0,7,9,13,0,0,0,12,8,18,9,23,4,25,0,0,0
0,16,27,197,74,38,134,187,17,210,176,0,0,0,6,0,0,0,48,54,0,47,0,21,8,29,2,0,11,44,0,0
2,16,0,133,127,142,117,245,44,99,163,36,52,0,4,66,208,20,76,214,84,0,5,9,1,19,0,0,0,0,0,12
21,0,18,46,219,144,118,174,41,68,2,0,0,1,227,55,66,111,103,109,27,10,4,22,15,1,13,32,3,32,5,0
27,0,1,7,18,163,59,165,32,254,22,0,9,81,169,174,148,93,128,104,2,6,0,0,0,11,23,23,17,0,19,0
4,12,0,23,135,196,43,198,109,238,136,61,32,128,17,144,35,185,117,0,17,7,0,0,0,0,0,0,0,0,0,0
0,0,29,13,74,144,195,188,177,75,56,166,69,197,58,234,42,211,12,30,7,0,7,0,0,0,0,21,0,0,4,0
0,12,0,0,24,11,197,193,72,183,172,145,92,188,169,118,54,85,6,21,0,3,18,0,19,0,17,12,22,0,0,0
0,0,0,0,18,0,240,232,144,141,62,181,156,27,150,197,14,22,0,0,0,0,0,2,7,0,18,18,16,0,2,0
0,9,31,4,15,13,0,0,0,1,0,17,89,125,112,195,0,11,3,0,0,4,19,0,3,0,0,8,0,20,0,0
21,33,7,8,11,9,14,0,0,32,0,10,0,237,25,2,8,0,26,34,17,0,0,25,3,0,0,14,10,1,19,0
0,4,19,0,0,14,3,0,10,0,0,0,0,48,0,3,20,18,4,0,6,27,14,16,14,0,0,3,0,3,7,0
0,0,22,30,51,0,12,6,0,8,8,0,0,0,22,0,57,18,31,27,0,14,0,0,4,0,0,0,0,0,22,18
27,0,16,0,0,9,3,0,2,0,7,169,140,0,0,0,10,0,17,0,219,107,104,35,25,23,0,2,0,4,20,15
0,6,0,11,0,0,9,0,0,0,21,217,65,10,20,12,0,1,0,0,232,2,0,0,12,5,0,6,0,19,4,8
0,17,0,16,19,0,0,41,2,0,155,86,35,0,31,26,17,26,0,2,84,227,2,0,0,0,0,8,31,0,0,62
5,0,0,56,2,0,0,4,0,9,7,46,0,11,0,0,0,0,0,0,61,22,18,7,21,19,27,13,0,0,0,0
34,31,38,0,2,31,5,0,27,0,138,76,29,7,0,19,0,8,0,0,0,5,6,6,28,3,23,4,22,0,9,0
0,10,3,0,0,11,0,21,0,0,101,4,0,5,0,22,10,0,15,0,0,0,0,0,19,0,48,106,66,0,11,14
4,0,0,0,12,17,29,0,26,0,0,0,6,21,30,33,1,8,0,0,7,0,50,43,0,1,196,213,49,19,15,0
0,0,0,15,5,0,12,14,21,15,0,0,0,0,0,38,0,0,0,0,0,52,25,0,19,94,130,250,0,0,4,8
0,0,0,0,0,0,11,0,3,41,8,52,36,16,6,0,31,0,0,0,8,0,36,0,0,21,66,0,30,8,3,0
4,0,11,0,12,26,21,0,0,0,0,0,0,0,0,1,10,17,22,1,3,0,0,0,183,55,4,3,4,0,13,0
24,0,21,12,0,0,14,13,0,5,9,37,0,0,17,18,0,3,32,0,10,0,24,0,42,14,37,0,5,6,0,34
99,0,0,35,0,10,0,20,0,0,0,8,0,0,0,2,0,0,0,0,0,42,0,0,0,3,43,16,25,0,0,13
91,104,0,0,0,14,0,0,0,12,2,15,0,0,6,0,7,0,0,26,7,0,0,0,24,2,0,0,7,0,5,5
194,6,0,8,0,1,12,0,8,71,111,0,0,9,17,0,3,0,11,0,25,4,0,0,9,0,0,0,24,15,0,7
110,144,7,1,51,30,64,103,75,195,197,249,54,100,174,53,32,11,12,0,59,9,8,0,75,54,23,46,241,35,199,183
105,50,0,49,16,25,83,74,94,193,196,118,51,155,244,0,6,11,16,56,5,15,39,10,60,49,35,155,191,196,214,72
24,2,0,16,0,13,25,0,29,251,196,201,117,232,13,0,3,43,5,28,12,3,18,0,5,139,107,7,55,56,13,5
0,0,0,5,0,9,0,0,0,37,180,129,92,105,148,7,0,11,15,12,3,0,0,5,194,182,0,27,11,5,0,0
2,0,0,0,16,0,25,0,17,155,61,33,0,46,16,18,15,0,18,32,3,0,24,23,108,31,0,0,0,8,24,0
3,28,0,0,49,29,60,68,112,245,180,20,0,0,0,0,37,42,11,0,0,0,0,10,0,0,0,0,23,0,14,0
17,7,0,191,68,10,133,85,37,154,177,9,20,12,17,0,20,0,33,53,4,38,2,10,3,0,19,0,0,0,0,0
0,14,0,166,180,114,125,28,53,167,173,6,0,0,0,23,25,122,46,8,0,0,0,9,0,0,0,34,32,12,3,0
4,1,3,9,255,195,139,32,79,64,27,0,9,0,30,53,118,119,114,117,9,16,0,12,0,0,0,29,0,0,14,0
0,24,0,16,73,197,93,9,251,50,0,33,8,77,69,243,59,92,220,92,13,0,12,39,0,0,0,0,0,48,0,0
11,8,5,5,146,147,128,249,193,238,113,11,29,189,197,216,231,123,82,14,0,0,37,20,10,0,28,0,9,0,8,32
0,34,18,32,33,173,189,193,101,1,112,230,69,251,146,113,246,144,28,16,0,0,13,20,16,0,0,12,34,9,17,0
6,0,0,16,15,250,195,197,7,176,234,109,66,86,135,225,41,80,0,37,12,0,5,0,21,26,0,0,0,28,0,0
0,0,0,0,0,10,233,26,255,91,112,89,250,108,0,192,209,27,18,19,25,0,0,0,0,0,0,39,0,0,0,0
1,3,7,0,16,0,3,0,0,2,0,16,233,190,31,131,9,0,0,8,2,11,17,0,11,0,0,0,3,17,0,13
0,23,0,8,44,0,16,0,0,17,0,0,19,116,4,39,0,0,0,25,0,26,57,0,0,4,0,0,0,0,29,0
6,13,39,5,0,4,7,0,11,22,44,10,0,12,0,0,13,16,30,12,0,0,22,0,1,0,0,0,16,0,13,0
3,4,29,0,0,0,0,28,12,0,26,19,18,0,16,0,17,0,0,0,1,16,29,0,17,0,49,0,18,25,0,6
9,0,0,0,6,13,0,1,0,0,0,125,114,0,0,0,0,0,0,10,159,161,63,0,24,0,16,0,0,6,17,0
22,9,0,0,11,14,0,0,2,6,11,38,0,34,0,0,10,16,0,0,27,103,3,0,0,0,0,0,0,6,0,12
0,12,0,0,0,0,14,6,13,0,135,109,53,0,0,44,13,0,0,0,18,179,12,13,12,33,16,32,0,0,11,48
26,3,22,0,34,8,24,0,2,16,46,48,0,0,0,8,48,14,23,0,55,0,5,12,4,10,20,0,36,0,56,11
0,1,0,4,7,0,4,0,0,0,128,121,0,9,7,0,15,0,28,0,20,0,35,0,1,0,0,0,0,0,9,34
0,0,0,9,3,8,18,5,29,3,100,0,8,11,4,0,17,0,16,23,24,4,0,7,17,0,22,82,21,6,23,23
10,16,0,0,44,0,1,0,5,0,0,0,4,7,4,0,16,0,0,13,0,5,7,0,0,24,10,101,63,31,7,0
57,21,0,0,0,0,0,30,0,30,0,0,0,31,5,7,10,0,0,0,0,0,0,0,0,36,106,14,26,37,20,0
0,0,0,0,10,0,8,10,3,0,19,3,0,7,1,10,15,21,8,10,11,10,0,19,1,0,18,0,6,9,22,0
0,0,27,8,14,25,0,6,3,0,14,0,0,0,0,5,0,0,0,0,0,0,0,0,181,0,9,11,16,27,0,49
34,2,0,8,16,13,0,3,0,0,39,0,0,2,0,0,11,26,0,0,0,12,0,4,38,0,26,22,0,0,0,0
148,29,0,0,0,11,0,0,14,0,8,29,15,21,0,0,14,18,18,0,1,0,0,0,0,23,16,0,7,0,24,0
195,126,0,0,0,0,0,0,33,13,25,0,0,0,19,26,0,0,62,0,12,2,0,0,0,15,2,0,31,0,0,22
158,49,0,31,0,8,0,0,18,120,2,45,0,48,15,16,0,0,2,0,5,0,0,0,0,10,0,3,0,1,12,28
142,35,62,41,44,39,6,67,62,187,192,179,43,99,139,40,42,8,0,30,41,38,17,0,39,39,56,33,228,227,156,200
50,52,0,54,26,78,97,77,89,193,189,183,37,86,52,51,11,27,10,44,3,0,0,29,24,28,0,51,197,186,177,60
10,9,0,0,0,3,23,0,7,246,187,160,75,201,78,4,2,3,0,0,6,21,8,4,0,135,238,48,61,23,4,53
26,0,0,0,0,0,19,12,0,13,149,151,81,59,139,6,2,12,0,0,2,0,0,20,193,61,6,0,0,18,5,16
6,0,20,0,0,0,0,0,5,136,176,6,0,1,0,2,0,0,19,31,0,19,45,0,48,18,0,0,0,0,0,0
0,0,0,24,13,0,0,104,117,35,99,0,31,5,29,0,41,22,0,0,0,22,0,0,0,0,39,8,18,0,0,75
29,19,3,189,107,35,248,68,53,148,205,10,0,0,0,0,0,0,8,35,0,0,0,16,17,0,0,23,0,0,13,63
0,8,9,173,158,89,88,246,173,172,244,0,0,7,5,33,147,99,66,222,0,11,0,0,2,0,0,0,0,0,0,51
0,10,9,32,59,162,125,217,51,33,0,18,7,0,23,72,88,80,175,115,26,13,52,0,0,19,1,0,2,0,0,49
0,17,17,25,43,135,172,73,236,50,28,17,0,90,130,36,69,153,223,72,0,35,0,0,45,3,61,38,18,0,16,21
4,2,0,0,188,153,189,119,238,255,251,14,123,170,40,198,64,247,85,2,20,0,24,0,0,20,0,23,9,39,10,0
1,9,0,25,71,192,196,195,197,0,234,227,191,255,32,225,235,205,18,29,8,0,17,0,14,0,0,9,0,29,0,0
18,0,31,39,68,34,186,191,188,9,22,137,152,159,136,119,78,77,1,0,0,0,0,39,0,0,0,4,0,18,24,50
26,7,46,0,56,25,61,13,221,35,197,32,217,89,196,194,132,0,30,37,18,0,3,0,0,17,0,0,0,18,0,14
0,3,0,0,0,0,19,0,9,43,0,17,8,197,88,191,20,0,20,0,0,1,36,0,0,19,0,0,45,0,26,61
0,0,0,0,0,0,0,8,18,0,6,5,0,12,244,0,0,0,0,7,18,0,0,16,0,18,7,0,0,13,6,16
1,0,0,0,7,0,17,1,8,0,0,0,9,3,3,0,16,0,0,30,0,0,0,1,8,11,5,0,13,20,0,0
16,0,52,3,0,5,1,0,0,29,1,0,0,10,10,0,9,34,20,0,9,10,0,32,19,29,34,11,0,0,25,0
0,6,18,0,0,0,0,0,0,24,10,162,162,0,16,0,39,23,0,10,104,109,109,48,3,1,0,0,5,0,13,37
45,33,56,0,39,19,0,0,0,11,27,72,36,16,6,0,34,4,6,10,113,121,0,20,0,40,0,0,0,2,35,0
0,8,8,0,4,0,35,0,77,0,137,61,30,14,0,37,0,11,0,9,29,133,0,16,1,2,8,0,28,6,34,29
0,16,0,0,1,0,0,19,0,0,43,55,0,0,1,2,4,0,0,0,0,14,31,0,0,0,0,16,25,2,21,0
5,0,13,3,34,0,0,0,0,23,159,52,12,0,0,19,2,0,0,0,2,0,0,9,7,0,14,0,0,1,0,14
0,0,0,0,40,0,58,1,29,11,80,0,0,0,0,32,4,0,30,0,11,3,2,0,0,9,6,52,0,0,0,60
0,0,0,34,0,3,0,15,16,0,2,0,0,15,0,0,0,0,0,0,0,0,0,14,0,0,234,138,27,1,14,5
78,1,47,12,0,0,0,0,41,9,12,2,30,31,0,5,15,7,15,16,0,3,42,0,17,35,158,38,0,13,0,0
33,0,31,10,0,0,2,0,40,0,0,23,45,0,3,14,16,0,9,17,0,0,0,0,0,0,6,0,13,0,0,11
0,31,45,0,51,40,13,0,9,21,3,0,0,12,24,0,0,6,16,0,12,0,0,64,81,0,9,9,9,0,1,5
28,29,52,0,32,47,0,0,49,12,20,0,33,10,0,0,16,0,0,5,0,0,20,0,87,0,36,5,27,28,0,37
32,15,0,0,0,6,0,0,0,0,0,0,0,0,4,7,9,36,24,0,0,0,0,11,0,6,0,0,0,0,0,0
13,85,31,0,0,6,0,0,11,0,0,0,0,0,0,10,0,7,16,0,0,15,0,6,0,0,36,0,26,0,0,3
245,56,0,41,5,0,0,26,9,226,255,15,0,0,1,0,0,0,0,0,0,14,0,0,38,10,5,0,0,0,16,75
119,85,46,0,93,86,112,105,113,190,195,114,50,109,122,66,60,0,53,22,59,34,13,0,59,54,0,49,251,227,105,134
68,105,0,23,49,67,82,88,93,189,193,155,41,115,84,60,39,20,16,14,1,9,46,7,50,43,51,202,187,162,171,0
0,12,0,3,4,8,17,0,6,30,189,174,87,32,77,0,0,6,28,0,0,5,0,0,0,251,46,219,71,23,11,0
11,14,0,17,24,0,3,36,62,52,177,153,81,64,123,16,0,0,14,11,3,0,0,0,196,211,0,0,4,0,0,10
22,22,0,0,16,0,0,14,5,153,114,0,0,38,42,0,49,41,0,1,0,0,0,0,60,0,7,0,18,0,31,1
0,0,21,0,0,1,0,105,124,39,94,29,0,0,0,2,6,25,0,12,0,0,25,5,0,18,2,0,10,13,0,34
0,0,0,193,159,32,25,113,251,247,154,18,0,0,17,0,40,0,53,12,31,28,27,3,5,0,0,11,0,3,0,46
0,0,0,215,184,235,23,235,22,158,5,0,0,0,0,25,186,57,79,15,4,12,5,0,36,53,76,0,0,0,0,0
0,28,47,40,11,154,34,125,36,53,0,0,7,24,235,0,105,182,63,133,1,0,0,8,0,0,20,26,64,14,44,0
0,27,0,0,81,156,60,55,50,127,27,0,0,93,152,38,83,192,124,43,0,1,0,0,0,11,0,0,23,0,29,0
6,0,12,0,204,123,191,213,209,86,241,25,58,175,29,24,128,26,32,0,5,0,0,0,19,22,43,21,5,0,0,0
23,21,57,0,102,192,195,197,240,0,185,17,117,193,196,231,11,85,29,0,0,0,0,26,0,0,6,11,0,0,35,13
7,26,0,46,2,87,197,195,221,190,122,234,165,107,112,182,21,87,0,10,6,1,63,33,29,0,16,0,48,9,4,58
0,0,48,27,0,37,85,138,160,183,133,21,99,70,196,191,139,2,0,16,0,0,0,0,36,11,15,0,4,8,0,0
0,1,0,0,33,0,13,0,0,17,11,19,232,86,185,144,0,0,0,0,13,0,13,4,14,5,27,4,6,0,0,49
0,46,0,0,17,0,0,0,16,3,0,0,4,92,127,0,24,30,2,0,0,0,0,0,0,19,0,0,0,50,2,1
13,0,0,14,0,0,0,0,0,1,0,0,0,0,15,0,25,23,0,4,0,0,0,16,1,0,0,33,5,4,0,0
