31,35,0,10,0,0,11,0,177,98,0,3,0,0,1,0,90,108,11,0,4,6,0,0,0,19,0,14,10,4,0,0
22,0,0,22,0,0,3,0,181,202,0,40,0,0,13,16,245,92,0,0,0,2,5,3,1,0,0,9,17,0,0,12
16,0,17,8,0,16,5,6,28,110,0,0,19,12,11,0,40,163,0,22,4,7,12,13,12,19,9,0,0,20,0,1
26,0,0,20,9,0,0,0,32,59,19,34,0,29,0,16,117,0,0,0,0,16,3,13,26,3,0,0,12,0,43,5
0,13,0,0,0,13,0,0,84,135,0,0,19,0,0,11,59,17,0,0,0,25,29,13,1,0,79,36,0,0,0,14
0,36,1,0,0,15,0,0,0,40,8,0,0,0,0,10,0,24,33,0,22,40,0,0,0,65,199,158,5,0,1,0
11,18,0,2,0,0,0,0,1,221,110,7,3,36,8,0,0,9,0,25,13,20,28,0,21,6,208,55,2,0,0,18
98,133,0,20,38,20,0,8,0,74,47,0,51,0,0,0,10,1,0,0,0,0,0,7,12,182,199,0,2,2,3,0
54,74,31,11,3,0,34,0,13,17,0,0,0,25,1,0,20,3,0,4,57,0,0,0,186,179,0,0,0,27,6,0
68,84,58,38,18,9,0,8,0,16,0,0,0,20,0,19,0,0,0,14,0,17,0,36,218,0,0,53,0,48,0,0
45,15,63,129,27,0,38,0,30,10,10,0,14,0,9,0,10,0,1,0,16,0,6,122,45,0,62,1,0,26,15,0
0,7,11,197,231,24,0,2,8,11,0,1,45,21,0,21,5,29,0,2,0,19,12,20,107,0,26,0,0,0,19,30
0,0,0,108,140,253,6,0,8,12,0,0,24,0,18,0,7,6,0,55,0,0,178,148,10,0,10,35,9,45,0,0
0,0,8,38,23,233,6,46,2,0,0,0,0,0,0,4,1,0,0,0,0,53,163,0,9,0,14,0,24,46,0,16
3,1,7,0,12,0,0,30,4,3,0,51,0,2,14,4,0,0,1,14,0,0,0,23,0,0,23,0,0,40,0,6
0,16,7,8,5,13,7,44,0,0,0,0,2,4,5,2,6,0,0,0,0,0,18,2,13,0,40,0,0,9,0,0
16,0,0,11,0,0,0,5,33,61,23,0,16,8,7,34,57,9,0,94,16,31,0,0,23,17,12,0,1,0,0,57
5,46,33,0,0,0,0,109,138,164,17,0,0,48,0,0,1,2,57,115,0,0,3,25,17,0,28,0,0,0,27,0
20,2,16,9,3,12,0,183,30,33,23,36,21,22,5,29,0,3,78,132,0,8,0,0,0,10,27,1,25,24,0,77
41,22,0,0,0,0,0,42,25,46,127,0,0,24,0,2,13,0,4,0,0,0,0,0,0,2,2,0,5,0,0,17
2,13,0,0,7,0,10,58,15,99,162,121,0,25,18,0,22,22,0,0,2,0,0,27,0,0,0,42,22,0,0,0
19,0,0,19,0,32,0,34,16,3,181,182,0,0,0,41,40,135,23,0,0,41,9,3,0,12,0,61,190,33,0,45
3,9,0,0,17,0,26,71,98,188,92,26,20,0,13,29,78,218,50,4,11,4,6,8,0,0,36,35,211,241,0,0
3,0,6,0,24,9,186,165,251,207,121,93,14,0,31,68,28,249,220,31,0,20,18,0,0,0,8,197,52,0,0,0
5,17,15,0,3,18,56,167,58,188,231,149,0,0,50,225,157,159,120,30,19,9,0,0,0,12,8,0,13,1,7,32
32,0,35,27,0,18,0,32,216,254,101,254,0,148,57,164,12,188,237,142,148,203,18,6,24,7,62,8,22,0,15,5
7,9,12,13,0,0,106,186,37,131,152,77,209,95,14,245,224,167,192,117,140,160,0,11,19,7,30,0,24,31,10,0
0,0,18,0,7,0,0,41,129,67,177,48,49,164,16,247,183,189,193,112,39,16,6,16,0,0,3,19,19,0,12,0
0,12,0,0,15,4,0,105,165,234,178,123,206,106,197,188,192,197,228,106,14,0,3,0,0,12,0,0,0,28,41,6
34,11,21,0,0,21,0,0,64,57,44,12,67,225,59,197,196,91,51,28,23,0,58,0,42,0,37,23,0,0,0,0
0,0,10,0,0,8,0,6,13,0,0,0,24,0,194,94,99,28,0,0,0,0,0,7,36,0,0,0,0,0,2,0
0,5,6,30,28,0,0,20,3,9,0,0,23,5,5,2,20,0,11,12,0,3,0,40,0,0,0,0,0,0,0,0
24,0,36,22,15,0,0,0,120,86,16,0,0,16,20,0,169,80,1,7,0,0,0,0,0,0,44,0,0,42,2,0
0,0,0,12,20,0,0,10,114,208,0,4,0,0,11,0,45,75,0,16,0,7,0,14,5,18,9,0,21,0,16,42
0,0,0,0,43,0,39,16,229,67,36,34,0,16,0,0,233,190,11,8,0,28,23,0,0,26,0,0,7,0,7,4
3,23,23,0,0,0,53,0,102,60,36,0,15,0,0,0,141,22,19,0,38,3,17,0,0,0,0,31,26,40,0,0
0,2,31,2,7,9,2,16,97,161,0,0,10,0,14,0,76,0,0,8,0,1,0,10,10,0,92,18,0,0,0,0
0,0,0,10,2,0,0,0,0,228,13,10,0,0,13,0,5,0,17,18,0,0,0,1,0,73,205,138,2,44,11,0
12,0,2,0,27,0,7,44,0,201,103,20,20,38,0,0,8,0,27,0,0,20,0,0,0,238,181,73,7,58,0,33
81,188,24,3,12,31,1,0,1,70,83,0,0,18,9,0,0,12,0,0,7,17,0,11,0,176,110,22,0,0,0,0
66,63,49,11,0,0,0,18,6,5,0,0,54,39,0,22,2,0,6,3,0,0,0,11,173,141,0,10,32,3,14,0
88,142,66,0,0,0,10,0,11,0,0,8,0,0,0,2,0,0,0,0,18,2,0,0,4,6,0,6,0,0,28,14
0,53,38,97,14,46,0,0,30,0,0,35,25,8,10,13,2,0,0,17,0,6,0,119,14,0,0,0,11,22,36,0
0,26,61,193,226,30,0,0,0,36,48,14,30,12,51,0,51,10,0,29,34,0,3,44,122,0,0,13,0,0,0,0
4,0,0,136,188,9,0,0,7,0,0,30,10,43,0,31,2,0,0,12,3,0,99,175,0,7,6,0,4,1,17,0
40,8,4,0,0,254,31,0,12,9,0,0,0,40,3,24,22,3,0,0,13,35,188,8,0,0,0,0,36,12,0,0
0,0,3,11,0,4,30,0,0,6,0,9,12,0,25,0,0,0,0,0,24,12,10,0,4,0,0,17,0,8,0,0
0,0,0,25,0,0,0,37,0,0,24,0,0,48,25,5,11,1,0,3,0,0,0,8,0,20,0,0,8,16,0,30
10,16,0,2,0,12,46,44,40,69,16,0,0,18,0,69,90,0,0,142,16,6,0,0,0,0,0,0,10,0,3,41
0,0,0,0,0,0,0,94,184,150,0,0,15,6,6,0,43,0,53,38,20,11,0,19,9,0,17,0,0,7,0,18
16,0,15,11,0,14,1,149,86,50,56,16,16,0,0,26,0,0,93,191,1,0,21,0,0,7,7,0,0,2,0,0
0,0,5,9,21,0,34,32,106,82,78,28,0,0,10,0,0,0,0,0,14,0,0,0,0,0,0,0,0,0,2,101
0,2,0,1,0,12,0,30,45,107,176,34,11,2,0,0,5,0,0,0,0,0,0,0,1,0,5,0,9,0,0,9
1,5,26,14,0,0,0,4,63,206,170,158,7,0,0,0,34,128,17,0,16,0,7,9,18,0,36,23,201,106,0,26
0,0,9,11,0,0,46,99,130,232,173,71,20,3,17,3,61,243,9,0,0,14,32,13,26,0,89,33,208,237,6,0
0,1,44,0,28,2,161,234,195,192,183,116,0,0,43,87,60,248,231,8,6,0,0,0,0,23,25,214,78,0,16,13
0,0,0,37,0,0,16,182,73,177,190,196,0,25,60,39,144,115,100,45,19,12,22,0,1,20,3,0,0,0,0,0
7,18,0,1,0,0,121,52,4,80,112,240,0,81,60,172,11,196,17,191,102,200,0,0,4,14,0,14,0,0,0,0
0,0,10,0,0,0,148,194,82,25,192,204,214,20,59,17,63,188,192,195,63,220,0,44,0,0,7,0,7,44,0,0
0,45,0,0,16,18,98,60,195,37,53,108,14,182,37,37,147,194,196,100,48,30,5,0,0,7,12,26,0,0,52,0
0,8,0,0,0,0,8,96,187,213,164,156,253,96,187,193,196,195,214,97,37,27,8,0,0,0,3,33,18,0,0,2
0,0,4,0,16,12,0,13,52,62,13,33,25,208,34,196,188,39,32,30,2,0,0,7,7,0,6,0,17,3,0,16
35,0,0,39,22,26,31,12,0,1,11,1,0,0,231,178,121,8,13,0,10,0,10,35,20,0,0,0,0,6,6,45
0,0,13,7,0,27,24,0,19,0,48,32,0,0,23,0,7,17,0,0,20,0,55,6,31,0,39,38,19,0,24,0
24,22,0,0,4,8,0,35,132,65,12,0,20,5,0,2,134,84,0,7,16,3,0,0,0,42,0,10,45,4,19,12
0,0,0,20,49,0,35,34,144,213,0,37,0,0,22,38,53,24,0,9,12,13,0,17,0,24,9,0,0,16,0,18
0,12,0,14,0,32,0,7,0,14,12,25,0,14,6,0,10,174,30,18,0,20,0,14,0,9,0,0,10,9,30,7
0,4,0,0,35,48,0,0,71,60,0,13,0,33,0,2,83,0,0,7,0,0,0,20,4,13,0,0,0,0,19,13
8,27,0,0,17,0,0,0,77,96,25,0,0,0,0,19,66,0,38,0,0,30,6,15,18,0,87,23,14,0,0,72
16,0,21,21,52,0,45,0,24,226,32,0,47,0,6,14,3,0,19,16,13,0,0,19,0,71,235,55,5,27,0,0
7,0,35,0,0,24,0,0,5,247,83,0,34,42,0,0,0,1,21,16,0,0,0,0,0,12,80,38,0,27,16,18
98,171,0,8,0,0,0,20,5,62,58,0,16,0,15,0,9,9,0,0,9,0,0,7,7,168,153,0,23,0,3,0
26,73,33,0,12,17,0,0,2,0,29,6,0,12,0,9,5,0,0,13,11,0,13,3,9,127,11,0,0,1,0,0
51,102,29,6,50,0,37,24,27,6,41,6,37,16,26,1,19,9,2,8,0,1,28,18,49,0,6,0,0,0,0,0
67,29,26,136,0,0,0,0,0,3,0,0,0,0,12,0,26,0,0,0,0,15,0,140,26,2,9,0,0,0,30,0
28,0,26,197,238,0,0,0,2,9,0,6,0,0,4,0,9,0,0,7,13,33,15,3,61,11,0,13,40,9,0,79
0,0,4,96,157,18,2,14,20,6,11,21,0,14,0,23,0,0,0,6,0,4,191,71,0,0,0,0,0,43,23,0
39,0,10,3,56,4,0,0,14,21,23,0,0,0,0,0,30,0,46,19,0,51,140,13,0,0,0,0,0,15,3,49
0,16,9,3,38,0,11,0,8,21,5,0,3,37,35,0,17,0,0,17,9,0,20,0,23,2,1,10,1,36,2,0
0,1,1,2,13,2,0,5,0,0,19,10,0,9,1,22,9,0,0,10,12,0,0,16,1,4,0,0,2,9,0,5
0,8,0,9,0,2,0,73,107,39,0,0,0,0,0,24,92,2,0,140,0,0,0,0,0,0,0,0,0,38,0,0
0,0,0,28,0,0,0,72,220,105,45,20,24,0,30,15,94,0,76,46,0,0,12,0,0,0,0,0,7,53,0,0
0,25,28,0,35,29,14,181,63,29,25,0,0,0,31,13,16,1,95,184,0,0,0,0,0,23,0,0,32,19,20,11
0,7,0,0,0,0,40,38,110,124,124,0,0,9,22,0,17,6,12,18,12,0,0,6,13,0,19,12,25,0,0,11
0,19,0,15,0,37,2,18,42,49,192,112,7,0,0,0,14,0,23,0,0,19,0,0,0,0,0,12,14,12,1,54
0,0,33,43,23,0,23,243,25,192,125,107,0,20,4,0,0,84,21,17,0,0,0,0,0,0,11,0,1,96,0,13
0,5,14,0,0,40,64,104,66,1,199,38,6,0,25,64,108,250,18,7,8,0,0,32,0,0,13,50,136,235,0,0
21,45,0,0,11,3,181,186,144,254,181,81,0,16,41,52,124,2,223,22,0,0,17,0,5,0,240,187,70,0,0,25
11,0,0,11,0,9,37,38,66,240,150,189,0,0,57,42,6,86,110,52,5,6,0,0,5,6,10,3,3,26,5,0
0,33,2,0,0,0,116,213,179,4,46,186,0,8,87,151,223,196,91,188,147,182,0,32,0,4,31,0,27,0,49,0
5,20,0,0,0,13,173,196,24,98,19,130,185,29,242,222,36,190,194,197,92,18,0,5,0,16,0,0,0,0,18,3
6,9,3,11,0,0,87,227,195,33,34,99,53,136,14,10,100,196,196,77,17,0,0,0,0,17,6,0,0,6,0,16
13,0,9,0,0,22,15,65,153,254,219,128,213,100,189,196,197,187,243,97,44,2,0,2,4,0,0,22,0,12,7,0
0,41,0,0,21,0,3,21,36,44,21,36,8,234,204,191,195,30,61,22,5,10,0,0,0,0,0,49,0,0,3,32
29,0,7,11,31,3,0,27,0,4,21,25,0,0,231,212,101,0,0,0,0,0,7,0,0,8,0,0,0,25,6,0
0,0,0,2,0,0,3,6,18,0,0,15,0,0,0,13,33,2,0,2,4,12,0,0,0,3,0,0,6,16,0,2
7,3,0,4,0,15,0,20,151,53,1,9,15,22,33,11,106,91,0,0,0,0,0,0,10,7,0,0,3,0,0,29
0,10,0,26,0,0,19,2,102,227,0,12,0,0,12,0,49,67,0,18,0,11,0,0,0,0,0,0,9,0,0,20
0,0,0,0,0,25,2,18,230,91,0,20,0,0,0,0,162,177,5,0,0,0,22,0,0,16,0,7,32,0,9,0
0,0,0,0,0,23,0,0,97,37,3,0,46,42,24,0,49,0,10,0,14,9,43,25,0,0,0,0,0,0,0,4
5,0,0,19,18,0,13,0,111,113,23,1,0,13,0,3,46,1,1,21,25,1,0,0,14,4,85,0,0,24,0,38
26,0,1,0,0,0,16,0,12,245,6,16,23,0,33,0,0,10,0,10,0,25,14,0,0,28,9,113,5,0,0,0
1,0,50,7,0,0,17,19,9,1,82,0,0,0,5,17,0,4,0,0,20,18,9,12,17,188,122,62,0,0,17,0
95,169,0,48,0,0,0,75,0,77,0,0,30,0,0,10,45,0,28,32,0,18,0,0,0,185,171,0,38,28,0,34
250,89,34,0,2,0,0,0,0,3,0,0,11,0,9,0,6,0,23,6,27,0,0,7,243,160,0,8,0,2,14,0
71,139,49,0,0,46,0,16,0,0,0,0,4,23,28,0,0,3,0,13,0,0,3,0,46,13,0,0,14,0,0,23
13,24,43,124,29,10,4,11,1,0,0,0,0,3,10,0,0,0,0,3,0,24,12,192,243,4,22,0,4,32,0,0
0,0,9,197,193,0,0,67,0,0,0,43,0,0,9,13,46,0,8,42,8,12,0,0,80,0,43,0,32,0,46,0
0,0,0,130,116,33,0,25,0,27,0,21,0,17,0,3,15,0,0,3,6,0,179,48,11,37,0,0,0,16,4,80
26,18,24,0,85,237,0,3,1,21,43,29,29,7,3,10,10,0,29,0,0,31,16,16,0,17,0,0,0,2,2,0
79,0,10,10,0,1,4,0,8,15,10,0,6,0,7,1,11,0,9,24,0,0,0,0,0,0,0,43,3,0,0,0
7,0,6,16,23,10,50,0,34,3,0,0,22,0,4,41,36,10,21,0,9,1,25,14,0,31,29,27,0,8,0,0
4,0,0,0,47,17,39,252,136,78,0,0,0,0,18,41,106,0,21,168,7,0,0,0,0,17,0,0,0,8,16,11
0,0,0,0,0,0,31,47,163,77,0,39,0,0,17,0,32,18,107,110,0,7,3,3,7,2,13,0,0,4,17,0
11,0,52,13,21,0,11,120,48,253,13,0,23,0,13,3,19,0,98,198,0,0,0,0,0,7,6,0,0,0,2,58
8,0,21,0,16,18,0,190,3,182,136,0,37,21,19,9,0,9,0,0,7,0,37,16,36,0,16,26,25,0,0,50
11,14,20,11,0,0,0,251,83,67,220,109,25,0,0,0,2,0,0,16,2,0,16,3,0,15,0,0,0,1,0,9
0,15,0,0,3,0,4,29,68,195,201,102,0,0,9,0,18,112,29,0,0,0,26,0,0,0,0,41,166,39,7,0
0,2,0,2,0,16,22,96,39,75,194,17,18,3,3,14,92,237,39,0,4,0,12,3,0,1,46,44,193,228,0,0
20,0,10,10,43,0,194,120,205,192,115,179,9,0,63,22,139,234,149,43,0,0,51,0,0,19,25,233,32,0,0,20
19,0,11,0,0,2,38,197,32,170,38,119,37,0,57,38,29,154,105,64,0,12,36,0,23,0,29,6,8,0,0,0
22,8,16,0,0,10,70,3,132,200,59,227,0,91,79,136,204,189,89,196,183,236,11,0,0,11,20,6,26,0,0,23
7,0,0,9,0,0,179,197,31,126,38,107,153,249,208,16,148,192,195,196,79,255,0,0,4,10,20,0,9,0,14,0
0,0,17,11,40,0,36,128,180,201,36,92,11,178,37,240,98,196,196,97,35,31,7,6,0,8,12,0,0,52,10,16
0,0,0,26,0,16,16,76,243,24,207,63,167,69,186,193,196,197,225,89,33,32,28,0,0,11,0,16,0,0,0,0
0,0,0,0,36,0,0,23,61,45,44,26,1,137,20,197,197,51,53,34,0,0,43,0,0,0,5,4,0,3,2,0
0,25,0,16,21,0,13,0,0,4,23,0,0,0,5,186,109,12,0,0,0,0,0,0,0,5,14,31,4,0,31,0
14,0,20,53,8,0,19,24,0,0,0,0,0,12,0,0,16,0,14,0,12,0,31,0,8,0,21,0,0,40,8,0
13,10,0,0,0,12,0,0,120,82,0,0,21,0,9,0,94,120,34,0,0,8,0,0,2,31,35,2,0,0,0,0
0,0,0,6,0,0,38,18,83,6,0,30,0,0,0,16,44,228,8,0,0,46,0,0,0,2,0,0,0,32,19,0
49,16,10,0,30,16,3,0,236,119,0,0,5,36,0,0,135,180,0,0,2,4,0,9,10,0,44,0,25,0,38,0
0,0,0,0,3,29,11,2,57,191,14,0,0,1,0,10,85,0,0,0,29,0,0,9,8,4,0,7,20,13,2,6
0,0,0,0,0,0,0,0,42,3,8,0,0,13,14,0,38,0,8,8,19,0,0,0,0,21,81,13,0,0,21,19
0,0,0,0,0,0,11,5,34,223,0,23,2,0,0,51,28,24,12,0,37,0,27,26,9,99,242,104,0,0,66,53
21,18,13,0,0,20,8,0,0,100,26,0,0,0,0,0,6,18,0,18,0,0,0,9,0,220,72,16,17,0,16,0
118,185,10,16,0,6,23,5,34,74,17,0,0,1,5,7,0,0,7,0,7,17,0,26,14,11,225,0,0,0,21,0
66,115,57,2,0,0,0,28,0,3,3,7,36,0,0,0,16,0,13,0,0,22,0,6,205,93,23,0,19,0,4,6
47,150,48,0,3,0,7,6,0,0,0,39,0,0,0,21,13,18,0,4,0,0,0,25,105,13,29,0,28,12,40,2
0,55,26,138,35,0,31,0,24,0,0,0,0,54,0,0,0,0,0,36,0,0,18,105,16,33,0,0,0,21,34,16
0,0,63,187,126,20,45,9,37,30,0,5,27,27,0,24,0,0,0,16,0,16,0,33,60,1,0,0,0,28,28,0
0,0,0,65,134,251,22,31,0,0,0,7,0,0,4,0,2,0,0,0,0,0,154,42,8,0,0,0,20,28,3,72
23,60,0,0,0,249,0,0,9,0,11,14,0,0,0,10,26,0,24,0,18,50,183,0,0,24,0,7,14,0,9,0
0,2,0,0,0,18,0,0,0,18,0,0,0,11,3,0,16,0,14,5,2,0,0,0,0,0,0,0,3,19,40,19
0,0,0,5,21,14,0,27,0,0,7,9,25,0,9,0,0,0,0,8,22,0,38,39,0,3,0,9,7,0,13,16
0,0,10,10,12,5,0,71,211,176,0,0,0,0,0,0,76,4,20,178,3,13,0,0,0,0,6,13,24,12,19,23
17,0,48,11,22,31,18,163,109,133,17,0,38,4,24,0,59,2,95,121,0,44,13,0,18,0,0,0,0,0,0,0
34,0,56,0,0,9,0,128,37,60,86,23,26,0,31,17,22,0,32,200,0,0,0,10,13,0,48,12,30,0,0,0
0,0,0,3,0,0,0,210,254,32,61,6,38,4,12,7,0,5,0,1,0,12,0,0,13,0,0,14,0,0,0,0
4,3,10,0,7,0,4,5,254,67,132,64,4,0,0,19,17,0,0,16,9,0,23,0,1,12,0,0,0,0,0,0
42,0,0,23,23,0,4,205,60,195,191,110,0,43,11,0,0,49,0,33,0,0,26,9,24,0,0,42,223,32,0,0
24,17,0,0,0,68,43,112,38,125,252,35,10,0,0,21,120,224,21,0,0,4,0,23,0,0,0,38,212,35,19,1
0,0,0,0,7,37,163,135,102,68,213,126,20,0,54,68,113,237,195,29,16,0,5,0,0,0,19,13,64,0,27,1
0,0,2,22,16,0,29,205,230,166,74,144,30,0,92,110,15,159,115,245,23,0,0,4,6,15,3,7,20,17,0,5
0,0,0,16,16,8,60,16,174,13,85,90,0,109,19,153,243,189,160,95,171,230,39,36,13,0,0,23,0,0,0,22
0,25,0,0,0,9,133,188,4,238,29,78,193,238,170,70,137,197,191,190,32,14,0,3,0,0,0,8,27,0,0,39
28,10,0,0,0,0,61,153,220,11,76,15,1,106,104,221,75,197,187,53,226,1,5,0,0,8,0,0,6,0,0,45
19,16,0,4,0,0,0,62,214,6,109,2,180,80,189,195,197,190,113,65,20,15,0,0,0,3,9,0,0,8,9,42
28,1,13,0,26,11,0,0,56,62,42,0,33,138,75,186,190,26,38,0,0,6,29,0,0,0,0,0,0,45,0,32
34,28,15,7,19,0,0,1,30,0,0,48,0,0,231,166,136,0,10,0,6,11,0,0,0,8,22,0,13,5,24,0
0,0,12,0,37,38,3,0,34,7,0,2,0,0,0,16,0,0,8,26,16,0,0,15,5,0,0,9,5,0,0,20
25,25,0,0,0,28,17,2,219,107,6,8,0,17,0,16,95,57,0,3,25,22,0,21,5,0,0,0,3,7,15,0
16,0,0,9,1,0,40,12,226,231,0,18,16,16,20,0,58,227,0,25,0,7,0,5,12,0,43,11,5,14,41,17
0,0,16,17,15,0,5,0,9,141,0,1,0,60,0,0,42,119,0,2,0,0,5,9,0,1,5,13,0,0,5,0
0,0,10,24,0,16,0,0,78,25,21,0,40,41,18,0,62,0,1,0,21,30,0,0,0,0,0,26,0,16,0,73
11,0,0,0,0,26,0,0,6,123,14,0,0,22,0,0,23,0,0,33,0,0,0,4,0,0,78,14,0,7,0,14
0,18,0,0,15,0,0,6,4,220,0,10,19,7,0,0,25,0,0,4,2,36,8,11,20,50,184,161,0,15,0,0
0,8,14,0,3,6,21,21,0,14,129,63,16,2,17,29,13,6,0,0,0,18,14,0,0,27,172,32,11,0,6,84
80,187,40,28,22,0,10,30,0,0,11,13,0,0,1,16,0,0,26,45,0,12,0,0,52,202,243,0,32,0,0,0
45,130,13,0,24,8,24,0,0,29,14,0,15,16,0,0,0,19,0,5,0,8,0,3,202,112,0,21,0,6,0,0
31,36,50,9,0,4,0,21,0,4,31,0,15,0,29,0,42,3,0,0,16,13,0,7,141,11,9,6,6,13,0,0
0,45,51,129,8,16,23,1,4,0,0,0,15,2,22,16,0,0,0,0,0,0,1,98,254,8,7,0,12,11,20,32
0,31,6,142,193,31,17,23,31,10,26,46,8,0,0,34,17,9,0,0,27,0,71,0,65,16,0,1,0,0,4,27
0,0,0,240,206,48,4,0,21,30,0,17,0,0,0,0,0,22,2,3,56,38,87,11,0,30,0,36,8,0,19,42
60,34,0,0,10,209,24,4,2,0,0,0,0,0,38,21,15,0,0,0,7,48,126,0,8,0,11,0,4,5,16,37
39,13,0,22,21,0,37,10,34,4,0,35,0,0,20,0,0,0,0,2,0,0,9,22,0,0,3,0,0,0,0,15
5,0,30,0,23,0,25,41,5,0,34,0,0,32,4,0,13,14,5,32,4,0,0,0,0,0,0,20,6,24,0,68
38,0,0,0,28,22,0,17,92,184,16,0,7,0,53,0,160,19,4,1,0,0,11,0,18,18,35,0,0,0,0,19
10,7,22,27,1,1,0,24,148,42,5,0,0,0,0,0,66,36,57,89,9,1,33,0,12,0,0,0,13,14,18,0
0,17,22,18,23,0,0,149,128,76,42,3,0,24,0,9,8,0,128,221,0,5,2,7,0,0,16,0,2,0,0,0
5,0,0,32,8,0,0,50,20,84,62,16,12,0,0,32,0,0,0,9,23,0,30,0,0,0,20,32,0,24,0,0
48,1,29,0,0,0,0,173,12,108,201,60,0,0,11,0,0,22,0,0,11,0,77,18,48,0,27,37,0,7,0,0
0,0,4,0,0,0,0,116,45,51,170,88,0,0,10,0,0,183,27,0,0,0,0,0,0,0,0,39,201,75,0,5
0,35,0,0,0,50,17,58,219,170,122,95,0,0,6,24,29,132,30,0,9,12,3,7,0,0,17,101,208,246,3,0
15,0,0,0,0,23,111,18,171,12,68,80,0,28,22,71,67,108,145,32,5,0,0,5,3,0,16,22,59,0,0,0
0,45,0,0,0,5,41,90,77,231,181,182,0,0,61,37,84,189,172,244,45,0,48,0,38,0,0,48,0,0,45,0
24,0,22,0,5,0,72,105,247,244,176,225,6,139,81,160,5,156,75,195,155,33,0,41,13,19,37,0,0,0,4,0
0,10,22,0,17,0,153,16,225,139,173,74,199,142,207,104,53,196,196,189,119,61,14,1,0,0,0,0,0,0,0,40
0,5,0,9,12,0,85,161,107,40,132,209,178,17,85,60,209,188,192,94,251,0,0,5,0,0,0,18,11,0,0,0
0,0,10,0,0,40,25,16,193,17,103,228,181,88,197,188,191,197,82,13,31,0,13,0,12,0,9,34,0,0,2,0
0,0,0,12,0,0,0,27,44,52,38,19,35,28,216,197,197,102,55,0,9,33,0,0,0,0,2,3,0,0,6,1
0,0,0,4,23,0,6,0,0,6,0,0,17,2,232,104,116,2,9,10,0,0,18,6,0,0,4,0,7,0,11,14
0,9,0,0,0,35,1,16,0,0,31,5,0,0,0,0,2,8,0,28,1,0,0,3,4,10,0,0,0,18,0,0
38,6,8,18,2,0,76,0,138,96,8,39,14,0,0,0,50,67,2,31,12,0,18,0,0,4,9,0,0,0,2,14
0,20,0,8,5,37,0,0,53,230,35,3,0,29,20,0,126,249,24,0,0,29,0,0,0,0,0,10,0,0,1,22
23,30,41,0,0,0,19,16,48,122,0,16,0,0,0,0,75,169,38,5,36,0,61,0,26,5,0,0,40,0,16,0
0,3,0,2,0,16,8,8,92,204,41,19,7,0,0,0,115,0,0,9,0,4,0,4,4,23,0,0,1,0,0,56
0,0,17,0,0,0,0,6,47,138,8,18,0,0,0,2,43,0,9,0,7,0,9,20,0,9,60,8,11,0,37,37
10,0,0,35,7,0,1,15,25,135,82,36,0,14,4,0,1,23,0,5,0,0,5,4,12,85,178,108,15,16,0,0
0,25,9,0,0,0,38,0,25,228,101,49,0,0,19,0,15,16,28,0,4,0,9,2,4,164,35,85,51,0,11,32
126,154,36,0,0,0,14,0,1,36,0,13,0,53,0,4,10,15,0,0,1,21,10,0,18,115,169,0,0,10,0,0
13,102,42,4,0,5,93,0,0,0,0,0,0,37,0,4,25,12,0,20,0,0,1,0,223,110,0,0,0,13,0,42
35,43,36,1,1,25,0,1,11,18,0,33,15,9,15,14,4,9,0,22,0,0,45,4,229,0,0,32,0,0,25,23
0,0,81,3,21,25,0,0,22,0,22,42,25,15,83,0,0,13,0,68,0,0,4,139,60,0,0,34,26,0,0,15
0,5,16,40,101,0,0,0,8,0,0,1,0,0,0,10,0,16,5,0,6,0,23,5,43,0,0,0,0,34,0,0
0,0,28,25,171,34,0,0,3,0,0,6,27,0,0,23,37,5,0,0,31,0,150,68,14,0,18,15,21,0,26,65
0,46,14,0,7,239,0,1,0,0,0,10,0,0,0,2,0,0,26,0,5,42,215,48,0,0,0,41,19,0,19,0
0,0,20,42,0,0,32,0,0,5,0,22,0,0,0,48,17,0,0,0,9,8,10,0,7,17,21,0,16,20,0,39
44,3,20,13,0,0,3,15,0,12,0,11,22,5,0,0,0,0,0,0,3,11,0,0,37,0,5,5,32,5,19,14
0,0,0,20,23,16,23,223,172,153,0,20,0,0,2,25,96,1,8,39,0,0,0,0,17,9,0,0,2,0,0,18
27,0,0,0,0,19,0,255,115,73,26,4,3,13,10,0,61,11,98,33,0,16,0,11,6,0,0,0,0,29,0,9
31,0,0,3,0,0,0,189,33,28,71,0,31,57,0,0,0,0,105,221,0,9,24,0,14,0,0,59,0,0,0,0
0,0,1,0,0,0,0,2,126,64,189,12,0,5,24,0,37,0,12,0,0,2,0,0,38,0,22,0,11,25,0,0
0,0,0,16,0,0,0,225,39,68,199,77,0,0,0,0,11,0,9,0,6,6,0,0,0,0,0,24,0,2,0,13
0,20,15,12,0,0,0,45,177,193,184,113,9,0,5,0,0,127,3,0,0,6,8,0,4,28,13,41,210,10,16,36
0,10,2,0,14,5,43,53,140,41,65,21,0,0,0,52,105,173,0,0,0,55,0,0,0,0,29,56,20,228,10,44
0,16,0,0,49,0,92,88,112,59,36,138,16,27,0,52,5,121,236,38,0,0,11,0,0,8,48,240,60,0,0,58
0,3,6,0,0,12,31,210,99,28,88,120,0,20,60,87,105,196,76,180,43,0,4,6,0,0,0,0,0,0,0,0
0,2,2,0,0,8,83,132,62,98,126,245,0,88,71,139,220,186,243,112,121,9,61,0,15,0,6,0,0,15,30,3
0,7,0,0,23,0,152,196,95,195,160,186,146,159,148,4,138,194,197,186,222,71,0,0,0,21,0,0,35,24,64,13
5,1,0,7,0,0,50,208,149,26,242,3,25,120,82,205,205,195,196,64,248,4,0,11,10,18,0,9,0,4,0,4
19,2,0,0,0,5,29,43,223,96,33,9,172,73,188,193,196,171,93,66,0,18,2,6,0,0,12,6,21,0,0,0
33,0,0,3,10,18,0,0,38,17,37,0,0,243,248,197,197,71,41,0,8,0,2,0,0,24,0,14,0,0,0,32
41,0,29,22,0,18,0,30,0,16,5,40,0,0,245,112,120,0,20,22,29,3,0,0,4,0,39,25,26,4,8,0
0,0,0,49,5,0,6,16,9,0,1,10,29,0,0,16,0,0,8,9,9,0,5,0,0,4,5,3,0,39,5,0
0,1,35,18,3,0,0,3,110,83,22,29,0,0,13,35,79,51,0,10,0,0,0,46,20,0,3,0,0,0,0,0
13,0,0,23,15,0,0,4,43,249,0,4,0,0,2,0,67,40,12,0,12,0,0,0,16,2,0,0,0,3,5,0
14,0,3,8,31,12,0,9,21,115,0,0,41,15,17,0,159,145,2,16,0,3,0,0,0,3,0,13,7,0,0,17
30,0,1,34,0,40,0,3,118,4,37,14,24,0,15,7,133,28,0,23,3,0,0,0,0,9,0,0,7,15,6,0
4,0,0,45,0,0,9,33,29,69,0,0,0,4,15,0,56,0,0,1,0,0,10,36,1,0,59,14,0,32,0,2
52,20,55,0,11,12,0,0,10,173,0,0,0,0,30,0,26,0,0,0,2,0,0,10,0,81,137,135,17,8,0,0
0,0,0,10,0,0,54,0,0,255,93,0,27,56,0,0,30,0,3,16,31,0,0,0,0,65,16,0,0,42,0,0
108,205,0,0,10,27,0,14,0,72,47,0,0,0,0,17,19,0,8,0,7,0,0,24,16,147,135,7,22,2,0,14
40,99,0,0,0,37,19,0,0,37,4,0,0,35,0,0,0,18,0,16,0,48,11,0,193,46,0,66,0,0,11,0
7,153,46,0,49,19,32,0,0,0,0,0,16,5,25,9,33,5,0,0,0,0,0,9,219,0,0,0,9,8,32,0
0,38,123,236,14,0,0,0,4,3,19,23,0,0,33,0,0,0,0,6,5,1,0,107,64,20,0,0,25,23,0,19
0,0,20,74,188,27,0,3,0,0,0,22,24,0,9,0,0,12,12,20,0,0,11,2,45,0,5,7,0,0,0,30
85,0,0,18,241,18,0,21,33,20,45,0,45,0,16,0,0,0,0,0,3,11,91,51,0,0,0,0,0,27,15,27
0,0,45,5,0,206,0,58,0,10,0,0,33,19,0,3,0,0,0,1,0,53,176,4,15,32,6,9,0,22,0,52
0,0,0,0,0,24,71,0,0,0,1,29,57,22,0,0,24,0,2,10,10,0,0,0,0,2,16,0,0,7,0,19
10,0,27,5,0,30,13,8,2,1,25,41,51,0,39,0,6,4,1,0,8,0,9,6,0,0,24,0,23,0,0,0
0,0,0,8,23,18,25,177,194,177,5,10,46,0,38,32,100,0,0,8,11,0,19,25,14,0,0,0,0,32,0,9
0,0,0,0,0,0,43,0,185,113,17,8,0,0,0,0,10,22,89,174,26,3,16,11,7,0,0,0,0,0,0,11
0,0,0,0,0,7,0,161,65,165,68,9,5,6,16,0,29,0,108,193,0,0,0,0,0,8,0,0,6,0,0,0
4,1,32,0,34,19,0,191,144,95,124,11,0,6,33,0,17,0,0,0,0,0,0,15,5,0,15,7,0,32,0,23
0,0,0,18,0,0,28,221,222,158,206,70,0,8,0,16,5,0,0,29,0,6,0,0,0,7,3,0,30,0,21,0
0,19,0,18,0,14,0,177,236,244,208,121,0,25,0,0,19,103,31,0,31,10,0,18,0,0,4,8,199,215,15,0
0,15,0,42,0,14,0,10,100,125,154,63,0,4,0,28,73,183,14,4,0,0,42,0,2,2,39,89,16,234,0,0
5,0,1,0,0,13,96,226,87,216,112,48,0,0,42,52,61,162,238,17,33,0,0,0,3,0,102,7,48,13,5,0
0,0,0,24,11,3,12,162,40,223,165,187,0,0,65,10,40,196,162,206,0,18,0,0,0,0,0,0,0,9,0,0
13,0,0,3,18,0,53,59,166,149,93,147,10,92,83,140,36,194,37,170,63,201,55,12,13,0,10,0,17,0,0,0
0,0,0,14,20,25,203,194,118,0,178,220,96,132,110,63,45,187,93,196,94,61,24,2,0,0,16,7,2,0,12,0
0,0,0,0,1,0,32,163,0,86,104,34,234,107,8,127,156,194,196,48,231,12,8,0,4,0,0,0,0,0,2,40
23,0,36,42,15,0,39,61,158,24,22,55,122,48,196,190,193,198,116,81,0,28,0,0,0,1,14,39,9,15,0,3
46,0,8,24,26,0,0,33,11,1,0,31,71,158,196,197,187,123,22,30,20,0,38,4,11,14,69,0,0,0,0,58
1,0,0,0,9,7,0,0,0,0,13,0,0,22,188,176,106,0,0,0,11,0,14,1,14,5,15,0,19,0,55,0
6,0,10,46,27,4,0,0,11,12,0,29,10,0,6,1,6,12,17,7,0,31,0,0,0,16,0,0,0,22,0,0
58,0,0,0,17,0,15,8,176,79,6,0,38,0,17,0,91,104,0,0,9,10,0,0,3,5,33,0,18,5,0,6
0,0,32,18,0,0,0,0,107,235,46,0,33,0,0,0,77,19,0,0,2,0,0,2,16,14,0,0,0,36,0,0
3,0,0,0,0,0,0,0,255,138,0,0,0,0,46,30,169,112,0,0,0,0,0,8,0,2,25,0,13,0,0,31
7,2,0,1,3,9,0,5,86,29,0,9,1,1,6,0,119,0,0,0,12,10,19,0,52,14,21,0,0,0,0,33
0,1,0,0,12,0,34,0,78,74,0,3,30,0,0,0,25,6,0,0,0,2,26,7,13,0,90,0,11,3,0,0
0,4,0,0,0,0,0,3,0,164,0,8,0,22,0,0,0,0,2,0,0,8,0,10,11,90,153,179,0,0,0,10
17,70,0,0,0,41,33,33,18,218,85,51,0,0,23,37,0,0,3,25,42,0,13,0,0,63,234,82,22,0,55,74
95,221,0,0,26,22,0,19,8,96,0,15,0,0,16,5,27,0,27,0,4,3,0,0,30,150,71,2,19,0,36,8
85,59,27,0,0,30,0,0,0,0,0,5,0,12,8,0,18,0,0,0,24,7,23,0,192,99,0,12,5,0,0,0
30,87,77,14,0,0,0,0,0,0,0,21,22,9,9,13,0,25,0,0,24,0,3,0,19,0,1,0,0,14,0,16
0,6,126,255,0,1,0,0,29,0,0,34,0,42,0,6,0,29,0,0,6,13,0,122,97,0,10,0,0,0,0,0
0,0,24,176,67,0,0,0,0,0,3,31,7,24,3,0,5,0,0,10,0,0,0,0,52,12,38,4,0,12,0,8
0,1,0,30,209,63,21,7,25,0,0,23,19,0,0,0,37,9,0,24,0,18,93,31,28,11,0,3,0,16,0,48
17,0,27,9,0,218,2,0,0,2,22,0,50,0,0,0,25,0,16,21,0,41,253,10,0,7,0,2,5,0,36,0
0,0,13,0,0,0,42,0,28,23,6,17,11,9,0,62,0,0,0,13,0,23,0,3,24,18,11,0,34,25,8,0
26,3,50,25,0,1,13,26,41,0,2,26,7,0,0,0,0,0,14,0,19,0,16,3,33,7,22,0,3,7,0,51
0,0,0,0,0,0,0,245,178,145,0,14,0,12,25,9,82,14,6,16,0,1,0,30,0,18,23,0,0,0,0,9
0,0,0,0,37,20,8,165,120,132,0,3,1,18,0,18,74,10,101,27,24,21,22,36,9,0,2,0,5,14,0,0
0,0,0,0,23,0,0,219,242,44,20,51,0,0,0,22,16,0,135,122,9,5,0,49,37,3,5,0,2,25,0,0
9,5,0,5,0,0,10,213,110,104,77,30,0,0,2,16,27,3,0,10,0,5,0,0,0,0,1,25,14,0,0,11
7,11,0,8,43,0,0,153,13,30,170,158,0,0,0,0,0,11,24,0,17,0,36,3,0,0,0,0,0,8,18,18
0,11,0,0,12,25,27,246,224,41,233,129,13,0,0,3,0,103,0,18,0,0,22,19,0,0,6,64,218,229,21,0
9,20,0,0,0,0,19,235,0,142,127,17,25,0,40,13,63,5,11,6,0,0,0,40,0,0,3,112,170,253,6,24
0,0,0,34,4,0,119,81,132,245,198,199,23,0,53,68,31,150,242,14,0,13,0,0,5,2,114,236,77,0,38,12
0,12,23,18,0,0,10,143,82,52,5,158,0,0,67,26,219,196,157,254,10,0,0,4,0,0,16,0,0,0,4,6
0,0,0,2,0,0,59,113,176,187,145,195,2,66,68,146,8,192,228,184,54,201,0,0,0,32,11,0,24,6,14,0
22,0,12,9,17,0,222,194,95,41,253,32,174,141,66,161,7,208,191,196,63,41,0,28,0,0,39,33,0,14,0,16
0,0,8,0,0,5,2,146,217,20,97,219,234,69,172,221,148,195,196,106,5,17,0,0,0,0,29,0,11,0,0,0
0,0,0,0,0,0,0,28,205,62,134,35,143,35,191,197,197,189,226,67,24,25,0,21,0,0,28,4,0,0,12,0
11,3,10,0,0,16,20,10,31,39,34,30,29,232,95,193,196,45,42,22,32,3,2,0,0,0,0,0,0,26,12,0
0,0,0,20,0,0,42,10,25,9,25,8,47,1,214,147,162,1,7,13,0,28,0,0,0,8,0,19,50,4,4,0
0,0,0,0,31,21,14,23,0,0,0,71,0,0,5,43,28,1,0,10,0,0,7,12,0,17,9,0,0,12,0,0
45,14,0,21,15,0,0,0,146,85,0,16,37,0,25,0,93,131,17,25,11,0,7,4,16,17,40,0,0,6,0,0
0,0,59,31,0,0,0,27,116,194,15,8,7,12,0,0,69,237,0,19,0,8,51,0,21,0,0,0,0,0,0,0
3,22,71,20,0,1,1,3,21,123,0,15,0,0,5,0,194,114,0,0,0,0,28,14,22,2,21,0,4,0,0,11
0,0,9,0,0,0,3,11,119,15,0,13,0,4,1,0,137,0,0,21,4,0,9,0,18,0,30,0,1,0,11,5
10,36,0,0,0,22,0,0,70,117,43,0,0,0,18,53,41,15,9,0,0,22,15,20,0,32,56,3,0,0,33,23
0,17,0,0,3,55,0,0,24,192,4,0,0,3,0,0,0,0,0,0,35,11,10,0,38,68,188,192,0,0,15,0
0,43,17,17,0,33,7,0,12,220,80,39,17,0,0,0,14,0,21,27,21,0,0,0,0,86,209,19,0,7,0,55
137,211,1,8,57,0,10,7,24,62,32,0,0,12,25,0,29,7,11,13,0,0,0,1,0,149,44,2,9,0,29,0
23,72,6,16,12,65,0,13,14,36,23,44,32,9,16,9,0,9,16,0,37,3,0,4,183,103,0,0,0,0,0,59
49,102,112,0,0,22,18,0,23,47,0,0,3,27,0,0,0,4,8,13,5,13,2,25,15,0,0,0,0,2,0,16
32,54,84,249,45,24,11,0,1,6,0,6,0,0,0,0,0,10,16,0,20,0,25,135,75,0,0,0,27,0,1,33
43,0,62,141,109,21,0,0,0,0,7,9,31,18,3,0,11,14,7,0,0,0,0,1,64,0,6,0,2,0,0,5
0,0,27,45,246,2,3,34,5,0,0,27,19,16,18,7,18,0,0,27,11,4,84,62,0,21,0,0,12,45,3,0
0,4,0,0,19,255,0,0,0,24,13,0,41,12,0,0,0,15,6,0,0,70,191,0,0,0,0,24,0,0,34,0
23,28,0,0,0,20,29,10,11,10,25,30,12,0,0,13,17,0,10,0,0,0,5,1,0,8,2,0,0,0,6,38
0,2,0,21,6,40,0,15,29,0,0,4,0,0,22,0,0,0,1,1,20,0,0,0,0,7,0,0,0,5,0,20
12,0,25,1,28,0,0,211,149,107,0,0,14,0,0,0,30,32,3,230,0,0,9,19,7,5,25,27,0,0,0,0
51,3,24,0,43,0,4,246,96,132,49,37,16,0,31,0,58,0,91,103,0,0,23,2,29,0,14,0,0,19,0,0
43,5,23,23,20,0,10,208,154,89,73,40,20,14,0,11,0,0,61,169,0,0,1,0,0,22,9,0,0,0,3,0
0,2,0,9,28,0,1,140,174,144,89,0,0,17,28,0,0,8,0,0,27,2,10,1,14,0,0,0,4,37,0,4
9,2,0,0,0,0,30,189,255,127,191,130,30,6,10,0,0,17,0,15,4,26,8,0,17,0,5,25,0,0,0,0
0,21,0,47,37,0,4,234,163,219,242,165,0,16,0,22,26,61,0,0,0,41,0,0,0,1,0,29,208,160,7,75
0,0,0,0,0,0,31,249,85,79,112,56,0,0,0,7,96,198,42,7,11,14,0,26,0,7,27,109,192,232,1,0
26,0,0,22,0,0,111,40,161,255,178,246,20,0,21,54,9,195,187,0,5,9,15,0,0,4,94,235,43,9,6,54
6,3,0,0,17,0,0,135,168,7,20,176,0,0,35,33,72,190,167,201,5,0,0,32,19,13,30,0,13,25,0,0
30,0,0,63,0,0,61,129,139,0,78,158,0,148,88,143,44,154,173,181,89,249,0,0,7,0,24,10,0,23,9,9
0,20,0,0,0,0,159,187,122,21,29,96,150,210,112,62,62,1,191,189,160,91,0,10,0,3,13,0,0,0,12,24
0,0,15,0,0,0,94,8,1,59,64,20,193,143,26,20,154,189,192,118,252,8,0,6,6,0,0,0,0,12,0,0
0,1,0,5,0,24,7,20,206,43,106,55,155,80,187,193,196,196,209,49,28,7,0,0,0,20,15,0,0,11,11,0
0,27,0,0,0,44,0,0,44,0,34,64,5,152,115,188,192,39,73,57,25,35,0,0,0,0,0,0,0,0,0,65
6,0,8,0,0,0,11,0,5,0,6,0,41,17,229,171,122,6,11,11,0,0,9,0,6,15,7,0,0,0,1,0
21,0,0,6,14,15,0,10,0,13,8,0,19,24,0,0,5,0,2,14,0,0,9,6,0,0,0,4,7,9,16,0
36,5,0,18,18,0,46,2,146,112,15,0,0,16,23,0,102,99,0,0,32,0,27,1,4,0,0,0,0,0,0,19
0,0,0,0,0,3,0,0,120,222,2,0,0,0,0,21,90,219,0,16,0,0,0,8,0,5,0,24,1,2,10,20
0,55,12,0,0,0,0,0,75,129,30,15,16,0,0,0,162,133,0,0,32,8,40,0,0,41,0,0,26,0,25,107
25,36,0,0,21,0,25,0,180,39,20,0,20,0,7,0,153,10,32,0,32,4,59,16,0,3,0,0,0,0,29,0
0,0,29,27,5,0,0,0,51,82,8,0,30,2,0,10,22,0,0,7,0,0,0,2,0,0,115,10,0,4,21,7
18,0,0,0,39,0,0,13,13,151,0,33,0,0,16,5,0,10,0,9,0,0,25,3,0,83,181,154,0,22,0,51
33,0,0,54,58,18,10,4,28,13,66,17,8,17,4,0,28,0,0,7,0,3,27,22,0,70,134,0,0,0,0,41
130,149,0,17,49,0,4,17,0,16,0,0,0,0,9,29,1,0,0,0,0,17,14,0,51,167,120,21,33,0,6,9
249,16,54,4,15,0,0,0,0,0,0,30,0,0,0,0,0,14,0,12,0,29,16,7,201,104,14,7,0,13,0,0
59,178,89,1,16,20,43,50,3,11,21,19,15,9,0,0,0,18,1,5,0,0,8,0,7,0,0,0,0,22,0,0
39,44,36,223,0,0,0,0,0,6,0,0,0,13,17,0,14,0,0,0,27,2,0,168,56,12,15,31,0,0,8,0
0,25,32,108,139,9,0,0,0,8,0,16,0,34,0,0,39,23,0,11,0,0,0,0,66,0,1,7,0,29,36,0
0,2,6,59,230,37,0,0,5,28,0,21,0,8,13,0,16,16,0,0,0,8,131,75,0,19,0,0,18,0,2,0
22,0,6,39,13,222,0,0,0,17,16,0,0,12,0,21,0,5,0,7,0,16,170,0,0,0,21,0,0,3,0,9
9,0,0,1,16,21,20,0,0,25,24,0,7,42,3,0,0,19,0,6,0,0,0,12,0,0,0,25,26,0,15,23
0,32,0,28,0,17,20,0,0,0,6,0,0,0,0,0,0,0,0,0,0,24,9,7,0,0,0,5,0,0,0,19
0,0,0,39,38,0,0,233,176,76,8,18,0,20,2,9,20,4,0,164,20,1,0,13,0,10,0,20,0,13,7,0
25,16,4,0,0,0,8,237,114,124,15,0,25,37,0,0,16,0,66,39,0,14,0,0,6,2,0,0,0,2,0,0
0,0,39,0,0,9,0,179,160,78,32,7,0,0,0,0,12,0,133,144,4,2,0,1,0,0,0,16,0,32,0,0
17,23,35,0,27,39,7,173,241,155,110,0,0,6,0,0,0,6,20,0,52,22,2,0,0,6,0,0,0,0,0,63
0,0,0,9,0,9,0,193,29,115,223,129,12,22,0,19,19,0,0,5,1,6,7,13,9,13,10,0,2,1,6,0
0,0,24,0,0,0,3,232,148,249,196,246,11,37,4,14,26,126,3,0,2,0,14,0,21,1,2,48,230,193,0,18
1,24,3,0,26,31,36,2,113,57,43,88,0,63,1,0,62,208,0,5,0,0,0,9,3,0,27,112,11,23,15,21
0,0,0,0,0,0,134,145,139,68,205,170,0,21,0,80,4,127,159,18,0,22,0,0,0,0,103,210,52,20,0,8
0,0,0,0,36,0,19,165,172,55,63,155,0,23,72,91,33,196,170,4,3,8,48,11,0,12,0,4,0,0,0,0
0,0,0,23,0,0,80,158,131,81,168,241,0,97,117,142,63,94,21,172,95,201,0,3,0,0,4,16,0,13,0,29
17,0,0,7,0,0,197,189,148,87,231,140,176,246,103,78,144,37,163,192,251,82,17,2,0,5,0,8,0,21,0,0
0,17,0,0,0,0,34,14,238,81,113,171,236,103,203,210,117,194,196,130,3,14,16,0,28,9,0,26,15,0,63,0
0,9,0,0,0,0,0,45,172,22,144,124,139,97,192,197,197,189,173,60,10,6,3,0,0,7,0,10,4,15,0,9
9,0,0,7,34,0,18,9,28,32,33,10,0,211,90,193,196,83,43,15,5,6,0,0,6,0,29,0,0,14,46,0
5,0,14,2,3,5,0,28,0,0,0,11,0,0,231,113,81,0,0,16,1,0,5,18,9,0,10,0,0,0,1,5
0,0,0,0,0,0,42,16,0,0,0,62,25,0,1,13,23,0,9,12,0,0,0,0,0,0,39,0,0,0,0,5
32,0,2,0,0,11,0,38,156,97,30,0,0,11,0,0,88,72,0,25,0,0,0,24,0,0,0,12,8,15,0,0
0,29,0,0,0,16,0,0,157,231,46,0,32,0,19,3,77,20,0,0,0,0,14,9,25,0,24,0,36,26,36,36
0,0,22,0,0,11,5,6,71,142,0,11,0,0,0,11,183,109,8,0,6,0,5,0,0,6,46,0,8,0,0,0
0,0,3,0,2,25,22,10,155,2,11,4,0,17,4,16,144,6,0,0,0,0,0,0,23,6,12,8,1,0,32,34
15,0,0,0,24,30,29,2,75,110,25,0,0,0,24,0,11,0,0,23,0,31,0,0,0,0,99,0,37,19,6,0
0,16,41,27,0,0,0,5,0,197,0,4,0,0,4,12,0,25,5,0,0,0,0,0,0,80,190,195,0,7,3,9
11,2,0,0,0,0,70,0,51,34,77,35,27,18,0,0,0,28,0,0,0,8,38,11,2,61,202,30,0,0,2,0
129,183,0,0,0,0,0,0,11,82,17,5,10,0,0,0,2,3,0,4,7,0,10,0,0,158,122,0,18,1,0,0
240,50,62,0,0,38,7,0,5,13,0,0,0,13,26,0,24,39,0,0,0,20,0,16,27,141,0,5,38,9,6,0
72,157,109,0,0,35,19,0,43,44,43,0,40,8,7,0,10,2,0,3,62,17,21,10,43,0,14,34,0,2,6,6
0,76,37,196,0,0,0,18,5,7,0,34,1,0,0,0,1,0,2,0,3,12,0,159,89,0,14,11,5,0,22,31
0,30,59,161,89,0,0,32,0,17,19,10,0,0,38,13,0,2,0,0,5,0,0,8,29,0,12,10,10,0,0,0
0,19,0,77,252,247,0,0,22,8,20,0,0,0,0,0,0,11,13,0,0,0,78,48,4,42,2,29,8,2,7,41
8,0,0,4,0,1,3,16,12,0,33,25,8,0,0,14,0,16,0,0,0,24,177,11,2,2,0,20,0,2,0,0
27,7,25,0,0,13,22,0,9,0,0,6,16,12,0,0,12,0,0,0,0,13,11,0,0,0,0,0,5,8,27,4
3,0,0,12,6,0,23,41,14,0,21,0,13,12,14,0,0,0,17,0,0,6,7,0,5,0,0,6,0,0,16,21
26,0,13,0,57,0,0,235,159,54,0,0,0,36,0,8,6,0,0,166,0,32,0,0,0,28,0,9,27,23,11,0
0,0,52,0,22,0,22,6,133,92,33,3,0,41,0,6,35,5,88,78,1,0,30,0,31,18,9,0,2,0,0,0
0,0,0,3,8,6,0,180,128,114,84,37,12,38,11,5,0,15,101,186,7,0,26,0,0,32,19,0,7,0,3,0
0,0,0,2,32,0,3,158,145,95,149,0,0,0,0,33,0,25,9,0,0,22,0,1,0,0,0,50,0,0,0,0
0,1,0,0,20,39,16,196,70,88,126,139,0,0,0,38,7,20,4,0,6,0,35,10,0,37,0,13,55,0,25,19
0,0,28,41,0,0,0,175,172,211,226,200,0,2,0,0,20,135,0,20,0,0,11,8,34,13,35,60,222,241,0,24
0,0,30,1,1,21,20,16,139,233,76,52,28,0,0,0,248,205,0,6,0,14,0,0,0,0,44,91,245,16,0,0
0,10,17,7,29,14,114,115,138,19,174,223,8,0,25,41,9,181,217,5,15,2,0,16,0,0,84,156,59,0,0,0
9,24,16,1,0,13,30,186,164,7,62,177,36,0,77,80,97,189,150,231,25,0,0,43,23,0,57,0,25,5,1,3
0,0,0,5,0,0,52,124,144,80,126,8,0,65,67,180,19,181,231,63,80,185,0,10,0,11,0,0,0,16,0,18
0,15,1,0,0,11,191,194,154,45,244,87,175,69,180,46,154,154,170,195,113,203,0,10,0,1,0,7,0,0,16,0
0,0,0,12,25,0,70,13,218,79,160,188,238,60,96,70,151,187,191,95,217,33,0,4,0,13,20,0,19,0,11,45
0,0,0,0,0,36,0,41,235,227,134,41,204,117,196,197,187,193,175,73,19,19,10,32,7,7,35,26,0,0,6,27
0,0,0,40,0,8,0,0,34,41,13,18,0,221,224,194,197,13,34,29,40,0,32,2,0,11,0,0,0,19,0,5
18,2,23,0,33,0,0,0,24,8,0,20,0,0,200,162,102,21,13,9,3,0,8,0,0,0,52,0,0,21,20,0
0,0,4,2,13,0,14,0,0,0,0,0,25,7,7,5,0,0,0,5,0,0,7,0,0,0,0,0,36,30,11,48
23,16,0,0,1,14,0,0,151,67,0,0,0,17,0,0,103,96,3,13,0,0,29,28,19,0,2,0,0,8,5,2
0,5,16,0,0,0,13,28,137,218,0,0,0,0,4,20,67,25,0,12,9,10,0,0,11,10,30,0,19,22,2,0
0,3,48,5,5,38,6,0,81,176,35,16,5,9,6,0,171,92,9,41,0,19,0,0,0,18,12,0,17,11,0,0
9,0,16,0,23,21,60,36,157,25,0,36,17,0,33,16,155,3,34,11,23,0,0,0,0,0,29,42,20,0,42,12
0,0,26,0,0,0,0,14,89,91,4,24,12,0,5,0,48,1,0,0,0,0,38,0,0,0,50,11,1,0,0,38
16,3,0,0,0,8,0,0,13,235,0,0,0,0,13,0,9,2,0,2,0,3,34,0,0,78,173,167,0,20,0,0
7,0,42,17,0,39,0,6,0,60,108,8,10,9,0,0,8,0,0,0,7,14,39,0,2,102,218,18,4,26,3,5
120,153,13,0,45,21,51,26,0,90,20,0,22,21,0,2,0,18,0,0,0,0,0,38,18,194,152,0,24,61,22,0
0,20,107,0,0,16,0,13,0,20,0,14,0,6,6,6,0,0,0,0,0,7,0,0,52,85,1,0,0,0,0,0
87,153,77,0,5,0,21,9,0,0,0,5,0,8,13,0,0,26,0,0,28,3,0,32,27,0,0,0,0,0,5,0
0,27,65,195,21,0,21,0,10,0,0,0,0,43,4,0,0,2,0,11,8,15,0,142,90,10,0,0,7,0,0,0
0,5,78,161,94,8,7,11,0,0,0,53,0,0,43,19,0,0,0,0,0,0,17,55,61,5,0,0,0,34,0,24
0,0,0,47,237,54,0,0,0,0,0,10,19,33,0,8,36,0,0,0,17,0,119,60,0,0,0,0,0,10,3,0
0,24,24,43,43,36,0,0,28,8,8,0,0,36,0,0,31,2,17,33,8,51,149,0,0,31,0,8,0,0,36,0
20,5,0,0,0,0,70,0,0,0,9,0,20,14,21,14,0,0,6,16,0,0,0,18,7,0,20,0,9,0,0,16
0,4,0,5,0,0,2,40,5,0,0,0,20,0,0,0,5,9,21,10,0,0,37,68,1,0,62,0,27,0,57,22
25,0,16,0,0,8,0,241,134,106,51,11,23,3,0,19,50,0,0,202,0,0,0,2,0,0,10,10,4,0,5,26
21,0,0,20,13,7,16,247,69,118,0,16,0,12,12,11,37,0,96,71,1,5,4,0,16,0,28,7,0,7,20,40
5,1,13,5,45,1,0,186,127,136,74,19,0,0,31,5,0,12,85,177,0,20,0,0,0,0,4,0,0,0,3,39
13,0,5,6,0,37,35,186,177,164,102,0,48,0,20,0,0,0,0,0,9,0,33,36,15,0,25,0,0,32,4,33
0,0,10,7,0,0,0,201,14,75,183,151,10,0,0,0,0,3,0,17,16,17,25,0,24,10,10,0,0,0,0,8
0,1,0,0,0,0,30,211,178,210,3,193,13,5,26,0,14,156,25,0,0,0,11,12,0,5,11,71,234,207,3,0
0,0,0,2,76,17,41,245,160,246,49,35,17,0,15,19,40,209,11,7,3,0,23,0,0,6,0,116,243,2,0,0
26,24,0,19,0,0,142,127,134,46,176,208,0,27,24,69,221,164,147,0,5,17,0,14,0,0,40,153,27,0,8,47
21,10,16,0,16,4,40,195,118,226,56,176,6,0,51,113,50,194,157,8,26,9,0,0,9,0,32,0,23,15,28,48
17,0,21,0,0,0,65,123,212,49,139,152,22,3,48,161,252,114,213,7,73,217,0,28,5,0,0,0,11,9,10,0
17,28,12,1,14,5,237,189,219,128,41,134,173,215,216,42,39,196,154,191,90,108,0,15,0,2,21,7,4,14,12,0
0,21,0,0,10,11,68,210,243,85,97,3,254,59,161,99,110,189,192,55,12,4,11,0,15,22,0,5,16,0,41,50
0,7,0,3,26,0,0,70,209,202,74,129,193,67,187,193,196,195,132,51,24,0,0,14,0,0,0,11,0,22,0,0
0,12,21,21,0,27,13,5,45,26,33,15,22,175,46,190,194,197,39,37,14,23,15,0,0,6,41,0,0,0,0,0
0,0,6,31,6,0,0,0,22,0,0,0,26,0,206,170,123,1,31,0,2,5,9,0,0,0,1,5,22,28,0,25
20,18,23,0,0,25,13,0,19,22,34,0,6,29,0,0,18,0,9,14,20,55,9,0,0,0,0,0,0,0,3,0
28,0,19,4,0,53,23,0,174,65,32,24,0,0,11,0,97,97,0,0,0,40,0,0,0,12,0,15,0,0,0,23
3,0,4,0,72,0,0,41,123,183,5,52,21,0,20,7,103,247,3,25,0,0,3,0,8,0,38,0,35,6,0,66
13,0,14,0,0,0,0,7,80,133,18,13,3,0,0,9,164,141,0,0,0,0,21,15,4,0,25,8,0,4,0,20
24,22,13,8,0,20,22,0,137,16,38,16,32,6,0,9,43,2,0,0,0,0,0,0,0,0,12,11,13,0,0,6
0,0,0,0,15,0,0,0,88,95,0,0,0,20,0,35,41,0,10,3,4,19,0,3,0,0,85,14,1,0,0,0
0,38,0,0,0,41,0,0,45,228,10,19,0,0,5,0,0,25,42,0,21,34,0,0,20,105,166,125,0,0,12,48
33,0,0,0,0,8,0,0,39,252,126,0,0,0,0,0,1,0,23,9,29,10,44,1,0,59,174,48,0,12,8,3
160,178,0,0,10,0,0,0,0,89,32,2,0,0,7,1,8,18,27,0,0,0,0,0,5,194,158,0,12,7,0,0
9,17,57,10,0,7,13,38,0,0,0,0,18,14,0,0,7,0,14,0,0,0,0,2,95,101,2,7,11,39,9,0
98,137,70,24,0,0,0,12,0,1,0,0,13,0,0,0,5,6,0,25,0,0,0,2,248,21,24,24,0,55,0,0
58,25,95,146,0,8,38,0,9,16,85,24,15,0,0,27,29,0,0,18,10,2,37,125,70,9,5,0,8,0,0,19
8,17,42,149,89,0,0,0,3,7,5,0,32,0,0,0,0,0,14,0,0,16,0,0,92,0,0,1,0,0,0,0
0,0,0,40,21,17,11,0,26,5,0,0,0,17,27,0,2,0,0,17,0,0,88,77,0,0,0,2,0,0,0,4
0,0,13,0,3,24,0,0,57,0,30,0,26,0,18,35,25,38,0,0,58,55,198,0,0,11,6,0,0,0,20,41
2,0,25,40,40,13,0,34,0,0,61,25,65,0,5,0,19,0,13,2,34,0,50,0,40,38,19,0,12,0,6,0
5,0,16,18,32,0,20,52,0,0,0,31,53,0,0,25,10,4,4,0,0,0,42,0,2,0,32,3,2,0,26,0
4,23,0,4,0,24,63,208,177,33,0,0,32,0,0,24,56,0,6,190,42,1,44,10,3,0,0,0,9,2,24,0
7,0,0,44,0,0,0,247,114,127,19,0,0,1,33,0,0,2,73,48,0,14,13,0,0,0,0,0,0,32,0,0
0,0,0,24,8,32,63,157,156,120,79,5,0,14,0,0,0,0,27,124,0,0,0,17,0,13,3,13,7,32,0,2
20,0,0,0,2,29,12,187,208,130,138,60,0,0,0,0,0,0,0,16,0,3,0,0,0,0,0,23,31,0,3,55
23,34,0,27,0,0,30,180,30,103,192,146,0,31,15,22,1,0,0,0,0,27,0,0,0,11,0,0,28,26,0,0
4,0,28,0,0,0,35,233,222,234,18,5,36,0,29,10,31,121,0,21,23,0,0,0,0,9,0,118,250,187,12,0
0,11,0,5,0,24,0,204,136,16,59,12,2,5,0,0,23,207,22,0,27,0,0,12,0,0,0,93,245,13,4,10
0,7,11,33,3,11,148,119,150,17,181,183,0,5,18,42,22,151,235,42,0,0,0,0,6,0,92,143,28,0,8,0
0,29,0,0,0,17,73,164,177,237,62,133,0,0,62,48,241,194,195,12,36,37,0,22,0,0,0,44,0,0,0,56
0,0,1,0,47,8,54,159,198,46,144,209,49,3,94,217,121,128,218,195,114,128,0,0,30,0,29,0,4,0,0,0
11,7,0,0,0,2,243,196,212,134,33,129,204,160,66,48,77,190,191,196,84,93,8,0,0,6,8,14,2,10,0,1
0,0,22,0,23,0,71,235,229,79,147,17,214,62,113,249,94,191,195,87,228,30,13,19,28,0,10,0,35,0,30,18
0,16,0,9,61,22,0,75,210,144,136,66,156,123,194,197,190,160,164,72,9,0,33,0,0,0,0,27,0,11,0,0
4,0,46,0,35,0,0,16,18,43,10,55,81,174,127,197,187,223,16,32,21,0,47,45,0,44,0,0,0,0,0,48
0,0,48,0,0,0,0,11,17,7,0,10,0,0,173,170,119,0,0,5,0,13,9,0,32,3,21,11,12,0,0,0
17,18,32,35,55,16,19,11,49,10,0,0,0,30,18,0,0,0,0,0,0,4,0,25,12,2,0,0,0,0,0,25
0,4,0,0,67,25,10,13,159,79,0,12,24,13,23,0,66,107,7,0,0,28,0,0,0,36,44,0,27,11,0,0
11,0,25,8,26,0,29,35,212,206,0,14,0,9,0,28,76,223,0,34,0,0,11,0,0,0,0,0,0,5,3,0
0,0,0,5,26,0,9,11,12,130,18,25,0,0,20,0,163,95,6,40,0,5,9,0,0,8,21,17,14,0,33,0
0,43,12,0,52,10,21,13,153,10,5,35,0,0,0,16,119,0,25,22,10,1,0,0,0,33,14,0,43,0,11,0
0,0,51,0,27,15,29,9,130,98,13,18,18,8,8,10,48,0,12,18,14,0,0,40,6,10,47,14,0,32,0,0
0,0,16,21,48,0,12,3,23,223,0,12,0,0,1,7,9,0,8,0,0,1,5,7,0,70,150,134,11,22,10,10
0,6,3,21,0,38,43,0,7,10,121,0,0,0,0,0,0,30,0,0,10,0,6,19,0,99,165,26,1,19,14,0
138,168,0,10,0,31,0,25,3,130,0,0,0,0,0,0,0,0,0,1,14,0,0,0,36,95,89,0,0,9,0,0
1,22,40,0,0,44,2,16,28,3,42,0,9,17,35,27,31,13,0,0,0,44,0,0,61,49,38,19,22,17,0,0
53,168,72,0,0,12,11,0,0,0,20,0,13,21,0,36,23,0,16,0,0,0,37,12,230,7,0,0,0,0,46,0
0,38,98,223,11,0,19,10,0,1,28,40,0,0,0,0,0,0,31,8,0,32,12,88,77,0,0,14,0,22,20,0
0,0,48,168,149,6,11,6,10,2,0,42,0,0,26,38,38,0,19,0,0,0,0,29,61,69,22,0,17,59,0,0
0,4,31,110,65,18,30,3,0,0,8,0,0,0,0,1,6,3,2,4,0,6,118,24,0,0,0,7,11,0,0,0
0,5,0,0,38,17,25,34,7,0,0,36,0,0,0,0,32,8,9,0,19,30,198,0,0,0,8,15,0,16,0,0
2,0,19,40,20,0,40,0,0,5,0,1,0,0,0,0,0,10,0,6,0,0,17,0,0,0,0,1,0,7,0,4
0,25,0,0,28,27,16,21,9,0,25,8,3,24,22,0,31,18,16,0,25,0,0,0,0,0,21,36,19,0,30,40
0,0,0,0,53,23,31,231,196,49,4,0,0,0,6,37,123,0,19,111,16,8,4,0,10,0,0,0,0,0,0,0
0,0,17,6,28,16,0,13,117,155,25,16,17,15,3,0,53,20,113,43,11,0,0,0,13,0,14,0,0,2,25,0
0,0,19,9,46,18,0,223,173,115,55,0,0,18,12,13,0,0,73,140,14,0,0,21,0,3,7,0,0,0,17,0
0,22,0,0,46,0,4,248,191,115,88,7,0,1,54,11,39,0,9,25,27,36,0,0,9,0,64,9,37,0,13,0
29,3,39,0,40,0,27,157,17,97,198,137,0,1,33,25,33,7,0,26,0,13,2,28,0,0,0,0,22,0,23,0
10,0,14,2,2,0,0,184,208,31,241,182,13,49,27,0,16,145,0,13,0,8,29,0,4,0,0,107,246,9,1,17
0,32,0,0,0,0,24,240,178,240,47,67,0,0,27,16,51,218,39,4,8,0,0,33,0,0,36,95,27,6,11,0
23,26,0,0,0,15,129,110,83,16,194,232,18,0,54,27,3,130,224,0,0,0,2,3,0,17,127,129,60,20,21,14
50,14,51,0,0,0,1,203,127,18,83,190,0,0,71,65,250,187,143,226,41,0,76,23,3,0,0,0,0,0,12,0
0,1,0,8,0,0,49,124,254,25,173,14,60,51,37,197,247,121,191,196,78,143,0,5,0,0,23,33,0,2,17,17
0,1,13,0,0,0,220,194,210,155,227,92,166,141,44,239,29,157,189,195,72,82,10,29,0,8,0,19,14,3,0,23
34,0,51,26,22,26,64,255,226,114,117,35,218,10,129,189,92,165,191,85,220,0,0,18,0,38,36,0,0,4,0,23
0,0,0,1,0,10,0,46,13,187,92,106,134,93,195,197,187,88,126,87,29,5,20,2,0,0,15,16,14,0,0,8
22,0,0,0,15,10,30,21,45,0,12,23,0,196,45,188,118,13,42,33,13,29,0,0,0,0,0,0,14,17,0,28
0,0,8,24,0,25,0,0,0,38,0,0,0,20,219,138,105,0,0,0,29,0,0,5,6,0,0,41,0,0,0,66
16,13,11,0,0,0,0,37,0,21,0,0,52,16,0,0,0,0,0,8,0,0,0,20,0,0,44,19,1,0,5,0
43,1,0,0,0,0,28,6,171,58,0,0,0,0,3,0,73,99,0,3,0,20,0,2,0,22,0,0,18,10,17,0
3,0,0,33,53,0,33,0,155,232,0,2,0,0,19,0,58,33,0,0,6,38,16,0,1,0,0,41,0,45,0,0
0,0,0,16,0,0,0,21,36,76,20,13,26,0,0,5,135,112,0,7,0,3,0,0,0,0,31,29,0,0,0,0
7,10,0,0,0,1,12,0,137,6,0,0,0,0,7,21,84,11,0,0,0,0,0,5,12,7,0,12,0,1,13,0
2,1,0,0,0,4,0,0,64,138,8,30,0,26,24,0,32,14,0,22,19,0,0,15,4,0,90,0,0,0,7,0
0,15,17,0,0,0,17,10,0,187,0,0,12,22,14,0,0,0,0,0,0,2,15,0,12,84,142,149,0,0,16,0
40,19,39,0,0,1,0,0,1,59,124,1,0,30,0,0,62,0,0,0,0,39,0,32,0,53,160,95,48,24,0,0
106,157,0,6,0,24,9,0,0,72,3,6,0,0,0,0,2,18,5,6,0,0,0,0,33,121,109,7,1,0,0,0
231,6,62,6,0,5,1,0,8,21,7,16,31,9,8,0,0,23,2,6,3,0,0,11,46,102,0,7,6,23,0,16
94,97,30,18,0,0,0,0,0,0,37,27,5,23,0,32,29,0,8,0,23,34,0,0,211,25,0,0,15,0,51,117
102,53,108,179,9,26,36,0,6,29,8,26,0,0,0,0,0,16,0,0,0,24,0,76,243,0,0,28,12,13,14,0
14,0,43,174,67,0,0,26,0,10,14,9,0,18,19,8,0,0,12,1,0,16,22,8,17,0,0,0,0,0,10,15
0,6,17,74,23,29,12,0,6,0,0,23,15,33,0,0,13,22,0,0,0,29,156,52,0,0,0,46,26,0,0,46
73,6,0,0,27,242,0,17,4,12,24,29,14,26,0,0,44,21,3,13,0,0,161,24,0,0,29,0,0,10,6,0
0,25,0,32,6,0,51,0,0,13,0,0,0,37,0,40,6,0,0,4,20,54,0,6,0,0,0,21,54,0,16,14
13,20,8,11,0,17,5,27,0,18,17,0,0,0,16,0,0,0,0,0,1,0,0,0,0,21,0,15,18,0,10,0
0,12,0,0,0,7,0,223,204,56,0,0,0,8,2,9,96,16,0,147,0,0,0,12,0,7,0,0,0,0,0,16
0,0,3,27,0,0,1,28,132,84,43,32,0,0,20,0,30,0,112,80,9,0,22,0,2,7,0,0,20,0,0,0
0,0,0,49,0,0,0,193,136,160,65,0,0,0,0,27,0,4,49,152,2,17,0,0,0,15,0,0,0,0,26,33
10,20,0,0,0,0,0,172,202,90,123,33,0,0,0,0,12,0,0,13,0,0,26,0,23,0,12,0,0,0,22,0
7,0,2,0,0,0,5,210,231,73,241,157,11,20,0,0,5,0,1,4,0,0,0,0,15,3,9,0,0,0,0,6
18,5,13,0,4,0,13,223,217,4,176,241,30,0,19,0,52,109,31,0,9,0,5,15,1,0,13,42,232,53,1,5
30,0,16,0,11,0,0,48,141,27,0,37,0,7,0,52,4,160,0,0,0,0,0,9,0,2,44,22,178,216,13,26
2,0,0,0,10,0,150,100,110,35,199,210,0,0,12,44,205,106,237,24,19,0,0,0,0,0,74,225,52,41,0,6
0,0,0,0,16,23,8,197,189,52,48,177,7,24,48,45,41,197,191,234,11,0,0,6,5,0,0,0,10,0,0,10
2,9,9,0,5,19,75,125,226,42,145,173,76,87,14,159,49,122,158,249,108,182,6,0,7,9,7,57,0,0,2,89
14,7,0,0,6,12,41,194,36,176,229,67,204,112,68,38,249,148,166,195,63,114,0,0,0,41,0,0,20,0,15,19
17,2,0,30,15,0,43,204,247,98,129,66,220,236,66,195,72,74,191,81,0,0,0,23,0,0,0,28,33,0,9,3
0,0,18,29,0,7,6,32,61,125,148,133,171,101,197,186,190,160,77,64,30,23,0,0,0,0,7,0,0,33,17,0
0,6,0,0,12,0,8,3,44,45,55,15,20,170,40,192,167,45,15,24,23,32,0,6,0,0,0,31,0,12,2,24
5,9,0,0,44,28,3,0,0,0,3,36,13,0,224,141,175,4,21,0,15,0,18,0,0,13,2,0,27,0,11,45
17,0,4,0,16,26,23,22,0,3,0,4,33,0,0,0,0,0,3,0,35,0,0,6,0,8,0,26,0,2,0,0
23,0,47,0,47,0,0,0,118,69,0,27,0,22,6,13,73,102,21,0,0,0,0,16,0,11,0,0,20,34,0,0
14,0,40,19,34,12,0,27,144,214,28,17,0,0,0,29,70,36,0,0,30,0,3,0,1,0,33,0,13,18,0,0
12,0,0,0,45,10,0,8,40,80,6,2,60,16,0,0,185,88,0,0,7,18,30,4,0,29,15,0,33,0,0,10
14,0,36,27,16,0,5,34,181,162,0,21,34,22,9,0,91,4,0,30,0,52,15,0,22,0,31,17,34,13,25,0
24,2,0,0,0,13,0,0,89,39,0,0,0,0,0,0,36,4,0,3,0,0,0,0,0,0,73,18,14,2,0,0
22,5,0,0,1,30,7,0,13,198,9,0,0,0,4,0,3,0,11,12,0,15,0,1,7,80,125,60,0,9,0,0
26,33,43,0,0,0,2,0,0,41,78,0,0,18,21,13,14,0,0,0,0,13,0,10,3,58,205,75,16,20,0,31
154,148,0,21,0,0,37,10,28,104,60,5,0,32,0,0,0,35,0,6,0,16,9,0,61,128,62,56,0,0,0,3
224,33,64,36,70,3,64,0,21,19,5,0,8,9,0,3,0,13,9,12,24,1,41,9,78,80,0,8,0,0,12,59
29,64,64,0,10,0,0,0,0,0,4,16,0,14,40,10,0,0,0,0,8,19,0,0,225,0,0,1,5,0,32,21
41,27,166,68,0,29,0,3,0,0,0,8,0,0,10,7,6,0,3,6,0,0,25,90,244,12,13,12,0,31,0,0
9,0,26,163,27,0,45,0,0,3,21,36,0,0,31,0,0,0,0,44,0,4,0,0,65,0,5,0,16,39,0,0
0,4,28,69,6,63,0,0,0,2,2,7,29,0,1,34,3,13,0,0,0,0,116,43,0,14,0,0,0,32,19,0
0,8,0,0,51,183,40,5,0,0,0,22,0,38,18,4,0,21,0,12,12,0,128,0,14,0,0,0,5,23,4,0
10,3,21,0,0,11,46,0,0,0,17,0,25,0,4,8,23,8,0,51,0,2,0,16,3,0,0,1,13,5,0,6
0,22,0,30,17,5,24,8,25,10,0,17,0,0,34,40,46,0,18,7,0,9,0,32,3,0,3,0,25,47,0,0
2,17,0,0,0,22,19,223,214,64,0,0,0,18,24,0,77,1,35,84,15,0,48,0,16,7,15,0,0,23,31,3
8,0,0,27,19,23,16,26,104,105,0,0,64,17,0,21,30,14,88,86,0,20,6,25,41,0,5,0,0,0,3,14
14,0,14,0,4,15,8,226,187,135,26,1,0,27,24,0,12,0,57,163,0,0,8,0,7,0,9,0,0,19,39,0
11,2,15,2,1,16,0,227,181,157,157,0,0,25,29,0,9,18,6,0,0,0,0,0,0,0,0,26,0,0,17,29
8,16,23,0,109,15,33,174,13,105,226,92,13,28,20,5,2,32,0,0,0,10,0,16,24,36,43,0,24,0,0,0
0,0,0,25,0,0,13,253,208,7,244,205,37,16,7,0,12,97,17,0,0,13,0,0,0,0,16,55,239,17,8,1
0,0,21,27,8,7,5,7,160,41,80,39,0,0,0,0,241,182,1,0,0,10,0,0,0,2,75,49,192,187,10,0
0,15,36,0,0,0,149,139,98,245,188,205,0,0,20,38,241,223,223,69,0,20,0,0,0,9,118,216,60,0,0,0
0,29,0,0,0,12,62,157,238,49,73,188,0,2,40,79,213,186,135,215,0,4,0,11,0,0,0,0,0,9,23,0
12,0,6,0,0,0,91,195,253,86,112,225,59,105,84,180,181,120,162,74,131,185,3,14,7,0,0,11,0,4,0,87
0,20,0,5,0,0,207,186,255,162,45,84,235,160,83,250,209,66,179,188,81,107,0,1,0,0,0,0,0,6,0,13
0,25,0,0,0,0,47,208,241,99,183,65,209,54,46,168,109,185,189,46,224,10,0,0,0,4,0,0,0,0,63,0
4,16,1,0,0,7,34,109,80,223,174,245,33,158,196,197,187,193,81,62,3,17,0,18,27,2,15,31,35,4,11,0
25,0,0,23,25,20,16,36,52,36,83,11,0,254,29,189,157,72,48,12,40,33,2,0,0,5,36,25,0,9,0,0
14,0,0,0,5,0,0,0,0,1,0,0,48,0,189,216,117,0,3,6,7,25,26,0,0,0,0,6,17,9,2,16
0,0,0,38,19,0,0,31,0,13,0,0,34,37,0,0,0,0,0,0,28,0,0,0,7,0,0,25,0,0,7,0
16,0,10,7,12,0,11,51,185,83,1,0,23,0,0,0,130,109,29,17,0,0,6,41,1,15,0,0,0,46,11,26
0,6,0,20,0,0,0,2,80,226,11,0,28,44,9,11,76,23,0,31,0,1,0,16,0,0,9,0,0,27,5,0
2,10,16,25,0,35,0,0,33,73,0,0,0,12,2,0,129,82,1,26,25,4,13,0,2,23,10,0,0,0,0,35
8,0,0,24,0,5,14,0,147,168,1,0,0,8,0,0,68,0,17,7,36,0,16,0,0,2,1,6,2,7,2,0
16,19,0,2,20,0,0,11,129,55,16,2,0,6,6,0,58,0,0,7,0,0,0,0,3,0,51,0,14,8,10,28
0,0,0,12,0,13,20,0,0,206,21,0,25,4,24,14,13,0,0,0,4,0,0,29,17,67,173,94,0,17,0,11
0,9,0,0,0,0,0,0,0,222,41,0,0,8,13,0,28,0,0,0,0,0,0,0,0,64,212,90,0,0,32,20
49,164,16,30,0,0,0,40,0,71,0,39,5,7,0,14,0,0,0,0,0,0,1,14,13,159,202,0,0,0,24,0
228,190,32,0,0,0,3,0,0,0,14,2,0,0,4,0,0,0,0,0,0,0,0,0,60,95,5,0,17,0,4,53
0,242,59,0,8,19,14,0,28,23,0,18,0,45,2,25,22,21,30,0,10,23,9,0,233,22,0,43,54,0,13,70
0,35,71,42,0,0,30,0,0,11,0,4,0,24,6,0,0,0,6,31,18,0,0,125,14,0,0,0,0,0,0,22
0,0,59,161,40,0,34,0,14,8,0,34,16,16,0,0,0,0,3,0,4,0,16,9,38,0,7,0,0,9,0,19
0,29,19,40,139,106,0,17,0,9,19,0,24,10,2,0,0,0,19,0,20,0,106,69,16,0,0,2,14,16,42,2
76,0,28,21,30,199,0,0,0,0,0,0,0,0,30,28,0,0,0,0,0,24,90,4,3,0,0,0,0,46,0,0
53,0,17,13,40,0,16,0,0,11,0,2,7,22,22,0,30,14,3,2,0,1,9,32,0,0,29,2,26,7,0,0
7,0,0,0,0,8,18,0,16,0,0,6,16,13,0,8,4,9,0,0,0,0,6,0,17,0,0,0,0,0,15,0
0,0,28,17,27,0,6,6,166,50,49,1,0,0,3,22,64,6,0,77,5,11,10,7,0,20,14,8,22,15,3,0
0,0,6,14,0,0,0,242,77,92,48,17,0,4,29,2,58,0,87,141,0,0,14,53,21,16,0,0,23,9,0,0
8,0,62,1,0,0,0,208,197,95,80,5,0,14,0,19,25,0,69,167,12,0,0,12,14,9,0,4,0,13,0,0
0,0,35,8,0,11,24,32,213,136,160,14,13,0,0,0,0,8,0,0,0,0,26,3,0,0,26,0,0,62,24,46
0,17,0,6,0,0,19,209,11,70,240,139,4,12,10,0,0,9,0,0,0,1,0,0,3,10,12,0,0,2,0,50
6,1,5,1,0,0,12,229,204,6,235,183,0,10,0,16,48,101,31,0,38,0,30,14,16,0,0,55,148,199,16,66
24,26,0,28,10,0,34,44,193,41,48,27,0,0,12,20,4,174,52,0,2,27,8,0,0,0,0,145,51,233,29,45
0,23,0,32,10,0,105,122,131,237,14,170,0,17,44,81,48,154,204,0,0,0,12,14,1,42,248,122,52,0,4,0
20,0,18,2,0,2,26,234,174,62,59,192,0,0,56,59,253,192,80,213,13,17,3,0,0,0,0,23,35,0,0,11
0,0,3,47,0,11,62,190,215,10,130,16,26,9,51,53,194,54,222,57,122,230,0,0,0,0,30,0,36,0,5,28
0,0,0,17,26,0,173,191,148,135,39,87,233,157,27,205,35,192,173,193,45,117,0,0,0,0,0,26,0,0,16,17
0,11,0,0,0,9,31,192,177,60,144,107,195,60,10,227,186,191,195,57,192,10,0,0,3,2,0,0,0,32,14,60
11,0,0,0,37,17,38,58,214,204,126,134,223,201,196,189,193,197,178,66,62,7,35,0,0,6,0,6,27,8,8,0
0,0,3,0,0,2,9,33,20,4,24,29,33,180,222,196,197,2,30,21,2,0,14,12,5,14,27,0,21,7,0,7
2,21,0,0,0,2,0,0,4,4,19,0,3,22,209,212,89,0,0,0,0,0,0,28,0,0,0,0,0,0,11,0
0,1,0,5,5,22,0,0,6,23,9,26,0,0,0,9,0,0,0,2,0,2,0,0,0,28,24,0,0,12,0,21
3,0,0,1,7,20,16,0,195,70,0,0,43,0,0,0,144,77,14,27,2,0,17,0,0,31,0,29,0,23,0,10
0,0,26,0,0,20,0,0,7,217,0,0,0,10,5,11,107,10,0,14,17,0,36,9,0,0,8,1,14,0,7,22
0,6,29,7,0,0,0,0,163,140,20,21,0,10,0,2,37,105,0,0,0,27,0,0,0,9,0,4,21,13,12,0
17,0,8,0,0,0,0,0,142,179,21,0,0,0,0,0,68,3,0,15,3,0,19,0,1,0,34,5,0,38,0,0
31,0,0,18,0,0,27,28,106,4,26,12,49,0,0,16,50,0,12,0,27,0,73,4,34,0,90,0,0,0,0,14
0,0,0,0,8,0,17,0,6,167,18,5,2,20,9,0,2,0,0,8,0,5,0,1,0,66,180,82,0,11,0,3
0,45,0,0,24,26,31,26,0,174,99,8,5,14,7,12,0,21,44,18,54,9,45,27,0,127,183,35,0,0,44,0
89,105,12,30,42,0,34,0,0,42,21,10,30,0,11,50,24,0,33,0,0,27,0,4,18,159,167,7,2,44,0,0
245,250,26,7,19,0,0,11,0,9,0,0,41,1,0,8,31,12,37,0,0,0,61,4,113,107,1,0,0,0,0,0
44,224,59,2,20,12,0,6,17,9,0,0,4,0,9,0,6,8,0,0,0,29,0,0,32,11,9,4,39,0,0,13
0,0,61,231,35,0,0,0,0,5,0,0,0,19,10,27,0,2,0,6,0,0,1,114,252,5,0,14,0,14,0,22
0,22,0,67,29,6,1,23,12,8,26,0,0,25,0,0,0,19,0,7,2,0,16,4,73,0,0,35,0,1,4,0
0,0,0,125,61,66,0,35,0,0,0,0,8,0,32,38,26,0,0,30,29,3,223,49,21,26,66,0,2,21,6,27
0,7,19,37,75,241,1,0,0,11,2,17,0,20,3,2,5,0,0,26,0,49,195,3,0,0,23,0,28,23,5,9
0,13,0,29,24,22,4,0,11,39,0,26,25,8,0,0,0,0,30,0,0,12,19,0,0,0,15,0,0,0,20,14
0,0,19,0,0,28,25,17,0,8,22,27,15,0,0,32,48,0,7,0,4,40,0,0,0,31,2,0,26,0,28,51
21,0,23,27,0,0,5,62,195,24,7,0,0,0,24,10,21,0,0,195,0,19,0,0,0,53,69,0,0,3,6,0
11,0,30,14,23,0,21,23,115,104,13,4,2,3,7,0,17,17,135,83,0,7,13,0,0,0,0,3,20,0,0,0
14,20,0,0,16,54,0,191,197,88,63,1,0,27,0,0,1,0,49,177,17,0,0,1,0,23,0,0,32,4,0,0
8,21,31,0,0,64,8,180,203,110,144,0,8,10,24,0,1,33,0,0,0,21,0,0,0,26,0,22,21,0,35,3
46,0,5,43,9,0,0,198,234,106,205,141,0,0,12,22,17,0,0,4,0,13,0,0,0,15,2,0,0,33,0,20
0,26,3,0,0,1,3,27,229,4,30,220,0,0,0,0,41,92,7,0,16,35,0,0,0,16,29,75,209,212,40,0
15,0,11,11,0,11,0,20,164,34,33,26,0,0,0,48,232,181,18,12,7,4,58,8,0,2,39,142,231,2,0,0
0,0,9,0,16,2,129,80,118,232,0,165,11,0,0,28,26,172,226,11,23,0,22,44,14,0,21,106,35,0,0,48
0,10,0,0,0,1,21,185,125,76,32,157,0,21,23,62,40,196,129,240,13,9,1,0,9,0,0,35,0,0,47,35
0,0,0,0,11,0,55,65,185,84,102,226,0,115,73,217,250,173,29,31,145,209,0,0,18,0,0,37,0,19,0,0
42,0,0,18,19,0,113,184,27,90,90,26,255,154,52,123,8,171,185,196,115,109,15,12,0,0,0,11,0,0,9,0
13,16,0,0,0,0,38,156,176,22,85,195,1,81,30,121,140,189,194,80,240,39,3,0,0,19,14,29,7,0,39,32
0,0,0,0,0,25,0,4,109,161,109,29,178,178,197,192,189,195,171,67,0,7,0,28,0,0,0,0,0,30,0,0
4,10,5,0,0,0,2,41,30,35,52,34,20,208,203,196,197,40,56,0,18,0,5,25,0,3,34,0,44,0,6,83
0,17,0,0,0,16,0,0,0,17,9,0,13,0,222,204,85,0,0,14,0,11,0,20,3,0,0,0,0,44,23,0
16,0,15,0,9,15,0,25,0,0,0,0,13,5,8,0,0,25,0,29,8,0,0,15,28,0,35,0,33,0,24,5
4,0,26,4,33,0,37,23,181,105,29,17,0,0,0,22,160,142,25,0,50,0,0,0,0,21,13,0,0,0,10,23
0,0,21,9,0,0,23,24,215,231,0,39,27,0,0,33,82,216,0,7,0,13,0,7,1,0,0,0,7,20,0,0
23,0,0,43,0,0,9,0,208,176,16,0,34,20,37,0,42,125,0,12,32,7,29,4,19,0,11,0,12,28,0,0
0,11,19,20,3,3,1,21,93,215,0,4,11,0,0,0,93,16,0,0,0,9,9,1,2,21,18,5,23,0,0,0
8,0,0,0,13,0,11,26,83,80,0,19,0,6,0,5,48,0,4,24,0,16,0,10,11,0,96,3,11,0,3,0
0,50,0,0,16,0,0,24,26,138,0,31,0,0,25,0,31,5,0,10,15,7,0,0,0,84,192,100,13,23,0,35
17,0,3,0,0,0,14,56,0,238,62,6,0,0,18,60,18,0,0,3,0,0,0,0,24,90,64,12,39,0,31,17
238,163,17,0,38,0,48,2,0,75,66,0,0,4,4,0,5,16,9,0,0,33,0,25,30,139,195,11,0,0,10,0
193,253,56,5,1,24,3,0,0,0,0,3,0,0,20,0,0,0,13,36,0,0,64,0,45,159,0,0,0,44,2,56
68,229,82,6,0,0,32,18,8,0,0,13,20,20,0,0,41,0,0,33,0,0,12,9,43,8,0,0,31,52,0,0
13,57,56,251,28,0,0,1,14,0,0,21,13,0,17,5,29,12,17,8,31,0,11,197,45,0,23,0,0,0,0,19
0,0,11,142,193,0,28,18,1,44,0,0,0,21,0,0,13,25,10,8,0,17,1,0,39,29,0,1,0,28,0,41
0,0,0,124,4,219,15,39,32,35,32,1,48,30,0,0,3,30,21,0,54,11,133,44,0,0,0,16,36,0,30,27
0,0,0,0,28,9,11,0,0,9,0,0,0,0,24,0,0,0,0,0,0,56,30,0,0,43,0,1,0,4,11,0
0,21,33,0,29,34,56,3,0,0,21,0,0,41,0,0,42,0,10,0,8,34,22,1,12,0,15,24,40,0,24,61
0,0,0,45,6,0,8,0,5,17,17,0,0,0,1,23,0,0,15,20,2,10,40,9,0,0,10,0,0,14,0,49
0,0,0,0,30,9,0,81,87,30,0,39,7,0,1,38,61,0,0,223,0,0,0,50,8,0,52,7,1,18,0,2
17,2,38,35,55,0,40,246,168,119,19,55,29,1,0,16,87,9,176,31,0,0,0,40,0,0,0,0,0,0,22,48
0,9,0,0,0,1,0,203,147,82,13,28,0,0,49,15,40,4,86,227,34,0,1,0,27,21,45,0,36,0,25,0
31,6,19,0,33,15,1,189,208,116,98,9,17,0,19,0,22,0,41,0,26,0,22,0,0,10,0,0,0,9,0,28
0,23,9,0,0,28,0,8,46,114,195,81,0,0,14,0,45,0,29,0,28,19,0,0,0,0,0,0,33,0,36,0
0,9,0,0,0,3,0,213,207,247,201,138,0,0,0,0,44,106,47,36,15,11,0,0,0,0,0,69,249,197,0,0
0,0,24,6,0,0,42,235,192,57,43,79,0,6,0,64,7,218,10,21,16,0,40,17,10,0,55,153,198,227,0,0
52,13,16,0,38,29,118,38,69,246,204,134,0,0,13,79,37,164,227,6,0,8,5,26,2,0,19,168,50,41,0,0
12,0,9,29,14,59,10,193,95,28,1,165,0,35,40,39,40,191,159,229,0,0,0,37,0,0,1,45,48,0,0,0
45,31,32,0,72,0,31,20,173,33,103,11,45,91,93,0,38,150,255,69,184,219,0,0,33,1,36,0,0,0,11,43
18,36,0,0,3,10,171,194,240,137,100,12,179,163,96,237,73,159,195,192,166,82,0,0,0,9,20,0,8,0,37,10
0,8,3,5,0,0,20,166,104,242,137,238,246,78,105,99,100,195,196,92,1,25,16,0,22,0,47,12,22,28,0,0
10,0,0,43,8,0,1,5,103,226,152,22,101,167,197,188,192,197,237,36,0,47,0,0,30,0,0,32,37,0,0,97
0,0,0,30,26,0,6,1,41,48,16,65,0,203,208,190,190,17,107,26,8,0,0,19,0,0,0,36,0,24,0,25
0,0,0,0,0,17,0,0,64,0,31,9,0,7,210,139,121,34,7,0,0,0,42,11,11,6,43,0,0,0,0,0
0,9,0,14,0,0,0,0,11,0,0,2,0,0,0,0,0,12,5,0,0,0,0,6,0,15,0,35,0,0,0,0
