34,0,0,9,0,5,47,31,0,9,30,9,10,32,0,0,0,0,0,35,10,3,0,0,13,0,0,0,43,3,2,6
0,0,10,0,14,32,34,0,25,27,48,140,226,0,2,9,0,0,17,6,185,146,71,2,0,0,0,0,19,3,17,39
0,0,0,41,0,7,1,42,4,0,10,17,63,5,10,5,0,38,0,5,62,82,0,13,0,30,35,16,0,3,7,6
1,0,31,17,0,0,0,0,7,1,152,50,24,0,21,0,19,0,13,2,38,129,2,0,0,0,55,6,0,9,4,0
0,9,22,0,17,33,27,0,18,0,17,43,15,7,19,34,14,28,47,0,0,0,0,1,0,0,0,0,37,12,48,58
22,13,0,38,0,0,0,10,4,0,168,105,12,0,27,0,2,11,8,0,0,5,38,0,58,2,15,0,0,0,24,0
0,0,0,34,12,0,5,33,0,0,57,8,0,31,0,0,11,0,0,16,0,0,40,25,0,1,33,58,23,16,0,20
4,0,0,0,0,34,0,0,11,0,18,0,0,0,18,4,0,0,17,0,2,7,0,0,0,7,178,126,52,0,0,40
0,9,0,0,33,17,6,0,43,38,6,2,2,5,21,0,10,0,50,0,28,7,0,22,0,48,151,193,4,24,0,0
0,0,0,22,0,0,0,0,0,2,0,26,8,0,31,20,9,0,0,0,0,29,0,0,0,0,34,0,0,0,0,44
10,27,27,0,0,0,0,0,0,0,18,0,0,0,9,0,6,0,0,0,0,10,0,21,136,30,0,33,25,0,0,0
16,0,0,9,26,0,0,16,0,0,0,26,4,0,0,12,0,11,4,0,0,0,39,0,20,0,7,3,0,5,13,19
142,0,0,8,11,0,0,0,5,4,0,62,0,0,0,0,5,5,12,1,5,1,4,14,27,0,10,2,0,45,0,25
45,27,80,66,3,13,0,0,0,35,0,0,0,0,6,0,12,41,12,0,0,0,0,17,0,27,0,0,0,0,0,5
21,70,6,0,10,0,12,36,7,1,157,18,2,0,6,5,14,0,2,0,1,18,17,0,0,11,10,51,0,12,32,5
82,74,0,13,10,31,77,110,69,195,197,139,71,83,119,58,45,8,0,0,0,6,0,0,45,17,49,34,21,244,106,183
45,101,23,3,44,55,82,73,69,188,192,140,102,6,146,14,46,44,5,15,0,9,36,0,30,54,66,115,191,80,212,28
13,0,28,0,24,38,0,0,0,111,197,16,40,190,161,30,5,0,14,23,22,0,0,0,0,132,31,101,39,0,20,16
8,0,8,0,0,17,0,0,0,238,221,154,58,33,134,0,39,0,0,26,0,0,0,0,197,121,0,8,5,0,12,0
27,15,0,25,0,10,0,19,26,149,145,0,0,0,29,1,21,8,0,23,0,0,45,0,81,0,0,1,0,19,0,10
0,17,0,0,2,38,0,133,166,246,104,30,23,50,5,0,1,42,16,0,0,52,24,0,0,0,2,19,27,0,23,8
0,0,18,194,156,62,69,150,243,206,90,0,0,40,22,0,0,0,0,24,0,24,0,39,0,0,0,0,0,63,5,0
3,0,35,160,177,136,196,14,12,173,220,12,0,0,0,58,153,27,49,205,0,0,0,0,0,6,0,12,6,32,0,26
7,0,14,37,50,180,196,185,69,97,0,0,0,8,253,0,83,150,166,77,0,0,20,1,25,10,21,0,0,5,0,0
0,0,40,44,91,128,58,97,119,105,0,1,0,124,91,52,180,157,201,15,16,25,0,6,0,28,0,29,0,0,0,23
34,0,0,17,215,102,186,85,9,238,244,0,79,157,233,17,221,217,0,3,11,0,53,5,24,8,0,0,0,0,0,30
0,0,0,37,37,187,192,196,251,234,129,187,52,108,33,9,227,56,37,14,18,18,59,5,0,6,23,4,0,6,18,29
29,0,48,11,61,102,195,188,2,29,100,63,163,170,42,134,50,53,16,20,13,0,41,0,21,0,0,0,2,1,15,0
0,0,78,8,36,0,85,102,109,150,126,152,246,60,23,195,126,0,0,21,0,2,22,31,2,0,0,0,0,10,0,4
15,0,0,0,6,11,17,0,0,35,0,0,218,113,134,61,0,0,28,0,0,0,0,22,0,3,0,0,0,16,0,23
0,13,0,3,5,0,22,14,1,1,0,0,0,103,163,12,0,0,0,0,0,8,0,5,0,0,9,7,5,0,0,24
2,0,0,7,26,18,19,6,0,16,0,11,5,14,1,31,0,14,0,48,6,0,0,31,6,0,0,0,18,0,19,0
18,0,0,48,0,6,0,0,35,0,0,0,0,0,0,0,24,0,15,0,7,0,28,0,32,14,41,7,37,11,0,0
9,0,0,11,5,0,18,25,28,0,0,104,219,4,13,0,9,12,0,14,152,155,43,0,0,0,0,0,0,0,5,1
0,0,0,26,0,14,21,18,8,0,58,68,8,0,0,0,0,0,0,0,42,54,29,0,15,38,0,30,0,0,23,4
0,0,6,26,0,0,0,0,0,23,75,30,3,6,0,0,0,0,0,9,245,209,24,0,17,2,0,0,0,0,0,29
0,0,12,29,0,6,0,0,1,0,17,43,16,4,1,0,38,0,0,0,26,0,9,16,0,9,22,1,0,10,7,0
0,2,0,7,0,0,5,7,19,0,157,136,0,10,0,6,0,0,0,36,16,0,27,29,0,0,0,0,0,9,4,6
13,8,10,0,0,0,16,27,27,17,68,11,0,29,0,0,0,11,0,0,0,0,22,5,16,0,49,108,24,0,20,12
10,19,51,22,0,18,43,0,0,30,0,0,0,48,0,0,17,2,27,35,16,0,0,39,0,0,39,153,32,3,34,17
25,0,27,0,6,0,0,0,25,0,11,7,30,19,0,9,10,10,0,29,5,6,0,0,0,11,96,14,0,0,10,37
19,5,26,4,0,0,4,0,10,38,0,0,9,0,20,11,0,0,16,7,0,0,33,19,0,0,55,0,0,1,0,8
9,4,0,12,29,0,0,0,0,0,0,1,6,5,0,23,1,0,0,11,0,0,20,0,189,13,0,0,2,0,0,70
39,49,51,0,37,35,56,0,16,45,0,5,0,0,2,0,18,22,38,40,37,0,10,0,53,16,17,0,3,0,0,0
115,0,28,0,0,0,34,23,12,0,27,0,0,0,8,0,0,0,7,5,2,0,10,11,0,2,4,0,5,11,0,27
172,53,0,0,0,0,4,0,0,0,7,4,36,0,17,13,0,0,0,5,0,0,0,0,13,0,7,7,20,0,0,34
167,89,18,48,5,0,0,19,5,2,35,53,15,2,17,23,7,24,0,0,0,21,0,12,0,0,43,22,0,0,29,35
177,130,0,11,3,30,94,63,129,193,196,219,90,137,178,67,37,14,0,6,0,23,62,0,69,48,94,23,22,22,191,161
91,132,0,0,29,75,58,112,39,186,191,221,120,201,214,82,43,10,5,13,10,16,0,0,54,45,15,74,164,158,226,0
0,24,0,4,2,0,0,15,12,177,188,236,124,235,166,4,28,2,0,6,0,0,0,0,19,123,101,161,52,4,16,20
0,8,22,0,29,0,0,1,13,49,212,150,44,61,109,0,0,0,1,0,0,0,0,0,196,165,16,0,1,28,2,0
0,0,0,0,0,10,0,0,29,33,238,24,0,1,0,23,0,0,0,7,0,39,0,2,30,0,13,0,17,3,0,29
0,15,7,0,29,0,50,156,167,29,149,2,16,0,0,0,0,0,0,0,0,36,0,6,0,7,0,0,7,13,9,0
6,4,0,192,133,53,25,197,34,185,152,0,0,0,0,11,0,9,0,0,9,5,26,4,0,0,0,8,4,0,0,0
0,0,21,171,195,163,144,37,235,161,191,16,0,1,0,32,110,43,28,80,0,0,0,42,14,0,0,0,9,17,0,0
12,0,0,20,234,73,190,91,76,225,0,55,16,0,13,37,56,114,209,85,32,0,38,0,0,8,2,2,0,0,0,0
0,29,0,7,138,77,110,133,131,96,16,18,0,69,100,223,66,131,185,0,6,0,17,2,16,0,21,0,0,36,0,53
4,9,21,21,212,90,192,9,39,16,237,0,2,170,199,22,114,222,0,0,2,0,8,0,0,0,42,0,9,0,0,4
0,3,0,21,54,196,195,188,18,115,116,198,36,96,206,179,176,193,0,0,0,1,0,5,18,0,0,13,0,10,0,45
8,7,0,14,0,137,187,192,180,12,64,75,222,93,189,61,228,69,0,0,2,13,21,4,11,13,53,14,64,0,2,0
0,28,35,6,33,4,93,99,136,148,67,180,134,109,99,196,241,11,0,1,16,0,23,9,16,0,4,0,0,8,0,0
21,0,0,7,7,0,0,9,0,16,0,24,167,196,214,57,13,24,20,5,0,13,19,7,0,5,7,2,0,7,1,58
5,13,17,16,23,0,0,1,6,0,7,25,4,57,134,29,1,0,0,0,25,0,0,0,0,12,29,0,0,0,8,7
0,0,0,20,0,0,8,49,22,33,0,9,0,0,0,25,52,0,0,5,0,0,11,0,0,26,0,0,2,0,0,26
10,30,45,0,0,8,0,0,0,48,13,0,0,30,0,3,25,12,29,39,0,0,11,0,0,21,0,0,26,22,9,0
2,51,0,0,0,23,1,15,26,0,0,141,160,0,27,37,48,7,44,0,164,180,43,0,0,15,2,52,24,0,48,0
20,5,37,0,7,11,4,10,28,0,40,51,6,17,10,0,3,0,0,0,105,87,16,0,0,29,33,10,0,0,3,4
5,19,36,13,0,0,0,2,33,12,166,5,14,9,27,0,5,9,20,0,41,3,29,0,0,0,0,0,16,4,9,0
0,0,0,0,0,0,20,0,16,0,0,124,0,0,2,0,0,0,0,0,34,0,0,0,7,19,12,0,0,0,0,40
0,0,0,3,0,0,0,59,0,0,114,128,17,0,16,3,0,0,0,20,33,10,76,8,24,26,12,15,0,0,4,0
0,0,42,23,7,0,31,0,0,20,25,0,0,0,21,0,3,1,0,0,0,0,12,11,0,16,49,67,52,20,39,11
0,27,3,0,10,16,0,11,0,0,0,16,0,0,25,0,21,19,0,6,0,0,43,0,0,15,110,230,37,0,21,0
55,0,71,0,4,3,25,0,33,0,0,9,26,26,23,16,0,5,0,27,24,0,38,1,0,30,144,212,0,0,0,55
0,8,0,26,0,0,0,12,27,0,0,0,0,0,0,0,1,4,0,40,0,0,0,0,26,0,53,0,0,16,0,31
16,11,0,13,0,0,0,0,0,3,0,5,0,0,2,6,0,8,12,14,31,0,10,0,142,0,0,0,0,0,0,0
44,0,0,26,32,0,14,18,28,9,0,0,13,21,22,0,4,3,17,1,0,0,0,16,10,0,0,0,14,0,8,1
124,11,24,11,0,0,28,12,27,2,33,10,11,0,32,0,14,43,2,0,0,0,0,9,0,0,37,0,0,0,0,67
107,71,0,0,0,40,0,24,14,0,22,28,69,0,10,0,0,21,0,5,0,0,31,0,29,0,25,15,26,18,0,0
188,160,1,0,0,8,0,0,4,113,197,37,0,7,9,0,7,1,0,11,0,0,0,5,0,24,3,0,0,0,71,9
201,170,0,32,52,56,61,80,4,195,197,182,42,167,191,43,51,39,0,7,6,17,0,0,41,25,32,72,252,68,137,76
91,134,32,47,52,9,27,124,71,189,195,197,103,249,193,64,38,34,0,10,0,3,39,0,27,40,52,146,184,141,252,12
32,46,63,11,34,0,30,24,0,150,189,209,120,247,195,0,34,13,24,8,38,0,0,31,13,130,124,188,38,44,50,0
0,0,27,21,56,0,12,7,10,230,201,176,26,118,159,5,0,0,12,0,25,0,21,0,196,181,0,2,0,0,0,0
6,0,0,0,0,34,3,9,0,16,222,6,38,3,0,12,0,0,0,0,0,0,30,0,60,7,16,8,0,0,0,0
3,10,0,9,0,12,16,182,188,14,99,16,0,3,0,27,0,0,5,0,0,0,16,18,0,20,0,0,6,8,0,48
0,14,0,191,46,84,194,32,31,0,191,8,0,0,4,24,0,0,25,36,0,32,0,0,0,0,0,0,0,41,0,2
44,7,0,185,195,149,186,63,195,197,183,0,4,8,18,3,177,48,72,186,0,0,2,0,0,9,0,7,0,0,21,0
0,3,1,31,223,154,182,126,115,16,39,0,9,8,52,17,82,96,169,87,0,0,5,14,0,0,11,17,9,0,27,0
2,2,25,0,84,48,79,195,115,166,12,16,0,102,138,23,115,161,248,47,3,18,0,0,10,2,18,0,0,9,12,5
1,26,2,0,19,188,192,251,80,226,191,29,11,160,184,57,91,76,8,30,23,5,53,0,0,7,0,0,20,0,48,0
5,0,0,46,0,141,187,191,17,162,167,226,38,76,16,196,242,32,8,1,31,0,31,2,0,12,0,8,0,0,0,6
3,0,0,48,29,144,197,195,146,226,70,64,174,227,156,79,50,42,0,23,6,1,0,0,19,0,9,0,2,0,0,0
0,8,13,4,2,23,84,42,201,168,109,164,24,102,139,189,240,24,19,23,0,12,0,43,17,0,7,3,0,0,30,3
4,24,71,0,0,46,0,2,0,36,0,0,196,186,192,44,0,0,39,38,0,0,0,0,0,4,0,0,42,0,45,0
10,44,0,0,0,19,0,0,0,26,0,0,0,106,210,15,0,11,0,0,0,0,0,3,0,21,0,0,5,0,5,53
0,7,0,1,0,0,0,0,11,0,6,18,0,0,22,36,15,0,0,0,0,0,0,10,0,0,0,0,6,11,17,18
2,0,14,0,45,21,9,0,0,0,0,43,0,31,0,0,8,0,0,4,20,5,2,0,8,0,6,22,2,9,24,26
5,0,0,0,0,0,6,0,2,7,7,125,29,0,18,10,55,0,0,5,151,156,0,10,14,6,0,0,9,7,16,20
4,0,1,13,0,0,0,0,10,0,32,64,0,0,0,26,46,26,14,0,71,109,10,0,25,13,12,7,9,0,0,28
4,5,0,2,0,0,20,12,1,0,156,127,22,0,20,9,28,6,0,0,32,232,0,0,11,0,34,0,34,0,18,5
0,10,5,0,0,0,0,14,0,16,5,114,29,0,24,36,7,4,3,20,66,22,16,0,9,5,0,0,0,18,14,44
0,3,61,12,15,9,0,17,0,0,125,76,8,5,41,0,8,8,0,0,0,0,0,18,0,0,25,0,10,14,16,0
1,0,0,0,0,0,5,0,0,0,80,0,0,0,23,0,30,13,31,0,0,0,0,0,0,0,0,134,58,0,0,33
0,0,0,40,0,0,0,20,0,0,24,38,9,0,8,0,11,1,0,12,0,0,44,0,29,27,152,221,0,0,5,0
16,0,0,0,27,0,4,0,0,9,0,2,0,0,0,0,0,0,0,8,13,0,26,9,16,56,136,84,7,6,0,0
0,0,0,3,0,5,4,14,0,18,12,5,0,0,0,0,0,8,2,0,4,0,41,3,0,0,43,0,17,25,0,41
0,14,0,12,0,0,0,0,29,0,1,0,0,24,46,0,0,0,0,7,3,0,0,11,210,0,0,9,6,25,1,0
61,32,0,0,7,12,0,0,21,8,0,0,0,6,0,0,17,39,33,0,10,0,0,10,18,0,69,0,20,0,42,0
117,0,25,47,24,0,0,0,0,0,0,0,0,25,7,0,0,19,5,0,0,0,0,3,0,0,0,0,0,12,0,0
162,104,0,0,0,0,0,0,0,9,0,0,5,2,0,0,18,0,42,0,13,0,5,0,0,2,0,0,0,0,14,9
23,135,0,0,0,0,28,0,0,57,188,37,12,4,35,0,5,0,0,0,0,7,38,4,0,0,27,0,1,0,0,47
134,176,0,30,44,52,67,63,26,194,197,172,56,161,128,47,63,25,0,11,0,0,30,53,15,42,23,29,23,27,160,183
90,153,12,26,68,92,60,89,60,193,189,206,73,248,177,68,68,26,25,0,25,7,15,0,65,33,75,178,197,159,237,5
16,29,0,8,6,22,24,0,10,105,197,220,118,252,252,23,29,0,0,18,0,31,0,0,37,182,233,230,119,24,32,0
21,8,0,15,0,0,0,8,4,237,199,149,60,88,149,29,0,5,0,0,0,21,0,39,197,25,0,1,15,0,3,0
13,0,23,0,0,0,0,0,0,83,201,0,7,0,0,3,0,0,0,0,0,0,0,5,27,55,16,0,0,52,23,0
3,0,83,0,55,39,11,107,134,19,112,0,0,12,26,0,25,22,0,0,0,0,0,0,22,0,44,0,14,0,27,0
0,6,55,193,31,63,248,135,47,190,199,0,0,7,24,0,7,2,21,16,3,7,0,0,0,23,21,0,8,18,0,4
0,24,37,184,193,83,194,64,162,190,207,9,21,8,0,13,174,53,49,188,1,0,0,0,12,4,6,5,11,19,0,0
10,0,4,29,187,85,105,112,27,247,16,0,20,0,24,40,93,94,246,140,0,0,0,13,0,19,7,28,10,22,0,78
30,30,0,0,134,123,146,163,86,124,0,1,0,133,148,62,135,233,93,50,26,10,17,1,17,1,29,0,24,0,23,7
0,0,8,10,228,138,128,211,59,234,39,18,134,145,246,33,112,95,3,0,12,15,75,0,26,12,0,0,10,7,0,0
7,0,0,0,69,105,189,194,3,189,159,28,130,166,54,184,83,24,0,25,0,0,0,6,0,7,0,0,0,0,24,0
5,19,11,4,60,64,195,197,138,17,64,71,185,37,196,109,18,33,30,21,41,0,42,17,17,40,0,13,19,22,19,0
42,0,60,42,0,0,98,92,213,204,173,205,23,139,192,196,34,0,23,24,0,25,8,0,0,0,1,0,12,0,3,0
26,0,0,0,74,18,63,8,38,58,55,46,96,195,183,157,26,9,32,18,0,0,21,0,8,0,0,14,0,0,0,13
0,1,13,9,0,0,0,0,43,10,6,18,99,180,0,0,1,0,0,7,24,18,4,12,10,0,0,0,0,0,7,25
21,0,30,0,0,2,31,16,17,0,19,0,7,0,0,29,0,0,5,0,0,0,6,18,0,0,71,2,25,0,0,18
18,0,0,36,21,5,0,10,0,14,0,0,6,13,0,12,43,0,0,29,0,6,0,0,0,0,30,0,27,3,21,0
0,20,0,0,0,3,0,4,32,40,0,125,245,19,0,0,23,23,0,0,152,174,37,37,30,0,42,11,3,17,11,0
26,0,15,29,0,0,0,28,0,0,56,82,53,0,21,47,0,0,0,0,22,89,0,0,0,1,1,0,0,20,0,36
15,0,41,0,15,0,11,0,11,0,102,49,0,38,16,0,6,7,14,18,78,196,21,27,0,0,0,0,0,0,0,0
9,23,94,9,0,10,22,12,5,0,0,108,0,0,11,0,14,16,0,0,70,0,19,0,0,6,0,0,0,1,0,0
6,11,39,21,16,0,15,3,0,9,124,131,0,12,5,0,10,27,16,0,16,0,0,36,1,0,11,0,25,19,12,0
0,31,52,0,16,0,13,0,21,23,78,0,0,36,0,0,9,0,2,34,0,0,16,42,0,0,17,74,4,30,0,0
0,3,36,0,0,0,19,0,42,12,29,0,17,4,17,0,0,7,0,0,6,0,0,0,5,2,112,216,2,11,0,26
39,12,0,0,0,0,0,25,0,0,0,5,19,5,14,0,0,8,2,8,0,0,0,33,0,31,164,71,41,12,10,0
0,0,20,0,0,5,11,0,0,0,24,0,0,11,0,35,0,10,0,0,1,25,0,17,18,0,51,34,29,13,0,0
0,8,12,0,33,46,0,9,11,3,37,13,0,0,17,13,0,5,0,0,7,35,0,19,137,19,0,5,0,24,4,19
31,25,13,4,9,0,8,0,22,2,39,9,20,13,29,0,30,6,17,16,0,11,40,0,13,19,21,0,5,0,5,17
85,3,0,2,0,0,0,0,26,0,0,7,0,8,0,0,0,13,0,0,11,0,0,0,0,2,0,31,20,0,14,0
80,85,0,0,37,0,26,0,0,0,8,0,10,0,13,0,0,17,12,25,0,1,0,21,0,0,0,30,0,0,24,0
137,102,0,0,0,22,45,1,31,1,7,94,25,0,0,42,0,15,7,0,23,4,19,0,8,12,9,43,0,0,14,19
173,89,0,21,0,32,79,85,59,197,187,214,32,96,109,63,1,27,0,0,18,11,0,5,39,29,75,52,30,6,102,129
67,95,58,0,26,53,54,82,92,188,193,149,46,6,4,40,58,30,10,21,0,0,0,0,40,36,56,166,191,180,175,37
2,31,38,6,4,2,32,25,11,227,197,243,78,17,225,17,11,15,0,0,0,22,0,0,0,125,78,25,141,42,30,0
0,0,0,55,0,23,8,38,55,249,4,145,0,31,106,29,18,0,8,5,46,7,35,16,197,20,68,0,16,0,0,24
0,23,0,0,0,9,31,0,7,36,68,0,0,0,0,0,0,0,0,33,0,3,9,55,75,0,62,0,41,16,0,0
0,0,0,13,15,0,25,88,171,247,127,0,0,13,0,0,9,0,27,4,0,0,24,0,0,16,11,0,9,0,0,12
0,0,34,196,235,93,193,8,4,194,135,16,0,0,5,0,12,0,58,41,22,10,2,0,30,18,16,29,8,6,19,35
0,0,0,222,195,253,191,38,184,168,176,25,0,2,0,11,180,105,61,186,0,9,18,0,0,17,16,0,0,0,16,28
1,8,0,77,144,57,103,163,3,65,0,0,0,0,28,36,175,134,20,128,0,1,0,0,0,15,0,0,0,9,0,0
0,0,3,10,88,57,123,184,107,139,12,10,0,119,151,121,138,242,195,59,0,13,0,0,0,0,0,0,4,4,0,0
25,7,0,0,192,180,195,4,35,13,100,0,229,152,255,103,176,215,53,6,0,0,0,42,0,0,21,0,0,0,10,77
0,22,0,13,60,106,129,197,23,190,212,182,126,190,177,33,102,110,33,0,0,0,0,1,0,0,0,32,0,0,38,0
29,8,12,0,53,56,189,194,200,215,110,27,204,43,191,199,112,80,30,0,12,5,4,16,0,4,0,3,5,16,29,0
23,0,76,0,29,24,139,93,21,11,74,69,113,116,195,189,151,17,0,15,29,16,1,0,0,0,17,0,0,0,0,0
4,18,0,4,0,1,18,47,39,105,25,55,176,193,81,193,25,21,0,0,9,2,0,10,0,21,38,8,23,17,0,0
0,36,0,28,2,0,25,19,0,14,8,0,116,215,182,29,0,0,17,21,6,9,0,0,28,0,0,0,0,14,0,0
12,3,0,1,65,0,23,14,29,0,20,4,0,24,26,0,52,20,14,0,29,0,53,0,21,0,15,19,4,24,0,0
0,31,0,0,0,0,0,16,11,0,0,0,0,33,0,0,0,22,4,0,0,0,0,19,16,0,32,42,12,0,52,0
0,8,0,0,0,7,42,0,0,0,3,113,254,0,4,12,0,10,4,0,144,169,60,0,0,28,0,0,13,21,18,14
28,9,0,4,0,0,0,0,0,15,72,94,39,15,0,0,4,7,0,0,25,106,26,0,17,0,26,0,12,17,7,0
0,0,35,0,4,0,8,27,0,19,112,152,17,0,0,0,6,0,0,0,12,158,18,0,0,0,0,54,20,0,0,0
0,12,12,3,2,16,0,10,0,17,0,56,0,91,0,0,0,0,15,8,39,9,0,33,0,0,0,0,8,32,35,0
0,0,0,20,0,0,0,0,3,0,122,127,13,0,15,2,3,3,0,0,0,7,16,16,0,12,2,0,5,0,0,31
0,14,19,16,0,0,7,0,22,0,0,2,2,0,5,7,16,13,0,0,3,0,31,25,0,0,98,97,8,0,0,52
0,0,26,0,24,30,6,0,0,0,0,3,0,10,0,0,6,0,0,20,0,11,0,0,9,8,115,250,0,7,0,2
38,9,0,0,37,0,8,29,12,6,0,23,0,4,21,0,0,0,0,0,0,41,0,0,0,48,136,61,0,28,2,0
0,0,0,71,47,0,0,9,4,0,42,11,2,0,23,10,4,0,1,0,19,0,0,0,25,22,17,0,0,10,0,0
9,12,0,22,53,17,0,6,0,0,0,0,0,0,10,0,21,0,13,6,0,0,30,24,162,1,20,7,9,21,0,0
60,5,78,11,0,0,7,0,12,0,33,6,20,6,0,2,2,0,0,0,40,0,9,0,15,0,0,0,16,27,0,0
89,0,0,45,0,0,18,33,41,0,45,0,0,0,6,0,11,0,35,0,20,12,63,5,0,16,2,0,0,16,0,0
236,97,0,0,23,0,0,12,0,7,0,0,13,16,27,1,18,0,29,8,0,1,0,0,0,13,0,0,0,11,25,0
32,49,0,5,21,0,8,0,7,198,119,46,28,4,32,28,29,0,0,6,6,0,18,0,0,0,0,0,0,10,16,8
102,16,57,8,49,46,55,94,45,187,191,128,57,85,103,80,45,15,30,7,0,11,20,0,37,30,31,62,248,26,83,117
14,88,0,7,0,14,85,94,50,197,194,123,40,41,123,54,0,77,48,12,16,0,23,10,18,61,30,133,195,157,164,0
0,10,30,0,0,22,0,0,0,115,195,239,44,200,81,22,25,8,8,0,23,0,15,4,0,118,70,20,88,36,0,19
0,7,59,13,24,0,4,5,0,161,224,117,32,219,118,0,25,0,0,5,6,6,15,0,197,4,77,7,6,3,0,0
16,0,0,7,0,4,0,14,18,112,55,15,0,0,7,0,0,0,0,23,0,8,3,0,94,7,19,0,3,0,26,29
0,0,0,5,0,0,0,129,71,205,160,16,0,0,0,31,0,0,0,0,19,0,0,35,0,6,0,0,0,12,9,6
27,7,25,197,180,80,184,26,254,202,194,21,46,10,33,0,40,0,28,26,3,3,0,7,0,1,0,0,19,0,6,25
0,11,10,185,193,91,193,12,42,254,221,23,27,6,11,0,245,147,45,223,0,0,2,0,7,19,0,8,10,0,0,8
9,0,11,39,188,103,160,80,60,61,121,7,10,39,100,35,184,169,251,116,21,0,18,0,0,0,0,0,0,14,6,17
0,0,79,0,114,58,139,186,117,156,0,0,0,177,154,87,169,1,223,88,0,3,10,0,0,9,0,31,18,0,18,43
1,11,3,11,185,190,195,244,65,55,181,50,23,130,24,67,203,169,89,17,17,4,11,18,0,0,0,8,0,9,0,4
0,0,0,28,13,80,161,192,75,193,66,225,152,185,184,103,149,86,30,19,12,12,0,0,0,0,0,17,14,9,13,22
10,0,0,11,32,95,194,187,203,242,146,44,191,92,196,251,127,82,9,19,0,0,0,0,17,14,14,0,16,3,18,0
0,28,0,35,39,36,14,202,53,80,67,126,188,171,196,193,203,14,0,32,17,4,0,7,0,43,0,36,17,0,34,6
25,8,23,0,0,0,7,48,45,148,67,56,71,189,152,197,80,0,41,0,0,0,10,0,7,0,0,5,4,1,10,0
21,3,0,0,4,2,14,0,26,13,0,14,100,179,218,50,0,0,6,33,7,20,1,0,9,9,0,21,18,15,12,35
0,0,20,0,2,57,2,13,7,19,0,0,13,44,0,24,14,0,26,25,17,0,9,0,9,2,0,0,0,0,13,34
0,0,15,22,0,28,0,0,20,20,0,9,0,0,34,0,18,6,37,2,0,0,32,19,12,6,8,0,1,15,10,0
0,4,68,5,0,0,10,0,8,2,0,135,10,0,7,15,0,2,25,0,194,177,66,21,11,20,4,0,13,18,0,6
0,0,0,0,0,0,0,0,25,46,38,78,9,20,0,0,0,0,21,0,58,152,0,57,0,0,0,0,0,12,0,37
0,29,0,0,0,0,3,23,0,13,131,116,56,8,0,0,15,0,0,0,247,214,0,0,0,12,0,0,16,0,4,0
14,0,11,0,0,0,2,0,14,0,26,63,0,30,0,2,0,0,6,0,42,0,44,0,1,0,3,0,12,0,0,0
6,0,0,0,0,8,0,4,34,25,146,114,0,0,10,0,0,0,6,59,0,0,3,0,0,34,0,2,0,11,1,0
18,0,0,0,50,1,9,0,0,0,63,38,0,7,2,41,23,33,23,0,53,0,22,24,20,12,143,45,28,0,17,0
0,0,0,2,0,0,0,6,0,0,0,22,0,3,0,0,3,31,26,0,13,25,0,50,11,0,147,223,7,0,12,0
55,4,0,0,29,0,0,0,0,13,38,0,0,0,11,0,0,22,0,0,21,0,0,25,10,85,159,23,5,29,0,0
0,24,18,0,31,3,0,0,0,0,0,26,13,0,0,0,0,0,46,10,27,0,0,27,0,0,30,0,37,0,8,0
0,2,12,0,0,0,25,37,4,13,10,0,0,6,0,31,0,0,0,0,16,41,0,0,169,0,0,0,0,28,0,0
64,0,22,13,17,0,0,14,27,0,0,34,6,0,38,0,26,0,21,0,32,0,22,40,17,0,0,0,0,0,0,17
123,8,0,19,2,0,0,0,8,18,0,4,2,0,0,0,0,0,0,0,0,1,9,9,0,0,4,0,20,0,0,17
224,129,0,16,42,12,0,0,0,9,6,0,0,10,0,40,16,20,0,6,2,0,0,8,0,1,0,30,12,5,4,9
199,55,11,0,0,23,31,0,18,234,170,62,14,0,0,24,13,0,9,0,31,0,28,0,23,18,53,16,32,0,33,51
186,81,33,14,45,71,73,52,52,197,196,176,21,112,102,18,58,26,0,0,16,0,0,0,50,35,32,23,28,239,138,164
42,86,2,19,0,0,48,35,66,195,197,131,30,118,251,31,9,36,0,0,0,23,0,8,32,25,75,104,193,143,158,2
0,15,28,0,27,13,19,6,49,134,197,205,76,232,181,6,9,2,8,0,7,0,23,0,19,157,98,20,136,6,3,44
14,38,23,0,0,33,17,9,0,217,202,153,97,225,163,70,1,14,0,11,0,0,0,2,187,21,81,0,37,0,42,0
30,30,79,0,0,0,0,14,0,116,33,36,0,0,5,28,0,11,34,0,42,0,35,16,132,0,53,3,0,17,14,5
6,13,0,10,0,11,9,74,101,218,150,0,5,0,21,0,0,11,14,27,0,13,27,25,7,2,2,0,6,10,0,23
12,21,0,196,159,89,210,77,182,222,95,5,11,4,0,22,14,9,44,52,0,0,0,0,9,8,0,0,0,4,0,17
11,17,22,128,197,126,191,247,34,7,1,0,0,52,15,12,26,197,38,231,0,38,0,0,0,16,0,33,0,1,16,0
0,0,0,60,211,79,161,120,117,24,24,0,0,46,76,81,180,165,251,134,0,28,23,14,5,0,3,0,13,14,0,0
0,23,0,4,100,41,94,194,99,144,0,0,0,140,164,114,167,2,212,54,15,0,0,34,0,0,11,0,16,20,8,3
40,0,3,11,182,185,190,251,85,16,177,0,201,161,40,95,209,215,94,0,30,6,4,0,8,0,0,0,19,0,1,0
0,5,31,18,26,90,130,190,54,196,66,212,208,191,181,128,160,105,16,3,10,0,18,17,0,0,0,12,0,21,0,13
50,0,0,76,39,103,195,197,249,241,149,175,167,64,196,218,91,45,5,10,30,16,23,0,27,0,0,13,0,0,0,0
6,0,0,18,12,37,122,153,44,8,40,89,167,111,195,197,196,22,0,0,0,0,11,0,27,6,19,0,16,22,6,8
19,0,0,0,28,0,0,7,40,167,8,89,254,190,109,195,56,0,3,21,1,14,28,0,10,2,0,7,0,2,0,29
19,17,0,0,0,11,0,0,0,18,0,0,105,90,198,46,30,21,6,0,8,0,0,2,24,0,0,23,8,0,0,17
17,1,14,0,0,14,0,0,15,10,17,18,31,8,29,20,27,8,0,0,0,0,0,6,0,0,11,0,0,11,28,0
28,0,53,0,9,2,10,17,16,26,54,0,35,24,20,34,0,11,33,0,0,0,0,0,0,0,28,18,0,0,0,25
1,13,0,0,0,20,0,0,5,12,0,100,254,3,0,0,5,0,0,0,179,138,84,10,8,4,54,0,23,2,0,48
23,28,0,10,0,5,0,1,4,10,24,112,63,16,10,14,7,22,0,12,48,160,0,0,0,0,0,0,3,0,2,0
19,23,0,0,10,0,33,7,0,19,141,142,24,17,11,0,0,3,0,13,36,216,9,6,0,18,19,0,0,0,14,21
0,3,0,4,6,0,0,4,0,35,0,96,0,25,0,8,9,0,0,15,0,0,0,11,0,6,0,31,0,14,0,1
8,0,26,0,35,24,12,4,19,0,71,135,7,0,19,38,0,0,16,0,27,6,32,15,0,0,0,18,0,0,0,27
5,0,13,0,13,0,0,0,0,25,58,0,29,22,27,17,29,0,0,0,25,0,0,0,0,0,144,136,52,0,0,0
8,21,0,16,25,0,12,0,0,0,0,16,8,13,0,0,5,33,18,0,0,0,0,14,0,0,170,217,53,2,0,33
8,0,0,15,12,0,21,1,22,0,16,24,0,0,17,25,7,3,7,0,6,0,28,14,17,102,163,247,14,0,0,6
0,2,0,34,34,0,0,0,4,0,15,0,0,4,0,11,0,0,0,0,1,35,13,0,0,4,3,17,0,0,0,1
14,10,2,9,0,0,0,18,10,0,0,0,0,0,8,0,10,17,0,4,3,0,0,0,168,0,15,15,20,0,0,1
41,28,47,0,8,0,16,8,0,13,0,12,0,14,0,13,0,18,10,0,0,0,0,15,0,3,0,0,15,0,20,6
115,26,17,9,0,0,14,0,3,0,0,20,0,41,21,10,17,55,0,4,25,0,0,0,24,0,0,0,17,0,25,0
58,155,46,0,21,0,0,0,0,36,0,0,0,28,21,0,27,25,39,28,4,0,0,20,3,0,1,0,22,10,19,0
29,31,5,17,20,0,0,20,18,25,216,24,0,0,0,9,0,0,0,7,0,11,42,0,0,8,19,1,13,0,28,0
120,101,62,19,31,27,82,101,71,193,196,239,61,83,138,75,60,26,8,17,0,0,25,0,50,55,57,54,30,44,191,141
44,57,62,5,36,47,50,30,12,190,195,122,24,191,25,3,54,37,0,18,9,21,5,0,45,0,26,119,188,161,246,9
0,0,0,39,0,17,0,0,0,197,191,181,91,70,222,20,12,53,20,0,0,0,0,35,0,168,86,3,171,37,18,0
0,8,0,8,0,0,19,0,6,46,219,120,79,77,132,0,18,16,1,4,2,0,0,0,197,233,39,7,0,0,13,0
21,26,0,31,2,21,23,0,0,151,69,14,0,3,0,0,5,0,3,0,0,13,16,5,77,5,45,0,0,0,16,0
0,0,0,0,0,0,0,27,87,229,179,0,0,16,0,23,18,0,18,0,2,9,10,0,20,19,13,21,1,14,10,5
40,37,23,193,155,80,230,17,208,236,126,0,0,33,15,0,0,0,88,87,0,7,0,0,4,9,5,20,9,12,42,0
0,30,16,188,197,121,190,45,84,28,3,20,2,2,24,32,44,150,44,248,11,25,33,0,0,0,9,0,0,31,27,0
28,0,36,21,233,76,196,112,106,10,0,3,2,23,93,27,215,160,25,106,0,9,18,0,12,19,14,0,8,3,0,6
35,8,14,3,107,82,92,175,123,127,16,13,0,107,157,102,140,47,204,103,14,20,0,4,1,0,21,0,0,18,6,5
0,3,31,56,190,186,191,232,35,49,136,0,210,183,39,115,201,222,94,0,11,0,29,30,6,1,0,1,16,22,0,23
0,0,0,22,58,102,152,190,53,196,41,183,208,170,146,98,113,117,24,30,0,0,0,1,4,14,7,0,2,1,6,14
14,0,0,8,31,94,197,188,197,222,168,156,174,58,195,203,130,59,19,0,0,7,35,0,6,0,9,20,0,0,0,0
10,2,0,3,12,21,102,143,61,255,21,4,160,51,197,191,192,0,25,34,7,0,41,0,0,42,8,0,0,27,18,35
3,0,0,16,37,27,72,12,68,183,41,33,242,192,85,195,5,0,8,12,29,0,0,0,17,41,91,0,12,0,0,23
26,6,0,18,21,0,34,24,36,26,0,0,110,129,157,55,0,0,18,23,0,8,0,0,0,0,0,10,14,36,0,0
0,0,49,0,0,0,22,0,24,0,0,0,0,0,0,0,9,5,7,0,0,0,0,34,17,0,30,13,0,20,0,1
16,0,39,0,9,4,0,0,28,9,18,0,16,9,0,0,26,0,0,44,1,9,20,27,0,12,0,0,0,7,0,4
13,0,0,0,0,27,0,0,29,14,8,92,251,0,14,3,9,0,13,0,185,150,58,30,0,10,0,0,5,24,0,18
13,16,13,0,0,53,16,0,18,0,57,87,64,0,0,22,19,32,1,0,243,167,0,0,30,3,19,32,4,0,39,0
0,7,12,1,48,0,19,31,3,0,107,160,0,0,0,0,3,1,25,0,78,182,35,9,9,7,0,7,0,4,0,18
29,16,0,0,34,2,16,0,0,25,11,93,0,3,0,0,17,0,0,15,35,3,12,0,5,0,18,13,0,0,0,10
0,13,0,0,11,0,24,1,5,13,116,128,0,8,12,19,0,0,0,0,14,14,4,3,0,16,35,4,3,0,0,0
0,0,12,28,0,0,0,44,0,0,75,0,0,0,9,0,0,25,9,0,0,0,12,39,23,59,172,90,47,8,14,0
0,3,0,0,0,0,0,34,2,0,0,0,0,0,0,0,0,4,0,7,0,0,14,28,30,0,151,2,30,5,0,22
23,7,13,0,15,12,14,0,35,0,21,5,19,9,0,0,0,0,0,0,16,22,0,0,0,82,98,241,1,5,4,7
10,0,0,43,17,21,0,9,32,5,32,21,0,0,0,0,0,27,0,0,14,20,0,11,13,20,1,13,0,0,0,47
0,0,22,0,20,0,0,13,52,9,24,0,0,26,0,8,0,0,0,24,13,8,0,1,153,0,0,0,0,49,0,0
24,0,16,34,33,0,34,12,0,10,0,22,0,0,14,0,16,0,16,8,38,20,1,0,0,22,0,10,0,7,0,0
114,0,12,0,0,13,12,13,18,5,20,4,6,37,9,0,0,4,13,23,0,0,38,14,0,9,35,3,0,30,0,29
91,150,0,0,10,0,0,0,9,1,19,11,0,0,10,32,0,0,0,0,0,0,2,0,3,0,8,0,21,0,0,0
173,26,4,14,0,0,0,10,0,7,170,58,27,6,42,0,0,0,0,9,0,16,0,0,0,0,23,8,0,0,25,0
188,134,0,0,0,74,100,66,92,189,194,254,102,94,176,74,74,41,0,16,16,15,33,0,81,38,65,18,23,51,177,173
28,69,25,17,5,30,42,60,55,189,190,142,68,134,202,65,61,9,5,0,0,19,0,0,12,23,38,100,196,161,241,15
0,45,21,0,1,6,10,0,0,167,186,189,88,58,220,16,9,0,0,13,0,0,1,18,7,148,250,24,120,40,32,0
6,19,0,0,31,0,43,0,8,227,37,93,99,82,173,0,13,42,0,0,11,0,6,29,195,228,58,10,0,0,0,0
0,0,0,0,0,0,0,12,0,145,77,0,0,36,0,0,0,0,0,21,0,0,0,0,84,23,12,0,5,9,0,0
0,23,97,16,0,1,0,90,73,220,182,0,0,0,7,0,0,3,0,9,0,0,0,0,35,18,21,1,18,0,0,11
23,8,0,197,231,37,212,116,185,241,132,0,0,0,0,17,0,1,57,39,0,0,17,26,15,0,0,2,0,0,5,19
0,0,0,188,186,168,195,245,80,241,242,0,13,0,35,5,62,82,28,242,0,0,0,0,17,0,8,27,30,35,16,0
0,14,14,28,231,67,191,124,135,18,58,0,36,37,132,15,200,142,49,147,0,0,0,2,0,0,44,5,43,0,16,20
0,0,17,0,113,66,124,193,114,112,0,0,22,84,153,137,132,31,178,124,0,18,0,0,5,0,0,7,5,6,3,0
24,0,24,0,238,197,187,27,52,7,158,14,221,136,242,73,149,3,50,0,3,0,35,0,6,0,12,0,0,9,0,0
0,9,1,28,60,104,155,196,39,192,22,218,199,149,150,92,90,91,7,11,0,14,22,0,0,39,7,1,7,0,0,0
0,0,0,48,10,77,189,193,208,235,176,171,175,48,190,196,83,83,0,0,0,0,2,18,23,5,15,22,0,20,0,0
0,0,0,0,8,6,112,113,18,3,18,44,193,247,194,197,207,34,0,13,0,13,7,25,19,5,43,0,0,0,29,0
0,10,28,0,0,10,31,40,36,140,40,65,245,194,88,194,25,21,33,0,26,0,0,0,33,0,18,0,2,0,16,2
13,0,0,0,28,23,0,26,29,2,0,37,83,141,145,28,18,0,0,23,27,0,42,0,7,0,0,0,0,0,0,0
0,0,19,13,0,0,0,0,11,0,0,12,18,0,12,0,0,0,0,0,0,27,0,0,0,8,0,7,0,0,0,7
30,26,0,0,16,35,0,32,0,0,14,0,0,16,0,0,27,10,0,0,23,25,5,0,19,16,7,0,8,0,21,20
0,0,0,0,0,26,0,0,0,16,0,112,243,7,0,8,39,0,19,7,200,142,80,0,14,3,5,0,0,0,5,4
7,0,0,25,0,0,0,0,19,0,0,77,58,43,3,0,0,9,14,6,4,87,0,0,11,5,2,39,0,1,0,0
0,0,19,0,0,13,21,0,18,0,148,141,8,13,0,43,7,5,0,0,96,216,0,0,0,7,0,0,0,0,6,0
0,0,19,0,0,7,0,0,0,4,0,61,0,17,25,0,16,0,0,0,36,0,26,8,4,0,0,15,22,31,24,0
3,5,0,31,0,0,0,7,0,11,108,146,0,0,0,0,4,0,0,0,0,17,0,0,0,24,9,19,0,0,0,0
25,0,18,17,15,0,23,0,2,9,59,15,10,0,17,4,0,7,0,40,0,1,13,0,0,24,146,132,39,14,0,12
17,0,47,0,20,18,0,22,28,32,7,14,0,0,0,16,1,0,6,23,12,0,0,20,0,0,156,227,44,0,9,0
20,59,0,43,0,14,30,0,0,5,10,35,0,0,14,0,0,23,0,0,0,0,11,10,0,75,147,16,26,0,0,34
0,0,7,0,0,0,0,4,0,0,8,0,0,7,27,0,19,22,0,0,1,35,60,0,22,41,51,5,21,0,22,0
17,11,0,0,0,0,0,5,12,0,0,69,0,0,10,0,0,0,0,48,0,0,0,0,175,0,27,11,2,24,0,2
47,0,0,11,0,29,0,0,0,11,0,21,0,0,15,0,24,0,10,0,2,0,0,0,0,11,0,0,31,7,0,0
112,0,5,10,6,0,0,34,9,0,0,42,0,0,29,0,0,0,1,17,8,0,15,0,1,2,11,0,23,24,0,19
101,139,66,0,12,33,19,0,70,22,16,0,0,0,17,0,4,20,24,0,27,13,6,24,15,29,10,0,0,0,0,9
24,44,0,30,18,5,15,0,20,13,167,45,0,0,0,0,4,0,0,7,0,10,10,0,0,0,9,0,16,6,77,44
195,105,31,17,40,41,33,59,76,188,193,215,48,73,136,48,34,43,0,24,24,17,0,0,38,49,35,42,19,72,200,183
37,65,0,19,17,40,64,78,39,191,190,104,28,159,221,34,37,28,4,41,18,0,0,0,28,26,57,96,197,178,11,6
8,18,0,69,12,0,12,0,13,199,186,194,77,81,157,0,0,0,1,46,17,0,45,0,17,187,253,11,85,31,3,0
24,19,24,8,0,0,0,0,13,188,247,107,55,72,130,0,2,13,0,3,0,17,0,22,195,176,0,0,0,29,0,0
14,6,98,8,0,0,0,0,12,85,80,0,0,0,0,25,28,0,16,4,3,0,0,1,70,10,0,0,0,1,3,0
0,0,37,0,0,1,0,97,62,238,146,0,5,6,9,0,0,0,0,19,19,4,46,2,0,0,0,12,2,0,5,31
0,0,0,197,251,71,241,25,17,25,219,0,0,0,0,0,32,4,90,37,3,0,0,30,0,2,0,0,0,0,0,13
0,8,0,173,197,149,192,233,159,248,48,0,19,0,35,4,51,106,83,4,18,0,0,1,4,0,0,0,5,24,0,0
0,11,0,31,227,73,187,125,122,26,14,0,17,3,103,30,189,95,36,149,18,16,0,20,5,0,0,26,0,1,0,0
0,15,0,11,118,106,110,187,84,160,0,0,19,152,165,141,96,43,240,101,0,0,30,0,8,0,0,0,10,17,5,0
6,17,0,2,41,191,196,71,35,21,132,0,224,196,31,66,121,185,24,3,0,0,4,43,8,0,0,38,54,24,0,0
0,0,0,46,44,112,190,195,254,186,3,190,207,178,142,50,76,45,23,0,2,6,22,0,0,1,0,0,0,2,0,20
0,2,51,26,84,110,189,190,164,233,160,166,163,19,187,178,29,78,25,16,0,3,0,0,0,0,0,1,11,0,0,26
24,14,35,4,0,4,113,146,31,17,247,51,190,224,197,187,197,21,21,0,0,16,25,0,0,0,0,0,0,24,12,0
0,0,0,53,25,0,5,62,27,131,58,71,236,191,50,197,0,0,0,17,0,0,0,0,0,35,0,14,20,0,0,0
25,8,0,0,0,16,18,0,25,16,45,6,110,102,119,18,0,0,9,7,0,0,0,0,8,0,4,0,12,0,42,13
0,0,0,2,0,21,12,28,0,0,12,1,0,4,0,0,0,16,50,8,25,14,7,3,0,6,31,0,5,0,0,12
13,0,0,0,0,8,4,0,8,0,16,0,22,12,0,8,0,16,0,11,0,0,31,3,0,0,0,0,8,1,30,17
13,13,0,0,0,0,0,0,38,21,0,150,237,0,10,0,15,0,15,38,179,181,26,0,0,26,8,0,8,4,0,17
0,0,0,8,18,0,17,17,0,0,45,123,0,0,18,16,0,21,6,0,251,122,16,0,12,0,0,8,19,17,0,0
0,31,0,0,7,19,39,0,11,0,157,179,0,0,0,18,1,12,0,33,140,213,0,86,0,0,0,0,4,35,19,11
0,0,19,0,14,0,13,1,0,9,0,88,0,0,3,2,7,0,5,0,30,2,0,0,0,2,0,0,0,10,0,0
3,5,35,2,45,15,16,9,0,9,135,128,4,0,0,0,5,0,0,0,24,0,17,13,0,10,0,5,0,9,0,0
4,2,10,17,0,0,0,36,5,0,23,26,0,0,4,7,18,2,4,39,0,0,17,0,0,31,173,110,3,0,0,0
0,29,0,0,1,0,0,0,7,0,43,37,0,0,0,29,8,27,0,0,0,0,0,11,0,26,183,234,73,0,0,58
0,0,0,0,3,0,30,11,20,0,0,23,23,4,36,16,28,12,38,10,63,16,2,13,9,71,229,250,9,34,0,40
0,16,0,35,7,14,0,10,20,0,32,0,0,14,0,0,17,0,16,20,4,0,23,0,2,6,0,4,1,0,2,23
0,0,0,0,0,35,0,23,6,8,10,0,0,19,0,0,12,29,3,25,21,0,0,0,171,0,8,0,0,9,0,10
2,0,9,20,0,3,24,23,21,7,52,6,8,0,0,40,0,0,0,0,0,26,0,12,16,3,5,0,0,1,0,0
135,5,0,0,0,0,0,9,0,0,0,0,0,6,0,4,0,4,21,13,40,16,24,6,10,0,31,0,23,0,0,0
131,149,0,0,48,31,19,0,0,0,26,0,25,0,30,0,24,0,39,0,0,0,29,0,0,0,1,7,22,27,1,12
42,10,0,0,7,0,0,16,25,16,243,71,0,0,0,0,2,27,24,24,37,24,41,1,28,0,0,17,2,1,8,0
28,119,0,51,0,49,74,137,96,195,197,219,52,110,123,31,37,41,0,3,0,27,16,0,73,0,92,53,39,114,170,147
0,76,37,27,0,4,47,23,49,190,190,98,41,174,90,29,4,44,0,7,28,20,2,0,20,0,13,115,197,179,236,23
0,0,2,20,14,0,15,0,7,196,196,187,90,84,186,3,18,19,0,0,13,6,9,19,15,174,245,213,112,37,19,13
15,5,34,20,0,16,25,12,4,213,210,94,87,124,174,0,30,0,0,11,18,0,42,0,193,147,18,5,0,0,0,29
10,0,0,14,0,0,0,38,0,86,92,0,8,49,18,0,0,0,0,0,0,8,0,16,22,0,14,1,8,60,0,15
0,0,0,48,0,0,1,129,57,238,188,0,16,21,0,0,0,0,0,0,0,0,0,7,0,34,0,22,0,14,0,0
0,17,0,187,16,51,217,73,241,219,154,0,7,0,0,14,0,0,54,43,0,0,40,0,4,22,0,6,0,1,0,45
0,0,38,201,197,148,192,16,157,0,238,55,0,6,13,26,54,109,56,236,0,0,9,14,3,24,0,0,10,2,0,0
0,7,23,34,200,81,195,177,120,15,0,0,2,24,109,21,178,161,64,125,0,10,0,18,0,0,0,10,12,37,4,0
0,0,76,23,89,92,100,186,112,124,11,0,18,123,149,150,73,39,146,101,5,0,0,22,41,20,5,11,0,0,0,13
24,1,38,6,37,187,191,41,49,243,130,0,241,159,39,27,153,164,80,0,19,2,0,0,19,3,0,0,12,0,0,0
0,0,57,21,43,130,196,187,37,196,7,181,234,181,135,61,89,63,22,13,2,4,0,12,2,10,7,0,9,0,0,0
2,0,15,28,44,154,194,197,208,232,120,192,178,17,195,231,103,74,17,0,0,49,0,28,0,15,0,0,0,0,0,0
0,11,0,0,0,36,60,102,18,18,240,36,189,215,190,195,163,29,0,0,0,0,0,0,0,18,0,5,24,14,5,0
6,27,0,0,22,4,10,22,0,150,17,50,225,197,74,193,11,4,0,9,2,16,32,0,0,11,0,3,0,0,0,0
0,0,0,0,0,4,0,0,0,21,0,23,104,156,94,0,7,0,8,30,4,0,0,0,0,17,0,0,17,36,3,0
10,10,8,6,9,0,0,0,8,2,0,41,0,0,0,8,0,1,0,16,0,2,49,0,13,24,43,26,0,0,0,1
5,0,44,0,0,16,9,0,5,0,15,23,14,5,1,0,0,4,18,0,0,0,20,13,0,0,0,0,2,6,0,21
0,0,0,37,0,0,34,47,22,0,20,218,77,18,0,0,0,0,0,16,179,191,15,0,0,14,13,16,0,1,0,0
0,0,0,16,10,0,31,5,47,0,56,101,4,0,0,19,12,15,26,7,18,95,0,12,0,19,0,0,0,0,0,12
0,0,0,0,0,0,0,5,45,0,125,88,21,12,0,2,7,9,15,0,135,4,0,0,0,0,0,0,1,1,36,17
1,17,12,0,0,0,0,9,0,17,0,139,0,0,0,16,22,10,10,28,28,0,0,0,0,21,4,0,12,13,0,0
0,0,0,11,41,6,46,15,50,13,123,134,11,0,0,25,2,0,35,0,11,48,48,20,0,0,0,0,0,0,0,19
23,0,21,19,48,0,16,62,25,0,116,49,11,0,16,0,6,0,21,0,4,36,0,0,10,10,194,120,44,14,11,52
6,0,0,0,0,10,0,0,0,42,0,0,0,0,8,0,9,5,6,6,0,0,17,0,0,7,143,250,25,0,0,0
14,14,35,24,4,6,13,18,0,6,0,9,0,0,0,0,0,0,0,0,0,6,0,0,0,72,192,247,4,0,12,78
0,0,0,0,0,0,0,5,0,0,4,34,0,0,0,0,0,0,0,0,13,0,7,5,5,20,0,0,0,4,37,0
38,33,39,0,51,0,33,1,21,0,25,51,0,0,15,26,0,3,0,0,0,9,0,14,183,0,18,0,16,4,45,19
24,11,13,0,0,10,0,0,39,7,0,4,0,3,2,0,12,10,17,0,23,0,0,0,0,0,3,8,0,0,2,0
130,11,7,0,0,21,0,0,13,2,0,0,6,30,15,0,0,0,0,0,0,3,2,21,9,32,0,0,0,8,17,2
42,128,4,0,1,0,19,22,27,0,0,0,0,0,28,3,25,0,0,0,0,14,21,27,20,2,39,15,0,32,0,0
219,71,0,8,46,3,25,0,43,32,109,21,0,59,30,0,37,23,3,0,0,0,0,12,0,12,0,0,0,0,29,57
152,117,0,0,74,81,85,135,27,192,196,232,45,82,168,45,69,8,10,13,11,33,10,11,50,43,41,51,14,103,213,186
26,93,0,11,50,37,56,69,56,193,189,109,40,228,102,47,57,22,0,2,41,41,0,10,30,36,52,107,197,178,248,30
0,0,0,7,8,0,7,43,16,175,191,204,91,158,199,25,9,7,0,26,0,38,0,0,23,141,30,49,136,5,0,0
0,0,0,8,0,0,42,30,28,37,12,144,74,102,175,10,0,0,0,14,0,9,18,0,190,161,0,29,0,0,0,8
2,0,0,0,16,0,9,0,35,54,80,0,0,0,0,20,0,0,0,46,2,34,0,0,65,7,40,28,0,2,0,9
9,0,66,4,21,0,0,81,100,19,145,3,0,0,7,0,0,3,0,9,0,5,8,0,19,0,0,0,0,0,7,0
5,0,34,197,251,70,232,44,223,232,168,0,0,16,1,0,19,16,39,29,4,0,18,0,0,22,8,0,0,65,0,0
0,0,34,196,197,116,190,254,138,247,235,0,0,31,21,7,80,124,20,237,0,0,16,29,24,0,31,0,0,26,0,47
0,0,38,31,247,77,197,123,187,29,13,38,0,0,80,54,194,173,22,161,16,0,5,0,7,0,0,0,14,7,19,0
4,0,0,0,101,122,123,191,108,126,16,16,5,139,147,152,112,237,157,93,16,30,0,8,0,0,17,0,0,25,0,1
7,0,1,0,53,195,196,45,32,5,112,47,246,136,6,57,168,179,63,0,0,32,21,0,10,0,22,18,28,0,2,60
3,0,70,0,91,155,190,195,8,186,16,207,183,187,95,32,82,75,18,8,20,16,0,28,0,0,0,3,0,38,0,0
22,11,8,0,45,135,195,197,208,227,161,140,186,27,196,203,82,62,20,21,3,0,0,0,0,0,1,11,0,0,0,0
0,17,8,0,5,11,122,108,254,255,238,96,188,230,188,191,173,18,21,18,0,0,21,0,0,7,25,1,7,17,0,42
4,49,0,14,0,22,8,13,34,134,52,66,204,190,75,197,8,28,0,0,0,3,0,17,0,0,13,0,10,5,16,0
0,25,10,0,22,21,8,19,3,0,0,0,63,123,92,3,16,26,0,3,7,0,16,2,8,2,52,16,19,0,0,0
0,12,9,0,0,0,1,3,2,5,0,38,0,26,4,0,2,4,4,0,0,22,24,24,0,11,25,8,4,0,11,0
0,0,62,0,10,7,0,0,24,7,0,17,5,0,29,0,21,2,42,0,17,1,0,8,7,11,0,0,0,0,21,1
1,0,90,1,0,13,3,18,28,18,23,207,74,14,0,10,0,2,0,0,177,182,46,0,0,0,13,0,0,0,0,0
0,0,4,0,16,0,43,0,3,0,104,70,66,0,10,0,0,18,0,0,27,171,5,5,10,0,1,18,0,0,0,0
21,0,0,0,12,11,12,0,0,13,82,104,11,16,29,11,0,0,30,0,155,228,4,44,10,0,0,0,0,29,0,45
1,18,12,36,42,0,0,0,0,0,0,73,2,0,0,0,12,0,24,13,63,12,29,20,0,0,1,13,10,0,7,33
0,25,43,1,0,8,21,0,22,6,87,120,0,0,18,0,0,0,10,0,0,3,0,0,0,11,0,11,0,0,0,0
23,0,0,0,10,0,0,44,36,3,60,0,0,3,3,0,0,0,0,3,10,4,0,34,24,6,115,112,44,0,32,24
7,0,0,0,0,0,37,1,38,14,13,0,16,9,21,0,0,0,0,44,3,2,9,0,14,25,176,6,43,24,0,1
0,0,0,17,34,1,63,10,3,0,23,16,0,0,0,24,9,3,26,0,30,24,37,2,26,66,160,253,0,0,0,4
0,14,0,0,0,0,0,45,35,13,11,15,0,0,23,14,18,0,0,0,0,8,33,4,0,0,0,0,17,0,0,30
2,0,54,0,36,0,0,5,8,11,17,35,0,6,0,3,0,0,1,0,4,0,33,5,153,5,33,0,2,0,11,0
0,36,0,0,31,0,10,0,28,13,0,0,0,0,0,0,14,8,0,0,0,0,0,0,0,0,7,4,17,7,0,0
135,3,71,16,56,6,0,0,20,40,0,7,0,18,5,0,44,0,22,0,14,0,8,4,0,0,0,0,0,0,11,23
227,108,0,21,37,6,0,0,0,0,0,0,7,0,0,0,19,0,26,0,0,0,12,0,2,0,14,0,0,23,0,23
55,61,11,22,22,0,0,0,12,224,231,49,0,0,8,0,0,0,0,0,7,0,41,0,5,0,0,0,1,0,11,1
110,79,12,0,22,82,85,55,65,197,190,0,55,87,165,74,47,29,64,0,54,0,74,16,35,0,17,19,245,50,217,144
42,39,51,32,29,75,46,89,89,195,197,150,49,154,74,71,0,9,0,0,12,48,0,0,27,14,42,112,192,157,239,0
0,0,0,0,4,0,7,0,4,245,195,190,138,143,192,14,10,0,0,0,24,0,0,0,0,79,236,24,99,0,0,2
0,0,0,25,0,0,0,6,0,25,255,146,71,103,197,8,9,0,2,0,0,12,0,0,195,178,11,0,0,29,0,0
0,5,0,0,0,0,0,20,2,70,76,27,29,0,11,20,0,9,40,0,0,0,0,41,89,19,27,12,46,0,0,21
0,32,16,0,0,46,27,66,59,7,146,37,0,0,20,0,7,0,0,0,0,0,0,12,0,2,0,0,0,18,18,24
0,3,0,188,45,116,181,48,247,229,197,9,0,0,0,0,0,23,96,23,0,0,6,22,0,40,1,0,0,9,24,0
6,0,28,189,189,133,197,183,160,236,239,0,4,18,12,0,67,110,44,39,5,0,0,7,0,0,0,2,0,3,4,7
8,0,19,44,171,90,187,166,157,43,11,0,13,0,102,66,168,169,90,145,0,22,0,39,18,0,43,0,0,31,22,28
10,0,0,8,105,129,123,188,112,99,39,55,57,101,180,189,105,6,33,85,0,5,2,0,0,0,0,0,0,18,0,0
0,0,0,11,21,193,197,102,39,26,150,0,227,163,34,58,202,246,110,0,13,0,0,0,14,0,0,0,11,22,2,53
0,0,45,54,52,143,197,197,19,191,10,212,224,191,72,11,26,109,34,0,4,0,18,20,30,0,12,25,16,2,8,0
8,0,0,0,82,120,189,193,211,230,177,211,188,28,189,202,44,75,5,0,43,0,9,0,12,16,35,0,19,0,0,50
21,0,80,25,23,36,102,135,28,251,230,85,155,204,197,188,146,0,0,4,0,0,31,5,0,23,33,0,0,5,28,10
26,0,6,0,0,8,0,0,14,152,0,13,180,188,72,195,51,0,0,0,12,0,8,2,17,0,58,18,28,10,0,8
0,0,30,10,0,0,0,32,0,0,13,6,80,46,10,18,10,1,0,0,0,8,0,3,0,0,19,2,0,0,1,31
0,11,3,0,0,16,0,13,0,0,0,9,0,0,0,0,16,0,4,0,18,48,13,0,0,0,0,0,14,3,0,0
0,4,6,6,0,0,19,0,2,4,11,18,0,32,0,0,0,0,41,30,1,0,49,0,0,0,23,0,30,4,4,0
1,6,0,0,0,0,15,28,27,0,0,19,28,0,22,50,0,0,3,0,199,193,63,0,47,19,62,0,14,0,0,0
31,0,0,0,0,0,0,0,0,14,84,83,76,19,14,0,15,6,7,21,53,120,0,15,0,20,0,0,20,2,6,0
0,0,15,10,0,0,0,0,26,2,146,116,50,3,0,0,0,29,0,0,115,19,13,28,1,11,25,0,6,5,21,0
0,14,6,10,0,13,15,13,26,6,13,94,24,0,0,10,0,0,9,0,65,12,5,0,0,0,0,0,0,0,0,13
19,14,0,0,0,13,13,0,9,51,133,141,0,0,24,0,14,0,0,7,0,22,0,0,14,0,0,0,17,0,19,0
0,42,0,0,9,0,0,0,5,0,79,0,0,7,58,0,52,0,23,33,7,0,0,3,0,21,94,110,25,0,21,0
3,0,0,14,0,0,12,3,29,5,9,25,2,11,0,0,3,6,0,0,0,10,26,2,0,14,175,5,53,0,1,0
5,0,6,7,4,0,2,0,37,1,25,0,0,0,19,0,0,0,0,0,0,0,35,32,24,64,228,251,12,0,0,0
12,1,34,0,0,0,0,0,26,0,39,12,14,0,0,42,37,0,0,0,0,16,45,0,12,0,54,0,23,0,0,5
34,0,46,0,0,0,0,27,21,0,33,17,18,0,41,3,0,0,0,3,0,37,0,0,183,0,22,4,0,0,3,0
71,1,0,0,25,12,0,0,1,0,23,30,10,28,23,5,13,0,0,6,0,3,0,0,11,0,0,27,20,5,7,0
95,0,0,16,0,0,5,11,1,16,0,20,18,20,0,1,0,5,27,0,0,0,21,11,18,18,37,0,0,20,5,0
67,110,17,0,30,0,2,3,30,0,0,43,0,0,0,37,8,0,18,0,0,17,36,8,0,0,46,0,0,0,0,56
21,244,0,0,0,7,0,0,9,67,102,5,0,28,0,0,5,0,4,0,8,13,0,40,0,0,16,19,0,3,16,0
144,91,14,32,63,64,92,87,76,197,187,23,53,114,157,37,29,45,0,0,2,13,0,14,47,0,39,78,1,73,151,133
22,87,22,28,24,35,82,68,58,196,196,145,32,197,115,58,48,29,4,0,15,26,34,0,28,21,33,119,195,159,13,0
0,0,0,0,0,26,0,0,0,240,196,160,97,158,217,0,31,6,0,0,3,13,0,34,11,117,216,69,121,35,23,0
0,0,14,52,0,0,0,31,0,63,14,120,117,100,167,9,33,0,2,0,0,53,0,11,187,161,11,0,16,4,6,45
0,0,0,0,0,0,0,46,0,87,48,51,0,1,8,0,17,0,59,0,0,0,0,0,52,0,28,7,0,0,7,5
17,0,4,8,18,19,0,100,115,208,145,13,9,0,17,0,2,0,0,0,4,0,10,0,0,11,19,2,8,25,6,10
0,2,0,195,234,97,222,21,236,219,136,25,0,0,22,18,0,10,95,50,2,13,50,17,26,26,0,0,6,5,2,92
0,0,39,157,197,127,190,185,156,252,8,0,8,27,0,1,54,120,71,54,19,0,0,47,0,17,0,0,0,0,19,0
11,0,23,0,236,115,196,159,167,65,11,0,0,32,76,12,166,189,75,154,4,0,3,22,0,2,6,7,12,5,0,0
0,11,25,5,108,152,129,195,87,139,0,20,0,130,157,178,57,44,24,99,12,4,0,18,2,9,5,36,6,9,17,0
13,0,6,0,34,192,196,105,52,27,135,32,1,204,54,19,184,208,74,13,0,6,0,15,0,0,8,13,18,0,28,0
5,0,0,0,84,149,196,188,68,196,14,1,242,197,17,49,44,97,0,31,37,0,34,0,29,43,0,11,15,0,13,0
0,2,0,17,94,112,195,197,215,252,144,163,180,21,195,210,57,83,0,40,0,0,0,4,2,41,20,0,14,0,9,0
25,0,0,0,0,0,113,107,0,19,233,32,131,228,197,186,177,14,8,0,8,0,0,0,0,24,12,9,21,2,24,0
3,0,0,33,0,0,39,40,8,147,10,0,176,193,74,194,20,0,0,0,0,28,0,0,0,14,10,40,0,0,13,50
0,6,51,18,0,11,25,0,1,36,8,0,64,41,10,0,0,38,0,0,0,0,15,16,0,0,0,0,0,22,4,0
0,0,0,45,0,0,0,0,0,2,1,0,0,7,0,0,0,0,0,0,23,52,0,0,0,2,0,0,5,0,0,7
48,40,0,18,27,0,0,0,0,7,4,17,9,16,0,0,35,0,6,30,0,21,0,3,0,33,6,0,27,0,0,26
0,3,21,6,0,0,0,24,0,22,0,27,75,0,26,0,8,0,0,10,181,176,78,3,0,21,16,0,14,0,8,9
0,30,33,22,30,1,20,17,21,0,44,144,80,0,20,0,12,0,0,7,69,129,0,18,33,0,0,0,0,0,4,0
0,17,1,0,0,0,31,7,0,0,124,95,35,0,13,16,0,7,0,32,56,230,0,0,18,15,0,0,0,0,0,19
0,4,14,33,0,0,2,10,0,23,29,84,9,3,8,0,28,14,0,12,60,0,0,5,0,0,0,1,20,0,18,0
11,26,0,0,0,0,0,0,15,7,125,178,0,1,0,0,6,1,5,0,0,0,18,10,0,0,0,0,0,0,0,0
0,0,21,0,0,0,0,6,6,36,75,23,0,4,0,9,4,16,0,46,1,15,0,9,0,38,107,99,48,0,30,21
15,0,39,4,0,0,51,25,26,18,38,30,25,0,0,0,25,7,0,0,0,18,0,14,0,0,191,253,78,2,29,0
0,0,0,0,0,14,0,0,0,1,11,18,28,0,46,0,3,19,0,0,0,12,0,0,17,74,135,238,0,0,0,0
32,0,27,15,0,0,7,33,34,6,0,4,6,30,0,0,0,19,0,6,9,3,33,0,11,17,38,0,12,0,21,0
14,0,0,9,6,0,10,0,2,6,27,2,0,5,9,0,43,0,0,0,0,1,0,6,176,4,0,0,0,7,15,0
13,16,0,0,12,22,12,0,0,16,20,0,17,20,0,0,0,72,0,0,0,0,0,21,9,0,0,0,0,0,0,0
106,0,4,28,0,0,10,0,15,33,0,0,5,37,0,0,6,0,4,0,7,0,0,22,6,0,0,26,7,0,0,13
19,143,16,0,20,23,8,31,0,0,0,0,0,10,7,0,8,0,0,0,10,0,24,0,2,0,30,5,0,18,44,0
188,5,0,0,0,0,6,10,13,23,45,61,7,0,3,3,0,0,0,5,27,34,0,24,0,16,0,5,0,13,28,0
188,93,0,0,0,81,69,63,0,197,187,27,73,99,115,72,48,25,12,0,0,40,2,36,53,0,49,43,18,74,155,144
0,59,0,43,3,9,69,68,50,191,195,164,82,171,126,80,33,14,0,0,6,35,0,13,64,55,47,146,189,182,222,36
27,0,0,0,11,0,16,11,11,205,188,189,95,184,191,0,40,4,3,1,20,3,8,0,0,90,248,77,118,1,7,0
20,28,0,5,0,0,8,0,19,74,255,145,74,76,147,0,7,2,10,0,6,9,15,0,189,54,0,0,5,3,0,6
0,4,32,17,0,0,14,51,0,71,86,42,0,0,0,0,0,0,1,22,7,0,51,0,66,56,45,0,0,0,5,33
12,0,32,0,17,0,27,104,66,223,152,17,3,8,1,0,0,0,0,30,0,66,2,0,20,0,53,26,0,48,16,18
0,4,0,197,11,108,225,75,246,181,119,21,0,3,18,0,2,5,43,26,6,22,0,33,4,10,8,10,0,1,33,0
0,0,0,192,195,145,165,246,157,5,6,1,0,0,0,21,43,80,56,30,0,9,0,30,0,0,9,0,0,0,3,18
19,3,0,23,197,138,196,167,144,51,6,0,12,13,89,62,195,132,91,137,0,0,0,14,0,0,0,7,0,0,0,12
30,32,0,0,95,129,96,190,53,120,0,6,12,110,172,190,103,99,81,80,13,8,0,5,0,0,2,39,0,29,25,0
0,0,0,17,12,197,191,133,40,22,126,5,241,181,30,93,180,229,15,0,52,8,0,35,6,0,0,0,0,0,0,0
10,0,0,0,75,161,186,192,66,194,7,3,226,192,16,86,15,97,0,0,0,0,0,0,0,21,0,0,14,6,33,0
17,0,0,17,10,140,192,196,7,13,172,200,187,45,192,140,55,94,0,30,4,0,37,31,0,0,0,0,0,6,20,0
8,5,0,15,40,41,119,116,73,27,215,59,134,237,189,191,185,21,9,15,5,0,26,0,22,3,30,6,23,24,8,0
15,0,40,9,20,17,22,21,49,149,55,51,177,195,95,188,18,8,10,10,0,0,0,0,8,2,0,5,0,17,0,0
0,2,5,3,0,0,0,0,0,13,0,7,81,122,79,0,0,0,8,35,17,19,0,0,0,13,0,0,0,0,1,39
0,0,5,16,0,0,6,0,0,0,0,0,20,0,0,0,25,0,10,0,14,3,20,22,0,16,18,0,0,17,0,0
0,7,0,16,0,0,0,42,13,11,0,38,26,0,0,7,18,9,0,0,0,8,7,0,35,10,0,0,0,0,0,0
7,0,30,27,20,7,33,0,19,33,0,245,64,45,9,0,48,0,16,0,167,193,78,40,0,0,0,0,13,16,0,0
56,16,52,10,13,0,22,0,0,13,71,158,34,0,0,22,0,22,0,0,106,169,0,0,0,0,0,0,0,0,3,7
20,0,0,16,0,0,0,18,0,0,104,84,52,35,5,0,37,2,20,14,35,251,0,10,42,9,0,0,19,0,0,0
7,9,0,3,0,26,0,24,6,0,39,118,0,5,0,1,12,3,0,0,38,1,20,3,0,38,0,21,0,0,27,2
0,21,12,0,12,39,39,0,0,17,148,203,0,15,0,20,0,7,19,0,2,0,0,51,0,0,12,0,30,39,17,0
24,0,72,0,0,0,0,0,0,0,67,0,0,0,27,0,28,20,27,47,0,0,0,0,0,44,150,118,27,0,14,13
17,64,41,0,2,24,4,0,12,2,8,0,40,46,23,21,0,0,3,12,0,0,0,8,0,0,187,249,35,0,0,0
26,0,7,26,0,0,0,0,0,12,20,0,7,4,1,11,0,9,15,0,1,7,6,3,2,83,216,233,0,6,2,0
10,0,0,24,0,0,3,20,36,9,28,10,0,0,30,39,7,18,0,0,0,24,0,31,11,9,2,11,0,0,0,52
4,9,32,0,0,29,3,0,3,36,0,0,0,26,0,0,0,31,0,0,0,2,0,0,171,29,0,0,0,4,3,9
30,2,3,54,0,0,0,0,44,12,0,3,11,0,0,30,11,0,0,17,5,0,0,11,27,0,3,5,5,0,8,5
103,0,17,0,0,0,0,9,31,16,10,0,5,0,3,0,14,30,3,13,0,4,2,7,0,34,0,43,12,0,3,0
221,136,2,10,0,0,11,57,17,0,0,8,0,0,0,49,2,0,0,0,0,31,0,0,0,5,0,28,15,0,0,53
218,242,0,9,0,28,0,0,0,86,211,18,0,16,14,0,26,30,0,0,5,20,0,0,1,18,0,17,3,27,18,0
82,38,37,27,44,60,111,49,70,188,192,16,45,102,116,36,44,47,0,0,36,12,13,0,50,5,75,51,243,79,137,141
55,68,0,7,18,64,87,81,69,186,191,101,40,207,128,67,43,12,3,5,18,13,12,0,23,0,17,147,196,169,244,5
10,0,0,19,2,0,0,55,1,188,188,189,121,164,184,24,11,0,0,71,0,3,0,0,22,134,8,90,110,5,0,45
0,0,0,34,0,0,9,7,14,29,66,220,122,59,186,42,30,16,0,0,0,0,8,0,195,43,0,0,0,0,0,22
6,0,0,4,0,0,2,16,16,34,85,0,0,0,4,0,0,0,0,0,1,0,34,5,47,0,0,3,0,0,0,26
0,22,76,19,0,0,6,120,91,24,107,3,0,0,7,0,1,0,5,32,0,0,32,19,0,17,4,0,1,0,0,0
21,0,0,191,208,92,239,112,4,175,159,13,0,0,0,0,2,0,58,39,13,6,52,0,23,0,39,4,39,0,1,62
18,0,0,131,195,127,186,69,176,54,84,0,13,0,38,60,42,87,33,33,0,0,7,0,0,12,39,0,58,0,16,48
0,0,0,41,210,99,192,159,146,102,0,22,0,0,76,16,190,101,60,155,12,0,8,0,0,5,8,13,0,0,1,0
0,8,0,22,116,92,136,182,97,140,24,18,0,129,162,173,126,102,94,88,0,5,0,4,11,23,0,1,3,2,1,0
14,6,0,4,18,192,196,101,33,42,124,0,10,193,36,56,183,234,84,8,0,12,27,0,13,32,0,15,17,0,9,13
0,0,62,20,44,129,195,195,59,186,16,249,202,187,6,107,223,80,0,0,0,19,0,0,0,0,16,0,0,5,0,18
0,4,0,62,48,112,192,190,236,234,142,203,176,32,186,133,50,91,14,24,1,0,0,4,0,0,2,0,0,0,23,5
0,0,0,0,0,12,72,108,54,62,6,86,180,218,196,194,204,12,11,12,0,0,0,4,0,0,0,3,13,13,9,0
0,2,0,2,14,5,17,8,16,154,52,58,152,189,74,197,19,0,13,38,35,0,1,4,0,0,0,0,0,23,0,23
0,17,0,11,5,0,28,17,0,9,21,39,136,82,82,43,0,0,15,0,13,16,0,0,22,0,36,17,28,0,17,0
9,17,0,0,0,9,0,0,2,4,0,0,9,0,10,21,12,0,19,83,2,0,0,0,25,10,0,8,0,0,0,18
26,0,57,0,12,0,0,11,18,0,0,0,0,30,38,0,49,20,2,5,23,0,6,0,12,0,38,31,58,0,9,2
0,0,11,24,0,13,0,29,8,19,24,235,83,6,0,0,20,6,7,0,188,163,36,0,0,16,48,0,13,27,20,17
0,0,0,17,0,0,14,39,26,5,85,141,64,0,0,0,0,22,0,3,94,141,22,0,0,16,12,39,22,23,0,0
0,0,13,0,5,20,0,0,14,0,118,109,41,37,29,0,2,0,0,32,36,250,0,33,0,0,0,0,0,11,0,0
0,0,0,10,5,0,0,26,0,0,66,154,0,0,36,0,4,0,0,13,50,18,0,0,46,16,29,27,26,0,0,50
0,14,79,10,0,4,0,53,1,0,139,157,0,0,0,0,0,0,0,9,13,25,0,21,7,0,21,9,0,0,0,40
7,0,105,0,0,0,0,11,0,0,82,33,0,17,17,4,0,40,0,0,9,1,0,16,30,11,93,118,17,0,0,42
1,0,12,0,10,5,6,33,0,13,14,18,0,0,28,32,0,0,24,13,0,0,19,20,0,0,178,182,51,4,0,50
60,0,3,33,0,0,1,22,21,4,0,0,0,0,0,15,0,0,0,6,24,31,0,0,0,78,181,217,0,13,0,29
0,14,0,9,0,40,9,0,13,8,20,15,11,12,4,0,12,11,17,6,0,1,13,29,12,17,18,0,31,0,0,0
0,0,24,0,21,0,5,3,0,0,0,22,0,17,8,0,0,9,15,0,0,0,16,0,161,20,0,6,0,5,0,0
0,0,0,0,0,15,0,0,12,22,0,20,51,0,19,0,18,24,28,37,0,3,0,12,40,0,0,22,27,19,1,30
105,0,24,8,0,0,0,49,7,21,16,0,22,48,0,0,24,8,0,0,0,35,0,48,42,0,18,38,36,24,17,0
112,146,1,2,0,13,3,0,0,0,14,51,9,0,3,31,0,0,1,7,32,30,20,19,6,27,0,0,42,0,0,46
213,3,0,0,20,20,8,7,7,15,232,75,0,38,31,25,0,40,13,0,9,3,17,0,2,8,0,20,6,18,59,42
106,24,76,0,48,42,86,75,76,195,197,247,51,81,125,10,0,66,0,42,0,0,0,0,15,74,22,19,231,10,128,178
66,85,18,1,5,19,43,81,57,197,194,128,76,208,144,31,62,31,45,13,4,26,0,0,6,0,25,186,195,175,223,0
22,0,0,6,0,29,0,16,0,208,190,193,112,203,208,12,23,0,0,51,8,17,0,24,3,179,49,34,91,0,27,0
7,22,0,49,32,0,4,0,18,241,233,133,10,84,171,0,0,0,0,11,0,12,23,0,186,229,0,26,0,37,0,0
0,0,41,21,13,0,11,17,0,27,129,25,0,0,18,25,25,0,0,61,23,0,0,0,35,25,0,0,0,30,11,18
24,0,0,12,0,0,5,92,159,233,127,15,0,0,0,35,0,1,0,3,0,16,38,6,45,32,64,51,0,0,0,52
0,4,0,197,4,149,242,7,70,247,116,19,8,0,4,0,8,0,49,32,6,0,22,0,34,0,0,0,6,13,0,0
0,0,0,154,191,155,193,114,137,251,140,0,33,15,0,9,13,144,59,80,3,5,0,2,0,0,0,0,0,0,14,0
0,0,0,52,226,60,186,144,196,70,37,39,0,34,80,75,209,107,26,186,0,12,13,0,7,25,5,16,0,0,10,21
0,0,0,0,111,107,105,194,86,153,0,0,0,87,147,224,135,147,129,84,0,0,6,0,0,30,0,0,0,17,0,36
0,8,16,9,1,191,195,92,54,36,156,11,230,170,38,56,185,1,85,0,0,10,18,43,10,2,12,0,3,9,16,0
23,0,13,41,82,168,196,196,94,192,35,32,230,190,100,90,252,83,28,16,11,0,0,40,0,0,4,0,0,0,0,0
0,5,0,40,43,137,195,197,244,181,171,11,225,43,196,205,47,81,0,0,0,29,5,8,0,0,24,0,7,2,20,9
0,12,0,13,5,25,87,125,33,87,26,54,188,62,197,187,202,40,40,23,3,0,0,11,1,4,7,0,13,7,27,8
0,29,87,0,0,55,0,31,35,143,52,106,26,196,101,188,0,0,0,2,0,0,0,0,0,30,12,21,7,0,11,28
0,0,0,29,20,3,10,0,30,0,0,0,84,219,122,0,0,9,0,12,0,3,16,6,0,23,0,0,0,31,0,8
0,0,0,43,0,36,18,16,9,0,0,0,0,7,37,0,21,8,40,0,0,13,29,37,0,0,0,0,22,0,0,2
7,5,19,25,0,0,0,16,36,4,0,25,0,3,0,0,0,10,0,18,0,24,0,0,0,10,27,0,0,4,0,1
0,43,0,0,21,22,2,0,3,19,0,47,71,16,19,0,23,22,25,0,184,179,83,48,5,0,30,10,0,13,24,0
0,27,18,9,18,0,0,0,18,0,52,133,93,0,0,0,0,0,8,0,105,205,36,11,0,0,0,50,0,13,0,0
8,0,34,28,23,0,0,0,23,0,186,65,43,18,0,0,6,0,0,4,51,25,0,0,6,8,0,0,0,19,2,13
0,0,0,0,30,16,0,0,14,0,10,130,4,14,17,0,0,0,0,32,63,0,0,5,1,19,0,11,0,16,0,22
12,0,0,0,0,10,0,0,0,8,149,193,0,31,0,0,16,0,0,10,9,16,43,0,0,20,0,0,0,28,0,30
40,5,0,0,60,39,0,0,40,16,89,12,0,0,0,18,0,0,0,28,0,23,0,31,0,0,87,121,6,23,0,17
27,0,12,32,14,33,3,33,0,6,0,6,23,0,0,19,0,31,0,0,0,8,1,0,16,0,160,0,63,7,0,21
30,4,38,0,0,0,6,7,3,31,0,19,0,15,0,16,8,28,0,18,2,22,0,2,0,64,227,246,10,0,0,0
28,0,21,0,2,0,23,21,0,0,23,0,20,36,1,0,19,22,0,23,32,23,0,0,29,0,0,5,0,11,0,0
0,13,41,0,54,8,0,0,25,14,0,0,0,16,0,5,22,1,51,0,13,0,38,7,174,38,0,0,0,20,13,52
8,0,0,3,0,0,8,11,2,25,14,0,9,0,0,5,0,22,22,0,0,24,16,2,57,0,0,17,0,25,34,0
117,0,0,5,0,0,0,0,21,1,17,10,11,8,14,37,3,0,7,71,21,0,7,8,9,19,16,0,7,0,0,38
226,135,0,0,29,0,0,0,0,0,0,3,7,0,0,13,10,12,11,0,0,3,0,0,0,44,1,23,0,0,0,55
50,48,12,0,0,0,0,43,24,86,151,11,6,35,25,8,25,21,30,0,11,0,54,67,3,1,0,0,0,0,44,0
108,34,22,29,65,67,97,94,90,187,191,35,52,130,147,93,40,17,0,9,12,13,0,0,35,0,38,46,231,82,115,90
54,61,0,10,31,44,63,54,48,197,187,144,47,215,138,39,25,30,0,0,17,0,0,0,32,9,17,163,197,176,228,0
13,0,0,0,28,0,15,39,9,249,192,219,46,172,150,21,0,0,1,3,5,0,0,0,43,174,215,63,69,0,16,0
44,29,0,0,46,18,0,30,0,2,140,128,48,114,219,0,23,67,23,6,16,0,0,0,191,66,45,38,51,0,23,0
0,0,0,0,0,14,0,19,0,23,121,0,0,0,0,24,0,0,20,3,40,1,5,49,87,0,5,0,2,25,0,0
0,0,0,0,19,0,11,88,143,208,106,0,30,0,0,0,0,0,5,0,0,0,34,27,5,0,3,25,1,0,0,5
0,12,0,189,190,142,226,132,80,240,168,4,17,1,0,13,10,9,30,33,0,0,39,3,4,0,0,26,0,9,5,0
0,0,0,151,191,115,197,150,150,42,39,37,62,0,0,50,236,110,46,255,8,0,5,9,0,30,7,51,0,0,0,0
0,0,0,33,247,82,195,135,194,60,7,23,0,17,79,49,159,124,15,140,0,23,0,0,0,5,6,0,26,16,27,13
0,0,0,0,126,115,103,194,88,80,0,0,18,106,161,218,131,120,101,81,11,0,37,0,10,0,0,29,9,33,0,0
10,0,5,19,23,197,185,47,64,38,114,0,255,156,21,253,168,250,74,0,44,0,18,9,23,10,0,0,0,10,0,0
21,32,93,0,68,184,195,197,24,190,235,114,219,147,41,51,230,49,19,19,17,0,0,11,0,8,13,20,9,0,7,8
2,0,18,43,86,126,196,196,172,214,123,162,199,11,197,206,60,53,33,18,8,14,5,0,11,0,0,0,0,11,0,0
0,8,25,10,28,11,57,96,172,204,193,54,112,220,190,195,190,11,4,0,4,0,3,0,16,0,0,9,2,12,10,21
0,4,0,0,12,10,21,0,39,100,25,0,157,197,55,189,7,0,0,0,0,0,0,14,7,0,0,0,11,40,6,0
0,13,51,0,29,21,0,0,0,0,0,0,31,236,13,0,5,20,33,0,13,0,49,17,0,0,0,18,8,0,0,8
23,6,0,0,0,0,0,0,10,35,0,0,10,1,16,24,17,7,17,14,10,0,19,0,5,0,0,25,5,9,0,21
28,0,0,0,58,0,0,27,49,0,54,34,19,0,5,0,5,8,0,10,16,25,26,0,24,18,67,2,11,0,0,4
0,1,0,0,0,1,0,5,8,5,0,58,128,20,18,0,27,0,19,0,181,192,88,19,0,0,19,0,6,1,2,1
0,0,5,3,0,11,21,0,38,3,48,61,87,15,27,0,1,10,11,3,54,188,43,0,2,0,0,17,0,10,0,0
0,11,41,0,17,0,5,0,0,6,137,159,58,18,6,0,0,0,0,0,16,233,16,47,4,0,14,14,34,18,0,0
0,10,0,0,0,68,56,12,14,0,34,66,0,30,1,0,0,0,0,0,35,0,0,53,0,0,0,0,0,0,0,0
0,0,0,0,2,0,0,6,0,0,153,174,34,7,0,11,0,0,0,23,0,12,12,2,14,0,0,0,9,27,5,32
36,5,0,43,0,0,4,28,0,5,80,43,0,0,13,0,0,26,16,0,0,0,0,1,0,36,129,134,46,1,25,0
19,19,0,0,16,0,22,0,0,29,1,8,18,27,0,16,2,10,0,0,22,19,29,35,0,36,174,7,41,4,17,23
55,0,77,45,0,0,1,39,5,0,0,1,0,0,1,12,0,0,0,0,42,0,98,0,14,119,237,228,0,0,0,0
0,0,0,17,0,16,2,0,0,0,8,0,0,25,0,0,20,1,0,5,0,0,0,27,0,1,0,0,37,8,0,0
0,21,15,5,0,0,5,0,0,0,21,0,18,0,3,1,26,5,10,0,3,0,0,2,165,17,16,30,0,0,31,0
0,13,0,19,16,0,1,0,40,21,0,20,0,0,0,2,17,6,2,0,0,0,57,0,37,2,0,0,7,2,0,9
159,24,9,0,15,20,11,25,0,0,0,8,17,13,41,0,8,29,20,35,46,0,0,0,28,25,4,0,33,0,11,35
48,123,0,16,0,0,41,0,0,20,0,20,0,9,2,0,0,24,0,6,15,18,12,25,0,0,0,4,0,0,0,8
74,12,17,16,37,0,17,14,0,16,74,42,0,13,17,2,0,0,14,7,4,18,0,0,1,29,0,0,2,5,17,0
144,107,0,33,38,82,113,109,62,197,186,12,51,102,153,82,14,47,0,0,17,41,21,0,29,0,63,30,218,101,164,189
50,51,48,23,6,0,111,76,60,195,197,120,0,242,111,44,34,25,16,12,38,3,21,0,37,42,3,162,192,159,217,11
0,17,0,0,0,0,0,0,16,246,193,220,121,223,198,0,7,14,0,0,0,6,0,54,0,128,61,54,83,0,27,38
0,9,0,1,48,0,5,0,0,218,167,144,52,102,184,0,19,0,18,15,0,0,0,0,191,20,22,6,1,0,0,12
43,0,79,0,0,20,3,0,0,128,128,0,0,0,0,0,28,0,13,7,17,18,17,2,48,4,0,0,3,0,16,0
1,0,43,37,0,27,34,147,189,30,79,32,0,0,0,31,0,29,8,0,2,0,1,0,0,6,0,8,0,0,0,44
20,41,17,193,168,143,167,197,81,244,144,0,26,10,0,0,0,0,28,33,0,0,0,0,0,0,2,27,0,0,4,0
0,5,49,151,189,72,197,121,154,47,62,23,0,10,0,31,28,82,44,0,0,11,0,25,17,1,6,0,0,10,0,0
27,0,57,32,32,141,187,107,163,51,0,0,25,0,102,38,154,113,41,187,2,13,3,0,0,22,0,0,11,0,0,0
0,0,0,8,130,76,158,195,102,82,8,24,0,111,122,181,122,105,86,65,0,11,13,2,18,12,23,40,3,0,0,45
0,0,0,0,45,186,192,51,5,255,103,0,240,123,20,15,211,248,116,1,0,45,0,9,0,0,0,0,32,9,11,86
0,0,99,24,105,176,194,197,13,189,226,198,206,146,46,4,206,48,23,8,0,0,4,12,0,12,7,9,21,1,17,0
20,0,14,11,40,130,190,193,189,217,172,218,156,252,190,189,13,71,19,12,0,7,30,0,7,9,12,0,0,24,0,3
0,8,0,45,36,0,113,85,58,219,23,78,126,201,193,189,200,0,32,14,4,21,33,0,48,0,9,0,0,0,0,69
0,20,0,0,0,10,17,16,40,124,37,38,156,193,79,196,22,16,7,10,0,0,0,0,0,5,32,17,1,0,12,17
0,0,0,0,0,11,0,32,21,12,8,11,65,113,42,3,0,3,3,0,2,0,0,1,0,4,0,0,4,0,9,0
20,24,0,6,0,0,0,0,11,0,0,0,0,0,20,0,0,6,0,9,0,24,0,0,0,6,0,0,6,0,0,0
4,23,0,0,0,0,0,0,0,11,16,0,0,0,27,0,0,0,0,0,0,0,0,0,0,6,0,16,24,16,5,0
22,0,1,0,17,0,0,0,8,27,7,11,158,21,40,0,25,0,0,2,183,173,136,45,0,13,7,34,5,2,0,0
42,0,38,54,0,0,0,0,0,11,67,134,63,7,0,6,0,0,0,0,12,211,11,0,0,0,11,32,0,4,17,0
1,0,16,0,24,0,0,11,0,0,122,204,45,5,1,31,4,11,0,0,66,9,0,18,0,0,0,0,0,22,0,7
33,10,0,20,6,4,0,9,0,5,55,103,12,0,12,2,5,0,0,0,36,0,0,13,9,11,0,0,0,0,0,27
0,0,0,0,10,22,0,0,0,23,127,169,0,10,32,0,5,0,2,2,13,0,0,0,2,0,1,20,0,1,0,0
16,5,1,0,0,0,0,11,11,6,48,5,0,62,0,0,9,16,50,28,61,0,18,3,0,0,129,157,40,11,7,0
0,20,0,0,14,0,0,0,0,0,0,39,0,11,0,32,0,8,0,12,0,0,45,2,0,0,186,7,83,0,0,0
24,0,0,1,0,0,0,14,16,3,0,0,0,9,23,0,0,17,0,35,0,0,42,10,0,89,193,224,0,9,16,5
7,0,0,0,23,0,0,0,25,0,30,12,7,16,3,0,16,0,5,0,0,0,35,11,0,0,20,24,0,0,0,0
5,0,0,0,0,1,0,19,0,0,34,48,35,0,43,0,0,15,17,0,2,0,31,19,193,50,20,0,3,0,0,56
0,1,9,7,29,2,1,0,39,0,0,9,0,0,0,0,0,0,5,0,6,8,6,0,50,12,0,6,25,0,0,0
131,0,0,26,22,14,10,28,5,0,0,0,0,9,21,0,2,6,14,0,9,0,0,4,1,4,29,31,12,0,4,0
66,134,0,1,0,14,0,0,0,0,8,40,1,0,26,25,0,18,0,32,0,0,3,0,0,0,21,0,8,7,21,50
44,70,23,11,22,0,8,0,29,87,227,27,0,34,0,3,0,0,9,18,18,0,0,88,1,0,0,0,0,21,37,0
128,33,0,3,48,24,94,97,85,196,197,208,34,96,135,97,12,32,31,0,29,14,25,0,21,45,30,45,229,140,163,166
78,51,6,0,39,32,31,90,60,193,196,93,61,234,195,49,38,14,12,9,12,0,24,0,26,31,59,191,191,185,222,0
15,0,0,14,1,0,8,0,15,254,195,182,132,201,205,0,0,0,25,16,0,0,19,3,5,112,5,45,74,5,6,34
0,0,0,43,0,0,29,0,26,109,180,146,59,133,163,0,0,26,0,8,0,0,0,24,186,27,21,0,0,12,0,0
0,2,0,7,11,25,26,0,47,26,200,0,32,16,0,0,0,8,0,19,0,0,1,0,26,3,0,0,0,26,0,53
11,4,6,5,17,0,9,131,91,244,128,38,0,34,0,0,0,18,25,22,0,0,3,0,7,0,0,5,5,1,0,23
5,0,55,197,122,125,252,112,112,198,113,29,7,7,17,0,1,5,85,38,19,0,9,0,0,0,0,17,4,4,0,0
0,36,0,136,188,119,195,69,101,40,20,0,8,22,32,30,245,74,22,6,0,2,1,19,0,0,45,27,24,36,32,30
0,0,0,24,254,112,191,119,220,37,86,0,13,0,100,40,189,138,33,169,18,1,11,39,0,3,36,0,37,19,0,0
17,29,0,6,108,96,105,188,99,89,13,0,0,126,176,242,156,117,63,101,12,0,0,4,0,24,21,0,0,0,7,0
0,7,15,16,50,196,192,97,255,12,170,1,10,168,12,113,187,45,43,0,3,3,0,0,0,5,28,25,0,6,1,30
7,30,0,27,75,184,196,197,28,192,19,18,206,191,67,42,227,35,0,28,0,19,30,1,0,0,0,13,27,0,22,0
38,30,0,0,43,132,189,193,205,246,176,180,208,53,190,179,74,67,39,15,23,0,2,0,6,0,0,8,32,0,32,0
0,0,0,0,0,44,67,88,22,39,249,77,192,5,197,189,246,16,8,0,4,0,0,2,0,0,0,13,15,12,0,16
23,0,54,0,4,0,0,53,13,140,27,0,5,193,86,193,18,0,8,27,4,8,29,0,8,19,0,12,18,0,0,27
46,0,0,49,10,0,0,0,0,6,0,27,138,185,131,46,26,21,6,0,0,20,9,0,0,0,47,0,0,0,0,0
0,0,0,11,14,0,30,0,0,0,0,0,0,4,0,0,0,0,8,10,0,0,0,0,0,17,0,0,0,0,5,0
