29,19,0,40,18,30,32,6,42,7,9,0,20,0,16,5,8,2,0,0,20,0,0,0,0,1,49,0,0,0,0,0
1,0,0,22,8,4,16,6,0,5,31,166,254,0,14,23,15,0,0,0,157,218,103,0,0,0,21,0,0,0,0,0
10,0,0,43,19,0,0,0,0,0,26,117,18,0,0,35,0,2,0,0,88,103,50,0,0,9,0,0,10,0,0,44
0,0,0,0,5,0,0,0,0,0,69,128,0,21,0,0,0,20,25,3,32,245,12,0,3,0,0,0,0,0,3,20
0,0,2,0,10,4,8,2,31,0,4,88,0,0,9,9,17,0,2,0,25,0,23,13,0,0,0,0,7,12,3,36
0,0,0,21,3,28,7,0,14,10,99,208,11,19,41,0,0,0,0,0,33,0,12,14,0,4,21,0,2,1,5,0
0,0,0,13,0,0,4,56,0,5,44,17,0,6,34,0,61,64,53,0,41,0,0,18,0,31,61,100,55,10,0,0
0,5,0,0,9,0,0,0,0,0,0,49,0,6,0,0,21,0,22,0,22,13,0,0,0,2,164,35,64,11,0,2
39,0,46,0,0,27,0,0,0,16,5,0,1,8,0,0,36,2,0,0,20,16,0,0,17,66,9,32,2,32,0,0
0,0,7,38,0,0,40,14,0,0,0,9,0,10,19,12,1,0,5,8,0,0,19,32,0,0,0,0,0,7,0,16
0,24,26,18,68,0,16,5,34,0,0,7,0,0,0,4,0,18,26,0,38,0,19,48,178,9,10,0,21,0,3,0
48,17,0,0,13,0,17,0,49,0,18,9,0,5,7,6,0,0,0,0,0,1,8,0,48,0,35,8,13,0,2,25
176,0,0,0,19,0,0,16,8,0,15,0,18,40,0,0,19,17,0,0,0,8,0,5,0,0,24,0,13,31,0,0
80,156,0,0,0,0,15,15,5,11,0,0,32,39,21,19,0,5,0,8,0,9,0,0,21,6,0,5,4,0,24,0
199,249,0,26,0,36,46,0,12,198,134,32,0,60,0,0,0,23,14,0,0,0,90,67,39,0,27,19,41,18,85,0
0,197,0,32,19,26,45,49,31,196,194,7,0,44,68,0,0,59,20,1,53,9,7,21,44,7,29,23,240,112,182,215
34,49,0,3,0,10,37,60,37,197,195,107,18,176,131,52,29,32,0,1,0,7,43,0,0,12,11,163,195,141,147,0
1,17,10,8,0,0,18,6,7,91,196,172,9,210,5,0,0,0,0,0,0,0,0,3,19,137,135,35,70,5,13,0
0,4,37,0,25,26,29,0,0,73,197,144,34,126,4,46,17,19,18,0,38,0,28,0,157,192,16,7,0,0,0,0
0,0,0,0,0,21,0,17,14,8,15,0,37,14,13,0,0,12,0,5,0,0,0,0,0,0,30,8,11,0,6,0
6,0,3,17,0,0,0,101,112,241,119,0,0,4,15,0,12,0,4,0,0,5,0,0,0,31,0,13,6,0,0,0
11,0,0,197,235,185,148,109,223,233,70,0,24,0,0,0,8,0,3,33,21,0,4,0,7,9,10,0,0,7,0,23
0,0,0,190,105,151,28,173,71,229,85,0,0,27,26,30,240,80,34,250,36,2,33,5,22,0,23,0,0,31,11,12
0,40,46,4,137,46,60,102,149,209,48,19,8,48,119,48,97,72,101,150,0,0,0,0,0,10,0,16,13,0,26,6
0,0,10,0,48,71,133,79,108,102,25,21,0,177,181,135,99,28,247,99,18,12,22,0,9,0,0,0,8,9,0,0
16,12,0,0,208,195,197,160,100,3,152,0,133,143,85,197,11,103,48,0,0,11,10,0,2,7,0,5,0,0,0,0
2,12,11,34,60,191,196,197,71,192,48,39,43,192,144,8,4,36,22,28,55,0,56,0,24,0,0,0,0,0,10,7
36,3,0,12,49,101,190,195,236,251,216,130,241,65,191,75,33,89,0,0,0,0,4,20,32,5,50,0,0,0,0,0
4,28,35,0,0,27,103,102,69,125,72,184,195,59,187,191,40,40,0,0,14,0,0,10,10,5,11,1,0,0,0,6
0,0,0,0,3,0,27,42,103,15,84,103,138,196,133,187,6,0,3,7,0,0,0,0,41,0,15,0,0,0,6,31
0,0,0,21,2,0,0,36,26,0,24,31,146,196,160,48,0,0,23,22,1,0,16,0,22,44,21,1,1,0,0,30
0,0,0,29,0,0,0,24,10,0,16,0,20,8,0,9,0,18,0,0,0,0,0,0,0,0,27,21,0,16,0,19
31,0,0,20,0,0,0,81,0,0,0,0,27,11,9,2,17,23,16,22,17,1,37,0,48,18,21,28,0,0,4,16
59,0,75,10,10,3,0,0,33,0,26,211,77,0,42,23,28,0,16,0,140,221,58,2,0,0,0,33,0,20,32,0
0,0,74,0,8,10,0,0,0,7,66,111,40,16,19,0,28,0,19,0,66,78,34,0,8,0,0,4,0,0,0,0
0,0,49,14,0,18,0,0,9,0,134,89,39,0,13,4,0,0,0,4,39,229,3,0,1,20,7,6,6,0,0,22
0,0,24,12,0,17,55,0,19,0,32,156,0,0,6,34,0,0,0,0,22,0,0,38,29,6,34,0,0,0,0,58
0,39,19,0,14,0,0,0,0,0,103,199,0,17,30,5,12,1,13,0,44,27,0,0,1,0,0,0,0,5,0,0
0,10,25,4,0,33,39,0,0,0,16,0,0,37,0,47,7,22,0,0,6,22,0,0,20,10,30,119,50,0,17,46
0,11,22,5,22,0,0,0,0,3,3,0,16,0,0,0,1,0,8,0,7,5,42,50,4,0,177,19,64,1,0,0
14,0,2,0,0,0,11,13,13,0,3,10,48,0,17,34,26,23,7,0,0,0,0,14,23,47,14,48,32,0,47,46
28,0,0,3,0,25,0,0,0,24,0,0,0,6,0,0,9,0,0,3,0,17,0,0,19,7,15,0,21,0,8,0
28,6,3,0,9,10,20,4,0,0,0,0,8,13,21,15,6,0,0,21,35,11,4,22,123,0,0,0,0,23,12,0
63,4,29,7,6,0,18,0,0,23,0,0,4,12,39,0,5,0,0,7,0,12,0,18,39,0,0,0,0,0,26,0
176,0,26,8,15,16,35,0,0,23,0,11,16,6,0,26,0,3,6,61,0,39,4,0,9,4,0,24,16,0,0,23
51,179,78,0,21,0,8,6,21,0,0,18,0,0,24,13,41,11,0,0,0,0,0,6,5,0,30,0,31,12,43,18
170,248,12,16,0,19,16,1,0,250,140,38,0,0,23,0,0,7,49,0,15,37,33,19,17,3,0,0,7,15,102,10
60,0,0,0,21,67,48,7,33,196,196,210,32,84,94,40,25,4,0,16,25,12,0,38,20,18,18,31,4,108,201,178
40,6,54,27,13,3,42,40,15,195,197,99,52,171,130,24,44,40,0,2,0,36,0,0,0,29,4,238,192,130,121,18
0,0,0,17,0,51,0,0,21,131,195,148,0,203,7,27,0,0,0,4,0,10,0,0,5,153,129,63,30,0,0,16
12,0,0,14,0,0,9,39,0,137,205,147,74,131,22,0,2,13,12,0,4,5,0,13,102,190,0,0,10,11,3,12
4,30,34,0,0,24,26,8,0,237,212,39,0,0,0,21,14,0,0,0,29,0,0,0,0,1,0,4,20,1,29,10
0,45,0,0,0,14,14,80,60,249,125,0,0,1,13,0,0,21,0,23,8,0,17,0,0,10,12,0,50,31,10,0
33,52,8,197,237,193,178,75,216,213,0,12,8,35,46,7,12,74,23,13,12,0,0,13,0,0,0,0,61,15,69,0
0,12,0,194,124,140,51,182,67,206,180,19,0,12,0,56,236,51,0,244,0,0,2,32,9,0,0,0,0,14,0,0
8,0,18,0,155,49,118,106,163,245,0,0,0,51,47,62,28,67,88,120,0,0,0,0,0,17,0,0,9,0,10,19
8,0,20,35,41,27,109,131,117,80,34,15,0,123,179,150,60,236,216,116,0,39,1,0,0,0,18,10,0,0,0,0
52,15,48,0,195,197,190,156,166,31,213,53,131,96,72,217,40,107,93,0,0,33,0,0,0,3,13,0,0,0,0,17
37,0,9,7,65,192,196,197,48,193,20,14,53,188,165,40,3,51,0,0,0,0,0,19,0,10,0,0,1,28,26,6
14,0,27,38,29,104,188,190,191,254,211,82,224,64,187,76,44,66,30,27,0,0,0,15,31,16,10,0,2,27,0,36
0,0,29,12,45,7,78,102,71,74,59,156,197,8,191,196,55,0,0,0,28,26,0,0,9,0,35,18,12,17,0,23
0,27,0,3,0,9,29,35,24,242,57,91,197,196,144,188,37,12,15,20,0,0,28,6,34,0,50,0,60,33,0,28
0,0,56,9,0,0,24,3,44,0,0,0,169,191,166,45,0,3,0,0,4,0,9,0,8,0,0,0,0,0,17,0
29,12,33,0,0,0,0,35,34,36,13,8,4,11,0,0,3,4,0,14,2,0,0,0,12,0,0,0,31,6,4,16
22,22,0,14,0,0,11,0,0,0,0,1,18,0,24,0,34,5,59,10,1,0,0,0,18,21,40,0,42,0,0,0
9,0,101,0,0,8,0,33,12,1,20,16,59,0,0,0,3,0,0,0,156,6,4,34,14,3,6,7,0,0,0,0
12,45,60,0,0,0,0,0,23,17,70,67,78,12,0,1,22,0,3,0,96,75,13,20,9,25,0,0,0,5,0,41
29,0,0,27,0,0,10,11,0,0,132,141,45,12,11,14,0,14,0,0,26,252,0,11,0,0,19,0,11,24,0,0
18,5,12,0,0,11,17,16,1,0,33,133,32,0,0,0,0,0,0,0,43,0,13,0,8,0,4,0,0,0,0,0
0,4,31,0,8,0,7,1,0,14,126,225,0,0,0,15,7,7,4,0,7,0,14,21,0,18,12,0,33,18,23,0
0,0,0,0,0,0,9,67,0,0,60,22,0,0,19,50,36,9,0,0,9,11,0,0,0,5,42,70,0,0,0,18
24,21,0,0,55,39,20,0,20,12,0,0,1,1,18,31,4,2,0,0,0,0,0,37,0,0,180,233,68,18,0,0
37,0,12,5,0,0,15,12,0,0,0,0,0,4,1,0,0,27,2,0,8,3,0,27,4,59,223,35,27,8,16,0
0,0,0,1,25,1,1,6,0,19,0,5,6,0,0,0,2,11,11,0,10,33,10,0,0,18,0,17,3,0,30,26
31,0,0,0,0,0,0,12,0,21,0,0,14,18,7,0,12,0,0,0,19,26,0,0,143,49,12,0,0,0,0,19
22,16,8,0,25,0,21,20,41,2,34,0,0,20,0,7,0,0,0,1,16,12,0,2,0,0,11,0,0,14,40,0
188,0,12,0,0,47,6,0,29,0,0,15,0,18,0,3,0,7,11,55,1,0,0,2,16,11,0,18,25,0,0,36
152,167,63,0,0,0,7,0,9,0,0,18,9,0,0,0,0,19,26,16,1,0,0,0,0,0,1,0,6,0,21,21
250,17,0,0,9,0,0,3,42,234,185,17,12,16,1,0,2,0,20,30,0,0,0,34,0,14,2,0,18,27,78,0
111,6,0,0,26,70,46,36,104,191,189,7,60,88,144,0,59,43,0,26,0,26,0,4,36,16,52,40,44,107,216,101
45,37,0,0,0,35,33,27,26,193,197,113,41,189,144,28,46,10,8,6,20,2,22,1,11,2,15,201,191,146,77,0
0,7,0,0,0,0,12,19,25,75,187,203,61,187,62,3,0,0,0,0,0,0,0,0,3,149,149,244,69,11,0,0
0,0,0,5,0,0,0,19,19,142,206,176,95,159,17,0,13,0,25,12,26,12,35,23,19,183,7,0,0,17,0,0
6,0,35,2,0,10,0,0,6,9,185,8,0,14,0,34,0,0,0,31,0,3,90,16,0,0,0,0,0,2,26,0
46,0,39,0,40,10,38,89,104,9,144,0,0,12,0,0,0,0,0,0,2,9,56,18,4,0,13,20,13,32,1,0
8,0,0,191,218,163,218,142,222,202,58,39,0,16,0,9,4,10,15,37,0,0,0,2,0,0,0,0,0,0,3,0
27,0,27,176,82,141,39,163,113,246,86,3,0,0,16,105,253,57,0,9,9,0,0,1,23,7,0,0,3,45,19,3
6,61,0,0,124,115,91,169,147,244,4,0,0,70,83,0,52,80,131,112,9,0,0,18,0,0,0,0,0,24,13,0
30,0,37,1,84,54,167,140,133,92,30,16,0,105,175,173,142,220,211,85,17,0,17,20,1,9,0,1,0,5,0,54
19,7,84,18,174,189,194,203,135,34,204,0,56,178,116,221,225,40,74,20,0,0,0,4,1,13,2,19,23,0,0,0
0,5,12,16,59,197,192,189,7,197,31,9,36,194,175,0,245,28,0,14,21,4,30,22,0,0,0,54,0,4,0,0
38,0,0,32,16,91,191,195,171,5,203,113,223,72,192,56,48,69,0,0,0,16,0,0,0,0,0,17,4,31,10,0
8,3,49,0,28,5,96,65,68,67,73,162,191,71,197,187,44,37,18,1,0,0,9,0,0,0,3,0,0,0,0,0
16,0,25,29,20,9,0,37,2,9,80,102,154,197,137,193,11,0,18,0,0,0,0,34,11,16,0,0,6,3,0,0
0,0,0,15,0,0,0,43,9,24,0,1,191,196,164,16,0,2,6,38,0,0,0,29,0,32,0,7,0,1,0,24
0,0,0,0,14,0,0,9,0,7,0,0,0,45,19,0,0,2,0,4,22,37,48,0,3,0,0,6,7,4,43,0
33,0,0,1,26,0,0,63,10,33,9,0,0,28,0,0,0,16,0,0,17,0,0,0,0,0,0,0,0,1,13,0
31,4,33,18,60,0,0,30,34,0,43,204,115,30,13,0,0,24,0,17,161,25,140,19,0,0,68,48,26,21,24,0
16,23,71,7,89,0,21,29,9,25,92,129,108,10,17,11,0,1,0,0,71,89,20,11,0,0,0,0,0,30,41,32
27,0,17,0,0,0,0,53,5,3,151,195,7,0,0,0,0,3,0,10,66,10,0,20,4,14,24,0,0,0,7,0
0,15,16,0,15,16,0,0,1,0,0,141,0,33,7,0,0,23,0,27,64,0,0,5,0,9,0,0,0,15,16,0
0,0,21,5,0,50,14,0,16,19,126,236,17,0,5,15,17,0,5,17,13,0,21,0,6,0,0,0,0,12,16,0
38,11,0,2,23,0,73,16,0,10,36,33,0,0,10,31,47,0,48,3,16,23,0,0,0,0,68,123,28,0,0,5
0,0,4,0,0,8,6,0,0,10,0,4,0,16,39,0,39,16,52,0,0,19,0,37,0,8,219,23,73,0,0,0
46,18,11,8,0,13,0,0,4,0,0,0,0,0,13,0,0,0,0,0,0,0,0,23,3,65,39,9,12,0,0,11
6,5,26,0,2,0,10,3,33,0,29,35,1,0,4,9,0,41,6,0,0,14,25,0,0,1,36,28,21,0,5,0
0,0,0,17,0,0,8,1,1,0,0,0,0,51,0,0,0,2,0,2,0,0,9,6,158,23,0,7,0,8,0,0
26,0,0,23,0,0,0,0,0,0,14,24,0,15,34,0,0,0,13,0,0,0,0,25,54,0,0,16,4,0,0,36
187,0,0,18,25,16,6,7,13,0,36,0,0,0,10,0,0,16,0,0,0,0,30,11,5,0,17,24,0,0,0,0
97,184,10,59,0,0,5,8,11,0,21,46,33,0,0,0,0,0,0,0,0,9,0,2,26,5,27,0,0,3,0,0
167,246,0,0,0,29,0,0,20,2,215,31,0,26,9,0,0,14,0,32,0,0,0,0,0,0,2,0,0,0,85,3
105,235,28,0,69,17,55,0,63,188,193,243,49,80,109,44,56,16,29,13,10,0,0,20,25,22,46,35,223,115,217,153
48,51,47,9,38,40,46,0,28,193,196,85,42,242,115,39,24,15,8,5,1,34,0,5,0,0,16,131,190,139,112,25
24,0,69,54,9,0,17,0,34,96,197,204,34,183,45,0,0,0,0,35,17,39,0,0,12,163,135,74,24,0,0,0
0,0,14,15,64,0,42,30,46,112,227,200,49,132,21,8,8,3,4,0,0,24,46,0,42,178,0,0,0,9,0,18
0,0,0,0,7,0,30,36,47,236,202,0,0,7,3,0,46,0,5,3,0,0,40,23,25,0,42,0,18,14,31,49
17,0,0,0,35,0,2,68,79,248,100,0,0,0,16,0,0,0,32,14,0,0,0,0,0,25,0,0,0,0,16,13
10,0,39,190,7,205,174,112,212,231,6,0,0,14,0,0,0,0,48,12,0,0,0,0,0,16,0,2,0,36,0,0
0,0,3,189,48,179,248,160,143,251,148,1,7,17,11,33,247,71,0,214,0,0,1,3,14,3,48,0,0,32,0,14
0,0,81,17,166,118,138,162,180,235,58,0,0,67,83,65,48,33,101,120,9,4,29,0,0,0,0,25,21,15,23,0
0,0,38,14,57,56,172,156,108,86,0,0,0,136,165,141,112,207,211,53,0,3,0,0,0,0,16,0,0,0,0,63
27,0,24,5,171,186,190,234,168,13,190,0,98,181,94,251,253,119,41,0,0,36,0,0,0,0,0,25,9,11,7,0
11,16,0,9,77,195,197,186,36,195,33,254,78,196,185,31,208,6,0,4,0,0,0,0,5,0,29,0,7,0,0,2
20,2,0,4,47,120,188,192,162,220,203,16,211,63,189,86,44,72,10,7,0,6,9,0,0,0,0,0,3,19,0,13
8,0,10,14,2,33,83,81,69,35,43,139,191,33,197,187,1,7,10,0,5,0,11,0,0,0,0,2,0,0,0,0
0,0,0,0,0,0,62,57,20,228,61,114,139,189,116,197,32,0,13,46,0,10,9,0,56,10,39,25,0,2,0,18
0,0,0,14,38,0,58,0,33,12,7,0,188,191,194,35,3,22,14,18,30,11,63,0,19,0,14,0,0,18,0,0
0,13,0,0,0,0,31,0,17,0,3,0,0,0,7,0,0,7,0,25,10,0,28,3,17,6,0,0,26,0,11,0
0,0,0,0,24,0,29,0,0,0,8,0,0,5,12,0,0,3,0,9,0,0,0,0,3,5,0,1,0,0,0,31
0,0,32,24,0,0,5,10,3,0,22,26,76,6,0,0,0,0,0,0,150,8,68,0,0,0,7,0,0,0,3,0
0,0,4,0,3,0,0,19,9,0,52,165,81,0,0,21,8,0,0,20,74,85,27,10,0,20,0,0,0,0,0,13
14,11,0,7,0,0,31,8,6,0,195,166,42,9,2,13,7,0,0,17,64,5,5,0,1,1,14,0,1,0,26,17
0,0,5,12,0,3,21,0,6,0,38,139,0,27,0,0,0,6,0,4,26,13,0,18,0,10,0,0,0,0,0,0
0,2,0,16,0,14,18,9,18,12,93,189,0,0,4,0,8,11,44,11,14,0,0,0,0,25,31,0,0,4,0,3
11,12,48,43,36,21,42,0,16,0,62,41,27,0,0,49,0,39,7,12,9,0,53,0,47,5,38,99,48,0,0,41
1,0,6,0,40,6,12,18,11,3,0,37,0,2,0,5,0,7,28,7,9,0,35,65,14,0,211,250,64,0,4,0
0,0,59,17,0,0,11,11,27,5,0,0,8,0,0,0,0,6,0,0,0,2,0,20,0,100,250,78,0,6,0,9
0,0,37,1,0,0,0,0,3,0,0,4,0,3,6,14,8,0,5,0,2,1,33,0,3,10,0,0,0,0,0,25
0,2,0,6,13,0,44,0,26,0,30,2,43,0,19,7,9,16,0,0,10,4,0,0,181,38,52,7,38,0,0,0
38,0,0,0,12,3,16,0,0,0,0,0,0,0,0,0,13,0,6,32,0,0,0,0,20,8,10,8,12,0,14,18
187,0,23,0,0,7,0,18,0,8,0,18,27,0,0,11,0,7,1,0,4,0,19,17,36,7,0,0,16,2,13,0
16,169,4,0,4,6,0,0,4,10,7,0,12,2,0,0,0,0,0,32,0,0,18,0,25,12,0,7,7,0,13,11
207,36,30,0,31,12,0,0,0,248,132,53,0,4,0,8,0,0,0,0,0,51,0,23,0,0,14,0,0,13,50,17
94,5,0,0,47,51,66,59,63,192,196,244,80,62,144,43,59,0,18,0,13,18,0,22,0,0,39,10,28,118,216,152
34,48,0,3,3,20,37,54,13,197,186,92,54,208,110,26,10,13,0,0,11,4,20,0,5,38,27,166,196,116,153,44
0,0,17,28,2,0,32,0,0,92,193,202,58,169,28,0,16,11,24,0,3,0,0,0,0,155,148,36,58,11,0,0
57,58,0,0,34,16,0,0,0,156,227,116,101,204,238,0,0,0,0,17,4,16,0,20,189,199,0,0,0,0,16,92
10,11,37,21,52,0,18,14,0,244,192,4,0,10,0,0,0,5,4,0,26,23,1,0,0,0,0,0,0,0,14,20
6,0,0,16,27,0,0,108,120,249,120,9,0,23,16,0,0,0,0,28,0,0,21,5,0,0,12,1,0,11,0,19
0,1,0,190,242,200,151,114,211,199,99,0,0,0,20,0,9,0,38,58,19,0,32,15,2,0,11,19,3,4,0,31
9,0,0,198,114,181,19,150,143,224,178,30,38,0,2,59,221,77,0,2,31,16,21,18,41,11,29,8,15,0,0,0
27,0,75,11,181,93,139,188,142,6,26,1,0,48,68,14,18,71,80,109,14,0,0,28,0,0,0,0,25,1,0,35
8,0,68,2,74,40,160,113,80,95,18,0,0,149,193,170,95,203,173,111,0,2,0,7,0,0,6,0,0,13,4,0
19,0,0,19,204,186,191,219,195,6,195,2,124,190,106,38,240,79,64,0,15,0,0,1,0,0,6,0,13,31,9,25
19,0,50,18,65,196,197,187,253,196,42,49,1,197,169,36,200,247,27,5,0,19,0,11,0,0,27,0,32,0,32,0
27,11,16,26,48,106,195,197,226,227,166,112,201,72,196,84,46,63,0,0,14,17,25,40,7,4,28,0,14,1,0,28
0,0,18,0,29,21,92,72,64,63,56,155,197,48,191,195,16,0,9,0,18,0,10,17,2,2,0,1,9,0,12,30
0,0,6,31,0,0,5,20,77,250,85,74,171,197,116,190,1,2,16,0,33,25,17,27,2,0,2,26,0,0,0,0
18,14,2,0,16,22,42,0,38,0,22,5,146,197,175,4,20,22,17,17,3,0,26,27,0,23,0,0,0,0,0,29
0,14,0,0,0,0,7,0,18,17,0,14,0,9,0,27,0,3,0,0,8,1,16,0,14,0,18,10,6,7,7,12
43,15,22,20,8,11,0,0,11,0,0,16,0,0,7,11,15,1,0,17,0,2,1,0,0,0,17,14,9,3,0,17
28,4,16,0,2,0,0,0,16,10,32,238,107,0,0,0,20,0,10,1,163,0,112,0,23,0,5,25,5,0,0,35
0,0,9,31,0,0,0,0,15,0,81,121,23,9,9,0,1,0,25,0,83,110,40,11,23,12,0,10,0,0,0,5
0,0,50,0,1,13,0,0,0,23,159,84,47,19,20,0,39,1,0,0,50,20,0,17,0,0,0,0,0,17,0,0
21,25,30,0,13,0,31,0,16,0,6,126,10,1,7,31,0,0,0,0,12,13,1,8,0,10,0,18,19,19,6,19
4,9,0,0,21,0,0,33,12,7,110,203,0,0,0,0,1,1,0,3,0,0,18,11,0,8,3,5,5,16,4,0
0,16,0,0,13,0,2,12,0,0,44,0,0,0,18,0,3,0,19,0,0,7,0,6,18,0,84,94,8,17,28,24
31,0,0,0,0,0,2,46,0,7,19,31,18,0,11,0,0,0,0,33,6,0,0,2,0,0,182,251,36,58,0,54
5,11,0,19,0,27,0,7,7,0,30,0,24,0,17,3,0,5,0,12,0,0,0,0,0,97,13,54,0,0,0,15
1,0,32,5,36,0,0,0,16,14,1,0,22,0,13,20,0,0,16,0,14,24,10,9,0,18,23,0,0,0,0,0
21,0,19,0,0,4,13,58,27,16,0,13,0,0,0,0,26,0,3,0,0,25,16,0,110,46,4,3,2,0,0,0
63,43,42,0,9,0,0,0,0,27,0,0,29,8,16,0,8,5,14,21,25,1,31,0,39,0,0,0,38,10,0,0
191,0,16,17,49,1,18,6,45,2,27,0,0,0,0,0,0,0,16,0,0,0,0,8,0,8,0,9,0,0,0,37
33,167,4,11,22,0,21,21,25,0,4,18,0,0,0,22,0,0,12,0,32,19,18,0,3,13,0,1,1,2,0,15
145,33,35,2,21,0,23,0,0,235,216,34,0,0,21,12,9,0,0,0,1,0,0,16,0,1,25,10,0,3,122,0
214,16,8,5,31,35,32,29,41,193,189,192,41,112,140,37,41,21,4,0,12,0,0,23,0,0,0,25,4,107,207,136
58,71,45,0,7,71,61,56,22,196,188,130,0,206,128,32,25,20,16,9,24,0,23,25,17,22,63,229,197,100,185,0
7,2,28,0,8,0,0,15,1,120,196,196,70,225,67,11,0,10,14,42,0,0,0,17,1,38,99,217,77,6,14,9
6,0,0,21,19,16,10,6,14,149,171,142,64,141,235,9,6,11,0,23,0,0,0,4,195,131,0,0,14,0,0,0
20,17,0,0,0,38,0,0,0,16,207,0,16,0,12,6,6,45,0,0,0,26,0,0,0,0,22,38,7,27,0,0
0,0,49,43,0,0,0,96,80,18,89,0,0,20,0,0,0,3,0,33,0,16,0,0,0,5,0,0,0,3,1,0
39,0,11,197,5,176,132,158,232,208,57,18,16,0,4,15,15,28,8,61,0,8,6,5,28,0,18,0,0,0,0,7
42,0,5,156,98,176,36,165,173,239,131,0,0,2,0,60,6,60,30,250,24,0,18,0,10,7,0,0,0,16,10,0
0,0,12,23,176,80,95,185,182,228,29,16,34,59,9,31,5,95,53,85,7,13,0,0,25,35,24,9,40,0,0,0
0,0,0,6,2,62,158,148,96,94,0,0,3,138,196,139,122,135,194,85,0,3,0,48,7,7,32,0,21,8,0,9
22,0,8,30,197,193,197,155,118,33,162,16,119,124,88,251,244,115,22,41,17,0,8,0,0,25,34,17,0,19,5,0
8,10,0,17,40,187,192,196,16,188,17,34,46,189,180,35,235,246,0,0,0,0,8,15,0,0,20,0,0,0,4,0
0,1,0,10,44,89,187,191,227,223,159,240,210,95,188,41,57,76,10,0,18,6,0,0,17,31,0,46,0,17,9,0
10,20,56,0,40,59,65,67,17,53,64,130,191,61,197,188,33,42,37,19,0,0,36,0,0,26,0,0,11,0,18,56
0,0,26,5,11,24,0,66,0,224,72,115,154,191,112,197,2,0,30,0,13,0,0,8,0,14,1,0,16,14,14,19
21,8,2,0,0,3,0,6,15,4,0,20,113,189,206,43,4,0,0,0,0,0,2,0,9,17,1,0,0,9,5,11
13,14,0,0,13,19,35,0,0,37,15,0,0,33,0,0,0,0,33,8,11,0,0,0,0,0,0,0,3,8,12,0
20,6,61,0,21,7,0,0,1,7,0,7,0,0,0,0,0,16,29,0,13,10,18,17,12,0,0,40,1,0,0,0
19,26,44,17,26,0,7,3,11,0,15,10,56,1,0,0,13,0,26,8,199,231,141,56,25,15,1,0,13,4,0,20
6,0,0,0,10,0,0,0,0,4,37,68,59,0,0,18,0,19,4,0,91,101,55,0,28,0,40,0,0,23,34,0
2,5,62,0,14,0,0,0,6,9,155,173,0,7,9,0,0,29,0,4,59,18,0,7,0,15,6,3,2,8,18,15
8,0,0,4,2,0,0,0,0,6,4,112,0,0,14,7,14,0,7,0,36,4,0,0,6,20,32,22,0,5,0,0
11,0,48,0,37,2,28,6,53,0,104,206,0,0,0,51,10,0,28,0,11,0,45,1,0,0,0,0,0,19,0,27
16,4,28,3,5,20,0,0,0,0,14,0,0,0,0,3,0,4,0,15,33,29,39,21,16,0,109,91,50,10,7,56
0,21,0,5,5,0,0,2,12,14,16,21,3,8,16,14,0,0,8,0,16,0,29,35,1,0,178,24,48,3,0,0
0,0,0,0,0,0,44,0,17,7,0,27,39,3,6,29,0,7,0,0,0,0,0,0,27,104,27,235,4,0,9,24
1,10,20,0,0,0,0,0,17,0,24,13,15,0,26,0,0,0,0,0,18,18,66,17,12,0,39,0,37,0,8,0
0,16,0,47,38,0,0,0,37,14,33,0,29,33,34,0,18,12,6,0,0,0,8,14,176,41,19,0,3,3,0,15
40,0,0,0,0,2,12,26,11,0,0,28,5,5,8,0,27,0,11,13,24,0,24,5,51,0,0,0,0,5,23,28
174,0,28,0,22,0,7,0,0,5,9,0,0,3,11,0,2,0,0,2,22,4,0,0,0,0,1,19,0,12,12,23
93,136,27,0,0,0,0,13,23,25,12,0,23,0,0,0,22,7,0,1,11,0,18,0,6,0,25,31,35,0,0,0
78,61,0,0,0,31,0,0,35,234,215,34,20,12,49,0,50,3,0,10,0,0,0,0,4,7,5,0,0,0,138,6
77,239,0,0,27,58,42,69,43,197,191,7,12,75,142,63,52,7,20,0,23,0,0,18,2,22,42,27,255,134,179,183
46,29,0,24,12,21,3,56,60,194,197,119,16,212,153,24,42,24,16,0,10,25,0,8,24,22,0,221,192,112,165,0
16,13,78,0,2,34,3,0,0,136,195,176,69,217,49,3,14,0,15,24,0,0,0,3,0,37,77,7,30,49,8,0
16,27,44,0,0,41,11,0,15,176,131,152,83,183,20,0,25,29,59,12,50,0,5,13,220,185,14,0,0,0,40,20
13,0,0,41,14,0,0,0,23,251,224,25,19,0,0,0,0,0,31,14,4,0,0,1,0,22,14,22,5,24,0,16
0,0,0,16,14,0,17,99,110,14,97,1,0,0,19,0,2,6,11,17,0,5,6,0,23,1,9,0,0,0,0,0
13,0,6,195,211,170,168,160,249,180,57,49,0,0,2,48,11,32,17,38,0,30,0,0,12,12,0,0,0,0,0,80
30,2,0,214,84,134,11,233,189,209,165,0,6,7,9,56,36,61,55,249,41,18,61,8,0,0,3,8,20,5,2,0
1,0,10,22,180,99,123,170,172,228,30,17,0,48,35,19,36,87,57,120,0,0,52,0,25,0,0,15,0,21,10,0
5,12,0,6,33,51,169,182,99,83,0,0,1,121,176,146,83,121,173,131,4,0,0,0,0,0,0,11,1,0,0,0
0,30,21,13,223,196,187,211,88,246,157,0,105,147,85,17,2,112,110,0,12,0,57,0,0,0,5,44,0,0,0,57
7,6,0,60,9,188,193,196,231,189,26,1,21,190,162,10,222,42,63,0,43,0,13,19,0,26,0,0,10,0,18,56
21,0,45,46,11,57,192,190,213,199,207,4,191,71,186,68,58,60,10,0,20,0,12,14,8,0,26,11,12,0,8,0
0,0,25,3,12,3,59,95,25,39,39,158,197,247,191,196,249,0,1,0,14,21,19,7,0,0,11,3,0,14,0,5
0,20,0,19,0,0,35,1,42,172,86,126,141,196,90,188,18,0,13,13,0,25,3,0,3,2,0,0,0,0,1,30
0,0,26,0,25,0,0,0,0,41,0,0,149,127,178,25,33,0,0,42,0,7,5,0,0,14,47,0,20,0,15,0
10,0,0,24,0,4,4,29,14,0,7,33,0,19,0,0,20,0,0,4,17,0,0,25,0,16,0,0,0,17,0,16
2,0,0,0,0,0,41,0,0,0,0,44,3,0,0,0,28,0,0,7,28,0,0,0,23,10,0,0,13,39,20,11
0,2,0,0,0,22,0,0,0,0,39,8,81,0,0,10,0,10,0,0,155,28,110,32,19,22,0,14,0,0,13,0
0,0,0,0,0,0,0,21,4,0,71,91,120,14,0,0,6,0,3,23,44,155,29,2,0,0,26,20,0,0,0,55
0,26,24,0,14,8,10,0,22,28,196,139,41,14,0,0,0,0,0,11,95,28,22,3,8,15,26,0,5,21,0,0
0,0,0,0,0,6,0,11,0,1,7,96,0,0,0,0,0,0,5,0,23,11,0,0,0,0,0,0,1,14,6,35
0,5,0,0,39,0,16,0,18,13,158,244,0,0,11,6,0,3,21,31,0,0,27,27,0,0,30,0,16,2,0,35
10,0,0,12,0,0,3,0,0,1,42,45,0,0,12,0,0,0,0,4,1,0,22,0,2,0,107,118,60,2,33,0
27,0,0,0,65,16,29,0,0,1,0,10,44,0,43,0,28,16,18,0,20,0,34,29,4,2,169,31,64,0,25,16
30,0,0,2,21,0,46,9,9,23,0,0,0,12,0,25,0,0,0,26,0,16,31,0,0,87,38,43,0,0,1,0
12,5,0,16,1,0,0,0,0,0,20,11,0,5,2,7,5,0,7,66,6,5,11,25,0,0,31,5,2,14,0,40
16,3,0,3,0,0,0,17,0,1,32,7,0,0,0,16,0,14,9,0,11,0,19,0,160,55,0,2,0,0,21,0
67,18,0,4,0,16,0,15,8,0,0,11,15,0,28,0,0,26,0,16,21,8,78,18,84,30,30,0,25,4,0,45
145,4,0,19,5,0,0,16,0,0,0,2,0,1,0,30,0,0,0,14,0,7,0,9,26,0,16,11,35,0,25,0
211,146,0,23,0,0,0,65,16,0,32,18,6,30,0,39,0,48,15,0,0,0,0,28,15,0,10,0,0,6,0,0
57,18,0,30,0,0,0,0,3,222,177,77,16,27,33,23,16,24,1,11,1,16,0,0,7,0,0,16,0,0,109,11
85,7,38,0,23,65,56,16,0,197,187,213,0,91,101,3,41,57,5,0,14,0,38,13,0,24,21,27,253,138,201,121
0,42,78,17,58,8,57,49,27,197,187,118,0,212,124,3,44,13,0,0,2,0,0,0,0,0,0,240,196,87,183,0
6,0,0,18,15,23,1,0,0,112,197,204,74,226,51,0,11,0,27,4,0,5,0,0,0,29,92,41,46,0,0,38
21,2,0,14,0,0,0,0,0,183,183,154,66,157,251,0,0,0,7,0,10,0,0,5,72,146,2,16,0,0,8,0
0,36,10,0,7,0,4,0,2,243,207,34,0,0,15,3,25,8,0,0,0,31,0,29,17,0,42,0,32,12,8,86
0,5,23,9,18,0,16,110,81,20,133,7,54,18,10,0,0,18,0,0,3,5,21,0,38,5,40,0,11,3,0,2
0,0,0,181,167,164,172,151,16,197,53,16,10,14,38,16,6,22,21,34,24,14,0,20,0,0,24,11,0,0,0,0
2,0,0,165,101,161,36,172,176,13,170,40,21,0,0,71,234,77,0,229,21,9,9,18,0,0,0,12,22,0,0,0
37,6,0,30,159,97,112,190,232,179,69,34,14,61,61,47,94,48,66,121,13,0,13,0,14,8,29,20,0,0,0,99
4,0,0,14,26,43,172,171,130,92,28,13,27,149,165,138,89,147,159,137,0,0,87,26,39,0,26,1,21,9,0,26
3,18,77,17,180,197,186,193,121,31,172,19,145,181,119,250,37,141,52,35,20,21,0,0,0,0,27,6,7,0,28,51
2,0,0,3,48,195,189,193,253,192,16,48,42,186,166,254,222,43,29,0,9,10,2,0,0,12,13,0,0,1,0,0
5,5,48,12,53,64,191,196,169,189,161,1,201,16,193,40,65,70,25,45,0,0,9,0,0,12,0,30,0,0,0,0
0,0,0,11,0,32,80,59,8,76,16,165,189,39,197,186,7,10,0,4,0,0,4,0,17,16,2,6,8,2,0,3
7,0,0,10,0,0,6,43,48,199,71,106,86,197,112,191,40,4,18,13,10,0,0,33,2,0,0,7,6,5,11,7
0,20,18,12,0,0,33,13,7,7,0,39,171,98,165,14,13,7,0,0,0,13,0,23,0,7,0,0,0,0,0,38
27,48,0,0,22,19,2,0,32,20,0,0,0,31,0,23,0,42,0,0,0,0,0,23,37,29,0,18,3,5,0,73
31,5,26,14,17,35,0,0,18,0,30,0,0,8,7,13,0,26,2,0,8,0,0,0,0,1,0,0,4,9,0,38
0,0,31,0,0,1,0,0,0,34,0,183,41,55,0,0,0,0,11,0,147,249,105,20,0,0,21,0,27,0,37,18
16,3,0,0,0,0,33,0,19,32,76,120,106,0,11,8,0,0,11,10,83,134,43,0,0,0,0,0,0,5,0,19
15,0,39,0,12,0,1,16,0,0,150,223,1,16,8,37,25,0,7,5,96,23,0,0,1,0,19,17,3,0,9,0
0,12,40,6,0,5,13,0,6,0,35,117,0,0,11,0,0,30,0,0,35,6,5,14,9,10,13,0,49,0,3,0
0,0,39,28,10,0,0,36,0,0,133,255,0,0,6,29,0,3,0,0,0,16,0,0,0,0,0,0,0,21,0,0
0,1,2,0,0,0,0,0,0,3,38,0,13,3,4,0,27,24,6,16,2,10,0,13,0,0,73,105,73,0,5,18
0,17,0,0,11,4,33,0,0,17,0,0,0,0,31,6,5,0,0,16,22,0,10,16,0,2,215,46,54,0,3,0
26,0,0,16,0,13,0,49,14,5,0,0,0,0,1,0,0,26,15,0,0,0,13,0,1,107,36,45,0,0,0,32
25,21,14,0,18,20,0,26,22,31,0,14,0,28,0,0,21,0,0,40,0,11,2,0,27,10,61,14,0,27,6,0
20,0,0,0,0,4,0,6,0,7,0,3,7,17,7,0,0,0,7,0,4,0,2,0,170,28,30,4,0,9,2,30
6,10,15,0,0,0,1,7,14,9,0,16,0,0,3,5,0,13,0,0,0,0,6,0,39,0,0,0,0,0,28,0
153,0,0,0,22,0,0,7,0,6,0,0,8,16,12,0,1,8,0,0,6,0,11,0,0,26,0,8,0,0,0,0
196,217,0,0,19,0,0,0,2,0,0,36,33,0,52,0,16,29,2,0,0,6,0,4,0,0,27,24,5,12,31,0
1,34,28,0,0,3,7,0,10,243,165,20,26,28,11,18,0,0,0,0,14,13,0,0,0,0,0,6,0,11,121,0
208,242,0,0,1,16,35,7,33,197,186,229,58,70,115,40,0,19,0,0,27,36,0,19,16,18,36,32,8,152,186,169
14,30,0,0,9,31,44,53,25,196,197,117,57,222,174,49,22,11,38,0,5,6,42,17,20,29,26,236,195,80,191,21
0,28,6,0,0,36,0,37,0,96,196,194,70,241,68,0,0,0,0,0,13,12,25,0,13,47,103,54,95,0,22,0
0,10,74,0,21,1,13,0,0,169,197,145,58,158,4,0,27,0,28,11,26,0,11,0,34,191,16,6,0,0,0,11
28,0,0,17,7,0,0,19,0,19,234,3,0,0,5,24,0,23,12,0,25,0,0,19,0,0,6,0,25,0,0,58
9,45,0,0,0,12,0,139,86,31,124,0,0,0,0,0,9,0,0,0,0,11,0,3,0,0,6,0,0,10,7,20
19,35,0,195,176,203,177,154,203,202,28,0,0,38,21,0,0,0,54,56,31,0,20,39,9,0,25,1,66,0,20,0
0,13,31,116,93,153,11,136,128,234,150,30,0,0,6,88,253,75,10,218,21,0,36,28,13,0,18,0,12,19,0,6
0,0,4,24,235,80,167,169,183,225,16,0,16,48,27,15,46,99,61,154,32,0,21,9,0,2,0,0,9,12,0,34
0,2,16,0,31,49,171,156,121,99,27,7,6,174,164,118,110,114,155,88,0,5,6,11,0,0,0,0,9,5,0,0
0,0,0,32,167,191,190,214,120,9,180,23,134,160,109,5,26,87,82,0,23,47,0,0,4,3,0,0,0,17,0,0
26,0,0,42,41,195,197,187,22,196,23,33,15,196,139,36,236,54,37,1,13,0,39,2,0,3,0,0,5,0,0,0
0,6,0,7,45,77,191,196,187,212,153,249,231,56,193,31,71,70,37,1,0,0,0,14,0,2,0,0,0,0,0,5
11,0,31,5,47,30,65,59,16,23,26,170,186,44,195,196,252,21,0,10,0,19,0,0,14,7,5,32,10,0,9,47
0,0,0,20,0,0,0,49,28,171,59,140,151,195,121,193,12,47,0,0,0,0,0,0,8,17,19,0,22,0,16,37
0,0,0,0,0,4,0,20,5,8,0,2,157,195,149,27,0,12,14,0,1,0,41,19,29,0,5,0,25,4,10,0
0,1,8,0,0,3,8,6,2,0,0,0,0,0,22,16,18,4,1,16,18,0,26,0,0,7,3,13,0,0,19,0
0,0,0,0,0,0,5,4,0,0,24,37,46,0,23,0,55,8,52,0,0,40,26,8,12,0,0,0,0,15,0,54
0,0,77,8,45,0,36,0,28,6,13,234,104,0,0,47,0,10,10,13,151,8,142,0,4,0,0,0,0,0,0,0
0,4,0,9,0,16,0,0,0,1,106,128,110,33,41,5,0,1,0,9,94,127,62,0,0,1,7,0,12,1,30,0
0,7,0,9,19,13,0,0,10,10,96,189,14,0,0,0,4,6,9,2,104,11,0,0,0,0,14,3,7,0,10,8
0,39,0,0,21,39,5,0,0,13,0,118,0,0,0,0,3,14,19,0,8,0,12,0,0,3,1,13,3,0,23,8
0,15,0,0,0,0,16,9,42,0,147,234,25,0,0,0,31,7,30,0,0,1,0,0,0,0,0,0,0,0,25,22
0,3,0,0,37,0,0,0,0,7,51,0,0,8,18,44,0,0,2,2,0,15,0,0,0,0,75,63,48,20,0,0
20,10,11,26,4,0,23,0,0,0,5,7,20,2,16,0,0,14,0,8,0,0,0,0,0,10,194,72,56,0,2,30
0,0,0,0,29,21,20,42,7,0,19,0,0,29,4,0,12,1,26,24,21,13,0,24,0,80,221,55,0,22,0,51
34,41,0,0,57,0,22,0,25,0,0,11,0,0,16,12,0,33,0,0,24,14,61,21,0,0,59,0,25,0,57,22
0,0,0,0,0,5,0,0,0,0,0,0,18,11,27,0,18,0,0,0,14,0,48,2,161,37,7,0,0,8,18,28
51,4,0,0,0,17,13,20,20,16,6,0,2,6,0,0,0,0,0,36,0,0,0,22,0,0,0,0,0,0,4,0
153,0,0,16,0,0,0,15,3,0,49,15,0,0,0,21,0,0,0,25,0,0,8,0,0,26,5,0,0,0,0,36
100,172,0,0,25,0,42,8,31,0,28,18,0,0,6,11,23,7,18,0,30,0,17,7,19,0,34,6,0,16,0,11
189,16,0,10,0,0,11,17,31,196,193,17,0,18,0,0,19,4,0,19,0,0,0,0,11,0,0,0,3,2,122,5
91,252,0,0,33,51,59,62,30,190,190,213,19,105,97,39,29,33,0,0,21,11,0,0,22,29,35,19,9,153,199,160
28,43,0,0,0,0,30,94,23,196,197,146,43,216,205,45,31,11,0,12,15,30,30,0,19,27,80,199,193,89,240,43
4,0,21,0,0,12,0,0,0,142,190,169,104,232,60,13,0,0,0,19,0,0,0,1,0,92,68,49,20,8,0,0
0,10,0,4,6,26,0,18,0,159,198,147,54,142,0,5,0,3,0,0,0,7,0,0,29,173,3,0,55,0,0,0
6,9,18,8,12,0,0,0,11,23,173,12,0,10,0,0,3,3,0,0,0,7,29,11,13,7,0,0,25,0,0,14
0,0,5,0,34,1,0,148,37,27,93,0,0,0,7,10,0,0,25,27,57,0,0,10,0,0,0,20,1,41,3,1
23,27,55,111,24,162,180,175,2,214,50,0,0,9,19,0,14,3,6,35,2,0,0,0,0,32,0,0,0,0,0,38
0,5,4,155,104,176,57,164,119,2,130,4,0,0,0,112,7,91,21,4,0,25,0,6,0,7,0,0,1,5,9,10
0,0,10,5,199,115,131,177,192,3,5,0,0,53,60,46,67,93,81,115,0,2,3,0,15,5,0,4,22,0,12,0
0,10,0,0,54,46,161,153,129,132,24,23,0,131,172,153,66,141,143,48,0,31,15,2,8,3,8,0,0,13,0,17
14,19,0,0,146,195,188,240,111,245,170,33,187,139,81,7,223,51,81,14,0,0,28,0,6,17,11,12,22,0,0,3
0,28,0,17,58,195,197,186,244,195,251,248,29,196,129,16,187,115,31,11,0,0,0,0,0,0,0,0,6,1,0,0
16,7,0,6,57,68,186,191,197,199,147,230,218,85,187,37,40,74,0,9,11,0,3,0,0,11,15,16,15,5,0,28
10,18,0,4,11,13,75,68,20,44,40,162,187,12,196,195,0,0,4,0,15,8,0,3,0,7,0,0,0,40,12,0
34,15,30,0,0,48,75,0,81,174,83,103,110,186,104,196,21,0,0,3,0,18,9,8,0,0,0,9,0,18,12,0
0,0,0,0,0,0,0,4,12,0,0,0,151,102,163,33,0,12,0,28,0,0,6,28,3,0,0,0,0,20,7,0
26,0,27,0,19,0,0,18,0,16,9,1,0,0,0,0,0,0,0,26,26,9,12,25,0,0,35,5,0,24,0,0
14,0,85,0,0,0,55,0,0,0,45,0,0,0,7,16,13,0,0,0,0,0,0,0,0,6,0,0,23,0,1,30
2,0,120,19,0,10,12,22,0,0,21,44,84,4,0,32,5,0,0,0,163,72,96,25,1,3,0,0,0,25,0,85
0,0,18,91,0,0,16,78,0,0,116,126,119,0,2,7,4,0,0,53,85,118,27,0,19,0,52,6,20,0,2,12
27,38,0,0,0,11,0,0,45,4,152,180,44,0,28,12,0,16,0,0,125,33,41,34,42,16,28,1,61,0,24,6
7,19,0,15,0,0,0,43,0,0,0,87,0,14,40,8,0,1,0,13,0,0,0,16,12,0,18,2,0,12,2,0
1,0,29,14,0,0,0,40,0,0,89,25,31,32,0,53,0,14,0,10,0,17,0,0,0,5,0,0,0,0,32,17
10,0,56,19,13,0,33,42,43,0,81,53,0,28,0,0,0,0,0,0,22,31,4,0,0,0,89,130,19,0,0,6
0,15,18,0,0,5,0,0,0,27,22,0,7,33,43,0,0,0,0,0,12,19,24,0,36,0,242,70,60,0,5,0
41,18,0,5,0,13,0,0,23,0,7,29,31,26,6,18,0,0,13,0,0,19,25,22,0,99,23,113,23,0,0,42
33,28,90,42,1,10,0,27,0,11,0,0,0,14,18,48,0,0,87,28,1,0,21,0,16,0,0,31,29,29,19,49
20,18,21,14,5,0,19,27,23,0,0,51,31,25,29,20,0,0,0,0,0,28,0,7,112,22,0,0,25,12,37,26
45,12,4,11,12,13,24,0,47,14,26,0,14,23,6,29,16,3,0,0,28,0,31,0,95,32,55,0,29,7,26,0
124,33,30,0,0,0,12,20,0,0,0,20,22,0,0,8,0,3,0,0,2,0,46,10,0,0,1,8,0,0,1,0
90,166,0,0,27,0,6,24,3,0,0,15,0,9,8,2,2,3,23,14,12,0,0,5,0,0,0,26,0,0,11,15
215,22,1,6,0,10,45,38,39,235,153,41,19,27,2,42,0,11,0,0,0,35,11,15,0,0,22,0,1,0,93,0
111,206,0,3,73,12,71,80,63,191,195,242,31,74,72,45,38,15,37,7,2,17,0,47,0,21,0,0,202,168,155,195
43,66,53,47,27,58,44,45,29,193,197,111,53,205,219,11,63,7,0,0,34,0,0,36,7,0,46,223,191,52,245,4
12,16,53,0,0,0,0,3,4,88,187,190,63,230,44,0,0,0,0,22,11,15,0,0,2,123,80,43,80,0,0,24
0,4,0,0,66,0,23,24,0,149,174,137,30,191,241,0,0,22,0,0,19,0,4,0,17,70,0,0,0,15,0,0
0,4,0,30,0,0,24,38,0,29,175,0,0,0,0,3,0,0,7,0,42,0,0,0,14,14,11,0,0,0,0,0
0,11,22,0,2,0,33,99,50,36,118,0,0,0,16,0,29,7,16,0,4,0,12,15,0,7,0,11,0,0,19,0
1,7,35,186,178,160,167,158,11,197,72,30,0,0,0,0,0,5,54,59,2,0,0,3,0,0,25,19,13,0,0,1
0,9,0,150,145,164,41,117,71,24,118,0,0,30,16,41,1,65,31,11,0,0,0,33,0,0,0,0,0,35,3,0
10,0,0,17,149,87,137,185,190,243,30,0,0,68,61,19,87,46,55,142,0,0,21,0,0,26,49,0,9,0,0,33
22,21,2,3,38,56,143,149,128,89,0,0,6,176,160,151,70,141,133,122,19,5,25,10,0,0,17,0,0,0,0,39
13,7,4,0,198,185,191,156,155,20,191,0,129,175,51,13,251,86,62,16,14,1,23,5,17,0,39,0,9,4,22,0
9,2,3,54,75,193,197,194,246,194,251,40,36,195,164,20,251,78,0,37,0,18,35,0,0,0,0,12,0,0,0,0
0,0,22,0,41,101,197,192,229,238,192,29,255,56,197,17,58,67,1,12,20,4,36,5,2,0,12,0,7,0,0,4
0,0,18,8,6,12,81,48,82,51,57,146,195,26,193,197,243,2,27,0,7,11,0,21,0,0,0,0,5,9,5,0
2,1,4,8,0,8,28,37,62,221,60,86,142,197,117,193,0,5,13,0,0,0,59,0,37,18,18,12,20,3,0,12
0,0,25,0,61,11,34,0,0,0,0,13,126,197,160,25,0,43,9,34,0,0,10,12,26,0,0,0,0,0,7,24
0,12,28,16,20,0,28,6,11,13,33,35,0,66,0,0,0,0,0,4,9,2,0,0,0,3,0,0,0,0,3,0
22,28,0,0,4,0,4,22,0,0,0,0,3,13,0,0,7,0,0,0,6,0,0,0,0,0,0,0,0,50,0,0
39,1,43,15,25,7,15,13,0,15,39,254,71,0,8,8,6,23,0,14,138,54,83,0,10,0,0,0,0,8,5,0
0,11,16,0,0,0,8,0,16,0,95,113,100,6,4,0,5,1,0,0,93,94,12,0,0,3,0,0,0,8,0,44
9,7,47,2,10,0,5,0,23,0,146,215,51,19,6,0,21,27,20,0,84,45,0,0,16,0,18,0,8,0,11,15
0,18,16,0,31,0,0,0,19,0,17,119,33,4,0,23,24,24,11,0,78,0,0,50,0,0,0,0,24,0,26,0
2,0,0,19,6,0,35,0,0,7,96,220,0,0,0,16,0,0,0,50,27,0,27,0,3,7,46,8,13,0,19,17
31,0,17,0,12,0,0,0,24,0,70,0,5,8,25,42,18,0,26,36,21,0,20,17,3,2,89,109,58,0,0,50
0,0,97,27,3,12,0,16,25,14,3,30,0,4,23,0,0,0,19,0,0,0,0,0,17,1,182,57,58,0,0,33
11,0,68,0,6,0,0,37,0,0,0,0,50,38,16,0,20,27,0,3,24,18,37,7,0,76,238,127,40,10,0,0
0,12,35,21,0,0,0,13,0,17,18,0,0,0,0,0,0,13,0,0,0,30,0,19,5,0,5,0,8,0,20,58
7,0,0,16,0,19,17,0,0,12,0,8,40,0,0,0,0,0,4,15,12,30,53,0,168,11,11,2,8,16,8,38
23,0,6,32,0,0,29,0,0,6,0,0,0,32,18,13,0,0,6,0,0,9,0,0,65,43,13,2,0,0,4,25
122,0,0,15,15,0,13,0,0,0,39,1,9,0,13,58,0,9,0,0,21,48,11,0,10,0,0,4,0,0,0,16
140,168,0,10,17,0,26,1,57,0,63,0,5,24,40,6,12,0,3,3,26,0,19,16,11,0,0,27,0,32,0,10
246,64,54,0,23,0,31,0,19,245,169,34,0,18,19,27,0,0,6,0,0,22,0,11,27,12,13,0,1,3,112,0
105,15,56,1,26,11,56,45,52,187,191,218,12,77,74,51,0,23,1,0,0,0,8,2,0,16,18,27,228,141,166,205
6,84,26,0,61,85,10,36,51,196,196,114,31,229,200,16,61,56,0,29,13,0,0,74,2,29,59,204,195,85,30,2
0,0,10,0,39,0,14,7,0,86,193,195,31,199,2,0,14,8,30,1,39,0,60,0,36,53,78,46,47,6,0,0
21,0,0,5,10,0,0,20,0,183,198,173,110,178,5,0,0,0,0,12,2,23,0,19,192,99,13,12,10,0,26,0
0,7,35,30,3,0,40,16,22,11,222,0,0,0,0,15,18,4,0,0,43,25,0,0,0,2,18,16,0,4,0,0
0,0,0,0,0,10,0,93,100,7,129,32,1,0,42,20,10,31,0,0,0,0,0,13,0,0,61,0,16,0,40,0
0,0,8,186,136,184,137,84,16,203,66,13,37,5,0,12,0,0,17,69,24,0,45,36,39,0,16,0,20,15,0,0
0,27,43,203,100,144,69,139,93,9,127,0,0,13,0,63,10,54,24,17,0,0,28,0,2,1,16,7,33,5,21,0
0,0,6,25,175,101,96,190,223,11,33,1,0,41,71,30,140,80,73,120,16,0,32,10,0,0,1,16,0,0,15,30
1,4,0,0,37,54,172,169,108,108,17,0,0,183,201,110,95,211,136,134,3,0,0,4,0,18,6,8,8,21,17,0
35,0,0,12,175,196,194,197,192,12,197,21,100,187,42,11,168,249,110,15,19,5,36,0,10,0,0,0,0,3,0,23
0,34,25,4,66,197,187,191,7,197,16,17,32,195,100,219,194,97,15,0,11,15,29,15,22,13,3,0,0,0,9,0
0,0,10,0,23,116,192,196,191,233,178,97,206,78,193,25,41,84,23,19,0,0,8,24,0,0,6,0,26,32,0,0
0,0,37,20,24,16,84,70,69,92,66,138,194,31,193,197,1,30,3,22,3,23,0,13,0,8,0,0,0,8,14,0
12,37,61,6,0,0,25,56,22,235,80,99,113,195,152,187,74,5,16,0,5,8,0,0,0,2,1,23,11,7,7,6
2,34,0,0,0,38,0,7,11,16,0,0,203,189,177,25,24,0,29,0,0,16,0,4,9,6,0,0,0,3,0,27
0,0,13,0,1,0,0,3,0,0,9,16,0,0,6,20,16,19,3,10,0,4,0,0,0,6,8,0,9,0,0,0
0,24,0,13,0,0,10,0,0,19,0,17,0,13,5,0,0,0,7,0,0,0,1,0,0,1,17,0,0,0,0,0
0,34,85,26,16,0,8,35,4,0,9,252,50,3,0,0,0,0,0,39,145,66,84,0,0,36,12,3,21,0,8,12
0,0,57,8,6,0,25,14,0,3,44,168,86,0,6,7,11,28,13,0,125,84,43,0,2,0,28,0,0,4,0,24
6,0,80,0,0,0,44,0,0,0,121,203,35,3,0,0,0,10,0,14,96,20,21,1,33,0,35,0,10,0,0,0
0,0,28,0,0,6,28,0,34,8,22,133,0,3,0,12,25,0,0,0,64,0,15,0,25,0,0,0,2,12,4,0
0,0,0,0,30,0,0,0,0,49,146,163,8,28,0,12,30,4,0,2,0,0,0,0,0,0,0,14,26,22,0,0
40,0,27,17,52,0,9,31,0,0,28,34,0,0,0,0,0,4,46,1,25,0,0,0,7,0,81,81,16,20,0,24
33,7,88,0,23,0,1,2,33,3,2,0,0,12,17,32,12,21,0,5,14,0,21,0,0,0,198,45,48,0,16,20
23,14,0,0,0,0,15,0,0,0,0,0,0,18,11,35,5,6,0,11,5,32,12,0,0,94,254,117,0,0,2,7
17,45,0,0,6,14,0,46,0,0,0,0,13,0,0,0,4,11,0,13,0,0,0,0,0,0,10,19,27,8,16,0
0,2,0,6,18,0,19,0,54,0,4,24,0,0,6,0,7,0,13,0,31,25,6,23,161,35,0,27,0,11,3,74
31,0,48,0,0,0,0,11,0,0,0,25,5,4,1,9,0,0,0,0,0,0,0,0,45,0,13,0,0,0,26,14
156,0,0,0,3,0,1,5,0,0,0,0,0,0,18,37,0,0,0,0,9,0,28,16,0,33,25,0,8,0,0,0
234,199,0,0,21,5,18,38,0,0,0,32,19,0,0,7,2,35,43,0,10,0,0,53,0,0,9,0,2,36,18,0
200,46,7,13,0,0,0,0,28,210,198,0,0,13,16,0,50,20,63,15,34,0,59,6,0,7,10,0,20,20,145,16
99,246,0,0,5,0,56,54,16,195,197,187,54,76,100,0,44,22,10,12,18,7,0,0,0,9,22,13,1,137,142,215
62,49,38,10,34,0,53,15,49,197,192,121,20,209,173,75,5,23,0,13,0,0,0,0,20,2,0,248,196,91,235,16
16,24,0,0,0,22,0,4,0,74,195,169,89,192,72,0,37,23,31,25,0,0,0,0,8,144,92,37,89,0,34,28
0,0,109,0,0,29,0,6,0,186,153,106,3,183,9,0,11,0,0,24,17,5,0,0,138,99,0,7,0,5,0,0
0,0,0,13,0,43,0,3,0,19,191,26,4,0,24,0,17,0,23,0,0,9,0,38,8,0,0,0,0,2,0,14
0,16,119,25,6,0,0,127,75,39,117,21,0,35,26,14,0,0,10,0,16,8,10,0,15,6,0,0,0,21,3,21
0,13,0,194,156,151,176,134,247,204,42,46,6,0,1,0,0,0,0,45,8,0,0,47,0,24,0,0,0,23,15,0
0,0,0,166,121,128,59,105,63,21,68,14,0,0,0,108,195,72,0,233,12,34,14,0,13,0,0,11,0,11,0,0
17,7,0,0,164,67,137,194,194,10,53,3,0,60,83,24,74,69,80,125,0,0,0,6,0,0,13,0,0,1,0,40
10,9,0,0,33,26,172,151,127,110,25,28,1,161,180,173,136,189,162,102,0,0,30,0,28,0,1,0,3,13,0,4
0,19,16,0,206,194,197,187,156,31,202,0,118,192,78,26,200,44,69,0,5,1,0,17,0,3,0,0,25,22,31,31
25,0,57,2,51,197,188,190,21,197,64,44,251,197,80,70,167,119,8,0,0,5,41,1,16,5,62,0,23,35,4,3
14,31,0,37,64,103,196,197,14,219,208,112,4,42,196,15,94,82,0,30,11,0,37,0,0,0,7,3,9,18,17,0
0,0,0,0,11,28,88,75,68,72,104,159,197,68,190,195,23,0,0,21,0,0,0,0,16,0,0,8,0,8,0,10
19,43,10,0,0,34,22,0,60,21,82,102,121,197,153,193,14,34,1,44,0,0,0,4,0,0,3,0,11,9,29,0
12,20,7,0,0,5,8,19,16,43,0,9,139,197,172,46,0,0,0,0,9,7,0,7,0,3,0,19,0,0,0,17
28,0,0,28,0,0,37,12,0,30,0,29,0,0,22,0,11,0,0,0,2,4,23,33,0,16,0,20,0,8,2,0
0,0,63,33,0,0,23,6,0,18,32,16,0,0,0,14,20,27,0,33,0,0,6,25,0,0,0,0,14,6,22,0
5,0,32,13,0,0,0,0,5,23,10,217,10,3,2,19,6,7,0,0,118,54,155,24,0,3,4,0,0,3,0,15
0,0,98,31,3,10,0,0,25,0,54,97,114,19,8,0,7,0,0,30,95,43,46,0,5,1,43,0,0,10,0,7
11,0,35,0,1,0,0,39,0,0,30,146,0,45,0,0,0,8,0,55,75,23,0,0,1,0,55,29,0,14,32,0
0,18,13,22,0,1,21,1,0,0,8,131,0,13,12,0,1,29,0,0,41,0,7,0,0,0,0,6,24,11,3,25
11,31,0,0,15,5,22,32,0,10,45,241,0,0,4,3,16,10,0,0,0,0,0,0,0,0,4,32,3,0,13,0
9,0,8,29,8,0,8,0,13,0,36,0,22,0,22,23,23,0,0,0,0,15,0,55,0,17,71,76,42,28,0,32
20,29,0,2,57,16,0,0,0,0,0,0,2,16,1,19,2,0,0,43,21,5,0,0,0,4,169,50,35,12,44,0
31,1,0,0,15,8,7,0,0,0,0,4,0,0,5,0,0,0,17,0,0,0,0,26,0,89,4,145,28,0,0,46
18,1,0,0,0,0,0,0,0,9,0,5,0,8,14,0,22,17,1,17,14,23,19,14,0,19,16,6,0,0,24,0
5,5,11,14,0,0,0,0,0,0,3,0,0,0,0,0,12,4,8,0,2,0,0,22,157,40,18,0,16,36,0,0
0,21,33,0,0,11,20,0,0,54,0,2,52,14,16,19,50,22,27,1,9,0,0,16,38,4,0,0,5,0,31,0
146,0,14,0,0,0,0,0,0,0,0,0,0,35,0,14,0,0,0,0,21,4,0,0,0,12,0,16,19,0,10,45
102,156,0,12,0,0,5,10,40,1,0,3,3,0,0,0,14,17,0,13,0,17,0,0,7,0,32,0,0,4,0,0
254,37,0,0,2,16,0,2,0,129,71,13,0,0,14,0,0,0,0,6,0,0,0,0,10,11,2,0,30,23,129,0
131,249,34,27,17,42,30,4,61,191,192,154,55,45,91,31,16,35,0,0,0,37,0,0,0,8,27,48,246,135,185,160
0,8,0,34,9,0,1,0,29,14,197,141,33,150,51,56,36,17,0,9,21,6,0,0,9,13,29,230,193,91,252,46
24,2,41,0,13,0,11,0,0,117,176,167,0,126,69,0,0,0,9,11,0,2,0,18,34,2,44,64,63,0,2,0
0,0,23,34,18,25,18,16,0,122,203,143,44,154,20,11,0,0,0,13,7,10,0,0,101,74,19,0,6,26,4,0
2,37,127,32,0,25,6,0,34,216,181,0,0,60,0,0,0,1,0,2,8,10,0,10,0,23,0,48,0,19,45,0
0,10,38,0,0,0,0,83,94,250,112,0,0,0,17,0,41,30,0,1,4,41,0,38,0,0,0,2,0,0,0,0
2,11,0,237,147,144,176,91,248,221,68,0,16,6,0,10,0,0,13,44,0,13,17,4,7,0,6,10,11,6,24,6
0,0,72,171,106,146,5,107,49,18,132,0,0,2,0,76,59,71,0,39,10,0,21,0,0,0,4,0,0,16,0,52
5,31,7,0,166,28,137,155,228,32,18,0,5,45,110,49,88,76,43,128,3,26,47,14,20,20,45,28,29,0,27,0
0,0,0,0,238,18,120,116,128,153,47,0,13,181,187,173,121,189,130,37,0,17,0,0,0,34,0,0,1,3,0,2
21,28,22,8,193,197,186,180,199,61,247,55,205,176,83,67,135,29,29,10,0,0,9,0,8,0,0,0,7,2,0,17
19,10,29,0,74,190,195,197,0,191,32,106,20,192,155,94,219,106,6,0,3,0,22,0,10,0,0,0,0,0,0,0
7,13,21,0,78,133,194,189,188,11,187,229,231,86,190,75,49,66,0,1,0,25,0,6,0,0,0,0,0,8,0,0
12,0,0,0,9,27,140,96,74,108,120,193,189,180,197,191,33,1,0,18,0,29,0,15,0,16,0,0,11,14,16,0
0,3,0,7,34,0,38,64,62,53,109,118,133,192,195,197,15,33,21,9,0,0,0,16,1,22,0,14,12,3,3,28
0,1,0,0,0,22,12,0,0,0,20,35,213,189,32,19,7,0,19,0,0,0,0,0,0,25,11,12,0,27,12,84
1,8,6,0,32,15,0,0,0,29,0,0,0,2,17,0,6,35,18,9,0,0,0,0,10,0,35,33,0,29,39,0
7,0,0,0,5,20,11,33,0,10,0,37,14,3,0,21,52,20,29,0,0,0,31,31,3,0,14,0,0,21,0,27
21,3,0,40,0,0,0,36,0,6,12,236,77,0,0,25,0,0,0,33,119,87,81,0,0,0,15,24,10,0,20,0
0,13,0,1,0,3,0,0,0,0,57,134,86,4,0,30,0,11,0,0,75,101,29,0,0,0,0,25,0,13,7,0
0,29,50,0,0,25,15,0,13,0,127,221,15,11,0,0,18,0,0,18,90,23,30,0,3,8,10,0,0,0,3,0
5,1,0,13,0,0,0,34,3,0,43,141,0,3,21,40,5,11,0,47,0,15,42,0,0,0,28,12,0,13,0,6
0,0,0,0,0,0,10,0,0,0,99,223,0,0,0,10,14,25,35,34,48,0,17,0,40,51,11,0,0,7,0,67
9,0,2,0,26,0,17,0,9,21,0,2,0,4,15,0,0,0,0,2,30,0,24,8,3,7,52,111,64,0,20,87
4,27,45,28,50,31,0,24,0,2,0,1,25,0,0,1,1,1,1,0,0,10,0,2,12,27,197,74,50,0,0,0
11,0,7,0,5,27,5,0,16,0,0,6,12,0,0,36,13,0,0,0,0,3,0,0,0,64,26,115,16,24,0,0
8,0,0,37,0,5,0,36,0,0,0,0,22,22,0,0,18,1,0,0,2,1,0,0,22,0,16,0,22,33,0,9
29,5,0,2,0,0,12,23,0,0,0,0,0,4,0,3,0,2,0,0,14,10,46,4,162,9,0,0,1,0,0,0
35,0,0,25,8,0,0,0,27,12,0,0,0,0,15,0,13,3,0,27,0,1,0,31,80,0,19,0,4,35,16,0
112,0,0,0,0,6,0,31,0,6,0,16,25,3,7,0,0,0,0,16,6,21,0,22,19,0,0,0,0,14,23,14
123,154,20,0,0,43,32,0,0,0,0,39,22,0,9,58,43,27,3,0,8,0,32,55,0,3,0,0,0,14,1,43
224,25,0,49,0,0,0,0,0,174,76,63,0,0,16,0,7,6,14,0,43,0,13,0,10,20,38,27,20,30,94,0
78,11,0,22,18,22,61,42,34,94,190,203,37,72,71,28,41,41,14,24,20,22,0,0,0,0,22,25,237,114,188,185
19,44,21,0,0,58,44,86,51,123,196,96,29,199,130,46,17,2,0,24,15,0,0,31,10,0,19,202,190,112,231,6
14,36,55,0,28,24,43,0,45,69,190,172,51,176,29,0,0,0,51,0,9,0,4,0,8,53,27,35,39,2,32,0
48,0,0,0,0,0,3,0,0,148,170,129,32,160,236,2,0,8,0,1,0,0,0,9,155,55,19,0,20,0,7,0
21,0,0,0,0,0,0,0,0,235,207,0,0,0,19,38,11,0,0,0,5,9,0,16,7,0,0,1,4,3,0,0
19,0,42,0,45,1,29,93,107,24,128,12,0,8,25,16,4,0,7,0,0,0,0,8,0,17,0,0,12,0,0,49
0,0,0,138,173,186,156,147,52,237,94,0,7,5,18,0,0,46,0,46,0,0,0,0,23,2,44,0,22,13,0,0
6,0,10,176,121,127,26,142,122,34,168,5,29,0,21,90,230,68,62,19,11,3,8,0,5,0,0,0,14,14,0,64
0,16,0,0,198,39,126,172,210,31,57,0,0,51,85,53,68,76,53,49,7,0,20,12,0,0,13,14,0,0,4,17
0,0,0,15,37,35,170,155,90,133,32,40,6,155,189,109,136,182,156,61,0,2,9,4,14,2,1,0,16,0,18,0
0,0,0,0,221,190,195,184,251,27,16,73,164,151,73,62,171,45,77,0,0,14,1,0,5,6,0,0,0,0,0,31
21,23,18,5,107,195,197,187,7,196,46,38,20,196,120,64,218,24,12,11,1,0,4,0,13,0,0,6,0,0,0,0
0,12,0,0,52,141,193,196,131,5,210,229,241,84,193,72,69,63,28,2,0,0,0,0,5,7,0,4,27,0,0,0
33,5,9,26,28,25,127,156,81,103,114,192,196,121,188,194,14,30,0,13,16,0,29,27,0,0,0,9,11,0,0,19
34,0,25,33,18,0,67,15,74,63,59,101,135,196,146,187,26,34,8,35,0,0,21,0,0,0,0,0,0,17,0,45
0,31,0,0,36,0,14,0,37,42,41,4,247,196,240,51,0,0,0,0,3,13,33,0,0,2,10,5,0,0,29,0
0,0,0,0,6,0,0,0,39,0,0,21,17,10,0,25,0,9,0,0,0,0,0,0,0,9,0,14,0,0,8,0
11,1,0,0,0,0,0,58,0,1,0,43,0,12,19,0,1,0,6,0,0,2,0,40,5,3,0,11,0,0,0,45
4,0,0,0,7,0,0,0,0,0,31,12,78,0,0,0,16,5,9,0,142,49,112,0,0,0,11,12,6,5,0,0
5,0,0,19,0,0,0,6,38,1,81,132,101,14,0,16,0,0,0,0,89,109,32,0,0,0,0,12,0,0,3,48
6,24,81,43,23,15,9,0,0,4,81,227,25,0,0,0,57,12,25,33,136,15,19,0,5,23,10,12,19,0,49,0
23,0,90,0,0,0,2,0,19,33,50,129,22,13,9,0,0,0,0,0,23,0,0,0,0,25,0,0,2,31,20,56
21,8,52,0,0,0,26,0,5,0,56,237,22,0,31,24,23,7,1,0,0,0,0,6,0,0,0,0,1,0,0,5
0,0,0,20,40,0,2,0,19,0,72,0,20,0,3,16,8,0,0,0,0,0,18,5,0,0,8,81,43,0,0,0
0,28,0,0,3,0,0,10,0,39,0,0,13,51,21,0,7,1,0,24,0,0,0,0,0,0,186,75,103,9,26,0
21,6,0,6,0,2,0,0,11,1,0,20,0,11,0,8,0,1,0,0,0,0,5,16,2,75,45,133,22,14,0,23
21,0,0,0,0,0,0,0,20,17,2,16,0,0,0,0,22,0,0,18,0,0,18,12,0,17,33,0,24,0,11,35
0,0,0,0,4,26,0,0,6,14,15,6,20,0,7,6,14,0,7,0,0,19,17,10,149,35,20,25,0,10,0,0
45,29,0,0,0,38,0,13,0,12,0,26,0,0,26,0,49,57,0,0,0,0,0,17,39,0,33,0,7,0,27,0
169,0,0,0,0,21,0,10,2,28,0,3,12,41,35,45,17,0,0,25,0,2,14,40,25,17,27,0,35,13,51,3
132,142,48,15,0,0,41,23,26,9,0,0,1,40,27,7,3,5,1,0,0,0,10,0,5,0,0,5,14,10,25,0
55,44,0,0,0,2,13,17,0,148,106,46,0,4,0,29,21,0,16,3,2,16,0,5,4,30,9,0,0,0,90,6
154,11,32,0,0,26,43,52,0,209,190,168,16,39,76,8,62,0,48,0,46,44,2,4,11,0,13,68,239,121,141,174
0,42,0,14,0,37,30,31,65,45,189,96,63,177,116,11,19,30,0,0,0,0,11,21,33,21,77,214,197,40,189,7
4,0,0,0,12,0,9,7,0,107,186,168,49,146,88,0,0,0,6,16,8,0,4,0,0,105,195,142,43,3,5,0
29,0,0,54,0,15,0,41,18,34,204,169,49,176,242,7,0,5,4,22,8,0,20,0,222,145,23,6,0,18,2,15
0,0,15,5,20,0,0,28,0,169,204,0,0,46,1,0,21,15,0,0,0,6,0,0,0,0,13,46,0,0,0,0
0,0,26,40,0,0,0,97,93,0,76,0,0,7,0,0,0,0,0,0,0,0,0,17,0,0,29,0,0,3,25,0
0,4,0,88,178,175,188,168,73,216,59,17,13,0,15,8,0,11,0,83,6,0,2,46,0,7,0,0,7,3,0,3
38,0,0,164,171,116,49,130,86,5,139,5,0,0,34,46,16,81,24,14,4,0,26,0,20,2,0,0,0,0,17,0
0,0,5,0,168,21,132,170,167,25,80,23,11,51,108,14,89,63,61,51,0,0,0,0,22,35,28,0,0,0,0,28
0,0,0,31,1,28,150,155,136,106,70,1,0,192,194,122,129,170,107,77,0,16,0,3,7,0,0,13,0,1,0,0
11,8,0,0,204,189,190,199,205,80,213,23,171,218,47,70,162,120,82,8,0,0,0,0,9,6,0,0,0,0,0,0
16,0,0,41,86,190,195,197,247,191,46,67,54,193,131,40,206,79,20,0,19,0,48,29,0,0,25,13,0,6,0,0
0,0,4,37,0,124,197,188,167,227,194,249,240,144,195,77,105,85,0,16,0,30,0,0,3,0,0,36,14,0,0,0
37,45,0,0,2,50,89,87,83,151,176,123,194,190,194,198,9,24,0,0,0,15,0,9,0,0,34,1,32,0,29,43
11,26,0,0,0,0,50,49,76,48,98,109,192,193,178,193,0,4,1,0,0,11,0,17,6,27,0,22,0,11,0,0
0,14,0,16,0,0,6,23,9,7,21,1,236,190,31,25,19,5,16,0,1,0,0,9,1,16,0,0,25,0,0,0
28,18,18,0,26,9,14,14,0,9,22,0,0,0,0,17,14,0,10,20,14,10,0,17,0,29,0,0,11,0,1,58
5,42,0,0,0,36,32,0,0,0,0,0,0,0,0,0,0,0,15,0,7,0,2,9,22,35,19,0,8,0,0,0
11,0,44,0,0,25,11,0,0,20,0,244,19,0,18,5,23,10,4,0,99,69,97,29,0,0,7,0,18,7,31,0
0,30,58,0,31,9,0,0,0,0,60,136,131,17,13,12,12,8,29,37,98,121,66,0,0,10,0,6,5,7,0,0
0,0,0,11,12,0,1,0,18,10,80,193,39,0,4,0,12,0,42,21,88,40,31,0,0,7,0,0,2,6,0,0
0,11,3,18,2,0,4,5,0,0,14,133,0,0,1,0,0,3,27,24,22,0,0,2,19,0,1,14,0,40,19,0
0,3,0,0,0,0,0,0,0,0,61,196,11,10,7,0,5,6,0,0,0,19,0,0,38,0,74,39,16,0,0,0
11,0,2,15,8,0,12,16,8,34,20,0,0,7,0,3,0,0,3,0,4,0,0,0,0,0,48,128,58,0,0,18
0,19,0,0,0,0,3,2,0,16,0,0,0,1,13,6,0,0,22,0,28,0,8,0,5,11,212,34,52,0,4,14
19,4,14,39,34,4,0,0,0,2,0,0,0,22,17,0,11,5,12,26,0,0,0,14,0,57,245,111,6,29,0,0
0,17,0,35,0,0,18,0,0,11,0,0,5,0,0,23,0,0,0,0,13,4,30,0,0,3,5,0,0,21,13,10
0,0,0,37,41,0,16,21,0,21,0,0,2,0,0,0,0,13,53,0,49,7,51,31,155,25,16,0,5,0,5,0
51,0,0,0,0,7,14,0,0,7,0,0,0,0,0,0,0,0,9,18,0,0,0,0,36,0,7,0,0,0,0,0
106,17,6,0,9,16,0,20,11,21,0,36,0,6,5,0,1,0,55,4,0,34,0,0,0,0,23,0,0,0,6,17
102,79,0,12,7,10,16,1,7,0,0,16,0,0,26,24,0,5,0,0,4,0,22,0,43,3,42,16,14,0,0,46
22,82,10,6,53,0,0,0,15,174,133,40,0,10,7,19,8,11,5,20,0,0,0,0,0,15,7,4,18,0,79,15
88,9,0,24,0,39,27,16,16,70,195,224,31,68,76,28,26,29,0,13,22,20,0,29,15,20,11,0,253,50,187,216
22,32,0,0,48,32,52,82,31,26,188,112,9,198,171,55,48,5,11,31,22,6,0,0,37,10,7,253,197,36,195,0
0,0,0,13,63,0,78,17,64,57,196,158,12,182,99,14,0,18,36,0,27,34,24,0,23,252,166,31,40,0,14,19
0,11,0,0,0,19,0,16,0,121,205,116,64,152,11,0,4,0,0,0,12,0,53,0,204,231,6,8,0,0,11,0
9,4,0,22,16,0,16,15,0,191,196,12,0,0,3,0,16,10,0,0,0,0,0,25,0,13,8,0,11,8,0,5
1,0,0,0,0,0,0,79,102,20,127,6,0,0,0,0,0,0,0,0,0,36,0,0,5,11,0,0,0,19,0,34
27,14,1,119,237,177,137,149,28,254,44,0,0,44,0,0,2,0,0,42,0,0,0,60,0,0,0,0,0,30,10,0
0,0,0,147,151,111,253,133,65,18,133,15,0,7,9,62,9,48,30,21,18,4,12,0,0,31,2,0,1,10,0,0
5,9,0,13,169,31,151,188,196,25,67,6,0,57,126,0,92,43,83,87,6,4,0,40,10,5,0,0,32,26,0,33
0,0,0,25,23,226,177,159,131,113,52,39,0,187,197,176,82,173,112,76,5,17,0,0,20,15,0,0,0,0,8,0
24,15,38,0,247,192,189,170,232,14,208,80,171,163,98,93,13,57,89,33,19,0,75,0,42,26,29,9,8,0,15,25
0,9,0,0,51,196,197,188,255,196,51,24,111,197,58,243,221,63,21,8,0,0,32,43,0,0,0,0,2,0,0,5
0,9,5,20,27,112,191,196,163,248,233,213,228,51,193,87,72,77,22,0,0,0,0,0,1,0,26,11,0,20,0,0
7,4,29,0,37,42,101,92,85,107,121,151,195,85,186,192,18,48,0,0,4,7,3,29,0,0,15,44,7,33,16,0
0,0,28,12,0,0,27,72,97,12,106,162,224,197,150,190,0,8,0,2,9,16,19,0,7,0,31,43,19,0,0,0
0,3,24,6,0,0,0,8,0,25,22,6,238,197,224,29,1,0,0,9,0,4,1,7,0,0,0,10,1,3,0,49
0,0,0,0,55,0,2,0,45,14,0,0,8,0,0,0,16,23,0,0,0,3,49,0,6,0,2,0,0,16,0,12
20,0,5,0,0,0,0,2,0,7,0,0,48,17,3,0,40,0,51,10,1,0,0,0,50,0,36,34,68,0,23,18
3,7,0,0,24,0,0,29,31,18,27,8,8,28,0,24,0,14,6,3,128,59,144,25,6,0,0,16,13,0,0,0
9,0,31,26,0,0,0,0,16,19,79,135,131,0,0,0,0,0,0,0,103,105,26,0,0,10,0,0,0,7,3,1
0,10,0,0,22,39,0,0,0,24,145,201,56,3,0,0,0,10,4,21,97,18,0,0,0,43,0,0,0,0,0,7
19,0,0,46,45,0,0,0,0,0,18,119,0,1,0,34,0,0,0,27,51,10,30,0,1,22,0,0,0,0,21,32
14,4,0,0,8,0,3,16,9,6,93,196,0,23,0,18,0,18,0,3,8,0,8,0,0,2,0,0,13,0,24,6
23,8,31,17,0,0,25,0,16,12,47,13,36,0,1,0,25,0,16,0,19,22,0,39,0,0,63,94,51,0,10,49
0,0,0,0,0,27,0,0,0,6,0,0,28,21,0,0,16,0,1,11,0,0,0,37,0,0,176,28,59,28,0,0
49,17,62,24,20,29,50,0,0,48,0,4,9,0,8,0,16,9,36,4,24,0,21,21,5,99,16,81,0,9,0,0
3,0,0,0,0,0,0,0,0,8,12,7,30,28,22,0,25,0,0,0,0,0,4,0,12,7,29,34,0,0,0,12
0,29,0,0,0,10,0,25,30,0,3,0,0,0,0,0,17,0,12,0,0,21,17,12,155,25,0,0,0,0,13,1
29,0,0,0,0,0,0,0,6,0,0,17,0,0,11,37,0,6,0,0,0,12,23,26,51,18,6,0,6,0,0,0
112,18,0,11,12,23,44,0,2,37,0,0,0,15,0,13,9,0,0,0,38,0,9,0,21,17,14,0,0,0,0,51
231,114,37,0,0,0,9,20,0,0,0,0,0,22,4,0,0,0,0,15,0,0,7,0,0,4,13,18,6,9,1,19
43,71,46,0,0,4,0,7,0,168,94,40,0,0,0,16,12,0,9,0,0,0,38,0,0,2,0,0,6,21,130,25
55,16,0,25,47,49,26,43,25,171,190,225,23,48,77,45,14,0,28,0,17,0,12,0,0,46,0,22,250,69,194,155
49,95,0,0,32,23,48,54,12,22,191,81,46,180,203,6,59,32,33,0,18,0,0,11,4,10,35,7,193,54,202,0
23,0,0,8,3,13,0,13,0,48,164,162,46,194,140,38,0,9,22,0,10,0,18,0,0,34,145,24,40,15,6,0
0,8,11,26,0,3,36,0,0,11,193,138,88,153,35,0,6,7,0,0,1,13,0,0,54,163,6,0,29,0,3,0
2,0,0,0,30,0,0,0,20,186,185,0,0,0,0,61,0,0,32,0,10,40,12,0,0,8,2,29,0,0,6,61
2,29,0,0,7,15,21,40,50,1,147,0,22,53,0,0,26,0,0,35,0,0,21,1,12,10,68,0,35,54,32,0
6,4,0,242,87,163,139,148,32,201,55,5,19,0,21,0,26,7,38,22,0,7,16,0,0,18,0,0,0,38,0,0
6,20,22,155,136,117,31,153,62,229,146,0,0,0,11,49,19,74,70,8,8,5,24,25,0,0,1,0,17,0,0,0
0,0,0,7,122,24,145,146,210,24,41,5,16,44,149,69,133,46,97,72,0,17,26,0,0,3,0,23,0,25,0,9
0,31,20,0,205,57,126,87,164,107,52,29,0,200,179,146,145,92,157,58,22,0,0,0,0,33,0,7,42,19,35,0
0,0,19,0,207,189,194,168,191,41,216,77,143,220,107,52,170,49,53,3,0,0,0,0,0,5,0,0,0,0,12,23
0,0,52,42,52,192,196,196,8,193,31,70,71,176,41,229,181,123,29,23,9,0,13,0,0,0,0,0,0,9,0,47
0,23,40,41,61,141,190,195,161,217,225,220,226,66,191,121,46,69,22,0,0,0,25,6,1,1,0,11,11,13,3,12
8,0,72,24,47,15,129,114,53,88,84,108,187,119,196,196,19,0,6,2,1,22,0,18,0,3,0,0,0,4,0,37
9,0,2,3,0,2,31,59,81,63,135,165,183,194,173,194,25,0,3,0,6,0,52,4,4,32,0,0,0,1,8,0
0,0,0,1,0,6,19,20,7,1,24,10,241,195,17,31,30,0,5,0,0,10,0,4,0,0,0,6,7,12,0,38
0,16,0,5,0,6,11,0,0,0,12,0,5,0,28,2,39,0,16,11,19,0,53,0,11,2,0,20,5,0,0,0
0,1,0,0,0,0,0,16,0,0,0,43,33,30,6,17,10,9,0,0,0,0,11,6,0,0,10,0,0,0,0,0
14,0,52,30,0,0,10,0,0,0,44,16,35,24,21,0,25,0,0,7,140,30,99,10,3,25,7,0,0,7,10,0
11,31,0,0,0,12,0,15,0,8,32,109,136,57,29,0,39,0,13,69,65,98,25,0,4,17,0,5,35,10,33,16
8,11,30,0,60,12,51,0,19,11,172,192,45,0,0,0,13,0,0,6,72,10,14,23,37,7,20,14,27,4,0,9
21,3,28,0,0,0,0,34,13,13,78,89,34,0,0,0,2,0,22,0,44,0,0,0,0,0,25,0,0,0,0,0
4,7,0,4,0,6,25,10,23,0,87,236,8,0,0,21,14,0,0,2,0,0,16,0,11,29,0,3,1,0,0,20
10,13,3,0,14,51,15,39,0,48,48,0,31,0,30,41,0,27,28,0,0,19,0,4,0,0,0,98,64,18,37,24
45,0,0,48,0,0,0,1,0,1,0,21,0,4,0,0,24,30,0,0,7,0,0,4,0,0,152,49,0,28,0,0
29,4,0,0,0,9,42,16,34,14,0,0,0,7,0,11,0,0,0,0,10,15,18,18,30,72,242,97,5,10,7,3
20,19,0,0,30,3,0,0,4,0,0,0,0,0,0,0,0,10,20,0,0,0,0,0,7,0,47,0,0,0,1,0
5,5,0,0,8,42,27,0,10,12,0,0,0,0,32,0,16,25,0,0,0,1,0,0,139,11,12,0,40,18,0,8
67,10,6,0,3,13,52,0,15,17,8,7,40,0,30,0,5,6,18,15,43,6,8,5,42,1,0,8,12,35,33,0
131,11,0,0,0,35,0,37,21,23,2,0,0,1,0,0,0,0,32,0,0,0,0,0,0,0,23,18,0,12,6,32
27,115,0,17,0,0,0,32,0,0,0,25,0,6,0,24,15,0,10,19,3,0,19,0,3,0,22,13,0,1,42,0
40,93,24,0,50,37,29,0,1,209,30,50,36,12,7,6,31,0,20,0,12,0,18,41,0,0,0,0,18,58,108,0
113,26,75,0,60,50,0,0,0,217,197,215,37,78,74,3,11,23,0,6,0,0,0,0,0,11,1,44,246,60,134,195
56,32,0,36,0,53,44,50,39,23,193,87,37,197,191,24,22,9,0,4,3,33,20,0,18,0,17,248,186,7,176,32
0,0,58,0,0,0,0,0,0,96,145,152,53,203,116,0,0,0,27,0,21,0,32,0,21,43,112,227,54,0,0,19
8,0,50,6,0,0,0,54,11,251,204,208,88,117,16,0,0,0,0,0,0,6,64,0,138,153,29,0,0,15,0,85
8,31,30,0,80,8,23,0,0,202,189,0,0,0,17,0,4,23,0,0,0,0,0,23,0,30,4,3,38,0,27,66
11,7,0,0,0,6,5,35,68,26,141,19,0,10,20,6,0,0,0,9,0,6,0,1,24,0,0,0,5,3,0,33
0,3,0,41,164,182,120,142,247,225,112,0,9,0,0,15,0,18,28,17,4,14,0,24,0,0,0,0,13,14,4,14
0,0,5,165,136,173,27,126,46,254,127,53,0,0,1,57,218,71,61,172,26,37,52,0,2,27,0,16,0,0,0,80
20,0,0,8,169,240,166,183,175,3,26,11,6,36,137,56,112,69,179,84,15,15,22,0,0,0,31,0,4,22,18,18
26,0,0,13,234,14,154,133,128,112,43,9,0,142,162,139,138,100,106,48,0,0,5,0,11,0,0,1,0,11,9,0
0,0,33,0,159,197,186,159,174,39,181,66,127,201,74,100,253,91,48,0,7,0,3,27,0,0,0,0,2,4,0,0
19,0,42,26,28,186,191,195,23,187,24,228,53,175,56,144,16,69,10,0,0,0,15,38,0,0,28,0,41,33,0,0
0,0,0,15,42,144,195,197,139,246,185,140,191,49,195,134,53,52,0,0,0,16,0,28,0,0,7,0,0,26,0,0
0,0,0,0,2,16,115,107,83,69,121,153,195,101,187,193,58,33,0,5,11,5,0,0,2,0,4,0,25,4,11,17
6,12,0,7,38,7,18,76,54,61,94,129,119,189,154,197,7,27,0,0,0,1,0,3,0,9,26,0,1,30,16,8
0,0,14,15,19,0,0,0,12,18,35,0,234,197,16,10,0,38,20,0,8,9,0,0,0,0,12,28,0,0,0,11
19,0,21,6,16,14,13,13,14,8,0,0,0,15,0,0,0,22,1,16,6,0,32,0,0,6,0,20,0,0,0,3
34,29,33,0,0,0,0,16,0,0,0,0,28,48,5,0,29,30,16,17,0,0,0,17,0,0,18,7,17,0,29,0
6,0,51,0,0,11,13,5,18,0,0,4,25,12,30,0,21,0,20,36,168,19,92,0,19,4,11,17,13,32,7,0
11,3,0,6,0,0,0,7,0,22,64,116,147,0,21,27,0,0,2,16,120,102,51,0,2,0,0,3,0,3,3,0
13,0,13,37,48,7,0,43,0,8,131,2,61,0,3,2,0,0,4,25,107,12,0,0,0,30,0,0,0,0,4,71
0,20,2,4,0,23,0,32,0,2,5,118,3,0,0,20,16,0,0,0,12,13,0,0,0,0,3,3,0,49,4,20
7,1,16,0,40,0,21,6,12,19,81,233,11,30,0,4,0,8,10,0,18,0,41,11,10,0,0,24,35,0,0,0
24,0,0,0,28,0,0,0,0,13,26,10,8,31,0,53,18,0,4,15,0,0,0,0,11,17,46,92,57,10,0,0
0,0,0,0,2,0,29,0,19,7,0,30,32,32,16,24,10,0,25,0,0,29,0,0,20,0,142,44,40,9,0,46
51,17,18,2,11,32,29,0,20,22,26,0,0,0,0,0,0,0,0,8,0,7,0,22,0,68,246,57,0,40,0,0
4,0,13,0,0,0,0,0,0,0,33,6,2,1,8,2,0,0,2,15,0,0,0,0,42,0,16,7,0,0,4,20
29,0,26,4,12,14,23,0,0,0,0,0,0,9,19,0,26,0,0,6,0,0,0,5,176,0,8,2,3,0,21,35
48,0,107,0,4,0,0,39,12,0,17,22,0,9,0,0,3,17,17,31,9,0,34,27,48,5,0,16,9,30,0,0
127,28,0,0,38,60,0,1,0,10,0,14,33,23,29,1,44,6,0,0,39,0,0,14,37,0,25,0,23,16,0,0
2,116,44,0,0,18,0,11,0,0,33,25,9,25,0,22,0,0,0,0,11,0,2,17,0,0,49,0,17,0,14,0
210,74,2,0,4,20,9,0,1,187,86,28,0,0,8,6,4,0,9,0,21,0,48,3,0,0,18,0,0,21,115,0
41,233,0,12,0,0,42,49,29,9,193,179,25,49,79,41,9,7,0,0,13,0,16,0,20,12,27,44,240,87,105,237
10,75,4,0,46,56,48,0,44,60,197,153,31,195,209,16,13,29,32,25,63,0,0,0,19,0,34,16,193,29,194,25
8,0,0,18,13,0,17,41,0,82,150,163,30,223,169,0,14,11,0,28,0,0,0,0,0,48,100,21,22,0,0,13
0,3,0,28,4,0,19,19,0,64,229,164,72,143,21,0,0,0,27,0,0,0,0,0,138,155,7,5,0,0,0,15
0,0,0,45,3,0,10,49,47,198,214,31,0,9,3,44,0,8,35,0,0,11,7,9,0,0,18,0,3,0,0,0
2,26,0,0,0,38,1,0,96,10,95,0,23,0,0,18,90,20,12,3,19,0,16,0,0,0,0,0,0,42,0,0
23,10,118,5,168,177,155,157,1,179,31,0,0,0,0,34,0,0,42,17,21,10,0,40,0,0,0,29,16,8,9,16
5,3,0,158,136,146,37,169,12,255,143,0,0,0,36,30,255,51,38,238,21,0,3,13,0,0,0,0,0,2,0,21
13,0,9,10,158,252,114,176,179,33,41,24,0,56,57,32,128,77,105,86,5,2,43,0,0,0,0,12,0,17,0,0
16,25,47,0,247,55,144,115,119,133,0,11,13,165,225,139,169,115,154,54,0,0,37,0,0,30,0,0,0,0,0,14
0,0,0,0,191,188,193,151,213,44,245,73,158,210,30,89,224,84,67,0,13,0,16,4,26,27,34,2,0,6,0,14
0,0,0,8,46,195,188,193,12,192,68,67,60,134,64,208,51,119,18,9,0,1,7,0,28,0,0,0,10,4,0,0
12,21,39,18,0,82,196,197,191,253,210,6,15,105,196,9,119,90,8,2,14,9,13,25,0,0,0,0,0,0,0,0
0,0,53,0,0,33,62,90,81,128,147,158,196,155,188,193,46,23,35,0,28,0,0,20,35,0,7,0,31,11,13,0
3,9,28,0,5,14,46,20,136,81,143,112,200,188,118,196,8,12,26,0,1,0,19,0,25,4,5,18,1,20,0,26
0,7,4,0,12,2,0,23,19,10,12,39,6,197,39,39,0,8,7,0,0,0,7,0,8,12,19,0,0,7,14,46
9,19,33,5,34,4,0,6,27,3,2,14,0,14,0,0,1,9,0,0,11,1,0,17,6,11,0,0,0,0,0,6
