0,0,0,41,12,18,27,0,34,0,0,0,0,18,29,51,7,0,0,0,12,7,0,9,17,0,0,0,0,20,0,0
0,0,0,0,0,0,62,0,26,0,29,68,0,0,12,30,3,0,16,0,0,31,0,0,26,25,5,0,34,37,17,27
0,0,25,87,0,0,0,62,16,0,1,0,0,0,40,0,0,6,1,0,15,17,0,0,14,7,0,23,0,0,0,0
26,0,64,0,51,29,48,48,0,19,4,16,40,16,40,48,11,0,0,0,1,7,0,0,38,16,45,6,0,0,0,0
22,0,0,44,0,0,35,0,11,9,0,11,0,0,0,0,22,5,11,29,0,0,0,0,3,10,21,31,0,42,0,31
5,0,0,0,60,0,0,0,128,0,0,11,23,0,0,5,0,37,33,0,35,0,21,14,5,30,1,31,0,4,0,11
0,0,37,0,26,44,1,0,113,83,0,0,0,9,0,0,0,0,0,0,41,0,16,0,22,33,0,10,10,0,1,17
0,15,0,13,42,40,5,41,188,89,0,47,33,0,99,0,0,35,0,0,0,0,8,0,9,3,0,10,0,0,43,19
0,0,33,7,0,0,3,18,94,76,0,0,4,0,84,113,49,0,12,0,0,8,0,0,0,0,27,36,16,0,0,0
26,0,0,0,0,0,0,2,3,0,46,11,3,0,38,26,16,25,0,6,41,17,4,0,0,0,32,17,86,1,23,0
46,0,4,33,50,95,0,0,0,14,0,11,35,0,0,0,23,15,0,38,16,0,0,1,14,0,37,0,0,0,24,0
0,36,0,0,47,0,0,0,0,0,0,21,16,10,6,0,20,0,28,73,3,0,1,0,0,0,0,1,0,12,5,6
28,2,0,13,0,0,0,3,27,0,0,17,58,13,0,0,6,0,34,26,0,10,11,43,0,0,0,48,23,5,0,16
0,0,0,24,0,0,0,0,0,45,2,0,27,0,0,0,6,0,0,8,17,33,0,0,23,6,64,19,42,0,28,0
8,0,0,0,24,12,38,5,9,0,0,1,28,1,4,0,0,11,0,0,0,0,0,11,0,4,8,9,58,0,0,2
0,27,23,0,32,20,0,0,8,26,0,34,0,36,0,0,34,9,0,3,0,0,42,0,0,0,0,25,0,9,0,0
0,25,0,25,37,0,44,0,9,0,0,0,0,0,0,0,11,0,145,0,20,0,20,0,7,0,43,4,0,0,0,0
0,15,0,0,0,20,0,0,0,12,0,0,4,0,0,0,0,79,30,98,26,0,22,0,41,5,0,0,0,5,17,0
0,0,8,0,1,0,6,0,18,0,0,0,0,14,0,0,0,43,66,0,51,112,15,1,0,0,0,0,2,0,0,0
72,0,0,0,0,0,3,14,0,23,9,0,0,8,47,0,0,0,2,159,54,0,0,0,0,2,0,13,43,6,0,14
0,0,14,0,0,64,10,6,0,16,0,0,7,27,0,0,54,0,11,7,2,48,0,0,30,11,0,0,9,0,26,27
0,1,8,34,0,37,39,48,46,0,40,19,0,0,28,36,36,51,106,0,10,0,31,0,34,0,75,0,0,0,0,77
0,0,0,16,0,20,109,196,14,9,35,0,16,17,0,3,6,33,98,78,11,10,33,0,24,0,4,0,44,1,0,13
46,1,35,29,63,0,214,203,196,11,28,0,0,0,0,6,80,75,241,10,26,0,12,0,19,9,0,0,0,2,43,0
62,41,0,30,45,0,0,160,0,63,39,0,0,34,8,0,156,119,103,69,5,19,59,0,24,28,23,0,20,0,0,0
76,0,15,0,8,10,48,10,25,0,74,14,174,0,18,103,38,46,65,25,0,0,0,0,0,17,0,6,9,0,1,0
0,0,0,26,0,0,0,11,0,1,40,45,35,8,73,74,0,48,70,13,0,0,27,41,7,0,0,30,1,23,0,0
4,0,7,62,0,0,0,0,26,2,12,34,17,37,4,0,0,0,0,0,0,0,0,0,0,0,0,0,0,29,0,15
43,0,0,4,0,46,2,0,0,1,23,37,0,0,0,9,19,0,15,15,0,0,0,0,38,5,0,13,43,22,0,13
0,0,28,0,0,37,21,0,2,19,0,31,0,0,15,26,17,0,0,17,0,35,0,10,36,1,32,13,0,10,11,28
30,0,4,3,16,0,0,0,11,11,11,0,1,0,16,0,14,0,15,0,18,5,0,0,0,0,9,24,26,0,6,0
26,3,0,0,0,0,7,33,0,3,20,19,6,12,0,3,10,6,0,0,0,11,0,19,4,0,0,0,12,0,0,0
0,0,34,12,37,0,4,0,0,3,0,0,0,0,0,16,14,0,11,19,8,5,9,0,0,0,0,0,18,2,0,6
0,24,0,6,0,10,0,0,20,8,0,15,14,6,0,0,4,0,5,9,17,16,0,6,0,13,10,0,0,0,0,2
10,29,0,28,16,0,4,0,8,0,14,7,0,4,0,0,1,3,0,0,0,0,0,0,0,0,0,0,7,0,0,9
1,6,20,22,18,0,0,4,3,0,5,0,4,1,0,0,0,12,1,1,0,2,4,0,0,9,12,0,0,0,8,0
0,0,0,0,0,27,20,15,3,0,18,9,0,0,2,9,0,0,0,0,0,1,0,0,7,0,0,1,0,2,0,0
8,25,16,0,0,22,5,10,8,0,0,7,15,1,0,0,0,4,1,4,9,0,0,0,0,0,0,17,0,4,28,0
0,12,4,0,0,0,1,8,14,11,15,0,12,0,6,0,1,0,5,0,10,0,0,18,0,4,15,0,0,4,0,15
0,0,9,2,48,0,20,10,0,10,6,4,0,0,7,3,5,0,0,0,0,0,0,0,1,10,6,0,6,0,0,0
0,11,0,0,0,9,0,0,14,2,0,0,0,10,5,0,0,0,6,3,0,0,1,8,0,2,14,0,6,5,0,3
23,0,0,0,0,0,1,14,0,3,0,0,2,0,5,15,12,0,0,0,75,0,0,0,0,0,0,4,0,12,1,33
0,0,21,0,0,0,3,0,0,11,0,0,0,7,0,4,0,1,0,2,10,0,0,12,13,0,0,0,0,3,7,9
11,0,30,21,0,0,11,21,11,5,0,0,0,0,2,0,0,1,2,0,0,10,1,5,4,0,0,0,0,0,0,11
0,1,3,0,18,0,22,13,12,4,0,0,15,2,5,1,13,11,17,0,1,0,7,3,5,0,0,8,2,2,16,0
16,0,0,0,6,11,0,0,5,3,3,1,0,4,0,0,3,2,0,11,0,0,0,0,7,7,3,0,0,6,0,6
0,3,2,0,1,0,0,0,0,0,0,18,0,0,2,1,0,3,15,0,0,1,0,0,8,9,8,0,0,0,0,20
0,8,0,0,0,0,0,0,0,0,4,0,0,5,0,7,4,2,7,0,2,0,0,0,1,0,0,0,10,6,0,0
48,4,0,0,0,0,0,1,2,0,0,2,0,0,6,0,0,9,46,8,0,8,0,2,4,3,0,12,15,1,6,4
0,1,0,6,0,14,10,0,0,9,3,0,0,0,0,0,0,0,0,0,2,0,0,13,4,0,12,0,0,12,0,2
17,0,0,9,43,0,0,4,12,0,0,0,0,13,0,0,0,1,0,48,0,26,0,0,1,1,0,0,7,0,0,0
0,0,0,0,24,1,0,6,0,0,0,0,4,0,0,1,0,0,2,77,44,0,6,4,0,1,0,0,6,0,0,0
0,5,9,0,10,0,0,1,7,13,0,0,0,6,0,0,0,0,0,6,2,40,0,9,0,0,1,0,3,0,0,14
0,0,10,1,4,0,3,9,5,33,0,0,0,13,0,14,4,0,38,2,11,35,5,5,0,0,0,1,5,0,1,13
44,3,0,15,0,0,0,3,40,15,33,1,0,0,0,2,12,0,25,9,0,0,11,7,0,0,0,2,3,0,0,0
10,0,0,8,0,0,2,0,53,24,36,2,0,0,0,0,11,0,70,40,3,0,0,2,0,0,0,0,1,0,7,0
54,11,9,0,26,19,20,0,2,59,58,16,11,29,0,37,35,62,67,0,0,8,0,0,0,0,0,3,7,3,3,0
61,0,1,0,0,0,0,2,3,27,25,1,29,3,36,73,12,2,62,0,0,12,9,0,0,3,0,4,0,8,0,11
58,6,4,4,0,0,0,0,9,3,0,13,0,0,2,0,0,8,7,3,2,0,1,1,6,0,8,0,0,5,20,3
2,9,19,0,0,0,0,19,0,0,0,0,1,0,6,0,0,2,0,0,0,0,0,0,3,9,4,0,4,0,0,27
5,0,0,12,0,0,14,0,10,6,32,0,13,0,0,0,0,0,0,8,0,0,5,0,4,13,0,3,3,2,0,6
0,3,0,0,0,5,13,7,3,0,2,0,0,0,0,3,0,0,0,0,0,3,8,0,0,0,0,0,7,0,2,0
0,6,4,0,3,11,0,0,6,2,5,0,0,0,6,0,0,10,5,0,0,0,0,0,0,0,0,2,0,2,0,8
0,6,0,2,7,0,1,0,0,7,2,0,0,0,0,10,3,0,0,0,9,1,3,0,0,0,0,0,0,0,3,0
38,15,6,0,0,10,0,0,8,0,5,4,0,4,3,0,4,7,3,0,0,0,9,0,0,0,7,0,9,0,8,12
0,0,0,0,0,0,0,12,1,0,0,0,0,0,1,0,0,0,0,0,0,2,1,11,0,0,0,8,0,8,0,13
0,0,0,0,9,0,0,6,6,1,0,0,10,0,18,0,1,0,8,0,0,5,0,9,3,0,6,12,0,0,6,4
6,4,0,4,0,0,0,14,0,0,0,0,0,0,2,0,9,1,1,0,0,4,0,0,0,0,0,17,0,0,3,33
2,5,1,0,6,10,12,1,0,3,0,0,7,2,2,0,8,9,3,0,0,4,6,0,0,0,0,2,0,1,0,0
0,0,0,0,0,6,0,0,8,4,0,8,0,1,0,6,7,2,9,0,4,1,11,8,4,0,11,2,1,0,2,11
10,6,16,0,1,12,0,0,8,0,9,2,0,0,3,4,0,0,0,0,2,0,0,2,1,4,0,15,1,0,0,11
0,0,0,0,0,4,0,0,0,0,0,0,11,0,3,2,0,0,8,0,5,0,7,0,0,6,10,0,5,3,0,13
0,7,8,0,8,3,4,0,0,0,0,8,0,8,3,0,18,7,6,3,0,0,3,0,0,0,9,7,2,1,0,0
0,5,0,1,8,0,0,0,8,0,4,0,0,0,0,0,0,0,0,2,4,0,0,0,0,0,5,0,8,0,0,0
6,0,15,0,7,2,0,3,0,9,0,0,12,1,0,1,0,9,0,2,0,0,13,0,0,0,1,0,0,0,0,0
0,4,0,2,0,9,0,0,0,4,0,1,6,2,0,5,0,5,0,8,10,4,0,0,0,1,2,0,0,2,3,0
0,0,0,20,25,6,0,0,0,0,0,0,0,11,0,0,11,0,46,2,1,0,0,5,0,9,5,10,0,12,0,16
3,4,0,5,0,0,0,0,0,5,9,0,0,4,9,6,4,0,0,7,1,5,0,2,0,0,17,0,0,7,0,0
0,16,0,0,0,0,11,17,0,0,0,0,7,0,0,0,13,1,0,4,0,8,2,0,2,0,0,0,1,0,0,5
8,0,0,7,0,5,7,0,0,2,0,0,0,0,3,4,0,0,0,1,0,9,12,6,0,0,0,0,9,0,0,6
57,13,0,7,0,0,4,0,2,3,7,0,0,3,0,0,0,6,0,8,0,1,0,0,0,0,0,0,0,17,4,0
13,0,16,4,0,2,1,1,0,6,3,0,0,0,0,0,0,1,6,0,1,0,2,0,0,0,0,0,0,0,1,26
7,1,0,0,0,0,0,0,13,0,0,0,0,11,0,0,0,3,4,55,9,29,21,10,1,7,0,0,0,5,6,0
0,0,22,1,45,0,1,20,5,8,16,35,9,0,8,28,0,0,5,0,49,18,2,11,0,0,0,17,0,12,12,23
0,38,41,8,49,39,0,0,0,3,0,0,6,0,14,25,16,8,0,4,0,186,0,25,0,0,0,0,0,39,0,0
0,0,0,9,14,0,0,48,0,0,0,0,0,0,0,0,0,0,13,75,10,210,7,0,32,0,0,0,0,20,0,1
0,0,9,55,19,9,63,33,244,114,36,0,42,0,0,0,0,51,13,0,17,125,0,18,16,0,0,0,3,27,0,46
0,0,0,0,4,11,166,87,3,167,180,42,12,0,2,0,20,25,0,25,123,36,0,6,16,10,19,10,0,0,6,0
59,6,35,0,48,0,103,68,140,203,26,74,0,86,9,0,12,111,146,67,245,12,0,0,0,0,0,0,0,26,41,0
0,7,0,0,0,0,0,6,0,248,173,73,157,17,5,0,63,129,156,69,68,1,0,0,0,0,0,0,17,4,0,0
0,0,0,0,0,10,33,142,220,193,25,234,49,50,4,0,23,48,166,196,0,0,1,24,0,0,42,12,22,0,8,0
0,0,0,0,0,0,0,0,101,24,234,226,184,70,139,66,12,61,237,0,9,37,71,0,0,27,0,8,0,0,31,0
79,0,25,18,22,7,46,0,0,30,53,64,195,51,31,114,1,0,0,17,11,0,16,13,0,0,0,19,0,0,0,0
0,0,0,63,47,0,13,48,7,4,0,0,0,8,0,0,8,0,9,0,2,5,18,16,34,0,8,24,26,20,0,0
5,1,23,31,61,0,0,0,0,0,8,43,2,0,25,0,0,6,12,0,16,0,18,0,2,0,0,0,0,0,18,40
0,0,16,57,23,0,0,14,0,3,20,23,12,0,8,0,3,0,0,28,0,18,0,6,0,25,23,46,16,0,0,0
0,0,27,0,0,0,0,0,18,32,9,0,7,0,1,2,6,0,186,0,39,0,1,0,0,0,46,5,12,0,0,5
54,0,0,0,0,0,0,0,0,0,0,14,0,0,0,0,66,26,28,29,0,0,0,0,0,0,0,0,0,33,0,0
18,0,102,0,0,6,0,0,16,3,0,8,22,18,18,18,0,3,125,0,30,0,14,10,24,0,0,9,0,0,4,39
12,20,0,73,0,0,0,0,0,0,29,0,18,0,8,23,0,63,45,0,0,9,0,0,21,0,47,0,1,53,24,0
0,0,4,15,0,0,0,0,0,24,1,46,0,37,0,26,0,208,7,0,35,15,0,0,6,0,0,52,26,48,15,0
24,0,0,59,23,0,0,0,15,22,21,0,0,0,6,6,0,94,0,0,9,0,18,5,0,15,95,31,0,0,0,43
0,0,0,0,83,0,3,18,11,2,160,20,5,0,0,24,0,43,9,4,0,2,34,0,19,0,44,20,46,0,0,0
8,0,0,0,18,58,0,16,0,0,146,73,58,53,36,0,24,0,0,0,0,0,0,17,0,15,0,1,18,0,0,13
16,0,0,23,23,12,0,67,9,0,39,158,0,0,35,18,1,100,0,19,30,0,14,0,22,16,0,37,0,37,0,2
0,0,33,0,34,40,11,21,43,43,14,56,0,0,101,0,27,0,17,0,0,48,98,0,0,0,0,0,0,0,17,18
27,17,73,0,0,0,0,0,0,4,0,0,19,3,0,4,8,0,18,0,0,195,62,23,0,19,0,0,1,34,24,0
0,0,0,0,11,5,4,0,0,40,24,22,62,0,63,13,0,17,4,16,46,1,30,0,0,0,0,0,0,6,5,0
27,0,48,41,22,0,23,12,20,0,0,0,0,103,8,39,0,0,0,0,0,0,28,18,11,0,0,17,16,0,4,0
27,0,0,48,0,26,0,0,29,3,16,0,44,34,0,41,0,0,11,15,12,0,10,38,7,7,0,0,0,9,30,0
24,31,6,0,4,0,8,0,0,0,0,4,11,0,13,0,15,15,0,0,6,0,12,22,0,9,3,0,4,0,10,35
0,0,0,0,4,0,0,0,6,8,21,0,0,0,15,0,0,16,0,10,0,0,0,0,13,0,0,12,0,0,34,0
0,21,52,2,0,0,0,0,0,18,28,47,15,38,0,0,0,5,57,0,1,40,19,18,15,0,0,14,0,7,9,0
0,0,0,4,78,0,0,9,29,0,27,0,0,0,12,4,3,16,23,0,0,0,5,7,0,1,0,1,6,21,13,1
31,0,11,26,1,0,43,22,29,3,21,12,8,0,0,0,0,0,4,18,13,85,54,1,5,14,42,0,16,0,0,25
44,0,0,0,0,0,0,0,0,4,0,0,24,0,0,0,7,0,3,0,32,16,34,13,0,9,0,0,0,3,14,3
28,0,0,28,28,23,0,39,3,0,0,32,8,0,18,0,4,4,24,16,6,85,14,0,0,0,30,0,9,2,6,21
0,0,3,18,0,0,7,16,0,0,0,12,4,0,4,1,0,21,0,70,6,88,0,0,0,0,3,15,11,0,0,0
25,3,30,0,5,33,0,0,32,17,87,7,15,8,0,0,7,1,0,0,0,1,0,7,0,0,0,0,0,7,4,0
0,2,0,0,0,9,0,0,83,15,93,9,0,0,9,0,22,50,70,38,24,3,5,0,0,10,19,5,0,0,0,17
19,13,6,13,0,0,6,0,0,38,76,0,1,10,0,2,0,14,62,48,0,12,0,0,20,4,23,0,0,0,16,19
23,0,0,0,19,0,33,14,41,9,11,0,0,0,17,14,0,0,0,5,0,7,0,0,0,0,0,35,16,0,0,0
4,0,17,10,0,0,0,0,21,0,44,49,10,0,0,22,0,4,0,0,0,4,15,0,3,24,0,0,0,11,0,21
20,0,0,26,7,11,0,0,1,8,6,6,0,0,10,0,3,0,16,18,0,4,21,3,10,1,21,1,4,0,0,16
29,1,0,0,1,0,9,0,9,12,5,10,0,5,0,1,1,0,2,0,0,0,0,0,5,0,0,9,5,0,0,9
11,0,0,2,1,1,0,0,0,0,4,9,2,0,4,2,0,1,0,0,0,0,10,0,8,0,0,0,2,0,0,0
1,0,0,1,0,11,0,0,0,8,0,5,0,2,6,0,0,4,0,0,0,7,0,4,4,0,9,8,5,0,2,9
0,0,0,8,10,18,13,11,0,0,1,0,0,6,0,0,0,0,5,8,0,4,1,2,6,0,3,5,3,0,4,0
0,26,7,18,0,0,17,7,0,2,6,7,0,1,3,0,0,16,9,0,16,0,6,0,2,4,0,0,0,1,0,0
5,2,2,7,0,0,0,5,0,0,7,1,5,0,2,0,0,2,4,12,4,0,0,8,2,0,7,0,3,3,0,0
0,9,0,0,3,0,0,0,5,3,2,0,0,0,0,3,7,0,0,1,0,0,0,3,3,0,0,2,3,0,5,2
0,1,13,0,0,7,0,0,1,0,0,0,0,4,0,6,0,0,0,6,0,0,1,0,11,0,0,0,0,2,1,6
0,9,0,2,9,1,0,5,3,1,0,0,0,0,0,2,0,0,4,12,2,0,6,3,0,2,0,0,0,1,0,0
5,0,2,0,10,12,0,0,0,7,0,0,0,0,0,7,0,0,0,7,0,0,0,0,0,5,0,0,0,1,0,7
16,0,2,0,0,0,1,0,0,0,0,19,0,6,1,2,4,4,5,9,0,6,0,5,0,5,12,2,5,0,0,0
6,0,0,0,0,0,9,5,0,6,1,13,2,0,5,2,0,4,9,2,0,2,5,5,0,0,0,0,0,0,0,0
0,0,8,0,0,0,4,0,1,0,0,0,8,7,0,0,0,0,2,7,3,0,0,3,0,2,3,16,19,0,0,16
0,3,11,0,0,0,0,0,0,6,0,0,0,0,0,0,0,1,1,0,0,2,0,4,0,0,5,0,3,0,2,0
1,1,0,0,0,5,0,3,0,0,1,2,4,0,0,0,2,8,0,10,0,0,0,0,0,0,1,2,0,0,10,0
22,0,0,0,11,11,0,7,6,0,0,3,0,0,1,0,0,0,0,5,0,7,0,0,0,0,2,4,0,2,0,4
0,2,0,0,0,3,0,13,10,0,14,6,0,4,0,1,7,1,0,0,0,2,9,1,3,0,0,0,0,8,0,0
7,0,0,4,0,0,0,10,0,3,0,0,0,0,9,0,0,0,0,0,3,7,0,0,0,0,0,7,0,0,2,0
0,0,0,0,0,0,5,19,0,4,0,2,3,6,2,0,0,2,4,2,0,9,1,0,6,0,1,0,0,5,2,3
0,0,0,0,15,2,2,2,0,4,4,16,0,0,0,0,0,6,1,0,0,0,1,0,0,3,0,0,4,1,0,6
41,0,6,0,0,16,0,0,4,2,0,3,2,12,0,0,9,0,0,6,0,0,0,1,3,0,6,0,0,1,1,5
23,4,6,4,3,9,7,0,1,8,0,0,1,5,0,0,2,7,0,15,5,0,0,7,0,0,0,0,0,0,0,4
1,0,23,0,0,9,3,0,4,0,7,0,0,0,0,0,2,0,2,68,0,74,0,0,0,1,7,0,1,16,9,21
22,0,0,0,0,0,0,1,0,0,1,4,0,8,0,1,1,2,0,0,43,0,5,3,0,5,6,0,0,5,19,0
0,0,0,13,0,9,8,1,5,0,0,15,0,1,1,3,3,4,8,3,0,72,0,4,0,0,1,9,2,0,1,1
0,0,5,0,0,0,0,0,5,0,0,5,3,0,0,0,3,1,3,0,0,37,3,6,0,0,0,0,0,8,0,6
0,1,16,18,0,8,0,0,36,3,65,5,1,2,0,5,0,0,77,0,0,0,0,0,0,0,0,4,4,0,1,0
0,0,8,2,17,0,0,6,43,63,25,0,6,3,2,0,0,0,15,48,8,3,4,3,0,0,13,0,6,0,4,0
0,0,0,0,2,8,0,0,0,35,65,0,0,0,0,6,5,25,54,0,1,0,0,0,0,3,5,0,8,0,0,3
0,0,0,10,0,1,3,8,18,0,5,30,0,0,0,1,0,0,0,1,0,0,0,0,0,6,0,0,0,0,0,1
0,4,16,0,3,0,0,0,3,2,0,0,0,0,0,0,0,2,0,0,0,0,8,1,0,1,4,0,0,1,0,1
12,0,4,0,4,1,7,0,0,0,5,1,4,0,0,1,9,0,0,0,0,0,0,0,11,7,0,0,5,0,3,0
0,2,0,5,0,0,1,15,0,1,2,3,2,7,0,3,0,6,0,3,0,0,0,0,0,0,0,0,2,1,0,9
0,0,0,0,0,0,4,2,9,0,1,5,0,0,0,3,0,0,3,8,0,0,0,0,1,7,13,1,0,0,0,0
0,0,0,3,0,0,1,0,0,0,8,0,0,0,4,0,0,1,1,1,0,0,11,1,0,0,0,0,0,0,0,0
0,0,3,6,0,3,0,7,5,0,0,0,0,0,2,1,2,1,0,0,0,0,3,0,0,0,0,0,9,4,0,11
12,0,0,0,0,0,9,9,5,4,3,0,0,0,11,0,0,3,9,1,0,0,7,0,0,0,1,0,0,3,0,0
3,12,0,0,0,0,0,0,0,0,0,0,2,0,0,6,0,0,0,0,1,4,0,0,0,0,0,4,1,4,0,0
0,1,0,9,0,0,0,0,10,0,1,0,0,4,0,11,2,3,0,6,0,0,1,4,5,1,4,0,2,5,0,0
6,0,2,9,0,0,0,0,0,0,4,3,8,2,16,0,2,3,0,0,0,2,0,0,2,0,4,2,1,7,6,0
2,0,0,0,0,4,0,7,0,0,0,0,2,0,0,3,0,6,2,7,0,0,0,4,0,2,0,0,4,1,0,0
0,0,3,1,0,0,2,0,9,0,0,0,0,4,0,0,0,3,3,8,2,0,0,4,0,0,4,0,0,0,7,9
3,0,6,8,7,0,0,1,0,0,0,0,0,5,8,9,0,6,2,4,0,0,7,1,1,0,8,0,0,2,0,17
2,0,3,0,10,0,12,3,0,4,0,2,0,0,1,8,6,0,0,0,4,0,7,2,0,2,0,0,0,0,0,13
3,5,0,0,5,0,0,0,0,0,0,3,3,4,0,0,11,7,10,0,2,0,14,9,0,0,6,0,0,5,0,0
0,0,6,7,5,1,0,0,5,0,0,0,7,0,0,0,2,4,0,0,0,8,0,0,0,0,0,0,0,13,0,10
0,1,7,0,0,8,3,9,0,0,0,1,2,1,0,4,0,0,2,0,0,2,16,3,0,4,0,0,0,0,0,0
0,0,0,0,0,0,0,9,0,0,0,0,0,0,3,0,0,0,0,0,2,0,9,0,3,5,0,0,0,0,0,14
0,0,0,0,0,2,0,5,3,0,6,0,3,0,2,0,2,0,28,0,2,0,0,0,0,1,0,0,3,9,0,7
10,7,0,5,0,0,0,0,0,2,0,1,0,4,0,0,0,7,6,0,0,2,4,0,3,0,16,0,0,6,0,0
0,5,0,0,21,8,0,0,0,4,0,0,2,0,6,0,0,2,9,0,4,4,0,2,0,2,0,1,0,0,0,33
0,3,0,0,0,0,0,11,13,2,9,7,0,0,0,5,0,2,0,7,0,0,0,4,0,0,2,0,4,1,0,0
38,0,0,1,9,0,0,1,7,3,0,0,0,1,0,0,0,0,5,3,0,0,0,0,7,6,1,1,9,10,1,0
0,0,4,0,0,0,0,6,4,4,0,0,0,3,4,4,0,1,0,0,0,0,2,0,0,0,0,2,6,5,0,0
5,0,0,2,5,0,20,2,0,0,1,0,0,3,0,0,6,0,0,23,1,12,4,2,3,0,5,0,0,5,2,16
3,0,11,0,6,1,0,0,0,0,3,1,6,4,1,6,0,2,0,0,0,0,0,13,0,0,0,10,0,8,0,0
0,0,5,0,0,2,0,0,3,0,0,13,0,0,0,0,0,0,0,27,0,6,0,4,0,0,0,7,0,0,0,0
0,5,5,0,8,0,2,16,0,1,3,0,0,4,0,0,0,7,0,11,0,36,4,0,7,10,0,0,0,0,0,0
0,0,2,0,7,0,7,10,0,8,0,0,0,0,2,9,1,4,92,0,0,0,0,6,2,0,2,0,1,0,0,14
0,0,3,0,0,1,0,0,0,63,3,0,0,1,0,0,1,0,17,40,14,0,0,0,0,6,0,6,0,4,11,4
0,0,6,0,10,0,11,3,0,55,25,1,0,0,0,4,0,2,48,1,1,0,0,0,4,0,0,1,0,0,0,13
4,2,0,0,0,11,0,6,7,3,6,9,0,0,0,0,0,9,0,0,3,2,0,0,0,0,1,0,0,0,4,0
5,5,0,2,0,0,0,0,1,0,0,7,19,0,2,2,0,0,2,7,0,1,1,1,0,4,13,4,0,0,0,0
1,0,4,0,8,2,9,0,0,0,0,0,1,6,0,0,9,7,5,0,0,0,0,5,0,0,0,0,0,1,18,13
0,6,19,0,8,9,2,0,1,0,5,3,7,0,0,0,1,1,5,2,4,2,1,4,2,2,0,0,0,0,2,0
4,0,0,3,13,0,0,0,0,7,0,0,4,5,0,4,0,0,1,0,0,0,1,2,0,4,10,0,0,0,0,4
1,2,0,6,0,0,6,12,0,0,0,0,0,2,1,0,0,0,1,4,2,3,9,2,0,6,0,0,0,0,0,0
0,0,0,12,7,1,0,2,3,0,0,0,11,3,1,5,0,0,0,2,1,8,0,0,5,0,6,0,0,0,0,3
0,4,2,0,3,0,10,0,2,1,0,0,0,0,1,5,5,0,5,0,0,0,2,5,8,0,7,1,0,0,11,20
4,0,3,0,0,0,0,0,0,0,0,9,3,1,0,0,0,2,0,3,0,6,0,0,4,2,6,4,2,0,8,10
10,0,0,3,0,0,3,0,0,0,0,0,0,0,0,5,2,3,0,0,0,3,2,0,0,0,11,0,0,0,0,0
0,0,0,0,9,0,0,16,0,0,4,1,3,0,2,0,0,0,1,0,3,5,4,6,0,0,5,0,4,0,0,5
0,7,0,0,4,0,0,7,0,1,0,6,5,0,4,0,0,7,0,0,1,0,6,7,0,2,0,0,0,0,0,13
0,0,0,10,11,0,13,0,3,3,0,0,7,0,0,0,0,0,2,1,1,0,0,4,0,1,3,6,13,0,1,16
0,0,0,11,0,0,2,8,0,0,0,0,0,12,0,14,0,0,0,1,0,0,4,0,0,3,0,7,2,11,13,20
0,0,0,0,1,0,0,7,0,0,0,0,6,0,3,0,1,3,0,0,6,0,6,0,0,0,8,0,0,0,0,0
0,8,0,0,0,4,4,8,0,0,0,8,0,7,0,0,4,0,8,7,2,1,0,2,0,0,2,0,0,0,0,11
0,0,7,3,10,0,0,3,0,0,0,0,0,0,0,0,0,0,0,0,0,0,0,0,3,0,7,12,1,0,0,4
0,0,4,0,3,12,0,0,4,0,1,0,0,0,16,0,0,2,0,3,1,0,0,0,2,0,0,3,4,3,0,0
0,1,0,6,0,0,0,3,0,0,0,0,0,2,0,0,0,8,0,2,0,1,0,3,2,0,0,0,4,3,12,0
0,0,7,10,0,9,13,12,0,0,6,7,0,0,2,2,0,0,35,5,5,8,0,0,4,0,0,0,5,3,0,0
3,0,0,0,10,0,8,0,0,0,5,0,0,0,5,2,0,0,1,7,0,0,6,2,2,1,2,0,10,0,7,10
0,0,0,0,6,0,0,3,0,0,6,0,6,0,5,2,8,3,2,4,0,1,0,6,0,0,0,0,0,11,0,0
1,0,2,0,6,4,6,0,0,0,0,0,1,0,10,0,0,1,0,0,0,2,0,0,0,0,0,0,0,8,9,2
0,4,0,0,8,7,0,2,0,1,0,3,0,0,0,0,7,5,4,0,0,0,0,3,3,0,0,2,1,0,0,6
0,0,0,0,10,2,10,2,0,0,0,1,1,0,2,0,0,0,0,4,0,2,2,7,0,1,0,9,0,12,0,0
0,0,0,0,3,0,4,0,3,0,0,0,0,5,2,3,0,3,0,45,0,3,7,4,0,0,0,0,4,8,7,0
0,0,3,6,0,0,0,0,0,3,8,0,0,3,4,0,4,0,0,0,4,0,11,0,0,4,12,18,0,3,0,0
4,3,3,0,0,1,0,13,3,0,0,22,3,0,4,0,6,2,0,0,0,13,0,3,0,0,0,0,2,2,4,3
0,7,0,0,0,0,0,4,0,4,2,9,0,0,0,0,1,0,0,0,0,26,2,0,1,0,1,0,0,6,0,11
24,5,2,0,4,0,0,6,4,8,0,1,0,0,1,0,0,0,90,0,1,0,4,1,0,2,0,1,0,0,5,0
0,0,0,0,0,0,0,0,0,0,2,0,0,2,0,1,0,0,0,43,3,0,4,0,3,8,1,0,6,0,0,0
31,0,4,0,7,0,0,0,1,28,0,0,0,0,0,0,0,1,25,1,5,0,2,0,2,0,1,0,0,0,0,0
0,2,5,0,0,0,14,5,0,0,0,1,0,5,0,0,0,0,1,0,1,0,2,1,0,0,0,0,2,0,0,0
0,0,3,6,0,1,0,0,6,0,0,13,3,0,0,0,0,1,7,0,0,0,2,0,0,0,4,1,0,0,0,25
0,0,3,0,0,3,4,0,0,0,4,0,0,0,0,3,0,1,3,9,3,0,2,0,3,5,1,1,0,13,0,3
11,0,2,3,11,3,11,0,1,0,0,3,0,3,0,0,0,5,3,0,0,0,5,4,1,2,3,0,7,0,0,19
2,0,0,0,2,2,0,0,0,0,4,7,7,0,1,0,2,0,0,1,0,6,3,0,3,0,3,0,0,0,0,0
0,2,4,0,0,3,0,0,4,0,5,12,0,0,0,12,2,2,1,3,1,0,4,1,0,1,2,5,0,3,0,1
0,9,0,0,1,10,1,5,0,0,0,0,3,0,4,1,3,0,0,0,0,0,8,3,2,0,0,6,12,0,0,0
0,0,12,0,1,0,1,2,0,6,0,0,0,0,0,3,0,0,2,8,0,0,0,0,0,0,0,0,6,0,0,7
2,2,0,0,0,0,0,0,0,7,0,0,0,0,0,0,0,10,0,1,0,2,1,4,0,4,0,0,5,6,0,0
4,0,0,0,8,0,13,0,2,1,0,0,7,0,0,0,4,4,0,4,0,0,2,0,0,0,0,5,0,0,0,0
0,4,0,3,0,2,0,0,0,0,0,0,0,0,7,4,2,0,0,5,4,0,0,2,0,7,5,9,0,1,0,6
4,5,8,0,0,0,0,0,2,0,10,7,3,0,2,0,0,0,0,4,1,0,4,3,0,6,3,0,9,0,4,0
0,6,0,0,8,4,0,6,0,5,0,2,0,0,5,5,2,3,3,0,0,0,7,0,7,0,0,0,2,0,3,2
0,0,8,0,0,0,13,17,4,0,3,1,0,3,0,0,0,0,2,7,0,5,8,0,0,0,10,8,5,0,0,0
0,0,0,0,0,14,0,6,7,0,0,0,0,0,0,0,0,0,0,0,3,0,0,0,1,0,0,0,0,3,0,10
7,0,0,0,4,1,7,5,0,0,7,3,0,0,1,0,0,4,2,0,5,0,0,0,16,1,0,0,7,0,0,11
0,2,0,0,0,2,0,0,0,0,1,3,0,0,7,5,0,0,0,0,0,0,0,0,0,0,4,0,0,0,7,0
5,2,2,0,2,0,0,0,5,5,0,3,9,0,0,3,1,0,0,0,3,2,1,0,0,0,0,0,0,3,0,0
1,1,0,5,9,0,0,0,0,0,1,0,0,1,3,0,7,2,0,2,0,0,0,1,0,4,3,0,0,2,0,2
2,0,0,4,5,1,8,0,0,0,0,0,0,0,0,0,2,0,46,0,0,1,0,8,0,0,0,5,0,0,3,16
0,0,0,0,0,6,0,0,0,8,11,0,0,0,0,0,0,3,8,2,0,1,0,0,0,0,0,0,3,5,1,1
0,0,3,18,0,0,0,4,5,0,0,0,2,0,0,1,8,0,2,0,0,0,0,0,0,1,0,0,0,0,2,6
2,0,0,7,2,2,6,0,0,2,3,0,0,0,0,1,0,1,0,6,0,1,0,1,0,6,2,0,0,0,2,0
0,0,0,2,0,1,0,0,2,0,6,6,1,0,3,0,0,1,0,0,0,1,0,0,0,4,6,0,0,7,4,0
5,2,0,0,0,2,0,0,0,6,0,0,0,2,0,0,12,0,0,0,0,0,3,4,0,7,0,4,2,11,0,0
0,3,3,0,0,9,0,1,0,0,0,0,0,0,0,11,0,0,2,37,0,24,6,1,3,0,14,7,9,7,0,5
0,0,4,14,0,2,6,0,0,7,0,0,3,0,0,3,1,2,0,6,2,0,8,2,4,0,0,0,6,15,2,0
0,0,0,0,0,1,14,0,0,2,0,10,0,4,0,2,3,1,1,9,0,1,0,0,0,0,8,0,0,0,2,17
0,3,1,4,19,0,3,0,8,0,0,6,0,0,0,5,3,1,12,0,7,0,16,0,0,8,10,0,0,0,0,0
0,0,0,6,0,1,0,0,0,23,0,0,0,0,3,0,0,0,97,1,0,1,1,1,0,3,1,4,0,0,0,0
0,1,0,0,0,6,2,2,12,1,12,0,0,0,0,0,1,0,3,34,11,2,8,7,0,0,12,0,0,0,21,0
14,0,0,0,12,0,0,12,0,16,0,2,0,0,0,0,1,4,1,3,0,7,0,0,2,2,0,7,1,0,0,0
0,0,0,1,0,0,0,13,0,0,0,14,1,2,0,0,0,4,0,2,8,0,10,0,6,5,19,0,2,0,3,21
18,4,0,0,22,2,3,0,10,0,0,0,0,0,0,7,2,0,0,1,0,0,0,0,5,0,0,0,0,2,0,0
3,0,5,4,0,0,0,0,6,0,0,0,0,5,0,0,0,0,0,0,1,2,0,1,0,2,0,0,0,0,12,0
0,2,0,0,5,0,1,2,3,0,0,5,7,0,0,4,1,0,0,0,0,0,0,0,0,0,0,0,4,0,10,0
3,4,4,0,19,16,5,6,2,5,0,0,0,0,0,2,1,3,3,1,5,0,0,2,11,0,0,0,0,1,5,0
0,2,0,0,0,0,0,7,0,0,5,0,0,2,0,0,0,0,0,2,4,0,6,0,3,2,3,1,2,0,0,0
0,0,6,0,15,0,0,0,0,7,2,0,0,2,0,1,4,0,0,0,2,0,1,2,1,0,0,4,0,0,0,1
1,0,0,2,0,0,0,12,5,0,0,9,0,0,3,0,1,0,0,0,0,0,0,2,0,0,0,2,0,5,0,8
0,0,0,0,0,0,1,1,0,0,6,0,0,0,0,0,0,5,0,1,0,0,14,0,2,4,0,0,0,0,1,0
0,2,0,13,0,0,8,1,1,0,0,0,0,1,0,0,0,2,0,3,9,0,4,0,0,6,1,2,0,0,11,1
0,0,0,0,0,0,16,0,1,0,9,0,4,0,0,0,2,0,0,0,5,0,6,1,5,1,5,2,0,0,0,3
3,11,0,0,0,11,0,0,10,0,6,2,1,4,8,0,0,0,0,0,3,6,0,0,0,0,0,4,0,0,1,0
0,0,7,0,1,0,1,2,0,0,0,4,0,0,0,0,5,0,0,0,4,10,5,0,0,0,7,0,1,0,0,0
1,0,12,4,2,0,13,7,0,0,0,9,0,3,0,5,3,1,0,3,3,5,0,0,3,2,0,3,3,3,0,28
1,14,3,0,0,0,1,4,7,0,5,1,9,1,0,0,0,3,0,0,0,0,7,9,5,0,6,0,10,4,13,4
0,0,3,6,1,0,2,0,0,1,4,2,0,0,0,0,0,3,8,0,1,0,5,0,1,0,0,0,0,0,3,6
0,5,8,0,0,0,0,2,0,5,0,0,3,0,0,3,0,0,0,0,0,0,0,2,2,0,0,0,0,0,4,0
0,0,0,0,0,0,0,3,0,0,0,1,1,0,0,0,2,0,3,0,0,0,0,2,0,0,3,0,2,0,0,31
0,0,0,3,0,2,0,0,0,7,0,2,0,0,0,0,7,2,0,1,0,0,0,0,0,0,0,0,0,0,0,0
5,0,3,0,22,0,9,3,0,10,6,3,0,1,0,2,0,0,53,6,0,0,0,0,1,0,8,0,0,0,2,16
1,0,0,0,0,0,4,0,0,0,0,0,12,6,7,5,6,3,1,0,2,0,3,0,1,5,0,0,4,0,0,0
2,0,2,0,13,0,0,7,0,2,0,0,0,2,0,0,10,8,0,0,3,0,0,0,0,2,2,0,0,5,1,0
0,2,0,5,2,0,0,0,0,2,0,0,3,2,0,0,3,0,0,2,0,2,0,1,0,0,0,0,0,4,3,0
0,0,6,0,0,0,5,0,0,4,0,2,0,0,0,2,0,0,0,0,1,0,0,0,0,0,10,3,0,2,1,0
0,0,0,0,0,1,5,0,0,9,0,14,0,12,0,0,2,0,1,0,0,0,3,3,0,0,6,0,0,10,0,0
5,11,1,4,0,4,0,0,0,2,4,3,15,0,9,0,3,0,0,27,1,4,5,2,0,4,0,0,4,5,1,9
25,0,0,2,0,0,0,10,0,0,0,0,1,0,6,0,0,0,0,5,2,5,0,0,0,0,0,0,10,0,0,13
0,0,8,3,0,0,5,0,0,9,0,6,3,1,0,3,0,0,0,1,0,0,0,0,0,12,7,0,0,0,0,0
9,0,0,2,0,0,6,9,0,0,0,3,0,12,0,0,0,5,6,0,2,6,0,0,0,1,0,0,0,1,0,0
0,0,4,0,0,0,12,0,0,18,3,5,0,1,0,15,9,3,90,0,7,0,1,0,8,0,0,0,1,0,5,5
12,0,17,0,0,4,2,0,0,0,4,4,0,12,0,0,1,3,1,31,9,1,0,2,0,0,0,0,0,6,0,4
0,0,0,0,13,8,0,2,8,0,6,0,0,9,0,0,4,0,0,3,2,1,0,0,0,7,0,0,0,0,0,0
4,0,0,13,0,17,5,1,4,0,0,8,24,1,3,6,0,0,0,0,0,0,5,0,0,0,2,0,11,0,0,0
0,0,2,0,0,1,4,0,0,0,0,0,7,0,0,0,4,0,0,2,0,2,5,1,0,0,6,1,6,0,0,0
8,10,2,0,0,0,11,2,2,0,0,8,0,0,0,3,6,9,2,0,8,0,0,7,0,4,12,0,0,0,5,0
0,0,0,0,1,0,0,0,2,2,0,7,0,4,0,6,4,7,2,0,1,0,0,0,0,0,1,3,0,0,0,11
0,9,0,2,0,0,1,1,0,3,0,0,0,0,0,0,0,0,0,3,0,0,0,3,0,2,0,0,2,0,0,0
0,0,17,0,0,0,0,0,0,0,8,5,0,0,0,5,2,8,0,3,0,0,0,5,7,0,0,0,0,0,11,5
4,0,10,0,0,3,3,3,0,1,6,0,6,0,0,4,4,0,0,0,0,0,3,0,5,0,2,0,0,0,0,0
0,0,13,0,14,0,0,0,7,0,2,0,0,2,0,0,0,0,0,2,0,2,1,0,0,1,0,2,1,0,0,0
0,4,8,0,19,0,0,9,6,0,0,6,0,2,0,0,0,14,3,0,6,0,0,3,4,0,0,0,3,4,0,0
3,2,6,0,0,0,10,0,0,1,0,0,7,4,0,0,0,2,0,1,0,0,0,4,0,0,10,3,4,0,0,1
0,10,0,1,1,0,2,0,0,0,0,2,1,8,0,2,0,1,5,0,0,9,0,0,3,0,1,2,0,12,2,0
1,0,0,0,8,9,9,0,2,7,4,11,0,0,0,0,0,2,2,0,0,3,0,0,0,4,0,0,0,9,0,7
1,0,0,9,0,0,0,4,4,0,7,0,0,0,2,0,3,0,0,0,0,0,1,1,0,2,1,0,4,0,0,0
7,0,0,11,12,11,7,14,0,4,8,0,0,0,5,0,0,16,5,19,0,7,2,0,0,5,0,0,0,0,0,0
0,0,1,0,3,0,0,0,3,0,4,1,4,0,0,0,0,6,0,12,8,5,12,2,0,0,8,0,0,1,6,9
1,5,5,0,1,0,0,0,1,0,0,4,0,1,0,0,0,0,0,0,0,0,0,0,0,0,3,0,3,1,0,0
0,0,8,1,4,0,6,3,0,5,0,0,11,3,1,0,1,2,5,2,8,7,8,5,3,1,7,1,0,0,0,0
0,5,2,0,0,4,5,0,0,4,1,2,5,1,0,0,6,4,5,0,0,2,0,0,0,0,0,0,0,0,4,0
6,5,13,0,8,0,0,0,1,0,0,4,5,0,0,0,7,1,2,2,0,0,0,0,0,3,2,2,3,0,7,0
0,5,0,0,0,0,0,0,0,0,0,0,8,7,0,7,6,6,34,0,5,0,0,0,0,7,0,3,2,0,0,6
0,0,0,7,0,0,0,14,0,0,0,5,6,0,0,0,0,7,2,0,0,0,1,2,8,3,5,0,0,13,3,13
1,0,0,3,3,0,0,1,4,0,0,0,0,0,0,0,0,0,0,0,0,3,0,5,5,3,0,0,0,5,0,0
5,0,0,0,8,0,8,10,5,0,0,5,13,0,6,2,6,0,0,0,1,0,0,2,0,0,0,0,1,12,2,0
0,0,0,7,0,0,0,0,0,0,1,3,0,1,0,5,0,1,0,5,4,1,1,1,0,4,0,0,0,0,1,0
5,0,0,0,2,0,0,0,3,0,0,4,6,4,0,2,6,0,0,0,0,2,0,5,0,1,0,0,0,6,2,0
0,0,7,6,4,0,6,12,6,2,1,0,0,0,1,0,8,2,3,28,8,5,13,0,10,0,16,1,5,0,0,0
11,0,0,0,0,12,0,0,3,4,7,1,0,0,2,4,0,4,2,12,6,6,10,5,1,0,12,0,2,3,0,0
6,4,0,0,0,7,0,3,0,0,0,14,7,10,0,0,1,0,3,4,8,0,0,0,2,0,0,2,0,0,0,1
0,8,12,8,15,0,12,0,0,0,0,0,0,0,0,4,0,0,3,0,6,0,0,0,7,0,0,0,0,1,0,17
0,1,10,18,0,0,2,15,0,0,16,5,1,0,0,0,7,0,70,2,7,2,5,0,2,0,9,0,0,0,0,0
5,16,0,0,11,2,0,3,1,0,17,4,0,0,0,0,1,0,5,37,6,0,0,0,6,0,0,0,0,1,10,5
0,0,13,10,4,0,0,4,0,1,0,6,4,1,0,14,0,3,9,0,0,0,0,0,9,0,1,10,2,10,5,0
0,19,0,0,0,0,0,0,13,0,9,0,25,11,0,3,1,7,3,7,0,0,6,0,0,0,0,0,0,0,0,0
0,3,10,0,22,0,0,7,11,0,0,6,9,0,0,0,0,1,0,3,4,0,9,0,0,0,8,0,0,3,0,6
0,9,3,0,4,0,2,0,2,0,1,5,1,0,0,2,0,5,0,1,0,0,0,0,0,0,0,0,12,0,0,16
0,3,0,0,0,0,8,0,4,0,0,3,0,3,3,4,3,4,0,0,2,0,0,0,0,2,5,2,0,0,2,5
0,10,0,14,0,1,0,1,5,0,13,0,0,6,13,0,5,4,8,2,0,0,0,0,0,0,0,10,6,0,0,0
4,0,0,0,16,2,7,0,12,7,0,7,0,0,0,4,0,0,0,4,0,2,0,0,0,7,0,0,0,0,0,3
0,10,0,2,1,0,0,5,0,1,6,0,0,0,0,0,0,0,0,3,4,0,0,0,1,1,12,0,5,2,0,0
0,0,3,0,16,0,1,2,0,1,0,7,0,0,0,0,0,4,0,4,0,0,1,0,8,5,1,5,0,0,0,0
1,0,0,0,0,4,1,0,1,3,0,0,0,0,6,0,2,0,2,0,11,1,8,0,0,0,1,3,0,0,0,1
0,0,0,0,6,1,0,2,9,0,5,0,0,0,1,14,6,0,0,0,1,4,0,0,9,2,0,1,9,0,0,0
0,0,0,0,6,0,4,11,0,5,0,13,0,0,0,0,0,0,6,0,4,0,0,0,0,5,0,0,0,0,0,0
0,0,0,11,0,1,0,1,3,0,0,8,7,0,1,5,0,0,2,11,0,0,0,2,0,0,2,0,0,0,0,1
3,2,10,0,2,0,0,0,0,12,0,8,4,3,0,4,0,0,0,0,1,0,10,3,4,9,0,10,0,0,0,0
8,4,0,0,0,16,0,0,0,4,0,0,0,0,0,2,1,0,1,3,0,0,2,0,1,0,0,6,0,0,1,25
1,0,6,0,0,0,0,10,0,0,0,0,0,0,1,0,5,0,0,0,0,0,3,0,0,0,0,8,0,0,0,6
0,5,0,0,1,14,9,8,0,0,10,0,9,0,8,2,0,1,0,2,0,0,0,0,0,2,0,0,0,0,0,0
0,0,0,0,7,11,0,4,8,0,1,0,0,3,0,0,2,8,0,0,0,4,0,0,4,0,0,0,0,7,0,0
1,7,4,22,0,0,1,0,1,0,8,0,0,5,0,8,0,0,0,9,0,0,0,0,2,6,0,0,4,0,0,16
0,1,0,0,0,0,0,0,6,0,0,6,0,0,0,2,0,3,0,0,0,0,0,0,0,0,14,11,4,0,0,0
0,0,0,0,0,0,0,0,0,1,5,0,0,4,0,4,0,7,41,4,0,8,5,0,0,0,4,0,0,0,0,0
0,6,0,6,0,0,5,0,0,0,11,0,0,1,0,0,0,0,0,0,0,1,0,0,3,0,8,11,0,0,7,17
0,0,1,0,0,0,4,0,2,1,0,0,0,6,0,3,2,0,0,3,3,0,0,0,0,0,16,3,2,8,1,0
3,16,6,0,0,2,4,0,0,0,4,1,0,0,0,8,0,0,3,0,4,5,3,5,2,0,0,5,0,0,0,0
19,0,0,2,9,0,3,6,0,0,0,2,0,0,0,3,0,0,0,0,2,0,0,0,0,6,0,2,0,0,0,0
0,0,0,0,0,7,0,0,0,0,0,0,7,0,8,6,7,0,0,0,0,0,2,2,0,0,0,3,0,0,0,0
0,0,0,0,13,5,2,4,0,0,0,0,3,5,0,0,11,1,0,39,0,3,0,10,3,0,5,1,0,0,7,0
0,0,0,0,0,0,0,0,0,0,6,0,0,6,0,0,0,0,0,0,0,0,0,6,0,0,0,0,0,0,0,0
2,0,11,17,0,0,0,5,5,0,0,19,12,0,0,0,0,0,0,6,6,1,4,0,0,0,4,0,6,1,0,0
10,3,16,0,0,6,4,0,7,0,2,6,0,0,1,6,0,0,0,10,1,0,3,0,3,0,1,0,9,0,1,14
10,0,0,0,0,9,0,0,6,7,11,5,0,1,0,0,0,0,95,2,4,0,0,5,6,0,8,0,0,1,0,0
0,1,0,0,0,18,1,1,3,3,8,4,0,0,0,0,0,0,2,45,4,0,0,0,0,1,0,0,0,0,3,0
0,0,0,25,0,0,0,0,0,8,0,6,0,0,0,15,0,0,0,0,0,1,0,0,0,0,0,13,0,0,0,2
0,0,2,4,4,0,4,0,0,0,5,3,24,0,0,6,0,0,0,12,1,0,0,7,0,0,0,7,5,0,0,13
2,0,0,1,9,7,0,0,3,0,2,0,16,5,0,0,4,0,5,0,6,0,9,0,4,2,4,1,0,8,0,0
0,1,0,3,11,0,0,0,12,0,0,11,0,0,7,2,4,0,3,1,1,0,0,0,0,0,0,1,0,0,2,9
3,0,0,0,17,0,5,3,2,0,9,0,4,0,7,0,0,0,0,0,0,6,0,0,0,0,0,2,0,0,0,5
1,0,12,6,3,2,6,0,0,0,6,0,0,0,0,0,12,0,0,0,0,0,0,8,4,4,0,2,1,12,9,14
3,0,1,0,18,0,0,0,0,4,4,6,6,0,0,0,1,1,5,4,0,0,1,0,0,0,6,0,6,0,0,0
1,0,9,0,0,11,0,0,0,0,0,5,0,2,0,2,0,0,2,3,0,3,0,0,0,12,0,4,6,0,5,34
0,4,6,9,0,3,0,0,2,0,9,0,0,0,0,0,0,0,3,0,1,0,0,0,5,0,0,0,0,1,0,14
0,0,2,0,0,0,0,0,0,0,0,1,0,9,4,0,0,0,0,0,0,0,0,0,0,0,0,0,14,0,0,0
5,0,10,5,1,0,0,4,4,0,1,3,0,0,0,0,0,0,0,2,2,3,0,1,7,3,0,0,0,0,0,16
0,0,2,3,0,0,0,0,0,3,6,2,6,4,8,6,2,0,0,0,0,0,0,0,4,0,0,1,3,0,0,2
0,0,4,0,3,2,0,9,0,0,0,0,0,1,0,0,2,8,0,0,0,0,0,0,0,1,9,0,1,0,0,17
0,0,0,11,0,9,8,0,7,1,9,6,8,0,0,0,0,0,0,4,3,0,13,0,6,2,2,0,0,0,0,20
8,6,3,0,9,5,0,0,0,2,0,0,0,0,5,0,0,0,0,0,0,0,2,0,0,0,0,0,2,0,0,0
0,0,16,0,0,0,0,0,2,1,0,11,0,0,0,0,0,0,0,3,7,0,11,0,0,8,7,0,0,1,7,0
0,4,0,0,0,0,0,0,0,12,0,0,0,1,0,0,9,5,1,3,0,0,0,3,0,0,0,0,0,0,2,0
1,0,0,7,8,0,6,5,0,0,22,0,0,0,4,0,0,2,0,7,6,0,2,0,8,0,0,9,1,3,0,9
0,1,0,4,4,8,6,0,0,1,0,0,0,0,0,1,6,1,0,1,0,2,0,2,0,1,5,0,0,2,0,8
0,3,0,10,5,0,0,2,7,4,0,6,6,0,2,0,0,0,4,6,0,0,15,0,0,0,12,0,0,12,0,0
0,0,7,17,0,0,8,1,10,0,2,0,6,0,0,5,0,0,58,2,7,0,0,0,6,0,0,0,0,6,0,0
7,4,0,5,1,1,0,0,2,0,0,0,0,8,0,0,3,0,0,1,1,0,0,3,0,0,0,4,5,0,11,9
20,6,6,1,9,0,8,0,0,0,11,11,0,0,0,0,0,0,6,0,3,5,0,8,4,0,4,0,3,0,0,7
0,10,1,0,2,4,0,3,3,0,4,0,3,0,0,0,1,5,1,10,0,2,0,0,0,2,0,0,0,0,8,8
0,0,0,0,14,9,0,3,6,0,12,11,2,3,0,2,0,0,2,0,0,0,0,0,0,0,0,2,0,0,0,7
8,3,4,5,1,4,0,9,8,0,4,0,3,0,1,0,2,0,0,0,0,1,0,0,7,0,9,0,0,0,0,0
0,8,3,0,0,0,4,0,12,2,8,0,3,12,3,0,0,0,0,27,2,0,0,7,0,7,4,1,8,7,6,2
0,0,3,0,0,7,0,0,8,0,0,0,6,2,0,2,0,0,0,0,0,0,3,1,0,2,5,0,1,0,0,4
0,1,1,5,4,10,0,0,0,1,9,0,1,2,0,0,0,0,8,1,18,0,0,0,1,4,0,0,3,0,0,18
0,0,3,10,5,3,10,0,9,2,0,0,1,0,0,7,0,0,0,3,9,1,3,0,3,0,0,0,2,10,0,0
0,0,6,0,2,0,0,10,11,0,2,7,2,0,2,1,1,1,90,0,13,0,3,3,0,9,0,0,0,0,6,0
4,0,0,0,0,4,0,0,0,3,0,0,3,0,0,0,0,0,1,41,0,8,0,7,7,0,0,0,0,16,1,15
0,5,0,0,0,0,0,0,0,2,0,0,3,17,0,0,0,10,0,5,0,1,3,0,1,0,0,0,0,0,0,0
2,4,8,0,19,14,0,23,14,0,0,0,22,1,0,0,0,0,0,7,0,0,0,6,0,3,0,2,0,0,10,0
0,0,0,14,5,13,0,0,0,14,0,0,12,0,0,3,4,0,0,0,1,0,0,2,0,0,0,0,8,14,0,0
9,0,0,0,0,5,0,1,7,0,7,0,0,3,2,1,0,5,0,0,0,0,8,1,0,0,13,0,0,0,8,0
11,11,3,10,5,0,10,6,0,0,0,13,0,0,4,5,0,0,0,0,2,7,0,0,0,0,0,4,0,2,5,6
0,0,0,0,18,16,0,0,0,0,0,0,3,0,0,4,0,0,0,3,0,2,0,5,0,2,0,4,3,0,1,10
0,0,0,0,2,8,4,0,5,0,15,14,3,0,3,0,0,4,1,0,0,2,0,0,0,1,1,6,0,0,0,2
0,2,0,1,0,0,0,0,0,2,0,0,0,7,1,5,0,0,6,5,5,0,0,0,0,0,0,5,0,0,2,0
0,0,0,3,0,0,8,0,0,2,17,3,0,0,0,0,0,0,2,0,0,0,0,0,0,0,3,0,0,0,0,22
1,5,1,0,9,5,3,0,0,2,0,0,0,8,0,0,2,0,0,0,0,6,0,1,3,0,0,0,1,0,13,0
0,1,0,11,4,0,0,0,1,6,12,5,0,0,0,2,0,2,0,0,0,2,0,0,5,4,7,1,0,0,0,0
0,3,2,1,5,0,1,0,7,3,0,1,6,0,0,1,1,7,0,3,0,3,0,3,0,1,0,0,0,4,0,4
0,0,0,11,0,0,2,0,0,0,0,0,0,7,5,0,0,0,2,0,0,0,0,4,1,7,0,0,2,1,4,0
0,7,0,3,3,0,0,8,0,12,0,2,0,7,0,0,0,0,0,3,7,0,6,11,1,0,0,0,0,13,0,12
0,0,0,0,12,0,0,0,12,0,10,5,4,0,1,1,0,0,0,2,3,0,7,2,0,3,7,0,12,0,0,0
0,0,0,4,0,0,0,11,3,0,2,0,4,0,1,3,0,0,0,0,0,0,0,4,0,0,4,5,7,4,5,0
0,7,1,0,3,0,0,0,0,0,12,0,0,0,0,0,3,0,0,9,5,4,0,5,1,0,1,0,0,3,0,0
5,0,0,1,2,0,0,0,0,0,15,0,0,0,1,0,4,0,0,5,0,5,0,5,0,0,0,1,3,0,0,0
0,0,5,0,5,2,6,0,4,0,0,0,0,3,4,1,1,0,4,0,1,3,0,0,0,0,4,6,0,0,10,0
0,2,0,0,0,4,1,14,0,4,0,0,0,9,0,4,0,2,0,2,3,1,1,0,5,0,0,0,0,0,0,0
0,3,5,2,1,9,0,0,0,0,0,0,0,6,0,0,1,0,57,3,4,0,0,2,0,0,9,0,2,0,4,17
6,3,0,9,0,0,7,0,6,1,0,0,0,4,0,0,0,0,7,3,0,0,0,0,0,0,1,0,0,0,10,5
0,0,15,0,8,0,7,0,0,2,0,1,0,5,2,8,5,4,10,0,0,0,0,1,0,5,0,0,3,2,4,0
0,8,0,21,0,12,4,0,1,1,0,0,0,0,0,8,0,0,0,0,2,0,0,5,3,1,0,16,0,0,3,0
25,1,0,0,17,1,13,0,6,3,0,0,0,0,0,0,0,0,3,0,5,3,9,5,0,0,0,0,4,0,2,4
7,8,0,0,6,18,0,1,0,0,0,1,0,0,1,0,0,6,3,0,0,4,1,0,0,3,0,7,3,0,0,0
0,0,0,5,0,0,0,0,0,2,0,0,2,0,0,5,0,2,0,31,0,0,7,2,3,3,4,0,0,0,0,0
0,7,0,0,0,3,0,0,3,0,16,0,0,9,0,7,0,0,0,3,1,0,0,0,0,0,7,0,10,0,5,2
0,0,3,6,9,0,0,0,0,0,4,0,0,0,8,0,0,0,0,9,13,4,0,0,0,4,5,0,0,0,0,0
0,0,0,8,0,0,0,7,0,1,0,5,0,1,0,4,0,0,0,2,12,1,0,0,0,8,1,0,0,0,0,25
11,0,0,8,0,4,0,0,10,0,0,0,0,3,0,13,3,10,59,0,0,1,0,4,2,0,5,0,2,6,0,0
0,2,0,0,0,1,0,0,6,2,12,1,0,3,0,0,0,0,9,33,0,1,0,0,0,0,19,0,5,0,4,0
0,1,3,0,0,12,5,9,3,0,4,1,0,1,0,0,12,0,0,8,4,0,0,9,2,0,6,0,3,0,1,3
0,0,1,0,0,1,0,0,0,0,0,0,7,5,0,0,4,7,0,0,0,0,0,7,0,0,0,6,4,0,0,8
0,7,11,0,4,8,2,0,1,0,0,1,3,0,8,0,8,9,1,3,0,0,0,0,0,0,8,0,7,5,0,13
1,3,8,4,0,0,0,8,0,4,7,0,5,0,0,6,14,0,0,3,0,0,7,5,1,4,5,3,0,0,1,4
0,0,13,0,7,6,0,0,0,0,0,0,0,14,3,0,2,0,8,13,0,6,0,0,5,0,6,0,0,9,0,0
2,0,0,1,0,1,0,0,0,0,0,0,2,0,0,0,5,0,0,11,0,4,0,0,2,5,1,0,0,4,5,21
0,5,5,12,10,0,0,4,0,6,0,3,0,1,0,0,0,6,3,0,0,0,0,0,0,3,0,8,1,0,7,0
0,0,0,0,0,4,0,0,5,0,0,1,3,2,1,0,0,0,2,0,0,7,0,0,2,0,1,0,2,4,3,1
0,11,9,0,0,0,11,0,9,0,9,5,5,0,2,5,0,0,0,0,5,0,0,0,0,0,0,2,1,3,4,0
0,4,0,5,5,0,0,0,0,0,0,0,0,0,0,0,0,0,0,0,0,0,6,0,0,0,0,6,0,0,4,0
0,0,4,5,0,0,0,0,0,0,1,5,7,1,0,0,1,0,0,1,0,0,0,0,5,2,0,6,4,0,0,16
0,0,0,0,0,0,1,0,1,3,0,6,0,2,0,0,6,0,2,0,4,2,4,0,0,1,0,0,0,0,0,0
0,0,0,0,3,0,0,0,0,0,1,0,0,0,0,1,0,0,0,4,0,0,3,2,2,3,11,1,7,0,0,2
2,5,0,0,5,0,5,0,0,0,1,1,0,0,0,1,0,1,6,0,3,0,0,0,8,6,0,0,0,5,0,8
0,9,0,6,4,0,0,0,0,6,0,6,8,0,0,1,1,0,6,3,0,0,7,0,7,0,4,0,8,0,8,0
0,5,0,0,7,12,0,0,0,4,0,0,2,8,5,0,0,1,0,0,4,0,4,0,3,5,0,0,0,0,4,0
0,2,6,0,0,0,0,0,3,0,1,1,0,0,1,0,0,0,2,0,3,3,12,0,0,0,1,2,3,0,3,0
0,0,0,3,0,0,6,0,1,2,0,2,8,0,0,0,1,7,2,0,0,2,1,0,0,2,7,5,5,0,0,19
10,0,0,0,9,0,10,7,6,9,0,0,6,6,2,3,9,0,4,2,5,4,0,5,0,0,8,0,0,0,8,0
13,4,0,0,0,0,0,0,4,6,0,0,2,3,0,0,0,1,0,0,0,3,6,5,0,0,0,0,0,6,10,0
4,0,2,0,10,5,2,0,0,0,2,4,5,0,2,0,4,0,66,2,8,0,4,0,5,8,0,0,0,0,0,0
7,0,0,7,0,0,0,6,0,0,0,0,0,0,0,6,0,0,3,0,0,0,4,0,0,6,0,0,0,0,3,0
4,0,0,0,0,0,0,6,0,0,0,0,0,0,3,0,8,0,12,4,4,9,0,0,4,3,4,0,0,0,0,0
0,0,20,0,10,0,10,0,1,5,0,1,4,0,0,9,6,0,2,1,0,0,7,4,0,1,4,0,7,1,0,9
10,4,15,0,7,0,4,0,2,0,0,0,0,0,0,0,4,5,10,1,5,0,3,3,0,5,7,0,3,0,0,2
7,0,5,0,0,0,0,10,1,1,0,0,0,0,5,2,0,0,0,0,0,0,2,3,4,0,4,0,1,2,2,10
0,0,0,1,6,10,0,0,0,2,0,0,0,0,0,0,1,3,0,29,0,0,0,10,0,0,0,0,0,0,0,25
0,2,0,0,0,0,0,0,2,0,0,0,0,0,0,11,1,2,0,4,0,2,0,0,5,12,0,5,0,0,0,0
0,8,2,7,0,0,0,17,9,0,0,9,1,0,0,8,0,0,0,14,17,0,19,0,5,2,0,7,0,0,3,0
0,0,0,0,16,0,0,0,7,0,0,2,0,0,0,2,9,0,1,0,10,0,0,1,2,0,0,0,3,5,0,12
0,0,0,0,10,0,9,0,12,3,0,0,5,0,0,0,3,0,41,10,0,0,3,3,0,10,3,0,0,0,0,4
0,6,1,0,0,0,3,0,0,1,10,0,0,0,0,3,0,0,1,35,0,0,0,0,6,6,0,0,7,6,1,2
9,1,0,0,0,0,1,3,0,0,5,7,0,0,0,0,1,0,0,1,0,1,0,0,0,6,7,5,5,0,0,2
4,0,1,0,10,0,6,0,0,0,0,0,1,0,0,0,0,3,3,0,4,0,1,5,4,4,0,0,3,8,2,2
2,0,2,0,0,0,0,2,3,0,0,2,0,0,0,0,0,0,1,0,9,0,0,0,3,0,5,6,0,0,0,7
2,0,10,0,0,5,0,4,1,2,4,7,0,0,6,0,6,8,1,0,0,0,3,5,0,7,0,6,0,0,0,8
0,0,0,0,0,0,8,0,0,3,13,0,3,0,0,0,0,4,0,0,1,0,13,0,4,8,1,5,0,0,1,0
0,0,0,4,9,0,16,7,0,0,1,5,0,0,5,0,4,0,0,0,0,3,0,0,0,0,0,1,0,0,4,0
0,0,0,0,1,0,1,0,9,0,0,0,0,0,0,0,1,0,0,0,4,0,3,2,1,0,0,0,8,0,0,0
5,0,3,3,0,0,0,6,0,1,3,0,0,0,0,0,0,1,11,0,0,0,0,0,0,0,1,0,0,0,5,10
0,1,5,0,0,0,0,9,8,4,0,0,0,13,0,0,6,0,0,14,0,0,14,0,0,0,10,0,0,0,0,3
0,1,9,4,0,0,0,6,5,0,0,6,0,0,0,0,0,0,0,3,0,9,0,1,0,0,10,2,5,0,0,9
0,0,0,1,0,6,0,1,6,0,4,1,5,0,0,2,0,0,0,0,8,1,0,1,4,4,0,0,10,0,9,1
0,9,0,0,0,0,0,11,6,0,0,1,1,0,0,0,0,0,0,0,0,3,0,0,0,0,0,2,2,0,0,7
0,2,1,5,0,12,0,0,0,3,1,0,3,12,0,0,0,0,9,3,0,1,1,6,4,5,4,0,0,0,0,12
0,0,0,7,0,0,9,7,0,0,5,1,0,13,0,0,0,0,4,0,1,0,0,1,0,2,0,0,8,4,7,3
0,0,0,0,0,5,2,0,6,0,6,0,6,0,0,10,4,3,0,2,8,0,0,0,2,0,0,0,0,11,15,8
0,0,0,3,8,0,10,1,8,0,0,2,0,0,0,0,0,0,8,1,2,0,7,0,7,0,1,4,0,5,0,0
0,0,11,0,11,0,0,0,2,7,3,0,8,0,0,2,0,0,0,0,12,0,0,0,8,3,0,0,6,4,3,0
4,3,7,1,2,0,5,0,0,8,0,0,0,0,3,0,0,0,6,0,0,0,0,5,0,0,0,6,0,0,3,0
0,0,8,0,0,0,0,7,0,8,2,0,0,0,0,0,7,1,0,0,1,0,8,0,0,0,7,2,0,0,0,5
0,5,2,0,0,18,7,15,2,2,1,9,0,6,2,3,0,0,0,0,0,4,0,12,0,1,2,0,0,0,0,11
0,4,15,0,8,0,0,2,1,0,3,0,5,0,0,0,5,0,60,0,0,0,3,0,0,0,3,2,0,0,0,13
0,1,9,0,28,4,6,0,0,9,3,0,0,0,2,2,0,4,0,0,0,4,3,0,2,1,0,0,11,0,4,0
10,9,0,0,6,0,14,2,0,3,4,0,0,4,0,11,6,0,1,13,9,0,0,5,0,1,0,0,0,0,2,18
1,3,7,4,0,0,11,9,11,1,6,0,0,0,0,0,0,0,9,3,0,1,0,2,0,0,0,0,0,12,0,0
0,4,2,2,5,0,0,0,11,0,0,3,0,2,0,0,0,6,0,2,7,0,0,6,2,7,2,0,0,9,4,9
1,0,3,11,0,0,0,0,0,0,0,0,0,0,0,0,0,0,0,0,3,0,0,0,5,0,0,11,0,0,2,19
0,0,6,0,7,0,3,0,15,0,2,5,0,0,0,0,3,1,2,39,8,3,0,11,0,0,0,2,0,7,0,3
0,8,0,0,0,0,13,4,0,0,4,0,14,0,0,0,1,9,5,8,0,0,0,4,0,1,6,4,4,0,5,0
0,0,0,0,0,8,0,0,0,6,0,0,0,4,4,0,0,0,0,10,4,0,0,2,6,0,4,0,0,0,0,3
0,12,0,0,9,0,12,12,0,0,0,8,7,3,1,0,0,0,0,0,5,1,5,4,0,3,0,6,10,5,7,30
0,0,5,0,0,0,3,0,0,0,8,5,0,4,1,6,0,0,0,0,2,0,0,0,4,7,0,0,2,10,0,0
0,10,0,0,22,0,0,0,9,0,1,0,0,11,0,0,0,2,7,38,0,0,0,2,0,0,1,0,0,10,0,1
0,8,17,0,0,14,0,0,0,5,0,0,0,9,3,0,6,0,0,4,0,0,0,1,0,1,0,0,5,6,0,0
0,0,22,0,0,5,3,0,1,5,5,0,8,0,0,13,3,0,0,0,0,0,0,3,6,14,0,0,6,0,0,0
4,0,0,0,0,11,0,1,5,0,0,0,0,7,4,0,2,0,0,0,0,2,0,0,0,1,0,5,0,1,0,0
0,0,12,11,0,0,6,0,0,0,0,12,0,0,0,17,0,0,6,0,0,5,0,0,0,0,7,0,0,0,4,0
13,1,0,2,12,0,7,0,0,0,6,0,7,0,3,0,5,0,0,2,1,0,0,3,0,0,0,0,0,4,4,0
1,6,3,8,8,12,1,22,0,0,0,0,0,3,0,14,1,0,0,0,0,3,4,0,1,0,7,1,8,7,0,15
0,3,0,2,0,1,0,0,0,4,7,0,0,5,0,0,5,0,14,7,2,0,3,0,0,0,5,0,0,2,7,0
0,0,0,0,0,0,0,0,4,2,0,5,0,0,0,3,12,1,0,0,16,8,1,0,4,0,6,6,2,0,12,7
0,19,0,6,62,74,28,0,0,2,27,32,35,39,0,18,0,0,29,0,0,0,0,19,18,14,0,0,18,0,23,0
8,8,0,3,11,18,22,0,0,13,0,0,0,0,22,21,0,0,0,0,0,0,16,0,14,31,53,41,75,0,1,0
27,0,68,17,21,38,21,0,41,0,0,5,0,2,39,0,10,0,0,0,16,0,0,0,0,44,0,0,2,0,0,23
14,0,0,21,0,0,0,5,7,4,27,10,9,1,5,0,14,10,0,0,6,0,0,0,0,26,0,26,0,0,0,0
0,0,1,0,16,72,8,0,7,12,0,0,0,0,1,0,0,0,0,30,0,0,0,23,34,16,34,0,0,35,25,54
0,53,32,20,90,3,0,0,52,0,26,8,8,1,0,19,0,0,14,20,3,0,0,0,0,29,0,0,0,17,0,7
0,31,0,0,0,37,0,0,0,25,44,0,0,0,41,0,0,131,21,24,14,39,87,0,0,2,56,52,10,0,29,0
28,0,35,5,30,0,0,10,0,0,13,156,165,0,39,23,26,7,25,31,2,36,0,1,0,39,0,0,0,36,0,0
0,0,0,0,27,0,27,6,0,0,0,164,51,0,6,0,0,158,4,2,15,3,0,0,27,11,54,21,0,0,15,0
0,7,0,2,13,0,0,23,0,0,0,53,85,16,0,29,81,42,16,11,0,32,13,0,9,6,38,6,27,0,0,7
0,26,5,0,0,7,4,20,0,0,0,84,118,18,16,0,35,84,16,0,21,0,0,0,16,36,26,7,66,0,0,0
0,20,0,30,0,0,0,29,28,0,12,78,107,0,0,8,30,0,5,0,34,0,0,0,0,0,0,0,0,1,0,2
0,0,25,0,0,0,0,41,6,18,30,34,1,43,0,0,7,18,16,2,222,255,17,0,24,34,0,0,0,11,0,36
0,7,4,0,3,22,0,0,0,10,0,0,0,0,0,0,0,14,0,15,182,20,0,0,0,44,39,0,0,7,0,5
11,10,0,0,32,0,0,0,11,0,8,21,0,28,0,0,0,0,0,0,23,35,0,0,0,18,0,0,0,31,0,13
46,0,0,0,0,37,28,0,0,14,0,8,24,0,0,14,20,0,20,0,0,39,0,10,0,0,0,31,0,1,11,0
64,0,7,62,0,36,0,0,16,16,24,36,11,41,0,0,17,11,90,6,0,0,0,20,0,0,0,0,0,4,0,0
0,3,0,0,0,4,0,0,12,45,10,0,100,0,44,18,41,39,20,0,11,4,31,72,0,0,0,19,16,0,13,11
48,45,9,0,0,0,23,0,0,0,0,0,5,0,0,52,1,17,12,45,74,90,4,4,20,0,18,42,25,0,2,0
0,5,12,0,0,43,25,0,38,11,1,0,24,0,14,24,10,0,48,152,157,25,9,0,0,0,0,10,17,9,0,11
0,11,13,0,31,29,0,0,0,11,5,39,0,0,12,0,0,0,87,3,57,41,0,0,0,14,0,40,26,0,3,9
0,0,0,6,0,35,0,0,0,18,13,8,15,15,1,0,0,0,37,21,0,1,26,1,0,0,0,4,0,0,0,0
0,33,0,23,0,0,0,8,58,1,116,16,37,0,0,0,4,0,6,47,18,90,0,19,0,10,36,0,22,0,12,0
0,0,6,4,41,10,31,7,70,53,41,59,0,14,0,0,0,0,20,25,21,3,0,4,0,0,0,0,0,0,0,9
1,0,0,0,0,0,49,30,16,101,84,0,0,0,35,17,0,4,21,64,31,0,0,0,0,9,0,5,7,16,4,12
69,29,9,23,53,0,0,20,16,29,129,0,0,24,0,4,1,0,147,0,13,0,8,0,38,17,26,0,0,38,11,16
60,0,2,8,0,0,0,26,0,0,58,87,9,4,0,37,21,0,96,0,0,18,12,8,19,23,0,12,0,28,0,22
0,0,0,0,0,0,4,28,35,0,30,14,11,0,0,20,0,26,4,7,29,0,12,0,31,23,0,7,3,0,0,22
0,0,40,0,0,0,0,17,12,8,11,0,30,0,0,16,0,7,0,18,10,7,0,3,0,18,33,33,0,3,0,0
0,6,14,7,0,5,0,0,28,0,20,7,25,0,2,1,0,0,0,17,0,0,0,0,0,12,17,0,0,0,7,17
14,0,0,0,22,7,0,0,0,5,0,0,34,54,3,0,17,0,0,10,23,10,7,0,3,0,30,0,0,38,20,6
6,5,16,8,0,0,13,0,14,0,3,37,0,0,0,22,23,2,16,0,0,6,3,8,0,20,0,0,1,0,0,10
0,12,8,9,0,7,0,0,0,1,0,3,19,0,0,12,11,0,12,0,0,8,0,0,9,15,15,10,13,0,9,0
0,0,0,0,0,0,6,0,0,0,1,8,0,0,2,0,4,2,0,0,0,0,5,8,2,0,0,11,0,0,0,2
2,0,0,16,27,0,0,0,0,5,0,3,5,0,0,0,11,0,0,0,0,10,0,0,0,0,0,0,0,6,9,14
4,0,12,0,13,0,13,0,3,0,0,13,0,0,5,14,5,0,0,0,0,4,1,0,4,0,0,4,0,7,0,1
0,11,2,0,0,3,4,0,0,0,0,0,0,2,3,0,0,0,5,3,0,0,0,2,7,0,0,8,7,7,0,0
10,4,0,0,17,4,18,7,9,1,19,0,12,16,0,0,0,4,1,0,8,8,4,0,1,0,6,0,5,7,0,0
0,0,17,0,0,0,0,0,4,0,3,0,1,2,8,0,5,9,2,4,0,6,11,10,0,0,0,0,10,0,7,10
11,28,0,0,10,1,11,0,3,2,0,0,0,0,0,0,0,0,0,0,1,0,0,0,0,0,0,0,0,0,7,0
0,3,0,1,0,0,0,1,0,0,0,0,0,9,0,0,3,3,17,3,5,0,5,0,0,10,0,0,4,0,10,4
0,0,0,0,12,0,5,6,15,0,10,0,1,3,0,0,2,7,0,0,5,3,7,0,6,0,4,0,0,0,0,0
21,0,5,0,0,16,0,0,16,4,2,14,0,0,0,2,0,0,0,2,0,6,0,4,0,0,0,0,0,4,3,2
7,9,2,0,0,30,0,17,0,0,8,6,0,0,6,0,0,6,0,0,3,7,4,0,0,0,13,12,0,11,0,0
0,3,4,0,0,9,11,0,0,0,16,0,0,0,3,0,4,2,38,0,0,7,0,8,0,0,0,3,5,8,6,0
3,0,13,0,0,0,0,18,0,0,2,0,0,3,4,0,0,4,16,0,0,2,0,0,1,7,0,0,0,2,9,2
15,22,0,0,0,5,3,13,0,0,8,1,0,0,5,0,9,5,16,4,0,2,2,3,7,0,0,7,8,0,6,13
0,5,0,6,0,0,1,7,2,5,11,0,0,0,0,4,0,6,0,5,0,0,0,1,0,0,0,1,0,4,0,0
23,0,0,0,0,31,15,0,0,4,10,26,0,9,1,3,3,7,6,0,0,0,0,1,1,3,8,0,19,2,11,0
0,2,0,1,12,0,0,0,0,5,0,0,0,0,1,0,31,0,8,0,0,1,8,0,0,5,0,2,0,0,5,0
0,0,0,4,25,0,0,0,0,0,0,0,0,11,0,6,2,0,5,42,7,0,6,0,1,0,6,0,1,1,6,4
0,4,2,10,0,0,0,6,4,1,0,9,0,0,0,1,0,2,11,0,48,12,21,1,0,4,2,0,6,0,0,0
25,2,9,0,0,9,0,0,0,0,0,0,0,0,0,4,2,0,4,31,21,17,17,0,8,7,5,0,0,0,15,0
0,0,0,2,0,0,0,9,0,0,0,8,0,0,0,11,0,0,11,69,2,13,2,0,0,0,0,0,0,0,0,0
0,0,18,5,0,24,2,9,0,28,90,31,0,0,0,23,0,1,23,3,0,13,0,6,6,0,11,9,0,0,0,8
4,0,8,0,27,0,0,0,26,26,21,0,1,1,6,7,2,0,2,39,16,7,4,12,0,0,0,12,0,0,0,0
26,0,0,0,0,0,15,0,0,77,25,1,1,0,0,0,0,1,0,10,8,0,0,0,0,9,0,0,0,5,0,0
0,0,0,7,0,0,4,0,17,17,5,0,3,0,0,11,0,0,11,20,0,0,2,0,0,2,0,0,0,0,0,2
49,11,0,16,0,7,0,0,0,0,30,16,0,7,0,4,7,4,26,1,0,7,0,0,0,0,1,5,5,1,19,0
0,0,0,0,20,0,0,9,0,0,14,0,1,0,0,0,2,3,0,7,5,0,7,0,0,5,12,0,4,4,5,0
2,6,5,6,0,11,0,0,0,0,6,0,0,0,3,0,1,0,0,1,0,0,1,1,0,2,1,0,0,0,2,8
0,2,0,0,0,0,0,0,0,0,0,1,0,7,0,0,5,2,0,8,0,0,0,8,1,0,15,0,3,3,0,2
0,0,2,1,0,0,4,0,13,0,0,0,0,8,0,17,16,0,1,3,8,3,0,0,0,0,9,0,0,0,11,11
2,6,0,0,0,0,4,9,2,0,14,11,0,0,0,0,0,1,0,0,0,0,0,1,3,0,0,0,0,9,0,0
0,44,10,0,0,23,31,0,0,55,0,0,0,14,27,37,0,18,0,1,0,7,70,20,0,46,0,49,0,0,4,0
30,16,14,9,0,0,0,34,0,0,0,55,8,0,25,0,0,0,4,22,0,0,19,11,0,14,0,38,17,0,0,25
0,0,25,0,61,19,0,43,0,0,49,45,0,5,0,0,0,13,29,27,32,0,5,0,9,5,0,18,0,42,0,7
2,0,50,12,11,0,4,6,0,0,0,99,16,0,0,0,0,0,0,24,0,0,4,0,50,0,12,0,0,56,2,0
0,0,0,0,40,4,0,0,1,0,0,133,30,0,24,38,6,0,0,0,0,16,0,21,0,37,0,0,0,10,0,25
0,0,0,0,47,0,0,0,77,0,30,87,98,34,0,0,20,0,246,0,0,12,0,12,0,0,66,22,0,0,0,0
0,0,0,5,0,13,0,0,10,36,0,71,144,55,0,33,12,124,153,54,0,0,37,0,0,32,3,17,15,0,0,0
38,0,55,22,0,0,0,0,0,26,0,101,115,7,0,0,0,29,48,2,0,19,21,0,0,21,0,36,0,0,0,0
62,0,33,0,59,0,22,0,3,25,0,67,40,30,14,49,8,161,0,0,0,32,62,0,21,0,26,47,43,11,0,0
0,6,22,0,47,0,0,24,13,9,51,0,39,0,14,16,0,0,7,0,0,103,0,0,0,30,10,12,0,0,0,0
2,0,0,0,1,15,0,42,0,6,12,20,0,30,0,0,4,7,24,0,6,0,28,9,39,0,0,0,11,0,7,0
0,0,41,39,24,0,0,0,0,0,0,0,7,30,0,0,0,0,1,22,66,107,18,0,0,0,0,27,0,0,19,44
0,0,0,22,0,16,0,18,24,24,0,0,0,2,7,0,38,0,10,41,114,48,0,0,0,31,0,0,9,57,14,0
0,28,0,0,6,0,0,24,49,0,0,0,0,0,0,0,26,19,9,18,78,16,6,3,0,0,10,9,0,0,19,0
0,42,10,32,0,35,13,0,14,0,7,0,0,44,20,5,0,0,0,9,10,5,0,0,0,0,0,0,0,0,1,5
18,29,1,14,97,0,14,1,0,0,15,9,15,11,0,15,0,0,2,8,8,0,20,3,39,11,19,0,0,28,0,10
102,2,0,0,0,24,2,0,6,1,0,22,0,0,0,4,21,0,88,0,7,25,0,146,176,7,0,0,4,19,43,0
0,28,18,12,0,5,51,0,0,0,0,0,14,0,0,30,0,34,0,55,22,27,0,64,0,0,14,0,20,0,0,29
24,0,0,0,25,5,6,0,12,37,0,0,13,0,1,0,0,8,6,142,90,86,0,18,12,0,0,19,0,0,52,0
0,0,0,0,0,53,8,0,0,12,0,0,0,4,25,13,0,1,41,199,107,39,0,20,0,2,0,0,23,31,13,0
0,0,20,45,27,0,26,22,0,0,0,91,0,10,4,0,12,5,63,9,164,170,0,21,5,0,0,0,24,0,1,3
24,0,67,0,0,6,0,0,0,32,132,34,0,0,0,0,2,0,7,17,161,166,31,0,0,0,0,22,0,0,0,0
0,0,0,34,70,0,0,169,206,179,240,47,6,0,0,0,0,0,25,28,107,80,0,0,19,0,14,0,7,0,16,0
0,42,0,0,12,45,5,65,171,118,142,40,22,0,46,3,26,0,18,27,79,12,28,6,3,4,7,0,37,3,10,0
36,41,0,0,48,0,27,181,133,243,89,0,14,41,7,17,0,43,62,66,153,0,0,46,9,0,0,45,0,0,4,23
44,0,37,0,0,0,9,45,96,61,95,0,1,0,1,29,55,20,76,82,44,0,14,0,2,0,7,18,29,0,0,0
27,0,0,0,54,0,14,51,11,229,0,74,0,2,0,11,26,0,84,25,7,48,69,8,0,30,0,0,35,9,7,14
0,60,0,0,0,3,6,0,30,4,14,37,0,0,0,0,2,7,18,0,0,50,27,8,0,0,11,0,54,0,7,0
107,0,13,75,78,6,0,28,0,7,0,10,0,0,36,0,26,14,9,0,4,16,9,0,30,0,26,22,0,21,0,24
15,7,9,3,0,0,79,42,0,0,16,0,0,0,0,5,10,0,37,0,6,0,9,0,0,6,0,3,40,0,20,0
0,31,0,8,0,42,0,0,0,0,0,0,2,36,10,40,0,1,0,0,21,0,0,28,0,23,0,0,13,27,0,0
0,0,17,0,0,0,0,0,41,21,28,33,8,6,0,25,0,0,0,0,0,26,0,16,0,0,0,33,0,29,0,0
0,0,30,0,64,10,0,0,0,0,0,55,0,95,0,50,43,0,0,9,0,0,0,0,0,0,0,30,61,27,23,0
0,5,20,31,0,1,0,36,0,0,12,4,0,31,0,0,26,12,53,0,0,0,0,0,0,13,0,11,2,0,13,44
61,14,17,29,0,32,0,0,0,0,0,21,0,0,17,0,34,22,133,11,0,14,0,0,10,0,0,0,0,21,0,0
0,3,0,15,0,0,0,16,25,26,13,0,1,46,19,32,0,0,31,3,0,0,23,0,8,0,0,20,3,28,0,20
0,44,0,0,0,0,36,63,34,5,36,0,0,0,0,60,0,0,39,0,0,22,24,35,14,0,20,13,0,0,30,34
5,2,0,5,0,0,17,0,23,0,19,4,0,0,0,7,11,14,101,10,0,16,0,4,10,45,0,0,0,9,0,24
0,0,0,0,16,0,4,0,0,0,14,82,1,0,6,5,11,105,101,0,0,30,0,0,22,8,0,0,0,31,0,41
0,33,0,0,0,0,0,0,0,7,0,51,0,0,1,0,5,24,1,1,9,2,23,2,10,0,0,2,17,31,0,6
0,16,0,11,7,0,48,0,37,7,14,23,20,0,12,0,10,69,0,0,0,0,25,0,4,0,34,0,31,12,0,37
0,9,0,0,59,31,11,1,3,1,45,2,0,0,0,4,20,197,0,4,0,20,19,6,37,21,0,0,1,27,0,0
33,45,8,0,67,34,0,0,0,0,21,10,0,7,0,24,0,13,14,18,0,3,18,0,0,14,9,0,0,17,55,52
0,20,0,0,13,32,0,0,0,9,27,3,12,20,0,6,0,6,0,0,56,192,19,0,17,0,146,4,0,0,8,0
18,0,33,16,0,24,16,13,0,20,26,1,0,86,0,0,0,22,32,0,25,0,0,0,63,0,42,0,0,40,0,0
0,15,57,0,36,24,0,32,0,2,0,0,19,0,25,0,13,43,57,10,5,0,59,0,0,0,9,19,19,0,0,5
11,8,30,0,25,70,0,20,0,31,0,9,21,21,8,0,0,7,16,6,19,0,4,9,0,4,0,0,23,0,0,0
0,0,0,6,0,0,14,12,0,6,12,32,0,29,0,5,0,7,1,0,0,0,23,0,0,0,0,0,0,0,6,0
20,0,0,0,0,0,0,0,13,0,3,0,1,8,8,4,12,4,49,0,12,0,16,5,24,0,0,4,0,0,7,0
2,0,0,0,0,12,5,10,3,13,0,12,0,0,0,0,0,12,20,0,0,5,0,0,6,0,5,0,0,0,18,6
0,0,10,0,0,0,32,0,9,6,0,0,0,0,7,0,16,5,23,37,4,71,12,9,6,0,0,0,0,0,0,7
0,5,21,0,0,0,6,0,5,10,0,0,0,8,11,0,0,0,3,17,61,5,0,0,0,0,4,9,5,0,14,0
53,0,0,46,0,0,0,0,12,0,10,19,0,8,10,0,0,0,9,22,73,45,0,0,6,16,0,4,0,0,0,0
0,0,0,0,0,0,0,7,0,5,0,0,5,17,0,0,0,10,11,18,1,0,0,16,1,0,0,0,7,40,0,0
41,0,23,0,0,16,0,0,56,4,59,0,0,6,9,10,14,0,17,23,18,21,0,0,0,0,18,7,21,0,4,0
0,1,0,20,0,0,0,0,118,0,81,4,8,0,11,17,0,0,0,33,3,0,13,7,8,0,16,0,0,0,0,0
0,7,14,7,0,2,0,10,3,92,40,2,1,0,4,0,0,1,0,19,0,0,0,4,0,0,0,0,10,0,0,0
0,0,0,3,4,0,28,0,11,33,4,17,0,0,0,32,3,0,9,27,17,3,8,0,0,0,0,0,0,0,0,0
0,15,3,0,0,19,9,0,0,0,56,81,0,1,0,0,0,0,36,15,15,0,0,2,13,0,0,0,18,0,6,0
0,0,0,18,5,0,0,2,30,0,0,0,21,12,7,0,0,0,0,8,0,0,4,0,0,7,0,11,0,0,0,10
4,6,0,16,0,18,0,11,4,0,4,3,2,0,0,5,0,0,2,0,1,0,0,3,2,0,1,0,0,1,0,5
0,7,6,11,0,0,15,0,6,0,2,5,0,0,0,2,0,0,3,0,0,1,0,0,0,13,0,0,0,0,1,16
0,0,0,0,0,0,3,4,0,2,10,17,0,3,10,16,4,9,2,0,0,0,0,0,1,0,0,1,14,5,0,24
0,0,0,0,0,10,13,0,0,7,7,0,0,1,0,0,0,2,0,0,0,5,0,4,11,0,5,1,1,2,0,0
0,0,2,0,8,0,0,9,0,2,6,0,2,8,0,0,6,0,6,1,0,0,0,2,0,1,0,1,8,2,2,0
0,1,0,0,7,0,0,0,0,3,0,0,2,3,2,0,1,6,6,0,2,7,0,0,0,0,0,2,0,3,0,1
22,4,0,4,0,0,4,11,9,0,0,0,10,0,0,8,0,0,0,0,0,0,0,0,0,3,7,3,0,9,1,5
0,1,8,0,8,0,0,27,4,11,0,2,0,6,1,0,6,8,0,3,0,0,0,9,0,8,0,0,3,11,8,0
0,0,7,19,0,0,0,11,0,0,9,3,7,4,1,2,0,3,0,0,4,0,12,0,0,0,5,1,4,1,0,30
0,4,0,6,7,0,11,4,3,0,0,0,1,0,0,0,0,0,1,2,7,5,9,3,2,6,12,0,4,0,0,4
0,8,3,12,21,2,5,2,0,3,0,0,0,0,7,0,8,6,2,0,0,9,0,0,0,0,5,0,0,2,0,13
31,3,8,0,0,0,0,0,0,0,0,0,6,0,5,2,2,1,0,2,0,0,0,0,0,0,2,0,0,0,0,0
26,0,0,0,13,9,6,0,0,0,0,0,0,2,0,0,0,0,9,4,0,5,0,0,0,0,1,0,5,1,0,0
25,0,3,0,12,0,16,4,3,0,6,3,0,0,0,7,6,0,6,0,6,4,7,0,0,0,0,3,0,0,0,4
6,1,0,10,0,0,2,11,0,6,1,4,8,4,0,0,0,0,3,0,1,2,10,6,0,0,0,0,2,0,0,0
15,0,1,11,10,5,0,6,0,1,0,0,2,0,0,3,0,0,4,8,1,4,5,6,6,2,2,11,0,4,0,0
1,3,0,0,21,0,0,0,1,0,0,0,0,0,3,0,3,4,21,1,3,0,0,0,0,7,0,1,2,4,0,0
7,12,0,18,12,8,0,4,0,0,0,0,1,1,0,5,8,0,4,8,0,0,0,6,0,4,5,0,3,0,1,17
0,2,6,0,11,0,0,0,0,2,1,13,13,6,0,0,0,2,4,0,0,0,0,0,3,0,0,0,0,0,3,2
2,0,19,0,0,0,0,6,2,0,11,4,4,0,0,3,0,1,2,0,0,0,0,0,4,0,0,0,1,0,0,0
0,0,17,0,0,6,1,0,17,0,0,0,0,0,1,0,0,2,0,0,0,2,7,6,0,0,0,0,0,4,0,13
20,19,6,0,15,2,5,0,0,0,1,0,0,7,0,0,1,6,1,0,0,0,0,0,1,0,10,0,9,8,9,0
0,6,0,0,2,0,5,5,0,0,0,0,0,1,1,1,3,2,0,48,2,1,0,4,0,6,2,0,2,0,0,0
0,0,0,8,1,2,0,6,2,2,10,0,5,0,0,10,6,0,4,4,2,18,0,2,4,5,2,0,0,0,3,0
0,0,6,0,0,17,5,0,0,0,0,25,0,0,5,0,4,3,0,0,8,65,0,6,2,0,0,9,10,1,1,4
0,0,0,6,0,7,4,0,0,6,3,7,0,0,0,0,5,3,10,0,3,6,0,9,3,0,12,0,3,0,7,0
0,0,7,3,1,0,1,0,0,29,68,0,4,3,0,0,0,5,25,0,0,0,0,0,3,0,3,0,0,1,0,10
0,0,17,0,7,0,12,0,52,0,27,2,0,0,0,0,2,1,8,36,0,2,0,2,0,4,0,0,0,0,0,0
0,11,2,0,0,0,0,0,5,58,31,0,0,0,0,3,0,0,3,3,1,0,3,0,1,0,0,2,0,1,0,0
2,4,0,1,0,0,0,0,13,21,18,8,8,5,0,0,0,0,0,0,8,0,0,0,7,0,11,1,1,11,0,0
0,0,1,0,14,2,8,0,6,5,21,29,0,2,0,6,1,0,26,0,0,5,0,0,0,0,0,0,0,0,6,0
0,0,4,6,0,2,0,10,0,0,2,3,0,0,0,4,0,3,0,1,0,0,9,0,2,0,0,0,0,0,0,0
38,0,0,0,7,9,10,0,0,0,14,1,1,2,0,0,0,2,10,0,2,0,0,0,5,0,0,7,0,0,3,9
0,3,0,1,0,0,7,0,0,0,4,0,0,0,0,6,0,0,0,5,3,1,6,0,3,3,0,3,13,0,12,0
0,0,0,3,8,0,10,7,1,5,14,5,0,6,0,0,0,2,0,0,1,1,1,0,0,3,0,2,2,0,0,0
5,1,7,2,16,0,1,5,9,5,4,0,0,4,0,0,0,1,0,7,0,0,0,3,0,0,0,0,2,0,3,0
