44,6,21,0,6,0,0,0,0,0,0,26,34,8,12,0,0,44,13,19,55,0,0,5,11,0,0,37,13,4,43,31
27,0,48,34,26,0,21,49,9,0,0,15,0,51,8,3,23,12,0,0,11,0,13,0,149,9,35,8,0,0,1,12
26,7,0,0,0,4,0,0,0,8,2,0,32,0,33,8,54,7,36,0,10,0,19,162,247,11,0,0,38,9,10,15
5,0,54,52,40,0,12,18,0,0,37,0,4,0,0,163,0,0,0,4,0,0,13,19,10,0,2,10,0,6,5,0
0,64,0,7,52,0,11,18,0,0,0,33,0,0,8,154,0,8,0,11,26,32,35,0,6,0,0,0,14,0,0,0
31,0,52,23,22,62,0,16,0,31,1,0,0,0,6,75,0,0,0,9,0,11,9,0,12,14,0,0,3,21,0,25
49,4,0,9,18,3,0,28,0,34,0,0,25,13,4,171,13,10,7,1,0,8,0,0,37,5,5,10,68,0,15,0
34,21,32,11,34,0,0,0,3,0,1,49,0,33,26,24,0,0,0,0,20,0,0,3,6,16,0,0,1,0,6,16
5,39,0,16,18,0,0,0,26,15,0,32,2,2,8,31,0,0,0,0,0,1,12,5,0,43,4,0,0,6,31,0
10,18,0,0,36,8,40,0,0,0,2,7,9,35,0,46,9,24,0,8,2,0,0,14,0,0,32,0,0,18,0,0
31,1,29,0,58,5,26,16,22,0,16,30,9,0,0,0,0,10,12,7,17,10,17,0,21,28,23,0,0,0,0,20
21,0,0,29,0,0,0,0,0,0,0,0,0,6,0,0,37,1,34,0,16,15,11,0,18,38,0,0,0,0,19,0
0,10,0,38,47,51,39,59,0,0,0,8,12,0,0,0,9,0,0,0,0,7,16,0,0,3,9,11,14,0,25,0
21,5,13,1,26,0,0,29,0,3,0,0,0,0,2,0,0,0,26,0,0,8,6,16,20,14,0,16,18,11,2,124
34,0,17,0,0,16,27,46,24,0,0,29,32,11,12,0,10,13,24,0,15,1,9,13,0,11,0,0,0,6,3,14
0,0,11,12,65,0,0,15,7,0,6,0,31,0,5,3,16,0,10,0,23,0,35,0,2,0,8,0,0,11,0,43
0,0,6,6,2,15,0,12,23,22,0,0,0,0,11,0,0,0,36,0,10,0,6,11,0,0,5,0,44,25,4,0
16,0,0,0,26,59,0,0,3,0,16,0,33,13,3,7,0,0,22,1,0,24,0,0,29,0,0,0,23,0,16,0
31,0,0,4,12,0,24,4,0,25,0,0,15,0,1,34,5,0,0,9,0,90,14,0,0,0,0,0,0,0,6,2
1,9,4,9,0,0,10,15,0,13,25,10,20,17,0,16,0,0,0,0,0,23,40,49,0,8,2,7,0,18,3,0
0,9,1,0,2,0,0,0,0,18,0,0,12,0,9,0,0,4,6,0,0,0,0,6,28,0,0,6,0,0,5,0
27,17,0,23,5,9,3,0,0,3,3,12,21,0,9,6,8,0,6,0,1,0,24,5,17,6,17,0,0,0,2,15
8,0,15,40,7,0,2,25,16,5,56,4,32,40,0,0,0,0,0,5,3,14,3,0,7,0,3,0,0,13,0,5
0,9,0,0,25,6,0,0,7,21,94,115,112,70,23,11,5,0,0,6,0,11,25,0,0,11,1,0,0,0,21,0
0,2,9,0,4,16,15,18,3,51,70,63,49,32,3,0,0,0,0,0,0,20,24,1,8,0,0,0,0,0,0,0
17,0,2,8,0,21,0,11,0,0,49,18,83,5,0,0,0,0,0,0,1,1,9,0,16,1,2,0,16,3,0,11
0,0,22,6,0,0,6,15,0,0,34,27,10,1,0,23,0,0,0,6,8,5,13,3,11,0,25,0,17,8,0,11
0,0,0,8,2,7,11,2,32,0,12,16,33,0,0,7,0,0,0,0,0,6,5,1,13,0,31,8,16,14,0,0
4,0,0,0,0,0,4,0,17,0,2,6,32,0,0,0,0,0,0,0,9,2,13,2,0,0,0,0,3,0,0,7
0,1,0,0,0,0,13,7,0,6,6,17,0,20,1,7,0,8,5,6,0,0,7,0,5,0,0,0,4,0,3,14
12,0,28,8,0,0,14,13,9,0,0,8,10,1,0,0,0,0,0,4,0,0,0,9,14,0,0,6,11,0,0,0
0,4,14,0,0,0,25,0,21,5,0,0,0,10,0,0,0,4,0,0,0,0,0,9,0,0,0,0,0,0,16,0
0,20,0,8,0,0,0,3,8,0,0,1,0,2,12,0,0,0,0,0,1,0,2,0,0,5,4,4,0,0,3,0
0,0,1,6,0,0,0,0,0,3,0,0,0,4,10,0,5,3,0,4,0,0,2,0,4,0,22,11,0,0,0,0
10,0,2,11,7,6,9,0,8,0,4,0,10,0,7,0,1,0,7,0,3,0,0,6,1,2,0,3,0,8,0,0
2,0,0,0,0,7,8,0,0,7,2,10,0,4,6,0,2,0,0,7,0,0,6,0,1,1,0,0,4,0,0,10
0,0,0,0,6,0,0,27,0,7,0,2,0,0,1,7,14,7,0,2,6,4,0,9,0,0,10,0,0,0,12,0
8,3,0,0,0,5,0,20,0,4,0,8,2,1,3,7,0,2,0,12,7,0,16,0,6,2,1,0,0,0,6,5
0,0,0,12,0,0,0,0,14,0,4,0,0,10,6,1,4,0,2,0,5,1,5,5,1,0,0,1,0,8,4,2
0,0,0,0,0,0,0,0,5,0,7,0,7,0,37,6,0,3,2,3,1,1,0,5,1,0,0,1,0,0,0,6
19,2,13,8,0,0,10,0,0,5,0,2,0,0,8,0,7,0,0,0,0,0,0,0,1,0,17,0,1,0,0,28
0,0,0,0,0,0,0,1,0,2,0,0,0,0,1,0,4,7,2,0,0,0,1,3,2,1,0,0,0,0,1,0
1,0,16,8,0,0,0,0,0,0,0,0,0,0,0,4,0,0,0,0,3,0,0,6,0,0,0,1,0,0,0,3
0,0,0,10,0,17,12,4,0,0,5,0,9,0,0,0,0,0,6,8,0,6,10,0,0,7,4,0,0,0,8,17
2,0,0,0,0,11,8,14,23,3,4,3,2,0,9,0,0,0,4,0,0,11,6,1,2,2,6,0,13,0,0,5
2,4,11,4,20,0,0,0,0,2,0,0,0,13,0,0,0,2,5,0,0,0,0,11,2,0,0,2,0,0,0,0
0,0,2,5,0,0,0,0,0,3,0,0,0,0,0,2,7,0,0,0,6,0,5,0,0,0,0,0,0,16,0,13
0,0,12,0,2,3,0,0,0,1,12,4,3,0,7,0,5,3,2,0,0,0,0,0,5,0,3,5,4,1,0,0
0,1,2,0,0,0,0,5,10,0,11,0,6,0,0,0,2,3,0,1,6,0,0,0,1,0,0,3,1,0,0,24
0,0,12,0,0,0,0,1,0,2,1,0,0,1,1,0,0,5,0,5,2,7,0,0,0,0,1,14,0,0,4,3
2,9,19,4,0,18,0,0,0,8,0,0,0,2,2,4,0,0,0,0,2,76,0,6,0,0,0,0,5,3,0,0
0,0,1,3,0,0,3,6,0,4,7,6,2,10,0,0,0,0,0,2,0,5,0,2,0,0,0,0,0,6,0,3
3,0,0,2,14,0,0,0,13,6,0,0,0,0,0,0,0,0,0,0,0,4,0,2,11,3,4,0,0,0,0,0
2,0,0,2,0,0,0,0,0,3,5,1,4,0,0,0,0,0,5,0,0,0,0,2,25,1,0,9,15,0,7,0
3,15,3,0,2,0,0,0,0,0,55,24,24,0,5,0,8,0,0,0,6,0,0,6,0,0,3,0,5,2,16,0
0,0,0,12,0,0,0,0,7,0,23,32,77,26,2,0,18,0,0,5,5,0,28,0,2,0,0,0,0,0,0,2
0,8,0,0,0,0,0,6,0,0,34,29,2,36,0,0,0,0,0,0,0,21,7,0,5,3,0,0,0,9,0,0
3,0,0,4,0,0,7,0,8,11,4,0,21,9,0,5,0,2,6,0,1,10,0,2,0,6,0,0,0,0,5,11
8,0,0,2,0,0,3,9,7,0,13,0,3,2,0,6,0,0,0,0,0,9,0,0,9,3,16,6,5,0,2,6
0,0,0,7,0,0,0,16,1,4,0,0,0,12,0,0,0,0,0,0,0,0,5,3,0,3,0,0,1,2,0,0
0,2,0,0,0,0,9,0,0,1,2,0,0,0,0,0,2,1,0,0,0,0,9,0,6,1,0,0,0,7,0,0
0,0,3,0,16,0,0,10,9,0,1,0,6,8,0,0,0,0,9,0,0,9,5,0,0,9,3,0,0,0,6,0
0,12,0,0,0,0,7,8,0,2,15,0,1,2,1,4,0,3,3,9,0,0,0,0,4,4,0,1,0,0,0,14
5,0,3,0,0,0,6,11,0,2,12,0,1,2,7,0,1,3,0,0,0,4,6,0,4,0,0,0,0,0,0,0
1,0,3,8,0,0,5,0,5,7,2,0,0,0,6,0,0,0,0,0,0,0,3,3,0,6,0,0,7,4,0,0
0,0,0,1,0,0,2,0,9,2,0,11,1,1,1,0,0,0,0,0,0,0,0,0,0,1,4,6,2,0,0,0
0,0,0,6,3,0,0,0,11,0,3,4,0,2,1,0,5,1,1,6,0,0,5,0,0,0,7,7,8,3,0,1
0,1,0,0,7,1,4,0,13,0,0,0,0,0,6,0,0,2,0,0,1,1,0,0,4,0,1,0,0,0,12,16
0,0,0,0,9,0,1,2,1,0,3,3,4,0,0,1,0,6,0,0,0,1,0,0,1,0,1,1,0,7,0,0
0,0,5,6,1,0,0,5,6,1,0,0,0,0,0,0,0,3,0,0,1,0,0,7,0,0,0,0,0,1,0,4
3,0,7,0,4,8,7,19,10,7,0,0,6,0,2,0,0,1,0,6,3,0,4,0,0,0,2,4,0,2,0,0
6,0,0,0,0,3,8,0,4,0,3,0,0,0,46,0,0,0,0,0,0,2,0,1,0,3,11,0,0,1,0,8
0,8,0,1,0,0,0,0,0,0,2,10,0,1,0,1,0,4,0,0,0,0,2,0,0,2,3,2,2,5,0,0
0,2,1,0,0,5,0,0,0,0,0,0,0,0,0,0,3,0,0,0,0,0,1,0,0,0,0,0,3,1,4,0
0,12,13,11,0,0,6,0,0,0,1,0,0,0,1,10,0,0,0,0,0,0,7,0,1,4,0,1,10,0,3,0
0,0,4,0,5,0,0,4,5,13,2,0,2,0,0,2,0,1,0,3,5,0,3,0,0,0,10,0,0,0,1,0
0,0,4,0,0,0,0,11,0,2,0,2,0,6,0,12,1,3,5,3,0,0,3,0,0,0,3,7,0,0,0,0
3,4,7,0,0,3,4,0,0,0,0,0,0,3,0,6,0,0,4,0,1,1,0,5,0,0,0,3,0,0,10,4
0,0,7,0,0,0,0,0,0,1,2,7,0,1,2,0,2,3,9,0,0,0,1,0,0,1,7,0,9,0,2,0
3,0,0,0,7,0,0,0,0,0,3,0,0,0,0,0,4,0,14,0,1,0,3,2,0,0,0,0,0,0,1,15
0,0,7,4,0,0,1,0,8,0,0,0,0,9,1,0,1,2,0,0,0,2,5,0,0,0,3,3,2,0,0,3
5,8,0,0,0,1,13,4,9,6,3,0,1,12,3,0,2,0,0,0,0,0,0,0,0,0,0,0,0,4,1,10
3,3,1,0,3,2,4,0,0,0,8,0,0,0,0,1,0,0,0,3,1,23,13,9,0,7,4,0,2,0,0,11
0,8,0,0,0,4,0,6,5,0,0,1,2,0,0,0,0,0,1,0,0,2,0,2,0,8,0,2,0,0,0,0
13,0,0,0,0,0,2,10,0,0,7,0,0,1,6,0,0,2,0,3,0,1,0,0,1,1,1,4,0,0,0,5
0,2,0,2,0,0,0,0,3,0,0,9,12,3,0,2,6,3,4,0,0,0,0,0,1,0,6,4,0,0,10,0
0,0,0,7,11,1,11,0,5,0,27,2,0,0,1,0,0,0,0,0,0,0,10,1,0,1,4,0,0,5,0,13
0,0,0,1,7,0,7,2,4,5,26,4,51,0,0,0,3,0,0,0,0,0,5,0,2,0,1,4,5,0,0,6
12,0,0,0,10,3,0,0,0,0,1,31,3,29,0,0,1,0,4,0,1,13,0,0,8,0,3,4,0,0,0,6
3,3,0,17,0,0,0,3,5,0,0,2,35,0,0,5,0,0,1,0,2,2,0,0,0,0,13,5,0,0,5,0
0,0,0,2,0,1,0,0,0,0,0,0,4,0,0,0,0,5,2,0,0,0,0,0,6,0,0,8,3,4,0,4
0,0,1,0,0,13,9,7,0,0,0,0,0,3,2,0,0,0,3,0,0,2,0,1,0,8,1,0,0,2,16,21
0,0,6,0,10,6,0,0,4,4,0,7,0,0,0,9,0,4,0,0,0,2,0,1,1,1,0,10,4,3,0,0
1,0,0,3,0,0,1,5,0,0,0,2,1,9,0,0,2,0,0,5,0,0,1,0,2,0,0,0,0,6,0,11
0,0,0,0,6,0,5,0,4,2,2,4,11,0,0,0,1,3,1,8,0,0,0,0,0,0,4,0,4,0,15,0
0,0,0,0,0,3,2,6,13,0,0,0,3,0,1,0,7,0,4,0,0,0,0,0,0,0,0,0,0,0,0,0
10,0,0,0,10,4,8,4,12,2,0,0,0,1,11,6,0,0,0,6,0,0,0,0,0,3,1,0,5,0,0,5
0,9,0,6,15,8,6,0,12,4,0,6,0,0,5,0,0,0,3,0,0,0,10,0,0,5,6,0,0,3,0,0
5,0,13,0,0,9,0,0,0,0,2,12,2,0,0,0,0,0,6,5,11,9,2,0,0,0,4,1,0,0,0,1
12,3,3,0,2,0,0,0,3,0,0,0,0,9,0,6,0,0,0,7,0,1,5,0,2,3,3,0,0,0,1,14
0,0,8,0,12,0,0,0,7,2,0,0,0,6,1,9,4,0,0,0,0,4,0,0,0,1,5,0,0,6,0,0
9,0,2,6,0,7,0,2,4,0,0,2,0,0,1,5,2,0,0,0,0,0,1,0,0,0,4,1,2,0,0,14
0,0,3,0,0,4,0,0,2,0,0,0,4,7,0,0,0,0,2,0,0,1,3,0,3,0,0,0,0,0,0,0
0,0,0,0,0,0,0,3,0,0,0,0,0,0,0,6,0,0,1,10,3,0,0,10,0,0,0,0,0,0,0,8
0,3,12,0,2,0,0,0,0,9,4,5,0,2,0,0,3,1,6,0,2,0,0,2,1,0,0,3,13,0,4,0
0,0,0,0,0,7,0,13,7,5,0,0,0,4,0,0,0,2,0,4,1,7,5,4,0,13,7,0,11,14,2,1
6,2,0,0,0,20,2,0,0,0,0,0,0,2,4,1,0,0,0,6,0,0,0,0,6,7,9,0,0,8,0,0
1,3,4,8,0,0,0,0,6,0,0,0,0,0,0,0,0,0,1,0,1,0,4,4,0,0,0,2,0,4,0,6
0,5,5,5,0,0,0,8,0,13,0,0,0,0,0,3,0,0,28,2,1,0,0,11,0,0,0,0,0,11,9,6
0,0,0,0,0,0,2,0,0,0,0,0,0,0,0,2,1,3,6,3,0,1,2,0,0,0,0,0,0,0,0,0
0,0,5,0,4,7,0,0,0,7,0,0,0,0,0,8,1,0,6,0,2,1,4,0,0,0,0,0,0,0,0,13
0,0,12,0,4,0,0,4,2,0,0,10,0,0,0,0,4,0,5,2,4,0,0,0,0,0,0,1,1,0,1,0
16,4,0,0,0,0,2,0,2,0,0,9,0,1,8,0,0,0,2,7,0,0,0,0,2,2,4,0,3,7,0,1
2,0,1,0,4,4,0,11,6,0,0,12,0,0,0,0,1,0,0,0,1,1,3,5,0,0,8,1,0,0,6,7
0,0,4,8,5,0,7,18,4,0,0,9,0,0,0,0,6,2,0,0,1,3,0,3,0,5,0,8,0,0,0,6
0,4,0,0,0,15,1,0,0,0,9,0,4,1,0,0,4,0,1,0,4,0,0,4,0,1,0,0,0,0,0,10
0,0,0,1,3,0,0,0,0,0,0,0,3,0,0,0,0,1,0,3,2,0,0,0,0,0,3,0,0,1,1,0
11,0,1,0,0,10,0,0,0,7,4,0,0,1,1,0,0,0,0,6,0,0,0,7,0,5,0,0,0,7,0,0
0,0,0,6,0,0,0,0,0,0,8,4,0,0,2,5,3,1,0,0,4,0,2,4,1,0,0,0,3,1,0,0
0,2,0,0,0,4,8,3,0,0,2,7,0,6,0,0,3,5,8,2,0,0,0,0,0,3,0,0,0,0,2,0
0,6,16,3,0,0,1,0,4,0,0,2,0,37,0,0,0,1,0,3,0,1,1,0,0,0,4,6,0,0,0,6
0,0,7,0,0,0,0,8,0,10,0,4,36,4,2,6,0,0,0,6,1,1,0,0,0,5,0,0,2,0,0,4
0,0,0,0,0,3,0,0,0,12,8,0,5,2,0,3,0,0,0,0,5,0,0,0,0,0,7,0,0,0,0,0
0,0,2,1,1,7,0,0,13,1,15,11,0,14,0,0,4,0,0,6,2,0,0,0,0,0,0,0,0,0,6,0
12,0,13,8,0,0,2,0,0,4,0,3,0,0,8,0,0,0,0,11,0,0,3,0,2,2,10,8,0,0,0,8
0,0,0,0,0,6,14,2,3,0,2,0,2,0,0,5,2,0,0,5,0,2,0,0,0,0,5,1,0,5,11,0
0,0,1,4,3,0,7,16,3,0,0,1,3,0,1,1,1,0,0,0,0,2,2,0,0,0,3,2,8,0,0,14
0,0,1,0,0,3,0,0,5,5,0,0,0,5,0,0,0,0,4,0,2,0,0,0,0,0,0,0,0,1,5,0
2,4,5,0,15,1,0,0,0,0,0,2,14,1,0,0,4,3,1,0,0,0,0,0,0,2,0,9,0,0,23,0
0,0,5,10,7,0,0,0,3,9,10,7,3,1,1,7,0,0,0,0,0,0,14,7,0,0,0,1,5,0,0,0
0,0,0,0,0,3,4,2,0,0,0,2,0,7,0,9,0,1,0,0,4,0,1,0,0,1,5,0,4,0,0,8
3,0,0,0,3,0,7,0,2,1,1,4,7,0,1,10,0,0,0,0,0,5,4,0,3,0,0,1,13,9,0,0
1,0,1,3,28,0,0,0,0,0,0,0,0,0,0,0,0,0,0,0,2,0,0,0,0,7,0,1,0,5,0,12
6,0,0,0,0,0,0,3,0,1,0,7,2,0,3,0,0,12,0,7,0,0,0,10,0,0,0,0,0,7,0,27
0,0,4,0,0,0,1,0,8,0,22,0,0,10,7,0,10,0,0,2,0,0,1,0,1,0,0,6,0,0,0,9
0,9,7,0,9,0,0,0,7,0,0,2,4,0,0,3,3,0,0,4,0,0,3,0,0,0,1,0,2,16,4,0
0,0,0,0,11,0,0,7,4,0,0,13,0,0,5,7,0,6,0,0,0,0,13,0,5,1,8,3,0,7,0,11
0,6,1,12,0,1,0,9,0,0,0,9,0,0,3,0,0,0,0,0,0,0,0,0,0,5,0,0,1,2,0,7
0,5,0,0,0,7,0,0,0,0,0,0,0,0,0,0,0,0,6,0,0,3,0,11,2,0,1,0,4,0,7,0
0,3,2,16,0,4,0,0,0,0,9,0,0,0,0,1,2,2,0,2,2,4,0,0,0,2,7,0,0,3,0,4
0,0,1,0,8,6,0,0,0,1,0,3,0,0,0,4,0,0,37,1,3,4,7,0,5,0,2,0,0,7,3,0
0,0,5,2,2,0,3,0,0,1,0,0,0,0,0,2,0,0,0,0,0,0,3,0,0,0,0,0,0,0,0,0
0,0,4,0,0,6,3,0,0,0,0,0,7,0,0,0,1,0,0,0,3,5,5,0,0,0,0,0,0,0,0,6
0,5,0,0,1,0,0,0,7,2,0,1,0,2,0,0,0,0,0,6,0,7,0,1,0,5,2,0,0,0,2,0
0,7,0,0,0,0,0,1,0,0,5,6,0,0,0,0,1,0,0,3,0,3,0,0,0,4,23,0,0,0,0,0
0,0,0,0,0,10,0,5,0,1,0,0,0,0,1,9,0,0,0,0,0,0,12,0,0,3,6,7,1,1,0,20
2,6,0,0,0,11,0,9,3,0,5,0,0,2,1,1,1,1,0,0,0,2,0,0,0,0,0,0,0,0,0,3
6,1,0,0,0,0,11,0,0,0,9,2,3,4,3,5,11,0,0,0,0,11,0,0,0,6,0,0,0,4,5,6
0,2,8,1,0,12,0,0,5,0,0,0,11,0,0,0,8,0,0,5,0,3,6,0,0,2,0,7,5,0,0,5
9,3,0,0,0,0,0,0,0,5,0,3,6,0,6,0,0,0,1,5,0,0,0,1,0,1,3,0,3,5,3,0
0,0,0,0,0,0,1,11,0,4,2,4,2,0,2,0,0,0,3,0,4,0,0,0,0,2,9,9,5,0,9,0
3,0,4,6,2,0,0,0,0,0,0,0,2,4,4,5,5,0,0,0,0,2,0,0,4,1,0,2,0,0,0,4
8,12,6,5,0,0,3,11,1,0,0,12,4,26,2,1,0,0,0,5,0,0,3,2,5,0,1,0,1,0,0,0
0,0,0,3,6,0,0,0,3,0,0,0,34,0,0,5,0,0,1,4,3,5,6,0,2,6,0,10,0,0,0,1
0,0,1,16,0,7,3,10,0,0,0,1,10,1,0,1,0,0,5,7,0,4,3,0,0,0,0,0,4,2,0,3
2,1,0,0,15,0,0,0,6,0,0,9,0,0,0,0,0,0,5,0,0,6,8,2,0,6,0,0,1,0,0,0
0,0,7,0,4,0,0,0,0,0,0,8,0,0,0,0,0,0,0,0,0,2,0,0,3,0,0,0,3,0,7,0
0,0,1,0,0,0,2,13,2,0,0,2,0,4,0,0,3,0,0,0,0,6,0,0,5,0,0,0,2,0,4,0
10,0,0,0,12,1,15,8,0,3,3,1,0,3,2,2,0,3,0,5,0,5,0,5,1,4,3,1,0,12,0,0
1,1,0,0,3,6,0,0,1,0,0,4,5,0,0,0,9,0,1,0,1,0,1,6,0,0,0,13,14,0,0,0
8,0,10,3,7,0,5,0,2,0,0,0,8,0,13,0,3,0,0,5,0,0,2,0,0,1,0,2,3,1,0,0
10,14,0,0,6,0,5,0,0,6,1,16,0,2,0,0,3,0,0,2,0,0,0,6,2,1,0,0,0,0,5,10
3,0,3,0,6,0,0,0,1,0,10,14,0,6,0,0,3,0,6,0,4,0,5,0,0,4,7,0,0,1,0,0
0,0,0,0,0,2,0,0,0,0,0,1,0,1,0,3,2,6,0,0,2,0,6,0,0,0,3,0,0,11,0,0
6,0,3,0,5,0,1,0,7,0,0,15,2,0,8,0,4,1,0,0,0,0,4,5,4,0,0,0,0,0,7,0
7,0,0,6,0,0,0,0,6,5,2,1,11,2,5,0,0,0,0,5,0,0,0,0,2,0,16,0,0,0,0,18
0,0,0,9,14,0,6,0,14,0,0,1,0,0,0,3,0,0,0,0,0,10,0,0,0,8,0,0,0,5,0,0
4,2,0,0,3,3,0,0,0,0,0,0,0,0,0,5,0,0,6,0,5,0,3,3,0,0,0,3,6,0,0,0
1,0,0,10,4,0,13,0,10,2,0,3,0,6,3,0,0,0,0,0,0,0,0,5,0,0,0,5,0,0,0,4
3,0,7,2,0,0,2,0,0,0,1,0,0,3,0,12,0,0,0,1,4,0,0,2,1,0,1,2,0,1,0,0
7,0,7,0,0,3,0,5,0,0,0,4,2,7,0,0,5,0,1,9,0,2,0,1,0,3,0,0,0,5,0,0
0,0,2,2,7,0,10,0,6,0,0,0,6,0,2,5,0,0,12,2,5,0,0,2,0,2,0,0,0,0,0,4
0,4,0,0,0,0,0,8,4,2,0,9,0,2,0,0,0,0,26,0,0,0,1,11,0,3,6,0,2,0,12,0
0,0,0,0,0,6,0,15,0,3,0,4,0,2,5,2,1,0,2,2,6,0,2,1,0,0,2,0,2,0,0,0
8,0,7,10,3,10,0,0,0,0,0,0,1,0,0,0,0,3,1,0,1,0,0,3,0,1,1,0,0,2,5,0
0,2,4,0,0,5,0,0,0,0,0,0,0,0,7,7,0,0,0,0,3,0,4,0,0,0,1,8,0,0,3,0
1,0,0,2,0,0,12,0,0,0,0,3,0,6,0,0,0,0,0,2,0,5,0,6,0,0,0,0,8,0,0,3
3,9,9,5,35,0,4,7,2,0,6,0,0,0,5,4,0,0,0,1,0,2,1,0,0,0,0,0,0,8,10,3
6,0,0,0,3,14,0,2,0,2,1,0,0,10,0,0,3,0,0,0,0,1,0,0,0,0,0,0,0,3,4,0
0,3,0,0,21,8,0,0,2,0,0,1,6,0,4,0,7,0,3,1,5,0,0,0,0,0,2,0,0,0,9,2
0,0,4,0,4,0,26,0,0,2,0,0,7,0,13,2,0,0,2,2,0,0,0,0,0,0,3,1,2,0,0,0
0,2,0,0,6,0,2,0,3,0,1,0,0,0,0,6,5,0,0,0,0,14,10,0,0,5,3,0,0,0,0,15
4,6,4,0,8,5,0,0,12,0,1,1,6,4,0,0,1,0,0,4,0,0,3,0,1,0,6,2,3,6,8,18
9,0,3,5,26,0,11,0,7,0,4,1,0,5,0,0,0,0,0,1,2,4,0,0,0,8,0,2,0,4,0,5
1,8,1,0,1,7,0,2,0,1,0,1,5,31,0,0,1,0,0,0,1,3,1,0,0,10,0,0,0,0,1,0
0,0,0,0,2,0,0,0,4,0,0,0,39,0,0,0,1,0,0,0,0,0,0,4,4,6,0,0,1,0,4,0
4,10,4,0,0,5,0,0,0,0,0,0,12,2,3,0,2,0,0,3,2,0,8,0,0,0,0,0,0,0,0,0
2,1,0,0,7,0,1,0,0,1,0,0,6,4,0,0,2,0,0,1,0,0,5,4,2,1,11,4,0,4,4,0
2,0,1,0,0,0,5,1,4,0,1,0,0,11,0,0,0,6,0,3,0,0,5,0,1,1,0,0,9,0,10,18
3,0,1,0,3,5,0,0,0,0,0,1,0,2,8,3,12,0,1,0,5,3,3,1,0,0,0,0,5,0,0,0
0,0,0,0,0,1,1,0,0,0,0,6,1,4,9,0,7,0,0,2,0,0,0,0,4,2,0,0,0,6,0,0
0,0,1,0,0,2,15,9,8,0,6,7,6,0,4,2,0,0,4,0,1,7,7,0,4,3,12,0,5,0,6,6
9,1,12,4,17,6,0,0,11,2,0,0,0,0,1,2,0,0,0,0,0,3,0,1,0,0,0,0,5,6,0,0
0,0,0,5,0,0,0,0,0,0,5,4,0,0,0,0,0,0,0,0,0,0,0,0,0,1,0,0,4,0,1,1
0,7,1,1,1,0,3,0,1,2,0,0,0,6,0,6,0,4,0,2,6,0,3,2,2,1,7,0,6,0,2,0
5,1,0,6,15,0,4,10,8,0,0,0,0,11,0,0,0,0,6,0,0,6,0,1,6,7,11,0,2,8,0,17
0,9,0,4,0,0,8,4,2,0,6,0,0,1,0,1,0,7,0,2,0,3,0,0,0,6,0,1,0,0,3,0
5,0,8,2,6,7,4,0,4,0,0,0,0,2,1,0,1,3,0,4,0,0,4,0,2,0,7,0,5,0,0,0
0,0,6,0,0,4,3,3,4,3,0,0,0,0,2,5,3,0,0,0,0,0,0,10,0,1,0,0,0,0,5,0
6,0,2,14,17,0,0,0,3,0,9,4,2,3,0,0,6,0,0,4,0,3,1,0,0,2,0,0,0,0,12,0
0,0,0,8,9,5,0,1,0,5,0,0,0,0,2,0,0,2,0,0,0,3,0,1,0,0,6,4,0,0,0,0
5,0,4,4,0,0,0,0,0,7,2,0,4,0,0,0,0,1,0,0,0,0,0,1,0,0,0,0,0,0,4,3
5,4,0,0,0,9,2,0,0,2,0,5,0,3,0,1,0,0,0,0,7,2,1,0,0,6,9,6,0,0,3,0
0,0,3,1,1,0,0,0,0,0,8,0,0,0,2,0,2,0,0,0,2,0,0,1,0,8,0,0,0,0,0,0
0,0,0,0,0,0,0,0,0,3,0,0,6,1,4,0,8,0,44,0,0,1,0,1,5,0,6,4,0,1,11,0
14,6,10,0,0,0,8,6,5,0,0,0,0,0,0,0,4,0,0,0,0,4,0,0,0,0,0,0,0,14,0,0
3,0,0,0,3,0,0,0,0,0,14,9,0,0,1,0,2,0,4,0,0,0,0,0,0,10,0,1,6,0,1,8
0,9,0,0,0,12,0,1,0,0,0,0,0,0,0,4,0,7,1,0,4,0,0,0,0,3,0,0,2,0,3,0
1,8,0,0,0,0,0,5,0,0,0,6,0,0,8,3,0,0,0,0,0,4,0,0,0,0,8,2,0,0,4,9
0,4,0,8,14,20,4,0,0,0,6,0,6,4,3,0,7,11,5,1,1,0,0,5,0,0,2,1,0,0,0,0
3,0,6,0,0,2,0,3,1,3,0,0,0,0,0,4,1,0,2,0,0,2,0,7,0,0,0,0,0,0,0,7
2,0,0,0,0,14,0,0,1,0,0,3,0,0,0,0,0,0,4,0,0,1,3,0,1,0,0,0,4,0,0,0
10,0,0,7,6,11,0,0,7,5,2,1,0,1,0,12,7,0,0,0,0,5,0,0,3,1,10,0,6,0,5,0
0,0,2,0,0,0,3,0,1,0,0,4,2,0,8,5,1,0,1,3,0,2,0,14,0,0,6,0,0,1,0,0
4,0,9,8,0,3,0,0,6,0,10,0,0,0,4,0,2,1,0,2,0,2,0,3,1,0,0,0,3,0,0,0
0,1,14,0,0,0,16,0,13,2,0,0,0,0,0,0,0,0,1,0,1,0,4,0,1,3,0,0,0,0,0,0
0,7,1,1,0,3,7,0,5,0,0,2,1,29,0,0,4,0,0,10,0,0,9,1,0,1,1,0,0,6,0,16
0,3,0,0,2,9,4,0,0,7,0,1,28,3,0,0,7,0,0,5,0,0,4,5,6,0,12,0,0,0,1,2
5,0,6,10,9,7,6,10,0,0,0,0,10,0,0,7,4,0,2,0,7,0,0,0,0,3,1,1,6,2,0,3
0,0,0,7,6,0,0,0,10,0,0,0,8,0,0,4,9,2,1,0,0,0,9,0,7,8,0,2,0,12,0,8
0,0,0,0,0,0,0,0,9,2,0,0,0,0,0,0,5,0,2,0,0,0,0,3,0,2,4,0,0,18,2,0
3,0,5,0,8,3,9,0,5,0,0,0,4,0,3,0,0,4,0,0,0,0,0,3,0,0,0,0,1,0,6,1
3,9,0,0,0,19,0,0,0,10,0,0,4,0,0,0,11,0,0,6,0,3,3,7,1,15,5,0,2,0,13,0
2,0,8,0,0,0,17,0,0,0,8,1,1,0,0,0,5,0,1,1,0,2,0,0,5,0,0,0,6,0,0,10
0,11,5,0,0,0,22,9,0,0,0,6,6,0,0,6,11,0,0,1,0,0,4,0,0,0,7,5,12,5,0,3
0,0,8,0,1,0,4,5,8,1,1,14,7,4,0,15,0,0,4,7,0,0,0,0,0,2,0,0,0,20,0,0
0,0,1,0,0,7,2,0,12,2,0,0,2,0,5,0,0,0,4,2,6,4,11,0,0,0,9,0,0,0,0,0
0,5,0,5,0,4,0,0,0,0,2,4,1,0,0,0,5,0,0,8,0,10,0,0,4,6,0,2,0,0,0,0
0,0,8,9,0,0,0,10,21,0,0,7,7,0,0,0,0,0,1,0,0,0,1,0,0,0,7,2,2,0,0,0
6,0,0,0,0,23,1,0,0,0,2,0,0,0,6,7,0,0,3,0,0,4,0,0,0,5,4,1,0,2,0,17
0,0,0,7,2,0,3,0,0,0,0,3,0,0,0,8,8,0,0,4,8,0,0,0,0,0,0,2,0,2,0,0
4,6,9,0,4,0,0,0,0,0,3,10,2,0,2,1,8,0,4,0,5,0,8,0,0,0,6,0,0,0,0,0
0,0,0,6,4,0,0,10,0,0,13,0,2,6,3,0,1,0,0,9,7,0,9,2,3,0,0,0,0,0,0,9
0,0,0,0,0,0,0,18,0,0,12,6,0,2,3,3,6,9,0,4,0,4,8,0,0,0,0,4,0,0,1,3
0,24,0,7,0,0,13,4,0,1,2,0,5,2,1,3,2,3,7,0,0,0,0,1,0,0,15,0,12,4,0,0
5,0,0,0,0,3,1,0,6,0,0,0,0,0,5,12,3,0,1,0,0,0,0,2,0,0,0,0,8,3,0,0
2,12,3,9,1,0,0,16,3,0,6,0,0,0,0,0,0,0,52,0,3,7,6,3,3,0,21,4,3,7,3,16
0,0,0,0,2,0,0,0,4,4,0,0,0,0,0,0,4,0,12,2,0,7,1,2,0,1,0,0,0,0,0,10
0,9,10,6,0,0,1,0,8,7,3,0,1,0,0,10,6,0,6,3,1,3,0,0,0,0,4,0,4,0,0,0
5,0,8,0,0,0,0,9,0,0,6,0,3,0,0,0,0,6,0,0,7,0,10,3,7,0,0,0,1,2,0,11
0,1,3,11,0,6,0,0,7,0,0,4,3,9,3,2,0,0,4,0,2,0,0,0,0,0,4,0,2,0,0,0
0,2,2,0,11,7,1,4,9,0,7,1,0,0,3,0,0,0,0,5,0,0,0,0,3,0,0,3,0,0,6,7
0,0,10,0,0,6,0,0,9,2,0,4,4,3,2,0,5,3,5,0,0,0,0,3,0,0,0,6,0,3,0,6
3,13,0,0,0,0,0,19,4,0,0,0,0,0,0,10,0,0,0,0,12,0,8,0,5,1,15,0,0,0,2,13
6,3,11,17,1,1,14,0,0,0,0,0,0,1,0,0,0,0,0,7,0,3,1,1,0,0,0,0,0,0,1,0
0,2,8,22,0,0,3,0,0,0,0,0,0,3,2,7,1,0,0,0,0,0,0,1,3,0,11,0,0,1,0,4
6,7,6,0,0,7,10,0,0,2,3,0,1,0,6,4,6,6,2,0,0,0,0,7,0,0,8,0,7,0,0,16
0,8,14,0,20,10,7,0,0,4,3,3,0,2,0,0,5,0,1,6,6,0,4,0,0,0,3,0,5,0,3,0
8,7,0,0,0,16,0,0,0,0,0,3,0,28,2,3,1,0,0,4,0,0,0,2,2,7,0,1,0,9,0,0
0,0,8,0,1,0,0,6,5,0,0,0,34,0,1,0,0,0,4,0,0,0,7,0,1,1,0,4,1,0,0,0
0,0,0,1,0,0,16,3,5,0,25,4,5,0,2,18,0,0,2,0,4,0,0,0,13,0,0,0,0,3,4,0
9,0,0,2,0,0,4,9,0,0,0,0,0,0,4,2,0,5,0,0,0,0,0,0,3,2,0,0,11,0,2,1
4,0,0,0,3,0,0,0,9,1,0,0,1,7,3,0,0,0,0,0,2,0,0,0,3,0,3,0,4,0,8,5
0,2,1,3,0,0,11,0,0,0,11,5,0,0,7,0,0,0,0,1,0,6,0,0,0,4,0,0,0,0,0,8
0,0,3,4,4,2,0,0,1,6,2,0,0,12,0,0,0,0,3,0,0,0,1,4,0,0,0,0,0,8,0,0
10,0,3,2,0,0,0,0,0,4,0,0,1,5,5,1,3,3,0,0,0,0,1,2,4,4,1,0,0,0,4,3
0,0,8,1,0,5,0,0,2,4,0,0,0,0,0,1,0,1,0,0,0,0,9,7,2,5,12,0,0,0,2,3
0,0,0,0,0,0,8,0,0,0,0,0,0,0,0,0,0,0,4,3,5,4,0,0,0,14,4,0,3,1,0,0
1,0,0,0,0,0,0,0,0,3,0,0,0,0,6,0,0,2,7,0,0,3,0,0,0,0,8,0,0,0,4,0
0,0,3,0,0,0,10,1,11,0,0,0,4,0,9,0,0,0,0,4,0,0,6,0,0,0,0,0,0,0,0,1
0,0,0,0,0,1,0,0,1,0,0,0,7,4,0,0,2,0,2,0,0,1,0,0,1,1,8,1,0,6,0,0
6,2,12,7,0,3,2,0,0,2,0,0,0,0,0,3,0,0,0,0,1,0,3,2,4,4,0,0,0,0,0,3
0,0,0,0,0,0,0,8,0,1,6,13,8,0,1,2,0,5,0,0,0,0,0,7,0,0,0,0,0,0,5,0
0,8,1,4,0,0,0,16,0,0,0,0,0,4,5,0,0,0,0,0,0,0,0,0,0,5,3,7,1,0,0,3
0,0,10,11,1,0,18,5,0,6,0,11,1,2,1,1,0,4,0,0,0,0,0,6,0,0,4,9,3,0,8,7
0,5,2,1,7,1,0,0,0,4,0,0,0,0,0,0,0,3,0,0,0,1,0,0,0,0,3,0,3,2,0,0
3,0,0,5,10,0,16,10,1,2,11,2,0,1,1,0,0,0,0,1,0,0,7,4,0,0,3,4,0,0,0,0
0,0,0,0,0,12,0,0,12,5,0,1,0,1,6,11,0,3,0,3,0,9,0,1,1,0,6,0,0,6,0,0
1,0,0,0,4,0,0,2,0,2,8,4,0,0,0,11,1,0,34,0,0,7,0,0,0,4,10,0,0,0,0,10
0,0,0,0,0,18,0,0,5,1,5,13,0,11,3,0,0,0,4,0,3,0,0,1,6,0,0,1,2,1,7,0
0,2,12,0,1,0,0,0,0,0,5,0,0,0,0,0,0,0,5,0,3,0,1,0,0,0,8,0,1,7,1,6
0,9,0,0,0,0,0,3,0,0,0,3,0,0,1,0,5,2,2,0,0,0,0,0,0,2,0,0,0,0,0,0
4,0,3,0,19,25,8,0,8,12,9,6,0,0,0,5,0,2,4,7,0,0,0,0,3,0,0,2,0,0,4,0
0,13,0,0,4,9,8,0,6,0,6,0,0,2,3,10,0,0,0,0,0,0,0,11,9,0,1,0,0,6,0,0
0,0,7,0,0,0,0,4,0,0,0,9,5,2,2,0,2,0,0,0,0,5,1,0,0,4,0,0,6,0,10,0
0,3,21,7,0,3,3,0,0,0,6,3,0,1,0,0,0,1,4,4,4,11,0,0,0,6,0,0,1,0,2,0
0,2,4,1,9,11,19,0,0,0,0,0,3,0,1,0,0,2,1,0,0,0,4,0,0,0,0,0,0,4,10,0
2,0,0,7,0,0,7,0,6,0,3,0,0,0,2,2,0,0,0,0,0,0,0,5,0,0,0,0,0,0,0,10
0,6,0,0,0,13,0,0,9,0,3,1,0,0,0,0,0,0,0,0,0,0,2,1,2,0,0,3,13,0,0,15
6,0,0,12,1,0,7,0,0,0,0,0,0,0,0,10,4,2,0,18,0,0,0,0,0,2,0,0,12,0,0,9
8,1,0,1,0,0,0,8,0,0,0,0,0,31,0,0,0,0,0,0,4,0,0,2,0,0,0,10,7,5,7,7
0,0,0,7,10,0,0,9,0,0,0,8,3,0,0,0,0,8,0,0,0,0,0,2,0,0,7,14,2,0,0,0
0,0,3,3,0,0,5,10,0,0,1,14,0,0,3,0,5,0,6,1,0,0,0,0,0,0,1,4,0,0,2,18
0,6,0,0,7,0,0,0,11,3,0,0,0,0,3,2,5,4,0,9,0,5,0,0,0,8,0,4,0,0,2,0
5,2,0,0,2,4,0,0,1,1,4,0,2,7,0,1,3,2,1,0,5,1,0,4,0,1,12,0,3,0,0,0
0,0,8,0,0,9,14,0,0,2,3,0,8,0,3,0,11,4,0,0,0,0,0,3,0,0,0,0,0,11,15,0
0,0,1,9,5,0,5,12,3,0,0,6,0,0,0,0,0,3,0,3,4,0,4,2,6,7,0,3,0,0,2,2
0,0,21,0,0,0,13,5,0,0,0,0,0,10,0,0,0,0,0,7,5,0,0,0,2,7,0,0,4,0,0,0
0,8,1,6,3,8,0,10,3,8,0,0,0,0,4,0,0,5,0,0,0,4,5,0,0,10,7,0,0,12,10,17
0,1,0,0,0,15,0,4,0,1,4,0,0,4,0,0,0,0,0,0,0,0,0,0,6,2,0,0,0,4,0,11
0,0,0,4,3,5,0,0,6,5,12,0,4,5,0,4,0,8,2,0,0,0,0,1,0,0,3,0,0,0,0,8
0,8,9,0,0,7,0,0,0,1,0,0,0,12,0,0,6,0,3,1,0,0,0,7,0,4,0,0,1,11,0,3
0,0,0,1,3,0,0,14,7,0,0,0,0,0,0,0,1,0,0,1,3,0,0,2,3,5,0,1,4,0,0,0
5,4,5,0,7,0,0,0,0,1,4,6,7,0,2,14,20,5,0,4,2,0,0,0,0,0,0,1,0,7,0,15
3,0,8,0,13,0,0,19,19,0,0,5,0,10,0,0,0,5,3,0,2,0,7,2,5,0,14,2,5,0,0,0
9,11,0,4,15,0,0,5,10,0,0,6,5,0,11,0,0,2,0,0,1,0,0,13,3,0,0,4,6,6,2,0
0,0,0,0,24,6,0,7,0,6,0,25,8,25,0,0,6,4,0,6,0,13,9,17,0,0,17,2,1,0,0,0
1,0,0,6,10,45,0,0,15,0,14,0,0,0,0,0,19,0,4,0,6,0,6,0,0,0,0,0,4,6,0,0
5,0,0,0,38,37,40,16,0,36,0,0,0,0,16,0,11,22,0,31,0,29,5,33,6,11,0,0,0,48,0,0
5,0,20,0,6,22,12,18,0,23,9,0,0,0,18,2,0,33,0,0,11,30,59,0,8,0,33,44,55,6,29,0
0,31,35,0,3,4,0,0,52,0,0,0,0,3,0,42,0,51,20,0,0,0,16,0,1,18,15,0,0,0,2,14
6,0,44,40,0,27,0,0,0,0,0,43,66,0,75,20,10,0,0,0,0,26,0,30,57,0,0,0,0,12,0,10
6,0,1,0,0,0,41,163,0,0,34,28,27,29,19,0,0,15,26,48,0,0,0,10,0,0,0,0,0,42,28,55
64,0,64,28,80,32,137,253,0,22,59,49,0,0,15,54,0,0,0,0,46,8,66,0,19,0,0,0,0,22,0,53
18,0,0,0,8,0,36,79,0,37,17,14,16,0,45,85,29,0,21,174,216,0,67,0,10,0,26,151,67,0,37,37
0,0,54,0,86,0,18,23,65,35,19,21,0,0,0,20,2,0,29,142,29,0,67,0,0,4,188,12,41,0,51,26
0,0,21,0,57,58,37,28,0,5,26,40,14,25,0,17,0,14,0,93,1,0,172,122,6,13,0,0,33,0,0,0
0,20,0,0,25,0,0,0,5,0,13,29,9,3,0,3,68,15,48,23,0,56,115,169,130,6,41,35,0,0,0,34
0,39,0,0,8,23,0,0,29,0,0,5,0,0,43,21,0,2,0,0,13,124,214,28,53,77,20,2,7,27,3,19
0,0,0,0,1,13,0,26,0,0,6,0,17,3,49,0,22,0,52,3,0,78,153,190,198,143,0,1,0,28,0,0
0,56,0,0,1,34,9,0,0,135,253,197,101,176,140,0,0,0,7,30,0,107,52,127,208,32,0,27,21,2,16,0
0,21,5,21,0,0,0,30,0,39,160,18,55,119,0,0,6,33,0,0,21,31,115,88,42,9,0,0,0,0,30,61
104,16,0,6,17,5,0,19,0,61,159,238,225,80,0,20,14,0,0,0,9,60,1,200,0,0,7,0,8,33,25,0
0,0,0,52,0,0,0,0,18,0,174,48,136,9,0,0,40,0,0,0,14,27,183,104,0,107,12,16,0,27,37,18
77,0,42,0,14,0,31,34,0,0,203,234,217,97,15,37,25,16,0,24,66,211,136,0,0,20,0,0,35,0,0,3
41,0,67,0,0,0,0,0,40,43,0,31,137,23,17,40,31,0,0,41,46,12,0,2,0,16,0,0,0,44,0,26
60,10,3,15,36,0,25,0,0,33,35,0,0,3,24,23,0,33,11,0,4,0,41,0,7,0,4,0,0,0,0,0
17,0,0,6,11,36,0,3,2,0,24,0,0,0,0,0,64,0,1,21,3,12,33,2,26,7,0,8,0,0,16,62
11,0,0,8,35,0,29,27,0,0,0,0,9,3,34,0,0,1,0,16,0,10,0,0,3,0,0,0,0,61,0,0
70,8,32,41,0,0,16,0,0,0,0,0,0,0,0,0,25,0,0,0,19,0,0,24,0,7,0,0,27,0,0,46
20,25,22,0,43,0,0,36,0,26,12,3,17,12,0,8,11,0,51,3,5,24,32,32,0,19,2,0,0,0,2,23
0,4,5,0,0,5,1,0,17,1,24,5,0,0,0,18,0,0,0,14,6,0,132,0,0,5,3,0,0,0,9,38
14,22,4,9,14,1,0,42,2,12,3,0,1,6,6,0,0,0,0,17,0,22,43,41,0,26,0,4,0,56,0,0
0,7,60,2,0,14,8,0,32,0,0,0,0,10,85,0,0,18,0,0,0,7,54,0,2,1,0,0,0,21,0,18
20,0,0,0,67,0,33,0,0,21,8,22,0,0,102,0,0,0,19,0,13,56,98,5,0,59,0,0,0,0,37,16
0,0,0,43,0,30,0,2,0,0,23,0,46,0,51,0,20,2,0,0,10,85,31,0,40,0,0,7,31,0,0,0
2,0,0,21,41,27,27,0,0,8,7,0,0,10,13,0,0,54,0,0,47,151,0,34,0,87,0,0,0,0,7,1
9,23,15,0,19,54,0,0,1,0,0,0,0,87,101,0,7,1,18,0,55,26,21,16,0,0,1,11,4,0,7,0
0,6,0,0,13,0,0,32,0,0,0,0,0,49,190,72,0,3,14,33,85,11,10,0,0,16,6,0,20,0,0,0
0,0,0,0,0,0,0,0,0,8,21,0,27,9,150,0,0,12,0,0,48,72,0,16,0,0,30,0,0,27,0,0
31,11,0,6,0,0,25,27,35,4,11,0,0,20,181,3,0,0,0,0,128,13,7,0,0,0,13,4,0,0,0,0
0,11,0,29,75,0,0,23,56,3,17,5,0,32,109,0,0,9,13,31,0,0,18,16,206,0,5,1,12,8,0,12
0,0,27,0,0,0,20,0,0,0,0,0,0,9,3,21,0,0,0,13,0,1,26,54,23,0,14,1,2,0,0,3
28,5,0,0,0,19,16,0,4,24,42,0,0,0,0,0,49,0,0,0,9,0,28,2,0,15,34,0,0,40,0,13
0,18,0,0,30,7,0,100,27,0,0,0,0,11,0,0,0,0,15,0,6,6,48,18,7,30,0,1,21,0,17,1
33,23,4,14,0,0,0,88,0,0,0,0,0,0,20,0,0,0,10,8,0,0,5,0,0,24,0,5,13,0,0,0
0,10,0,0,0,0,0,0,0,34,28,0,0,42,10,18,13,22,0,0,23,1,12,0,10,0,0,0,3,7,2,1
0,0,0,3,0,64,0,0,6,0,17,0,0,0,28,0,12,0,0,0,0,29,0,2,0,0,0,0,11,3,0,0
0,6,0,0,21,1,0,0,0,0,0,13,5,7,4,0,0,18,1,20,9,132,30,0,0,0,0,23,0,24,0,0
0,39,0,6,0,0,0,0,0,30,0,71,0,0,33,0,0,0,18,0,28,17,51,64,9,0,1,0,0,0,0,5
0,0,0,0,91,0,0,6,25,18,29,9,0,1,0,0,1,9,0,0,0,68,74,29,19,0,11,0,0,26,20,29
0,20,0,0,0,17,0,0,0,24,0,9,0,16,0,0,0,1,7,0,0,25,61,45,98,0,7,0,0,50,16,0
0,27,0,10,21,0,0,36,8,0,52,0,0,77,0,0,0,8,36,24,16,13,4,0,0,0,0,25,0,0,0,14
11,16,27,16,23,0,0,0,14,7,85,86,113,59,0,0,8,1,0,0,51,14,0,9,20,0,20,17,13,3,15,0
0,16,0,8,33,0,0,0,0,0,70,24,7,18,38,38,0,0,0,0,95,0,0,10,0,0,15,8,11,30,1,11
0,0,0,1,9,0,0,4,28,7,22,36,34,0,1,0,0,25,0,0,0,15,22,21,0,0,46,0,27,2,0,10
19,31,0,0,24,0,0,1,0,5,29,0,27,4,0,0,0,0,0,0,0,1,0,0,0,12,0,7,6,13,10,1
0,9,4,33,4,0,35,28,0,0,9,32,0,0,0,0,0,3,12,0,0,0,12,0,14,1,0,10,0,0,26,13
0,0,0,12,0,13,0,14,0,0,16,5,7,12,0,0,28,0,23,7,11,0,0,0,0,0,36,0,0,0,5,0
0,5,4,14,0,0,15,37,14,0,11,12,7,0,0,12,0,23,0,0,0,0,15,10,6,19,0,0,0,3,0,0
0,0,0,0,0,22,0,0,0,0,9,0,0,11,0,7,0,11,5,3,0,0,0,8,8,0,6,0,0,12,2,43
0,0,5,0,0,0,34,0,11,0,13,11,27,0,7,9,0,0,0,0,6,1,2,0,20,3,0,3,4,3,0,0
3,0,23,0,0,0,0,0,7,8,0,0,2,8,3,0,1,4,0,4,3,1,10,1,0,0,15,0,4,0,4,0
0,2,0,7,0,0,0,0,14,0,0,0,8,0,0,18,9,9,16,5,0,1,0,0,1,0,3,11,2,0,0,17
0,12,0,6,0,0,0,0,13,0,17,0,0,0,0,0,4,1,0,8,0,0,0,0,0,0,0,0,0,5,0,0
0,0,13,0,0,0,15,3,9,6,0,7,0,0,0,7,0,1,0,15,0,0,0,0,0,11,2,0,0,0,0,1
0,1,1,4,0,2,14,0,1,3,5,5,5,3,0,4,0,6,0,0,0,7,0,5,0,0,0,0,0,12,0,0
0,0,4,13,0,0,0,0,9,4,0,11,11,0,0,5,0,1,0,0,0,0,0,6,1,5,2,0,6,1,0,0
0,9,1,16,0,0,2,4,0,1,0,6,0,0,2,3,4,0,0,10,0,3,0,10,0,0,2,0,5,0,8,0
3,0,5,0,0,3,4,13,0,0,0,10,0,0,26,5,4,0,0,0,9,4,13,0,0,0,0,0,7,0,7,3
0,4,8,4,20,0,7,2,6,0,0,0,0,4,3,4,0,0,0,0,0,7,9,4,0,0,2,0,7,0,2,0
7,13,3,7,1,0,0,2,0,8,5,6,3,8,0,1,0,0,5,0,6,0,0,5,0,1,9,12,0,5,7,0
0,2,0,11,0,0,9,0,0,0,1,0,7,6,0,5,9,3,0,7,0,2,0,0,6,0,0,0,18,0,1,1
0,14,12,0,4,24,15,0,8,5,0,0,9,0,4,0,0,5,0,0,1,0,13,8,2,9,0,0,0,0,0,0
0,2,0,6,0,0,1,0,0,0,0,0,0,0,0,2,2,0,22,0,9,13,0,6,0,8,11,0,2,0,0,0
0,5,0,0,9,8,0,11,0,0,0,8,0,0,5,0,0,0,5,0,7,2,12,0,0,0,0,0,0,0,0,0
7,0,2,2,0,0,0,0,0,5,1,3,0,0,0,0,8,0,7,4,0,8,0,0,0,0,0,5,0,20,0,31
0,0,0,0,7,8,3,1,8,0,1,0,0,4,0,7,0,0,3,4,11,0,0,0,1,0,4,2,0,4,0,0
0,0,0,1,18,0,9,0,0,0,16,2,2,0,0,0,1,0,0,0,0,2,9,5,7,0,4,9,2,0,0,0
0,6,9,0,1,0,16,0,0,11,0,0,0,8,0,0,0,7,3,0,0,0,8,0,0,0,1,0,7,6,0,8
0,0,3,0,3,0,0,0,5,3,4,1,0,7,2,6,0,2,2,30,16,76,2,6,3,0,28,0,5,0,0,0
0,0,4,11,0,0,1,0,0,12,0,0,0,3,1,0,11,0,3,0,0,4,0,0,0,3,0,0,3,5,0,0
8,0,7,1,6,0,5,0,6,0,0,0,0,0,7,12,0,4,2,0,0,0,0,0,32,6,0,5,2,3,0,0
16,0,1,6,9,9,0,0,4,0,0,0,0,3,0,0,4,0,2,4,0,0,18,10,16,0,1,8,2,0,0,12
6,0,0,0,0,0,7,0,0,3,17,0,0,0,0,2,0,0,0,2,0,0,2,0,0,0,0,8,0,5,0,28
16,0,0,11,0,0,3,5,2,0,0,11,91,7,0,0,0,0,0,1,5,0,38,0,2,3,5,4,0,0,0,0
0,0,1,16,0,0,1,11,5,1,4,7,17,28,0,0,0,3,0,0,0,0,4,0,6,0,2,0,9,0,0,6
0,1,0,5,0,0,0,0,0,0,1,0,37,3,0,0,1,0,0,0,12,0,0,4,0,0,2,1,6,2,0,0
0,0,0,6,0,8,0,5,5,0,0,0,18,0,0,0,0,2,0,0,0,5,2,2,0,6,0,0,14,10,14,7
0,0,0,14,5,0,7,0,4,0,3,8,0,0,0,0,0,1,3,5,0,0,0,0,0,3,0,2,0,0,0,18
0,0,16,0,9,4,0,6,0,0,0,0,0,8,0,0,1,3,0,3,2,7,0,0,0,8,0,4,0,0,0,0
0,0,0,0,3,0,6,0,7,0,0,4,3,0,0,7,7,1,0,0,0,6,4,8,6,0,21,6,0,5,0,12
0,11,3,14,0,1,0,5,1,9,0,1,0,8,0,0,0,1,2,1,0,0,1,1,0,0,0,13,0,4,1,9
0,0,12,13,3,0,0,0,0,0,0,2,17,0,0,0,6,8,3,2,4,0,0,0,0,0,0,16,0,11,12,0
0,0,6,0,0,0,0,0,0,0,4,3,14,3,3,0,7,4,0,0,1,0,5,1,0,2,0,0,9,10,0,2
4,5,0,0,0,7,0,0,0,6,0,7,4,0,4,0,16,5,3,1,4,0,0,5,11,0,0,3,0,0,17,0
8,0,2,0,0,4,0,10,2,0,0,7,0,1,3,0,0,0,5,0,0,2,10,7,2,0,7,0,0,0,0,0
0,0,4,10,0,4,8,5,9,3,0,0,8,0,0,4,0,0,0,6,0,2,0,0,4,2,0,0,0,0,0,2
5,0,0,9,8,6,0,0,0,0,1,2,6,4,0,5,4,0,0,4,1,4,1,3,1,2,0,3,0,0,2,0
0,0,2,0,14,1,0,4,8,0,4,0,4,0,0,8,16,3,0,0,0,9,0,0,8,0,8,0,5,7,8,0
0,3,4,0,0,0,2,0,8,4,0,4,0,1,0,1,0,3,0,3,2,1,0,0,2,0,0,4,0,12,6,0
3,2,3,0,3,0,0,5,7,0,0,0,0,0,37,0,4,4,0,0,0,0,5,0,1,0,0,0,0,0,0,0
2,7,0,0,0,0,0,2,0,0,0,0,0,3,3,1,9,1,0,0,0,7,0,0,0,0,8,11,7,0,21,0
0,3,0,0,10,4,0,3,0,0,3,2,0,0,2,0,0,9,4,0,0,0,2,0,0,2,0,4,7,0,4,0
0,0,0,2,14,0,3,0,10,0,0,0,0,3,6,3,0,0,0,0,3,0,7,2,3,1,0,0,2,5,0,7
0,0,4,0,0,4,0,7,0,1,0,9,0,0,0,1,1,0,0,1,2,0,6,0,6,0,0,0,2,0,0,5
0,3,7,0,0,0,0,2,16,0,0,1,7,4,0,0,0,0,27,0,0,6,0,1,0,1,3,0,3,0,1,0
0,7,0,0,0,0,0,0,0,0,0,0,0,7,0,0,0,0,5,0,3,0,6,0,13,8,6,0,0,0,8,0
14,4,0,4,0,0,0,0,0,1,0,0,0,0,3,0,0,0,3,0,0,1,0,0,0,0,2,0,2,0,0,5
0,3,5,0,0,0,0,0,5,0,8,11,0,0,0,1,6,0,1,0,3,0,5,2,0,2,2,2,5,0,0,0
18,0,0,0,0,0,2,5,1,7,0,1,0,4,2,8,4,2,0,8,0,0,7,4,0,0,6,0,19,6,0,4
0,1,1,8,6,13,0,8,0,1,11,0,0,8,0,0,0,0,3,4,0,0,0,6,4,7,13,2,0,0,0,23
5,0,9,3,7,0,11,2,5,0,0,9,0,7,1,3,6,8,0,1,0,22,9,13,0,9,5,2,1,0,0,10
0,15,0,11,22,4,0,1,10,5,6,0,3,0,6,4,3,9,0,0,0,0,0,0,0,1,0,0,7,11,0,0
4,9,4,0,0,9,0,11,0,7,0,0,9,0,0,0,4,0,0,0,4,5,21,10,0,1,0,0,0,0,8,1
0,0,0,4,0,3,7,8,0,9,9,0,0,3,1,0,6,0,0,0,0,11,11,14,2,0,0,1,9,0,0,0
0,0,0,0,9,0,0,0,4,5,8,0,0,2,0,0,2,0,0,0,0,0,0,2,0,0,6,0,4,0,0,0
1,2,0,0,9,0,0,5,3,0,8,25,2,0,2,0,0,0,0,9,0,6,41,6,0,3,0,4,3,0,0,0
0,0,0,0,10,8,0,0,6,4,8,13,1,25,3,0,4,0,0,6,3,7,0,0,4,0,0,0,0,0,0,0
0,4,11,0,0,8,0,0,0,0,0,5,36,0,0,7,8,3,0,0,0,0,0,7,0,0,3,17,0,0,0,23
0,0,7,4,1,9,0,1,2,0,0,2,11,0,0,0,1,6,0,0,1,0,4,2,0,6,2,0,0,0,0,0
0,0,0,16,3,3,0,0,2,0,3,0,0,2,1,0,0,0,5,10,0,0,6,1,0,6,0,0,12,0,0,10
0,0,0,0,0,0,0,0,10,0,9,0,0,0,5,0,0,2,5,0,6,3,3,0,7,0,3,0,0,0,0,11
0,0,5,0,0,7,0,2,1,6,4,1,1,2,0,0,0,3,0,0,2,2,0,7,1,0,7,3,6,8,6,0
0,0,0,0,0,10,3,13,8,0,0,4,1,0,0,4,0,0,6,0,4,0,13,0,6,0,1,4,6,0,0,8
9,0,0,0,0,0,0,0,0,0,0,3,2,0,5,0,1,0,4,3,4,0,3,0,0,0,0,4,9,0,6,20
0,3,0,10,0,14,5,12,3,0,0,12,0,0,9,8,5,0,3,11,8,10,0,0,0,9,4,0,0,0,4,29
0,2,0,13,3,1,0,0,4,0,3,3,7,2,0,2,0,0,0,3,0,0,1,0,0,0,2,0,10,0,0,1
1,0,4,9,1,0,0,0,1,7,0,0,6,8,0,0,0,0,0,0,0,10,4,0,0,0,0,4,0,12,0,0
0,0,2,6,2,0,0,3,5,0,10,0,0,6,0,0,0,0,0,5,0,2,0,0,0,0,0,0,0,1,3,0
0,4,0,16,8,14,0,7,0,0,5,6,0,0,0,0,0,0,6,0,2,9,6,3,0,2,0,6,1,7,0,0
0,0,0,6,0,4,0,0,8,4,5,0,4,3,6,0,0,0,0,0,5,0,3,10,0,3,4,0,0,3,13,11
2,14,0,0,12,0,0,9,0,4,4,7,1,0,1,0,4,0,6,0,0,1,0,9,0,0,8,0,0,11,0,0
0,4,2,0,7,1,3,6,11,2,4,0,0,11,27,0,6,0,1,0,0,1,0,8,0,0,0,0,0,6,0,0
0,0,0,1,0,0,2,2,9,0,0,12,0,0,5,0,0,0,8,0,0,0,0,0,1,0,7,0,0,4,8,0
0,0,4,0,0,1,0,18,11,0,3,1,7,0,1,0,0,4,3,0,0,4,8,0,0,1,7,3,4,0,0,0
0,0,7,11,0,1,1,0,16,0,0,0,0,0,0,0,0,5,0,0,2,0,1,3,2,9,0,7,11,0,0,0
0,0,0,0,18,6,1,0,5,9,2,9,5,0,0,5,0,0,2,0,5,0,9,6,0,0,0,0,9,0,0,6
0,2,0,0,0,0,0,8,0,5,0,0,0,6,0,0,0,4,40,5,3,0,2,6,0,4,0,0,3,14,0,0
0,0,0,0,1,0,0,6,6,0,0,8,0,0,0,10,0,1,4,5,0,0,0,0,0,0,0,5,0,4,0,0
0,0,9,0,0,0,0,0,0,0,9,8,0,7,7,0,0,12,2,2,0,4,0,2,0,0,7,0,1,2,0,0
0,0,0,0,11,1,8,0,2,6,0,0,0,5,10,0,6,0,2,1,0,0,0,9,0,0,0,0,0,9,12,1
24,0,10,0,10,0,7,0,2,13,1,0,0,5,0,8,6,0,0,5,0,0,7,0,0,4,2,0,0,0,0,0
0,8,0,2,0,3,0,7,0,0,0,0,2,2,0,0,0,0,1,1,4,1,0,0,3,6,0,0,4,0,1,17
12,0,0,0,0,6,0,0,6,0,4,0,0,0,2,0,1,1,0,0,0,36,3,0,0,2,0,0,8,0,0,0
9,0,6,0,0,0,1,0,3,0,0,0,4,0,0,6,0,0,1,0,2,5,0,0,8,12,0,8,1,0,0,0
10,0,0,5,6,1,20,0,6,0,0,0,0,0,0,0,0,0,0,0,0,4,2,2,1,5,0,0,2,0,1,0
5,1,0,7,0,0,0,0,0,0,0,2,0,1,0,2,0,0,0,0,0,0,0,0,0,0,0,4,0,0,0,0
0,0,2,0,8,5,0,0,0,2,0,0,0,0,1,0,0,0,1,0,4,3,2,0,0,2,0,2,2,1,9,19
8,0,0,1,0,0,0,3,8,0,8,10,0,1,4,0,3,4,0,1,0,5,4,0,1,0,3,10,1,0,11,0
0,2,5,0,0,4,0,0,0,4,2,0,0,24,2,0,0,0,0,0,0,0,9,0,0,2,0,0,2,6,0,0
0,2,0,0,8,3,0,0,0,3,0,0,35,7,0,0,0,0,2,0,1,0,13,0,0,0,4,0,6,8,0,0
0,4,4,10,8,0,0,0,5,0,0,0,6,2,0,0,0,0,0,5,5,1,0,0,5,0,0,0,0,0,0,0
0,0,0,0,2,0,0,5,9,0,8,0,0,0,0,0,0,0,0,4,0,1,0,0,0,3,3,2,0,4,7,3
4,0,0,4,0,0,0,0,0,5,0,0,0,2,1,0,1,0,0,0,0,0,0,2,0,2,7,0,6,0,0,12
0,0,0,2,0,3,0,1,0,0,5,12,0,0,0,0,1,0,8,0,0,3,0,6,0,2,0,0,0,1,1,0
6,0,6,9,1,0,0,0,3,0,3,5,1,4,10,0,6,0,1,6,0,0,6,0,4,1,9,2,0,2,0,0
0,0,0,3,7,0,0,3,8,0,9,4,0,0,8,0,1,0,8,0,0,2,4,0,0,0,5,2,0,0,0,0
0,0,0,2,0,0,4,9,0,0,0,2,2,0,0,8,4,0,0,1,2,6,2,0,3,0,6,2,1,1,6,15
0,1,9,0,6,5,0,0,0,0,0,0,0,0,7,0,5,4,4,0,2,0,0,3,0,5,0,2,0,0,4,4
0,6,0,0,3,10,1,4,0,0,4,5,4,0,0,0,0,0,0,0,0,0,0,0,4,0,12,6,0,0,0,0
0,10,0,9,0,0,0,8,0,0,0,0,0,0,5,17,0,0,5,4,0,0,5,2,7,0,4,5,7,4,0,16
0,1,0,0,0,5,9,0,1,0,0,11,3,0,0,2,10,2,0,2,0,1,4,4,0,0,0,0,0,0,3,19
2,0,0,6,0,4,4,0,0,2,0,0,0,0,0,0,3,4,0,1,0,0,0,3,0,0,0,0,0,17,0,12
7,0,0,0,0,0,0,0,0,1,5,0,0,10,5,4,2,0,0,6,8,0,0,0,0,0,9,4,0,0,2,18
2,0,0,3,0,13,0,0,1,0,0,8,0,0,3,0,3,0,0,0,0,1,0,0,0,8,6,0,0,0,9,0
4,0,7,0,0,5,0,0,0,3,7,0,0,1,0,0,5,0,4,7,0,0,3,0,0,0,2,0,6,0,0,17
0,10,0,0,0,12,0,9,1,0,0,0,0,0,0,0,0,0,0,5,1,0,6,0,2,0,2,3,0,0,0,0
0,0,5,1,0,2,0,0,6,0,13,0,7,2,3,6,0,0,0,0,0,0,5,2,0,4,1,0,0,0,0,5
6,5,0,0,2,2,0,0,1,2,0,10,7,0,0,0,0,1,2,0,1,0,0,0,0,0,0,0,0,0,13,5
0,0,0,0,5,0,0,0,0,0,0,3,0,5,3,0,0,0,19,0,2,6,0,0,0,2,4,2,0,1,0,0
1,12,0,0,3,0,0,0,0,1,0,0,0,2,0,0,7,3,18,0,2,0,0,2,0,2,7,0,0,4,7,0
4,2,0,0,7,0,0,9,1,0,0,0,0,0,0,10,0,1,0,0,0,7,0,0,1,2,3,0,0,0,0,1
0,0,2,13,0,0,0,0,0,0,0,0,0,0,0,9,0,0,0,1,2,1,0,1,0,3,7,0,0,0,0,3
14,0,13,4,0,0,0,3,0,0,0,5,0,0,0,0,0,0,0,0,0,0,0,1,0,0,1,3,0,2,2,0
0,9,1,0,1,0,0,5,0,0,0,2,0,6,7,0,0,7,0,0,0,0,0,3,6,0,0,5,10,0,2,0
12,2,0,1,0,2,4,0,0,3,0,0,0,0,2,0,0,4,1,0,0,14,3,0,0,0,0,2,0,1,0,0
0,0,12,0,0,0,6,0,8,0,0,3,0,12,0,14,0,0,10,0,0,0,5,0,0,0,3,0,6,2,0,8
7,0,0,0,0,0,1,2,4,0,0,0,0,0,5,0,0,0,0,1,2,0,3,1,4,0,10,0,0,8,2,23
0,0,0,5,3,6,0,3,4,0,11,1,0,0,4,0,0,0,0,0,0,3,11,0,0,3,0,0,0,1,3,3
0,6,0,0,0,0,0,0,6,0,2,0,8,0,3,12,3,0,3,0,0,0,2,0,2,0,7,0,0,0,4,0
3,0,7,0,27,13,0,16,0,0,2,7,4,0,1,10,0,8,2,6,1,0,3,0,0,1,0,5,0,0,0,0
0,0,19,0,0,5,0,1,0,0,0,7,0,17,0,0,0,0,0,0,0,0,0,3,3,0,0,0,0,0,8,0
0,0,0,1,0,4,2,0,0,0,0,0,33,5,4,0,0,5,3,2,0,0,0,0,0,0,0,4,0,2,0,7
0,0,21,0,24,0,4,1,7,0,0,8,14,0,0,0,0,5,0,0,0,1,0,0,0,0,0,0,1,0,0,11
0,0,0,0,3,4,0,0,0,0,0,6,0,0,0,5,0,5,0,1,0,2,0,0,0,0,0,0,0,0,1,6
0,0,0,6,0,0,9,0,0,1,18,0,0,0,0,0,0,3,5,0,1,0,0,0,8,3,10,0,0,1,0,17
0,3,0,0,0,0,0,0,0,0,5,0,0,0,6,0,0,2,1,0,0,1,0,0,9,1,0,0,3,0,0,0
0,9,4,5,0,8,0,0,0,6,0,0,0,0,0,0,0,0,0,5,0,1,0,0,0,2,0,1,0,6,0,0
1,9,1,9,0,6,2,6,0,0,9,0,0,0,2,2,1,0,1,8,0,0,0,0,1,5,1,6,5,0,3,1
0,0,6,1,8,11,0,0,0,0,4,0,10,0,0,0,0,0,3,0,0,3,4,6,0,0,0,6,3,2,0,7
0,3,1,0,2,0,0,0,20,8,0,4,2,0,0,3,3,0,7,0,6,2,0,0,9,8,13,0,0,0,9,0
1,0,0,0,4,21,0,0,0,0,0,0,0,2,0,5,1,0,1,0,0,0,3,0,6,0,0,0,1,0,11,0
9,0,0,0,0,0,0,0,0,0,2,1,0,5,0,10,3,0,0,0,0,0,0,2,0,0,0,11,0,1,11,0
6,4,0,7,7,3,0,4,0,1,7,3,2,1,4,0,0,0,2,0,7,0,2,0,5,0,0,13,9,6,0,0
0,0,5,8,0,0,6,0,7,0,8,8,7,1,0,0,2,0,0,5,5,4,0,0,0,0,0,0,2,11,0,11
0,0,0,0,0,0,0,0,14,0,0,4,5,2,7,0,0,0,0,0,28,7,0,0,0,0,0,0,0,1,6,0
0,0,0,1,0,6,7,0,0,0,10,6,5,10,7,0,0,0,3,0,0,7,2,0,0,4,5,2,0,1,2,9
6,5,0,4,0,0,2,0,5,0,0,13,0,0,5,0,0,0,5,2,0,4,2,2,0,3,0,9,0,0,0,0
0,3,0,0,0,0,0,5,0,0,0,0,0,7,0,0,1,0,0,2,1,0,0,0,0,4,10,0,8,0,0,0
1,0,4,0,0,0,0,0,0,0,2,0,6,3,1,4,0,1,0,0,0,0,0,0,1,0,16,1,0,0,0,0
0,10,0,0,0,0,1,6,7,0,0,0,4,5,0,8,0,3,3,0,0,0,0,2,2,0,6,0,4,1,0,17
0,0,6,9,1,0,0,0,0,5,1,18,0,2,2,0,13,0,37,0,2,0,1,0,6,0,0,0,0,7,0,17
3,0,3,0,5,0,1,0,4,0,0,0,8,8,2,0,8,0,9,4,0,0,0,0,0,3,0,0,0,1,3,9
0,0,0,0,0,0,0,5,7,0,8,8,6,5,2,0,0,5,4,9,3,0,5,1,12,0,0,0,0,4,0,0
1,3,0,0,4,0,8,0,12,0,1,0,0,5,0,0,16,3,0,3,4,0,0,5,7,0,0,5,0,5,3,7
0,4,6,8,0,2,0,0,4,0,7,0,5,0,0,3,0,2,0,0,0,0,1,0,0,0,0,11,0,4,6,7
0,0,0,0,0,0,6,0,0,0,16,7,6,0,9,0,0,0,0,0,0,0,0,0,0,10,0,3,4,4,0,0
0,0,0,15,2,0,4,10,0,0,0,0,0,4,0,5,0,0,6,0,3,3,2,0,0,4,0,3,0,0,0,0
0,2,6,13,0,18,0,0,7,0,0,0,0,0,0,0,0,0,0,0,0,0,4,0,0,1,0,8,0,2,3,27
0,0,0,0,0,0,0,0,0,0,2,0,0,8,2,2,0,1,0,5,0,0,0,0,3,0,3,6,3,0,4,7
5,0,16,0,2,0,0,5,0,0,0,0,0,1,0,16,0,0,0,0,0,8,0,0,1,0,19,0,0,0,0,0
0,0,0,4,17,7,0,2,8,0,1,7,1,0,0,10,0,2,0,0,0,0,0,3,2,2,0,0,0,2,0,0
3,1,5,1,0,13,0,0,3,1,4,11,0,0,4,7,0,3,0,0,1,4,0,0,0,0,0,5,0,0,1,0
0,0,1,19,8,0,5,0,3,0,0,0,1,36,0,1,0,7,0,0,6,8,0,2,0,0,0,0,0,3,0,3
0,0,10,0,0,0,8,1,2,0,0,17,29,0,1,3,0,1,0,0,0,8,0,0,0,0,1,10,14,0,0,0
0,0,3,0,0,16,0,0,3,0,3,0,16,0,0,0,2,0,0,0,0,0,6,5,0,10,11,1,1,8,0,0
5,6,8,12,8,0,0,5,0,0,0,0,1,4,0,0,10,7,0,0,0,0,2,0,0,0,3,0,0,2,4,0
0,0,6,5,0,0,0,0,8,0,6,0,0,3,4,8,0,0,10,0,0,1,0,0,0,1,0,0,5,0,13,0
2,0,10,10,12,15,0,8,0,0,0,0,4,0,2,0,0,0,0,0,0,0,0,0,0,0,5,0,4,6,0,0
0,7,0,0,0,5,0,0,2,0,0,0,1,1,2,0,8,0,0,2,0,0,0,4,0,0,0,0,0,8,18,2
0,0,0,3,7,0,0,0,0,0,0,0,0,3,0,14,0,5,0,0,0,2,0,0,0,3,0,0,10,0,3,0
0,15,1,0,10,6,0,0,0,2,2,5,0,0,1,11,0,0,0,0,0,0,0,2,3,0,0,0,0,3,0,0
5,5,0,0,0,1,0,0,0,0,10,2,0,9,2,0,6,0,2,2,4,0,1,6,0,0,1,0,0,0,14,0
9,0,0,7,9,0,0,0,0,0,7,0,0,4,14,14,0,0,1,0,6,0,4,1,1,2,9,0,10,0,4,1
0,3,11,5,1,0,1,1,0,0,9,6,4,0,7,7,3,0,2,0,0,3,0,1,3,0,0,0,2,0,0,9
5,0,1,3,0,0,5,11,5,0,2,10,0,6,0,0,0,0,0,0,1,0,7,0,0,3,1,0,3,10,0,0
4,0,3,0,7,0,17,0,5,0,0,0,6,0,0,0,5,0,0,2,1,0,0,0,4,0,1,0,0,7,1,0
0,2,0,3,0,0,3,19,0,0,0,0,0,4,0,0,0,6,0,1,0,0,1,0,0,0,0,0,4,9,0,0
0,8,0,0,0,0,6,0,0,2,0,0,4,7,0,0,0,2,0,1,0,0,0,0,8,0,3,0,0,4,0,13
0,0,4,4,0,0,10,9,2,0,0,3,0,0,0,0,0,0,0,0,0,11,0,3,0,0,7,0,0,7,0,12
6,0,2,0,0,8,3,1,0,0,0,4,0,4,0,9,0,6,14,0,0,4,2,0,0,4,0,4,0,0,0,2
11,0,3,8,0,10,0,10,0,2,15,0,0,0,0,0,0,0,5,2,0,0,0,3,0,1,2,0,0,0,0,0
0,4,0,0,0,0,0,0,10,0,0,0,3,0,3,0,5,2,1,0,7,8,14,0,0,6,1,1,0,0,0,0
8,9,5,0,0,0,0,3,2,0,0,0,0,2,7,0,0,6,57,4,6,0,0,0,0,0,8,2,6,6,0,14
4,0,0,4,0,0,0,0,0,0,0,0,0,14,2,0,0,0,0,0,0,5,0,0,1,6,0,0,2,0,0,1
0,0,1,0,20,11,0,0,0,4,4,8,7,8,6,11,0,0,11,5,0,0,0,0,0,0,4,0,4,18,0,21
0,14,0,0,0,0,0,0,3,0,0,9,8,2,4,0,0,11,2,0,0,0,0,0,3,0,0,0,0,0,8,0
0,0,0,0,0,0,0,5,7,6,12,0,4,2,3,3,3,8,0,0,0,0,0,0,3,0,0,1,0,2,0,0
0,0,0,0,0,1,4,0,12,0,0,1,0,0,0,1,3,0,1,0,3,0,0,3,2,0,3,0,0,5,0,0
0,0,0,0,0,0,7,14,2,0,11,0,0,4,0,2,0,7,0,0,0,1,0,0,1,0,1,0,1,22,0,0
3,6,0,3,12,0,10,0,0,0,7,1,8,4,0,0,9,0,0,0,7,0,0,5,0,0,0,0,3,3,0,0
0,0,7,0,3,0,0,13,6,0,0,12,0,0,0,0,0,0,3,0,0,0,4,0,0,12,2,7,11,0,0,0
9,6,0,0,10,0,6,8,0,0,0,7,2,0,0,4,9,0,1,0,0,0,0,2,0,0,0,0,0,10,3,0
2,0,0,5,3,32,5,0,0,0,0,0,0,0,5,0,2,0,0,6,2,0,0,0,0,0,0,0,1,0,0,0
7,11,7,0,0,7,0,8,10,0,0,3,2,0,4,0,0,8,7,0,3,0,4,0,0,4,4,0,2,0,0,24
0,11,3,0,0,4,0,0,8,0,0,4,4,17,1,6,0,0,4,0,2,0,0,4,0,0,0,0,0,6,5,0
0,4,7,0,2,6,0,0,0,10,7,4,9,3,3,0,3,3,4,3,0,0,0,0,2,0,0,0,0,2,0,14
1,12,8,0,3,0,8,1,7,4,0,9,0,8,1,2,2,0,1,4,0,3,0,1,2,0,0,16,8,0,0,12
6,0,2,6,7,3,4,0,0,2,0,0,0,0,0,0,0,3,12,4,0,0,6,0,0,0,2,1,4,0,0,11
0,2,0,0,6,3,0,0,0,0,0,4,0,6,2,0,9,8,0,0,0,0,0,0,3,0,0,0,0,1,5,0
8,2,0,0,0,0,0,0,0,3,0,0,0,0,0,12,2,0,8,0,0,2,0,0,0,5,0,2,0,0,3,4
2,9,5,1,0,0,0,0,0,2,4,0,3,0,0,0,0,1,0,1,0,0,0,3,0,3,1,0,0,4,0,0
0,0,3,0,2,0,12,2,0,0,6,1,0,0,0,0,0,0,0,0,0,0,0,3,10,0,0,0,0,0,4,0
0,0,0,2,0,0,17,1,0,1,9,0,3,0,1,0,0,6,0,8,0,0,2,0,2,0,2,0,0,0,6,0
5,8,14,2,0,0,0,0,0,0,11,0,0,3,0,4,0,0,10,0,8,0,7,0,0,0,0,0,1,0,0,0
0,0,0,0,1,6,0,0,0,9,0,0,0,16,2,1,1,0,0,11,0,1,1,0,0,1,0,0,1,2,7,0
0,0,7,0,0,3,1,10,5,1,0,13,1,3,0,12,0,0,0,0,1,0,7,0,0,5,5,0,4,14,0,0
1,0,0,4,0,0,0,0,0,0,0,1,7,0,0,0,0,0,0,1,0,0,0,4,0,9,4,0,0,0,4,0
0,0,0,9,20,2,6,0,3,0,3,5,0,0,14,5,0,0,0,0,5,5,3,3,1,9,0,0,0,0,0,0
0,0,0,0,0,13,0,8,0,0,9,0,6,0,4,0,0,0,0,4,0,0,0,0,0,10,3,2,0,6,0,10
0,0,0,0,0,0,0,8,0,2,2,0,9,0,0,5,0,1,0,5,0,3,0,2,10,1,0,14,8,3,11,0
2,0,15,8,0,0,0,0,6,2,0,0,0,0,3,13,0,4,0,1,1,2,1,0,1,7,0,0,0,0,0,0
0,0,3,4,0,3,0,5,0,0,0,0,0,0,0,8,2,0,0,0,0,0,0,0,0,0,0,3,0,0,0,24
0,0,1,18,14,0,1,1,0,9,3,2,3,0,0,4,0,0,3,0,1,0,4,0,0,12,6,0,0,0,0,16
0,5,1,3,0,0,6,0,14,0,3,2,8,0,2,6,0,0,0,0,7,0,0,0,0,2,5,1,0,0,0,0
0,0,0,5,14,10,0,0,10,0,4,4,0,0,0,3,0,0,29,5,0,1,0,13,8,0,0,3,0,0,3,18
0,4,0,0,11,1,1,14,0,0,0,16,5,0,0,0,0,0,8,0,0,7,0,0,4,0,1,6,7,0,0,0
0,4,2,4,9,0,0,0,0,5,0,0,0,10,2,0,5,0,6,5,0,0,0,0,0,0,0,3,10,2,1,0
0,0,8,0,13,0,0,0,0,0,0,2,0,5,0,2,0,0,0,4,7,0,5,0,0,0,0,0,16,9,5,0
2,0,16,0,25,0,2,0,3,0,0,0,10,0,6,2,0,1,0,10,0,2,3,0,5,0,0,1,10,0,3,19
6,0,0,4,0,6,0,1,0,0,10,0,0,0,0,2,2,2,0,0,0,0,0,0,0,0,0,8,0,0,0,0
0,1,4,2,0,0,0,5,0,0,2,0,4,1,2,0,0,9,4,0,0,0,0,0,0,5,6,0,0,1,0,10
12,0,3,5,0,0,0,0,0,0,10,0,3,1,0,10,2,0,0,5,3,4,7,0,0,0,0,0,0,0,9,26
2,5,0,3,1,0,4,0,6,0,2,0,0,0,0,7,0,0,4,0,1,5,6,0,0,0,0,0,0,21,3,0
0,2,5,8,0,0,0,19,0,0,0,0,0,0,1,0,0,0,0,3,0,8,2,0,0,9,9,6,14,0,0,0
2,0,0,19,0,0,5,12,15,7,0,0,8,5,0,0,0,1,0,0,0,8,7,0,0,0,7,11,6,0,0,0
0,3,0,0,0,26,5,0,0,9,8,0,2,9,10,0,0,0,0,8,0,0,4,5,2,0,7,0,5,0,0,0
0,4,0,0,0,4,1,0,0,1,0,12,3,0,0,0,12,4,4,0,3,2,2,0,5,0,19,18,0,0,0,2
0,0,6,0,16,20,14,0,5,2,0,4,2,6,0,4,6,7,0,0,0,0,0,11,0,0,0,10,0,0,2,10
0,0,0,3,14,2,0,10,8,2,0,7,0,0,0,0,3,0,6,9,0,2,1,0,2,0,0,0,0,1,11,4
0,0,15,4,0,0,3,4,0,0,5,0,3,0,5,0,7,0,5,0,0,0,5,4,0,0,4,6,0,12,1,3
0,0,0,0,1,0,10,13,8,0,0,3,0,0,0,7,7,0,0,0,3,0,0,2,0,0,0,0,2,3,0,15
7,0,0,0,0,8,0,4,0,0,0,0,0,0,7,5,0,0,0,10,0,0,5,0,0,4,0,1,0,2,3,13
0,10,10,0,0,2,0,4,0,6,0,5,1,9,1,3,0,6,0,6,0,0,0,3,0,0,4,0,6,0,3,0
0,0,0,0,0,0,0,11,4,12,9,0,7,2,0,17,5,0,0,0,0,0,5,0,0,0,6,2,4,2,14,0
0,0,1,0,0,0,0,3,0,12,0,0,0,3,0,0,2,0,0,1,16,0,0,0,0,1,0,0,18,0,0,0
0,9,6,0,0,0,0,2,0,0,0,1,0,0,0,4,0,0,6,0,0,0,0,0,0,1,0,0,0,1,6,0
1,1,0,0,0,6,0,1,0,3,0,0,4,11,1,0,0,6,0,4,0,0,12,0,0,0,2,0,2,0,0,1
0,1,10,2,0,17,8,5,1,9,0,0,0,0,4,0,0,4,8,0,0,0,5,1,0,3,2,16,4,0,0,12
11,8,0,0,0,0,9,25,0,3,16,0,5,0,2,0,0,0,0,9,0,6,5,0,0,1,0,1,6,0,0,11
11,6,0,0,10,6,0,2,6,0,0,0,0,0,0,5,3,3,3,5,3,0,2,0,0,2,7,0,1,7,0,20
3,1,0,0,13,0,20,0,3,8,0,1,3,0,0,2,0,0,0,0,2,0,0,0,0,6,0,0,9,6,0,1
0,0,4,0,11,4,0,0,0,1,0,10,6,6,0,0,4,5,13,0,0,10,0,4,0,0,0,0,3,0,0,2
0,0,3,1,14,10,11,0,0,9,6,0,11,0,0,9,0,0,0,0,8,0,11,1,1,0,0,9,0,0,0,0
10,0,4,5,10,0,0,0,0,3,0,8,0,0,0,1,0,8,0,0,0,0,0,2,0,0,5,0,1,2,0,3
0,5,0,7,9,3,7,21,1,0,0,0,0,4,0,0,0,10,7,3,0,0,3,0,0,0,0,0,0,0,16,0
0,0,28,0,8,0,0,2,4,0,19,0,0,3,6,0,0,0,0,0,2,0,3,0,0,0,0,3,20,0,0,2
9,1,5,0,3,3,0,0,13,0,12,0,8,6,2,0,8,1,32,9,3,9,5,0,0,4,9,0,2,7,4,0
19,10,8,0,0,0,9,4,12,0,3,4,4,6,0,4,12,0,9,11,13,6,8,0,2,5,10,3,0,0,0,0
0,0,6,0,0,0,0,0,3,6,0,3,10,0,0,0,1,0,5,1,0,0,7,0,3,2,0,1,6,0,13,0
0,3,1,3,11,4,1,0,12,0,0,14,0,0,0,2,0,1,0,0,5,0,0,5,5,9,0,0,0,8,6,12
7,11,0,20,0,0,13,0,8,0,4,0,2,0,0,0,0,0,0,6,0,0,0,0,0,9,0,0,0,0,0,3
0,0,0,0,0,23,0,0,3,7,2,0,11,0,0,0,0,3,0,0,0,0,0,0,4,0,0,0,14,9,0,0
0,0,0,0,14,0,6,8,2,2,0,0,0,0,0,12,7,0,0,9,0,8,0,0,7,0,0,17,1,2,0,0
4,0,7,11,0,0,9,5,0,0,0,0,0,12,0,0,0,0,0,0,7,7,0,0,0,4,0,5,16,2,0,7
14,10,1,2,18,5,0,2,0,0,1,0,0,29,0,0,5,0,7,15,0,0,0,0,4,0,13,0,7,0,5,0
3,0,0,13,0,13,7,0,10,16,2,0,0,16,0,0,9,15,0,0,0,0,0,7,4,12,1,0,17,8,0,0
0,13,10,0,14,0,0,6,3,0,0,0,7,32,0,0,0,6,0,0,0,0,3,5,0,8,0,20,3,2,19,18
3,14,16,0,0,0,15,0,0,0,0,0,0,0,0,0,0,0,0,0,14,0,0,6,0,10,0,0,0,0,4,0
15,8,7,0,9,0,0,0,23,11,9,0,8,59,20,18,6,1,2,9,0,0,6,0,0,0,0,0,0,0,0,0
0,0,23,0,3,0,0,0,0,0,9,7,51,10,0,0,0,0,0,4,27,0,23,0,10,14,2,0,12,0,0,6
0,0,13,0,0,12,0,0,0,0,0,2,49,243,52,0,9,1,8,1,0,0,4,8,0,17,0,0,0,2,0,12
0,0,11,12,34,2,0,0,16,0,0,0,71,58,0,9,0,0,5,0,0,0,2,0,2,29,0,12,2,0,0,0
0,18,37,0,32,15,0,10,14,0,0,9,0,0,39,21,34,3,16,3,0,32,11,1,0,11,0,0,0,6,0,0
0,0,0,17,0,0,17,0,0,13,45,0,0,1,17,7,11,27,0,36,21,0,0,7,0,12,0,11,29,2,27,0
46,0,63,0,39,15,58,0,9,20,0,34,0,7,4,0,4,0,24,0,14,3,7,0,5,0,1,3,0,23,0,8
10,0,22,7,0,0,4,8,0,34,0,0,0,3,53,0,0,0,0,0,25,0,0,8,0,0,0,0,4,28,0,59
17,24,20,0,0,40,0,13,0,0,0,0,0,0,0,4,24,16,5,0,0,42,0,29,0,27,2,0,22,31,0,0
8,4,0,0,71,44,50,0,0,27,0,27,0,11,28,0,0,0,2,0,0,10,7,13,3,0,35,3,11,0,55,32
0,0,54,0,0,0,46,0,6,0,0,82,20,0,0,29,41,0,15,55,0,11,0,7,0,38,110,0,0,0,17,44
7,6,6,19,0,0,0,16,7,17,21,19,0,0,0,2,0,0,0,0,0,0,7,2,4,122,0,17,19,48,0,0
0,0,49,13,44,12,0,0,7,0,0,0,0,0,0,0,5,27,0,61,0,0,12,0,0,246,47,0,0,16,5,15
2,0,0,8,8,56,84,25,0,0,30,9,0,20,4,0,2,0,0,19,0,0,7,29,17,110,0,3,0,0,0,13
0,12,23,28,48,7,27,0,9,2,5,0,0,31,0,17,0,247,0,10,0,21,0,13,229,33,0,30,20,41,1,76
0,0,0,2,0,0,0,0,11,0,0,32,0,0,0,0,8,150,59,9,0,0,0,88,74,28,10,7,0,0,24,0
0,12,0,5,8,4,0,34,0,10,0,9,0,0,0,0,0,99,0,0,0,44,0,128,189,0,7,0,3,0,0,0
5,0,0,0,0,0,35,0,0,0,28,14,3,1,34,9,0,2,9,1,0,0,4,218,63,22,0,4,0,0,0,0
24,0,0,0,0,0,0,0,0,0,0,32,0,1,4,49,44,63,10,0,0,50,8,185,0,18,3,0,5,0,0,41
18,0,0,25,0,0,5,6,4,31,41,13,0,0,0,31,52,188,0,36,5,15,153,88,5,11,103,0,0,0,10,0
0,12,0,0,0,0,19,0,28,1,25,0,41,29,11,0,0,0,28,0,0,59,0,0,2,90,157,0,13,0,0,0
0,0,29,1,9,0,19,0,124,221,16,17,4,0,5,0,16,0,0,0,0,0,5,12,4,186,180,11,0,0,0,0
10,7,4,17,0,1,0,12,214,143,86,29,0,0,9,0,3,0,0,7,0,29,0,0,33,105,7,10,0,3,39,0
9,0,0,0,0,27,0,20,43,202,72,17,9,0,28,51,163,147,12,0,0,0,20,19,11,2,35,0,0,3,0,2
14,0,0,0,0,0,5,0,0,0,6,0,0,0,6,4,121,15,17,0,8,70,35,0,3,8,5,0,0,22,0,1
0,11,0,0,0,0,19,0,10,0,0,6,0,0,9,0,209,66,9,24,117,164,183,37,23,0,17,28,200,0,0,0
0,0,38,0,0,89,0,14,0,0,12,0,0,6,0,0,29,41,0,11,54,13,183,239,27,0,24,188,94,0,21,41
0,18,64,5,101,55,65,37,17,13,0,9,0,0,0,0,48,0,0,0,0,11,223,193,21,24,0,0,0,4,8,0
17,0,95,22,0,16,0,35,0,0,0,9,0,0,0,28,6,0,0,0,0,9,4,80,102,137,48,0,0,0,4,7
0,25,0,0,0,0,10,56,0,0,0,5,0,28,4,55,0,1,0,0,0,0,0,62,136,67,27,18,8,2,7,0
1,3,0,1,0,0,45,0,0,10,0,37,70,41,0,0,19,16,0,0,3,0,0,6,78,235,54,0,0,21,8,32
0,16,48,0,32,4,0,0,0,19,0,62,212,6,32,0,0,14,16,0,0,0,0,31,40,72,0,0,0,32,70,37
0,30,63,0,43,0,6,7,0,0,0,21,11,53,12,7,19,4,25,6,25,0,0,27,1,14,8,12,19,0,34,18
12,0,5,37,0,0,43,0,8,0,17,43,32,0,2,0,0,29,0,12,0,0,16,32,40,12,0,21,20,16,7,26
0,0,0,0,88,0,37,0,0,0,27,0,0,0,17,0,3,0,6,0,0,0,0,7,0,0,0,9,0,0,26,0
26,0,39,15,80,0,2,21,0,0,17,0,0,13,13,0,5,0,15,0,0,0,0,0,0,0,0,15,17,0,0,9
1,0,0,0,0,22,0,0,0,12,38,5,0,18,9,0,43,7,46,0,20,12,1,0,0,0,0,13,0,8,49,20
0,15,0,33,12,39,57,0,0,0,61,14,0,1,0,10,0,0,0,1,0,3,9,38,18,0,0,19,0,0,0,0
0,0,0,59,0,7,22,0,22,0,16,3,5,12,2,0,0,0,12,0,29,26,45,0,1,16,0,0,0,39,19,0
0,16,47,0,0,61,0,0,0,34,0,16,0,0,0,21,46,0,12,100,0,1,0,14,0,28,7,17,20,20,28,24
