0,0,29,0,64,0,39,0,0,0,9,10,25,0,0,2,53,23,0,4,16,0,0,0,0,2,0,27,0,0,0,45
8,18,40,0,10,48,0,1,14,0,0,21,14,12,15,10,0,0,35,0,0,19,23,6,0,3,4,1,0,42,22,0
9,0,0,16,0,0,45,19,16,0,0,0,9,0,0,0,0,0,0,0,0,0,0,7,0,62,151,0,0,15,0,0
0,0,16,0,0,20,0,34,0,0,41,0,5,0,17,16,17,6,0,0,0,0,0,19,2,153,0,3,0,0,0,7
16,3,24,19,0,0,0,0,0,0,2,0,0,6,0,12,3,0,0,0,4,6,0,0,24,166,2,0,0,3,0,0
24,27,0,56,10,0,0,42,6,0,49,0,2,11,12,0,34,30,0,8,10,32,9,8,0,87,1,0,0,0,0,17
27,0,36,20,0,0,24,27,4,0,0,0,0,7,0,0,0,220,14,36,38,0,18,0,66,19,0,8,0,0,0,0
6,2,7,5,11,0,0,40,10,0,18,0,18,13,5,0,0,93,1,0,0,0,0,0,131,6,16,3,35,0,3,0
0,10,0,0,44,0,9,0,28,0,31,13,8,3,0,0,22,9,0,0,0,15,0,85,34,24,0,0,0,0,26,9
0,0,17,0,0,53,0,0,0,0,0,31,16,0,0,11,0,85,0,0,0,9,31,72,0,17,0,28,10,0,0,5
0,0,0,32,77,20,0,0,0,22,0,0,7,20,0,0,5,81,0,0,0,0,83,5,22,0,31,0,16,18,0,0
5,0,34,62,79,0,0,7,9,26,0,26,0,7,23,0,47,66,45,8,11,48,17,0,6,0,79,0,0,12,0,43
0,30,18,37,14,18,0,0,0,0,26,0,0,19,0,0,0,0,58,0,1,0,0,0,13,139,187,25,0,0,15,51
0,0,8,0,0,40,0,0,16,0,0,9,14,5,0,0,5,23,0,0,19,0,0,0,0,65,88,0,22,25,0,1
20,32,27,0,0,0,0,0,16,39,0,7,23,0,0,5,32,2,17,31,61,9,12,0,11,13,19,25,0,7,35,0
15,0,0,33,0,11,0,7,0,30,16,0,25,10,0,24,10,46,12,0,9,2,0,0,0,7,8,0,0,0,0,0
0,0,0,21,0,8,1,0,6,0,10,0,0,27,19,42,15,6,0,0,0,7,0,13,1,5,0,16,0,0,18,0
29,3,42,19,39,38,0,0,0,12,5,9,15,0,26,0,0,11,21,0,0,27,27,10,0,0,2,0,0,6,0,0
0,0,12,0,59,33,15,61,13,7,0,0,2,0,0,25,0,0,0,10,0,51,21,2,33,19,2,3,0,0,0,16
29,9,24,0,13,0,7,0,2,1,8,0,2,0,0,0,4,0,0,0,0,0,87,0,3,11,0,27,20,0,0,0
0,19,36,0,0,26,55,0,0,0,11,0,16,25,0,0,0,55,21,0,1,0,23,0,35,12,18,3,19,4,0,16
0,11,0,0,18,16,0,26,39,0,0,3,19,8,0,16,7,19,0,0,0,0,18,14,10,0,26,0,8,23,12,0
16,0,19,0,27,0,0,0,0,21,0,0,6,45,11,0,0,12,0,3,1,14,0,0,27,0,32,20,2,18,12,0
15,4,0,12,0,0,34,0,0,0,0,14,69,34,0,0,0,0,0,0,0,0,0,0,21,13,3,0,0,0,9,21
0,5,0,0,14,0,0,1,0,0,0,19,0,46,0,0,2,0,5,0,15,3,0,0,6,2,0,2,0,9,0,14
5,0,28,58,34,0,9,18,1,17,0,23,51,1,1,5,0,0,7,0,0,0,2,33,1,0,0,23,0,18,0,0
0,9,0,0,6,0,0,0,4,21,0,3,7,0,11,0,6,0,6,3,4,0,0,0,0,24,0,15,5,0,0,0
14,0,12,15,88,0,24,0,11,0,12,0,0,0,0,0,2,11,3,0,0,0,0,0,0,0,0,17,0,3,0,3
0,2,0,3,0,6,1,4,0,2,32,2,0,16,1,9,0,0,0,0,8,0,0,0,2,0,0,3,12,0,2,9
15,0,0,0,0,0,0,0,1,3,0,1,7,0,0,0,0,0,4,5,0,0,10,0,17,0,22,2,0,4,0,0
21,5,0,5,0,0,0,14,0,0,9,0,0,10,7,0,0,6,11,0,0,8,13,10,0,10,0,2,13,13,0,0
22,7,11,2,0,0,6,0,12,0,0,5,0,0,1,2,2,0,1,0,7,13,16,6,8,11,0,1,4,0,0,1
17,1,0,0,12,2,0,0,0,0,0,0,0,0,0,5,1,0,0,0,0,0,4,0,0,1,1,1,5,0,6,7
0,0,8,0,25,2,0,4,0,2,0,0,3,8,0,0,0,0,0,11,0,5,0,0,8,10,2,5,2,0,6,7
17,0,0,0,8,4,4,2,0,5,0,2,0,0,0,0,1,5,0,0,1,2,0,0,8,0,8,6,0,0,7,0
0,0,0,4,0,0,0,12,0,0,0,0,10,0,5,13,3,16,0,0,0,2,6,0,1,4,3,13,0,0,0,0
13,0,17,7,0,0,4,3,0,1,0,0,3,4,6,1,11,0,15,9,2,0,0,1,0,0,1,6,0,0,7,0
0,9,0,0,0,8,0,1,1,3,1,6,8,2,2,0,2,0,0,0,0,3,3,10,0,4,6,0,0,0,0,9
1,10,12,13,0,4,0,16,0,6,3,2,0,13,2,1,6,3,4,2,0,0,0,0,17,0,0,2,0,12,0,0
6,0,5,7,0,13,0,9,3,1,16,15,10,0,5,0,0,2,0,0,0,0,1,10,0,3,14,0,0,0,0,4
3,0,1,0,15,0,0,8,6,0,8,3,10,8,0,8,10,0,7,6,8,3,0,2,2,0,0,0,2,2,0,0
2,0,0,8,6,2,0,0,13,0,0,0,3,16,3,1,0,4,0,4,0,7,7,1,0,1,0,4,5,0,0,0
16,0,0,0,0,7,0,0,0,0,1,10,1,9,0,0,1,0,4,0,0,0,0,0,3,0,4,4,7,4,0,8
0,6,7,15,7,0,3,15,7,0,2,0,0,0,1,0,0,4,0,0,0,4,0,6,3,0,0,0,0,0,0,8
2,0,14,0,16,0,0,8,10,0,0,4,0,4,0,0,0,0,44,0,0,6,0,0,0,0,0,0,0,1,9,5
0,8,0,0,0,0,6,0,0,0,1,0,0,0,1,4,1,3,13,0,0,0,1,0,0,0,0,4,0,6,0,0
19,0,14,0,0,8,0,0,2,7,0,0,1,0,0,0,0,0,5,0,9,6,4,0,0,0,1,0,0,4,0,7
0,0,0,2,4,0,0,0,8,0,0,0,0,0,0,9,13,0,0,0,4,0,0,1,6,3,0,0,0,0,12,13
0,0,0,1,3,9,5,7,0,3,8,1,3,0,0,0,7,0,2,10,2,0,19,0,2,5,1,10,0,1,0,0
11,0,0,2,0,2,0,0,0,0,0,0,2,4,0,8,0,0,2,2,0,0,0,0,0,6,2,7,0,3,0,0
19,0,0,0,11,19,0,6,3,8,0,0,0,0,8,8,0,0,7,1,0,0,3,0,0,3,0,0,0,0,0,0
0,5,17,0,8,2,0,0,0,1,0,0,0,0,4,3,11,5,2,0,1,0,11,16,23,35,2,0,2,2,0,0
9,14,0,0,0,12,0,0,0,0,9,10,4,7,3,11,0,0,6,0,8,0,0,3,3,11,0,0,2,8,22,0
32,1,0,0,2,0,0,0,6,2,8,0,2,2,9,1,2,0,4,1,6,1,0,1,39,0,1,1,2,4,0,0
19,0,3,10,4,0,0,2,12,7,16,0,7,30,0,7,0,4,4,0,1,3,0,0,46,17,0,0,0,10,0,8
5,0,0,9,0,12,0,25,0,3,8,5,57,41,4,0,0,5,1,8,0,0,4,8,13,3,0,0,0,0,4,0
0,0,0,0,6,0,0,9,0,0,0,1,0,30,0,0,0,0,0,0,7,2,0,0,8,0,0,9,4,0,12,0
10,0,4,0,10,0,5,0,0,0,0,8,3,4,0,5,0,3,0,5,0,0,0,0,0,0,14,0,5,0,4,10
7,0,0,12,0,0,11,9,0,0,8,1,0,4,0,8,12,3,0,0,0,0,5,0,0,4,0,11,4,11,9,0
0,0,0,20,0,0,0,0,6,0,0,0,3,0,0,2,0,0,0,8,0,0,0,0,0,0,0,0,0,0,9,0
5,0,0,9,0,0,9,2,4,1,0,0,10,2,1,0,0,6,0,0,0,2,1,0,0,0,0,0,0,6,2,0
0,4,0,0,0,9,0,4,0,4,0,0,1,0,0,0,0,0,0,0,0,0,0,0,0,2,0,0,13,0,0,1
4,4,5,14,14,0,0,0,0,3,0,0,3,1,1,9,0,1,0,0,0,0,0,4,4,0,0,0,1,0,0,0
0,0,0,0,0,0,0,0,0,0,0,12,0,0,0,0,6,3,0,4,4,0,0,0,0,0,0,7,0,3,0,26
0,0,10,0,24,9,7,0,0,10,0,0,0,1,0,0,0,0,0,1,0,0,0,0,0,3,3,0,0,0,0,6
0,0,1,0,5,0,0,0,0,0,0,0,0,0,0,7,0,0,4,3,0,0,5,0,2,0,18,0,0,0,6,0
0,2,0,1,0,1,0,7,1,5,5,5,0,0,0,0,0,0,1,1,3,6,9,5,0,4,0,0,12,0,6,7
1,0,1,0,0,0,0,0,8,1,2,0,0,0,0,0,0,7,7,7,0,0,0,0,0,0,0,0,7,0,7,0
0,0,0,4,0,0,0,0,0,0,0,0,3,0,0,0,0,0,4,0,0,10,5,0,2,0,0,5,0,2,6,0
1,6,1,5,0,16,2,0,0,0,6,0,0,0,1,2,0,1,1,0,6,0,2,0,1,0,0,2,1,0,0,1
5,0,9,0,5,0,0,0,5,0,0,0,0,0,0,0,0,1,0,3,1,0,0,9,0,0,0,1,0,0,3,0
0,8,0,0,0,2,6,0,4,0,9,2,2,1,0,9,2,0,6,2,0,0,0,6,0,0,0,0,5,5,0,0
2,5,2,0,0,4,4,0,0,3,0,0,0,12,0,0,9,0,10,18,0,0,0,0,3,0,8,0,3,6,3,0
0,5,4,1,0,0,0,2,0,4,0,7,1,2,0,0,1,0,0,2,0,3,4,10,0,0,2,8,14,0,0,1
3,3,9,1,0,1,0,11,0,3,0,2,2,0,0,0,3,4,1,0,1,0,0,0,0,0,2,0,0,0,0,7
0,0,1,0,23,7,0,3,0,0,0,15,7,0,0,4,3,0,0,3,5,0,15,8,0,0,4,0,0,0,2,2
4,0,8,0,3,7,0,5,0,4,11,3,3,2,8,0,11,2,41,5,0,0,2,0,2,0,1,0,0,2,0,2
0,11,0,17,15,0,0,0,0,0,5,0,0,0,0,3,0,0,1,0,6,3,0,0,0,0,0,0,0,4,1,0
2,0,3,0,0,9,0,13,0,0,0,0,0,8,0,0,0,0,16,5,0,7,0,0,1,0,0,3,0,0,0,0
2,0,0,0,0,25,3,0,0,0,4,2,0,5,1,0,0,6,0,0,0,0,8,0,0,0,5,0,0,0,0,0
0,0,0,0,0,0,0,2,0,0,2,0,4,0,1,0,2,0,0,1,1,2,1,0,0,4,0,0,0,9,0,0
2,0,0,11,0,0,6,0,9,2,5,0,5,0,3,1,6,2,0,9,0,0,0,0,0,0,4,0,1,3,2,4
0,0,0,0,30,1,0,11,11,0,4,2,0,0,0,2,0,3,1,1,3,1,3,0,4,0,0,0,0,0,5,23
0,13,6,6,0,0,0,8,0,0,0,0,2,0,0,0,10,4,0,0,5,0,0,0,0,22,10,3,0,0,2,12
6,10,0,0,0,0,0,0,0,0,0,3,0,8,2,0,5,6,5,0,2,0,1,10,0,1,6,8,5,0,0,0
0,0,0,12,7,0,5,0,6,1,7,0,1,4,9,0,0,0,0,10,0,0,0,0,41,8,0,5,0,0,0,9
0,0,0,7,4,1,0,16,0,3,0,0,0,0,1,0,1,0,0,3,0,2,0,3,6,5,0,0,0,3,8,0
0,5,0,0,0,0,0,0,9,0,6,1,84,10,6,0,0,0,1,0,0,0,5,0,1,2,6,3,0,0,0,10
0,1,9,0,3,0,0,0,0,4,0,0,0,6,0,6,0,0,1,6,1,0,6,0,0,0,0,0,4,5,9,0
0,0,1,2,0,0,25,0,6,1,0,2,2,3,3,0,5,0,0,0,0,0,0,0,0,0,0,6,0,0,0,0
0,0,4,3,18,6,0,0,0,2,6,0,0,3,0,4,4,0,0,14,2,0,5,4,1,0,6,0,5,0,0,0
0,1,0,0,9,12,0,0,0,2,11,0,0,0,1,0,0,0,7,0,0,0,1,9,0,0,3,0,9,0,17,23
4,0,0,1,4,0,0,7,0,0,7,4,5,0,2,11,0,0,0,0,0,0,14,0,2,0,3,1,0,13,0,0
0,2,3,3,5,0,0,0,12,6,13,0,0,1,0,7,0,0,0,5,0,0,3,0,5,5,3,0,0,0,0,0
0,7,0,8,11,0,13,6,6,1,0,1,1,0,1,2,0,0,0,0,0,5,0,1,0,0,0,0,1,2,10,2
0,4,0,5,1,6,0,7,2,2,0,9,9,1,0,0,1,0,3,12,1,0,1,0,2,1,0,0,0,1,0,3
0,0,1,3,0,0,6,0,3,0,0,19,0,0,7,0,2,11,0,12,3,0,2,0,2,0,0,0,0,5,4,5
1,3,0,0,6,0,16,4,0,0,12,0,0,0,0,0,1,0,0,0,6,5,8,4,2,8,0,0,0,0,0,0
0,4,0,3,1,0,0,0,1,10,0,3,6,0,0,0,9,1,0,12,6,0,0,4,0,0,0,0,3,0,0,0
0,0,7,0,5,0,0,0,0,0,0,0,0,0,0,0,3,0,3,0,3,0,0,2,0,0,0,0,0,0,0,2
0,1,0,0,0,0,0,1,0,0,0,0,3,0,0,4,2,0,2,1,2,3,2,0,0,0,17,7,2,0,0,0
4,5,2,0,12,0,2,5,0,0,0,4,0,2,0,4,6,5,2,0,0,0,1,0,0,1,0,0,0,0,2,14
2,9,3,8,13,2,8,0,7,0,5,0,0,4,0,2,0,0,0,12,11,0,0,4,8,0,0,3,14,8,2,15
2,0,0,0,0,18,0,8,10,0,0,8,5,0,0,8,0,0,2,0,0,0,7,3,0,0,0,1,7,0,6,0
6,0,0,0,0,7,0,6,0,0,0,1,0,0,0,3,0,0,6,2,1,0,3,0,0,8,0,0,3,0,0,7
0,0,0,1,4,0,4,8,1,1,10,1,0,6,0,0,0,0,0,0,0,1,4,6,1,5,6,2,0,11,0,0
0,0,0,5,22,7,0,4,3,0,0,0,0,0,0,0,5,1,0,0,0,1,0,0,4,4,0,0,0,2,0,0
0,0,2,2,0,0,0,8,0,0,1,8,6,4,1,0,9,5,0,2,0,10,17,0,0,7,0,0,0,0,0,3
0,0,0,7,0,0,3,0,4,1,3,5,0,11,2,0,1,0,49,9,1,5,2,0,0,0,0,3,0,2,0,7
3,0,4,0,17,0,3,1,0,0,6,0,1,0,0,0,2,0,0,0,1,7,0,0,0,0,0,0,0,0,2,0
0,0,6,0,0,0,0,0,0,0,0,2,2,0,0,5,2,0,2,8,13,0,0,10,9,0,6,1,0,0,0,0
0,1,0,6,0,0,7,8,7,0,0,5,5,0,3,0,0,6,0,1,0,0,3,5,4,0,6,0,0,0,0,5
0,0,11,0,16,0,0,8,0,0,0,0,2,0,2,0,4,0,0,0,0,0,0,0,1,1,0,2,2,3,0,1
0,10,0,0,10,0,19,0,0,0,5,0,0,0,0,0,8,0,0,0,1,1,0,0,0,0,0,0,1,8,5,13
0,2,0,0,0,4,0,4,2,0,9,9,4,4,0,0,0,3,0,2,1,0,0,0,0,2,0,0,2,1,10,0
28,0,0,11,20,0,0,0,0,0,0,0,0,8,0,5,7,0,0,0,2,0,0,2,0,11,1,0,0,7,0,0
6,16,6,0,0,3,8,0,8,0,3,3,0,0,4,0,1,0,3,0,11,0,5,0,1,10,13,0,0,0,0,3
7,0,7,1,0,0,12,0,0,0,0,0,0,2,0,0,0,0,0,0,0,0,0,1,20,4,3,3,0,1,0,1
3,0,0,0,5,0,4,0,5,4,0,0,6,13,0,2,1,0,0,1,0,0,0,0,19,0,0,0,0,0,12,2
0,5,0,0,0,8,5,7,0,0,0,6,60,12,0,2,0,2,0,0,0,3,6,0,7,1,2,9,6,0,9,11
0,0,0,0,3,0,0,0,0,0,0,0,0,2,0,5,0,0,0,2,0,0,0,0,0,7,0,14,0,7,0,0
3,9,0,0,0,0,9,1,0,0,5,0,0,0,0,0,0,0,0,0,0,3,0,1,6,1,0,0,0,0,0,18
0,0,6,2,12,0,0,0,0,5,0,0,0,0,0,5,4,0,0,0,0,0,0,4,0,10,0,0,2,0,0,0
0,14,14,0,7,0,10,7,2,0,0,3,0,6,0,0,1,9,0,6,0,0,7,3,4,1,5,14,8,0,0,1
0,7,1,0,2,3,7,0,0,6,0,0,0,4,2,4,4,0,0,5,0,0,0,0,0,10,0,0,0,6,0,0
0,0,6,1,4,1,0,1,0,0,1,4,0,0,0,0,0,1,4,1,1,2,0,1,0,0,0,3,0,3,0,0
5,0,0,0,3,6,4,0,0,8,0,3,0,0,0,2,0,0,0,0,0,3,0,4,3,5,3,2,0,0,0,0
7,1,0,5,7,0,0,0,8,5,0,13,1,0,0,0,3,0,6,0,4,0,2,0,3,17,5,1,0,0,0,5
0,6,6,4,0,0,0,8,0,0,0,4,4,7,1,0,0,0,0,3,0,1,0,0,3,2,0,0,0,1,18,12
0,0,0,0,1,12,0,0,4,0,0,4,1,1,5,0,0,5,1,0,0,0,0,2,0,0,0,0,1,6,0,0
0,1,0,4,0,6,8,0,4,0,0,6,0,10,0,0,0,7,0,9,0,1,0,0,0,0,7,0,0,0,0,1
0,4,4,0,0,0,0,0,4,0,12,5,0,0,0,0,9,1,1,0,0,0,0,0,0,4,4,0,0,6,2,7
7,2,0,0,3,12,0,8,9,0,12,0,0,3,0,0,0,0,0,0,0,0,3,2,0,0,0,0,2,0,0,0
0,0,5,0,2,13,0,0,0,0,7,0,12,0,2,0,5,0,4,0,0,2,0,5,0,0,0,7,0,17,0,12
13,0,8,0,4,8,11,0,0,0,8,3,0,0,0,7,0,2,0,0,0,6,0,0,0,0,0,0,4,5,0,2
0,4,3,0,0,8,27,5,3,0,0,0,0,1,0,0,3,0,0,0,4,0,1,1,4,0,0,0,0,4,0,5
0,4,3,4,0,0,0,7,6,8,5,2,0,0,0,0,2,0,0,2,0,0,10,3,1,0,0,0,0,0,0,16
7,0,10,8,0,0,5,11,3,0,0,9,0,0,0,1,0,0,1,2,0,7,1,0,5,0,0,11,0,0,0,0
11,7,0,0,0,0,1,0,0,2,0,0,0,0,15,0,7,0,6,2,1,0,0,0,0,0,0,0,3,0,5,0
0,0,0,8,4,9,5,2,0,3,0,8,0,0,4,0,0,0,0,6,0,2,2,3,3,0,0,0,10,0,0,0
4,0,0,2,0,2,4,3,9,5,9,0,5,3,0,6,0,2,59,9,1,5,3,0,4,1,5,0,6,8,0,0
1,2,6,13,15,0,5,8,9,0,0,3,0,0,3,0,0,0,10,0,0,2,11,4,0,0,0,0,0,0,0,4
0,0,0,0,0,0,7,6,0,1,12,10,2,0,0,3,2,3,3,3,0,1,8,0,4,5,0,3,0,0,1,3
0,15,1,0,0,2,0,3,0,0,1,4,0,0,0,0,8,0,0,0,0,0,1,5,0,1,3,0,0,0,0,0
0,0,2,0,0,2,0,3,0,11,16,0,13,0,0,0,0,0,0,0,0,0,0,3,5,0,3,0,0,0,0,9
4,0,0,0,0,10,0,2,0,0,0,13,0,0,4,0,4,2,0,2,0,0,0,3,2,0,11,4,2,3,4,0
0,0,0,0,3,0,3,0,0,6,3,0,0,0,0,8,0,0,0,0,6,0,3,0,0,0,0,0,0,2,1,0
0,0,0,0,4,0,1,0,0,0,0,0,0,2,6,0,2,0,0,0,0,0,0,0,5,13,2,8,0,15,3,1
3,0,0,2,0,0,3,7,3,0,1,1,0,0,0,0,6,5,0,0,0,0,0,4,0,6,6,1,0,2,0,0
2,0,0,0,0,2,0,1,3,4,0,0,0,2,1,0,0,0,0,0,0,0,6,2,29,0,0,0,0,0,0,0
7,0,3,0,3,0,0,7,0,7,0,0,0,6,1,0,1,0,0,6,1,2,0,0,0,2,0,0,0,6,0,0
4,0,0,0,0,0,0,0,0,0,0,5,60,12,0,0,0,0,0,0,0,2,0,0,1,0,0,0,0,0,0,0
0,0,9,6,0,0,0,0,0,5,2,0,0,2,0,0,4,0,0,0,0,1,0,0,0,6,9,4,1,3,0,0
0,0,0,0,11,0,2,0,2,0,1,0,0,1,0,0,6,3,5,0,0,0,0,0,0,0,0,0,0,0,11,2
2,0,1,0,0,0,11,2,0,0,13,8,6,0,0,3,0,0,0,0,0,0,5,6,0,5,0,0,0,0,4,11
6,0,0,0,0,0,0,4,0,1,0,0,0,0,0,1,1,0,0,0,0,2,2,2,0,0,0,0,0,0,0,4
0,1,4,1,0,0,0,0,0,2,2,10,0,0,3,0,0,0,0,0,0,0,0,4,0,3,9,1,0,9,0,8
2,0,3,2,7,0,0,4,2,0,6,1,0,1,0,0,0,0,0,3,0,0,0,5,0,0,0,3,2,0,0,11
0,0,0,0,10,1,0,3,3,0,0,7,0,0,2,2,0,0,1,0,0,1,4,0,3,2,0,0,1,4,4,7
0,7,2,0,0,8,0,6,0,5,0,0,9,5,5,9,7,0,7,3,0,8,8,0,0,0,2,0,0,1,8,0
0,0,0,0,0,2,0,0,0,3,0,0,0,0,0,0,0,0,0,8,0,1,0,0,0,0,0,0,0,0,0,1
5,0,0,0,5,0,0,3,0,0,3,2,6,0,1,1,0,0,2,5,0,0,0,2,3,5,0,1,4,0,0,0
0,0,3,0,0,0,0,0,0,6,0,4,0,2,0,0,0,0,4,3,1,1,1,0,0,5,6,0,0,1,0,0
11,0,0,0,9,0,0,5,18,0,0,0,0,1,1,1,0,0,0,0,0,0,10,0,0,2,0,8,4,0,9,7
0,4,15,0,7,2,0,0,2,0,0,0,4,4,4,0,0,4,0,3,0,0,6,2,0,0,0,2,3,0,0,13
0,10,0,4,0,0,4,0,0,0,4,2,5,0,1,0,0,0,0,0,0,1,6,0,0,5,2,2,0,4,6,6
0,0,0,0,3,0,0,0,0,0,0,0,4,0,0,2,0,0,0,0,0,0,6,0,2,0,0,0,0,7,9,13
0,0,0,0,2,0,2,8,0,0,7,0,5,0,6,8,2,1,2,0,0,0,5,4,1,0,0,0,0,7,0,0
1,0,0,4,0,0,0,1,0,1,5,0,3,0,7,1,0,3,1,0,0,0,1,3,0,0,2,0,0,2,0,0
0,0,0,2,0,2,0,10,14,5,0,2,12,0,2,3,0,0,3,0,5,0,0,0,0,5,0,0,0,0,0,3
9,1,5,0,0,0,0,0,0,0,7,0,0,4,0,0,4,7,0,0,0,0,1,1,4,6,3,0,0,3,3,0
6,8,0,10,0,0,12,0,0,0,6,0,2,6,2,13,2,0,6,0,0,0,0,0,0,8,0,0,1,0,0,1
0,0,0,3,0,0,6,7,0,0,0,3,2,0,0,9,0,0,55,0,0,2,5,0,2,0,0,0,0,0,0,0
1,1,2,0,0,0,9,0,0,4,0,3,5,6,0,9,1,1,9,4,0,0,0,0,0,1,4,0,2,0,0,0
0,8,5,0,0,0,10,0,0,0,2,0,0,0,1,0,0,0,4,0,0,0,0,0,1,0,3,0,0,1,0,0
4,0,2,8,5,0,1,0,0,0,8,0,0,2,0,0,4,0,0,1,5,0,0,0,0,5,8,0,0,0,0,1
0,1,2,0,11,0,7,0,0,2,0,1,0,0,2,1,0,0,0,0,0,0,0,5,0,0,4,0,0,4,0,0
0,0,0,0,0,0,0,1,4,0,7,1,4,0,2,0,4,1,1,0,3,1,4,0,0,0,0,2,0,0,0,0
0,1,6,0,0,5,0,0,0,2,5,0,0,5,4,0,0,0,0,0,0,0,2,0,0,0,1,1,0,7,0,2
0,0,0,0,17,0,0,0,1,6,0,4,2,0,0,4,0,0,0,0,5,7,2,0,10,4,2,0,8,5,0,3
4,6,0,4,0,6,0,5,0,4,0,2,0,7,2,0,0,2,0,0,0,0,0,0,0,0,0,0,3,0,16,33
0,0,0,4,0,0,0,9,0,0,0,0,0,2,0,2,1,1,4,0,0,0,0,0,24,0,0,0,0,0,1,0
0,11,6,8,0,0,0,7,4,0,7,0,0,0,1,0,13,0,0,0,0,0,3,2,0,0,0,0,0,5,0,0
0,1,0,0,17,0,0,0,0,1,0,3,1,0,0,1,9,0,0,4,0,0,5,3,0,9,1,0,3,0,1,10
0,3,0,11,13,12,9,0,4,0,12,3,0,0,0,0,0,0,1,0,2,0,7,0,5,0,4,0,0,0,0,0
1,0,5,0,0,7,7,2,11,0,0,0,0,0,0,0,0,0,0,0,2,0,0,1,0,5,0,7,0,0,0,0
0,0,2,0,8,0,0,10,0,0,0,0,0,0,4,9,0,0,6,14,0,3,0,8,1,0,0,0,1,0,10,0
3,0,2,1,0,0,2,0,14,2,0,2,0,0,0,0,0,0,0,0,2,0,9,3,0,9,2,0,0,0,0,0
0,0,11,5,8,0,0,6,2,6,9,0,4,5,2,0,1,5,0,0,1,0,0,0,2,4,7,0,5,2,3,7
0,0,0,7,0,0,0,2,0,1,0,6,0,0,0,0,0,3,1,0,0,2,3,0,3,0,1,6,0,0,4,17
4,0,2,7,0,2,0,0,7,1,13,1,1,0,0,10,10,0,0,0,4,8,11,0,5,0,0,0,1,0,3,0
0,0,0,2,7,0,1,10,0,3,0,2,0,0,0,0,0,0,5,8,3,0,0,0,0,0,0,1,13,0,0,0
0,0,0,0,0,0,5,4,0,0,0,6,0,0,2,9,0,0,5,2,1,1,4,0,10,0,0,0,0,0,16,0
0,2,0,0,0,7,0,0,0,0,1,0,0,12,0,0,9,5,0,0,0,1,7,0,0,0,2,4,4,0,0,11
0,6,2,0,0,2,4,0,4,0,0,0,10,0,10,0,0,0,0,6,2,0,1,2,2,0,2,1,7,0,0,0
0,4,0,19,0,0,0,0,0,0,6,5,6,0,0,0,0,0,0,0,1,0,11,0,4,2,2,0,5,0,0,5
0,2,3,0,0,0,0,0,0,7,0,0,0,0,0,0,0,0,0,0,0,0,0,0,1,5,2,0,0,5,1,0
2,2,0,0,0,0,0,0,0,3,0,0,7,4,3,0,0,0,6,4,1,0,0,0,0,0,4,2,2,0,1,6
1,0,8,0,0,0,0,0,0,1,12,0,0,1,0,0,0,0,0,1,0,0,3,3,0,1,0,0,0,5,5,7
0,0,0,0,0,7,0,0,2,0,5,0,0,5,0,2,3,0,0,0,0,3,0,0,0,1,0,1,0,0,0,0
6,3,0,7,0,0,1,16,0,8,0,0,1,2,0,0,0,0,0,0,0,0,1,0,0,0,0,0,0,18,0,4
0,0,0,4,0,1,0,3,7,1,0,1,2,7,0,0,7,1,4,7,0,1,0,1,0,4,7,0,0,0,6,0
1,0,0,7,0,0,2,0,0,0,0,3,7,0,9,0,10,0,1,0,0,2,2,0,1,6,0,2,8,0,6,0
0,1,3,0,3,0,2,0,3,0,7,0,1,0,0,0,0,1,0,0,0,0,0,0,1,0,6,0,0,0,3,9
0,0,0,0,0,0,0,6,3,0,0,4,5,2,0,5,0,1,59,3,0,0,0,7,0,0,0,3,0,0,4,5
0,8,0,4,0,5,0,7,0,5,0,0,0,4,3,2,0,0,3,0,0,5,0,0,0,1,0,0,1,6,7,17
0,0,4,0,0,0,0,8,13,0,5,0,0,5,0,2,1,6,0,3,0,0,0,0,2,0,4,0,0,4,0,0
1,0,0,1,0,0,15,0,0,0,0,1,0,0,0,0,0,0,0,0,0,0,3,0,9,2,0,0,0,3,4,0
0,0,5,0,8,0,1,0,6,1,8,0,1,4,0,3,0,6,4,1,0,0,0,1,1,0,0,1,5,7,0,0
5,0,0,7,10,0,0,0,0,0,0,0,0,0,2,0,6,0,1,0,11,3,5,0,4,2,1,0,7,8,0,0
0,1,0,1,6,11,3,0,0,0,0,7,0,0,0,4,0,4,1,0,5,1,6,0,4,0,0,10,6,0,0,0
0,0,0,6,0,0,23,3,0,3,9,5,0,0,0,0,0,3,0,2,0,0,0,0,0,4,6,0,3,4,0,14
2,0,6,0,0,0,0,0,0,4,1,0,5,4,0,0,6,2,0,1,0,0,6,0,0,3,0,0,0,6,9,0
0,0,7,0,0,7,2,12,0,0,0,7,1,10,4,0,1,0,4,0,3,0,0,0,39,2,0,0,0,0,0,0
0,8,0,0,0,0,0,19,7,0,4,4,5,0,0,0,0,4,0,0,0,1,0,0,14,2,4,0,0,0,0,5
0,5,0,3,0,0,0,2,0,0,0,0,5,9,5,0,0,2,8,4,1,0,0,2,4,1,4,0,4,0,6,0
0,0,4,13,0,0,2,0,0,2,8,0,3,0,4,0,3,0,0,0,0,0,4,0,0,0,10,0,0,0,1,13
0,2,0,0,0,0,1,7,14,0,2,0,9,0,0,0,0,0,3,4,0,2,6,3,2,0,6,0,0,2,12,10
3,0,14,8,5,8,6,0,3,10,0,0,6,11,0,0,0,0,7,0,3,0,5,0,3,2,0,0,0,6,1,0
4,0,0,0,0,0,0,0,0,0,2,7,7,0,0,6,0,0,0,0,1,1,2,0,0,0,0,0,0,5,0,0
2,4,7,0,0,2,8,7,0,0,0,0,0,0,8,2,0,7,0,0,3,0,0,0,10,0,0,0,5,1,0,0
1,3,0,0,15,0,0,3,0,0,10,0,0,0,4,2,4,0,0,0,4,0,4,0,1,0,0,8,0,0,0,0
5,0,1,0,4,4,0,0,8,0,0,2,6,2,1,0,5,0,0,8,3,0,0,0,1,0,2,12,0,0,0,0
2,2,2,0,1,0,0,2,5,0,0,8,1,0,3,0,0,5,0,0,0,2,6,0,0,5,0,3,4,3,7,6
0,12,0,0,10,4,0,0,0,0,0,3,3,2,4,0,6,0,3,5,2,0,7,0,2,0,0,0,0,0,1,0
6,0,0,0,0,5,2,0,0,0,1,6,0,2,0,5,0,4,0,0,2,0,3,0,0,4,0,0,0,0,0,5
0,0,0,9,0,1,1,0,6,2,0,2,4,0,4,11,0,0,0,0,6,1,1,0,0,5,9,0,2,1,2,17
1,0,0,6,0,7,4,7,5,2,0,2,2,0,0,3,1,0,0,0,3,0,0,0,0,0,0,1,0,7,2,0
0,2,0,9,4,0,2,0,0,5,3,0,3,0,1,4,0,1,0,0,3,0,0,0,4,0,10,4,2,0,0,5
8,0,0,9,0,0,0,0,0,0,6,0,0,3,0,0,8,1,0,0,0,0,0,1,5,3,3,0,4,1,0,16
2,7,0,0,16,0,2,0,0,0,0,9,0,0,1,2,6,1,14,0,0,0,0,0,0,0,8,2,5,2,5,0
0,0,11,0,17,0,1,0,5,0,10,0,3,7,9,3,5,2,0,2,0,0,0,0,0,0,1,9,0,0,4,1
0,0,0,0,1,2,0,1,0,0,0,15,0,0,0,0,0,0,0,1,0,0,2,2,0,0,3,0,1,0,0,4
0,0,0,0,0,2,0,5,0,0,0,9,3,0,0,0,0,7,0,4,0,0,0,0,0,1,0,2,3,0,2,0
0,0,0,5,4,3,0,0,0,0,6,3,0,14,0,7,0,0,5,1,1,0,0,7,0,0,8,0,6,8,0,0
8,7,0,7,9,0,0,4,0,0,0,0,2,2,0,0,3,0,0,0,0,0,1,1,1,3,0,4,1,6,3,2
4,6,0,6,17,0,0,0,1,0,0,0,0,5,1,0,0,5,70,0,0,0,0,0,0,0,0,0,0,4,0,0
0,0,0,0,7,9,19,2,3,0,0,3,1,0,0,0,2,0,4,0,0,0,0,0,0,0,0,0,0,6,0,0
0,0,4,7,10,0,3,0,0,0,0,0,0,0,0,2,0,0,0,8,1,0,0,0,0,0,0,1,13,0,0,0
0,0,3,3,0,0,0,0,0,0,0,2,3,0,7,10,0,2,0,3,7,0,0,0,2,0,0,0,1,0,6,1
0,0,0,0,0,27,2,0,11,0,0,0,7,8,0,0,10,0,2,0,0,0,1,0,0,0,0,0,0,0,4,16
0,7,0,3,7,0,7,3,10,0,5,1,0,0,0,2,4,0,0,0,0,0,4,0,0,0,0,0,0,2,0,26
1,0,6,4,0,4,2,1,3,0,0,0,0,6,4,0,2,0,0,0,0,0,0,4,0,6,0,0,2,0,5,0
0,0,7,8,18,8,0,0,7,6,0,10,0,0,0,0,0,0,0,0,2,0,11,4,0,0,3,0,0,0,5,0
0,3,0,0,11,0,13,0,0,2,6,0,0,0,0,0,0,0,0,0,0,0,1,1,6,1,0,1,9,3,4,0
0,1,0,0,0,1,0,5,3,0,7,13,0,0,0,0,0,0,0,4,0,0,0,0,21,0,0,2,0,2,1,3
3,0,0,2,14,0,4,0,1,3,1,0,0,0,0,1,0,1,0,0,0,0,0,0,7,0,0,0,4,0,0,0
0,0,0,0,0,2,1,6,0,3,0,0,0,0,0,2,8,2,0,3,0,0,0,1,0,0,0,0,0,0,4,2
0,6,0,12,0,3,0,0,0,0,3,3,0,0,0,6,0,3,0,0,4,0,1,0,6,13,0,0,0,1,0,0
0,2,1,0,0,0,0,0,5,0,7,14,0,0,1,1,0,10,0,4,0,0,0,1,0,2,9,2,2,0,12,5
2,0,0,0,16,0,0,3,0,0,0,4,2,0,2,0,0,0,0,0,0,0,13,0,0,1,0,10,12,2,3,8
5,1,0,0,0,0,0,0,0,3,0,4,3,4,1,0,0,2,2,0,0,1,0,0,0,3,2,3,0,0,0,0
1,1,0,3,0,0,0,0,12,0,1,0,0,7,0,0,0,0,0,0,1,2,0,0,0,0,0,1,0,0,0,0
0,0,0,0,0,8,0,0,0,1,0,0,0,2,0,0,0,0,0,9,0,10,0,1,1,0,1,0,0,1,0,2
0,0,14,0,2,7,0,15,0,0,3,0,0,0,0,2,0,6,0,0,0,3,0,1,0,0,4,0,3,0,3,4
0,3,0,2,0,0,5,0,0,5,1,0,1,0,0,0,1,2,3,0,0,3,0,0,0,3,0,0,0,0,0,0
0,1,0,0,0,0,0,2,10,7,0,0,8,0,7,0,9,0,5,3,0,0,9,9,0,4,7,0,0,0,2,11
8,0,0,2,0,0,0,8,6,0,5,0,8,0,0,2,2,0,5,0,0,0,0,5,0,0,0,0,0,0,0,9
2,0,0,3,3,2,3,0,0,2,3,4,0,0,4,0,12,0,11,2,0,0,0,4,0,1,4,0,0,11,0,0
0,0,3,6,0,15,0,0,0,3,0,0,0,7,0,0,0,4,0,2,0,0,10,0,0,0,7,2,3,0,4,12
0,0,13,2,0,3,1,0,0,0,0,11,2,0,7,4,2,0,6,0,8,0,0,8,0,0,0,0,0,14,0,0
0,0,10,0,5,2,14,4,6,0,0,1,4,7,0,0,2,0,0,0,0,6,4,7,2,0,6,3,2,0,0,26
6,0,0,0,0,16,0,0,10,0,0,0,0,12,2,6,3,0,0,6,2,7,6,11,0,0,3,3,5,16,0,0
0,0,0,0,0,0,1,0,0,0,10,0,0,0,4,1,0,0,4,0,0,0,1,5,0,0,0,7,0,0,6,12
4,1,0,0,0,8,2,2,0,0,9,9,6,10,3,0,2,0,0,0,8,0,0,0,0,0,16,0,0,0,0,0
7,0,0,0,0,0,2,3,0,0,0,0,0,3,5,10,0,0,13,0,9,0,0,10,0,0,0,0,0,7,18,2
0,2,0,18,0,0,0,0,4,2,7,0,5,7,0,0,0,0,0,0,0,0,0,3,1,0,0,0,3,4,14,31
11,4,5,0,3,15,0,0,5,0,6,0,1,9,0,0,2,0,0,4,0,0,0,0,1,0,4,7,3,1,0,8
0,0,0,0,0,8,1,2,1,2,0,0,7,3,1,0,2,0,47,2,0,1,0,0,0,1,8,2,0,9,2,11
1,0,0,5,0,4,0,0,6,0,8,0,0,0,0,0,4,0,11,0,1,0,6,0,0,3,0,0,0,0,0,8
1,3,5,12,0,0,0,0,4,0,0,0,0,0,0,9,3,0,0,15,6,2,4,0,0,6,0,0,0,0,0,0
0,6,5,0,10,4,0,10,0,0,0,0,0,0,0,0,1,0,1,0,2,0,0,0,0,2,4,0,4,9,1,8
0,0,6,0,0,0,0,16,7,0,0,0,4,2,4,3,0,8,0,0,11,0,0,0,0,0,0,0,0,0,0,4
4,0,3,0,0,0,6,0,0,0,0,0,0,0,4,6,0,0,0,0,0,0,1,2,0,0,2,1,0,0,0,0
1,0,0,5,12,4,0,0,5,0,3,6,0,5,5,1,5,1,0,3,0,1,0,0,0,9,0,0,0,2,0,0
5,9,0,0,0,0,0,0,0,10,1,0,3,7,0,0,0,1,0,0,10,0,4,2,1,0,7,0,5,0,1,12
8,0,0,0,4,0,1,13,0,4,0,0,0,2,0,0,1,7,0,3,0,0,0,4,0,4,0,0,0,7,0,13
0,0,4,0,0,0,4,0,0,2,11,7,0,1,0,4,14,0,4,2,0,3,0,0,20,0,9,0,1,0,11,3
7,7,3,7,0,2,0,17,0,0,8,0,0,0,0,3,3,0,0,1,4,0,6,0,11,0,0,0,7,0,14,35
4,2,7,0,14,3,10,1,2,0,5,9,0,0,4,4,0,0,2,0,0,0,0,6,0,0,4,5,0,5,0,0
3,0,0,0,37,0,0,0,10,2,0,0,0,0,0,0,0,0,6,3,11,0,6,0,0,3,4,3,0,0,0,0
3,0,3,20,0,0,13,0,7,0,5,0,0,0,0,6,0,1,0,0,0,0,0,0,0,0,0,0,0,0,11,16
2,2,0,2,20,1,0,3,0,0,9,0,0,0,5,0,4,5,2,0,3,0,0,8,0,6,0,0,1,0,11,0
3,17,0,0,0,0,1,0,4,0,0,4,15,2,3,4,4,0,0,0,2,4,3,0,4,5,1,0,1,0,5,5
0,0,0,5,0,0,14,1,2,0,0,0,0,2,4,7,4,3,3,0,0,0,0,0,0,2,0,2,0,0,5,0
1,0,2,7,11,0,0,3,0,0,0,10,0,0,0,0,0,0,3,1,0,2,0,0,0,0,11,0,0,0,0,0
0,0,0,0,0,7,0,0,0,5,12,0,4,2,0,5,5,0,0,0,3,0,3,0,4,0,11,5,2,3,0,18
3,0,5,0,1,14,0,0,4,4,0,4,0,0,0,0,0,8,0,1,2,0,0,1,0,0,0,0,1,0,0,0
0,0,12,0,20,3,3,2,0,0,0,0,0,0,0,10,5,0,4,0,9,0,2,3,0,0,9,3,4,0,0,17
0,0,0,1,0,0,7,0,2,5,0,5,0,0,0,0,2,8,7,0,4,0,1,0,2,0,9,0,0,0,6,0
0,0,0,0,3,0,6,2,0,4,0,0,1,6,0,3,0,0,9,10,2,3,7,4,1,0,0,2,0,7,0,11
0,0,0,0,6,0,4,14,4,9,7,2,0,2,1,0,0,4,0,0,0,0,1,6,0,1,0,0,0,4,0,0
6,2,0,0,6,14,5,0,4,2,0,0,5,5,3,0,5,0,1,6,5,3,5,2,0,4,0,0,0,10,6,0
0,0,0,0,4,12,0,3,0,2,2,7,0,0,0,0,9,0,0,0,7,0,0,1,0,0,0,2,0,12,0,0
0,7,0,0,6,0,9,0,10,2,11,1,8,1,1,0,0,2,0,0,6,0,5,0,0,7,4,4,3,0,0,0
2,0,0,0,0,0,0,0,5,4,17,0,0,5,6,2,4,0,0,4,5,0,15,0,0,3,0,0,0,0,0,0
0,0,4,0,11,0,7,8,6,0,7,3,0,0,1,0,0,4,0,0,3,0,3,0,5,0,0,0,0,3,0,0
0,0,0,3,0,1,0,0,1,0,0,0,2,1,2,0,0,0,0,0,0,2,0,0,0,0,6,5,0,5,5,6
0,0,7,5,10,0,7,0,0,0,0,0,8,0,0,0,4,0,3,0,7,2,0,2,0,0,0,4,0,1,0,5
1,10,0,4,11,3,0,3,0,2,0,0,2,0,9,8,7,3,2,6,0,0,0,0,3,0,0,0,8,2,7,0
10,3,0,10,1,10,0,0,0,1,0,0,0,0,0,0,0,0,56,1,0,0,0,0,3,0,3,3,0,0,0,0
0,0,0,3,3,0,0,2,5,0,1,2,4,0,0,2,0,0,8,0,0,2,0,1,3,2,0,0,3,0,0,7
0,0,0,3,0,0,0,0,0,1,12,0,0,6,6,0,0,5,1,2,1,1,0,0,2,2,12,0,0,0,4,1
0,3,0,7,0,0,0,0,0,0,7,2,0,4,0,2,0,0,2,0,4,0,0,2,0,7,0,0,0,0,1,0
0,0,0,0,11,0,13,0,0,0,0,0,0,4,1,13,0,0,4,3,0,0,11,2,0,4,1,10,0,7,0,13
2,7,0,0,17,0,10,1,0,0,0,6,0,4,0,0,4,3,3,0,0,0,0,2,0,0,4,2,6,0,0,0
2,7,20,2,0,0,0,2,0,0,0,0,0,9,0,0,5,0,4,5,0,0,0,0,0,0,0,0,11,1,0,0
4,0,7,0,19,6,0,0,0,7,15,13,0,0,4,0,0,0,0,0,0,2,2,3,0,0,0,0,0,0,5,0
0,0,0,2,0,3,3,15,3,8,0,0,0,2,4,0,0,0,3,0,0,0,0,2,0,3,0,3,6,0,1,0
4,0,4,0,0,6,0,0,6,0,0,0,0,0,0,2,2,3,2,0,0,0,7,0,25,0,0,5,2,6,0,5
0,3,4,1,0,4,0,1,2,0,0,2,0,7,0,0,7,0,6,12,1,6,0,0,4,3,0,0,1,3,2,5
0,0,0,0,0,3,0,0,0,4,0,6,6,6,0,0,0,0,0,4,2,5,0,1,0,0,4,6,0,0,7,0
4,0,0,4,3,0,3,0,4,0,0,8,3,0,0,0,4,1,0,2,0,1,0,9,4,0,0,7,0,16,0,0
1,12,0,0,0,14,0,0,0,0,0,0,0,1,0,2,3,0,0,7,9,0,0,0,0,2,2,0,0,0,11,0
1,0,3,2,0,1,0,0,0,5,0,0,5,0,5,0,0,2,7,0,0,0,0,1,0,0,0,5,0,1,0,0
2,0,3,0,5,7,7,0,16,2,6,0,0,1,0,0,0,1,0,0,8,0,2,1,0,0,2,5,6,0,11,24
0,0,8,0,13,0,5,7,7,0,12,3,2,9,0,0,0,2,1,5,0,0,0,0,0,7,0,4,4,0,0,5
0,17,0,0,3,0,12,0,0,0,0,0,0,0,0,0,0,1,7,0,0,2,0,0,0,4,0,4,0,0,3,0
0,7,5,0,7,9,0,0,0,4,0,4,0,4,9,0,5,2,0,3,3,0,0,0,0,3,0,0,0,3,0,0
2,0,8,3,5,0,3,0,0,0,0,0,0,3,3,1,0,2,2,0,0,0,1,2,0,6,4,14,1,0,0,0
0,1,0,0,12,13,0,0,13,0,4,4,6,1,3,0,0,0,1,0,0,9,2,0,6,0,6,8,0,9,7,0
0,1,0,0,0,11,0,0,0,5,0,0,0,0,0,7,0,0,2,2,11,0,0,0,5,0,0,0,0,4,0,4
0,0,0,3,0,0,2,0,0,0,5,0,3,2,7,7,0,0,0,1,0,0,4,0,0,0,0,0,0,0,1,0
0,4,0,0,2,0,0,19,0,0,11,0,4,0,3,5,0,0,1,4,0,4,4,0,0,0,7,0,0,0,6,0
0,4,0,0,4,0,0,3,5,0,0,12,6,0,5,7,2,2,0,0,7,3,10,1,3,0,11,0,4,0,25,0
0,0,7,0,0,7,0,0,0,0,10,14,0,0,0,9,12,0,0,0,4,1,0,0,0,3,3,5,0,0,0,22
0,0,0,0,0,6,17,0,19,0,4,11,0,0,0,4,0,0,0,1,5,0,0,0,0,5,2,1,8,3,0,6
5,2,0,0,0,1,2,13,4,0,0,0,3,4,2,0,0,0,0,0,0,0,1,2,0,3,9,0,0,0,0,19
2,0,0,0,0,0,0,0,0,0,10,6,5,0,3,2,10,2,0,3,4,2,0,0,1,0,10,0,0,7,0,11
0,0,0,0,1,1,3,16,12,0,3,5,1,0,5,0,0,4,0,0,0,2,2,0,0,0,0,8,0,0,0,0
0,1,0,0,9,0,4,0,12,1,11,0,0,0,0,3,0,0,2,5,0,0,0,5,0,5,1,3,0,0,0,0
0,0,1,0,6,0,0,0,0,4,0,0,0,0,0,0,0,0,0,8,6,6,0,0,0,0,0,0,3,4,0,0
9,0,4,0,0,11,0,0,8,3,12,6,0,0,0,10,1,7,47,0,10,0,12,0,5,0,6,0,0,0,4,15
0,1,0,0,0,0,0,0,0,0,0,0,0,0,1,0,0,0,3,0,0,3,0,0,0,3,0,5,0,8,0,0
9,0,0,13,1,12,0,8,4,6,0,4,6,0,0,2,0,0,1,0,0,0,0,4,0,0,0,1,4,1,0,0
0,0,0,2,3,0,2,0,0,1,0,0,7,5,0,0,0,0,0,0,0,0,1,0,0,1,2,0,8,4,7,0
5,0,0,0,1,4,0,0,0,0,0,0,0,0,0,0,0,2,5,0,0,0,1,0,0,0,9,0,0,0,0,11
0,3,1,0,0,0,0,0,0,0,0,0,0,1,0,0,3,0,1,0,0,0,0,0,0,1,1,0,14,0,0,0
0,2,0,8,0,4,0,20,9,0,7,0,1,0,7,2,3,1,1,5,0,3,6,4,0,0,1,0,0,0,0,3
0,0,0,0,0,0,2,9,0,0,0,0,0,1,4,6,1,0,0,0,8,0,0,0,4,2,3,0,0,0,8,0
4,4,0,0,9,7,0,0,6,6,0,2,6,0,0,4,0,2,0,0,0,0,0,4,0,0,1,0,3,0,0,0
0,0,9,0,7,13,0,4,0,4,0,0,0,4,1,1,12,0,3,5,1,0,0,0,20,3,0,3,0,0,9,9
0,0,5,0,0,0,1,0,2,0,5,0,0,1,0,0,0,0,0,0,0,0,1,3,5,0,0,0,0,0,11,1
0,0,0,8,0,0,9,2,5,0,0,0,0,0,0,4,0,0,0,6,0,0,0,0,0,9,0,0,4,0,0,0
0,0,0,0,7,3,0,0,4,0,1,3,0,0,1,0,0,4,5,2,0,7,4,0,2,0,13,3,0,8,0,0
4,0,18,4,6,0,0,0,7,0,0,0,0,0,0,0,1,3,0,2,0,0,1,0,0,0,1,4,0,0,9,4
0,0,0,14,7,0,1,4,0,0,6,0,0,0,10,0,0,0,1,4,3,1,0,0,4,0,0,1,0,0,0,0
3,0,8,1,0,0,9,0,9,1,2,3,3,0,3,0,2,8,0,0,0,2,0,1,0,0,0,0,0,6,3,0
0,8,0,5,5,1,0,7,0,0,0,0,0,1,0,2,13,0,0,2,3,0,2,3,0,0,1,0,0,0,3,0
2,1,0,0,6,6,0,0,4,2,7,1,0,6,0,4,5,3,7,0,5,0,3,1,0,1,1,0,5,2,3,0
0,0,0,10,2,8,0,5,0,2,0,6,1,5,8,5,4,0,1,0,5,4,7,0,0,0,0,0,2,1,0,3
0,1,0,2,0,18,7,0,7,0,7,0,6,0,0,0,0,0,0,0,0,0,0,1,0,5,0,8,3,0,0,3
0,0,0,1,7,0,0,0,0,0,0,10,3,0,2,0,0,0,0,1,0,1,0,1,2,0,0,0,2,0,6,19
0,0,0,13,0,1,0,18,6,0,8,2,0,0,4,2,0,1,0,0,0,0,2,0,0,5,0,7,0,0,0,0
0,0,3,2,0,0,3,7,0,0,0,1,0,16,0,0,0,0,0,8,9,0,12,0,0,1,0,0,1,8,0,18
0,0,0,0,1,7,0,0,12,0,0,0,1,6,4,0,0,1,6,0,0,0,1,0,3,5,1,2,2,0,2,4
0,0,12,0,0,0,0,7,0,3,0,2,0,0,0,0,0,0,7,0,0,0,0,0,0,0,6,0,0,0,1,0
6,0,7,0,0,0,0,0,0,0,7,0,0,0,7,9,0,0,0,6,3,0,0,0,0,0,0,1,0,0,0,5
0,0,0,0,15,0,0,0,0,0,2,0,0,0,0,6,1,0,5,0,1,0,7,0,0,0,0,0,2,0,1,4
0,10,0,0,0,0,0,6,0,0,0,3,0,11,6,4,0,3,0,4,0,0,9,0,2,1,0,0,3,5,4,0
0,5,5,0,2,12,2,2,0,2,0,0,0,3,2,7,0,3,11,4,0,2,0,0,0,0,1,0,1,4,6,0
0,0,0,0,0,0,0,0,3,0,0,0,0,0,0,3,0,0,0,0,0,0,1,0,0,0,0,0,3,5,0,0
7,4,0,0,0,0,3,5,0,0,0,7,0,0,0,0,5,2,0,0,3,1,4,0,0,10,0,1,0,0,0,0
0,12,17,0,10,6,0,0,0,1,2,0,0,4,0,2,0,4,0,0,0,2,0,8,0,4,0,0,0,8,10,14
0,5,0,1,3,0,0,15,0,0,0,2,0,0,1,0,0,0,47,0,1,0,3,7,3,3,0,0,0,5,0,0
0,1,8,8,7,7,2,1,0,2,18,5,9,0,3,6,0,0,5,2,0,2,0,2,0,0,3,0,0,3,0,8
3,5,0,0,11,3,0,0,0,0,0,0,0,4,4,0,8,0,14,0,0,2,0,0,0,1,0,0,13,0,5,16
6,0,15,3,0,0,3,1,0,0,0,10,0,1,0,0,2,2,6,0,1,0,5,0,3,0,10,7,0,3,0,4
0,4,0,0,0,3,0,0,0,2,1,2,0,1,1,0,0,0,11,0,1,8,1,4,0,2,0,0,0,1,0,0
0,7,2,10,0,0,7,5,0,0,0,0,6,0,0,0,3,0,1,6,0,0,7,0,2,0,0,0,0,0,0,5
0,3,7,0,12,13,0,0,9,2,5,0,0,6,1,0,0,2,0,0,0,0,0,6,0,0,0,0,3,0,0,0
3,1,0,1,8,0,0,6,0,0,0,0,0,0,0,6,0,0,0,1,0,4,0,0,0,5,0,0,2,7,0,0
0,0,0,2,0,8,0,0,0,7,0,1,0,0,0,0,2,1,4,2,1,0,0,2,0,0,0,3,0,0,0,14
10,3,0,1,0,0,11,8,0,0,0,0,0,2,0,0,2,0,4,2,0,1,0,7,25,0,0,0,2,0,0,2
1,3,0,0,2,7,0,0,4,0,0,0,3,0,0,4,5,0,0,3,5,0,1,0,4,0,0,0,5,4,1,0
0,13,0,0,0,9,2,0,10,0,6,0,4,2,2,2,1,7,0,0,0,0,0,12,0,5,6,8,6,0,7,0
4,2,1,0,0,2,0,0,0,0,0,0,0,0,0,3,0,0,0,0,0,0,0,0,3,0,0,0,0,3,0,0
4,7,0,5,0,0,0,1,3,3,0,0,0,4,2,1,0,4,2,1,0,1,0,0,0,1,0,1,5,0,0,19
7,8,0,0,24,0,0,6,2,0,7,6,0,0,0,0,1,3,0,2,0,0,1,0,0,0,6,0,0,0,13,27
1,0,3,0,0,2,0,0,0,2,4,3,8,0,1,0,2,3,0,0,8,3,1,6,0,0,0,0,11,0,0,0
0,0,3,7,4,0,9,5,1,0,6,0,9,4,0,0,1,0,1,12,0,0,2,1,0,0,5,0,1,0,0,0
0,0,0,0,0,0,16,0,0,0,0,5,2,6,0,2,4,4,4,3,0,0,0,0,0,10,8,0,7,0,2,19
4,0,2,0,0,0,5,0,5,2,0,4,5,9,3,2,0,5,0,0,6,1,16,1,4,0,2,0,0,0,1,0
1,0,0,0,1,0,4,10,0,0,0,0,7,5,0,3,0,0,0,4,2,0,0,4,0,1,0,0,5,0,16,0
0,0,0,0,0,1,3,0,1,6,0,5,7,8,8,0,0,0,2,0,1,0,0,0,0,2,0,0,0,0,0,3
0,0,0,0,12,0,0,0,10,0,0,0,0,0,0,5,0,1,0,5,2,0,0,2,0,0,0,8,0,0,0,0
2,0,7,7,4,0,0,0,5,0,0,9,2,5,0,0,0,0,0,1,0,0,6,0,12,5,4,6,0,0,0,0
4,2,11,1,12,4,6,0,0,0,5,0,0,3,0,0,0,0,4,0,1,0,13,0,0,2,0,1,0,0,0,11
8,3,12,0,0,0,0,10,0,0,2,0,0,0,0,3,2,0,1,5,3,4,4,0,1,0,0,0,0,0,7,0
3,0,2,6,0,0,0,0,5,0,0,0,0,0,0,0,5,0,0,0,0,0,0,0,3,3,0,1,1,3,0,8
0,0,0,5,12,0,16,0,0,0,0,0,0,0,0,0,4,0,0,4,0,0,0,5,6,0,4,1,1,0,0,0
0,1,1,0,7,0,10,6,10,0,0,4,0,0,0,0,10,8,11,0,0,0,0,0,0,1,3,8,2,0,0,0
2,0,0,4,2,0,0,0,0,0,2,0,0,0,0,0,4,2,0,0,1,0,2,0,0,3,2,2,0,2,0,0
0,0,2,0,9,9,2,0,0,1,0,10,4,1,0,0,0,0,0,8,1,1,0,0,0,2,1,0,0,0,1,5
5,0,0,2,0,2,0,0,0,0,0,0,0,0,0,0,6,0,4,2,0,0,1,0,0,6,0,0,0,2,0,1
5,0,1,5,1,2,3,5,7,5,3,0,8,0,4,0,0,0,0,0,0,0,0,0,0,0,0,0,0,2,11,0
1,1,8,8,0,0,7,0,9,0,0,0,0,3,3,0,0,5,49,2,5,3,0,5,0,2,0,1,0,4,0,24
0,2,0,1,0,0,0,12,0,0,4,0,0,1,0,0,0,0,0,0,1,0,0,0,7,0,0,0,0,0,0,12
0,0,0,0,11,0,3,13,4,7,19,0,0,4,0,0,5,4,0,1,0,0,0,0,0,2,3,0,0,0,0,0
0,3,3,0,0,0,0,0,0,0,0,0,1,5,2,0,5,3,0,4,5,0,0,0,0,0,4,2,4,4,4,0
0,4,0,0,4,2,1,10,3,6,0,3,0,8,0,0,0,0,0,0,0,1,0,7,0,0,0,0,0,0,5,0
3,11,7,0,11,15,0,0,10,1,0,0,0,0,6,0,0,1,0,0,0,1,3,0,0,6,0,0,0,6,0,11
0,0,0,0,0,14,0,0,0,0,0,0,3,7,0,0,0,2,2,0,0,0,0,3,0,0,5,3,6,3,10,0
0,0,2,10,0,0,0,13,4,0,0,4,1,8,0,0,3,0,0,4,0,0,3,0,0,0,2,6,0,8,3,4
0,4,5,4,2,0,0,0,1,0,0,0,3,5,2,0,7,1,1,0,1,0,0,0,0,2,0,0,2,5,15,17
0,0,15,0,0,0,5,0,0,0,21,11,5,0,0,12,0,6,3,0,0,0,2,4,20,4,0,9,7,2,2,0
0,0,7,1,1,0,0,0,17,0,0,3,4,0,0,0,8,0,0,0,1,0,1,3,14,2,3,0,0,0,0,8
0,0,0,4,0,6,16,0,6,1,6,0,0,0,7,0,0,0,0,0,0,1,0,0,0,0,0,0,0,0,2,2
8,6,3,2,5,12,0,0,2,0,0,0,0,8,0,0,0,1,1,0,11,0,3,2,1,0,1,2,0,1,0,23
0,0,9,16,0,0,2,7,0,0,1,0,11,0,0,3,9,1,0,0,0,0,0,0,0,0,6,0,0,4,0,0
4,0,0,4,12,0,0,0,0,4,0,0,1,0,0,0,0,0,3,4,0,0,6,3,2,5,0,2,0,0,5,0
3,3,0,0,0,1,0,3,4,0,1,8,0,0,0,0,0,0,0,0,0,1,0,1,0,0,6,0,0,0,1,0
0,0,0,8,0,0,0,0,16,1,3,0,1,6,5,3,2,0,0,3,0,0,0,0,0,0,0,2,0,1,0,6
0,0,2,3,0,0,0,0,0,0,12,2,0,0,11,0,0,0,0,0,0,0,0,7,0,2,0,0,0,0,0,0
0,0,0,0,0,0,0,3,2,0,7,9,7,8,5,0,1,3,1,2,0,0,3,0,0,0,6,0,11,5,0,4
0,8,14,0,0,1,2,0,0,4,0,4,0,0,2,0,0,0,5,7,5,0,0,0,0,0,0,5,1,0,0,2
0,0,0,2,0,0,0,0,2,0,13,0,5,1,6,0,0,0,9,0,0,0,8,2,1,1,0,0,0,0,0,0
1,0,0,5,0,0,0,23,1,0,0,8,0,0,0,0,0,1,0,0,0,0,0,7,2,1,0,0,1,0,0,0
0,0,0,0,3,0,0,0,7,1,6,4,8,0,0,0,4,6,3,0,0,5,3,0,0,2,0,8,0,0,0,0
0,3,0,0,0,0,2,0,0,0,3,0,0,0,0,0,0,0,0,0,0,0,0,0,1,0,6,0,0,0,0,5
0,0,0,0,8,0,0,4,0,0,14,0,5,5,1,0,2,4,0,0,0,2,2,0,0,0,0,5,0,0,1,14
6,0,0,0,8,15,0,0,0,4,0,5,0,0,0,0,0,0,0,0,1,0,0,3,0,1,0,0,0,0,0,0
10,0,0,5,3,0,5,4,8,0,0,11,0,12,0,0,3,6,0,9,0,3,0,0,0,0,6,7,4,14,6,0
0,8,0,0,2,0,10,0,0,0,2,3,10,9,0,3,6,0,0,0,1,4,0,2,0,0,0,0,17,0,3,5
0,0,0,0,0,4,5,0,0,1,4,0,0,0,12,0,4,0,4,0,5,0,0,0,0,3,7,7,0,0,0,0
0,0,0,4,0,0,11,3,6,0,1,16,12,0,4,10,0,3,0,0,2,0,2,0,0,0,3,0,0,2,0,3
14,0,0,2,2,5,6,0,4,0,0,0,0,0,0,0,0,4,5,1,8,0,3,5,0,4,1,0,2,0,0,11
0,0,7,4,0,0,0,0,0,0,0,0,0,0,0,0,0,3,1,0,0,0,0,0,0,0,0,3,3,8,0,6
13,0,0,6,0,7,16,9,0,0,0,0,4,0,3,0,0,0,54,0,0,5,5,3,0,0,0,0,2,0,13,6
0,2,0,0,0,13,0,0,0,0,6,10,0,2,0,0,0,0,0,7,3,0,4,0,0,0,2,2,0,0,17,0
1,0,0,5,6,0,1,0,3,0,6,0,6,8,4,0,5,6,2,0,0,7,0,2,0,0,0,0,1,0,0,2
0,1,0,0,2,1,0,0,0,4,4,0,0,0,0,0,8,2,3,0,2,0,0,0,0,0,0,7,0,0,0,0
1,2,0,0,0,0,2,7,0,12,12,2,0,2,0,1,4,0,0,0,1,0,0,0,0,8,4,0,0,3,0,12
0,0,9,8,10,0,6,0,16,0,11,0,6,5,0,0,0,0,0,0,0,3,3,0,0,0,0,0,0,0,0,38
1,0,0,5,5,0,0,2,0,0,0,0,14,0,2,1,1,0,1,3,3,0,1,4,0,0,0,0,0,0,0,3
0,0,27,0,0,0,0,0,2,0,0,4,0,5,2,0,5,2,3,8,2,0,7,0,0,0,3,0,3,0,0,0
0,0,3,7,10,0,3,0,0,0,0,0,2,3,4,7,0,0,3,2,0,0,6,0,0,2,0,8,0,0,1,1
8,1,0,0,2,7,0,0,5,2,0,0,0,0,3,11,0,1,0,0,0,0,0,0,27,0,3,0,0,1,0,0
2,0,0,0,5,0,0,0,4,2,0,4,0,0,0,2,0,0,0,0,0,0,4,0,3,1,5,0,0,0,0,0
0,0,0,2,0,3,3,0,11,6,0,7,0,0,6,0,4,0,0,0,1,1,2,0,1,0,1,9,3,0,0,5
0,0,0,2,9,0,0,0,9,6,0,0,0,4,4,1,4,9,0,2,0,3,0,0,3,0,5,0,0,1,0,0
0,0,0,3,1,0,3,0,2,0,6,6,0,0,4,0,0,2,0,0,0,2,0,2,6,0,6,8,8,0,0,0
7,0,12,0,0,3,2,9,0,0,6,0,0,0,0,0,0,0,0,0,0,0,9,0,2,0,2,4,0,0,0,0
0,4,5,0,0,0,6,0,10,0,9,0,0,0,0,0,0,0,8,0,0,0,0,0,0,4,0,0,12,0,5,5
0,0,7,0,0,0,0,0,6,1,0,5,9,4,0,0,8,9,4,2,1,4,0,2,0,11,2,0,3,3,7,8
8,14,5,0,0,0,4,1,7,0,0,0,20,0,14,0,9,0,0,7,0,0,0,0,0,0,0,0,2,0,0,13
0,0,5,0,0,5,0,0,0,2,0,0,0,0,2,0,2,0,1,0,0,0,8,0,1,0,9,0,4,1,6,5
0,0,0,0,0,0,0,0,3,2,1,2,0,0,0,9,1,0,0,1,0,0,3,4,0,0,0,0,4,0,17,5
0,2,4,0,0,0,11,10,0,0,6,0,0,5,0,7,1,7,0,0,0,0,13,3,1,5,0,0,2,5,0,0
4,9,6,1,0,6,1,0,0,0,16,7,5,0,6,4,0,4,0,0,0,0,0,0,0,0,7,0,3,0,0,1
0,4,0,3,0,0,0,9,0,0,3,0,5,0,1,1,1,5,0,1,0,0,0,1,0,1,6,0,0,0,3,0
0,0,0,1,0,0,1,0,0,0,12,0,0,4,4,4,2,3,10,3,2,0,1,1,0,0,0,0,0,8,0,6
5,0,0,0,8,0,0,5,9,0,0,12,0,0,9,9,2,4,0,4,5,4,5,6,2,0,0,2,0,0,0,0
15,0,4,12,0,0,5,12,0,0,0,0,0,0,0,3,12,0,5,0,1,0,8,0,3,4,0,1,0,0,4,13
2,0,0,8,0,0,0,0,0,0,0,2,2,6,2,13,5,6,12,0,1,0,0,0,0,0,15,0,0,6,10,0
0,4,5,0,0,1,0,0,0,0,1,3,0,0,0,8,3,4,1,0,0,0,0,0,0,4,0,0,6,0,0,3
4,0,0,3,3,4,3,20,14,0,0,1,0,0,0,0,2,0,6,0,0,1,5,1,7,0,5,0,0,0,0,0
0,7,0,0,0,9,0,0,0,10,0,0,0,0,0,4,4,0,4,0,5,0,0,4,2,0,0,0,11,10,0,0
0,0,0,0,0,9,0,0,2,0,6,0,0,0,0,0,0,0,0,0,1,0,0,0,5,0,6,0,4,5,0,0
0,0,14,0,0,9,1,0,0,2,0,0,6,0,0,0,0,0,0,0,0,4,0,0,0,6,0,4,1,1,0,7
0,2,0,0,13,0,0,8,0,0,0,14,0,10,0,1,2,4,48,0,0,0,0,0,0,0,2,0,0,0,2,2
0,0,0,0,4,6,0,0,0,0,11,0,0,9,0,4,1,0,0,3,5,2,0,0,0,0,0,0,2,2,0,0
3,0,6,0,6,0,21,6,13,3,3,1,2,4,0,0,0,0,1,1,7,6,1,2,1,0,10,0,2,0,7,0
0,9,0,0,0,0,0,0,1,0,2,0,0,0,5,0,0,1,0,0,5,0,0,2,4,2,6,0,0,0,0,0
0,4,3,2,14,0,2,0,5,0,10,6,6,0,0,9,0,0,4,2,0,0,0,0,1,0,5,0,4,7,0,0
4,1,0,4,15,14,0,0,0,0,6,7,0,3,0,9,1,0,1,4,6,0,0,5,0,0,0,1,3,2,7,13
2,5,7,11,0,0,2,3,0,0,8,0,6,3,3,0,0,4,0,0,0,0,0,0,0,3,0,0,5,2,0,6
1,0,0,0,4,0,6,31,1,1,22,0,6,2,0,4,0,0,2,4,0,0,0,0,0,5,2,0,0,0,1,0
0,0,0,0,0,0,2,0,0,1,2,5,5,0,0,2,0,2,0,0,0,0,3,0,0,3,0,0,11,0,9,0
10,0,16,0,0,3,0,1,0,0,0,0,3,0,0,5,0,3,0,0,0,0,1,0,24,1,6,2,0,5,0,0
5,0,0,4,0,0,8,5,0,0,0,0,0,5,5,0,5,5,4,0,0,0,0,0,6,2,10,0,3,0,7,0
0,5,0,1,0,0,3,0,5,0,0,5,0,0,1,0,0,0,2,0,1,0,5,0,0,3,5,0,0,0,2,0
8,0,0,0,18,0,2,6,0,0,7,1,0,0,1,2,0,0,0,4,0,2,1,0,0,0,0,2,0,0,0,10
7,0,0,0,0,18,0,0,0,0,1,1,0,5,0,0,2,4,0,2,0,0,1,0,1,5,0,0,0,0,0,16
0,6,0,1,5,0,0,14,9,0,0,0,7,18,4,2,0,0,0,1,2,0,10,1,0,3,0,4,4,0,0,0
9,5,3,5,2,5,0,6,10,0,3,0,0,0,0,0,1,0,0,4,0,0,2,0,0,8,11,0,7,7,0,4
0,0,0,0,9,0,0,2,0,0,4,0,0,0,0,2,9,0,3,0,0,0,0,6,0,6,0,8,0,0,0,0
0,0,0,0,9,0,0,0,8,11,0,1,0,0,0,0,4,0,0,0,3,11,0,0,0,0,14,3,0,9,6,0
3,0,0,0,0,0,0,0,2,0,0,0,8,4,4,0,6,3,0,0,0,0,0,5,0,3,0,0,4,1,10,0
0,4,0,1,0,2,3,7,0,6,0,5,0,0,10,0,0,0,4,2,0,0,2,1,1,3,3,7,2,0,0,0
0,6,9,2,9,0,0,0,0,0,0,0,0,2,0,13,0,1,0,2,5,0,0,1,1,0,0,2,1,0,7,4
0,1,0,0,1,0,0,4,3,4,5,5,0,0,0,8,3,0,1,8,4,0,4,11,0,0,0,0,0,0,0,7
0,0,1,0,1,7,0,8,7,2,0,13,1,0,0,0,0,0,0,6,1,0,0,6,0,2,14,0,0,0,0,0
1,1,0,3,0,0,9,8,0,0,0,3,0,0,0,0,0,5,0,2,0,0,0,3,0,4,0,6,1,0,6,0
0,0,4,0,0,0,18,9,7,0,7,5,4,0,0,0,0,6,4,0,0,3,3,10,9,0,5,0,0,0,0,0
6,0,0,0,1,0,6,15,1,0,14,2,0,0,0,4,0,0,0,0,1,3,0,1,2,0,0,2,2,6,0,0
0,0,0,0,0,11,0,13,5,0,0,0,0,4,0,0,0,0,6,0,0,6,0,3,0,0,0,0,0,0,7,2
0,5,0,0,0,0,0,0,0,0,0,0,0,9,5,0,7,0,0,0,0,0,0,4,3,0,2,7,1,0,12,10
0,0,0,0,25,0,10,0,0,2,0,5,0,8,0,0,0,0,2,0,1,0,0,0,0,0,0,1,0,7,2,3
0,1,0,0,18,2,0,4,6,2,0,0,1,0,0,1,0,0,0,0,0,4,1,0,1,0,0,0,0,4,0,0
3,12,0,0,0,16,0,0,4,0,0,0,0,0,0,0,0,0,0,0,0,0,0,0,3,0,0,1,3,0,23,8
0,3,0,3,10,0,8,2,5,6,0,0,4,5,0,0,5,1,11,3,0,0,14,0,0,0,4,1,0,0,0,15
9,13,0,0,0,19,4,0,0,0,0,3,0,5,17,0,2,5,54,8,0,0,0,2,0,0,3,0,3,8,5,0
0,0,0,5,0,0,0,0,5,0,16,0,0,0,7,0,0,0,0,3,0,6,7,1,1,0,0,0,0,2,0,6
0,0,4,0,4,0,2,0,0,0,0,6,10,0,0,0,0,2,0,0,0,0,6,0,0,1,0,0,1,0,3,2
2,0,6,5,0,0,6,0,2,0,4,0,7,13,0,0,0,0,0,7,1,0,0,0,0,3,4,0,0,2,0,5
0,4,0,8,4,0,9,13,0,0,5,1,0,3,0,6,0,0,1,0,0,0,0,1,0,0,0,0,6,0,3,6
2,0,4,0,7,0,0,0,1,1,4,3,0,11,0,0,0,3,2,0,0,1,0,8,0,2,1,0,0,5,0,7
4,11,0,0,0,0,0,0,1,0,0,0,0,5,0,6,0,0,0,0,0,5,2,0,0,4,0,0,3,0,0,0
9,0,0,8,0,5,9,14,0,0,2,0,0,3,0,1,3,9,6,0,7,1,0,2,0,5,0,3,0,10,2,0
0,0,0,0,0,0,0,10,0,0,0,0,2,0,0,3,0,2,0,3,0,3,0,0,0,0,11,0,1,5,9,0
0,0,0,0,0,0,0,3,0,2,0,0,0,0,0,0,4,4,3,0,7,0,1,0,26,0,0,0,1,7,1,9
3,0,8,0,3,26,2,0,1,0,0,0,1,0,0,0,3,6,0,0,0,0,0,0,3,2,0,4,0,0,0,3
1,2,0,0,0,0,16,20,0,0,4,0,3,0,3,0,0,6,3,0,6,0,0,4,1,0,0,5,5,0,4,1
0,0,0,5,16,0,2,2,8,9,0,0,0,0,0,2,0,2,0,2,0,1,0,4,0,0,0,1,1,11,2,0
0,3,4,6,4,0,5,18,0,0,0,0,0,2,0,3,0,0,1,5,4,0,0,0,0,2,0,10,3,2,0,0
0,0,0,2,0,0,0,9,0,5,8,0,0,2,8,4,0,0,0,0,0,1,3,0,0,8,0,5,4,0,0,3
2,4,5,7,0,12,0,3,0,0,0,3,5,0,2,0,0,0,6,0,0,2,5,1,3,0,4,0,0,5,2,11
3,9,9,0,0,15,11,0,0,1,5,0,0,0,3,0,0,0,5,0,2,0,7,2,0,0,0,0,6,1,0,6
0,4,0,0,2,7,7,0,9,0,29,7,0,1,0,0,0,0,1,0,0,9,7,0,0,0,0,0,0,0,0,0
0,0,3,0,0,0,16,0,1,3,0,0,1,0,0,6,6,2,1,5,4,0,0,2,0,0,0,0,0,0,0,0
1,1,5,0,0,1,0,10,3,0,0,5,0,0,0,2,0,0,1,0,1,0,7,0,0,0,11,3,16,1,2,16
0,0,18,13,16,0,0,0,0,3,2,0,2,6,1,1,0,3,0,0,0,0,4,5,2,2,3,2,0,1,0,0
7,4,0,7,1,3,0,0,3,0,0,9,0,0,0,7,0,0,11,0,3,1,0,2,0,2,0,3,0,6,0,0
6,2,18,0,3,0,2,0,2,0,0,0,1,4,0,0,0,5,8,1,4,0,0,7,1,0,3,0,6,0,5,4
1,3,2,0,0,0,0,0,0,0,0,0,8,0,0,0,0,2,1,3,0,0,8,0,0,10,10,0,0,0,0,4
0,0,0,0,0,0,0,0,0,0,0,0,0,8,3,0,1,1,0,0,0,4,19,0,6,0,5,3,0,0,4,0
2,2,1,8,0,0,15,0,0,0,0,5,0,9,0,0,7,0,1,4,0,0,0,5,0,0,0,1,1,2,11,4
1,0,0,0,0,0,0,17,8,2,0,6,0,0,12,0,0,6,3,1,0,4,3,0,0,4,0,8,0,7,0,0
0,4,0,0,2,5,0,15,0,0,11,0,0,0,4,2,8,0,0,2,2,0,0,0,0,6,4,2,1,0,1,0
0,0,0,16,0,0,0,15,0,0,0,0,0,5,0,0,4,7,3,0,2,0,0,0,0,0,4,6,0,0,0,0
0,11,5,9,0,0,0,13,0,0,9,0,0,3,5,0,0,0,8,0,1,0,0,2,0,0,0,0,0,0,3,0
2,8,0,2,1,0,0,14,13,9,0,6,0,0,0,2,0,0,0,0,0,0,1,0,0,1,0,0,0,7,0,0
2,0,0,6,0,0,0,0,3,3,0,0,0,1,0,0,7,0,0,3,4,1,3,1,0,0,0,0,4,0,0,9
12,9,1,3,22,0,21,12,11,0,0,1,4,15,0,0,4,3,33,0,3,1,6,0,9,0,14,3,1,6,10,0
0,0,7,0,6,0,14,0,5,0,8,13,5,0,7,0,3,1,3,1,0,0,3,4,0,0,0,0,0,6,3,11
0,0,0,16,1,0,2,5,2,5,3,0,0,0,0,7,0,7,3,2,0,0,0,0,0,3,0,0,0,0,0,1
0,4,0,0,0,10,0,0,0,0,14,0,0,0,0,0,0,1,0,0,0,2,4,1,1,0,8,5,0,4,6,9
0,0,0,0,0,0,12,0,0,0,15,0,0,0,0,5,1,0,0,0,4,0,0,1,4,0,0,0,0,0,0,0
0,1,0,0,0,0,0,2,8,3,0,12,4,0,0,0,7,4,7,3,4,0,0,1,0,0,0,2,0,8,0,0
4,0,9,0,0,0,0,0,0,17,11,0,5,4,0,5,1,0,0,0,1,7,9,3,4,0,0,2,5,6,0,2
2,0,0,0,0,0,0,0,4,0,0,0,5,0,0,0,1,0,0,9,0,0,3,2,0,1,1,6,6,0,13,7
0,6,8,0,0,20,0,0,0,0,0,0,0,0,3,5,12,6,4,13,0,0,0,0,0,0,11,0,3,0,12,0
7,2,2,0,4,0,0,0,0,0,0,1,1,3,7,0,3,0,12,0,1,0,0,2,21,0,0,11,0,0,0,7
2,3,0,6,0,0,0,0,3,0,0,4,1,0,3,2,0,0,0,0,1,0,0,0,11,7,0,0,4,2,0,9
3,0,0,0,9,0,1,19,9,0,0,5,0,0,6,9,1,0,3,4,1,0,0,4,0,4,0,0,2,17,0,0
0,0,1,23,2,0,1,0,0,2,0,0,0,0,0,0,0,0,2,0,8,1,10,1,0,0,0,4,0,2,0,12
0,0,7,0,0,5,0,8,10,5,0,2,2,0,5,4,0,7,0,4,0,12,0,0,0,0,2,0,4,0,7,0
1,0,0,0,0,0,5,10,10,0,0,11,10,0,0,3,0,0,13,0,3,0,2,0,0,0,0,5,3,2,16,12
1,0,8,0,12,0,0,0,1,0,3,0,5,0,0,0,0,1,0,0,0,5,3,0,0,0,3,0,0,5,0,0
2,0,0,0,4,0,6,0,0,12,7,0,4,0,2,0,0,1,4,4,3,2,0,7,0,2,0,0,6,0,0,15
0,2,0,0,1,0,0,0,0,11,0,0,0,0,0,5,0,0,0,0,0,0,0,0,0,1,1,0,0,1,0,0
0,0,0,4,29,2,7,0,0,0,8,0,0,2,0,1,0,0,8,2,9,0,1,1,0,2,2,5,0,1,0,0
1,0,0,0,3,1,3,5,2,0,0,0,1,0,5,5,2,0,2,0,1,2,1,0,0,7,2,0,3,8,3,18
0,4,0,0,0,2,0,2,13,5,6,0,1,0,0,0,0,0,1,0,3,0,0,0,6,0,0,0,0,0,0,0
1,0,0,2,0,11,8,6,0,0,6,9,1,0,0,0,5,1,0,2,0,0,3,0,0,14,0,0,8,0,0,3
5,0,0,8,8,4,3,4,0,0,11,0,2,5,0,3,0,0,0,0,0,0,1,7,0,0,0,0,1,7,0,0
0,0,5,4,0,10,0,0,12,0,0,0,0,2,4,1,6,0,2,0,0,8,4,0,0,3,0,14,0,2,2,7
0,8,8,0,2,0,0,0,0,0,5,0,0,2,0,0,0,2,0,0,1,1,0,0,0,0,0,0,3,0,0,0
9,0,1,0,10,0,1,0,0,0,0,0,0,1,0,0,9,1,0,0,2,2,0,0,0,0,0,0,0,0,15,16
10,6,0,0,0,0,0,10,0,7,3,7,0,0,0,0,0,3,0,5,0,7,2,3,0,0,0,1,0,0,6,0
0,1,0,0,0,0,0,0,0,1,0,10,0,0,0,0,0,2,0,0,3,0,8,1,0,0,0,0,0,1,7,0
0,0,1,0,0,0,2,2,0,2,5,5,2,0,0,1,0,5,2,0,0,6,2,0,0,0,4,1,3,3,6,0
0,3,12,0,0,5,1,0,0,6,0,5,1,6,0,0,0,3,0,0,0,0,0,0,0,2,9,5,4,8,9,14
0,0,5,0,0,2,1,0,0,0,10,0,12,2,12,0,0,5,0,0,0,0,5,0,0,0,0,3,0,0,0,6
2,0,0,2,0,0,18,2,8,0,0,0,0,3,0,0,0,2,0,8,0,6,6,0,6,1,8,0,2,10,7,0
9,8,0,4,0,5,0,4,3,0,9,0,1,0,6,0,7,6,46,5,0,0,0,13,0,9,0,0,0,10,16,19
1,1,0,10,4,0,0,7,0,7,0,1,1,3,0,0,0,0,0,0,0,0,0,0,0,0,2,0,0,0,0,0
4,0,0,0,5,2,5,0,12,0,22,3,4,0,2,0,3,0,6,0,0,0,0,0,0,0,2,0,0,16,1,0
7,4,0,2,0,3,0,2,7,0,0,0,0,0,0,0,0,3,0,0,0,0,0,4,5,5,0,0,0,0,0,18
9,0,8,0,0,0,0,0,8,0,0,0,0,6,0,13,0,0,0,0,0,8,0,0,0,0,3,0,0,0,6,0
0,0,0,0,0,24,8,0,4,0,0,6,0,1,0,0,0,0,0,2,1,2,0,0,0,0,4,0,0,0,2,7
0,0,0,1,9,3,0,11,0,0,0,7,0,7,0,0,9,0,0,0,0,0,3,0,0,3,10,3,0,0,3,0
0,8,12,4,22,0,0,8,5,1,0,0,0,8,0,0,0,0,0,5,0,1,3,0,0,4,0,0,3,1,0,7
5,0,0,10,0,20,0,0,0,0,3,10,0,1,0,0,0,1,5,0,0,0,0,1,0,4,0,6,2,0,7,0
9,2,0,0,14,0,0,0,4,0,4,4,9,0,0,1,9,2,0,0,0,0,7,0,28,0,12,1,8,0,2,18
5,0,0,0,0,0,12,7,1,0,6,9,0,0,0,6,0,0,0,8,0,0,0,1,12,0,0,0,0,0,0,9
7,0,0,13,17,0,14,0,0,1,0,0,0,0,0,2,0,4,5,0,8,0,5,0,3,0,6,0,0,6,0,0
0,6,10,4,0,1,0,0,0,0,5,0,3,8,0,0,0,0,0,0,4,0,0,0,5,0,0,0,0,0,0,0
0,0,0,2,0,0,0,0,2,2,0,0,0,0,4,0,0,0,0,7,0,0,0,0,0,4,2,0,5,0,0,0
0,3,0,0,21,8,0,23,0,0,0,0,0,12,0,1,0,0,0,3,0,0,0,0,6,0,13,9,3,11,2,32
0,0,0,3,0,3,1,4,1,0,0,7,0,0,0,1,0,0,0,3,3,0,6,2,0,0,0,0,0,2,2,9
0,0,0,18,0,0,0,4,3,0,0,0,0,8,6,0,0,3,0,4,0,0,0,5,0,0,1,0,13,8,0,0
0,0,0,9,0,10,4,0,1,0,0,0,4,4,10,3,0,0,0,2,0,0,0,1,0,3,0,11,4,16,7,10
0,2,0,0,0,0,0,0,3,2,8,3,4,5,6,0,8,2,0,0,3,0,0,0,2,0,0,0,1,0,4,0
7,3,8,8,0,0,2,7,5,0,0,2,1,9,3,2,2,3,0,0,4,9,2,0,0,0,0,0,0,0,0,17
0,0,0,5,0,0,2,7,10,0,0,0,0,0,0,0,0,0,6,3,11,0,6,0,0,4,0,0,2,1,0,6
2,4,0,8,0,0,0,0,0,0,5,0,2,0,2,16,0,0,3,0,1,8,0,0,2,0,0,2,5,0,0,4
0,0,0,0,3,0,0,0,0,0,0,0,3,0,1,4,0,0,0,0,0,0,0,0,0,0,2,0,0,0,5,0
1,7,3,0,0,0,4,0,8,1,0,1,0,3,1,0,0,4,0,1,3,0,0,0,0,0,0,0,3,0,0,1
0,0,0,0,0,0,0,0,0,4,3,10,20,1,0,0,2,2,0,0,5,0,0,1,0,3,0,0,13,0,9,23
12,0,0,0,0,9,0,0,0,0,0,0,0,3,0,0,12,0,2,0,4,1,0,0,0,3,0,0,0,10,0,8
10,0,9,0,12,0,0,4,10,6,4,5,4,0,0,1,8,7,0,0,7,0,0,0,0,0,0,0,0,0,12,0
0,1,0,4,0,2,0,1,0,3,0,0,2,2,0,0,0,0,0,0,0,0,0,0,1,1,5,1,2,1,0,0
0,0,0,0,2,14,0,11,0,0,14,0,0,5,2,0,0,0,4,3,0,0,0,0,0,1,10,0,16,1,0,2
0,4,6,0,0,0,3,4,8,9,9,0,0,0,3,7,11,1,4,5,0,0,6,0,0,0,1,0,0,0,2,3
0,1,0,0,11,1,4,0,0,1,0,0,3,0,0,14,8,0,0,6,0,1,0,2,2,0,0,1,5,8,2,4
0,0,0,7,20,12,3,0,0,2,5,5,0,3,0,6,8,5,0,5,12,4,0,0,0,0,5,12,0,0,20,0
11,0,0,1,4,5,1,8,0,0,0,0,0,0,0,0,0,0,50,0,1,0,0,7,1,0,4,0,0,0,0,0
11,5,9,6,0,0,3,2,0,0,0,6,0,4,0,2,6,13,3,10,0,5,0,0,0,0,3,0,0,0,6,15
5,1,0,0,0,8,4,0,3,0,1,0,0,4,0,0,0,4,7,0,1,0,5,0,1,0,2,0,0,2,2,15
0,0,0,0,0,0,0,0,0,0,0,8,0,0,0,0,0,0,0,6,2,0,0,0,0,2,0,0,14,0,0,16
0,8,0,2,0,0,0,0,0,0,0,0,0,4,0,0,5,5,2,0,0,0,1,1,0,0,8,0,1,13,2,0
0,0,0,5,1,0,0,0,3,7,8,0,4,9,0,0,0,0,1,0,0,0,0,4,0,2,5,0,5,10,0,0
0,0,0,5,11,0,3,0,0,0,0,3,0,2,6,4,1,2,2,1,1,0,3,0,0,2,0,0,0,5,0,0
0,2,3,0,0,19,0,6,0,0,0,10,0,10,7,0,15,1,0,2,0,4,3,0,0,0,9,0,7,1,0,3
0,5,0,1,1,0,0,5,0,7,4,1,17,0,1,0,11,0,7,2,0,0,1,0,4,0,9,0,0,0,0,1
11,0,16,1,0,12,0,0,0,0,12,0,3,1,0,0,0,10,0,1,0,0,0,5,21,0,0,5,0,0,0,0
0,0,0,0,0,0,8,0,16,0,13,5,3,0,5,7,0,5,0,0,1,0,0,0,5,7,18,0,0,0,0,1
0,0,0,0,0,6,0,14,3,3,0,0,0,0,3,0,3,4,0,0,3,0,0,2,0,1,0,0,4,0,0,0
0,0,0,0,0,7,13,0,3,6,8,0,0,0,0,0,0,0,0,1,6,0,4,0,0,0,5,0,0,0,16,0
0,0,0,0,19,0,5,0,0,0,10,10,6,0,0,0,4,11,3,9,3,0,4,0,6,0,6,1,1,0,0,0
0,0,0,6,0,0,5,6,0,0,0,0,3,12,0,2,8,8,0,0,0,2,8,0,0,0,1,0,0,0,14,8
6,8,5,6,0,2,0,0,3,0,0,0,0,0,6,0,0,0,0,0,8,2,0,0,4,0,4,0,6,0,20,33
12,3,0,0,0,3,1,9,3,0,0,0,8,0,1,0,5,0,4,2,0,0,1,2,4,0,7,0,0,9,0,19
5,0,0,3,4,8,5,0,6,6,0,0,3,0,9,1,0,0,0,0,0,0,0,7,6,0,2,0,0,0,0,0
9,0,4,7,0,0,0,0,0,1,4,0,0,0,3,0,0,14,5,4,0,0,0,0,0,0,1,0,10,0,0,14
0,0,6,0,3,13,1,0,0,5,0,3,0,0,0,0,3,0,3,3,1,3,4,4,2,3,0,0,0,0,0,0
2,11,1,0,10,0,1,0,13,0,0,0,3,0,0,0,0,7,7,1,1,2,0,0,0,9,1,1,0,0,0,0
0,0,0,3,6,9,2,0,3,0,4,0,7,0,4,0,8,0,2,8,0,0,8,0,0,0,0,2,0,1,0,3
4,0,0,0,0,14,0,0,6,6,10,0,3,0,1,14,12,3,0,0,3,0,0,1,2,0,2,0,0,7,2,4
2,7,0,2,0,0,4,0,0,0,1,0,1,1,4,0,0,0,8,0,0,0,0,0,0,10,0,1,3,1,0,15
0,9,0,0,2,0,0,0,4,0,0,8,0,0,2,0,0,0,1,0,0,0,0,9,1,8,6,0,4,5,1,0
0,0,1,0,2,0,0,0,11,0,0,2,0,0,1,0,5,0,0,0,0,0,6,2,0,4,6,3,0,0,1,0
1,0,22,7,0,5,4,2,0,0,9,0,6,1,0,0,0,8,0,0,0,7,0,6,0,0,0,0,2,0,0,0
1,0,2,5,17,0,0,0,0,0,2,2,0,4,0,2,12,0,0,5,1,0,3,2,5,0,0,0,2,1,0,12
2,0,0,0,8,0,8,0,2,4,0,0,0,0,2,0,0,7,16,0,0,8,15,0,4,1,5,0,10,0,13,11
0,0,0,0,0,0,0,7,0,4,3,0,1,0,0,0,0,2,8,2,0,4,3,0,5,1,0,0,0,0,0,0
3,2,4,0,11,0,14,6,8,0,0,0,0,0,0,0,0,0,0,0,0,2,0,0,0,0,0,0,0,0,1,7
5,0,0,3,0,0,0,3,3,0,0,1,1,6,0,0,9,5,2,0,3,2,15,0,0,0,3,0,0,0,0,4
6,1,0,0,14,0,0,12,4,0,2,9,0,0,1,7,0,7,53,0,4,6,0,0,1,2,10,0,1,2,7,0
0,0,0,0,0,7,0,0,8,1,5,2,1,0,0,0,2,3,0,2,0,0,3,0,0,0,4,2,0,0,0,11
0,0,13,0,0,6,0,11,0,0,7,0,8,1,0,0,3,4,6,0,2,0,0,0,0,0,9,11,12,0,3,6
11,5,12,0,7,0,0,5,0,3,0,4,0,0,4,0,0,0,0,1,4,0,5,0,0,0,0,3,0,4,0,9
0,0,0,7,18,0,0,8,0,5,0,5,0,0,0,0,1,0,3,0,0,7,6,0,0,4,3,0,0,5,8,4
6,0,0,3,0,1,0,0,0,9,9,0,3,0,1,0,6,5,3,0,1,0,2,2,0,0,6,0,5,0,0,0
2,0,4,9,0,0,0,18,4,0,0,1,0,7,0,0,6,0,2,0,0,1,1,0,0,0,0,6,0,0,0,0
3,0,6,0,0,0,6,0,7,2,8,1,3,2,1,4,8,0,0,4,0,0,1,0,0,10,8,2,7,0,0,4
4,0,0,0,0,0,12,0,7,0,0,2,0,2,0,1,0,10,0,2,0,0,0,0,1,2,3,0,0,16,0,13
5,2,0,7,0,6,0,0,0,0,0,0,1,0,2,14,0,0,0,0,0,0,0,0,21,0,6,1,1,0,0,17
2,4,0,1,22,0,1,10,5,0,0,6,0,0,6,0,0,2,5,0,3,3,0,0,8,2,0,6,5,0,0,4
0,6,0,0,0,12,6,0,7,0,4,1,9,0,4,9,10,2,0,0,1,0,1,0,3,7,4,3,0,0,0,14
0,0,0,2,1,0,0,7,0,4,0,0,11,0,0,2,0,0,4,0,0,0,1,2,0,3,0,0,1,0,0,7
0,0,0,9,17,4,0,0,0,2,8,0,0,5,0,0,1,0,0,0,0,0,0,0,2,0,0,0,0,0,11,0
2,5,0,0,14,0,9,0,8,0,0,0,1,4,4,0,5,0,1,12,6,0,4,0,0,8,0,1,0,0,0,22
0,4,0,0,0,0,0,3,0,0,0,15,0,4,12,3,8,0,6,0,2,0,10,0,0,0,0,0,0,5,1,4
0,6,2,6,0,11,4,0,0,0,0,0,0,2,0,4,5,0,10,3,5,2,0,0,0,10,6,0,0,1,8,0
0,0,0,7,16,0,0,0,0,0,12,5,0,3,3,3,2,0,8,0,5,0,2,1,3,0,0,1,1,0,13,0
0,0,3,0,0,0,11,0,3,0,0,8,0,0,6,14,0,1,3,3,0,0,6,0,0,0,0,0,0,6,11,26
2,2,0,0,0,1,0,0,0,3,0,0,3,4,0,0,0,2,0,0,0,0,0,3,4,1,21,0,9,3,0,0
