23,33,0,0,29,67,3,0,49,17,0,0,0,0,0,5,0,3,2,4,11,0,25,13,0,0,6,7,0,0,0,3
0,0,0,47,0,0,23,0,5,4,0,0,0,50,0,0,0,5,0,0,9,0,0,5,0,0,0,0,0,11,0,0
6,0,0,0,17,0,0,23,0,16,6,0,49,164,0,12,0,24,3,7,9,14,0,0,0,5,23,10,1,6,0,35
51,11,0,0,0,0,11,0,13,10,0,0,222,88,0,3,0,0,0,35,20,254,16,25,0,0,0,16,20,13,0,63
8,0,0,1,0,0,12,4,20,0,0,36,29,0,0,5,6,0,3,7,185,106,0,0,0,23,0,20,16,0,0,42
38,54,88,0,49,0,3,6,28,5,12,0,51,23,0,0,0,0,0,219,148,0,0,11,11,0,0,34,33,0,36,0
49,0,0,22,0,0,0,6,14,0,33,60,0,32,22,40,43,0,179,195,12,34,51,11,0,15,0,0,17,0,0,5
32,43,0,0,46,17,0,8,13,51,0,127,0,0,0,6,0,48,128,0,0,0,59,27,0,0,0,0,0,2,0,0
0,19,0,0,0,58,0,0,0,0,15,197,11,17,0,0,0,173,85,0,21,0,0,1,0,0,0,2,150,41,3,38
0,29,16,16,17,39,29,0,0,18,0,17,14,0,3,0,57,166,27,0,18,0,31,21,31,1,186,54,45,0,0,37
31,10,0,22,0,0,0,0,0,26,0,0,0,0,10,0,20,13,0,7,10,0,25,31,94,199,108,0,0,0,10,17
16,0,0,3,32,0,43,34,0,11,5,5,0,10,2,6,2,5,20,19,0,21,24,217,125,106,32,0,0,15,0,28
27,17,0,0,17,0,13,0,0,11,0,0,5,36,6,0,0,24,63,0,0,17,152,64,6,0,0,45,14,0,0,31
0,0,77,0,31,22,29,3,22,11,40,0,16,0,0,0,0,7,0,26,23,0,6,0,8,26,14,0,10,43,0,0
0,0,0,30,0,0,0,52,39,1,22,0,0,0,0,7,0,2,0,0,0,0,0,0,26,0,0,1,9,0,0,41
22,0,0,63,5,11,0,8,76,44,17,0,0,0,0,0,0,0,0,0,0,0,8,0,2,0,0,0,3,0,30,0
0,0,0,0,12,13,57,2,18,6,1,4,0,0,2,0,0,9,0,0,1,8,0,0,0,16,0,187,67,178,0,0
0,0,0,0,23,21,23,0,2,43,0,0,0,8,2,27,53,16,0,0,0,22,0,0,16,213,161,103,77,9,0,21
0,0,33,0,0,16,35,0,35,15,3,0,0,7,14,30,1,0,19,14,10,36,43,76,249,133,65,5,0,5,21,18
0,43,0,0,32,0,12,0,5,9,7,5,0,12,20,0,9,0,0,0,0,18,26,9,9,0,11,34,0,0,0,0
0,0,0,16,3,0,23,0,12,1,0,4,0,4,0,0,0,53,23,0,0,0,0,28,0,0,0,0,0,35,10,0
48,49,60,0,24,6,28,0,0,0,32,17,0,0,0,13,14,0,16,0,0,25,0,11,0,3,24,22,8,0,0,25
0,0,1,12,0,0,0,0,0,0,95,29,43,0,0,0,10,0,10,24,9,14,10,0,18,0,22,13,0,24,0,24
30,0,2,5,16,0,2,13,48,9,107,45,70,0,21,3,7,0,0,0,4,0,21,0,0,16,42,0,35,29,29,16
2,15,13,0,0,0,0,30,27,88,57,21,0,14,0,0,0,21,0,16,0,3,0,0,7,0,4,0,23,27,26,0
0,0,46,25,0,0,0,0,20,42,27,0,26,0,0,0,48,0,35,0,2,23,0,45,0,0,0,21,0,14,0,47
10,47,19,0,19,0,40,7,11,0,0,74,11,0,19,29,0,0,15,0,20,13,7,9,7,1,8,13,2,0,0,0
0,34,0,0,0,0,2,4,0,10,0,2,8,29,22,0,26,36,6,25,1,0,14,0,0,0,21,19,3,13,14,45
8,2,9,2,0,0,0,0,0,7,22,0,11,0,0,0,16,23,0,19,9,57,12,0,5,0,0,22,6,0,2,57
0,59,0,0,0,10,0,0,12,9,13,0,0,0,34,21,14,23,0,0,0,9,0,24,0,0,16,1,14,3,31,0
0,2,45,22,0,0,0,45,0,0,0,5,8,0,0,18,0,11,0,3,0,0,0,4,0,8,1,10,18,12,21,0
8,14,8,36,36,11,0,0,0,0,3,25,12,0,12,0,0,4,4,0,0,0,3,5,0,12,18,0,0,0,9,30
12,0,0,0,0,0,0,1,0,0,0,3,0,0,0,0,4,0,0,4,1,0,8,0,0,1,0,0,0,7,5,0
6,5,0,11,0,9,0,21,0,0,0,12,0,0,0,0,1,0,1,0,0,0,3,5,6,0,0,0,3,0,6,0
0,14,5,7,0,6,0,0,1,0,8,0,2,7,5,0,4,0,0,0,0,0,5,0,0,1,0,0,0,11,6,4
0,0,19,0,0,0,0,9,3,0,3,0,30,0,0,0,3,4,2,0,0,12,3,8,0,0,32,8,15,0,3,0
13,0,5,16,16,0,22,1,7,0,0,2,0,0,0,7,0,0,0,6,8,0,0,0,5,2,3,7,1,17,0,6
0,12,3,0,0,0,0,0,8,1,0,5,5,0,8,10,0,9,2,0,0,2,0,0,6,0,4,5,3,0,4,29
0,1,0,8,0,8,6,0,8,1,1,3,0,0,0,0,16,0,0,2,6,2,0,0,0,1,1,0,0,0,3,0
9,0,5,0,0,0,0,0,5,0,3,11,0,0,0,7,0,0,0,0,4,0,0,0,0,8,0,6,0,0,0,0
0,0,3,0,4,2,2,0,4,0,8,0,0,0,0,0,0,11,45,0,2,5,0,0,0,1,0,0,2,2,0,3
0,5,8,6,0,1,3,0,4,1,0,0,1,9,0,0,12,7,0,7,0,0,0,0,2,6,13,0,0,0,0,4
6,0,2,0,0,2,0,13,0,1,1,4,12,0,0,0,0,8,4,0,4,7,2,0,1,5,12,2,0,4,0,8
19,0,0,0,16,15,7,0,4,7,3,4,3,0,7,0,0,1,0,1,2,0,3,0,7,7,12,0,2,1,0,9
0,2,14,0,0,2,0,0,14,4,18,5,0,14,8,1,7,6,84,2,3,2,5,0,5,0,0,12,0,12,0,10
0,0,0,0,15,0,0,2,3,4,24,2,0,0,0,0,10,5,11,0,28,1,27,2,0,7,5,0,0,0,0,0
0,0,0,0,0,0,2,17,27,0,37,6,0,0,7,0,0,3,0,0,14,6,3,2,0,1,0,0,0,0,2,6
29,0,0,0,7,8,7,47,21,27,21,0,4,0,12,0,0,0,0,0,0,11,0,0,0,6,0,1,3,2,0,17
0,0,0,0,0,0,11,0,0,0,6,2,0,0,7,0,12,9,0,5,0,0,0,1,0,2,2,6,5,1,3,0
30,1,0,0,1,0,1,0,0,0,1,4,0,8,0,2,0,4,0,0,0,2,1,1,9,0,31,0,0,0,13,0
39,8,10,0,7,0,0,0,2,6,0,0,0,11,0,0,27,12,1,0,1,0,0,5,7,2,9,0,0,2,5,29
0,0,0,3,0,6,5,0,0,4,0,0,0,0,2,0,0,3,4,3,0,1,0,0,0,0,6,0,4,0,0,0
9,0,0,9,17,0,0,8,1,1,0,4,0,0,0,1,5,3,10,2,2,7,5,0,1,7,0,2,2,0,0,0
20,2,3,0,17,0,1,0,3,0,7,3,0,4,10,16,0,0,16,0,0,0,0,0,11,0,13,0,7,0,2,5
0,3,0,2,0,9,8,8,0,5,56,0,7,0,0,4,3,2,0,4,0,0,0,0,5,3,12,0,8,0,0,0
0,12,0,0,1,3,0,0,0,0,35,20,0,5,0,4,0,0,0,4,8,0,0,0,3,10,0,0,0,0,0,4
0,0,0,0,0,4,5,0,0,43,25,0,0,6,0,0,0,1,0,0,0,0,0,8,3,0,1,0,1,4,0,0
32,0,8,0,0,0,0,2,10,0,16,12,0,0,8,0,9,0,5,0,7,2,0,4,3,3,12,0,3,0,1,0
3,7,0,0,12,0,6,0,0,2,13,0,4,0,0,1,1,0,7,1,0,5,0,1,2,0,0,0,11,2,0,0
0,0,5,4,0,0,0,24,0,0,0,2,16,1,4,4,2,0,1,0,0,0,0,8,0,0,0,0,2,6,1,11
0,4,2,0,2,0,0,1,7,0,2,0,7,5,0,0,6,0,4,0,5,6,9,0,0,3,0,0,0,2,2,0
13,0,0,6,12,17,4,0,12,12,0,0,0,2,0,0,11,0,0,2,0,6,9,2,0,0,0,4,1,1,0,0
8,0,0,5,0,10,8,11,2,0,3,12,4,0,0,4,2,2,0,5,3,0,1,0,0,0,4,0,2,0,3,4
0,5,0,0,10,0,0,0,0,8,0,0,7,0,2,4,0,0,1,0,0,0,0,1,5,0,0,0,2,2,8,0
8,2,0,0,6,3,0,0,0,6,4,7,0,0,0,0,0,0,0,2,0,7,4,9,0,0,0,13,0,9,0,6
13,0,18,0,9,0,0,2,0,0,0,5,7,6,0,0,0,5,0,0,0,4,0,0,0,2,2,0,3,0,7,0
0,0,0,0,0,0,3,0,4,0,0,0,0,0,2,0,4,0,0,10,3,7,2,0,0,0,0,0,0,0,0,3
0,4,9,7,7,6,0,0,0,0,0,0,7,7,1,0,5,3,0,0,8,0,8,0,6,0,3,0,9,0,0,18
0,0,5,6,5,0,0,0,3,1,2,4,0,0,0,0,0,0,0,0,0,7,4,0,0,0,3,0,0,0,5,0
0,0,3,1,4,3,0,0,0,2,0,0,1,9,2,0,0,7,4,0,5,0,0,0,0,0,0,1,0,12,0,0
0,0,4,0,0,0,0,0,4,7,6,0,9,0,0,0,0,9,0,0,1,0,0,5,1,0,0,0,0,5,3,0
0,0,3,0,7,2,0,0,6,5,0,5,0,1,0,0,0,3,7,0,2,6,3,0,0,1,5,7,0,7,0,0
0,10,0,3,0,4,0,0,22,3,1,0,0,0,0,0,4,6,5,1,0,0,0,0,0,0,0,2,0,0,0,0
0,0,9,10,0,1,0,0,0,0,0,0,0,0,0,0,0,6,0,0,0,2,0,0,6,3,9,0,1,11,0,7
0,0,0,0,5,8,7,0,12,5,5,0,2,4,0,0,0,3,0,1,0,0,2,3,7,0,2,0,3,5,0,16
0,0,0,0,8,0,0,5,3,4,0,0,2,0,8,8,1,2,11,0,0,0,1,6,0,0,3,0,1,0,5,0
34,13,13,0,0,0,0,2,3,0,9,0,0,0,0,0,0,0,52,5,1,0,13,0,0,7,1,0,1,1,0,9
0,0,0,3,0,0,0,5,21,3,0,7,0,0,0,0,6,4,11,0,0,0,35,0,4,8,5,0,5,6,0,0
13,8,7,0,0,5,0,23,17,0,31,6,13,1,5,8,1,0,0,2,0,3,5,0,4,2,15,0,4,0,0,0
19,0,2,0,0,0,0,3,67,0,7,3,3,7,0,1,0,13,0,0,0,0,0,0,0,0,1,0,2,0,1,0
0,0,12,16,3,0,5,0,9,0,8,0,1,3,1,2,0,6,3,0,0,0,0,2,2,0,0,2,1,10,2,0
15,0,0,3,2,0,0,2,0,1,8,2,4,1,0,4,6,0,0,1,0,2,3,0,0,5,0,0,0,0,0,8
22,0,7,0,16,5,6,0,0,9,0,0,0,0,0,6,23,0,4,8,0,0,0,0,0,6,0,0,0,0,7,6
0,0,0,0,8,1,5,1,8,1,6,0,0,0,4,4,5,3,0,0,0,0,5,1,0,0,0,4,5,9,0,15
0,0,9,5,4,0,0,0,0,0,6,0,0,1,0,9,6,5,0,0,2,0,0,0,0,0,3,0,0,4,0,19
5,0,0,2,0,0,7,0,0,1,9,2,2,0,5,2,4,0,3,3,0,4,0,1,0,0,0,0,0,7,0,0
0,0,1,10,11,0,0,6,0,0,1,0,0,3,0,0,1,0,0,6,5,0,5,0,2,0,0,0,0,8,0,3
0,1,0,9,0,0,0,0,2,10,33,7,0,2,1,8,0,7,0,4,2,0,0,0,0,0,2,13,0,0,12,0
27,0,0,0,0,6,1,0,2,23,45,0,0,7,2,0,5,0,2,0,0,1,3,0,0,0,0,7,1,0,0,0
0,0,0,0,0,6,0,0,9,4,0,0,7,0,0,0,0,0,0,0,0,0,0,3,0,0,2,4,0,7,0,0
16,1,5,2,0,0,0,5,2,0,9,0,3,0,7,0,2,0,5,0,0,0,0,1,0,1,2,0,0,0,2,5
0,0,0,4,6,0,20,0,5,0,3,1,0,3,0,0,6,4,0,5,13,0,0,0,0,0,4,0,0,0,2,2
0,3,0,0,0,1,11,0,1,7,6,10,1,5,4,0,0,1,0,0,0,1,7,8,0,1,5,1,6,0,9,7
0,5,1,0,1,3,0,0,0,4,4,0,1,0,2,0,8,0,0,0,0,0,0,4,0,1,0,0,1,8,15,0
7,0,0,0,0,0,0,10,0,0,0,0,0,0,2,0,1,0,0,6,0,2,0,0,0,0,6,0,1,0,2,0
0,4,5,3,3,0,0,0,0,0,0,0,5,0,3,3,0,3,2,0,0,0,0,3,0,3,0,1,4,0,0,5
0,0,8,4,1,0,0,6,1,0,4,1,5,5,0,4,0,0,0,1,0,4,0,0,2,0,8,0,7,1,0,0
1,2,14,0,0,4,3,9,8,0,0,0,6,0,0,3,3,0,0,6,0,4,0,7,4,0,5,0,0,2,0,0
9,0,0,0,8,0,0,2,0,3,2,0,2,8,0,1,10,0,0,2,3,0,1,0,1,0,8,0,7,2,3,0
0,0,0,0,3,0,0,2,4,1,4,0,0,6,5,0,4,0,0,0,0,0,2,5,5,0,0,3,0,2,5,13
0,0,3,4,2,0,0,7,0,1,0,0,0,0,2,0,0,0,0,6,0,2,2,0,0,1,0,2,1,2,0,3
0,0,0,3,0,0,0,0,0,2,0,2,0,3,0,5,0,0,0,6,0,0,3,0,0,2,0,2,0,0,0,0
0,9,0,0,0,8,0,0,0,0,0,5,7,0,2,1,2,6,0,5,0,1,4,5,1,0,7,0,0,0,1,11
13,4,0,19,0,3,4,8,12,2,10,0,1,12,0,0,0,0,6,9,0,0,12,0,0,0,0,0,6,0,0,3
48,0,6,18,1,0,1,14,0,0,0,1,0,0,8,9,0,0,7,9,0,6,8,0,2,0,0,0,10,0,1,7
0,0,2,0,0,9,0,0,0,0,0,0,3,0,0,0,0,3,1,3,6,0,0,8,7,3,2,0,0,2,0,4
6,0,0,0,0,0,0,1,6,0,0,6,0,4,1,0,0,1,2,0,0,3,0,0,1,0,0,0,5,0,0,6
0,3,0,0,5,0,0,0,1,0,0,1,10,0,1,4,0,0,1,0,0,2,0,0,0,1,0,0,5,10,0,6
14,0,0,0,6,5,0,0,5,14,0,0,0,0,0,4,0,6,52,0,3,0,4,6,0,0,0,2,0,0,0,14
0,0,7,0,0,0,0,7,0,7,18,0,0,0,3,2,1,0,18,0,1,0,29,0,0,0,0,0,0,14,2,0
49,6,0,0,10,8,4,25,5,1,35,0,2,0,0,0,1,1,22,0,0,3,0,0,0,0,2,18,0,5,0,0
0,0,3,15,0,0,0,7,27,0,8,0,0,3,2,0,0,0,0,0,0,2,1,0,0,0,0,2,14,0,0,2
0,0,1,1,0,1,0,0,10,0,2,2,0,0,0,0,0,0,5,7,1,2,5,0,0,3,0,0,0,3,0,0
0,0,0,7,0,3,0,0,0,0,0,1,0,2,0,2,1,0,11,4,2,1,0,0,0,4,0,0,0,0,1,7
0,0,14,5,16,3,7,0,0,0,0,0,0,0,0,14,9,1,0,3,0,4,0,2,0,0,3,0,6,0,0,2
10,12,2,0,0,0,0,0,5,0,4,0,3,2,0,0,1,0,0,0,0,1,0,6,0,0,3,4,8,0,0,2
16,0,4,7,0,0,0,3,0,0,0,0,2,5,3,0,0,0,0,0,0,5,0,0,0,0,0,0,1,3,3,0
0,1,0,0,6,8,0,0,5,2,2,0,7,0,0,4,0,0,2,0,2,0,0,0,3,2,0,0,0,8,0,0
2,4,0,1,6,0,0,8,0,0,0,1,0,0,1,0,0,0,6,0,1,0,0,0,7,0,0,0,9,0,16,0
0,1,4,0,6,0,1,0,0,8,9,0,0,0,0,0,7,0,8,2,0,4,0,0,0,0,0,1,0,0,0,4
2,12,0,0,0,8,0,3,2,35,17,0,1,3,1,0,3,5,7,0,2,0,1,5,0,0,0,1,0,0,7,0
21,0,4,5,1,0,0,4,6,0,0,0,0,0,1,0,0,0,0,2,0,0,0,0,0,0,9,0,0,5,7,0
5,7,11,6,0,4,0,1,6,0,3,0,0,0,0,0,0,0,1,0,0,0,0,0,2,0,0,1,0,0,10,0
0,0,0,4,0,8,4,0,6,0,6,8,0,1,0,4,8,1,2,0,1,0,0,4,5,0,0,0,0,1,5,0
0,0,0,0,0,3,0,0,0,0,6,4,0,0,3,4,4,0,1,0,0,0,0,3,0,8,0,2,0,0,12,0
2,3,0,14,0,3,0,0,0,6,9,5,1,2,0,0,1,0,0,4,2,0,7,1,1,0,0,0,3,2,0,0
0,5,0,0,1,0,2,0,0,0,0,0,10,1,0,3,0,0,5,0,0,0,3,2,0,0,13,1,0,0,0,0
0,0,11,0,0,0,0,0,12,0,0,0,0,0,2,0,0,0,2,0,3,0,4,9,0,0,0,0,0,0,0,0
15,1,13,0,0,7,3,0,0,0,0,0,0,0,0,0,1,0,0,2,0,0,0,2,0,0,0,4,4,1,0,8
0,0,1,0,3,1,5,1,1,0,3,4,0,0,0,0,0,9,0,9,0,5,0,5,0,4,2,0,1,0,0,0
5,0,0,6,0,0,0,0,0,1,0,0,6,0,6,0,8,0,0,10,0,0,0,0,0,5,0,5,3,4,0,12
2,1,2,0,0,0,0,1,3,4,1,0,3,5,0,0,5,0,0,0,5,0,9,0,3,2,0,0,0,0,0,1
5,4,13,4,0,0,2,0,0,7,0,0,6,0,0,4,2,0,3,0,0,6,0,0,0,0,0,0,0,6,0,0
0,0,6,0,0,0,0,0,0,2,9,0,0,3,0,5,1,5,0,7,3,3,0,5,4,0,0,0,0,0,0,0
0,0,4,3,0,3,0,3,2,4,0,6,0,0,3,6,0,0,12,0,2,5,11,7,1,1,0,0,0,3,0,0
2,0,0,8,0,0,0,3,0,0,0,2,1,0,0,8,0,0,0,4,8,6,5,0,2,0,1,0,0,0,0,8
58,0,0,7,0,11,5,0,14,6,4,0,3,0,0,1,0,0,6,7,0,5,6,0,0,7,0,0,0,1,7,0
0,10,0,0,0,0,0,0,6,0,0,5,2,1,0,1,5,0,0,1,0,0,0,0,0,0,9,0,2,0,0,0
0,5,3,0,0,8,6,1,6,0,6,4,0,1,0,3,5,1,3,0,5,3,8,4,0,0,0,0,5,0,14,0
0,0,0,9,0,0,0,7,0,0,4,4,2,0,4,0,0,0,0,0,0,3,0,0,0,7,0,4,0,1,6,2
0,0,0,3,1,0,1,1,0,0,6,1,8,0,2,0,0,1,34,0,0,0,0,2,0,0,0,0,1,4,0,0
0,5,3,0,0,0,3,4,21,13,0,0,0,0,1,0,0,12,3,7,0,0,37,3,3,8,8,2,0,0,0,0
61,0,0,7,4,0,2,40,4,3,19,0,0,3,3,1,6,1,4,0,0,0,13,2,6,3,0,2,0,0,0,4
24,0,17,4,2,0,0,4,25,0,1,1,0,0,7,2,0,1,1,0,0,4,0,2,0,0,5,0,5,0,3,0
0,0,0,0,0,9,1,0,10,0,0,0,0,0,0,0,6,1,0,6,4,9,0,0,7,0,0,0,6,0,0,0
6,0,0,1,17,6,8,0,0,0,0,0,8,5,6,5,0,0,0,0,0,6,3,0,1,0,0,9,15,1,6,0
0,0,0,1,1,0,5,2,0,0,6,2,0,0,1,14,0,3,0,0,1,8,0,0,3,0,5,0,0,1,0,0
6,0,0,6,0,6,0,2,0,1,4,2,0,0,0,2,0,0,5,1,0,0,2,0,1,1,0,0,0,6,0,0
0,1,5,0,0,0,2,1,9,9,0,0,0,0,2,5,0,0,2,0,0,0,0,0,4,0,9,7,0,4,0,0
5,3,0,0,0,0,1,0,0,3,2,3,0,0,0,0,0,0,0,3,0,0,0,0,0,1,13,0,0,5,4,14
2,0,8,0,0,5,0,9,3,0,0,5,8,0,4,1,0,0,2,2,0,2,2,0,4,2,3,0,10,0,2,25
0,8,3,6,10,0,6,0,2,1,2,1,5,0,0,0,3,0,9,6,4,7,5,0,3,0,0,1,0,3,13,0
3,0,0,0,0,0,3,5,0,39,31,4,0,2,0,3,0,4,0,0,2,1,0,0,9,0,5,7,6,0,0,16
10,5,0,0,0,0,0,0,6,4,5,1,0,0,6,0,0,0,3,2,3,0,4,7,0,0,0,3,0,8,0,6
6,2,0,0,3,7,0,0,0,8,3,2,0,0,0,0,0,0,2,10,3,0,0,2,0,0,0,4,0,0,0,2
0,0,0,0,0,9,4,1,0,2,0,0,0,18,4,0,7,6,8,3,0,0,0,0,0,0,1,7,1,0,2,0
0,0,0,0,3,0,0,0,0,3,0,0,0,0,3,0,0,0,7,0,0,0,0,0,0,0,0,0,0,4,0,0
2,2,5,2,0,0,2,0,0,2,0,0,0,8,0,4,1,2,9,2,0,0,4,0,0,3,0,3,0,1,0,0
0,0,8,0,2,0,0,2,0,2,3,0,4,1,0,0,12,6,0,0,0,7,6,0,0,0,0,2,0,4,1,0
0,0,0,2,3,0,0,0,0,0,0,5,8,8,1,0,1,7,1,1,0,0,0,6,0,0,0,0,0,3,0,0
0,9,0,2,6,3,0,0,0,12,0,0,0,5,0,0,2,0,0,0,3,0,0,9,0,0,0,0,0,6,0,0
0,2,0,0,5,0,0,10,0,5,3,0,0,0,0,6,0,0,2,1,1,0,0,0,0,1,1,0,1,0,1,0
2,0,0,0,0,0,4,0,2,0,6,0,3,3,0,4,0,3,2,1,0,0,0,0,0,3,0,0,2,11,0,25
3,0,2,0,8,3,3,1,2,3,0,1,0,2,0,3,2,0,0,12,0,0,6,2,0,4,0,0,0,0,5,3
0,0,0,0,0,6,0,0,5,3,5,0,0,3,1,0,0,2,0,0,5,0,0,16,5,0,0,0,0,0,7,0
0,0,23,0,1,0,0,0,8,4,0,0,3,0,0,0,1,2,0,4,0,0,0,2,0,5,4,0,0,0,1,2
0,8,0,0,0,1,0,0,0,6,0,4,0,0,2,0,0,0,0,1,0,0,0,0,0,0,1,0,0,3,5,0
0,0,11,0,0,2,0,5,0,3,0,0,4,9,0,3,0,0,0,3,0,3,0,0,0,0,0,1,2,6,0,0
3,8,6,0,0,0,0,9,4,0,0,6,0,0,6,9,0,0,3,3,3,1,8,3,0,0,0,0,6,0,0,13
0,0,0,0,0,1,1,8,0,3,4,0,10,0,0,0,0,1,0,2,0,0,0,0,0,0,0,0,3,3,0,0
0,6,0,0,0,0,0,4,3,1,0,0,5,0,4,0,0,2,2,1,3,0,3,9,0,0,0,0,0,6,2,15
0,7,1,0,0,3,0,0,4,2,6,0,0,0,0,0,0,2,0,4,0,0,0,0,0,0,5,3,0,0,0,0
3,0,14,1,0,0,0,11,0,0,0,5,9,0,8,0,5,1,49,0,0,3,0,0,0,0,2,1,7,10,0,10
27,5,0,0,0,0,0,3,31,6,0,2,0,10,0,0,13,0,18,6,0,0,21,0,0,7,0,0,0,0,3,0
31,9,0,13,0,2,0,0,12,0,0,0,4,11,0,0,0,9,4,0,3,0,7,1,0,1,0,4,0,0,0,0
0,0,5,0,0,4,0,0,5,11,0,0,2,0,0,0,0,0,9,11,2,0,8,9,5,0,0,0,0,0,0,12
4,2,0,2,0,4,0,0,6,3,8,2,0,0,0,0,0,0,0,5,2,0,2,0,4,2,6,0,0,6,0,1
0,0,8,0,6,9,0,9,1,0,10,0,16,2,3,0,14,0,5,0,6,2,0,3,3,0,2,3,0,1,0,6
17,0,6,0,0,0,2,9,6,0,7,3,5,0,3,6,0,2,5,5,5,0,5,5,0,0,11,0,0,0,0,0
0,0,0,0,5,0,7,12,3,0,8,0,9,0,0,0,0,0,0,0,8,10,4,4,9,0,23,0,1,2,2,0
0,14,0,0,8,0,0,0,4,6,0,0,0,0,0,0,2,2,2,0,0,7,5,5,0,0,1,0,0,0,0,0
0,2,1,0,0,5,0,0,14,3,1,12,0,0,7,0,8,0,0,0,1,0,0,0,3,0,15,0,0,1,2,7
0,9,0,0,1,0,0,0,6,2,0,1,0,1,0,0,4,0,1,3,4,3,6,0,0,0,0,0,0,0,0,0
22,9,0,0,0,0,6,1,0,1,25,0,1,0,3,0,0,6,7,4,0,1,0,0,0,7,0,0,0,0,0,21
13,1,22,2,0,0,8,2,0,33,7,0,0,0,0,6,0,2,0,5,0,0,0,0,0,0,8,0,9,7,0,0
0,4,0,0,16,1,0,0,0,3,0,3,0,0,0,0,3,9,0,2,0,6,1,2,0,0,0,0,0,0,0,7
0,8,0,11,1,11,0,0,10,5,4,0,3,1,2,5,2,2,0,10,3,0,7,4,0,0,4,0,0,5,7,3
9,0,1,0,0,13,0,0,0,0,0,0,1,9,0,12,0,4,0,0,5,6,5,1,3,5,8,0,1,0,0,12
15,0,5,5,2,0,0,6,9,0,6,2,1,0,0,11,0,0,0,0,0,3,2,0,0,0,2,0,3,0,0,9
0,3,7,0,0,0,3,0,4,0,12,0,1,0,0,0,0,0,6,3,1,0,8,0,0,0,0,11,0,1,0,0
0,0,0,0,2,0,0,1,0,3,0,5,0,4,0,8,0,1,2,0,14,4,0,0,2,0,0,9,0,0,0,0
0,0,8,0,0,0,0,2,0,10,1,2,0,0,0,0,0,0,2,0,1,2,1,0,1,6,0,0,1,2,9,1
10,6,0,0,18,5,0,0,0,16,18,0,0,0,1,0,6,2,2,9,5,0,0,9,3,0,0,0,5,5,3,2
0,0,0,0,0,0,0,16,10,0,61,0,5,11,10,0,1,0,13,0,0,25,2,15,0,0,34,0,4,5,0,0
0,3,0,0,29,0,17,0,22,0,49,20,0,0,0,24,0,0,0,0,0,12,23,14,1,1,0,0,0,28,2,0
11,0,17,10,0,19,4,0,29,48,0,41,26,0,0,5,0,0,0,32,0,0,36,29,1,3,0,46,8,11,6,0
0,0,0,32,38,0,19,19,0,0,0,0,0,5,0,7,8,0,0,0,0,28,0,2,0,0,0,0,3,16,0,0
0,0,0,0,21,8,0,18,19,0,5,29,8,0,1,5,0,3,0,11,8,0,9,18,0,0,13,6,1,0,24,2
0,12,18,0,30,0,21,0,0,0,0,13,0,0,0,87,11,16,2,0,127,0,0,26,0,3,38,0,0,0,0,59
5,50,26,0,0,5,11,3,4,0,55,0,0,0,13,0,0,0,12,9,0,0,33,15,0,0,26,0,12,68,39,0
0,26,0,0,12,0,1,21,0,0,0,143,40,0,0,48,0,0,11,0,0,25,19,0,0,8,23,0,0,26,0,41
20,3,34,4,0,0,30,3,0,0,0,31,0,1,0,34,3,0,26,0,0,0,22,0,0,1,0,29,15,4,0,45
12,54,0,0,9,0,19,38,87,70,0,7,0,0,11,0,159,197,0,22,0,2,36,28,7,0,0,8,0,23,0,39
20,29,0,12,0,0,11,220,243,164,10,3,14,20,5,4,254,50,9,0,1,201,43,163,55,9,23,2,0,22,58,27
73,0,0,14,40,4,60,66,30,92,55,53,0,18,39,42,14,15,38,100,106,35,46,36,0,0,43,0,14,14,54,80
12,12,22,0,0,89,228,254,44,79,64,0,20,97,0,0,0,0,0,126,215,0,47,0,8,17,39,0,18,16,10,6
11,21,5,0,46,247,114,174,77,9,157,20,78,65,62,51,0,0,0,22,7,0,0,0,5,12,1,0,0,25,52,65
48,0,43,74,107,5,19,73,17,51,73,6,43,4,78,0,1,12,41,0,31,0,0,0,0,4,0,1,1,0,13,3
39,0,135,37,29,24,52,16,0,0,31,43,4,0,29,12,12,0,12,12,30,102,66,14,11,20,26,0,4,4,0,0
82,0,53,42,0,0,13,0,0,0,0,0,73,46,57,12,24,0,0,5,25,0,6,10,15,10,15,0,42,29,0,8
90,2,93,140,28,37,0,16,30,0,0,0,27,23,68,75,37,0,34,28,9,3,0,0,0,0,8,14,3,0,8,22
0,0,27,0,36,0,12,16,12,1,0,10,3,10,34,41,9,20,10,5,0,0,9,1,0,21,0,0,1,1,4,12
65,0,5,0,0,0,0,28,17,128,12,0,25,17,0,4,0,0,0,0,0,17,0,0,0,0,32,19,0,12,38,0
41,0,59,22,0,0,14,154,87,26,36,0,32,0,6,23,14,0,0,7,21,0,7,7,7,10,60,14,0,34,0,22
0,0,13,0,13,0,91,121,36,205,216,153,51,0,16,0,48,16,30,24,27,16,0,0,1,18,4,0,25,11,0,0
0,65,42,0,13,125,191,192,0,80,234,68,13,50,10,34,0,1,5,0,13,5,5,4,14,0,0,29,0,0,0,50
0,0,0,50,0,1,99,180,193,242,63,11,17,0,9,11,0,0,7,64,14,0,28,0,27,0,0,0,0,17,0,74
0,45,59,0,38,34,77,95,162,94,200,0,0,0,0,2,0,0,0,0,13,0,5,0,34,15,0,0,0,73,41,86
82,12,0,10,0,10,14,55,44,19,0,0,20,0,20,16,19,11,30,5,0,19,21,0,0,0,41,0,35,3,0,0
25,0,0,0,0,0,0,0,0,1,0,0,2,0,24,0,9,5,23,0,4,0,0,15,4,0,0,0,0,22,0,12
0,30,0,9,33,23,0,12,2,0,46,0,4,28,0,0,2,5,28,0,10,16,0,5,11,0,10,0,20,0,35,5
0,0,15,15,8,0,0,0,0,0,0,0,0,6,0,0,0,0,0,0,7,0,0,0,0,11,0,0,0,2,0,3
34,0,7,50,15,34,0,0,5,4,0,0,0,21,7,17,0,1,13,0,0,0,0,38,0,0,17,0,23,13,0,59
0,0,36,0,0,0,0,0,13,5,0,24,20,0,0,19,0,23,0,0,0,0,0,11,0,19,0,0,0,0,0,19
93,32,24,0,0,0,23,5,14,0,0,0,28,21,0,20,5,0,31,8,6,4,28,24,0,0,0,26,0,0,24,0
0,0,48,0,0,0,21,0,0,0,0,51,5,0,0,0,0,9,0,0,0,6,0,0,0,0,11,0,0,0,11,46
34,0,0,0,0,11,11,0,35,27,48,0,0,0,0,0,0,6,0,0,6,0,29,4,0,0,0,21,0,27,0,0
7,0,28,5,36,0,11,29,2,0,1,3,0,0,3,9,21,0,0,0,0,9,0,0,0,0,16,2,16,27,4,0
0,0,0,31,27,12,20,0,30,0,30,0,3,12,0,7,159,7,23,0,17,12,13,4,0,4,0,0,0,0,0,14
35,0,0,3,28,0,0,0,0,0,10,0,0,16,0,9,0,12,0,6,0,0,16,9,0,0,0,0,0,5,0,26
44,0,10,9,0,0,8,0,0,0,4,0,0,45,0,0,10,28,10,0,0,14,0,0,0,0,0,28,41,30,23,0
79,12,18,0,3,8,5,16,0,0,9,0,4,62,0,0,22,10,2,10,0,0,54,112,89,3,0,0,0,28,34,16
0,2,0,0,34,24,0,0,43,0,9,36,0,0,0,5,1,20,0,0,2,90,49,70,0,18,0,0,10,5,24,0
31,0,0,0,27,9,0,33,7,0,0,0,2,3,18,0,7,0,11,144,116,0,1,17,0,0,117,31,44,1,4,23
0,0,0,0,20,23,5,0,26,19,13,0,0,0,0,20,18,7,27,15,4,0,0,0,4,20,176,168,0,3,0,0
43,0,0,0,0,0,0,0,0,57,0,4,0,0,2,0,19,0,29,0,0,13,0,0,0,5,16,1,0,0,0,0
0,0,66,0,0,0,4,0,28,30,50,28,0,3,0,0,2,0,63,0,11,4,0,34,2,25,21,1,0,0,5,0
0,7,0,17,4,0,87,40,38,14,36,6,9,4,0,0,15,0,9,1,0,19,1,0,16,0,0,20,11,0,5,23
0,0,22,0,20,31,0,23,37,12,15,0,110,0,28,0,22,9,42,0,0,16,0,0,6,10,70,0,3,0,0,44
0,0,5,8,0,5,0,1,8,10,0,5,0,0,4,0,16,3,12,0,20,2,0,0,14,0,2,0,0,0,0,0
69,0,34,0,29,0,0,0,4,0,26,0,5,1,10,0,14,0,0,3,0,5,36,32,40,0,7,0,0,0,0,0
0,0,25,0,0,0,3,0,0,0,0,0,9,0,47,0,31,0,0,0,19,41,0,0,0,2,0,4,0,21,0,6
0,0,0,24,0,0,0,0,20,0,0,5,10,30,30,21,0,0,0,0,0,0,12,0,9,0,12,0,0,18,0,0
11,5,9,0,0,0,19,0,0,2,0,0,0,0,0,0,14,1,20,4,0,0,0,0,0,0,0,13,0,0,9,2
0,30,0,0,6,6,2,1,0,0,0,0,0,11,10,4,0,0,0,0,10,0,0,1,9,0,0,0,23,13,0,24
32,16,0,7,18,0,4,13,8,36,0,8,6,0,5,7,0,3,0,0,0,1,0,0,0,0,4,18,16,0,0,0
13,0,0,0,7,7,0,0,63,7,52,0,10,9,5,0,0,21,8,0,0,0,2,3,0,0,0,0,0,0,0,18
53,0,29,1,7,0,0,5,9,34,67,0,12,0,6,3,0,6,12,7,0,0,0,0,9,0,11,0,7,8,2,0
0,0,0,0,0,1,0,7,5,38,61,11,0,0,0,0,4,0,0,0,0,0,19,0,0,0,0,3,0,0,0,1
0,0,3,2,0,0,4,0,0,4,11,2,0,0,2,0,7,0,2,3,0,0,0,1,3,0,0,2,0,0,0,0
13,2,15,5,0,0,0,7,0,0,7,6,4,0,5,0,4,14,0,0,3,0,14,0,0,4,0,0,0,0,0,5
0,0,0,4,0,0,0,0,0,0,0,9,4,0,2,0,0,1,0,0,0,0,0,0,0,0,0,0,0,0,0,14
12,0,2,7,8,0,7,3,6,0,8,0,0,0,0,0,1,0,2,2,0,0,3,0,0,10,2,0,0,0,0,9
4,11,10,0,6,6,0,0,0,0,0,1,5,6,0,3,0,5,0,0,5,0,0,0,0,0,0,0,6,2,11,0
0,0,5,0,0,0,0,3,0,5,0,0,0,6,0,9,0,0,0,10,0,0,5,0,0,0,0,7,0,0,5,0
0,0,0,3,23,1,10,0,0,0,0,0,5,0,0,0,0,6,0,0,0,0,0,0,3,0,1,1,0,0,0,0
0,0,0,0,4,0,0,3,3,0,0,3,3,0,0,1,15,1,7,0,4,6,8,0,0,0,10,0,0,9,0,1
1,0,0,0,0,4,0,4,5,3,0,0,0,4,0,2,0,4,6,1,1,2,3,5,2,0,0,5,0,7,5,10
0,0,0,0,0,0,6,1,0,0,2,7,0,5,3,5,4,2,0,0,1,1,0,0,0,0,0,0,6,0,2,13
0,3,0,0,8,0,7,0,0,0,0,6,0,0,0,0,1,1,0,0,0,0,7,0,4,13,9,4,0,1,1,22
1,0,5,0,0,4,0,0,0,1,0,0,0,6,0,1,0,0,1,14,0,0,2,0,0,0,0,1,0,1,0,14
4,0,0,7,6,8,1,3,0,5,0,3,0,0,0,5,1,4,5,0,0,0,0,1,0,7,6,5,0,7,0,0
0,12,4,0,3,0,0,0,0,5,2,3,2,5,9,2,0,0,4,0,0,0,11,6,0,3,0,0,0,18,0,0
8,0,0,5,0,0,4,5,1,0,2,14,0,25,1,0,0,0,7,2,1,5,0,0,0,8,0,0,0,0,0,0
0,10,2,2,0,0,0,0,0,8,0,0,2,5,0,3,7,2,13,0,0,4,0,0,0,0,0,1,5,4,0,0
29,0,12,0,1,6,0,5,0,4,1,0,0,0,6,5,8,0,1,0,0,0,13,6,0,0,0,0,0,0,0,0
48,4,0,4,0,8,4,0,2,0,4,0,1,0,0,0,0,0,0,11,0,0,0,0,0,0,0,0,0,0,9,0
29,0,2,0,0,5,0,3,7,1,3,0,6,0,0,3,0,0,4,2,0,0,4,0,0,0,0,0,2,6,0,0
0,8,9,2,0,7,12,0,3,10,0,19,0,7,0,0,0,3,47,0,1,0,0,3,0,3,0,12,5,0,4,7
39,0,16,0,7,6,41,3,20,20,11,0,48,0,7,0,0,0,0,0,0,3,4,0,0,0,0,0,8,8,3,2
55,6,0,6,5,0,7,42,3,0,32,10,54,2,4,0,0,1,5,4,7,0,1,0,0,2,11,0,0,0,0,0
30,5,17,0,19,1,0,2,0,1,3,8,0,0,2,0,0,14,3,3,0,0,0,4,0,0,1,0,0,0,7,0
62,4,0,0,12,0,0,0,0,0,0,0,0,6,1,0,1,1,0,0,0,13,0,8,12,0,0,0,7,7,5,0
40,4,0,0,6,0,0,0,0,9,0,5,8,5,30,2,8,0,4,6,0,17,0,1,2,0,0,0,0,3,0,5
48,2,0,0,0,3,4,3,0,0,0,1,0,0,10,16,0,0,0,0,1,0,2,0,6,1,1,5,0,4,0,0
0,3,0,0,0,11,0,0,5,0,5,0,0,0,0,0,9,7,0,0,6,4,0,6,0,0,9,2,1,13,0,2
11,8,0,0,6,0,0,12,0,0,0,8,0,0,0,5,0,2,5,4,0,0,5,4,8,4,0,0,0,0,3,0
1,13,0,10,0,12,0,0,7,2,0,0,1,1,0,0,0,5,0,0,0,0,0,0,0,0,0,0,8,11,0,0
35,6,0,1,0,0,0,10,29,26,47,0,0,4,11,0,6,4,3,0,0,2,5,0,0,0,2,0,0,0,0,0
25,0,0,4,0,0,0,0,4,47,19,0,0,3,0,0,1,8,0,0,7,1,0,2,0,0,2,9,0,0,0,4
33,0,9,4,7,0,7,18,3,20,32,4,0,0,0,0,8,0,4,6,6,0,8,0,0,0,2,3,0,12,0,1
2,3,0,1,7,12,0,5,3,2,4,8,0,0,1,0,0,1,5,0,2,0,0,4,0,5,0,0,0,4,2,0
0,1,0,2,7,0,4,0,0,0,13,0,10,8,0,0,2,0,0,2,0,2,0,0,0,1,0,1,0,4,16,0
0,0,0,3,3,2,0,3,6,0,0,22,0,0,2,4,0,0,0,0,0,1,0,0,0,1,0,0,7,0,25,0
2,0,0,0,1,6,0,10,8,0,0,0,0,5,0,0,0,4,1,10,7,0,12,0,0,0,0,5,3,6,2,0
7,0,5,5,0,0,0,10,0,0,0,0,10,0,0,0,0,0,0,1,0,2,0,0,0,2,0,1,0,4,0,0
8,0,0,0,5,0,0,8,0,4,0,0,5,0,0,0,9,2,0,2,0,2,9,0,0,1,0,0,1,0,0,0
3,0,1,3,7,0,0,7,0,3,0,0,0,3,0,6,8,0,4,6,0,1,0,7,3,0,0,7,1,2,0,0
48,0,30,0,0,0,0,66,2,39,18,40,0,10,0,0,0,3,32,19,0,16,0,17,0,0,41,0,2,21,0,40
13,0,16,0,0,17,1,0,0,23,36,27,0,13,0,30,37,12,19,0,5,13,5,0,0,0,9,0,0,0,0,0
0,18,0,4,0,0,0,4,4,0,36,23,52,19,37,9,16,8,0,4,0,0,0,32,0,16,0,16,29,0,0,16
0,26,39,21,52,0,0,23,19,29,12,0,0,0,2,0,0,17,0,0,0,0,0,0,0,0,0,0,0,27,0,12
48,8,0,50,0,0,0,0,14,0,7,0,0,0,46,0,18,0,0,12,0,0,0,0,6,11,13,5,7,0,9,0
41,48,19,0,0,9,2,0,18,2,3,188,0,0,0,0,0,0,0,13,8,18,19,13,0,0,0,0,20,0,13,0
0,27,0,2,38,0,0,0,16,10,92,145,0,7,0,4,2,3,55,0,0,3,0,28,0,5,11,0,2,20,7,0
0,51,13,3,0,0,4,2,0,0,96,112,6,7,0,0,6,94,34,1,0,6,2,10,3,8,2,0,0,0,0,40
0,22,19,0,25,12,42,0,0,0,112,40,0,0,0,5,145,54,12,4,0,6,15,14,0,6,20,0,7,0,0,78
0,8,0,0,25,0,45,0,0,3,0,66,38,16,0,0,7,176,0,0,8,0,9,0,0,0,54,165,0,8,68,53
0,0,44,0,19,0,0,0,0,0,0,16,36,0,18,0,0,0,0,54,0,0,64,9,93,44,90,0,0,31,0,0
0,0,0,0,13,3,9,11,23,214,42,1,0,13,0,4,0,29,0,6,3,0,36,142,0,47,34,0,0,0,0,0
0,0,0,0,8,0,0,41,254,213,98,16,0,0,0,7,19,2,74,10,1,25,112,61,16,14,0,27,2,0,14,84
0,0,0,53,0,3,66,60,146,236,168,30,1,0,15,0,0,0,0,0,216,105,49,0,6,0,8,19,16,0,21,12
53,0,28,12,17,0,14,122,177,36,0,0,0,43,0,0,0,0,16,18,68,42,6,0,5,0,12,0,0,11,0,38
2,0,0,0,0,4,31,47,29,4,0,0,0,11,22,6,0,11,0,2,0,0,0,0,10,0,0,36,18,0,36,20
0,8,0,6,30,38,57,0,0,0,13,0,32,3,0,0,20,0,3,24,5,0,1,0,3,0,0,0,0,0,35,0
0,0,0,0,31,20,31,0,0,21,0,0,16,93,21,26,0,19,16,0,0,24,2,0,0,66,108,89,163,82,82,60
0,47,16,0,38,20,40,0,18,0,31,29,0,5,33,40,50,0,25,17,8,125,131,114,188,23,183,34,0,27,7,0
0,6,0,0,34,20,0,0,0,18,21,15,0,0,0,180,192,32,40,0,0,0,254,177,23,33,0,18,0,0,33,0
0,0,60,0,43,0,0,0,2,0,20,11,31,0,85,42,245,45,0,0,0,17,0,12,16,13,11,18,0,9,14,46
0,7,0,0,0,0,0,0,0,34,0,74,0,18,0,43,0,0,0,34,11,0,0,37,10,12,13,0,5,9,0,26
0,0,0,0,16,0,0,0,31,67,84,0,35,31,0,3,0,6,0,0,0,0,22,0,0,0,0,0,0,54,0,16
76,0,20,9,24,0,15,0,100,24,203,210,78,10,10,0,5,19,35,3,22,0,0,6,2,10,0,0,11,15,14,41
0,0,0,0,14,19,0,5,2,198,51,102,0,0,0,0,0,7,0,0,26,25,7,2,0,4,5,0,0,27,0,49
40,0,0,14,31,0,0,22,140,198,89,82,3,0,12,0,0,9,0,0,0,8,0,7,18,0,20,13,0,11,2,17
0,0,0,0,0,14,0,0,35,11,202,185,150,0,3,48,0,203,217,25,6,3,0,6,0,0,0,0,0,22,14,0
5,0,62,0,33,6,0,37,58,23,26,0,27,33,10,0,31,11,128,38,0,0,2,29,0,0,22,0,17,8,7,0
14,0,30,0,96,13,0,11,0,0,14,2,0,7,17,6,0,20,18,0,0,0,0,16,0,27,0,20,0,0,36,0
0,9,31,0,50,0,5,11,11,0,22,22,38,41,5,0,0,7,0,0,5,8,0,0,0,0,0,36,0,0,14,0
0,1,0,49,0,0,0,8,0,0,10,14,41,0,8,0,1,8,0,26,0,0,6,0,25,25,0,0,0,8,0,0
0,3,44,6,22,0,56,0,20,26,10,9,28,20,25,0,16,4,0,0,0,2,0,17,0,0,5,8,14,0,22,0
97,1,76,0,0,9,5,0,0,43,0,8,7,0,27,16,0,24,0,0,0,0,34,0,18,0,0,0,0,13,0,0
50,0,44,0,0,22,0,9,0,0,0,27,163,156,0,0,1,3,0,2,8,2,55,14,51,0,21,0,1,3,0,4
0,7,0,0,28,10,0,0,0,0,21,0,196,96,0,24,2,7,0,0,4,0,0,17,0,6,11,0,1,2,8,0
0,0,67,0,20,0,5,57,0,0,0,45,17,0,0,0,10,5,33,0,15,82,78,0,0,29,28,5,41,0,25,41
53,2,43,12,0,18,20,16,17,0,11,3,0,0,0,15,8,0,0,0,151,159,0,0,0,4,0,0,0,9,0,4
0,0,0,0,20,28,22,0,0,6,6,1,21,0,0,0,11,9,14,180,124,0,0,11,0,4,0,0,0,11,0,2
29,0,0,0,29,6,0,0,0,0,0,0,0,0,11,0,31,10,191,202,0,17,23,0,37,0,0,0,4,1,0,27
0,0,0,26,33,0,0,24,0,3,0,17,6,0,0,17,0,74,248,2,0,48,18,0,0,0,13,5,0,19,20,0
0,20,7,0,0,25,17,0,29,16,5,0,2,0,0,0,0,100,8,2,12,0,40,0,0,7,23,37,82,0,0,26
52,0,22,0,0,24,9,0,0,0,0,46,0,15,0,12,36,6,0,0,0,0,24,0,9,7,253,225,254,14,20,0
0,0,15,0,0,3,0,0,29,4,0,5,16,1,0,12,0,0,0,0,25,6,4,0,72,74,107,158,11,7,0,0
16,0,14,67,0,0,0,21,9,4,0,33,23,0,0,4,16,0,1,7,0,4,6,2,176,186,3,11,0,63,0,0
9,36,0,0,0,0,4,12,0,29,0,4,7,0,0,28,0,0,57,14,0,12,51,12,38,7,20,8,22,0,8,0
0,0,0,26,0,0,35,0,18,46,19,0,26,0,0,0,6,27,0,3,49,0,33,0,5,0,1,26,0,0,0,0
43,17,0,0,58,12,0,65,16,0,27,2,16,0,6,0,0,0,28,0,0,1,0,0,0,6,0,0,0,0,10,8
54,20,0,0,0,14,13,0,28,43,0,0,0,24,0,1,7,12,0,10,0,0,1,9,8,0,23,0,1,5,28,0
44,0,0,17,60,4,32,18,9,0,0,41,11,0,18,27,0,0,0,0,0,0,0,26,8,11,0,0,2,0,3,27
24,0,0,0,29,7,0,0,22,0,0,0,19,0,47,0,52,4,0,0,3,0,0,14,0,26,59,78,162,109,35,0
0,0,0,0,4,0,0,13,5,16,0,5,0,0,22,0,0,0,0,11,0,32,1,206,89,249,157,67,0,0,18,7
55,15,58,0,46,16,0,0,9,0,6,23,6,0,30,2,0,15,1,0,12,15,54,82,11,19,2,0,5,0,11,27
75,25,33,0,18,0,14,10,3,0,27,0,0,13,15,0,0,0,22,0,10,0,6,11,0,1,0,30,17,0,14,0
27,0,6,41,0,12,0,34,7,11,7,0,0,8,10,0,0,0,6,0,10,17,0,13,0,20,0,0,0,11,0,3
35,13,0,0,0,0,0,0,52,14,83,17,0,18,0,1,7,8,0,30,0,34,22,0,27,5,0,7,5,0,0,21
0,35,24,4,0,10,25,2,71,39,98,0,2,15,8,0,22,19,1,1,15,20,0,0,0,0,0,0,0,0,0,0
0,0,0,6,24,0,0,7,0,50,120,20,22,0,14,16,0,0,0,1,0,9,4,16,12,30,0,17,0,17,0,0
18,0,0,23,24,0,0,0,13,35,34,2,0,0,11,0,37,0,6,0,43,6,40,8,0,9,0,0,10,0,0,9
49,16,0,15,0,4,0,12,6,22,0,11,21,0,0,15,8,0,11,0,16,0,0,0,0,0,3,24,10,36,17,16
9,44,34,17,0,0,9,0,0,0,0,30,0,5,2,6,13,0,13,0,0,0,9,0,1,8,0,0,9,0,10,8
0,17,0,5,3,17,0,0,10,21,10,0,0,0,0,11,17,5,3,3,0,0,16,13,11,0,0,0,0,0,0,0
0,0,4,2,0,0,0,0,0,0,0,16,0,17,0,0,3,11,0,18,0,6,4,0,0,0,0,0,0,0,8,0
4,0,0,3,22,14,0,0,0,0,2,0,3,0,10,0,5,0,5,5,0,0,0,23,0,9,2,1,0,10,0,0
0,39,11,0,0,46,3,0,17,2,7,1,1,14,4,0,0,0,21,23,0,0,31,0,0,0,20,0,0,0,7,15
0,7,1,0,0,0,0,9,8,4,0,3,3,0,4,0,0,1,0,0,0,0,3,0,0,0,3,12,0,2,0,0
0,5,0,15,7,0,0,10,0,0,0,7,1,0,4,4,1,0,0,0,0,0,0,0,0,2,0,1,0,7,0,0
0,0,4,0,5,1,3,3,9,0,5,4,0,1,5,16,0,0,4,0,0,0,0,2,10,6,16,0,2,0,0,0
0,0,0,4,0,0,1,0,0,0,3,0,0,0,1,10,1,5,0,2,0,2,0,8,0,0,4,2,3,4,0,0
0,5,6,1,5,0,0,0,4,0,2,0,0,0,1,0,0,0,0,8,2,4,3,5,0,0,8,0,7,5,1,0
0,0,0,0,0,8,0,5,10,8,0,12,9,1,4,0,12,4,8,0,0,3,9,0,0,0,7,4,0,0,0,0
0,0,0,3,4,0,7,0,12,1,5,2,2,0,3,7,0,0,0,5,0,0,6,3,3,0,3,0,0,0,0,4
0,0,0,0,0,0,0,0,14,0,1,0,0,2,3,0,8,8,7,3,0,0,14,0,1,0,0,0,4,0,0,9
20,5,0,0,22,0,0,6,0,0,0,0,0,0,0,0,0,0,8,0,1,0,3,7,10,0,0,1,0,0,6,0
7,0,0,0,0,0,0,1,8,2,0,3,0,2,0,0,5,0,1,0,0,4,0,0,1,2,0,3,0,0,0,5
28,11,0,0,0,14,3,0,0,2,5,5,0,4,0,0,4,9,1,4,4,0,7,0,8,1,2,1,0,0,1,0
33,0,3,0,0,4,0,0,0,0,0,0,0,0,0,0,0,0,0,0,0,8,0,0,2,5,0,0,1,8,0,15
30,15,0,0,0,1,0,0,13,1,0,3,5,2,0,0,0,8,34,0,0,0,0,0,0,0,19,0,0,0,0,0
0,0,3,7,0,2,2,0,19,10,4,0,0,0,0,3,0,2,15,5,0,0,20,5,0,0,4,1,2,4,0,0
0,0,4,8,0,0,4,29,16,0,32,6,6,0,2,6,0,0,1,3,0,8,3,0,0,0,0,0,0,0,0,1
0,9,9,0,15,0,0,19,0,5,9,0,0,0,6,0,7,0,1,0,3,0,0,0,0,3,2,2,0,0,0,0
0,1,0,0,0,0,0,0,13,2,0,7,0,2,0,0,5,5,2,5,0,0,9,2,0,7,0,1,2,2,0,0
0,13,3,0,0,0,0,0,0,2,7,2,0,6,12,7,0,0,0,6,0,0,0,0,16,0,0,0,0,0,4,0
21,0,2,0,0,0,0,16,14,0,9,16,4,0,3,10,35,5,0,0,0,10,11,2,10,35,10,0,0,17,0,8
12,6,0,0,0,4,2,0,0,0,0,0,0,0,4,0,3,3,1,7,0,0,0,9,0,0,0,0,0,4,0,0
0,5,9,2,0,0,4,2,2,0,0,0,0,0,0,11,9,4,1,1,2,0,0,0,0,1,4,5,0,0,7,0
0,11,0,0,12,0,0,0,0,0,0,3,5,0,2,0,0,0,0,0,0,0,0,8,0,0,7,3,0,6,4,0
0,0,11,0,0,0,0,0,8,8,45,0,7,0,0,1,3,0,0,4,0,0,0,2,0,0,0,1,0,0,0,17
0,6,0,15,0,0,1,6,6,21,27,0,0,2,0,4,0,5,0,0,0,6,3,0,7,0,14,0,2,8,0,1
0,0,0,0,6,0,0,2,3,28,34,6,6,0,0,0,3,0,1,2,0,7,0,0,3,0,0,0,0,0,0,0
0,0,0,0,0,0,0,0,0,0,40,0,0,3,0,0,0,0,0,4,0,0,0,9,0,1,0,5,0,0,3,18
0,0,0,12,0,0,0,7,0,0,10,0,0,0,0,0,0,5,2,7,5,0,1,9,5,5,0,10,0,0,0,1
0,0,0,9,0,0,0,6,0,0,0,9,0,2,0,3,2,0,1,0,0,2,0,0,0,0,0,4,2,3,0,12
6,0,1,0,0,0,4,0,0,0,3,0,0,0,2,0,6,3,1,0,1,2,0,5,0,0,6,0,0,0,0,0
4,2,0,0,15,5,6,11,0,0,0,0,0,0,0,0,0,0,0,0,0,2,0,1,1,3,1,5,0,0,1,0
0,5,0,0,0,0,0,6,0,0,1,0,0,0,0,0,0,9,7,0,4,0,10,0,9,2,2,0,0,4,10,16
2,16,0,0,0,5,0,11,4,0,0,10,0,0,0,0,4,0,6,0,1,0,2,1,1,0,0,3,5,1,0,0
0,2,0,0,0,2,0,0,0,3,2,0,0,3,0,0,9,6,0,0,0,3,0,0,0,2,0,5,5,0,7,2
4,11,1,7,0,0,0,0,5,3,0,1,0,0,5,5,12,0,7,0,1,0,1,0,0,0,13,6,0,0,5,0
0,0,0,4,11,0,1,0,8,1,0,0,3,3,0,0,1,6,0,0,5,0,4,3,0,8,0,0,0,0,0,0
0,0,8,0,0,0,3,0,0,0,0,8,0,0,0,0,0,6,3,1,4,0,0,0,4,3,0,0,0,0,0,0
1,0,13,0,0,1,3,5,0,0,0,0,0,4,0,0,3,0,0,0,0,4,0,0,0,0,2,0,11,3,0,0
0,0,0,0,0,0,0,2,0,0,0,4,0,0,3,0,0,1,4,2,0,0,2,6,7,1,0,0,0,4,0,0
0,4,0,0,10,0,5,0,0,2,1,0,0,9,0,6,4,11,0,0,0,0,6,3,0,1,0,0,0,0,0,0
1,0,0,3,0,0,0,0,5,0,0,1,0,0,0,0,6,8,8,0,0,5,0,7,0,0,0,1,0,3,0,0
7,0,3,0,0,0,0,0,5,0,4,4,3,1,0,4,0,0,4,0,0,6,0,0,6,0,0,0,7,0,1,10
0,5,1,0,1,9,10,0,3,0,6,3,0,0,0,0,1,4,0,0,4,0,0,0,0,0,0,0,0,0,3,10
2,5,0,0,3,0,0,0,0,0,0,0,0,0,0,0,0,0,3,0,0,0,1,4,1,0,2,0,6,0,0,0
13,0,3,0,0,0,2,1,6,10,1,0,6,2,6,0,0,0,0,0,2,1,0,0,0,0,3,6,9,20,0,0
32,0,11,0,0,4,7,4,2,0,1,9,7,0,0,1,11,0,52,0,9,10,11,0,12,0,8,5,3,5,0,13
6,0,8,19,0,0,0,4,29,6,32,0,0,5,0,0,8,0,0,9,0,0,7,0,0,4,0,0,0,4,0,0
0,0,0,0,0,2,3,39,40,0,43,5,0,0,2,7,0,0,5,3,8,0,0,0,6,0,0,3,1,6,0,14
0,7,0,0,8,3,16,1,7,2,13,0,0,0,0,1,0,4,0,0,0,0,0,0,4,1,16,0,6,0,0,0
19,0,9,0,2,0,0,6,0,7,0,0,11,0,0,1,9,1,8,1,0,6,0,0,0,2,7,0,0,3,0,0
0,0,2,5,0,0,5,0,0,1,0,0,0,11,0,0,0,8,1,1,2,1,2,0,13,0,0,16,0,2,3,0
21,3,6,3,0,4,0,0,2,1,4,0,6,0,4,17,2,0,0,0,0,0,0,1,1,3,5,0,6,9,6,0
0,0,0,0,2,1,0,10,5,0,1,2,0,0,6,7,4,0,0,3,0,0,0,0,7,0,7,7,10,0,0,0
0,0,4,0,0,7,0,2,2,5,0,0,0,12,0,2,0,6,0,2,0,6,0,0,5,0,2,0,0,1,0,0
0,4,3,0,6,0,0,9,0,0,0,0,0,0,0,0,8,1,0,6,0,3,13,0,7,4,13,0,1,1,0,13
7,7,0,6,1,10,0,6,1,34,2,2,0,6,2,7,0,3,7,0,0,4,1,5,8,0,8,1,6,0,0,0
3,6,7,2,0,9,1,0,0,19,0,0,3,0,1,0,1,0,0,6,0,0,3,0,1,0,0,0,0,0,0,22
0,0,4,0,0,9,2,13,0,14,27,6,1,0,4,0,0,6,0,4,0,0,9,0,0,0,0,5,8,0,0,0
3,1,1,6,0,8,0,6,0,0,27,0,0,0,0,11,2,0,6,0,5,0,0,7,6,6,17,4,4,6,0,0
0,8,0,0,8,0,2,8,0,0,11,2,0,0,0,0,0,0,0,0,0,1,0,1,0,0,0,7,0,0,0,0
0,0,0,0,0,0,0,1,0,0,0,0,0,4,0,1,0,0,2,4,0,0,4,2,0,9,0,3,0,0,0,13
0,0,0,7,0,0,0,0,1,5,9,1,0,1,1,13,9,0,0,13,13,3,0,2,0,0,3,0,0,0,9,0
0,0,0,0,5,3,2,0,0,5,3,2,0,5,1,4,1,4,10,0,6,0,0,2,2,0,0,0,0,0,2,0
0,7,3,0,0,0,10,0,0,3,0,0,0,10,0,0,0,0,0,1,0,0,8,0,1,0,0,0,2,2,0,0
4,0,0,3,0,0,5,7,4,2,0,6,0,0,0,0,0,0,0,2,0,0,10,0,0,0,2,0,0,0,12,8
0,0,8,0,0,0,0,0,0,0,0,0,5,0,0,0,4,0,1,4,0,0,4,0,3,0,0,5,10,0,0,0
0,0,2,4,0,7,0,0,0,2,0,0,3,5,12,0,0,0,5,0,0,0,0,0,0,6,5,0,3,0,0,12
5,0,1,0,0,0,0,3,0,0,6,0,0,0,0,0,0,4,4,2,2,0,0,0,7,6,0,0,0,0,0,0
0,0,17,12,16,0,0,0,0,6,3,0,0,0,0,1,0,0,1,5,0,0,0,0,4,0,1,0,2,0,0,1
0,0,0,0,0,4,0,0,0,2,0,0,0,1,0,0,0,1,0,0,0,0,0,11,0,0,11,3,0,4,9,0
8,3,0,1,11,0,0,0,0,0,0,0,0,0,0,4,4,0,2,0,0,0,0,1,0,5,0,5,5,9,0,0
0,0,0,0,0,0,0,0,0,6,0,0,3,0,2,0,1,0,0,1,0,0,9,1,7,6,0,0,0,0,0,10
0,0,4,0,4,0,1,0,0,0,0,0,0,3,0,0,0,0,0,5,0,0,0,0,0,6,9,4,14,0,0,0
0,0,0,0,0,19,0,0,0,0,0,0,1,0,3,1,0,2,13,0,0,3,2,2,1,0,0,0,0,0,3,14
0,0,0,3,0,0,0,0,0,4,0,0,7,4,0,4,2,0,7,2,0,0,0,0,9,0,0,0,0,0,1,10
3,3,16,0,0,0,1,1,7,3,7,0,4,0,0,5,4,1,0,3,0,0,2,2,6,0,1,1,5,1,1,1
3,0,16,0,4,3,9,5,1,3,0,0,0,0,0,0,0,0,0,0,7,0,5,13,0,1,0,0,0,1,0,0
20,8,7,0,0,5,0,0,0,5,7,8,0,0,0,0,0,0,64,3,0,0,0,7,0,0,0,1,0,5,2,0
40,0,0,0,8,19,3,7,0,6,0,7,9,0,0,0,1,0,9,0,4,0,8,0,0,0,0,1,0,0,6,0
0,2,0,0,4,0,0,44,1,0,8,7,2,7,0,0,0,0,5,0,0,0,10,0,0,3,0,2,3,11,18,0
0,0,23,10,8,0,0,3,0,0,0,0,0,5,4,0,0,0,0,13,0,0,0,0,8,0,4,2,0,4,0,0
0,0,0,1,0,3,2,3,0,6,0,2,0,6,0,0,0,2,0,2,3,0,9,1,2,4,3,3,0,0,1,12
0,4,0,0,0,0,12,5,1,2,8,0,0,5,4,0,0,0,0,0,3,0,0,2,20,4,0,0,3,4,3,8
0,4,0,4,0,0,2,0,3,0,0,0,0,2,0,19,0,3,0,6,2,2,7,0,0,0,0,0,0,0,0,0
8,0,3,0,0,13,5,2,1,0,0,0,0,3,0,0,0,1,7,8,0,0,0,0,7,7,7,10,15,6,5,0
2,0,6,0,10,0,3,0,4,1,2,8,6,0,1,4,3,0,0,0,0,1,0,0,0,2,0,0,3,0,8,0
3,1,11,0,3,2,0,0,0,1,0,10,0,0,3,0,0,0,0,0,0,0,0,0,2,0,0,0,1,0,0,0
27,0,0,3,3,3,1,0,0,32,0,0,0,0,1,0,5,0,4,0,0,0,0,4,0,2,16,0,0,0,0,2
0,4,0,4,4,0,5,1,2,10,0,0,0,6,0,0,1,0,0,0,3,8,0,3,0,0,0,6,0,0,10,0
10,0,1,0,0,0,4,3,9,18,27,6,6,0,5,0,0,0,0,1,7,0,2,0,0,1,0,0,0,5,0,5
0,0,0,0,0,0,0,0,4,0,26,0,5,6,0,0,0,0,5,1,0,4,1,4,1,0,0,3,1,0,0,27
6,0,2,0,0,12,0,9,0,0,13,0,2,1,6,0,2,2,5,0,0,0,0,3,7,0,0,4,3,0,0,0
0,0,10,1,14,6,0,2,0,0,5,2,0,2,1,0,8,11,0,0,0,0,0,1,1,3,3,0,13,0,0,0
9,4,6,0,0,0,1,2,0,8,4,0,0,0,5,0,2,6,5,4,4,0,3,1,0,0,2,0,5,0,1,0
0,1,4,0,0,3,2,0,0,0,0,1,0,0,7,3,0,1,0,3,0,0,3,0,0,2,4,0,1,0,0,0
0,0,2,0,0,1,0,0,0,2,0,0,6,0,0,0,0,1,5,0,0,4,4,2,0,0,0,0,10,0,0,0
0,12,0,0,0,0,1,0,0,0,8,16,8,0,0,2,0,0,0,0,6,2,6,1,0,5,0,0,0,0,0,10
6,0,0,3,13,0,0,0,0,0,2,0,0,3,7,8,10,1,0,4,0,3,0,3,2,1,1,0,0,0,16,9
0,0,0,0,0,0,0,0,0,3,0,0,5,0,8,7,0,0,0,0,2,0,5,8,0,0,0,2,0,4,0,6
0,0,0,7,1,7,0,0,6,2,0,1,4,0,0,5,0,0,5,0,3,0,7,0,0,0,0,0,0,0,0,13
1,0,0,0,2,0,0,1,0,3,0,0,5,0,0,3,5,4,4,0,3,0,0,0,0,0,0,3,0,3,0,2
1,0,0,0,9,0,4,0,0,12,8,2,2,0,0,0,2,0,0,0,6,1,0,0,0,6,6,3,6,4,4,0
2,5,5,1,5,0,3,0,7,0,0,0,8,0,1,0,0,1,0,0,3,0,0,1,0,0,0,0,0,0,0,5
0,0,0,13,0,0,4,0,0,0,0,3,0,2,8,0,3,0,0,10,0,2,2,11,0,0,0,4,0,6,0,0
3,0,11,0,9,0,0,0,2,0,0,3,8,0,3,3,0,0,0,0,0,6,0,2,0,7,11,0,2,0,1,0
14,0,3,0,0,0,0,0,0,0,0,2,0,0,8,0,0,0,1,0,0,4,0,0,1,0,6,0,7,3,5,0
0,0,0,6,15,0,0,0,0,5,5,4,4,0,5,0,7,0,0,0,0,0,0,0,3,2,0,0,1,0,5,9
1,0,0,3,0,0,7,8,5,0,4,0,0,0,0,0,6,0,8,7,2,2,1,0,0,2,2,5,0,13,0,0
5,0,1,10,0,0,0,10,0,0,1,0,2,6,0,3,0,2,10,5,2,0,7,0,4,1,0,0,0,5,1,0
31,4,0,0,0,0,1,2,0,0,6,0,2,6,0,0,3,2,44,0,1,7,2,7,0,7,3,0,12,0,3,1
36,0,7,0,5,0,0,5,0,0,8,0,0,0,7,0,0,0,13,5,4,0,16,2,0,0,7,0,0,6,5,9
56,6,13,0,0,0,0,36,3,0,0,0,1,0,6,0,0,3,10,0,5,3,2,5,0,1,0,0,3,6,8,0
0,0,5,1,1,1,3,0,6,0,0,5,0,15,0,0,0,0,0,0,0,0,0,5,0,1,0,11,0,0,0,7
46,5,9,0,0,2,5,2,0,6,0,0,0,3,0,0,0,4,1,1,0,0,3,5,0,0,0,4,0,1,0,3
0,20,0,0,0,0,2,0,0,1,4,4,0,0,0,2,4,0,0,0,0,0,0,2,12,0,8,6,3,12,19,9
0,11,8,0,4,2,0,3,0,0,0,0,0,0,2,17,0,0,0,2,0,0,0,0,3,2,0,0,5,5,2,6
0,10,0,0,0,16,0,0,7,5,0,0,0,3,0,0,5,6,7,7,14,0,8,3,3,0,6,5,0,0,0,19
0,0,0,0,0,0,0,3,4,0,2,0,2,4,1,8,0,0,0,0,0,0,0,0,0,2,2,0,0,0,0,0
0,0,6,0,0,5,0,0,7,0,0,4,0,7,3,0,0,0,0,2,3,1,0,0,0,0,2,5,0,8,7,4
0,0,4,0,1,2,2,0,0,39,0,1,0,0,0,0,0,6,0,0,0,3,0,2,0,1,0,4,8,1,0,3
2,0,2,1,20,6,2,0,2,20,2,0,2,3,0,2,0,2,0,3,5,0,5,8,0,0,4,0,0,1,0,18
14,14,3,0,0,3,0,0,0,6,0,2,0,1,0,0,0,0,0,0,0,0,0,6,0,4,3,0,0,0,1,0
0,0,0,7,2,0,0,0,4,1,0,0,4,0,1,4,3,0,4,0,1,4,3,0,0,0,0,0,0,8,12,0
0,0,0,0,0,8,0,0,0,0,0,4,0,0,0,0,2,0,0,0,5,0,2,0,1,0,4,0,0,0,0,0
0,4,3,0,20,0,9,4,0,1,0,8,16,0,0,0,2,2,0,9,0,0,7,0,0,5,10,0,0,5,2,11
0,0,0,0,0,0,6,0,0,3,4,0,0,0,0,3,0,0,0,0,0,0,0,4,3,2,0,1,3,1,0,0
1,5,3,0,0,0,0,0,5,3,0,0,4,0,4,2,0,0,0,1,0,2,0,0,6,5,0,0,0,0,0,0
0,0,0,0,4,2,0,0,0,6,0,1,5,6,0,0,0,0,0,4,0,7,0,3,0,8,0,0,16,0,3,0
0,0,0,1,0,0,0,16,1,0,1,7,7,0,1,0,3,0,5,5,5,0,2,0,0,2,0,1,1,8,11,0
0,17,0,4,10,0,0,0,5,0,0,4,0,2,8,4,0,0,2,0,0,1,10,0,0,0,0,2,2,1,0,10
0,2,0,0,0,0,1,7,0,0,0,3,0,4,0,0,0,0,0,8,0,4,3,0,4,2,0,0,5,13,18,0
1,0,2,2,0,3,2,0,0,9,1,0,2,8,1,0,2,0,0,0,0,4,0,0,0,1,0,0,0,0,0,0
6,0,5,0,0,0,0,0,0,0,0,0,7,0,0,0,3,0,5,0,3,0,0,3,1,1,11,0,0,7,3,17
3,0,7,1,2,0,0,0,4,10,8,0,5,12,0,0,0,6,1,0,0,2,1,0,10,2,9,1,0,0,0,0
0,0,9,0,3,1,0,3,8,1,0,0,4,8,0,0,0,1,0,5,0,0,0,3,0,1,0,0,0,1,0,3
8,0,14,0,1,3,0,0,0,0,8,0,3,3,0,0,5,0,6,14,6,0,2,0,0,5,0,4,0,0,3,27
0,0,0,0,17,0,0,0,0,0,0,0,0,0,0,8,4,2,3,3,3,0,0,4,0,0,0,0,0,0,0,0
1,8,11,0,8,0,0,5,0,10,0,5,1,0,0,4,0,0,4,0,0,4,0,8,0,1,2,0,0,4,0,0
0,0,10,0,0,0,0,5,0,5,0,3,0,0,5,0,0,0,0,0,6,3,5,0,11,0,16,0,0,0,0,10
2,5,0,0,2,0,0,3,0,0,0,0,0,0,0,5,0,4,0,1,0,0,0,1,0,0,5,0,4,4,3,0
3,0,0,0,11,12,5,0,0,0,11,0,0,0,7,2,11,8,0,0,9,12,7,0,0,5,9,10,0,1,0,0
33,0,4,0,7,5,9,0,0,0,0,6,0,0,4,2,0,0,59,0,0,0,7,3,0,1,10,0,0,0,20,0
0,0,3,8,0,14,2,0,21,4,3,0,10,8,7,0,3,0,15,5,3,0,23,0,5,0,0,1,1,0,14,5
27,0,0,0,0,0,6,38,19,0,4,7,0,0,0,0,0,0,0,4,0,0,0,0,0,3,0,0,0,4,0,0
16,3,7,2,0,3,0,1,0,0,0,0,6,18,6,0,2,0,0,0,1,0,0,0,0,0,2,0,0,0,0,7
43,5,5,4,0,0,9,0,0,0,0,0,0,0,0,9,0,0,0,1,0,0,0,0,0,0,3,7,0,0,0,0
29,4,0,0,0,0,0,0,3,0,0,6,0,2,0,0,0,6,3,6,0,0,7,0,3,4,0,0,0,0,0,0
0,0,5,4,0,1,0,5,1,0,1,0,1,0,2,16,0,3,2,0,0,0,2,0,0,0,0,4,0,4,0,1
5,1,2,0,0,0,0,0,4,0,0,0,0,2,0,0,0,3,0,2,1,0,0,0,7,0,0,2,1,10,6,0
0,8,0,0,0,6,2,8,0,0,0,0,0,0,3,0,0,0,0,0,0,0,0,2,0,0,5,0,1,6,16,5
2,13,11,0,0,2,8,5,0,0,0,3,5,0,0,5,1,0,2,2,0,0,0,1,0,6,4,1,6,0,0,25
10,0,1,7,0,12,0,0,0,0,0,0,0,5,0,0,0,4,4,5,1,5,5,0,0,0,2,0,3,1,9,2
9,0,0,0,0,0,0,0,0,17,5,8,3,1,0,2,1,2,0,0,0,0,0,0,0,0,0,0,0,12,0,0
0,0,5,0,8,9,7,0,0,0,0,0,6,8,0,9,0,2,0,5,5,0,0,0,0,6,0,4,1,0,0,0
5,0,0,0,3,3,0,0,7,0,2,7,1,2,0,1,0,8,3,0,1,0,0,6,0,0,5,0,0,0,0,0
0,0,0,0,0,2,0,0,4,0,0,0,0,2,0,0,0,2,3,4,2,0,0,0,0,11,0,1,0,0,0,13
0,8,0,0,0,0,0,4,3,0,2,0,5,4,0,0,0,8,1,2,0,0,6,3,0,0,0,0,2,0,2,0
0,0,0,9,0,0,0,0,2,14,0,0,0,0,0,2,0,0,0,1,0,0,1,6,6,7,0,0,0,0,13,0
1,5,9,0,0,2,0,8,0,6,0,0,5,0,5,0,0,2,2,0,0,3,3,0,3,0,0,3,7,0,2,6
6,7,0,2,3,5,0,0,0,4,2,0,0,2,2,0,9,0,0,0,0,10,0,0,0,0,0,2,3,0,5,0
8,0,0,0,7,0,6,0,0,3,0,11,0,2,2,7,0,2,3,1,0,7,15,0,0,3,0,0,0,0,0,0
3,1,6,3,5,0,0,0,0,0,0,3,0,0,1,1,4,0,0,0,6,0,0,0,0,0,0,4,0,0,1,4
3,1,7,0,18,6,0,6,0,0,3,0,0,0,1,0,7,0,0,0,0,0,0,0,0,0,0,0,7,0,5,12
0,7,6,0,0,0,0,12,0,0,0,5,3,0,0,13,0,0,0,1,5,8,0,0,0,0,6,0,0,0,2,0
0,4,0,0,0,0,3,0,0,0,0,3,10,9,0,0,3,0,0,9,0,0,0,0,0,3,0,0,0,0,0,7
4,0,5,0,2,0,1,0,0,0,0,0,0,0,11,0,0,0,3,4,0,2,0,3,0,0,0,0,0,0,0,0
0,0,8,0,0,0,13,1,8,1,0,0,0,0,0,1,0,4,0,0,0,0,4,0,0,0,7,0,0,0,0,1
0,1,0,0,0,1,0,0,3,0,2,7,11,16,4,0,6,5,5,5,3,0,5,5,0,5,0,0,0,0,16,4
10,0,0,0,0,3,0,0,8,13,0,0,0,5,6,0,0,0,0,3,3,0,4,5,0,0,6,0,0,0,1,0
34,4,0,2,0,0,0,4,0,0,0,5,0,0,0,1,0,0,6,6,0,0,0,0,4,0,0,0,0,0,0,4
8,12,7,0,5,9,0,5,0,2,4,2,0,0,4,0,0,0,1,0,0,2,0,3,0,0,0,0,9,6,5,7
0,2,9,0,0,7,9,0,3,0,6,0,7,0,0,11,0,0,0,0,2,0,0,0,3,0,1,0,0,0,0,1
0,0,2,0,0,0,0,1,0,3,2,6,2,0,12,0,0,2,5,0,1,0,0,11,6,3,0,0,5,0,10,0
9,0,18,6,0,0,0,5,1,0,0,17,0,0,0,9,5,0,72,7,0,2,0,0,5,6,14,0,1,13,7,0
0,0,0,5,0,13,0,1,20,0,0,4,10,0,0,5,2,0,15,3,0,0,19,0,0,3,3,0,0,0,0,0
18,0,0,0,22,2,0,25,8,0,5,1,0,0,0,0,5,0,0,0,0,0,1,1,0,9,4,0,0,0,6,27
0,0,4,5,7,0,0,0,0,0,0,2,0,7,1,0,0,0,0,0,0,0,5,1,0,1,0,14,0,1,3,0
32,4,1,0,2,1,2,0,7,0,0,9,0,0,2,12,0,0,0,0,0,0,0,0,0,3,4,7,7,0,4,13
0,4,7,0,0,4,0,1,0,1,0,12,0,0,1,0,0,0,0,0,0,0,0,0,5,0,0,0,0,6,3,4
0,13,1,0,0,1,0,4,0,2,0,0,3,2,3,9,22,0,0,0,0,0,5,0,0,0,2,2,1,0,0,0
2,0,6,10,22,0,0,8,5,1,7,1,0,3,4,2,4,1,0,3,0,0,0,0,0,0,2,0,1,0,0,0
0,0,8,0,0,0,0,0,0,6,0,0,0,11,0,0,0,5,0,0,2,1,0,8,1,1,3,10,2,0,7,0
3,0,2,5,0,3,6,0,0,2,0,0,0,8,3,0,0,3,4,2,0,8,0,2,2,0,10,1,5,0,0,0
8,3,2,2,17,0,0,5,0,7,0,0,0,3,0,0,0,1,0,4,1,0,14,4,0,2,8,0,0,0,0,0
0,0,0,0,0,0,4,3,0,17,6,7,0,0,0,0,2,0,0,3,2,0,3,0,1,0,1,0,0,4,4,0
1,0,10,5,0,0,0,7,5,2,0,0,0,2,0,0,0,0,0,6,0,0,0,0,0,3,2,0,0,2,1,5
3,1,7,0,1,0,0,3,0,0,0,0,0,0,0,0,2,3,0,3,6,0,0,0,0,0,0,0,0,0,3,0
0,3,0,7,0,0,0,7,0,6,8,2,0,0,0,3,0,5,0,3,0,9,0,0,3,0,7,0,0,0,4,0
11,7,2,0,0,3,0,0,0,3,2,1,0,0,1,0,5,0,0,3,6,0,0,6,1,0,0,0,1,1,0,12
3,0,0,0,6,0,0,0,3,3,0,5,0,0,0,0,9,0,0,0,0,5,0,0,2,0,2,0,3,3,0,3
5,0,0,11,0,0,2,3,0,0,2,0,0,0,0,0,1,0,0,0,3,1,7,0,0,0,0,2,5,0,0,20
0,0,3,2,0,0,0,0,0,3,0,6,0,4,0,0,11,0,1,4,0,6,0,0,4,4,0,0,0,0,1,17
1,0,1,0,5,2,11,0,0,0,2,0,0,0,0,0,0,1,1,0,0,0,0,0,0,2,4,3,0,5,5,0
1,0,5,0,15,0,6,12,0,0,0,2,0,0,0,5,1,0,1,0,3,0,1,5,0,0,3,5,6,0,0,8
0,0,4,12,0,0,0,0,1,0,0,0,1,0,0,0,4,5,2,6,0,0,0,0,3,5,0,0,3,0,0,7
0,6,4,0,9,17,7,0,0,2,0,0,0,7,4,5,1,0,0,1,0,3,0,0,0,0,0,8,0,0,6,0
0,0,0,0,0,5,0,4,0,6,0,13,1,0,0,0,3,3,0,1,0,1,0,0,0,0,0,0,1,9,0,9
11,5,1,1,0,0,1,0,0,0,2,0,0,0,0,6,12,0,6,4,0,0,7,0,0,2,2,8,2,0,0,4
5,0,6,0,0,7,0,0,0,1,0,16,3,6,0,0,1,9,0,6,0,0,1,0,0,0,0,4,0,0,0,6
0,0,0,14,0,0,3,0,0,0,11,0,3,0,10,3,2,4,0,0,3,0,1,1,0,0,8,4,0,0,0,0
0,4,0,0,3,0,0,0,0,5,0,0,0,5,4,0,0,3,8,0,0,1,0,0,0,0,0,6,2,0,0,1
57,2,0,0,0,0,0,0,0,0,0,0,0,0,1,11,0,0,0,0,0,6,0,4,0,5,0,5,1,0,0,0
3,0,0,8,7,0,0,8,0,0,6,1,0,0,2,0,0,0,2,4,0,3,0,0,0,7,4,0,1,0,0,0
0,0,0,0,0,0,0,3,0,0,2,8,13,0,0,0,0,1,0,3,0,0,7,0,0,0,14,6,7,0,0,0
0,0,0,0,20,1,0,0,0,0,0,1,0,2,1,0,1,6,0,0,0,1,0,1,6,1,11,0,0,0,0,0
21,6,0,4,13,0,0,6,8,0,10,11,0,0,0,0,3,0,57,2,0,8,8,0,0,1,0,0,2,7,0,1
0,0,3,3,0,8,13,2,20,2,5,0,0,0,2,0,0,2,11,3,0,2,29,0,9,0,17,0,0,2,0,6
20,0,0,0,0,0,0,0,10,0,3,8,0,0,2,0,0,1,12,3,4,2,9,3,0,0,14,0,0,7,8,0
0,0,0,0,0,0,0,16,6,2,0,0,0,8,0,0,0,0,2,5,0,2,1,0,1,0,6,3,0,0,8,0
33,3,0,0,0,6,0,0,0,3,4,0,0,6,0,1,0,8,6,9,0,0,0,0,0,0,0,0,0,0,2,8
5,0,14,8,0,0,10,0,0,7,3,4,8,5,1,12,7,0,0,1,8,1,0,0,0,5,7,0,0,13,0,0
0,0,0,4,1,7,13,0,0,1,4,0,0,0,0,14,18,0,4,4,0,3,0,0,0,0,0,0,10,0,0,0
8,0,5,0,0,3,0,0,0,0,0,0,2,0,0,0,14,0,0,0,0,2,0,7,0,0,0,19,7,0,0,0
11,2,0,0,0,5,0,11,0,8,0,5,0,4,0,0,3,0,3,0,1,0,0,0,0,8,19,0,0,16,0,7
0,12,0,6,0,4,0,0,0,3,0,0,0,1,1,0,0,0,0,0,2,0,11,11,0,0,0,0,0,0,0,0
10,0,6,1,3,0,0,3,1,2,6,13,5,0,3,9,2,0,1,3,2,0,0,0,0,14,1,0,0,11,0,0
0,0,3,0,4,0,0,1,0,7,10,0,0,0,0,0,10,3,4,0,2,0,0,0,1,0,0,0,6,6,0,2
0,6,0,0,0,0,0,0,0,3,0,7,4,3,1,0,0,2,2,6,4,0,0,2,0,1,0,7,0,7,0,0
6,0,0,0,6,17,6,5,0,0,6,0,0,0,0,4,0,4,0,13,6,3,3,0,2,0,0,0,0,3,1,18
3,0,1,4,7,3,0,5,0,5,0,1,0,7,2,0,0,0,0,0,0,0,0,8,0,0,0,0,5,2,0,11
0,0,9,0,2,0,8,0,2,10,0,0,8,0,5,0,0,1,1,0,0,4,0,0,0,10,6,1,0,8,3,0
0,0,0,1,5,3,0,6,0,0,5,0,4,0,0,6,0,0,2,4,0,1,0,0,4,7,0,10,15,5,0,0
0,0,2,0,2,13,0,0,10,0,0,0,0,0,0,9,0,0,0,0,3,2,0,4,0,0,1,0,3,6,3,0
0,1,0,0,0,0,4,8,12,7,0,0,2,11,0,0,0,0,0,3,0,2,1,2,0,0,5,7,11,0,0,0
17,0,4,8,3,0,8,0,1,4,0,1,0,1,2,3,4,0,1,5,8,4,0,9,0,0,0,0,0,2,4,4
0,0,0,7,0,0,59,23,28,0,42,7,0,38,0,0,0,11,6,0,34,0,34,2,12,0,7,0,43,7,23,19
29,0,0,12,18,24,24,17,33,0,2,45,39,0,0,0,40,18,0,31,0,10,6,6,20,0,0,1,24,0,6,18
0,22,21,14,35,0,0,18,19,7,0,0,48,0,0,31,0,0,44,23,0,0,6,19,0,0,0,0,0,41,22,0
0,0,0,18,0,0,0,29,11,0,0,39,8,0,9,44,0,18,5,11,0,0,0,0,5,0,26,38,15,0,0,21
0,0,31,0,0,7,18,39,5,0,33,13,0,0,11,5,34,9,0,25,3,0,7,1,24,23,26,0,0,0,0,0
0,0,0,7,0,0,0,0,16,0,10,22,0,16,13,0,21,22,12,16,0,12,2,0,0,8,20,39,10,0,0,0
77,14,0,23,0,0,0,23,8,31,0,25,27,73,0,0,16,0,0,12,5,9,0,0,0,0,0,28,0,22,18,32
1,0,3,17,0,0,0,2,0,0,0,0,0,36,0,14,11,11,0,24,0,8,3,0,22,0,0,0,0,0,0,45
0,44,0,0,39,13,30,6,0,50,25,6,0,0,7,0,10,16,18,19,21,0,7,24,0,4,14,2,3,2,0,0
0,5,51,0,38,0,29,22,36,0,52,5,0,0,16,0,28,0,0,33,30,4,16,0,12,0,14,0,19,0,48,3
22,0,34,14,0,33,0,1,0,4,16,0,0,0,2,26,0,0,0,21,0,7,16,0,2,22,29,0,21,9,10,21
4,3,32,1,4,34,21,1,62,233,13,0,0,0,0,0,11,62,0,24,40,85,195,45,5,0,0,13,0,17,0,0
129,0,12,6,0,0,0,0,166,112,196,45,27,0,3,13,3,5,23,0,118,196,197,5,31,32,0,0,12,4,18,0
48,11,10,0,0,0,0,178,152,139,79,152,73,0,11,0,0,6,21,66,126,105,33,0,3,0,14,72,0,0,0,0
0,0,0,0,0,37,80,107,65,179,94,0,57,21,40,0,0,14,0,59,0,0,26,0,0,0,5,18,31,0,59,0
0,41,87,41,42,112,144,159,141,147,71,5,0,14,31,19,0,0,0,0,13,0,0,0,0,23,13,1,13,48,0,0
190,64,0,0,30,63,175,168,223,17,0,17,0,14,51,70,0,0,4,0,0,14,0,3,6,8,62,0,23,0,54,1
45,0,18,25,219,0,245,129,5,16,0,8,16,0,0,0,11,0,8,11,11,86,131,102,48,0,48,54,3,0,0,28
11,0,0,34,125,188,0,0,3,0,43,0,0,35,0,51,0,23,0,0,0,160,136,147,18,16,6,40,33,0,4,58
0,0,34,33,0,70,0,4,0,6,8,0,0,0,25,157,160,42,0,0,44,0,0,0,0,0,0,65,23,0,0,0
0,1,0,28,0,0,0,11,0,0,14,23,0,28,0,80,254,20,0,33,0,0,27,10,19,1,42,0,0,0,0,0
0,0,0,31,0,0,0,5,0,39,58,95,97,0,0,0,0,21,0,31,0,0,18,0,16,0,21,30,0,0,0,0
0,48,29,0,0,0,0,31,0,191,221,102,61,0,0,12,0,0,0,0,0,20,21,11,3,0,0,3,17,24,0,3
0,0,53,0,1,4,0,0,173,234,130,216,170,13,25,0,27,9,0,0,2,0,0,31,0,7,0,0,16,24,0,40
0,0,0,18,12,20,0,123,139,13,138,115,66,0,15,0,10,0,0,0,0,25,0,0,3,11,3,32,0,3,3,0
0,0,0,0,0,9,55,19,99,74,61,195,232,40,1,0,0,17,134,100,0,29,0,0,0,0,0,16,0,5,0,0
12,64,27,0,0,0,0,4,0,27,187,124,152,0,0,34,0,5,87,176,18,0,15,0,0,3,0,0,7,0,21,0
0,20,11,0,0,0,0,0,0,30,0,3,7,0,3,0,26,0,0,0,1,0,50,23,0,0,0,24,0,0,0,2
6,0,21,0,34,0,9,0,7,16,0,17,0,0,0,12,0,0,30,20,9,0,21,0,0,44,0,0,0,1,13,3
0,0,0,33,0,0,0,15,2,0,0,20,0,0,0,14,0,1,5,0,7,0,24,1,15,0,0,4,3,0,0,13
14,0,19,0,0,0,16,0,9,0,3,12,8,12,14,0,0,0,0,0,1,7,37,0,0,5,0,0,0,0,24,4
0,0,0,0,3,0,19,0,0,8,42,2,0,0,0,26,25,25,0,24,23,0,0,1,16,5,0,0,3,0,40,0
41,0,0,0,5,0,0,0,52,0,0,1,15,23,13,0,0,11,7,17,0,0,0,22,0,0,0,1,11,14,14,31
18,0,31,47,11,0,14,24,5,4,11,0,24,9,62,20,2,0,0,11,2,5,0,19,10,14,26,10,0,14,0,68
90,20,0,0,0,19,11,0,0,19,0,1,7,87,51,11,0,0,0,0,42,0,12,0,0,9,0,1,6,0,8,0
0,0,0,0,52,0,28,0,41,19,0,0,23,75,100,0,0,0,12,7,10,17,4,0,1,0,0,23,15,0,5,8
0,0,49,0,0,0,0,29,0,17,20,0,13,0,0,0,0,0,0,6,0,0,2,22,22,17,17,0,8,6,32,0
0,48,45,0,32,15,51,10,21,27,22,0,14,5,0,0,21,0,0,0,0,30,0,0,0,0,0,4,4,0,8,23
82,0,71,0,33,0,26,12,37,16,19,0,33,10,0,0,14,0,13,0,7,52,81,2,43,0,33,0,26,0,7,16
74,0,16,70,35,0,13,5,0,0,0,11,0,5,0,8,8,48,0,0,98,162,0,2,0,11,0,0,0,0,0,0
35,45,15,0,42,0,39,14,16,14,3,6,0,0,4,27,42,16,0,106,158,0,9,0,0,0,2,198,178,21,0,0
76,0,0,10,0,18,8,0,16,19,0,0,19,30,14,43,6,10,196,74,0,13,31,4,0,25,90,143,0,39,0,0
0,0,0,17,0,1,0,0,0,21,0,0,0,28,0,0,0,0,46,8,18,0,0,99,30,80,0,0,0,29,0,49
30,0,0,0,6,1,11,1,20,0,26,0,1,33,0,0,0,5,0,4,0,0,102,35,205,0,0,0,18,28,18,0
0,0,1,0,0,4,0,0,33,25,9,17,18,0,0,0,36,43,29,0,0,8,112,128,0,0,0,19,0,16,15,0
43,0,0,0,0,9,0,10,0,10,86,23,0,0,0,35,0,11,19,0,39,5,1,33,0,0,35,0,15,0,1,13
8,23,2,0,29,0,0,89,44,0,31,42,17,0,11,0,0,23,8,17,22,0,31,9,19,0,5,0,0,3,0,0
23,0,19,0,0,0,29,63,23,47,0,0,0,0,33,0,16,4,9,0,30,0,52,29,26,1,33,0,137,146,86,24
0,0,22,0,0,0,36,0,28,1,0,24,0,26,0,0,0,0,0,0,0,9,0,4,25,0,195,16,104,80,15,24
16,0,0,26,0,0,20,9,0,0,0,0,0,0,40,0,33,0,0,24,0,0,7,16,39,56,77,0,43,0,0,8
14,28,0,0,53,33,16,0,26,24,4,0,14,0,15,66,9,22,0,6,0,42,86,24,0,0,0,0,3,7,0,57
15,1,0,0,4,2,20,18,5,0,15,12,0,0,0,41,32,13,0,0,0,4,0,41,4,0,30,0,8,0,0,0
0,30,0,12,23,44,1,0,0,38,42,0,0,3,0,40,3,13,0,31,26,2,0,35,0,13,0,0,12,0,27,14
14,0,0,4,65,0,0,0,2,1,40,0,9,14,6,0,12,1,5,3,0,8,0,0,5,11,0,0,18,0,9,0
0,0,10,0,0,5,0,7,0,0,104,0,0,0,17,29,20,1,1,5,1,0,0,0,0,41,0,23,0,0,0,2
0,0,11,5,5,29,10,15,46,18,89,55,0,16,0,0,18,5,19,29,0,2,3,0,0,18,0,2,19,0,17,0
9,11,23,0,0,3,1,16,3,28,12,27,9,26,0,5,0,14,0,1,0,16,0,13,8,0,16,6,14,0,0,31
0,8,0,13,0,0,0,9,0,3,78,35,31,3,0,25,0,21,0,16,12,0,0,0,7,3,3,0,9,0,0,32
8,6,0,48,0,0,0,13,5,0,0,0,0,22,0,0,0,13,0,25,0,17,0,14,0,0,0,0,0,7,0,0
17,0,22,0,20,11,0,0,9,7,10,24,0,6,0,24,0,0,0,0,10,9,0,7,2,0,0,19,12,0,0,0
9,0,3,11,0,0,0,26,0,0,3,0,3,0,1,0,4,3,0,0,0,13,24,0,2,1,0,0,23,0,0,49
0,0,0,18,0,0,2,18,6,0,0,8,11,8,0,0,10,11,3,23,0,14,7,12,0,12,33,0,0,11,5,0
7,0,14,47,17,0,1,27,0,4,27,0,22,26,0,0,0,13,16,6,0,0,10,25,6,18,5,0,1,0,0,0
0,2,0,11,0,0,0,27,0,23,0,12,2,21,26,0,18,0,12,13,0,14,4,5,0,8,0,0,0,0,0,0
