105,3,0,6,10,32,15,0,23,0,30,0,2,0,4,5,0,0,0,3,0,0,12,9,0,4,7,0,0,9,21,10
0,0,0,0,0,0,1,8,2,11,0,7,16,0,0,12,4,0,0,3,0,0,2,4,0,8,0,0,0,0,0,0
0,0,4,0,0,0,0,0,1,0,0,0,0,3,0,0,0,8,0,8,0,0,0,0,0,0,0,0,0,0,7,12
0,0,0,0,10,0,0,0,4,9,30,0,0,0,17,0,10,9,0,4,5,0,3,0,15,0,2,0,3,6,0,0
33,0,11,14,7,0,56,0,21,0,8,49,14,0,0,1,10,0,0,5,0,0,6,6,0,0,1,0,0,0,0,10
10,0,5,13,0,0,0,0,2,0,17,61,5,4,5,0,0,2,0,12,0,3,0,0,0,0,20,4,23,0,16,0
0,0,1,5,13,0,6,0,21,16,29,8,3,8,0,4,10,69,2,9,6,0,4,0,0,4,0,13,0,0,0,2
0,1,3,0,0,2,5,0,4,4,19,16,0,42,49,7,0,29,3,0,0,1,0,4,0,3,0,0,5,0,7,0
0,0,0,5,0,0,0,0,0,8,11,0,35,3,0,8,30,0,24,0,0,1,7,0,2,0,0,0,0,0,0,0
98,0,0,1,0,0,0,5,0,0,10,10,0,0,0,3,0,12,0,0,4,5,2,10,8,5,15,0,5,0,11,0
106,1,0,0,0,0,0,0,0,0,0,0,0,0,0,18,0,0,0,0,3,7,7,0,0,3,0,0,0,0,8,9
78,4,18,0,3,0,0,0,8,11,0,0,9,0,0,5,0,0,15,4,0,0,0,0,13,8,12,0,2,1,8,4
0,8,6,0,0,0,0,0,4,0,3,0,0,0,7,0,0,0,66,3,3,0,3,3,0,0,0,6,2,0,10,0
116,0,11,0,0,5,0,0,9,0,0,11,7,0,1,18,0,2,8,0,13,3,13,5,6,0,0,0,2,0,0,6
0,10,12,0,0,9,0,0,1,0,8,4,7,0,7,0,8,10,5,0,0,15,27,0,5,7,11,0,12,0,18,8
32,0,1,3,3,10,0,3,0,0,0,0,0,0,0,10,3,1,3,1,0,0,7,0,5,0,0,0,0,3,0,1
0,0,0,0,25,0,0,3,5,10,0,0,0,8,0,0,0,0,0,0,1,9,2,0,21,0,2,14,0,7,5,0
27,0,0,0,5,1,0,0,1,0,0,5,3,0,0,0,2,13,0,15,0,0,2,2,19,9,16,0,0,4,1,0
0,1,16,8,0,0,5,16,6,0,15,6,0,0,8,6,9,0,9,7,4,0,9,0,0,15,2,0,0,0,0,0
94,0,5,0,18,2,0,0,8,0,21,13,0,0,1,3,0,5,4,1,0,21,0,0,6,13,0,0,14,3,1,0
98,0,1,0,4,0,6,0,0,0,39,16,0,0,0,0,1,0,0,3,11,4,0,14,12,6,2,14,20,6,2,4
0,0,0,0,0,8,0,1,0,0,3,0,9,9,0,0,0,6,0,13,2,0,6,14,6,6,0,0,8,1,17,15
0,0,0,0,0,16,0,0,0,7,8,0,1,1,0,0,0,0,0,0,0,0,0,3,0,0,0,3,4,14,0,0
62,0,0,0,41,7,6,2,10,13,16,3,0,0,0,1,2,0,0,1,2,0,0,0,2,0,6,0,6,1,3,0
0,3,12,0,22,26,4,0,4,24,77,0,0,3,0,0,5,0,0,0,0,5,2,0,0,4,0,0,0,0,6,2
0,7,25,12,0,29,0,5,2,32,23,9,0,5,17,0,14,2,0,8,0,6,0,0,0,2,0,0,0,0,4,0
71,7,0,0,0,0,0,9,0,0,1,2,0,0,0,0,0,8,2,7,0,0,2,11,0,1,5,0,3,1,11,0
0,8,2,0,8,9,8,13,23,0,1,4,0,0,0,0,0,0,0,0,0,1,5,0,0,4,2,0,6,17,0,0
16,0,11,0,5,10,4,0,0,0,14,0,0,0,1,0,4,9,0,0,0,0,0,0,0,0,0,0,4,0,4,0
0,0,8,0,6,0,0,0,1,0,2,0,0,0,0,2,0,0,0,0,0,4,0,0,0,0,6,0,0,7,1,3
0,7,0,0,0,4,0,0,0,4,0,0,6,0,0,4,0,9,0,0,0,7,3,2,0,0,5,5,6,3,11,0
8,0,1,0,0,3,0,0,0,0,0,0,0,0,5,0,0,0,0,0,0,0,0,0,3,0,7,0,2,2,0,0
112,0,0,5,0,7,1,4,0,1,0,0,0,11,0,0,0,0,0,0,0,1,12,0,5,3,0,3,1,0,0,3
4,0,9,0,14,1,9,6,6,0,6,0,3,8,2,0,3,0,0,7,0,4,1,0,3,0,5,0,0,9,3,4
0,0,8,3,2,0,2,0,0,0,0,0,0,0,2,3,0,1,3,0,0,0,0,3,0,0,7,0,0,4,7,0
0,5,8,0,0,16,0,0,0,16,6,11,3,0,9,0,20,0,10,0,0,7,0,8,0,0,0,0,0,6,8,0
34,8,0,0,0,0,0,0,30,8,21,21,0,1,0,2,0,0,0,0,0,0,0,0,6,0,10,0,5,0,8,8
0,0,20,0,0,4,0,6,3,0,29,78,0,0,0,0,0,7,0,3,7,0,1,0,0,8,0,0,0,0,0,0
119,0,9,0,0,0,0,37,190,171,11,0,0,12,13,13,0,2,8,0,6,7,0,0,0,0,0,7,0,0,0,40
74,0,1,11,0,0,16,21,205,96,16,56,0,22,16,6,27,8,0,9,12,0,9,0,0,0,0,11,4,0,0,20
110,1,0,0,0,2,0,14,0,5,22,0,55,10,0,29,3,0,2,196,10,0,0,7,12,2,16,16,14,12,0,18
131,0,10,0,0,0,0,0,3,0,0,3,0,0,0,0,3,0,192,192,195,0,0,39,0,0,4,0,0,0,0,15
8,0,0,0,18,0,0,9,0,0,0,0,0,16,0,0,11,0,81,95,80,14,0,12,1,5,12,0,0,15,34,0
73,0,0,9,27,0,9,0,7,0,0,37,0,0,0,2,0,14,11,17,24,2,22,0,13,0,0,57,0,10,0,0
59,0,0,46,0,0,0,8,0,2,0,20,0,7,4,0,0,0,0,0,8,0,36,11,12,13,4,11,0,0,0,19
118,16,0,12,0,0,0,0,0,0,0,0,0,0,4,13,15,18,0,0,13,8,25,9,3,9,18,0,0,19,4,0
48,36,10,0,21,32,23,0,16,0,0,19,19,0,44,34,0,16,18,0,11,0,29,2,0,0,0,16,0,12,15,9
0,15,0,0,6,59,0,0,12,0,17,0,8,0,0,0,0,0,3,7,0,21,16,161,197,189,1,13,20,26,7,5
88,6,50,0,41,0,33,13,16,0,0,45,0,0,7,29,0,7,0,0,12,57,86,198,195,191,0,0,0,0,0,10
0,0,2,2,19,18,26,0,6,14,6,0,0,0,0,0,11,0,17,0,20,5,12,147,237,0,9,0,0,0,0,23
26,27,0,0,26,0,0,0,0,0,9,22,0,9,0,0,0,0,14,2,0,0,0,18,0,0,0,0,0,0,0,0
64,26,0,0,51,23,0,0,38,0,76,52,28,0,0,41,0,0,0,0,26,0,0,19,0,37,0,0,0,16,0,31
0,0,0,0,65,16,0,23,35,0,30,29,0,0,0,21,5,0,32,16,41,5,35,0,14,33,24,43,31,0,12,0
0,28,0,1,2,0,0,0,0,3,7,14,13,9,0,0,0,1,11,24,1,0,0,0,0,0,6,1,0,0,37,0
38,0,14,12,23,22,39,21,15,11,0,0,0,0,0,25,0,0,2,0,0,0,0,25,15,12,13,22,0,0,13,0
0,16,4,0,58,0,19,14,0,0,15,29,0,15,21,0,41,0,0,26,16,0,8,0,7,0,0,66,22,2,0,0
13,0,26,13,56,0,57,0,23,0,42,9,0,0,0,33,15,0,6,0,0,0,0,0,0,16,0,0,0,0,0,6
0,20,12,0,0,16,27,0,25,34,14,26,13,9,10,36,3,0,18,0,0,136,197,243,62,0,8,0,10,32,0,24
2,5,26,0,21,0,39,31,0,0,0,0,0,27,18,0,5,0,0,0,136,193,197,195,128,53,0,12,0,0,0,0
0,0,0,0,0,0,0,39,1,0,32,23,0,16,0,24,39,5,0,0,2,37,184,54,2,0,1,0,0,25,6,0
34,0,1,10,29,0,0,0,0,0,0,0,0,0,0,7,0,4,0,0,0,6,0,0,3,0,11,0,54,31,0,0
11,24,10,0,0,6,0,0,11,0,0,0,0,20,1,0,0,0,1,6,0,2,8,0,0,35,0,0,0,24,0,21
0,0,26,0,26,8,6,0,7,0,5,16,0,23,14,0,17,3,0,0,3,0,21,12,1,0,38,0,0,19,50,0
0,7,0,6,0,23,0,0,0,0,1,0,0,0,10,17,18,0,27,0,13,0,19,0,0,5,0,15,7,0,0,0
141,19,0,0,0,0,7,7,26,5,5,0,0,0,9,0,0,0,4,13,0,0,0,8,0,1,0,0,7,13,0,0
0,23,1,0,0,29,0,7,1,0,0,0,0,0,10,0,0,0,7,19,13,0,11,0,6,22,14,0,31,0,13,0
7,0,16,0,0,0,0,0,0,5,0,0,0,0,0,0,0,2,0,0,0,0,0,0,6,10,0,0,7,12,0,10
0,7,0,23,0,4,3,9,0,7,27,5,1,0,11,1,10,16,30,3,9,2,9,0,0,15,0,10,6,12,0,5
0,0,0,11,0,13,0,5,14,1,2,40,7,0,0,0,0,0,8,0,0,7,0,1,0,6,0,5,0,0,0,0
33,12,0,2,7,0,4,11,0,0,0,35,0,0,0,0,0,0,10,9,0,0,0,0,0,0,0,0,1,0,0,0
0,0,0,0,0,0,20,0,0,0,18,6,0,0,0,0,0,1,0,0,0,5,10,0,6,13,2,2,4,7,0,16
0,0,11,0,1,3,8,0,24,0,0,18,0,27,43,0,0,2,0,3,0,2,0,16,3,13,0,0,0,2,30,2
124,0,4,0,0,9,13,12,5,18,18,3,36,0,8,38,0,0,39,2,4,0,0,0,9,2,0,9,7,0,9,0
0,3,5,0,0,7,0,0,0,7,0,6,0,0,4,0,8,6,16,21,41,21,1,0,0,0,0,4,12,0,8,9
0,0,0,0,0,7,0,0,3,16,29,0,2,2,0,0,0,3,0,8,17,0,0,0,0,0,2,0,0,0,2,2
36,0,1,0,0,10,0,2,0,0,13,8,0,0,8,0,3,0,0,5,15,6,6,0,2,6,0,0,0,0,12,0
89,24,0,0,6,0,1,0,4,6,16,14,0,0,0,19,0,0,46,0,0,7,0,2,0,0,0,18,0,0,24,26
0,3,0,0,0,10,0,0,0,0,0,4,3,23,7,0,0,11,19,0,0,0,0,8,0,10,0,0,0,0,15,5
0,0,0,12,2,0,13,10,0,0,7,6,0,0,0,0,0,6,17,0,4,22,38,0,8,4,8,0,0,2,0,1
89,0,0,12,9,0,0,0,0,3,0,12,0,0,1,0,1,18,0,0,0,7,0,0,24,0,7,1,0,11,22,0
79,0,0,0,0,2,0,0,0,0,4,0,5,9,0,0,0,0,8,0,10,6,30,0,14,5,11,0,0,0,0,0
0,0,16,0,6,0,0,4,0,0,0,3,2,3,2,0,0,0,4,22,0,3,0,0,7,8,0,0,0,0,9,0
87,0,0,11,0,0,2,2,0,0,13,1,0,0,0,1,0,1,0,0,0,0,0,1,6,0,0,1,0,0,0,4
0,0,4,1,0,3,5,0,0,0,3,5,0,0,0,15,4,0,0,4,6,0,1,6,6,0,1,0,0,7,4,0
0,9,0,0,0,0,0,2,0,0,16,10,0,0,0,0,4,8,5,3,0,0,7,0,0,16,4,1,0,0,0,16
18,4,0,0,0,2,0,0,0,2,9,0,0,0,0,4,0,0,2,0,2,7,5,8,3,0,10,2,7,7,0,4
5,0,0,0,9,13,0,0,0,4,42,0,1,0,8,0,2,3,7,0,0,1,2,10,0,0,0,0,9,26,0,0
0,9,0,0,24,0,0,0,0,17,16,5,0,0,0,4,5,3,0,0,0,7,6,0,0,7,0,4,0,0,0,0
0,6,17,5,31,15,0,0,5,29,0,4,0,2,9,0,0,5,0,2,0,0,0,4,5,3,3,0,0,0,0,0
0,23,23,0,5,16,3,7,16,25,8,45,0,12,0,0,2,0,0,7,0,0,0,0,0,0,0,5,0,3,0,33
0,0,0,14,7,0,0,3,0,0,0,0,0,4,0,9,4,0,0,8,9,5,12,0,0,1,0,0,0,0,0,0
0,2,3,1,0,4,15,15,7,7,0,0,0,0,0,0,0,0,6,2,0,0,0,0,5,11,0,4,5,2,0,0
55,0,3,6,7,0,0,0,0,4,0,0,5,2,0,9,0,1,3,4,5,9,0,0,0,4,0,4,0,0,0,14
0,4,2,0,12,10,0,0,2,4,3,0,0,6,2,0,0,5,0,0,0,9,0,0,0,4,0,4,1,0,19,0
0,0,1,0,0,2,2,0,0,6,7,0,9,5,0,4,0,2,0,0,0,3,0,7,0,0,0,5,0,13,0,0
0,4,0,7,0,0,2,0,4,0,8,0,0,0,0,0,12,2,0,0,0,2,2,9,0,0,0,9,0,5,0,0
115,1,5,0,7,2,0,0,6,0,11,2,4,0,11,0,0,3,0,1,0,0,0,4,0,4,6,0,3,0,2,0
0,0,0,1,0,0,0,8,0,0,4,8,7,0,5,0,4,0,9,4,5,2,4,3,0,0,0,0,0,8,0,12
0,0,0,4,11,3,3,0,0,3,8,0,0,6,10,0,0,3,4,0,8,0,13,11,0,0,4,0,1,5,0,0
0,10,0,5,0,6,0,0,3,0,20,4,0,0,2,0,5,0,0,5,0,0,0,5,0,0,5,0,4,10,11,0
28,1,5,5,0,0,0,5,23,3,22,20,3,0,0,0,0,3,1,0,4,7,9,6,0,0,0,0,0,7,0,3
30,0,0,1,0,4,0,7,12,0,44,62,0,0,1,10,8,0,2,0,2,6,2,0,0,6,0,6,5,0,0,0
48,3,9,0,6,3,0,8,6,20,21,0,5,5,0,7,0,0,6,8,0,0,1,0,0,0,12,0,14,0,15,0
0,0,11,7,7,0,0,3,5,16,0,19,0,22,40,0,12,0,9,5,1,0,7,0,0,5,0,0,17,0,0,11
58,10,0,0,6,0,0,0,3,0,24,0,49,22,16,28,11,3,16,0,0,9,0,0,2,0,0,1,5,0,0,7
0,1,4,3,5,0,1,11,2,3,2,1,6,0,0,8,0,6,0,0,0,39,2,0,1,0,2,1,0,4,10,0
14,0,0,8,0,8,10,4,11,0,8,7,0,0,0,2,0,0,7,4,3,0,0,3,0,0,1,0,0,19,0,37
41,4,8,1,0,0,0,0,0,4,0,0,12,0,0,0,9,8,10,9,0,0,0,11,0,0,0,0,5,0,0,0
10,0,0,4,11,0,0,4,5,0,0,1,0,0,3,9,3,2,57,1,12,0,7,8,6,9,0,0,0,12,1,0
0,12,2,18,14,0,0,0,0,0,0,0,0,0,3,1,7,0,21,6,0,8,29,8,2,13,1,0,0,0,1,24
76,0,6,0,0,0,0,2,0,0,0,1,0,2,0,1,2,0,12,0,7,29,24,4,2,0,12,6,7,0,0,34
0,0,4,0,0,0,11,0,2,1,8,0,17,0,0,6,2,12,4,0,0,0,0,34,15,9,9,0,20,10,0,0
63,14,0,0,23,12,0,0,2,0,24,4,17,20,0,0,1,10,30,17,0,0,0,0,22,1,25,16,0,0,0,17
0,0,0,3,6,17,16,0,18,0,1,7,20,9,2,17,30,2,0,18,16,0,0,15,30,0,9,6,0,0,0,19
0,0,0,21,21,32,0,40,11,0,0,12,0,3,0,0,10,20,0,1,48,25,27,33,10,38,11,0,0,0,0,66
0,15,0,0,0,0,45,0,12,6,40,5,0,0,2,0,0,16,0,0,0,0,20,35,0,5,49,15,37,3,3,0
70,0,0,41,0,0,26,43,0,0,12,31,0,0,5,5,3,0,0,0,10,27,31,0,2,5,5,13,0,33,0,0
72,37,27,28,3,1,5,0,52,0,31,0,0,0,12,0,3,0,4,0,40,0,5,20,27,20,0,10,0,5,14,0
6,0,0,23,0,8,0,46,42,0,0,0,0,0,0,0,0,0,0,0,8,6,0,8,5,12,0,24,0,0,0,23
0,20,0,0,42,0,19,0,45,6,0,6,0,0,24,0,5,27,0,0,0,0,181,50,11,18,0,0,24,0,0,69
60,42,33,0,48,22,0,0,0,7,44,0,0,10,6,0,36,0,19,21,8,193,196,197,188,91,0,0,9,0,23,6
41,17,22,0,0,0,0,0,0,28,0,53,7,34,0,60,0,1,10,49,0,194,189,196,198,109,0,47,3,28,19,0
112,0,0,0,6,5,4,21,3,4,23,0,0,2,0,0,0,0,1,0,16,16,27,32,0,6,0,0,0,15,15,0
0,0,24,0,0,14,0,0,0,15,17,0,54,21,0,0,31,0,29,25,10,0,0,19,0,0,3,0,8,37,16,0
17,13,0,0,0,23,30,0,55,1,0,20,8,0,0,34,41,2,26,0,0,0,0,16,0,0,0,0,0,15,0,12
0,35,17,6,6,34,0,0,41,0,0,0,0,0,3,0,0,44,13,10,0,0,0,33,0,28,0,0,19,44,30,0
48,10,10,38,0,0,0,0,0,0,2,0,0,16,9,20,11,0,29,0,0,14,1,29,19,0,0,0,0,1,0,0
38,10,0,0,0,3,0,0,0,7,2,0,0,6,7,17,0,5,0,36,16,0,0,5,0,17,0,0,27,32,29,21
111,0,0,0,0,0,26,12,4,0,17,0,0,0,30,19,3,8,24,12,0,25,21,24,2,0,0,0,6,0,0,0
5,4,5,6,17,0,0,0,0,0,0,0,0,0,0,17,24,0,0,0,0,14,18,0,0,7,0,23,11,0,29,0
33,0,25,0,0,44,0,0,0,0,0,10,11,6,1,16,13,0,13,11,0,3,0,0,11,0,0,0,13,24,17,8
0,19,0,18,0,0,0,17,7,1,43,39,0,0,0,15,18,0,10,0,13,0,26,0,17,1,12,6,0,2,0,0
13,29,0,23,0,0,0,14,34,12,8,8,8,17,0,10,7,1,13,0,12,0,7,0,10,0,0,0,6,0,0,14
0,19,0,0,0,0,0,0,0,0,0,65,5,0,3,7,7,2,6,21,7,0,0,0,1,0,11,0,27,5,0,7
0,0,0,0,0,1,4,0,0,1,0,13,0,10,0,0,0,0,4,13,12,22,0,0,0,0,27,13,0,26,0,16
0,0,0,17,0,0,19,20,21,2,7,56,17,7,62,0,3,26,23,31,28,0,6,0,10,14,0,35,0,34,0,0
0,19,0,8,6,0,19,0,0,11,44,0,24,5,0,33,22,0,47,5,16,3,0,0,0,9,7,13,2,1,0,8
0,7,0,4,4,0,5,0,0,0,2,4,6,6,0,0,0,0,14,0,14,32,0,1,0,0,0,0,0,0,2,7
38,6,1,0,18,0,0,0,1,0,0,8,11,0,11,3,0,0,1,0,8,4,31,0,35,0,0,10,11,0,0,0
15,3,0,9,0,0,0,6,9,1,0,0,7,23,0,0,2,14,0,6,0,0,0,8,0,0,39,23,23,0,0,0
0,4,10,0,17,0,10,16,19,8,15,0,0,0,2,0,0,3,38,5,3,9,12,16,8,0,0,0,0,0,0,0
56,0,4,12,1,0,5,0,11,0,2,3,6,0,0,0,0,3,16,3,0,2,9,3,25,0,0,6,0,15,3,24
0,0,3,11,0,0,5,0,8,6,1,7,11,6,1,0,0,0,25,0,6,26,16,11,82,0,0,20,4,7,0,0
0,9,5,0,0,0,0,17,0,1,0,0,0,5,3,0,4,0,7,12,0,0,0,22,1,1,0,0,0,7,1,0
22,11,0,6,7,2,0,0,0,1,0,2,0,0,0,8,0,0,26,6,6,0,1,4,0,0,1,0,0,0,0,9
0,1,0,4,0,0,0,0,0,0,6,9,0,0,0,1,0,0,14,5,7,6,3,3,0,0,0,0,9,4,0,0
0,0,0,0,16,0,0,7,0,12,18,0,1,0,0,0,0,0,0,6,3,0,4,0,10,8,8,0,2,0,1,0
0,0,0,0,0,0,3,0,0,16,0,7,0,0,0,11,0,1,0,0,8,4,12,0,12,9,17,6,6,0,0,24
0,0,16,0,6,0,12,1,13,1,56,29,0,0,0,0,0,0,0,0,0,8,5,0,1,16,0,0,0,0,0,3
0,3,11,0,8,0,1,5,0,0,25,0,0,0,6,18,0,0,0,11,0,2,10,0,0,0,9,0,0,16,0,28
0,0,0,0,0,0,0,12,0,0,32,0,9,4,7,0,0,8,1,4,8,7,3,5,7,5,0,0,2,7,0,0
0,2,0,0,19,0,0,3,7,1,8,0,8,0,0,3,5,0,0,0,6,0,0,6,7,0,6,10,11,2,22,0
7,0,1,0,20,23,0,0,0,18,40,20,0,0,0,2,3,4,0,0,0,0,0,0,0,0,0,3,0,1,0,1
0,15,17,9,0,28,5,0,0,39,7,13,0,0,1,0,1,3,9,0,0,1,11,0,5,5,0,0,2,3,0,0
53,0,3,8,0,0,5,1,0,0,11,2,0,2,0,0,7,0,0,3,2,0,7,0,2,7,0,0,5,4,12,0
0,0,0,0,2,0,0,2,0,0,0,0,0,8,5,0,0,1,0,10,0,8,0,0,0,0,11,0,8,0,11,1
0,0,0,0,0,2,0,0,0,0,21,0,1,4,0,0,5,5,2,0,0,1,0,0,0,0,4,4,6,1,8,0
0,1,1,1,7,0,11,0,0,4,0,0,0,5,0,0,0,0,1,1,0,0,3,0,0,2,15,0,0,0,0,0
0,0,0,2,0,0,1,5,0,0,5,0,0,2,7,2,0,5,1,2,0,0,0,3,0,0,0,0,0,6,6,0
0,0,3,4,7,0,6,0,0,0,1,1,0,3,0,0,6,0,0,0,7,0,0,5,4,7,0,0,0,0,4,0
114,0,0,4,0,5,0,0,1,0,4,4,0,8,3,0,12,0,8,5,0,0,4,0,0,7,4,0,0,5,16,18
0,2,1,0,0,2,0,0,10,3,0,0,3,0,0,0,0,0,0,1,0,0,0,5,0,3,1,0,4,0,10,0
9,0,3,1,0,0,0,8,0,8,0,6,0,0,0,0,4,0,5,0,4,0,11,0,2,0,12,7,0,1,12,0
11,2,0,0,2,0,0,0,3,10,18,12,4,11,1,0,2,0,0,0,0,3,0,0,0,0,3,0,1,0,12,0
28,0,0,0,0,7,0,10,22,0,2,26,0,0,4,0,0,0,2,0,1,6,0,3,0,4,0,0,0,16,0,13
25,0,0,2,6,0,16,6,2,2,28,82,0,0,8,0,0,0,0,0,0,2,0,0,0,0,0,7,0,0,0,13
0,0,13,0,0,0,0,0,5,16,16,0,0,16,0,5,0,6,2,0,0,10,0,11,0,0,6,9,0,0,11,0
0,12,18,0,15,14,19,0,0,37,0,0,0,11,58,0,0,0,12,0,4,0,0,1,0,0,0,0,1,11,0,0
132,0,0,1,0,0,0,0,0,7,22,2,22,41,0,30,21,25,10,0,25,0,0,0,0,1,1,9,0,14,6,0
0,4,10,6,0,1,3,2,3,8,4,5,6,0,0,7,0,22,1,2,0,32,0,0,1,0,0,2,0,8,3,0
3,0,1,0,1,0,2,0,18,4,3,0,6,1,0,13,0,0,0,8,9,2,6,0,0,3,10,1,2,0,6,0
0,2,0,5,0,0,0,7,7,0,0,4,3,0,0,1,0,6,0,0,0,0,0,2,1,0,0,5,8,7,1,0
76,0,0,0,2,0,0,2,0,0,0,0,0,0,0,0,0,0,42,0,3,0,0,3,1,0,0,0,7,0,0,0
0,0,13,0,0,0,1,0,3,2,0,0,3,0,0,3,0,5,2,1,7,0,18,0,1,28,0,1,1,0,0,0
0,0,0,0,0,0,1,0,0,6,0,0,0,0,0,0,0,0,6,0,0,19,17,4,6,1,1,1,0,0,1,22
55,5,0,0,7,4,0,0,0,0,0,0,0,7,3,0,0,5,0,4,9,3,0,1,0,0,0,4,9,4,0,0
0,1,0,0,23,3,15,0,6,1,14,0,0,0,0,2,0,3,1,2,10,1,8,4,6,0,9,6,3,2,0,9
5,2,0,0,8,5,0,0,0,3,1,4,1,0,0,0,0,1,2,10,2,0,0,6,30,3,0,0,0,2,5,0
126,0,11,6,0,0,0,0,7,4,0,4,4,3,0,0,0,7,2,0,0,0,0,3,9,0,0,0,0,0,5,3
24,0,0,6,10,2,0,5,0,4,11,6,11,0,0,0,0,14,0,0,3,2,4,2,23,14,0,0,0,0,0,0
78,5,0,0,4,7,14,0,7,2,40,15,13,1,3,0,6,0,0,9,0,0,5,0,5,8,4,0,9,0,12,0
85,0,0,4,0,4,0,0,0,5,26,7,0,0,0,1,1,1,0,0,2,0,10,3,16,0,0,0,13,0,11,27
0,0,0,3,0,16,0,0,0,0,26,14,0,0,0,0,0,0,0,4,0,3,8,2,3,3,0,0,0,0,0,14
0,0,0,2,34,0,0,2,3,3,25,0,6,0,8,0,6,6,0,0,0,0,19,12,0,0,0,14,0,5,0,0
0,20,25,1,21,19,0,0,0,13,6,25,0,14,14,0,16,0,18,3,1,0,0,1,0,1,11,0,5,0,8,0
0,21,15,3,0,40,2,0,2,29,0,30,3,0,0,0,4,2,2,5,0,0,3,0,0,0,0,0,0,0,0,0
0,0,10,7,0,6,0,0,0,6,5,0,0,0,0,0,6,0,0,3,1,0,0,0,7,0,0,2,0,0,0,0
0,5,0,0,0,4,0,0,0,0,0,2,0,1,12,0,0,0,1,0,0,0,0,5,6,5,0,0,1,11,13,0
57,0,0,0,0,0,0,20,4,1,6,0,0,1,0,0,1,6,1,0,0,4,2,0,3,0,0,4,0,2,0,8
0,0,0,0,0,0,1,0,0,6,7,10,24,0,0,2,13,0,0,0,0,14,0,0,0,5,0,0,13,7,0,0
8,0,0,0,0,17,0,37,0,15,0,0,0,6,0,2,0,0,17,10,15,0,0,4,0,14,7,0,2,4,5,0
0,17,9,0,0,0,0,10,0,5,6,22,8,0,0,13,0,5,0,10,10,0,0,9,5,0,5,0,0,8,42,18
142,3,0,0,11,17,0,0,27,22,0,0,0,2,0,0,5,0,0,12,0,7,0,24,0,29,0,0,0,0,0,3
8,4,0,7,0,0,16,18,3,11,1,20,7,16,17,0,2,15,0,1,0,0,7,2,1,14,30,32,0,0,16,0
13,11,17,10,0,12,4,0,6,5,16,0,0,36,13,0,12,0,4,44,6,0,12,0,0,0,7,0,11,0,23,43
0,36,0,0,0,3,0,0,0,4,23,26,10,0,15,0,11,23,6,0,0,0,0,0,24,0,15,22,20,8,31,0
24,13,0,0,0,0,0,0,0,0,10,15,12,4,0,22,0,0,0,9,0,22,6,32,0,0,0,9,4,8,0,22
11,9,0,0,29,0,27,6,0,0,6,0,0,27,0,15,4,0,0,0,0,5,33,9,0,0,0,19,13,0,0,4
99,41,0,0,0,13,0,0,7,0,7,35,20,0,0,53,0,0,2,0,0,31,0,0,0,0,0,0,35,4,0,7
38,0,18,56,25,0,11,5,55,75,12,32,0,11,7,17,0,0,0,15,1,0,0,0,23,0,0,0,0,6,0,25
0,18,0,0,0,0,0,11,43,93,13,0,0,1,13,55,9,17,5,0,206,60,11,18,2,0,0,9,19,0,0,1
0,3,0,0,0,1,11,2,0,0,0,0,0,8,0,0,0,0,0,0,20,235,0,0,4,2,1,0,0,0,0,0
109,0,0,9,0,0,0,15,0,0,0,4,0,3,0,22,1,0,2,0,17,8,24,4,37,0,17,0,0,12,4,0
30,31,0,48,29,0,0,44,13,0,5,10,0,0,0,4,0,0,10,0,0,18,11,0,0,1,0,40,1,3,0,0
0,6,0,10,22,0,11,0,11,1,3,23,22,4,23,6,23,7,64,0,0,0,5,8,0,0,0,0,0,0,0,3
94,0,0,42,0,0,3,37,12,2,31,0,0,0,0,13,16,6,9,0,3,0,0,0,13,0,0,0,21,61,0,0
0,7,0,0,0,35,0,26,16,20,3,0,16,0,14,2,10,0,0,21,0,0,38,4,0,129,248,0,33,3,29,21
107,0,7,0,0,28,23,0,1,0,0,0,10,0,8,0,13,0,0,16,0,12,0,0,49,119,59,0,0,18,5,19
0,0,0,0,0,5,0,8,0,12,0,1,0,0,3,3,0,0,35,0,0,14,0,8,0,66,27,5,15,0,16,2
80,0,0,0,23,0,2,0,0,0,0,4,0,0,32,15,12,0,11,3,0,0,5,0,0,16,9,0,1,0,9,0
0,26,17,0,13,17,0,4,0,3,0,8,4,0,15,0,0,7,24,25,0,0,7,4,2,0,5,0,0,0,0,0
0,27,17,0,15,0,6,27,20,0,7,24,0,0,0,3,0,0,22,0,17,11,16,0,0,34,0,0,0,0,0,45
0,7,0,0,0,0,0,0,0,5,48,0,4,25,2,2,0,0,0,3,0,4,0,0,0,5,0,0,22,0,12,0
0,0,3,0,5,0,4,10,0,3,17,3,0,0,0,0,0,0,9,15,0,2,0,13,23,0,21,0,0,0,14,13
0,18,9,0,0,34,0,12,7,0,40,0,0,0,8,0,0,1,0,0,0,13,3,7,0,0,0,0,12,0,0,4
30,18,3,0,1,10,0,0,15,19,0,0,0,0,13,16,0,0,0,6,0,0,0,8,0,0,0,0,0,5,0,0
29,0,11,0,40,9,7,2,0,6,3,19,0,0,0,2,0,3,14,0,0,0,9,7,1,0,0,0,0,16,0,0
7,16,32,0,0,31,0,3,0,14,16,18,0,0,2,0,8,0,11,3,2,6,0,0,53,16,0,2,0,0,10,0
72,1,0,0,2,0,0,2,0,0,0,0,0,5,0,0,0,1,6,0,0,8,0,1,14,1,9,0,2,0,0,2
12,0,8,2,2,0,0,4,0,0,0,12,0,2,5,14,13,2,0,0,4,0,5,7,0,0,4,14,9,0,0,0
0,0,0,9,0,0,0,4,0,6,0,0,3,9,0,0,0,4,3,0,13,0,1,0,0,8,8,0,2,7,0,0
0,7,0,0,9,0,0,11,0,7,5,0,6,1,0,0,6,2,0,3,2,7,11,6,6,0,3,0,0,0,0,0
1,0,5,5,6,0,0,0,0,1,0,0,0,6,4,0,0,0,0,0,0,0,0,1,2,2,0,0,0,3,0,0
8,0,0,10,0,0,0,4,0,0,16,7,0,0,0,3,7,0,0,0,7,4,0,0,9,1,1,2,0,6,0,0
132,0,0,4,0,0,0,0,2,0,14,6,0,5,3,0,8,0,2,2,4,0,7,7,0,8,0,5,0,11,9,0
0,11,4,0,0,8,0,0,6,12,0,9,1,0,16,0,4,0,0,16,0,0,0,4,0,0,14,0,6,0,11,4
3,1,0,7,0,0,0,1,0,0,10,0,4,7,0,0,6,3,0,12,0,0,1,5,2,0,0,0,0,2,0,0
24,7,0,0,0,4,0,6,0,5,17,7,0,0,0,0,1,0,0,4,0,9,6,0,4,8,0,0,0,0,0,3
25,0,0,4,1,0,0,0,0,0,13,32,4,1,1,0,9,6,0,0,0,0,6,0,0,3,2,0,0,0,0,32
32,0,6,0,0,0,4,0,0,2,32,76,0,0,5,5,0,11,0,1,3,0,0,6,0,0,0,0,0,8,4,0
0,0,0,2,13,3,0,1,0,16,24,2,0,15,1,1,0,5,12,2,5,0,0,1,0,0,0,0,0,10,1,2
79,0,5,5,8,0,0,10,3,18,17,15,0,18,59,0,6,0,3,7,14,0,9,0,9,0,13,6,0,0,0,8
91,0,0,8,3,7,0,12,0,14,31,0,27,30,2,21,23,28,4,3,19,6,2,1,0,0,0,0,2,0,6,0
0,0,0,0,0,4,3,0,0,0,4,0,4,1,0,8,1,17,4,0,0,33,0,5,0,6,2,0,0,20,0,0
0,9,0,0,0,0,0,1,3,0,5,0,7,3,0,0,0,8,0,0,0,0,9,8,4,4,9,6,7,0,5,6
0,0,0,0,0,0,0,0,2,3,7,4,0,0,0,4,0,5,0,0,0,0,0,0,0,0,0,0,0,0,1,0
0,0,9,7,0,0,5,0,12,0,0,1,0,1,0,0,2,0,38,0,0,0,0,0,2,0,0,0,0,0,0,14
71,2,9,0,0,6,0,0,8,1,0,4,0,0,0,0,0,0,8,0,0,0,15,0,0,3,3,1,0,0,0,0
0,0,0,14,0,0,0,4,1,0,8,16,0,0,0,4,0,12,10,0,2,0,22,6,3,0,10,0,0,0,0,0
52,0,3,4,0,0,0,0,0,0,0,0,7,8,3,0,8,3,0,4,0,3,0,0,7,4,0,0,0,0,3,4
0,0,1,0,13,3,0,0,0,6,14,10,0,0,0,0,0,0,0,0,1,0,0,3,2,1,0,0,6,0,1,0
0,4,7,0,8,0,3,13,0,0,1,0,0,1,0,1,11,2,14,0,5,0,0,0,0,0,0,10,0,8,0,0
0,0,0,5,0,0,1,0,0,0,7,0,0,10,0,0,0,0,7,7,0,0,0,0,0,2,0,1,0,0,0,0
5,0,0,0,0,6,0,0,0,9,2,0,3,0,3,0,0,3,0,0,0,0,0,0,9,0,2,1,0,13,0,0
82,0,6,0,2,0,5,0,0,0,24,16,0,3,0,0,0,0,2,0,0,0,4,0,0,29,4,10,0,0,6,1
0,0,3,0,1,0,0,0,0,0,8,1,3,0,0,0,0,11,0,8,0,0,0,2,0,0,9,0,4,5,0,9
99,0,0,0,4,8,0,0,1,4,20,0,0,2,0,13,0,0,0,0,0,0,0,4,0,0,0,0,2,14,0,0
16,0,11,0,27,11,0,0,0,19,14,1,0,0,5,4,8,4,1,8,3,0,0,0,0,13,0,0,6,0,0,0
0,11,14,0,27,10,5,0,1,24,19,22,5,10,1,0,0,2,0,0,0,0,0,0,3,0,0,0,0,0,0,0
0,17,24,2,5,40,2,0,0,25,17,20,0,0,2,0,7,0,0,0,3,0,0,5,0,0,0,2,1,1,0,0
31,0,9,4,7,0,13,17,0,0,9,7,10,0,3,0,9,0,6,1,0,0,7,0,0,1,0,0,0,0,0,0
5,0,14,0,7,2,3,0,2,1,0,0,0,2,1,0,4,0,0,2,0,0,0,0,0,0,0,0,3,10,0,13
45,2,0,6,0,0,0,0,0,0,11,3,0,1,4,0,0,0,0,0,0,0,0,0,4,0,0,4,13,0,0,0
2,0,4,0,0,0,0,0,0,2,0,5,0,0,1,0,8,0,9,0,0,0,0,0,0,0,0,0,2,7,3,0
0,0,0,7,4,14,9,2,3,1,0,2,2,0,2,0,0,2,9,0,0,4,0,0,6,4,3,0,0,0,3,13
0,5,1,0,0,2,0,0,0,4,3,0,5,0,9,0,4,3,5,6,1,0,0,0,4,1,16,0,0,0,6,6
102,7,0,0,0,1,0,0,0,2,3,0,0,3,1,0,0,6,0,0,0,2,7,2,0,2,0,1,1,0,0,0
5,0,0,4,9,4,0,1,0,2,3,4,0,0,0,0,0,0,0,9,0,2,0,1,1,2,3,3,0,6,4,0
0,11,3,6,0,0,3,12,8,0,0,6,0,0,1,0,9,7,1,13,4,0,13,5,10,9,0,0,8,0,10,1
16,14,13,0,0,0,4,0,3,0,12,0,0,0,0,0,4,8,0,2,0,0,0,12,7,16,0,0,0,0,0,19
56,13,0,23,0,0,1,0,0,2,32,0,0,22,0,10,0,1,18,0,22,31,24,1,1,0,23,0,4,0,22,0
28,35,28,0,18,5,0,0,0,34,34,0,0,29,13,40,21,0,27,0,1,26,34,0,0,22,4,18,16,0,0,0
0,32,29,0,0,38,0,200,196,32,0,0,0,46,30,78,0,3,11,55,38,3,0,8,0,2,0,0,0,28,21,44
0,3,0,0,0,0,0,80,240,0,0,40,0,22,28,6,0,7,202,195,237,3,0,2,0,25,0,0,25,0,8,37
71,0,0,4,0,2,0,0,18,0,0,27,33,0,0,60,0,27,134,193,24,1,0,0,0,39,26,0,13,0,0,0
0,9,0,0,17,20,8,33,10,18,17,58,17,0,0,27,2,27,121,229,2,0,21,0,0,7,0,3,0,12,0,0
0,0,0,48,3,0,2,12,16,0,0,0,0,0,0,0,0,7,0,1,0,20,0,0,0,0,0,57,0,0,0,0
6,8,20,0,18,0,0,25,27,1,0,25,0,8,15,0,0,0,0,19,0,0,0,38,0,5,0,0,0,3,0,0
95,0,9,28,0,1,0,0,32,0,0,2,5,9,0,24,0,23,11,17,0,5,8,0,0,14,0,12,30,6,42,0
0,16,1,21,0,0,29,36,27,8,8,7,0,9,0,0,0,0,39,0,12,13,16,0,187,193,0,6,0,0,11,19
80,68,0,0,10,17,0,9,0,0,0,23,0,0,0,11,21,0,43,7,23,0,98,138,197,188,9,30,0,0,0,13
153,0,0,20,0,0,9,0,15,12,0,0,0,4,0,0,0,0,14,0,18,0,0,25,197,78,0,10,0,19,6,9
120,31,10,21,39,0,0,20,0,0,17,0,0,1,9,0,0,0,3,3,18,4,0,0,0,0,1,35,0,0,0,0
0,0,1,10,0,0,0,0,7,0,35,4,0,19,0,0,0,7,3,0,0,15,6,0,4,3,0,0,0,1,36,4
0,16,13,0,9,0,0,21,27,0,6,30,34,0,30,0,24,0,0,27,22,31,0,0,0,0,4,17,5,0,43,0
54,0,25,28,34,1,0,0,0,0,0,4,0,0,0,0,0,0,0,0,6,0,21,7,0,0,0,1,0,22,0,0
0,0,6,0,12,0,10,0,3,0,18,0,0,0,0,0,0,2,4,0,6,1,0,9,6,3,0,14,8,0,0,17
48,0,0,10,0,0,0,1,0,8,0,0,2,0,0,9,6,0,16,0,14,4,10,0,10,9,0,12,0,9,0,82
0,14,17,0,0,0,3,22,0,0,0,0,0,14,0,0,35,0,16,11,8,0,22,11,0,2,0,0,29,1,0,0
38,20,0,0,0,3,0,0,0,22,27,0,14,14,18,0,9,6,0,0,0,5,38,9,108,12,0,32,24,0,0,0
0,0,28,20,36,0,0,8,0,12,101,17,0,26,0,0,0,0,0,5,0,1,247,194,73,0,10,3,0,0,0,0
0,19,18,0,24,35,0,0,0,0,0,63,4,17,0,0,0,0,18,0,0,0,14,146,55,0,0,0,4,7,0,24
16,18,0,8,21,0,0,23,12,3,0,0,0,14,6,0,6,1,0,9,0,0,0,17,0,11,23,0,0,18,0,0
12,0,0,16,0,0,41,0,32,0,26,17,0,0,0,29,0,0,0,0,0,21,10,8,18,0,3,12,33,7,0,0
0,0,22,21,4,6,0,0,2,13,0,7,0,0,4,12,0,6,1,0,0,0,7,4,0,0,0,16,0,11,0,5
0,0,0,4,0,6,0,13,0,2,0,0,8,0,0,0,0,0,25,0,0,0,0,22,14,14,16,0,8,3,9,11
5,0,26,11,5,5,14,8,0,8,9,0,25,19,0,0,24,0,16,31,0,0,16,4,0,20,0,0,0,0,0,13
2,8,1,0,16,2,0,6,0,0,0,6,9,6,7,0,9,5,18,13,13,8,0,0,0,0,0,15,14,0,10,0
113,0,0,8,0,0,0,0,0,1,16,5,12,0,0,11,0,1,5,0,3,3,0,4,1,5,20,0,3,0,0,7
0,0,0,8,0,0,0,2,0,1,0,0,0,0,0,3,0,0,12,1,0,0,0,0,0,3,0,0,0,0,4,16
0,6,0,0,2,0,0,0,4,0,0,5,2,0,0,0,0,0,0,1,0,1,5,0,5,7,2,4,8,0,9,0
0,0,0,0,13,0,3,14,7,7,17,39,9,0,0,0,0,0,7,4,0,11,0,3,0,0,1,11,0,6,0,9
31,2,0,0,4,0,0,0,0,0,0,25,0,0,0,0,4,0,2,6,3,3,0,0,0,7,2,3,8,0,3,8
0,0,0,9,0,4,0,4,0,0,47,80,5,3,0,0,2,0,0,0,0,11,0,0,0,0,0,0,0,0,3,0
0,6,2,8,1,5,0,0,6,20,22,2,0,18,2,0,0,8,0,0,68,0,0,2,0,0,0,0,0,0,2,5
66,0,0,3,0,0,0,0,1,20,8,9,5,52,58,0,0,11,7,12,0,2,0,0,8,0,0,2,7,0,8,4
0,0,0,9,0,0,11,7,0,29,12,0,22,0,0,15,9,16,6,10,20,1,4,0,0,0,5,11,0,4,0,0
0,0,0,5,0,2,2,6,5,4,0,0,3,7,3,0,10,22,3,0,7,34,0,0,0,0,0,6,0,0,0,0
42,3,0,0,0,0,0,0,11,1,5,0,3,0,0,13,0,1,8,3,0,12,0,0,0,0,0,0,0,21,0,5
37,0,0,3,0,0,0,0,0,2,0,1,0,3,0,7,0,1,0,1,2,0,0,6,3,6,3,0,1,0,0,12
41,1,0,0,0,9,0,0,4,0,22,12,0,0,0,1,5,0,61,5,10,0,12,0,0,0,0,0,3,4,0,0
0,0,2,10,0,0,0,4,0,0,18,0,11,0,3,0,3,0,11,0,2,0,27,0,8,0,5,0,11,8,3,0
0,4,2,0,0,2,0,0,0,2,8,5,0,0,0,9,9,0,5,1,7,23,18,0,5,9,12,3,0,0,7,7
0,3,2,1,2,2,0,0,0,0,0,0,2,0,0,0,0,0,0,9,1,9,6,7,15,0,0,0,0,0,0,0
80,0,2,0,6,0,0,0,0,0,3,8,0,0,0,13,0,2,12,0,3,0,0,4,5,5,0,0,0,2,9,15
0,3,5,10,0,0,0,0,0,0,8,4,9,1,0,0,6,6,10,1,0,0,10,1,9,2,16,0,9,0,0,2
113,6,0,1,5,0,9,0,1,0,0,0,6,0,1,0,0,0,8,0,0,0,6,0,0,0,0,0,1,0,0,4
43,13,16,0,0,0,0,0,1,6,0,15,0,0,0,0,16,4,7,0,0,18,0,0,0,0,0,0,0,6,0,41
0,6,1,7,10,0,0,17,0,0,37,25,6,0,0,2,5,0,0,0,0,0,0,2,8,17,0,0,2,0,0,5
0,0,5,0,0,2,0,0,0,0,14,3,0,4,6,0,6,3,0,10,0,3,6,0,0,0,2,8,7,0,0,0
0,0,0,0,0,8,0,6,3,13,14,1,0,0,5,0,5,0,0,0,4,1,16,0,4,2,3,0,0,0,0,0
0,3,0,4,31,0,0,6,0,19,11,0,8,0,8,0,6,0,0,1,7,0,32,0,2,0,5,0,3,16,0,0
1,7,12,7,20,3,0,0,1,7,46,8,4,0,5,11,1,0,0,5,0,6,0,6,5,1,16,7,0,0,0,6
63,16,22,2,3,49,0,4,2,16,23,36,0,0,9,0,8,9,9,0,7,0,0,0,0,0,12,1,0,0,0,10
0,0,0,0,0,2,0,0,3,3,7,14,0,3,0,1,0,1,0,9,6,0,1,1,0,0,0,10,4,0,0,11
12,0,0,6,0,6,0,0,0,1,0,3,0,0,5,0,0,0,2,0,0,0,0,3,0,0,0,9,0,0,0,10
0,1,0,0,4,0,0,3,0,0,5,5,0,1,1,6,0,0,10,0,9,2,0,0,2,1,0,0,3,1,0,0
0,0,11,10,0,0,0,0,0,2,2,0,0,0,0,0,0,0,0,0,2,11,1,0,0,0,0,1,0,0,9,1
0,0,0,0,0,0,2,0,0,0,0,0,0,5,0,0,7,2,0,1,1,4,0,0,0,4,3,2,2,0,0,0
0,5,0,0,2,0,0,0,0,4,1,0,1,0,2,0,1,0,1,0,4,0,2,0,0,0,0,4,0,4,3,16
120,5,8,0,10,1,3,0,0,4,4,0,6,5,1,0,0,0,0,5,0,0,0,5,0,9,0,0,0,1,0,6
0,1,0,14,3,2,0,9,1,0,5,0,0,0,0,5,0,0,2,0,0,0,7,0,1,0,4,9,3,1,0,0
0,5,0,0,7,0,0,0,2,0,6,0,0,3,0,9,5,0,3,5,0,3,2,0,0,0,5,0,0,4,5,0
0,0,0,1,0,8,0,1,0,4,18,18,0,4,2,0,0,4,0,0,0,0,10,5,0,1,0,0,0,0,0,27
1,3,1,15,4,2,5,1,3,0,20,14,0,0,0,0,10,2,2,6,0,9,1,0,5,0,2,7,8,0,14,0
0,0,0,0,3,3,0,5,0,0,25,77,0,4,0,9,3,0,0,6,0,0,2,5,0,0,3,1,6,0,2,17
0,12,5,0,2,0,12,21,0,15,41,3,0,14,5,0,9,0,13,7,14,0,3,0,0,4,0,2,5,0,0,2
0,0,0,12,17,0,0,0,25,7,5,29,0,20,38,31,33,13,37,39,0,0,33,0,0,9,20,14,0,9,0,0
117,5,44,0,0,1,1,0,0,31,44,0,15,0,24,17,36,37,0,0,19,0,0,41,1,14,0,4,0,34,0,0
0,52,0,16,15,0,0,0,19,9,0,0,5,44,0,16,11,22,16,0,0,0,0,9,6,0,18,15,0,0,34,36
79,12,52,0,0,4,18,6,19,0,8,25,3,20,10,19,52,0,16,0,0,12,0,7,1,0,7,1,0,7,11,0
0,0,0,0,28,13,20,0,8,0,0,12,5,0,2,0,26,0,0,4,29,22,113,226,195,16,12,17,32,0,10,73
80,39,21,0,18,32,0,0,8,0,0,17,0,31,0,0,0,22,77,12,24,0,246,187,190,162,14,0,0,27,22,0
39,0,0,0,0,0,4,0,16,12,14,11,13,0,4,0,8,0,0,0,0,0,54,47,14,0,18,0,0,0,0,0
0,0,0,54,0,0,53,17,0,14,24,0,46,22,0,0,4,0,15,0,0,28,47,19,0,0,13,16,21,0,0,32
0,2,0,29,0,0,29,0,13,11,21,0,0,9,0,0,18,0,18,21,46,1,0,0,0,0,0,0,23,0,0,20
0,66,42,0,11,63,0,0,13,23,0,0,0,18,13,0,32,0,60,0,14,10,0,9,0,21,3,0,40,39,40,0
2,0,0,17,5,4,33,1,0,0,0,18,14,0,18,29,3,0,0,0,0,40,0,6,0,1,0,0,0,0,0,20
28,34,16,0,2,0,0,49,24,6,0,0,0,0,0,16,6,26,6,13,2,0,3,6,16,0,0,0,29,0,22,33
0,40,20,13,32,22,71,32,12,21,39,27,45,0,0,17,0,4,9,0,0,0,0,30,5,0,0,0,0,0,59,0
0,0,0,54,0,0,14,0,0,0,22,29,0,25,0,23,0,0,0,0,0,14,11,8,0,3,0,24,6,27,11,20
0,0,4,0,0,0,8,0,39,20,24,19,11,0,28,0,6,5,0,0,0,0,14,98,35,0,11,0,10,0,16,0
2,0,0,0,0,6,13,2,5,7,60,3,0,0,0,0,1,0,16,0,6,0,6,190,193,0,0,4,16,0,0,0
0,0,4,33,16,0,9,0,34,1,0,18,0,0,8,0,0,11,0,0,0,16,25,130,150,0,3,0,0,18,3,0
0,10,43,20,33,0,27,28,0,35,7,0,0,0,0,15,0,0,0,0,0,21,8,8,0,0,0,40,0,11,0,0
14,0,18,0,0,28,0,10,0,24,46,62,13,23,21,0,23,0,17,44,0,25,0,0,0,0,0,0,19,0,6,0
0,36,3,5,0,0,0,4,0,0,12,18,0,4,26,0,0,0,0,0,14,0,4,10,4,0,0,9,0,9,13,0
4,0,0,0,0,0,22,3,10,9,0,10,10,23,0,0,0,10,0,0,0,16,12,11,14,16,0,1,20,0,0,16
18,0,13,16,2,0,17,0,0,14,0,0,0,17,0,14,0,0,15,8,0,0,9,0,0,0,0,0,0,6,0,0
0,0,0,7,17,9,12,0,11,0,1,0,5,0,0,1,4,8,7,8,0,0,12,9,0,10,0,0,0,0,0,0
12,0,0,10,14,12,0,2,0,0,0,9,0,0,0,0,1,0,2,8,15,16,0,23,0,7,0,10,0,3,12,11
0,0,31,5,0,0,16,39,22,0,0,13,4,0,0,0,0,9,0,27,0,0,33,0,10,0,0,0,0,0,0,2
116,7,0,0,0,13,0,7,7,9,17,0,11,0,0,4,0,0,0,0,6,2,0,6,9,5,15,1,0,0,0,1
1,0,0,0,0,0,11,18,0,0,0,0,0,0,2,2,0,0,1,1,1,0,8,8,4,0,4,5,0,0,0,16
1,0,0,0,0,0,3,0,0,0,0,0,0,0,0,0,3,1,5,6,8,0,5,0,1,5,0,2,0,1,0,1
0,4,4,2,3,2,0,0,2,0,20,0,6,2,0,0,4,0,1,1,0,1,0,0,1,0,3,1,1,2,0,5
0,5,0,0,0,0,3,4,16,1,24,28,0,0,4,0,0,2,0,0,3,0,8,0,0,0,0,0,0,0,1,0
0,2,0,0,0,0,4,0,0,0,21,81,0,0,0,13,1,0,0,0,5,4,0,0,4,0,0,1,3,0,1,5
0,0,10,0,2,0,5,13,5,0,42,19,0,16,0,8,0,0,0,0,30,8,13,0,0,0,0,0,0,0,0,33
0,0,1,9,0,0,0,5,0,27,1,11,3,34,45,0,12,24,20,0,0,0,0,6,0,0,0,0,0,0,0,6
0,0,0,0,0,0,6,5,3,0,21,12,22,1,0,40,2,29,5,7,20,0,0,2,6,0,0,2,2,0,4,0
0,13,14,0,7,0,3,0,0,0,0,0,2,11,5,26,0,19,0,1,1,41,4,0,0,0,0,1,0,0,0,0
90,0,11,0,0,0,0,4,1,6,0,0,5,10,3,0,7,0,4,4,0,1,0,0,0,0,0,0,0,19,1,1
1,0,2,2,0,0,0,0,18,0,10,0,2,0,2,0,6,1,2,1,8,0,4,0,0,1,0,2,0,0,0,10
0,0,0,0,4,14,0,0,10,0,5,0,9,8,0,0,7,0,62,0,0,0,1,6,13,0,3,3,0,0,2,5
4,0,0,0,1,2,2,0,0,3,0,0,0,0,1,4,0,0,2,0,5,1,12,0,0,11,11,0,1,0,0,1
104,0,0,8,7,0,2,0,6,0,7,4,0,0,3,0,0,0,8,5,4,33,29,0,1,0,0,8,0,0,0,0
6,0,0,0,0,15,2,0,0,2,5,0,7,0,6,6,10,0,0,0,7,10,1,0,0,0,0,4,7,0,5,0
0,0,3,0,0,3,1,0,2,0,10,1,3,8,0,9,0,0,26,1,7,2,6,0,8,5,3,2,0,1,0,8
0,0,1,0,0,0,4,3,2,0,2,0,0,0,1,0,0,4,13,9,0,1,0,0,16,2,0,1,0,0,6,1
0,0,12,9,7,0,3,13,2,0,1,0,1,3,0,0,0,0,0,0,0,1,8,0,11,0,0,4,0,7,0,0
53,0,7,2,14,0,12,8,7,0,0,26,2,5,3,3,1,0,11,0,11,1,17,0,8,0,0,0,0,1,1,1
29,0,1,5,6,0,0,0,0,0,29,25,0,4,0,0,0,0,17,0,9,0,0,5,0,21,0,0,0,1,0,0
100,0,0,0,0,0,8,5,0,0,0,0,0,4,0,6,0,0,0,0,4,0,0,36,10,3,0,0,7,1,0,3
67,0,0,1,2,28,0,0,2,32,23,1,0,0,0,4,0,0,0,0,3,0,18,1,27,5,9,0,0,0,2,0
72,0,0,0,41,0,0,18,1,6,17,0,10,0,3,0,3,0,0,0,4,0,12,17,7,0,14,7,3,0,0,0
0,9,14,0,12,16,0,0,0,14,59,0,2,0,13,9,8,0,9,0,0,0,0,0,3,0,0,7,0,1,6,13
0,15,25,0,0,41,0,0,0,29,22,16,1,6,0,0,0,0,0,5,3,0,0,0,0,2,0,0,2,0,0,0
44,0,2,0,0,14,0,0,6,10,7,0,12,0,0,0,0,8,0,0,0,4,0,6,0,3,0,3,4,5,0,0
0,0,0,9,0,0,0,0,0,0,0,0,0,12,0,0,0,0,0,7,4,0,5,0,0,3,0,0,0,4,0,0
32,0,0,5,0,2,0,0,0,3,4,3,1,0,0,0,0,2,0,0,0,0,0,4,4,0,3,0,1,6,16,8
4,0,2,0,0,0,0,0,5,3,6,0,0,0,5,0,0,0,0,0,5,0,0,0,0,3,2,3,5,0,0,12
0,12,0,0,9,0,2,0,2,3,5,0,0,0,0,0,2,6,1,6,3,0,0,0,0,1,0,2,0,12,7,3
2,0,2,3,3,0,8,5,4,0,4,11,0,0,0,8,0,0,2,1,0,3,7,0,0,0,0,8,0,7,0,2
110,5,4,10,0,12,0,0,0,0,6,0,0,0,4,0,0,0,0,0,8,0,0,0,0,3,0,0,3,0,0,0
2,0,0,3,5,1,0,0,0,0,4,0,2,2,0,0,11,0,0,0,4,1,2,0,0,1,7,7,1,3,0,0
0,0,0,0,0,0,8,2,0,0,0,0,0,0,0,1,4,7,1,0,0,0,0,2,0,0,0,2,0,0,0,0
0,0,0,0,0,3,0,0,0,2,9,18,0,6,1,0,6,0,0,10,7,2,0,2,0,0,0,0,0,0,4,0
8,0,3,2,0,0,0,0,0,0,26,18,5,3,4,2,1,0,0,0,3,1,0,1,2,3,0,0,12,3,9,0
0,0,0,8,10,9,10,0,0,0,36,98,0,11,0,0,0,7,0,0,0,0,0,3,2,2,0,6,0,0,0,0
20,0,0,25,0,0,8,6,5,31,71,0,0,20,0,0,0,0,1,3,5,2,0,0,0,6,0,0,0,6,0,0
62,0,2,3,9,1,0,2,0,29,9,12,0,28,38,0,8,0,0,3,0,1,0,0,1,0,0,0,2,8,3,8
0,2,0,2,0,0,1,0,2,16,17,0,25,3,0,41,5,27,11,2,19,1,4,0,0,0,1,0,1,0,0,0
132,0,0,0,4,0,0,4,0,1,4,0,0,0,0,15,4,14,0,2,6,37,17,0,0,0,10,1,3,10,8,20
0,1,6,0,0,9,0,0,0,0,0,0,0,0,0,18,9,0,3,0,11,0,0,6,0,0,6,0,0,4,4,0
0,0,0,0,8,2,4,0,2,0,0,2,0,1,0,3,5,1,2,0,3,0,0,0,4,0,0,0,8,0,0,8
0,0,0,0,0,0,0,2,0,0,5,0,14,0,0,2,0,0,50,0,0,0,3,0,0,8,0,0,0,1,0,0
44,0,0,0,5,16,0,0,2,0,2,0,6,0,0,3,0,5,12,0,0,0,27,1,0,29,0,2,0,0,0,0
0,0,3,5,0,3,0,0,0,3,0,0,1,13,0,0,0,0,0,3,0,2,10,0,0,0,0,0,0,9,0,1
0,0,9,0,0,11,0,0,2,0,5,4,0,2,0,0,0,0,0,0,2,1,14,0,11,0,8,0,3,7,0,6
0,0,5,3,10,2,0,2,1,3,11,0,2,4,0,2,9,0,15,0,0,0,9,0,1,0,8,1,0,0,1,24
0,0,0,0,0,0,0,9,5,0,0,0,0,4,1,10,0,0,3,0,2,10,0,0,23,0,3,2,0,0,1,0
0,8,0,0,0,0,0,0,0,1,0,0,4,1,0,2,0,7,0,0,0,0,0,4,9,1,0,0,0,0,13,4
65,4,0,0,0,0,0,0,8,7,7,17,6,0,1,9,8,0,10,0,5,3,1,0,4,0,0,2,6,20,7,0
26,0,0,0,0,0,1,0,13,5,52,16,0,2,0,5,4,0,0,0,3,2,0,1,9,19,2,10,0,2,0,6
90,6,0,0,3,0,3,0,0,0,11,0,0,0,0,0,0,0,0,0,3,0,0,2,1,2,1,4,0,6,0,23
0,1,8,13,0,6,0,7,2,23,27,3,0,7,0,8,1,0,1,2,0,1,29,0,15,13,0,0,0,0,5,0
0,0,0,10,11,3,0,0,0,0,5,0,0,1,0,2,0,0,0,0,0,0,4,9,2,0,0,1,0,2,0,0
28,6,18,0,29,23,6,14,0,1,78,4,2,0,0,6,6,7,0,3,7,0,0,1,0,0,6,0,0,16,3,3
31,30,23,0,0,42,0,0,0,38,31,21,11,0,2,4,1,0,0,0,0,0,5,0,6,3,7,0,14,6,0,16
0,0,0,5,0,0,0,0,0,0,1,3,2,0,2,3,0,0,1,0,0,0,0,8,3,0,13,0,0,0,0,0
7,13,0,12,3,0,22,20,11,0,5,17,9,0,0,2,19,0,13,9,9,0,0,0,5,9,8,0,0,0,0,0
0,16,0,5,22,8,20,14,19,0,0,3,0,0,6,30,15,10,0,1,0,13,0,16,0,0,5,0,6,0,0,0
1,0,0,7,31,0,0,0,0,2,0,5,0,0,0,0,0,20,0,10,8,0,12,0,0,13,17,37,0,0,1,0
0,0,0,31,22,5,0,8,0,0,0,10,14,12,14,0,0,0,0,5,0,0,0,0,20,0,0,0,0,0,0,12
0,0,0,7,0,0,0,37,2,0,0,0,5,0,0,0,0,0,0,0,0,11,26,0,23,2,0,25,1,0,0,0
79,8,0,0,17,0,0,0,0,0,16,17,0,0,20,6,22,0,0,9,0,0,0,9,3,7,0,1,27,0,0,0
0,0,4,3,5,4,11,6,0,3,0,26,1,0,0,10,11,3,7,17,11,0,20,10,0,21,9,0,2,0,1,13
6,20,0,5,0,24,0,0,0,22,0,0,0,17,0,0,0,0,7,4,0,30,2,0,0,5,0,0,0,16,0,0
0,0,0,5,0,8,0,0,0,0,15,30,0,5,1,6,38,0,6,0,1,4,0,2,1,3,2,29,5,6,0,13
5,0,5,0,0,0,0,0,12,0,12,42,8,0,0,10,0,0,0,0,0,0,10,0,0,6,12,0,11,10,0,6
0,0,8,3,0,0,6,2,0,0,16,98,0,0,0,7,0,4,0,0,13,9,0,0,10,0,0,0,0,0,5,0
73,15,0,0,0,0,0,15,0,16,28,7,1,0,16,0,14,7,19,0,13,0,0,20,0,0,0,0,3,27,10,19
62,0,0,0,0,0,0,11,0,0,12,23,0,2,43,9,2,5,0,19,21,5,4,0,0,0,19,7,40,0,16,0
0,0,12,0,7,4,1,10,0,4,7,22,26,0,4,56,15,28,42,10,1,20,14,0,0,30,0,7,0,0,0,0
151,0,7,11,0,0,7,16,0,0,22,2,9,0,0,12,0,26,64,0,0,0,12,0,8,10,0,0,1,0,1,9
0,0,5,14,0,3,0,0,16,18,2,0,4,23,5,0,4,10,5,0,2,8,0,1,0,0,2,3,0,23,0,0
58,5,21,0,0,0,1,0,8,0,0,4,0,0,0,0,6,0,10,6,0,4,0,11,0,1,0,9,0,0,4,9
0,2,27,7,0,13,0,25,0,6,0,0,0,0,0,0,4,5,21,0,9,5,0,1,0,0,24,7,6,0,0,10
96,0,0,6,2,0,0,11,0,0,0,10,1,0,0,0,3,0,27,0,0,3,15,0,3,16,0,15,0,0,0,8
33,0,13,5,16,0,3,11,3,0,0,8,0,0,0,7,13,7,14,0,7,5,27,38,85,7,0,6,0,0,0,0
101,0,0,0,0,0,0,3,0,1,0,0,0,0,0,0,0,5,2,0,0,0,0,14,51,0,0,0,0,0,0,2
0,10,0,0,7,2,11,1,3,0,11,0,2,0,5,4,9,9,1,9,0,0,1,0,1,2,0,1,0,0,0,0
0,4,0,0,3,0,0,8,0,0,0,4,5,0,0,4,0,0,6,2,0,2,11,0,0,0,0,1,0,1,1,6
57,0,0,8,6,0,3,4,0,20,0,0,0,26,5,0,0,1,3,10,0,0,0,0,0,0,0,0,2,6,4,7
0,0,0,0,0,6,12,0,13,12,4,0,12,3,4,0,0,3,9,1,7,0,0,0,8,0,6,3,2,0,0,0
117,0,1,0,2,0,8,0,0,7,36,8,9,4,0,0,10,0,0,3,1,0,9,0,14,31,21,0,8,9,0,1
0,0,2,3,0,0,6,0,0,0,20,1,0,0,0,12,0,0,5,6,17,2,20,1,24,2,0,0,5,17,6,0
85,8,8,5,7,0,0,4,0,0,3,2,0,8,0,4,13,2,9,7,2,0,18,0,16,0,6,0,4,0,0,25
0,9,4,0,18,7,0,0,2,10,7,0,0,8,0,0,0,0,0,2,0,0,19,1,10,2,0,0,0,0,2,0
0,0,8,0,4,3,0,0,0,27,23,23,0,0,0,11,0,0,0,0,0,1,2,5,0,0,0,3,0,4,0,0
0,11,21,0,1,25,0,0,2,24,16,36,0,0,0,16,0,2,0,5,0,0,0,0,0,0,0,0,0,5,0,0
0,9,13,0,0,12,5,0,0,3,0,0,0,3,0,0,3,2,4,9,1,0,9,0,0,12,0,6,1,0,9,0
0,0,0,8,0,0,0,5,8,10,1,0,0,3,0,0,7,3,5,0,12,3,9,0,0,0,4,3,0,8,0,2
0,0,3,3,0,2,0,0,3,6,0,0,0,2,0,0,0,0,5,0,1,0,0,0,0,1,1,0,2,0,5,0
2,0,3,15,1,6,0,17,1,0,12,0,0,1,0,0,0,0,0,0,0,0,0,0,0,0,0,4,0,4,0,0
0,0,5,4,0,0,1,0,0,2,3,0,2,9,0,0,0,0,0,0,3,0,0,3,4,0,0,0,4,1,0,10
0,0,0,0,9,0,9,0,3,0,17,1,14,3,6,0,1,5,0,0,0,0,0,0,1,11,0,4,0,0,0,4
109,0,9,0,14,4,0,11,3,8,20,0,0,2,6,7,0,0,0,3,4,10,0,0,3,5,0,0,0,0,4,0
3,0,5,0,12,9,0,0,8,0,22,0,9,4,0,3,4,7,0,0,2,0,0,1,10,0,11,0,9,3,1,0
0,0,0,0,0,0,7,5,0,0,0,8,0,0,0,5,0,1,0,0,0,1,0,2,1,0,0,0,5,10,0,0
0,2,0,0,4,3,4,0,4,11,20,8,7,0,0,14,5,3,0,2,0,0,0,2,4,0,5,0,4,0,0,24
13,0,6,0,0,0,0,6,0,2,28,16,0,1,0,1,4,0,0,0,3,1,0,0,0,1,1,0,4,4,0,0
0,0,3,2,1,0,9,5,0,0,45,44,0,0,0,0,0,0,1,0,3,0,0,0,0,7,0,0,2,6,1,0
27,6,0,12,2,3,0,0,0,23,65,0,0,27,0,0,2,10,0,0,2,0,0,2,0,1,9,5,7,4,1,0
79,0,2,3,0,0,0,4,0,18,6,8,0,27,39,1,7,0,0,0,0,0,0,1,0,0,0,0,3,5,0,13
133,8,0,3,0,5,0,0,3,15,29,0,25,3,1,32,23,34,8,12,7,0,7,0,0,1,1,3,4,4,0,0
0,3,16,6,0,0,0,0,5,0,0,0,0,0,1,27,0,19,8,5,7,23,0,2,3,0,8,0,4,0,2,4
79,7,0,0,0,1,2,0,0,8,0,0,1,8,1,22,10,0,2,6,0,4,0,3,0,0,0,0,0,0,0,0
0,0,3,2,5,2,0,0,0,0,0,2,0,8,2,0,7,1,1,0,0,0,0,0,0,1,0,0,0,0,7,10
121,0,0,7,3,0,0,1,0,1,0,1,0,0,0,2,6,0,35,0,0,1,1,0,3,0,2,0,2,3,0,16
75,0,0,4,0,0,0,6,0,0,0,0,3,3,4,0,0,8,17,3,0,0,29,0,0,0,0,3,8,0,20,24
114,0,5,9,10,1,3,1,0,5,6,0,3,9,0,5,0,0,10,2,0,2,26,0,0,0,0,6,0,2,0,9
15,5,0,0,0,0,0,0,7,2,14,0,3,0,6,5,0,0,0,0,0,0,9,0,6,0,4,0,4,0,8,0
0,0,0,0,11,0,0,0,0,0,8,0,0,0,0,0,0,8,14,0,0,0,0,0,0,4,5,4,0,0,0,9
0,4,3,11,2,0,10,3,0,0,2,0,0,0,0,1,0,11,18,5,0,9,0,2,0,0,0,2,0,9,2,13
0,0,5,8,13,3,19,0,4,0,1,4,0,4,0,0,0,0,0,1,2,0,0,0,0,0,0,9,0,0,0,13
52,4,0,0,0,11,0,0,0,7,11,10,0,0,16,1,0,5,3,3,0,1,0,3,4,0,0,3,7,0,3,0
10,3,0,0,23,0,7,4,0,0,32,25,0,0,0,12,12,6,0,0,11,0,5,0,9,13,0,10,5,6,0,1
0,8,0,9,0,0,3,0,10,3,17,6,1,7,0,8,0,6,8,3,0,0,2,15,9,4,0,2,5,6,5,0
84,9,9,0,0,23,1,0,0,27,20,0,7,1,5,0,6,1,9,0,0,0,2,11,21,0,3,0,4,0,0,12
92,0,2,11,20,0,0,18,12,0,25,8,0,0,0,15,11,0,0,0,9,0,22,4,8,0,9,0,0,6,4,0
0,19,8,4,28,11,0,0,6,21,42,8,8,3,1,2,0,0,4,1,6,0,0,1,1,0,0,0,0,0,0,19
0,8,7,4,8,40,0,0,0,18,18,21,0,0,1,0,6,0,3,0,4,2,0,0,0,10,6,8,3,0,0,43
32,4,16,3,6,0,0,6,0,0,20,6,0,0,11,0,0,2,2,0,0,2,6,0,8,0,5,6,0,6,0,1
1,5,9,3,8,0,0,0,6,0,3,0,0,0,0,6,0,0,5,3,0,0,6,0,0,1,0,0,0,0,0,0
0,4,0,1,6,4,0,0,0,0,12,0,0,0,2,5,1,0,1,0,11,0,0,0,4,0,0,0,5,0,0,0
1,0,0,0,6,0,2,0,0,0,0,5,0,0,0,0,0,3,2,2,0,2,1,0,0,1,0,0,2,4,10,0
0,6,0,6,12,0,9,0,0,0,0,4,0,0,6,2,0,4,2,3,0,0,6,2,0,0,5,0,0,0,2,28
0,6,0,0,10,15,0,0,0,2,0,0,3,0,0,0,7,5,2,0,1,0,16,0,0,1,0,0,2,0,0,0
131,25,0,40,18,0,0,14,24,8,0,5,0,43,0,4,0,0,9,17,29,0,0,0,24,6,0,0,0,13,0,18
17,0,19,11,15,0,0,0,0,0,4,0,39,0,6,23,13,0,0,19,0,24,13,0,0,4,0,10,5,0,0,0
0,22,35,0,26,42,0,0,19,1,0,9,0,0,25,28,0,10,0,3,0,0,0,18,13,0,0,4,6,23,8,0
0,0,11,21,0,32,7,30,0,0,61,48,20,0,0,17,0,0,0,6,0,0,32,0,4,0,0,26,0,17,0,0
22,0,0,22,0,7,0,0,0,0,6,9,0,29,18,12,15,6,11,12,29,0,0,5,0,0,1,5,42,28,1,0
0,0,20,0,0,2,0,0,1,0,17,21,1,0,0,6,0,6,0,0,16,1,19,0,24,26,18,12,6,0,0,35
98,28,0,10,10,23,1,37,13,0,19,0,0,34,0,0,16,15,8,0,0,19,25,0,0,2,0,21,47,0,0,34
0,0,6,0,12,0,0,3,171,24,14,0,25,29,0,24,0,27,0,13,2,2,43,0,0,0,24,1,0,0,0,2
148,0,0,5,0,0,0,2,16,181,22,6,0,6,18,23,87,0,31,21,160,38,0,15,2,12,0,20,0,0,6,52
0,27,14,0,0,19,0,0,0,0,0,0,0,2,27,43,10,9,18,241,133,3,0,24,0,9,52,12,41,0,13,60
0,0,30,0,0,3,0,0,0,4,18,0,27,0,0,0,0,15,0,0,6,0,0,27,36,26,0,0,0,4,21,0
4,0,8,0,22,0,0,0,0,0,23,0,0,0,0,25,0,0,6,0,10,46,20,23,9,0,2,0,15,0,0,0
2,0,0,7,11,0,18,38,17,0,7,23,0,0,0,42,24,10,75,0,12,0,25,0,17,1,37,0,0,0,0,5
0,16,24,0,0,10,29,11,29,10,16,0,35,0,12,20,14,0,12,4,0,18,16,12,92,106,106,13,33,0,57,2
43,0,0,0,9,0,0,1,0,8,0,6,4,0,14,0,0,0,0,0,1,2,3,9,41,77,128,0,17,20,0,0
124,0,0,0,11,0,0,11,10,0,0,12,5,4,0,0,6,0,1,0,48,19,15,0,40,29,0,3,0,13,9,0
0,25,0,0,0,2,0,0,0,14,0,0,28,1,0,0,25,0,38,9,0,4,4,0,5,37,0,0,27,11,14,0
45,0,0,27,0,0,0,0,0,5,16,0,0,3,0,0,2,1,3,0,0,21,11,0,0,0,11,4,0,3,0,0
0,1,8,0,0,0,35,0,0,0,6,9,22,29,11,0,3,0,9,0,1,0,0,1,0,0,4,9,18,3,0,0
73,25,0,18,32,0,12,0,13,0,0,16,0,36,47,0,38,43,0,6,0,8,0,13,0,19,0,16,0,0,2,0
30,10,0,0,0,0,0,33,0,0,1,36,5,0,0,0,6,0,8,0,0,17,30,0,15,0,0,21,13,0,0,0
75,0,0,0,0,5,0,0,0,35,0,0,0,11,3,0,9,0,10,0,0,0,0,19,0,0,24,0,12,38,0,10
96,0,0,0,9,15,2,0,0,0,28,5,0,15,8,0,0,0,4,1,0,0,0,0,17,15,3,8,7,3,0,0
4,22,14,2,41,0,9,0,3,9,33,0,1,0,1,0,0,0,0,0,8,19,8,38,250,196,0,5,0,0,5,8
3,20,24,0,0,19,0,14,0,35,35,17,0,0,15,14,13,0,4,11,8,0,31,11,36,175,0,0,0,2,5,17
0,29,9,1,0,42,0,0,0,13,16,0,0,21,0,0,22,0,8,23,10,0,0,0,0,2,0,0,13,23,10,31
0,1,0,0,0,7,4,1,0,0,13,14,0,16,5,0,4,8,0,0,0,2,3,0,3,0,0,13,0,6,14,0
2,0,0,12,1,0,0,0,0,0,12,0,0,0,16,0,13,3,12,0,1,0,0,0,3,0,0,4,0,5,4,0
23,7,0,3,0,0,0,1,0,4,0,0,3,0,6,0,0,17,0,0,6,5,0,0,0,8,0,13,6,0,0,18
0,0,9,0,3,7,10,0,4,7,12,0,9,9,1,0,0,0,0,0,0,3,0,0,4,0,0,0,0,7,0,0
0,0,3,0,0,0,0,3,0,2,0,0,0,3,5,0,8,3,5,0,0,6,10,4,0,7,0,0,4,4,3,0
0,0,7,8,0,12,0,0,0,0,0,0,1,0,0,0,0,3,0,4,0,0,16,0,7,0,0,0,4,9,0,6
97,0,2,1,0,0,3,2,3,0,7,0,0,1,7,9,0,0,2,0,0,1,0,4,3,4,0,0,0,0,0,10
11,10,0,0,0,7,0,0,0,0,0,1,0,0,0,0,0,3,0,1,8,0,3,2,0,1,1,0,0,3,0,0
0,2,0,1,0,0,5,0,0,0,0,0,1,0,0,7,0,3,0,7,0,0,1,0,0,1,5,0,0,0,12,0
20,0,6,2,0,14,0,0,0,4,23,4,1,0,1,2,0,1,8,0,0,3,6,0,6,2,2,0,0,0,5,0
0,0,1,5,5,3,2,5,4,0,45,21,0,3,0,0,0,5,0,0,4,0,9,7,0,0,9,0,0,0,0,0
0,5,0,0,0,7,0,6,0,0,39,34,0,0,0,5,0,4,0,0,0,0,2,5,0,0,0,0,1,1,0,6
3,3,4,5,0,11,5,0,0,22,69,0,0,11,0,0,3,3,6,0,8,0,1,0,10,0,0,0,12,0,22,0
24,0,0,13,0,9,0,0,0,42,2,16,4,36,52,5,3,3,0,0,0,0,4,3,2,0,5,5,8,0,0,0
112,0,3,0,0,0,0,0,0,5,20,1,27,7,9,17,10,34,7,19,23,0,0,5,0,2,4,0,6,0,0,0
0,0,10,12,0,0,0,9,0,2,6,6,14,0,6,5,0,15,2,3,12,26,8,0,3,7,0,9,0,0,0,10
6,0,0,0,0,2,0,0,3,0,0,4,0,0,0,8,6,2,0,4,4,1,2,1,0,0,0,0,1,0,0,0
0,3,6,0,12,5,0,0,8,2,3,0,0,0,5,0,0,0,1,0,3,0,8,0,0,0,2,0,4,4,3,0
0,7,0,0,0,2,0,0,0,0,0,0,0,0,0,0,0,8,25,0,0,0,5,8,0,0,0,0,0,4,1,13
6,0,10,3,11,0,10,1,5,0,7,18,2,0,0,2,0,5,11,0,6,0,25,0,11,18,22,0,0,0,0,16
0,4,3,0,5,0,0,0,7,5,1,0,0,4,0,0,0,8,9,4,0,0,10,6,1,5,4,0,1,0,0,0
53,0,0,0,12,6,3,0,0,0,2,3,3,2,0,9,0,8,6,0,0,0,0,2,0,0,0,1,1,4,0,1
0,2,0,2,8,0,0,2,0,0,0,0,0,7,0,0,4,0,20,4,0,2,0,0,2,0,5,8,0,0,0,0
3,0,2,0,0,0,0,13,0,3,3,0,0,6,1,0,0,1,9,8,1,0,0,0,0,1,0,0,0,13,0,8
125,0,0,2,1,1,0,0,0,0,1,1,0,0,0,9,0,0,5,0,0,0,0,0,0,6,0,0,5,0,0,0
0,2,1,7,0,0,0,0,0,0,0,5,0,0,0,1,0,2,5,0,0,0,1,0,13,4,9,4,0,0,0,0
102,0,9,0,3,13,0,0,0,0,19,13,0,0,0,0,4,2,1,6,2,2,3,1,0,2,0,0,5,0,5,0
94,0,0,4,0,0,0,0,0,0,24,0,12,0,0,2,0,0,0,2,1,7,0,0,8,1,41,10,0,0,0,12
30,0,0,4,2,19,6,4,0,19,15,5,0,4,0,0,0,0,0,0,0,0,1,0,21,25,11,0,11,0,8,5
92,0,0,0,34,0,0,1,0,13,7,1,0,0,0,17,1,6,0,4,0,1,17,6,45,28,0,9,5,0,12,2
0,9,16,0,20,18,0,0,0,17,52,2,5,0,0,0,0,0,1,0,0,3,7,4,2,0,0,0,0,0,7,0
0,19,22,0,6,24,0,5,5,28,22,7,3,4,0,0,0,1,0,0,0,3,0,0,0,7,3,11,0,0,0,12
0,0,8,0,9,0,1,0,0,1,0,0,5,1,0,2,0,2,0,2,0,0,9,0,0,0,0,0,0,5,0,0
3,0,0,2,5,5,0,0,4,0,6,2,0,0,0,7,6,2,1,0,0,0,0,0,4,3,4,0,0,0,0,0
51,0,8,0,1,0,5,0,3,5,1,1,2,0,0,1,0,0,7,0,2,1,0,2,0,1,9,0,6,0,0,0
1,5,5,4,0,0,0,2,0,3,6,3,0,8,2,0,0,4,0,2,0,0,0,0,0,0,1,0,5,7,0,0
4,2,0,0,4,0,10,0,7,0,11,0,4,0,0,0,5,0,7,0,0,0,4,0,0,3,0,7,0,0,0,11
4,4,0,2,1,0,0,16,0,0,0,2,0,4,2,0,0,0,5,0,0,2,2,0,0,0,4,0,0,0,0,0
106,0,0,1,0,4,0,0,0,0,0,11,0,14,0,0,1,4,0,0,31,6,80,0,0,8,0,8,0,9,0,13
6,0,0,14,33,12,0,0,0,0,12,0,0,7,14,15,0,0,6,0,7,0,0,0,0,0,18,16,0,0,0,0
0,36,7,10,15,23,0,0,0,23,0,0,16,59,28,0,8,0,0,0,33,0,0,34,0,0,5,20,0,34,38,0
0,0,66,13,0,0,0,28,14,0,10,0,27,0,0,4,0,3,0,0,10,0,9,9,10,2,41,0,17,7,0,2
9,0,0,16,48,0,18,0,0,0,0,0,16,0,4,0,0,0,30,3,19,0,0,0,0,0,27,37,0,0,11,43
0,20,1,20,0,35,53,0,3,0,0,0,0,0,0,0,0,13,7,10,1,4,29,0,0,0,17,15,0,0,0,0
85,0,0,12,6,0,36,20,0,32,74,58,12,0,33,17,0,0,0,0,20,46,49,37,0,22,0,24,37,0,9,50
144,56,0,0,0,12,0,5,0,169,28,10,0,57,29,0,20,0,20,34,23,0,6,24,25,2,32,6,51,15,21,0
86,0,0,11,2,29,4,0,31,145,6,0,0,0,5,51,8,9,53,97,235,0,0,0,6,0,39,22,18,0,8,0
24,21,37,0,48,14,7,0,0,2,13,0,7,0,0,0,7,0,18,122,45,0,2,0,5,33,0,18,0,0,21,52
116,0,1,27,0,0,29,4,25,0,0,38,0,0,16,67,0,3,0,13,24,0,4,0,0,0,7,27,0,5,0,34
14,34,17,0,2,23,4,0,0,0,0,0,0,29,11,0,12,0,2,18,1,22,10,0,2,7,0,0,47,4,26,0
2,0,0,0,0,0,0,0,21,0,0,36,23,0,0,40,23,0,17,1,17,13,0,3,0,10,0,0,0,25,32,0
15,8,0,6,0,3,0,17,0,3,0,6,13,0,2,9,14,0,29,20,0,29,31,7,89,103,53,0,50,40,9,9
24,0,29,18,12,29,0,0,25,38,0,0,19,17,12,0,2,18,0,2,0,6,17,51,222,212,59,8,10,3,0,16
0,38,0,0,0,22,0,0,0,10,0,0,10,9,11,0,17,9,9,28,4,0,0,0,59,103,0,3,5,26,6,0
62,0,10,3,9,0,0,0,0,0,0,9,0,13,5,22,0,0,39,4,11,8,8,0,10,20,11,10,3,0,0,0
0,12,15,11,5,51,0,0,50,6,28,19,17,13,0,10,0,3,0,20,7,0,0,0,30,0,0,35,0,10,0,0
0,13,0,3,0,0,1,0,0,0,0,17,0,0,18,19,0,0,0,15,13,14,36,7,0,16,0,16,0,41,0,0
0,0,0,42,1,0,24,16,0,0,0,12,0,0,0,33,40,0,14,0,16,28,45,5,0,0,0,0,0,35,0,0
58,19,24,14,16,0,7,10,30,7,27,0,0,26,23,27,1,0,0,0,9,7,0,1,0,20,0,0,23,0,20,14
0,29,0,0,0,8,0,9,0,6,0,0,0,0,8,19,16,0,0,10,27,0,0,0,11,0,29,0,0,14,2,34
35,0,16,0,0,0,8,38,0,0,20,0,0,0,1,6,10,9,0,6,0,0,0,53,66,22,0,0,0,1,8,0
0,30,0,0,66,0,2,1,0,9,32,25,0,0,23,6,12,9,7,4,2,0,14,205,176,93,4,0,31,0,6,16
0,17,22,0,14,8,5,5,0,61,0,37,0,0,0,4,0,0,0,0,0,17,0,1,10,40,0,0,0,0,4,0
0,13,23,17,0,23,0,0,0,0,0,56,6,6,0,1,0,27,0,19,3,0,0,5,0,23,0,0,24,0,6,0
0,0,0,0,0,21,0,6,0,0,31,3,37,19,4,0,8,0,0,25,26,0,0,17,10,0,1,7,25,0,12,0
0,0,0,0,0,7,0,0,14,0,20,0,23,31,18,17,6,0,0,0,0,0,13,0,23,9,0,20,19,0,0,6
0,0,19,4,0,11,0,21,8,4,6,0,1,0,0,0,0,0,0,0,0,4,0,10,0,0,0,0,2,20,0,0
0,0,0,0,0,2,0,0,0,0,2,18,0,0,0,0,0,0,0,0,12,21,2,12,0,13,0,0,0,0,0,0
11,6,0,0,0,2,3,16,0,5,0,6,0,0,6,0,0,14,1,0,0,10,0,0,0,0,0,0,0,2,22,0
0,6,9,0,0,0,7,20,4,0,0,12,4,7,5,0,7,0,0,0,0,0,0,0,0,0,0,0,0,0,0,0
78,0,0,0,0,0,12,16,0,2,12,0,0,0,0,0,3,5,0,7,0,0,2,0,0,4,5,1,6,0,1,0
4,0,5,5,11,0,9,9,0,0,0,0,0,1,3,0,0,0,6,8,4,11,7,0,0,6,0,2,0,5,6,0
0,0,5,1,0,7,9,2,0,0,6,0,0,0,0,1,3,3,0,11,7,0,0,0,0,0,0,0,0,0,0,0
0,0,0,0,7,6,14,4,0,0,25,28,0,0,0,0,0,0,0,0,3,0,4,3,0,0,7,2,0,0,0,5
3,6,0,1,0,0,0,0,0,0,28,21,3,2,0,0,0,2,1,8,0,0,0,0,0,3,0,0,0,0,0,6
0,0,0,0,4,11,0,0,0,11,29,91,0,2,2,0,1,0,1,5,0,0,0,8,0,0,0,0,1,6,4,15
49,0,0,0,0,0,3,2,2,32,56,4,0,8,0,4,0,0,0,2,80,1,0,0,0,6,1,0,2,0,14,14
0,7,0,1,0,3,3,0,2,76,0,16,0,31,55,0,11,8,0,11,0,5,0,0,0,1,4,9,3,5,0,0
91,7,0,0,0,0,6,2,0,14,2,2,30,0,5,50,0,36,8,9,18,0,0,0,1,4,0,0,0,0,9,6
0,0,1,1,3,8,10,0,4,7,4,0,0,8,0,16,6,6,0,0,3,34,14,0,0,9,7,0,4,9,0,21
0,0,2,4,0,0,0,0,1,0,1,0,8,0,0,11,0,3,0,0,1,0,0,0,0,0,0,0,0,0,0,5
0,0,0,1,0,0,16,0,0,2,4,4,0,0,0,10,0,0,7,0,4,0,0,6,1,2,0,0,0,0,0,28
29,0,0,0,4,3,0,9,0,5,7,10,4,2,0,1,0,0,58,5,0,0,0,0,0,4,0,0,0,0,0,11
104,0,0,0,0,4,0,0,0,7,0,0,3,16,0,0,0,0,13,11,0,0,23,6,0,10,0,0,0,14,0,0
0,0,5,5,1,0,0,0,5,0,0,0,11,0,0,7,6,0,10,0,0,0,18,2,9,0,13,0,0,0,0,34
64,0,0,14,0,0,11,0,0,0,0,0,14,4,0,0,0,4,3,4,23,0,0,1,0,5,0,10,0,0,0,17
131,4,0,3,0,0,0,0,2,0,13,0,0,2,0,3,0,0,23,5,11,0,2,6,0,0,0,0,12,4,4,0
13,4,0,0,0,7,0,0,0,0,0,0,7,4,3,0,5,0,12,17,0,0,5,1,18,0,9,0,0,8,4,4
0,8,1,0,10,11,6,0,15,1,15,5,0,0,0,0,0,0,0,10,0,2,0,0,0,6,4,0,0,1,0,21
55,0,0,0,11,0,0,4,4,13,1,24,6,0,0,2,0,0,0,13,0,0,5,0,2,1,5,0,0,5,0,5
6,0,0,4,0,0,0,0,11,0,31,6,7,0,4,0,0,2,5,4,5,2,4,0,1,11,3,0,0,0,3,0
96,13,6,0,16,12,3,3,0,0,3,9,0,2,0,0,0,4,1,1,4,0,4,8,5,0,71,6,12,0,12,1
0,0,9,2,3,16,0,0,0,1,18,0,1,6,0,0,2,1,6,0,0,0,10,0,16,66,0,0,0,7,0,17
0,4,9,0,30,0,2,0,0,21,4,0,4,0,0,0,0,0,2,0,0,5,23,0,39,24,5,4,0,0,0,13
2,9,15,0,11,22,0,0,0,27,41,0,6,0,5,0,0,6,0,0,0,0,2,0,2,11,0,2,0,0,2,0
101,10,29,0,0,33,0,0,0,33,14,0,6,0,0,6,1,1,0,0,3,0,4,5,7,1,13,0,3,0,0,0
61,7,2,4,5,0,0,0,0,0,0,4,0,0,0,3,0,2,0,0,0,0,0,3,0,0,0,2,3,14,1,1
6,10,0,0,5,0,3,0,3,0,8,0,0,2,0,1,0,0,6,3,6,1,0,0,5,1,11,4,9,0,0,0
48,6,0,0,3,1,0,10,0,0,10,0,4,8,0,0,2,1,0,0,0,4,4,2,0,0,0,0,0,0,2,0
0,6,0,0,0,4,0,9,3,0,1,0,0,0,0,3,0,0,0,0,0,8,5,2,3,0,4,0,5,5,7,10
0,3,0,0,0,7,5,0,7,14,14,0,5,0,12,3,6,0,0,0,11,0,0,0,2,0,5,0,12,0,0,2
0,0,0,0,0,0,1,0,1,1,0,4,6,0,5,0,2,0,0,0,0,9,2,2,0,2,0,14,11,1,0,4
0,0,33,16,35,1,53,24,28,0,2,0,22,4,10,0,0,0,0,0,0,5,0,0,0,24,0,0,22,18,0,18
0,0,4,0,3,38,17,1,2,0,26,43,23,0,0,0,21,44,0,0,0,0,30,0,0,0,20,0,25,0,0,48
0,0,34,0,37,2,0,0,1,0,21,0,3,0,1,16,14,0,27,0,0,0,0,9,0,0,1,0,14,0,0,28
0,0,0,30,0,0,0,26,0,5,0,0,0,1,0,26,41,0,11,6,0,32,0,7,0,31,0,0,0,0,0,0
25,6,7,5,0,7,0,14,0,0,0,13,20,0,10,13,0,2,16,0,0,4,0,0,0,11,0,0,3,0,4,0
0,0,25,8,0,0,11,26,0,0,12,35,1,17,0,0,0,5,0,2,0,4,0,11,31,0,0,0,0,0,24,20
17,34,39,29,17,0,22,5,9,22,6,0,0,18,11,2,0,0,0,24,91,4,0,0,0,24,0,0,0,0,0,0
130,60,7,0,0,0,44,33,130,179,16,0,34,28,21,54,0,0,0,5,0,2,21,17,0,0,2,0,2,48,0,0
0,16,0,0,20,26,0,5,53,120,0,13,45,0,0,64,49,2,71,131,109,20,0,0,0,0,1,17,0,0,0,0
0,0,0,6,66,20,34,0,0,0,49,11,48,11,28,0,7,28,91,8,130,2,0,16,39,0,0,43,61,39,0,0
23,27,29,9,22,42,5,2,1,0,0,4,0,0,0,27,1,6,0,0,16,0,13,9,0,0,0,2,0,0,2,8
15,26,25,2,3,0,0,0,27,13,0,32,0,0,0,0,18,0,7,23,25,0,0,30,14,23,0,0,0,0,21,41
0,0,21,19,56,14,0,0,0,31,13,0,6,3,4,16,0,0,14,13,0,16,0,0,14,19,38,8,8,0,12,7
131,0,6,0,24,0,0,41,16,16,10,8,0,17,0,0,0,0,32,0,17,0,0,0,55,135,170,0,13,25,32,22
71,0,0,0,6,0,47,12,0,0,31,0,0,15,1,0,6,7,0,0,0,0,0,3,19,190,237,0,0,0,0,0
0,0,3,37,5,0,16,2,22,0,9,25,16,0,11,0,0,0,0,9,7,16,7,0,0,49,7,33,0,29,0,0
91,10,37,0,0,24,0,0,0,27,17,0,0,0,17,0,24,0,52,7,0,14,0,0,0,15,0,0,0,0,0,0
0,0,0,0,0,0,0,1,0,0,0,8,0,0,11,41,0,22,6,23,35,0,0,0,26,8,0,0,0,0,0,26
49,0,0,20,28,2,0,3,0,0,0,13,0,0,0,25,0,0,16,0,0,0,6,4,0,15,10,0,18,31,0,0
0,0,0,30,0,0,0,54,31,0,22,0,0,0,0,13,39,0,0,0,0,73,0,0,23,16,33,34,0,0,0,0
0,0,0,41,0,12,0,0,0,19,52,0,22,0,0,2,18,5,0,14,0,9,9,17,4,0,0,0,25,13,0,0
0,8,0,0,25,0,0,18,11,22,0,0,0,0,20,0,0,13,0,22,0,19,46,22,22,29,0,2,0,0,0,6
0,19,15,0,0,27,0,0,0,3,28,4,8,0,0,24,0,11,0,0,0,0,16,48,167,243,52,11,36,0,14,0
0,0,1,23,2,0,15,27,4,10,0,0,4,16,0,0,0,0,0,0,5,17,32,62,128,192,171,10,0,23,0,0
12,15,6,0,74,62,6,0,17,36,39,0,3,0,4,0,12,0,4,15,5,0,0,2,0,5,0,0,0,7,0,45
76,0,32,25,16,48,0,26,25,0,6,67,0,7,1,21,0,0,21,34,5,0,0,0,0,27,0,0,55,14,0,0
0,0,16,6,0,5,21,0,0,19,8,0,9,21,13,0,1,4,0,0,0,0,15,0,0,9,0,0,0,16,0,0
14,0,12,15,0,0,15,15,12,0,21,28,4,9,1,0,0,4,7,0,17,0,13,0,0,13,4,20,0,0,0,0
28,0,19,13,5,0,14,0,1,10,0,0,8,0,0,15,0,0,0,0,4,6,1,8,0,0,0,0,0,9,20,16
18,4,0,1,0,0,0,0,0,0,0,0,3,0,0,5,14,2,3,0,3,3,11,0,0,2,0,0,6,1,0,0
48,0,14,0,0,7,1,0,10,6,7,7,1,5,9,10,3,0,0,0,0,0,0,8,11,0,6,0,0,0,0,5
0,0,0,0,3,4,0,0,9,14,16,0,0,14,0,0,0,0,0,9,11,16,0,0,5,0,0,23,2,0,0,17
