104,0,5,0,0,4,0,2,8,0,4,0,3,1,1,9,4,0,0,7,0,0,1,2,0,0,0,0,0,2,10,11
0,0,0,13,2,3,0,10,0,0,0,12,0,0,0,4,0,0,4,0,0,9,16,0,0,5,7,6,13,0,0,0
0,2,0,0,5,7,10,0,0,8,0,4,0,0,1,6,1,3,4,0,9,2,13,0,5,0,0,0,0,0,1,4
8,3,7,3,7,19,0,1,9,4,18,28,11,0,0,4,2,8,0,0,1,1,0,0,0,0,0,0,6,0,0,0
7,11,0,9,0,0,5,0,0,0,37,35,2,1,3,12,8,0,2,0,1,2,0,0,6,0,0,0,7,8,0,0
0,0,10,5,11,0,5,7,2,3,38,97,0,0,0,1,0,0,8,2,0,0,0,1,0,0,0,0,0,1,0,4
0,16,3,0,5,0,0,2,0,17,63,0,3,6,7,0,15,1,8,8,84,1,9,0,0,0,13,9,8,0,19,0
43,1,0,0,4,0,0,9,1,77,3,4,0,37,55,0,0,2,2,13,0,0,4,0,0,6,0,6,0,3,0,27
106,2,0,2,0,0,1,0,0,9,0,12,23,27,0,39,1,30,10,0,18,2,0,0,18,0,0,2,0,4,0,0
0,0,2,5,0,0,0,0,0,0,0,6,4,0,0,24,0,1,0,0,2,49,0,0,5,0,5,0,0,6,0,1
106,15,1,0,14,7,5,0,0,1,0,14,1,6,0,6,0,4,0,0,0,0,0,3,2,10,0,0,12,1,7,5
35,7,12,0,1,4,0,0,6,2,1,1,2,0,0,13,0,0,6,0,4,1,0,0,0,1,0,7,0,2,0,13
0,0,3,0,0,2,0,6,0,0,5,0,1,0,0,6,0,0,50,1,1,0,1,0,0,3,0,6,0,3,0,0
101,0,5,0,0,1,11,0,0,0,3,5,0,0,4,6,5,4,14,5,2,0,20,0,1,28,6,0,6,6,0,11
88,0,0,3,0,0,0,5,0,0,16,6,6,0,0,0,1,1,2,0,0,1,20,1,26,7,0,0,0,0,0,4
3,10,4,0,0,0,3,7,0,3,0,4,0,0,0,2,1,0,0,0,21,0,12,2,0,7,0,0,0,0,0,0
0,0,0,11,8,0,0,0,0,1,9,11,0,0,4,0,0,5,23,0,0,5,0,2,2,0,0,4,1,0,0,4
0,1,1,0,19,0,1,0,9,1,0,1,0,2,3,0,0,2,8,0,0,0,0,5,0,3,0,0,0,1,6,0
0,0,3,0,13,0,7,2,9,5,7,1,0,0,0,23,0,0,1,2,0,0,12,2,2,0,1,0,2,0,0,9
0,1,0,0,0,2,4,0,3,6,19,29,8,0,4,0,8,3,0,5,7,0,0,4,2,0,0,0,9,0,0,0
0,0,6,0,0,0,0,0,0,0,24,14,7,6,0,0,2,0,12,0,0,0,0,0,1,21,0,5,3,0,1,0
60,0,0,8,2,0,0,1,5,0,17,0,0,0,1,0,0,0,0,0,1,0,0,6,7,7,46,0,7,0,0,12
68,5,0,0,0,21,0,0,0,11,13,0,0,0,6,7,7,8,5,0,0,0,5,0,28,61,5,0,14,6,2,13
72,5,0,0,14,0,10,1,0,7,7,5,0,0,0,8,0,8,3,0,4,0,9,5,47,12,7,0,2,0,6,0
0,6,8,0,36,18,0,7,0,22,60,0,4,13,13,0,7,0,7,7,0,1,0,0,0,0,0,0,0,8,2,0
35,18,7,0,0,29,0,0,0,31,0,3,0,0,0,0,0,0,8,9,5,0,0,4,3,0,12,4,5,0,0,0
0,0,21,0,4,0,1,2,0,0,3,15,0,0,3,0,0,0,4,0,14,0,0,4,0,0,0,0,0,0,0,14
0,0,0,2,0,0,0,0,0,0,2,0,5,2,3,0,6,0,0,3,0,0,0,0,0,2,0,0,0,1,1,0
0,3,3,0,6,0,0,0,0,0,0,0,0,0,5,0,3,9,0,3,0,0,0,4,7,3,6,2,3,6,0,0
2,0,0,0,1,0,0,6,2,0,0,0,10,3,2,0,0,2,0,3,0,0,0,0,2,17,0,0,2,4,0,0
0,1,0,0,0,0,2,0,0,0,0,0,1,0,0,0,8,0,8,0,5,0,2,2,2,3,9,2,0,7,3,1
0,0,0,0,7,0,4,7,2,0,0,5,0,12,0,0,0,6,3,0,0,10,4,0,0,0,0,0,0,0,0,0
109,7,2,0,15,0,0,2,16,5,2,15,0,0,8,0,12,8,4,0,2,0,4,0,0,44,0,0,13,0,11,0
0,17,0,0,12,0,0,0,3,0,31,22,11,0,12,0,6,4,0,0,0,0,0,0,0,12,0,18,1,0,8,0
0,0,5,24,0,34,13,18,0,0,0,20,0,33,24,0,0,0,0,26,0,0,0,4,0,0,17,0,4,0,0,0
32,0,0,1,17,7,0,0,1,7,20,0,8,6,10,47,11,0,0,0,0,2,0,0,0,21,0,0,0,0,0,43
46,0,0,0,15,31,0,0,25,32,4,3,10,22,0,0,32,11,32,15,0,0,0,1,0,0,0,0,11,0,18,44
3,2,31,2,0,4,14,0,13,0,42,53,0,0,1,18,14,24,0,0,0,0,0,0,0,0,37,0,7,27,18,15
0,0,3,12,32,3,4,0,134,197,6,16,21,0,0,0,39,21,32,145,170,46,0,0,0,0,0,8,36,29,0,0
127,8,0,27,11,0,0,28,243,237,16,71,0,0,2,27,3,8,41,193,196,130,0,15,8,0,21,32,14,4,21,1
0,42,20,0,25,18,0,0,5,36,19,0,31,9,11,22,0,8,68,27,89,46,0,9,12,0,20,0,18,12,27,0
0,0,7,13,0,0,26,8,31,0,0,13,34,0,0,0,0,11,0,9,0,0,0,0,0,3,4,0,24,0,16,36
0,0,6,0,0,0,27,4,8,20,0,0,24,0,2,1,9,28,0,0,13,9,25,9,12,13,22,0,0,0,0,0
0,7,6,19,4,3,0,0,0,0,0,28,19,16,6,10,0,6,2,8,0,3,0,22,22,0,5,17,3,0,0,52
28,0,0,0,0,30,0,0,6,10,0,0,17,4,25,17,5,0,64,1,0,0,16,37,6,199,192,10,16,13,0,0
0,18,10,0,6,0,33,27,42,0,10,5,22,0,0,40,0,0,30,6,18,3,50,16,87,143,193,0,0,8,13,12
12,0,5,23,20,0,0,6,24,10,30,0,0,16,24,4,0,4,0,8,8,7,48,15,60,67,67,29,0,0,0,29
0,10,42,27,7,23,20,0,40,0,0,31,0,0,6,0,0,12,18,0,0,0,27,0,13,0,0,38,0,0,0,0
0,0,9,10,0,0,8,0,1,0,27,0,0,35,16,0,0,8,0,0,0,41,0,0,24,16,2,25,0,0,0,0
0,0,23,20,45,27,23,0,0,9,0,0,0,29,0,0,5,0,0,0,0,1,0,4,0,15,0,0,0,0,0,17
0,27,7,10,0,3,7,5,0,14,0,0,1,0,0,19,0,0,2,0,20,1,0,0,0,34,16,0,6,0,5,0
0,20,27,14,0,0,0,0,12,4,37,23,2,0,40,0,0,8,21,37,2,5,54,0,14,0,0,0,36,0,17,53
105,23,2,7,21,0,27,30,16,0,0,21,0,0,3,18,0,0,0,6,22,8,2,3,46,15,4,42,0,0,15,36
120,0,3,0,16,0,15,0,0,4,0,0,0,0,9,0,23,0,14,33,0,0,0,24,99,191,51,0,0,13,0,18
0,1,21,0,0,0,0,48,0,0,11,0,0,0,3,13,16,0,0,0,0,19,0,110,196,187,95,7,0,7,0,5
0,16,0,39,0,21,16,0,0,8,22,0,13,6,6,0,4,3,0,42,22,0,0,0,0,0,0,0,4,0,10,10
0,19,40,17,0,28,0,0,0,56,16,0,20,15,0,0,39,7,37,25,0,6,3,6,0,39,1,0,0,0,12,59
68,35,6,0,36,0,17,0,0,66,0,0,0,0,0,30,0,0,0,15,0,0,0,11,0,0,0,6,0,3,0,39
0,0,0,0,0,0,22,0,7,0,6,0,19,0,0,0,10,0,0,0,17,9,0,9,0,15,0,0,0,19,9,0
0,0,0,5,31,0,0,36,12,1,6,0,0,0,0,0,3,0,9,0,0,0,25,18,22,50,16,0,0,0,0,0
13,21,12,0,50,5,11,8,9,0,0,0,4,0,8,6,12,1,0,4,13,3,0,0,0,15,6,11,10,3,0,0
0,16,0,0,0,0,0,0,35,0,11,13,17,31,12,0,0,24,18,18,5,0,8,2,0,13,0,0,36,0,12,0
0,0,0,0,0,1,0,0,11,0,0,12,6,0,17,0,26,4,0,7,12,0,0,19,14,0,0,24,0,19,14,0
0,0,3,0,16,0,0,0,14,12,0,8,0,0,0,1,0,2,6,20,3,0,16,3,4,0,0,1,0,0,0,8
110,0,0,0,6,0,9,0,1,0,2,2,0,8,1,0,0,0,0,0,0,0,1,1,4,0,0,0,6,3,10,0
0,4,0,1,0,2,0,5,0,0,0,0,5,5,0,1,7,7,0,2,0,0,13,0,2,0,0,0,3,8,0,7
5,2,3,5,4,0,0,0,0,2,0,11,1,0,0,5,0,0,0,6,0,5,3,2,0,5,6,0,3,7,0,0
4,5,0,6,0,0,0,16,0,0,3,31,0,0,0,0,0,14,0,0,0,4,0,0,4,0,12,7,9,0,16,0
0,0,8,2,12,0,0,0,0,3,23,27,0,1,0,1,0,1,1,0,5,0,0,0,3,7,0,3,8,6,6,12
0,2,5,1,0,0,5,0,0,4,32,102,0,0,7,4,0,8,0,1,6,3,8,0,0,0,4,3,0,0,5,10
49,1,6,0,0,0,0,0,7,27,66,0,1,6,0,0,7,0,0,0,85,7,0,0,0,6,0,8,3,7,5,14
3,3,0,0,0,4,0,2,0,70,1,0,1,46,53,0,0,7,0,6,2,0,0,5,0,0,4,1,5,0,0,0
138,0,1,1,0,0,0,10,0,13,0,10,11,29,0,31,4,27,14,4,29,0,2,0,0,14,0,0,0,5,3,8
0,12,0,0,0,2,1,0,0,0,16,0,2,0,0,31,2,4,4,8,0,44,10,3,7,0,0,0,2,0,11,0
0,14,4,0,0,0,8,0,20,0,1,0,8,4,0,0,8,2,2,0,0,7,5,5,0,0,6,0,0,0,15,0
0,0,5,4,6,5,0,8,23,0,6,0,0,0,0,8,0,1,6,0,8,0,16,2,0,12,0,0,0,6,0,11
50,0,0,0,0,0,0,0,15,0,9,2,0,5,0,0,0,0,53,0,0,0,0,0,0,0,2,2,3,2,6,0
0,0,10,0,0,4,0,4,0,0,2,7,0,0,0,3,5,0,5,1,0,0,23,0,0,27,4,0,0,0,0,0
0,0,2,9,0,2,0,3,0,0,4,0,5,0,0,0,0,0,0,0,0,1,13,0,18,4,1,0,0,0,1,0
33,0,0,2,0,1,0,2,1,0,12,8,7,0,0,0,0,12,0,0,0,0,0,0,0,6,0,0,0,2,0,0
67,0,0,1,0,0,0,2,0,0,4,4,0,2,0,5,0,0,25,0,0,2,0,2,1,0,0,0,2,0,11,26
3,3,4,2,3,0,0,0,2,1,0,0,0,16,0,0,0,0,7,2,3,5,0,0,20,0,13,0,2,16,17,1
0,0,11,0,0,0,0,0,0,0,5,0,0,0,0,0,0,6,7,3,0,0,0,0,7,0,4,2,0,6,13,0
0,6,1,0,0,5,0,0,0,1,16,19,4,0,5,0,5,10,0,6,0,11,0,0,0,9,0,7,0,6,10,0
0,9,0,0,0,0,0,0,0,0,17,25,0,0,0,0,7,6,16,1,0,2,0,3,8,24,7,0,4,0,11,0
0,0,3,1,0,0,4,0,0,0,18,2,0,0,0,0,4,0,3,0,6,0,0,0,44,32,70,0,0,6,0,0
41,0,0,1,0,17,4,4,0,5,23,1,9,0,6,12,0,4,0,0,0,1,0,2,32,2,0,0,0,0,0,4
0,1,5,0,33,5,4,0,1,14,6,6,12,0,0,3,4,5,0,0,0,0,5,10,25,0,12,0,2,0,4,0
0,18,9,0,25,19,0,5,4,29,74,8,0,0,0,4,0,1,0,0,4,0,0,0,0,0,0,1,0,0,6,14
0,16,14,0,0,29,0,0,0,27,24,14,2,1,0,0,0,3,0,0,0,0,2,0,0,7,13,0,6,6,0,8
55,2,8,0,0,0,1,8,0,3,0,1,2,0,0,0,0,5,12,0,0,0,0,0,0,1,0,0,0,4,13,10
0,0,6,0,1,9,0,0,0,0,0,0,0,0,4,1,2,0,0,0,1,6,1,0,7,0,10,3,2,0,0,0
0,9,3,0,0,5,0,0,0,3,4,5,1,5,0,0,1,8,1,2,4,0,0,0,6,6,0,0,6,0,3,0
0,0,0,0,2,0,5,0,2,0,3,0,2,0,0,0,0,0,0,0,1,0,0,0,4,2,1,0,2,2,2,0
4,1,0,0,3,0,12,0,5,0,0,0,4,2,0,3,7,2,2,0,0,0,0,0,0,0,1,0,0,0,1,0
0,0,5,0,3,9,0,0,0,0,0,1,0,1,3,0,0,0,0,2,0,4,0,0,0,0,4,0,0,0,0,0
81,3,0,0,0,5,0,0,0,0,0,0,0,0,0,0,0,0,2,11,5,0,7,2,3,5,2,0,0,4,0,1
0,11,1,1,5,2,10,0,5,2,2,2,4,2,1,0,0,7,2,1,1,7,2,0,0,4,0,0,3,1,0,0
0,6,0,0,2,2,1,0,8,0,0,5,0,0,3,0,3,0,1,0,0,10,15,2,0,0,0,2,0,3,0,0
0,0,0,6,1,0,0,0,2,0,20,18,0,12,0,0,0,5,6,0,0,0,9,0,1,0,0,0,7,3,0,19
7,0,2,5,0,0,0,7,0,0,16,22,0,0,0,5,1,0,0,0,0,4,4,0,0,3,0,2,0,0,0,8
30,0,4,3,0,1,8,0,3,4,40,105,0,0,1,0,0,0,6,3,8,0,10,1,0,1,0,0,1,0,0,13
0,0,4,0,0,0,0,0,2,33,25,1,0,9,1,0,0,0,0,0,101,0,7,0,0,8,3,3,1,0,0,8
0,0,0,7,0,0,0,0,0,36,0,2,0,35,41,0,3,2,1,1,0,0,1,0,2,0,4,2,7,1,0,0
22,0,0,4,2,0,0,12,5,18,19,1,16,45,0,41,19,23,23,0,25,0,3,0,4,4,0,7,0,0,0,15
141,1,0,5,11,4,0,0,0,0,0,2,0,0,0,1,7,23,7,0,12,27,5,0,8,2,5,6,0,0,0,0
70,3,0,1,3,0,0,0,24,0,0,0,0,0,0,0,26,1,0,3,0,0,0,1,0,0,2,0,0,0,6,0
42,3,2,5,6,0,0,17,10,0,0,0,0,0,0,0,1,4,0,0,2,12,1,2,0,8,0,2,0,0,0,23
14,0,2,0,10,7,0,0,10,7,13,0,0,6,3,0,11,0,47,1,0,0,0,1,0,0,7,7,10,4,6,0
0,0,4,0,0,0,0,6,0,0,0,2,0,0,4,3,0,0,6,4,0,2,16,0,0,6,0,0,0,0,8,8
100,3,0,6,0,0,0,0,0,0,6,1,0,8,2,0,0,0,3,7,12,4,29,16,8,2,7,0,0,0,11,9
43,2,9,0,0,14,8,0,0,0,8,0,0,0,1,0,0,0,0,2,4,0,10,3,0,3,0,0,7,0,0,0
0,2,0,0,1,0,7,0,2,4,12,0,1,10,1,0,0,0,23,6,0,2,0,0,3,5,4,4,0,10,6,0
0,0,9,4,1,0,5,2,4,1,23,0,20,0,5,0,0,8,5,10,0,0,2,0,14,0,11,5,0,0,0,0
0,0,6,0,0,0,7,0,0,0,11,16,0,0,0,0,0,0,5,2,0,0,0,0,11,4,22,22,4,0,0,7
0,4,29,12,0,1,0,0,8,0,17,0,0,5,22,14,17,0,0,0,0,0,20,26,0,5,24,16,0,0,12,15
0,2,0,0,14,3,0,13,29,8,12,0,0,23,1,0,8,0,4,14,0,17,0,0,0,0,7,8,36,0,35,17
13,9,3,0,0,31,13,0,0,4,3,0,4,0,28,0,22,0,15,26,14,0,4,11,12,81,0,6,11,0,22,30
39,0,0,0,0,4,0,0,0,15,4,0,0,0,0,0,25,27,0,3,15,0,24,130,195,198,191,161,0,0,22,0
0,15,14,12,36,0,28,41,16,13,16,0,0,19,0,49,0,0,4,20,3,0,8,255,193,198,197,98,14,0,0,15
33,23,0,32,18,0,0,0,10,0,12,46,0,0,0,40,5,0,0,0,0,9,24,0,12,0,0,35,0,0,6,0
0,33,60,0,73,0,11,16,23,20,43,34,27,0,26,0,24,23,37,13,11,0,0,0,0,40,0,0,23,0,16,46
0,24,16,14,0,20,0,0,0,10,22,16,8,7,0,2,0,0,1,3,41,0,9,0,3,21,16,0,0,0,16,0
0,10,0,0,17,27,0,0,22,4,25,5,27,17,5,27,0,23,0,17,1,0,1,2,14,0,0,0,11,0,5,0
19,0,17,3,0,37,17,4,0,0,3,42,0,0,0,18,27,6,0,9,0,0,5,8,4,10,21,0,0,4,0,29
16,0,17,19,0,0,22,0,13,0,45,0,0,0,7,20,0,28,0,0,49,8,29,0,0,0,0,0,6,0,0,8
43,7,9,0,0,22,0,0,0,8,20,0,2,0,0,0,6,7,0,53,0,5,5,0,0,0,3,29,0,0,0,34
0,5,0,34,0,4,0,0,0,1,4,7,23,0,10,0,0,21,12,27,9,0,4,8,7,0,22,0,29,9,27,50
115,0,9,0,26,0,0,2,23,0,0,2,23,3,15,0,5,2,24,0,5,2,0,0,4,0,0,5,0,7,0,12
0,0,20,6,0,3,0,3,8,0,0,8,5,3,13,0,0,0,18,0,12,3,34,0,4,0,28,0,31,6,0,0
0,0,0,15,0,2,6,0,16,2,4,2,28,0,5,11,0,0,6,0,0,0,0,15,0,25,0,36,0,0,0,11
0,14,0,0,1,10,0,0,0,0,12,0,6,0,8,19,0,0,19,0,1,2,24,0,5,4,0,12,0,20,0,17
1,7,0,0,0,4,0,0,0,0,16,7,0,0,9,13,2,0,0,7,0,0,0,0,16,24,12,0,11,0,13,10
13,19,6,0,0,0,0,1,0,0,20,69,0,0,0,11,0,3,6,0,16,0,0,3,18,3,18,17,0,0,0,0
110,0,17,3,14,16,0,0,2,12,25,0,0,4,0,18,19,18,0,3,27,5,14,14,4,0,29,2,4,0,0,0
0,0,0,3,20,0,16,0,0,50,15,39,0,9,22,10,0,0,0,0,0,13,14,3,7,5,26,5,0,0,0,13
102,0,0,0,0,0,0,0,2,14,29,0,42,34,8,30,0,34,21,9,19,0,0,0,20,1,21,9,0,0,0,0
0,0,0,0,5,9,11,0,11,0,2,1,0,0,0,20,14,21,0,4,14,56,8,0,0,4,0,0,19,0,0,6
13,9,0,1,7,0,0,0,19,7,0,0,10,6,0,0,2,0,0,2,0,0,0,3,0,0,1,0,0,21,2,0
0,0,0,0,0,13,0,0,22,0,0,0,5,0,0,4,0,8,0,2,0,0,7,9,0,0,1,0,9,0,6,0
0,0,1,14,0,0,0,7,1,0,2,0,0,5,0,0,0,0,42,0,0,12,5,0,8,0,3,0,0,14,0,34
92,0,0,8,0,0,0,0,0,0,1,0,0,0,3,0,0,5,4,0,0,0,0,5,0,53,12,4,0,0,0,4
89,0,3,5,0,3,0,3,1,0,0,0,0,0,0,2,0,1,12,3,0,0,1,1,20,0,1,12,0,6,0,15
34,0,12,5,0,0,0,6,0,0,0,11,0,0,0,0,9,0,2,0,14,0,2,0,8,2,0,3,0,16,0,0
0,0,1,7,13,0,0,0,7,0,3,0,0,0,0,5,0,0,35,10,8,2,0,0,2,0,0,9,0,0,0,0
0,0,2,0,0,0,0,5,7,0,0,1,11,0,0,13,0,3,9,0,0,0,3,2,0,0,0,0,7,0,0,7
128,0,16,0,5,0,0,6,4,1,0,10,0,0,3,0,0,3,5,0,0,2,0,1,0,7,6,0,0,11,0,1
53,1,4,0,1,0,0,0,0,11,0,12,0,0,0,0,0,10,3,0,0,12,0,9,29,0,0,0,14,5,0,0
0,1,14,3,10,0,14,0,13,0,18,3,0,7,0,0,0,3,11,0,12,0,2,0,9,5,14,10,7,3,2,0
0,0,0,0,0,0,0,4,0,4,17,5,2,0,3,0,6,7,4,5,0,0,13,0,6,0,65,9,0,3,0,1
0,0,1,2,4,25,8,13,0,7,32,0,0,0,0,0,0,0,0,0,0,0,1,0,18,61,7,2,0,4,0,5
0,7,0,1,30,0,3,0,0,16,17,0,1,0,0,4,6,0,0,13,13,0,4,0,24,36,7,0,0,0,0,21
12,7,12,0,10,8,0,16,0,15,80,12,3,0,0,0,0,12,7,0,4,6,9,7,5,15,5,9,2,0,3,0
0,12,16,0,0,33,0,4,0,27,13,6,3,0,5,3,2,0,0,0,0,0,0,0,3,8,6,3,1,0,0,0
0,7,15,0,4,3,13,0,0,0,3,1,0,0,1,11,0,4,4,0,7,2,2,0,0,0,0,4,0,0,0,0
1,0,0,5,10,10,0,3,12,3,10,0,0,2,2,4,4,0,2,0,0,0,11,0,0,0,0,3,3,8,2,0
32,2,4,0,9,2,11,0,2,0,16,3,3,10,0,0,4,3,0,7,0,0,16,1,6,0,7,0,10,0,5,0
0,2,4,0,3,0,0,0,9,0,1,5,4,3,4,8,3,7,0,8,0,1,0,1,0,0,0,0,3,0,0,20
4,0,0,0,0,7,0,0,5,0,0,0,0,0,0,0,0,3,0,3,4,0,3,0,0,0,0,6,0,0,0,5
0,0,0,2,0,5,0,3,0,0,9,0,0,2,0,0,5,0,6,1,0,2,0,15,7,0,0,7,0,0,4,0
95,7,0,1,0,8,0,0,0,0,8,9,0,0,0,1,0,4,0,0,1,0,0,0,6,1,3,2,13,6,3,22
0,6,0,0,0,1,0,1,0,0,0,1,1,4,1,0,3,0,0,0,0,4,0,0,0,0,0,0,10,1,0,11
8,0,0,0,2,0,5,0,0,0,0,9,2,0,1,0,0,0,9,0,1,5,0,0,0,0,0,6,12,6,0,0
1,11,6,0,5,0,11,0,0,0,3,11,2,0,0,9,4,2,2,0,2,0,0,0,0,5,9,0,0,0,0,0
22,0,0,8,0,0,8,0,2,0,16,16,2,0,0,8,2,0,0,0,0,0,0,0,2,0,3,4,0,8,1,0
0,0,0,0,7,0,0,0,0,0,46,101,0,1,0,0,14,0,0,2,7,0,0,4,2,1,3,0,1,0,0,4
78,0,0,7,5,0,0,14,0,29,32,5,3,4,0,1,6,6,0,0,87,0,4,2,0,9,7,2,0,1,0,2
40,0,0,0,11,11,1,0,5,47,3,14,0,38,33,1,0,0,0,9,2,0,3,0,8,5,0,0,5,0,0,0
28,0,0,0,0,5,5,0,0,30,20,8,5,55,0,33,6,37,4,5,1,0,0,0,0,0,9,0,0,0,13,7
140,0,5,1,7,0,0,0,17,0,0,0,0,3,0,5,0,13,0,0,0,16,2,4,11,0,0,7,2,0,16,0
26,0,0,0,0,8,2,17,4,3,0,2,1,0,0,12,0,0,0,0,0,0,0,8,0,3,12,0,16,6,0,0
10,0,0,0,0,13,1,3,2,0,0,1,0,3,0,0,15,9,13,6,0,1,0,0,0,12,1,0,10,0,0,3
3,2,0,0,7,3,0,0,3,0,14,0,0,0,0,0,0,0,32,0,0,0,0,0,0,0,0,2,3,0,7,6
101,0,0,1,0,0,0,0,5,0,0,0,0,0,9,0,3,0,12,0,8,0,24,4,1,6,2,6,0,0,2,7
0,0,1,0,0,0,0,2,0,4,26,1,0,1,0,5,0,1,9,0,0,0,3,3,0,3,2,1,0,0,3,9
4,0,1,13,2,0,9,9,1,0,2,3,0,0,0,0,0,1,0,0,15,0,0,0,0,0,0,14,6,0,3,42
62,0,0,0,0,0,0,0,0,0,5,0,0,4,2,0,0,0,18,0,8,0,0,4,6,0,12,0,2,2,5,0
6,14,0,1,0,0,0,1,0,0,0,0,3,0,0,12,0,1,13,1,0,0,0,2,4,2,6,0,0,0,0,0
41,3,8,2,0,0,0,2,0,0,0,7,0,0,4,0,0,1,0,6,1,0,0,0,8,0,2,4,0,0,3,0
0,1,0,0,0,0,0,0,0,1,9,36,0,0,7,13,0,0,1,0,0,21,0,6,11,0,9,4,3,0,0,0
0,13,0,0,3,0,0,0,0,0,11,4,0,0,0,0,2,0,10,0,4,4,0,0,0,19,0,0,37,0,8,0
0,5,1,2,0,10,4,0,0,0,9,3,0,0,0,0,0,4,0,7,1,1,0,0,33,2,16,0,2,0,10,1
0,6,0,0,14,30,0,7,0,0,20,0,0,4,0,0,2,3,0,2,6,3,0,0,30,27,3,6,0,0,0,19
74,0,0,0,24,0,17,7,7,19,3,2,0,0,0,0,0,10,0,0,0,7,2,4,33,0,7,8,0,0,1,0
0,6,24,0,22,23,0,0,0,42,63,0,0,0,5,0,7,0,4,0,0,0,0,5,0,3,0,0,7,0,10,19
0,17,4,0,7,52,1,3,6,14,18,8,0,5,0,1,0,0,0,4,0,0,1,0,0,6,0,0,0,0,0,0
0,0,0,4,4,0,0,7,0,5,11,0,0,0,0,8,2,0,7,1,1,0,0,3,0,6,0,0,5,19,0,31
6,0,0,0,0,12,0,0,7,3,0,0,3,1,0,3,0,5,4,7,1,0,3,0,1,9,16,0,0,0,0,7
0,0,0,0,0,0,0,0,0,0,8,11,0,0,0,2,3,4,7,0,5,0,9,0,10,10,7,7,2,0,0,9
0,0,0,4,2,0,9,2,0,0,1,6,2,2,0,1,1,11,3,0,4,0,8,0,0,5,6,5,4,0,0,1
0,0,0,10,0,0,6,2,0,0,11,0,0,2,0,6,0,0,4,0,0,2,0,0,1,0,7,11,5,0,0,0
33,0,3,0,5,0,31,0,14,0,0,4,0,0,9,10,0,6,11,0,24,0,0,0,0,0,0,8,5,2,5,17
97,1,7,2,5,0,34,0,7,0,32,9,11,0,8,18,1,0,0,0,0,0,10,14,2,0,0,0,4,0,10,0
50,0,0,0,0,43,3,0,7,0,0,2,0,0,0,0,0,0,4,2,0,10,24,0,2,19,0,0,0,19,16,0
0,3,15,0,6,36,23,0,0,0,30,17,6,2,7,27,0,3,0,13,0,9,0,0,0,0,12,0,1,7,2,0
0,0,22,5,20,23,2,7,0,0,17,66,0,0,7,15,0,5,0,0,8,19,26,25,0,0,43,0,0,0,0,3
26,0,0,0,1,8,0,16,0,0,34,0,0,12,0,0,0,18,0,0,20,0,15,9,0,0,0,0,0,0,0,0
0,0,0,11,0,0,0,0,0,0,21,20,0,10,0,0,0,0,1,0,2,0,0,20,0,2,0,21,11,29,7,0
37,32,0,19,37,0,0,5,0,0,0,1,5,8,11,0,0,0,4,3,0,14,0,0,0,0,12,0,0,8,0,0
3,0,4,0,0,2,32,0,62,8,0,0,24,22,0,12,0,27,30,10,0,34,15,0,0,0,1,47,0,25,0,1
73,9,29,0,0,43,29,4,97,69,47,0,56,6,28,16,0,11,4,25,230,0,0,4,0,0,22,0,0,36,24,0
87,9,0,7,14,0,3,0,76,89,0,6,10,0,16,6,0,0,0,170,48,37,0,9,0,1,0,0,24,0,0,38
0,4,0,0,0,9,25,0,0,34,0,0,18,8,13,21,0,18,0,94,105,33,0,0,0,17,24,0,0,0,8,0
23,40,8,27,18,0,0,0,0,2,0,2,0,0,0,3,0,0,8,0,8,27,17,0,0,43,0,6,0,6,19,3
63,0,0,2,0,0,0,0,9,34,21,0,0,0,0,0,0,28,23,9,0,0,10,1,0,8,12,0,7,0,0,13
0,0,6,0,0,0,5,37,2,0,0,19,1,0,0,5,0,0,12,11,0,16,18,2,11,31,25,22,8,0,0,29
26,0,30,11,3,0,10,0,0,0,0,0,7,7,0,23,0,5,2,9,0,10,0,16,102,73,34,0,0,0,14,2
0,0,2,26,5,0,0,0,0,0,0,0,0,0,0,20,12,0,6,0,69,16,8,29,53,148,6,0,0,11,0,5
105,25,10,0,2,15,7,0,9,11,0,0,7,0,10,0,22,0,0,15,0,3,2,0,18,0,37,0,10,0,19,1
0,7,3,0,0,0,2,12,0,0,29,0,0,29,0,16,7,29,17,0,9,0,3,3,54,0,0,8,20,0,0,27
117,0,23,9,0,0,0,2,0,6,1,0,0,0,0,0,0,7,19,0,0,0,7,0,0,0,14,0,0,6,0,33
0,0,14,22,0,0,2,0,0,0,0,25,0,0,0,3,2,0,0,0,13,0,32,0,11,14,0,28,0,0,0,5
0,0,0,16,11,0,8,28,17,0,48,22,0,7,0,0,0,16,0,0,0,24,27,14,22,14,21,28,34,4,0,1
50,0,0,17,20,0,10,0,11,6,32,0,8,9,0,28,0,0,0,0,0,12,0,0,0,0,75,0,0,0,0,0
11,0,0,1,0,0,18,10,0,0,48,9,6,6,0,0,0,15,0,12,0,5,19,0,6,25,0,0,0,1,8,0
21,0,5,14,20,21,0,0,0,28,1,0,0,11,0,0,0,3,0,0,0,9,6,49,75,9,0,0,26,9,0,0
31,7,27,9,3,30,0,0,0,31,0,37,0,0,0,21,0,0,3,0,15,0,0,24,153,126,12,2,0,5,0,0
0,4,24,0,0,20,0,0,0,19,20,20,0,5,8,4,0,0,4,11,11,4,0,14,9,0,9,2,0,0,0,1
32,3,6,0,0,0,0,0,0,0,0,0,3,7,0,16,13,12,0,7,8,0,3,0,0,0,0,0,4,5,0,12
0,0,0,0,5,0,9,0,0,17,4,0,0,3,6,1,0,0,0,0,0,5,0,0,0,2,0,0,4,8,16,0
0,6,2,0,7,0,0,0,1,0,0,1,1,5,6,6,6,5,5,7,3,0,0,2,3,3,1,0,5,8,0,3
0,0,0,12,18,6,1,0,0,8,0,8,6,13,8,0,7,1,0,4,4,13,17,6,0,3,16,14,0,0,3,0
0,0,0,0,0,2,6,0,2,5,0,3,0,0,0,3,3,0,1,7,4,0,0,0,0,0,0,2,0,0,0,0
0,0,1,0,9,0,5,2,0,0,3,9,0,0,8,3,0,4,3,0,0,2,3,0,10,0,14,2,1,5,4,7
100,0,5,0,0,0,0,0,1,1,10,2,0,0,6,0,0,4,0,4,6,0,2,7,0,0,0,0,16,0,0,8
0,1,11,0,9,5,0,6,0,0,0,3,0,0,8,0,5,0,0,6,3,0,0,0,0,0,0,0,0,7,15,0
0,0,0,0,0,0,0,0,3,6,10,6,14,3,5,0,1,0,1,3,0,0,0,0,0,0,4,0,0,1,0,0
8,4,0,3,0,0,6,0,0,1,30,6,1,0,0,0,9,5,0,0,0,0,0,0,0,3,0,5,0,7,10,16
16,8,0,0,0,0,1,0,1,0,26,7,2,0,1,0,0,0,4,0,11,2,8,0,0,4,0,5,9,10,0,0
8,2,0,6,0,2,0,9,0,0,52,104,3,1,5,0,4,3,0,0,2,0,4,1,1,0,0,0,7,0,13,0
4,0,5,0,5,0,0,0,5,3,34,1,1,10,0,0,0,5,0,7,83,0,5,0,0,0,0,0,0,0,2,0
0,0,10,0,0,0,3,1,0,26,24,13,0,23,51,0,0,0,2,6,3,0,0,0,1,0,0,0,0,0,0,1
8,0,0,5,0,3,14,0,3,15,13,13,19,53,0,41,12,28,16,0,22,0,3,0,0,0,0,0,5,0,3,6
0,0,0,7,0,0,15,0,9,0,0,0,6,3,0,6,1,11,0,5,10,19,0,0,0,2,0,3,0,0,0,0
62,0,0,0,0,5,0,0,23,0,30,0,2,0,6,9,4,2,0,0,13,0,7,0,0,0,0,11,0,0,0,0
0,3,9,0,11,0,4,0,5,2,12,0,5,0,2,0,2,1,0,8,7,0,8,0,0,0,0,0,2,7,0,7
0,0,14,7,11,8,0,0,4,1,6,1,2,6,0,0,1,0,46,0,5,8,9,7,4,0,0,1,0,0,9,7
0,10,6,0,0,8,8,7,0,1,0,0,0,13,0,0,0,4,15,8,0,0,26,2,0,8,2,0,13,7,0,0
93,0,0,0,2,2,5,9,0,0,8,0,0,0,0,6,0,3,1,0,0,0,24,7,1,2,15,0,3,0,0,0
67,0,9,0,0,2,8,0,1,0,8,1,3,0,1,3,0,7,4,6,18,0,3,0,21,0,8,0,3,0,3,0
0,12,8,8,20,4,0,0,0,0,2,0,0,0,0,7,0,6,18,0,0,0,0,11,0,0,8,3,1,0,2,0
17,0,3,7,12,0,4,12,0,0,0,0,0,0,0,0,0,0,11,10,1,8,0,0,0,0,0,0,0,0,0,0
0,0,0,0,0,1,0,0,1,1,9,0,0,2,9,0,0,6,9,9,0,0,0,0,0,0,0,0,7,0,0,8
63,2,3,5,0,0,0,0,1,1,3,0,0,0,0,1,0,0,8,2,3,1,0,0,22,0,0,0,34,0,2,2
17,3,0,0,0,0,0,0,4,4,0,0,7,6,0,0,0,2,8,1,0,0,0,0,0,17,2,16,38,5,0,17
0,1,0,0,0,10,0,0,2,7,17,0,4,0,2,4,3,3,0,0,0,0,0,10,29,7,72,0,10,5,0,13
0,0,0,3,5,0,2,11,0,0,6,7,0,0,0,0,0,6,0,0,14,0,34,2,38,37,0,1,0,0,5,0
0,4,0,0,50,2,0,3,0,12,6,2,0,0,1,0,0,7,1,0,3,0,18,2,36,1,0,2,0,10,0,6
0,3,14,0,25,25,0,0,9,29,54,0,1,0,0,8,10,0,0,12,7,4,0,2,0,0,0,0,3,0,5,0
0,6,18,0,7,30,5,13,2,25,19,12,0,4,3,0,5,1,0,4,5,0,2,3,0,9,0,0,0,0,0,9
26,4,2,0,0,0,0,17,0,0,9,0,8,0,0,0,0,4,0,3,0,0,0,0,0,7,3,0,13,0,1,0
0,0,0,0,1,1,0,1,0,0,4,0,0,4,2,0,1,4,2,0,0,0,9,0,0,5,0,0,8,0,0,0
45,0,0,0,0,0,1,1,0,2,11,2,8,0,0,0,0,3,5,5,0,0,0,0,0,0,0,0,0,0,0,2
0,1,0,2,0,0,2,0,0,0,3,0,0,0,0,0,0,0,0,0,0,0,0,4,0,2,1,6,11,3,7,0
5,0,0,3,5,0,0,0,7,0,0,0,0,14,0,0,0,0,0,8,0,0,5,0,0,14,0,1,0,8,0,2
0,3,2,0,0,1,0,0,0,4,2,0,3,0,0,0,3,0,2,2,0,0,0,2,4,0,5,0,0,2,2,21
114,0,0,1,0,1,0,0,8,0,2,20,8,16,0,18,6,0,0,13,0,0,2,0,36,0,0,0,0,0,17,11
0,12,3,3,0,9,0,6,0,10,0,0,0,0,8,0,0,17,0,30,0,0,0,0,16,10,0,0,1,0,0,0
0,12,2,23,17,0,0,2,5,0,33,0,19,20,0,0,5,0,0,13,0,0,0,15,0,0,28,18,16,4,0,0
42,1,22,14,4,0,22,16,14,0,9,53,16,0,10,38,7,6,13,0,4,0,9,0,0,17,0,0,7,17,38,0
13,31,21,0,18,0,0,0,6,0,38,0,0,0,9,25,11,0,0,23,0,0,16,31,14,5,8,1,16,5,0,23
41,11,14,20,0,32,0,8,13,18,28,74,8,3,0,14,0,29,26,11,0,0,6,17,6,29,25,46,0,0,1,0
0,14,57,0,7,1,0,21,0,0,54,22,1,0,0,1,40,0,23,0,64,0,3,0,0,11,0,49,0,17,33,0
0,0,0,0,0,13,0,140,91,27,12,0,32,42,3,11,0,11,177,127,13,0,18,0,21,0,31,0,13,0,8,44
101,0,0,0,0,16,54,197,252,0,0,54,7,0,0,16,38,58,196,196,90,12,41,13,0,21,0,22,0,18,9,0
114,16,14,0,3,14,0,70,170,16,0,31,0,0,19,0,0,240,139,103,13,14,5,35,0,0,0,4,0,19,19,15
0,0,20,0,39,46,17,5,12,0,0,5,28,17,0,0,0,0,0,31,42,26,0,0,29,28,6,16,0,0,0,0
0,0,0,66,0,0,0,0,0,0,0,10,0,7,0,0,0,0,24,0,20,0,6,0,0,0,0,12,0,0,0,34
62,0,0,0,16,18,0,0,28,0,28,8,0,0,1,25,0,0,19,10,7,0,51,0,3,0,0,13,22,13,16,0
27,0,0,1,11,0,0,33,16,0,0,9,0,0,0,0,0,32,0,0,5,3,21,20,2,0,0,10,17,0,0,0
0,32,9,0,0,0,18,29,31,6,0,0,17,13,8,2,0,3,0,23,0,0,18,43,0,6,214,0,38,0,31,0
0,27,16,0,42,13,20,7,0,9,0,0,0,0,10,13,0,0,12,0,8,0,0,13,242,170,249,63,21,4,14,0
80,0,2,7,8,0,0,0,0,0,0,24,14,0,0,0,26,8,22,2,0,18,11,3,186,105,82,32,23,0,38,5
63,22,0,7,0,0,0,17,0,0,0,0,22,0,21,9,5,35,0,2,0,0,0,0,21,1,0,20,24,0,37,1
0,15,4,0,30,4,0,0,0,24,17,6,17,0,0,0,19,39,16,0,12,0,0,38,0,37,0,0,16,0,9,30
0,47,0,0,0,63,8,0,0,21,0,0,0,16,0,0,1,12,0,22,0,0,22,40,6,31,0,0,10,0,14,24
0,23,0,12,0,0,17,0,24,0,52,0,0,0,0,0,0,0,0,7,20,0,8,28,0,12,30,70,49,0,40,0
0,0,22,2,25,0,0,0,0,23,5,25,0,24,33,7,0,6,3,11,0,0,18,8,5,0,0,0,46,17,0,1
0,0,2,24,17,0,0,0,15,0,10,32,0,0,0,20,0,0,17,45,3,0,14,0,15,2,0,2,0,0,0,18
128,0,0,23,6,0,23,24,0,16,13,0,0,0,0,0,0,6,0,1,0,2,14,0,186,248,61,12,0,10,0,9
0,0,0,4,5,0,0,0,0,45,36,0,1,0,15,18,0,0,18,0,1,0,23,37,195,138,17,0,11,0,0,51
0,22,8,7,16,25,6,0,15,17,0,0,0,34,0,0,0,3,3,17,0,0,0,0,0,4,7,0,0,0,0,0
55,0,14,0,13,30,0,0,0,19,13,0,0,10,13,0,0,24,0,0,7,0,0,0,22,6,15,0,40,0,0,52
0,0,0,7,0,0,0,0,0,26,0,0,20,22,13,0,5,12,0,0,0,0,0,0,0,0,0,1,0,30,9,0
0,0,4,0,0,2,0,9,16,0,1,0,0,9,0,0,2,18,0,0,27,18,0,0,0,0,0,0,0,15,27,0
0,0,2,24,0,0,0,0,0,7,0,13,15,3,0,0,9,11,0,13,11,0,16,0,0,9,11,0,14,21,0,29
0,0,0,0,0,20,0,16,5,4,0,0,9,0,9,0,0,0,0,1,2,0,0,2,0,3,0,0,1,9,0,0
29,19,0,0,13,37,0,9,0,0,17,0,18,2,17,0,24,15,0,8,4,13,2,7,8,0,22,8,36,0,1,0
102,0,0,2,1,0,0,0,0,6,17,0,0,5,3,0,4,9,0,0,0,0,0,11,0,0,0,2,5,2,0,0
0,0,0,2,0,0,0,0,0,1,1,8,0,4,3,15,0,0,1,0,0,3,7,0,0,3,5,1,0,0,0,0
3,3,0,3,0,0,0,0,3,0,3,10,7,1,0,0,7,8,0,1,4,0,0,0,1,0,0,0,0,2,4,0
0,8,0,4,0,0,9,0,3,0,28,25,0,0,0,0,6,5,8,0,0,0,3,0,0,0,0,1,4,0,0,0
21,10,0,7,0,0,0,0,0,0,26,19,0,3,0,0,0,8,4,0,2,0,4,0,6,8,0,0,11,0,0,0
0,4,8,0,4,0,3,0,7,0,19,115,0,4,10,2,11,4,4,0,1,0,0,3,0,8,0,0,4,0,0,5
52,12,7,0,0,4,5,5,0,40,46,0,0,23,0,0,3,0,0,0,75,5,0,6,0,0,3,8,8,0,2,0
95,1,5,1,7,2,0,7,0,12,7,0,0,14,42,4,0,0,2,2,2,0,0,0,8,6,0,0,2,3,6,0
95,1,0,0,0,3,0,1,0,33,1,7,44,1,5,39,3,28,17,8,23,0,0,8,0,0,0,1,0,2,1,0
139,0,2,0,3,9,12,9,10,0,0,14,5,0,3,16,1,26,10,0,10,39,5,5,0,0,0,0,0,10,8,15
39,0,0,0,0,0,0,5,13,0,4,0,0,2,0,0,6,4,0,0,0,10,0,7,4,3,5,6,5,0,1,1
15,0,2,0,0,9,0,0,0,0,1,3,1,0,0,0,0,0,0,0,0,0,0,4,9,1,0,0,0,16,0,0
70,0,0,0,10,8,0,0,17,8,13,0,0,2,1,0,7,0,52,6,1,0,0,2,0,3,0,0,3,0,0,21
105,0,7,0,0,0,7,0,1,0,2,2,0,0,0,8,0,0,4,0,6,10,41,1,10,7,4,5,0,0,0,1
0,6,0,5,0,4,0,11,0,7,0,2,0,0,0,0,5,0,10,0,0,5,22,0,4,0,0,9,0,8,0,0
0,4,0,0,0,0,8,0,2,0,2,0,6,7,5,4,0,7,0,3,9,0,7,0,0,32,0,0,7,0,0,0
0,1,5,0,0,0,0,1,0,2,4,1,0,0,1,0,5,4,39,0,0,0,7,0,0,1,0,4,1,0,0,0
0,6,0,8,0,0,5,0,0,0,0,0,0,5,0,0,11,5,6,14,0,0,0,0,0,4,0,0,0,6,9,0
125,1,5,0,3,0,0,0,6,2,0,1,7,0,8,0,2,0,0,10,0,0,0,0,0,2,4,1,2,0,0,2
53,0,0,0,1,1,3,0,0,2,0,15,0,0,0,0,4,0,0,0,4,0,0,0,0,2,3,0,6,0,0,23
0,10,0,14,0,0,0,8,0,0,23,26,3,1,0,5,5,2,3,0,0,0,11,9,0,21,9,4,0,9,0,0
0,0,6,3,0,0,0,21,0,0,18,12,0,0,0,0,0,5,0,0,8,0,7,4,0,0,52,7,0,0,0,4
0,6,0,0,0,5,0,0,6,7,32,0,3,5,0,6,0,1,0,0,0,1,0,1,26,40,4,2,4,0,6,0
0,0,0,0,28,0,0,0,6,0,7,6,0,0,0,0,0,0,0,4,0,0,30,13,28,3,0,0,0,8,0,4
27,12,18,3,1,18,5,12,0,25,40,3,0,0,9,5,14,1,0,0,0,7,3,0,7,3,0,0,0,0,14,3
51,0,16,0,0,46,0,0,2,23,26,10,9,0,1,1,0,0,0,4,0,9,0,1,9,3,1,0,6,3,3,0
70,0,0,6,2,0,0,0,0,0,9,4,0,0,3,1,12,0,2,1,7,1,12,0,7,1,8,0,1,4,0,7
2,0,0,2,8,11,0,0,13,5,0,0,0,0,0,0,5,0,0,5,0,8,8,0,0,0,9,0,0,4,3,0
0,0,0,0,0,0,6,0,4,5,17,0,0,7,0,1,13,3,0,0,1,0,0,0,3,7,11,6,3,0,0,2
5,0,6,1,0,0,0,6,0,0,3,0,0,0,0,0,9,9,0,0,4,0,0,3,5,0,1,8,0,0,0,0
0,0,0,1,0,3,0,0,0,5,0,0,2,0,0,0,1,0,0,0,0,11,0,1,0,0,1,4,0,2,0,0
1,0,2,9,2,4,0,4,5,1,0,7,0,11,0,0,0,0,0,0,0,1,5,5,0,0,11,8,0,4,0,6
95,0,1,0,0,0,2,0,0,10,16,0,0,0,2,0,0,2,0,6,0,1,0,0,0,0,2,6,2,0,6,0
4,0,0,2,2,0,0,1,12,1,11,0,4,0,9,6,0,0,3,3,4,4,4,0,6,0,4,0,0,2,0,1
0,0,2,8,2,0,0,0,0,0,3,0,5,8,1,5,0,0,2,6,2,0,1,0,2,0,0,0,7,0,0,12
0,5,19,0,0,0,6,5,0,0,17,0,0,0,0,0,0,0,3,0,0,0,8,0,1,0,2,1,0,0,1,2
0,4,0,4,0,0,0,0,0,0,11,13,3,3,0,0,0,1,6,0,0,0,0,0,0,1,0,0,0,0,0,0
0,8,0,0,0,11,4,5,0,0,51,116,0,0,1,8,6,5,5,0,5,0,0,12,0,5,0,0,5,9,0,0
0,0,9,0,2,0,0,10,0,28,54,0,9,10,0,0,10,0,0,0,79,0,0,0,2,3,1,2,0,0,5,0
64,5,0,2,2,1,3,0,0,31,2,16,1,0,49,9,4,2,0,2,0,0,0,0,4,0,0,0,3,0,0,0
126,5,0,0,0,0,0,1,6,44,7,7,36,36,0,48,0,11,6,0,0,0,6,0,0,4,0,1,0,0,1,19
140,0,3,0,0,5,0,0,0,1,0,0,0,0,0,28,0,27,13,0,3,17,0,6,0,1,0,0,0,0,13,13
32,9,7,0,0,10,5,2,16,2,0,0,0,0,5,0,17,0,8,0,5,0,0,4,1,0,0,6,0,0,0,28
0,5,13,0,0,1,0,1,16,0,0,12,8,9,0,6,0,0,0,0,0,0,0,0,2,0,0,4,7,7,0,0
0,0,0,0,0,0,0,0,7,0,13,0,0,8,0,0,6,0,46,0,1,0,0,1,1,0,0,0,3,5,3,0
104,0,0,5,3,14,6,7,11,6,3,0,3,0,0,11,0,0,2,0,0,10,33,2,5,19,8,6,6,0,1,1
0,0,4,0,0,0,3,0,0,0,1,1,0,0,0,0,0,1,2,0,0,18,20,6,10,0,4,0,0,2,0,17
0,1,0,2,0,0,0,0,0,1,0,0,7,0,0,0,0,2,0,0,0,2,13,0,2,1,1,2,0,0,1,11
121,0,0,0,8,2,0,0,0,0,11,3,0,0,0,0,0,7,23,4,0,0,0,6,10,0,11,0,0,5,0,0
0,0,13,16,7,0,0,4,8,0,3,0,0,1,0,0,0,0,12,1,8,0,8,0,0,5,0,4,4,0,1,0
114,0,1,0,0,3,0,0,0,0,0,9,0,0,0,0,0,0,1,4,0,0,0,1,0,0,0,0,0,0,0,1
21,5,0,0,5,0,2,0,3,0,13,12,9,0,0,1,0,0,5,2,6,0,0,0,0,0,4,0,9,3,0,5
27,2,0,0,0,6,0,7,4,3,29,15,0,0,0,0,0,2,0,0,3,0,9,3,0,12,2,3,0,0,0,5
108,5,0,0,0,0,0,0,0,0,22,0,3,7,2,0,9,0,1,5,0,15,0,8,0,0,58,3,3,0,0,0
41,0,4,10,0,0,10,0,8,0,48,4,14,0,0,0,0,1,0,0,2,1,15,0,33,35,0,0,0,0,0,0
0,2,0,14,41,0,0,0,0,12,16,4,5,0,0,0,4,1,0,2,2,0,19,0,21,3,3,0,2,0,0,0
0,11,17,0,21,21,0,0,0,18,70,0,0,0,3,0,0,0,0,1,6,0,3,0,0,0,2,3,0,1,1,0
0,0,6,1,10,38,0,3,0,26,16,0,0,5,0,0,0,4,2,10,0,0,0,4,0,0,0,1,0,6,0,1
0,0,5,5,5,0,1,19,0,0,9,0,0,0,0,0,0,0,0,0,3,0,0,6,0,8,0,0,2,0,7,0
0,1,0,14,0,0,0,0,0,0,0,2,0,0,3,0,0,0,0,0,0,1,6,0,0,0,4,1,7,1,0,15
55,7,0,11,4,0,0,0,0,0,7,0,0,0,0,5,5,0,0,0,0,10,0,0,0,0,0,0,0,2,8,4
3,0,3,0,0,0,0,8,3,0,0,8,0,0,0,12,0,2,0,10,0,0,0,0,0,10,0,7,8,0,3,5
0,1,8,0,13,17,0,0,0,23,0,0,0,0,6,0,9,0,2,0,0,0,3,0,0,22,0,14,0,0,8,23
0,0,14,0,3,14,6,4,4,1,21,0,6,0,21,0,0,3,0,8,4,16,32,0,1,6,41,0,0,1,0,14
71,28,0,2,0,15,32,2,0,10,0,0,0,29,21,0,2,0,0,0,34,0,4,0,0,0,0,6,29,5,0,0
19,0,5,0,0,10,6,0,0,21,0,0,8,4,0,0,26,15,10,0,1,0,1,34,0,27,0,0,0,6,0,37
22,9,7,4,5,26,2,0,0,10,0,16,5,0,0,0,13,0,0,11,0,5,0,0,18,5,0,0,0,0,18,0
25,0,0,0,0,0,22,5,0,0,8,16,0,11,5,43,0,8,0,9,7,7,0,0,1,0,0,0,0,18,10,0
0,7,7,3,0,0,0,2,0,2,5,10,0,0,0,0,30,19,0,4,4,9,0,9,0,9,12,0,0,0,8,47
11,0,21,0,51,9,17,5,10,0,8,71,0,0,3,21,22,0,19,8,10,0,54,0,17,11,0,0,0,0,0,0
55,22,0,27,0,0,0,42,0,5,2,0,0,0,0,18,0,14,3,5,108,0,0,12,0,0,23,0,0,6,0,0
0,11,0,18,0,0,6,42,79,0,14,17,0,10,0,0,0,42,113,37,0,21,0,0,38,0,0,0,13,8,0,0
0,30,3,15,0,0,0,12,13,27,0,27,9,0,0,7,0,34,59,41,1,0,0,0,5,15,0,0,0,0,0,41
0,4,9,0,59,0,23,0,24,5,17,10,0,0,14,12,33,31,23,5,31,14,36,0,12,20,4,0,0,0,0,39
0,31,0,3,0,0,0,25,0,0,11,0,0,0,5,0,0,1,8,0,0,0,4,14,7,15,6,7,0,16,0,0
46,0,3,6,0,23,0,2,25,5,8,0,15,11,15,1,0,0,5,8,4,13,0,4,0,13,0,0,0,24,21,37
0,20,27,0,16,5,3,0,10,0,7,31,0,0,0,47,0,0,0,27,0,3,6,0,16,42,0,0,0,0,0,56
0,9,0,19,0,0,35,0,36,0,26,45,27,0,0,21,0,0,13,0,0,13,34,11,97,144,23,0,0,0,0,30
8,4,7,0,0,0,0,16,0,21,0,10,16,0,0,0,25,18,14,11,0,11,0,0,236,159,0,3,0,26,3,0
0,7,0,1,15,0,0,0,0,0,0,28,1,0,11,0,7,1,0,6,0,10,16,4,13,19,0,20,0,0,0,0
0,0,27,0,0,0,0,0,7,0,2,17,0,8,9,0,32,24,33,0,2,0,33,0,0,0,0,2,7,17,0,0
32,0,2,30,0,0,11,45,0,0,0,0,0,0,0,11,0,0,31,0,0,13,2,0,0,8,0,10,8,21,0,17
0,5,0,0,0,4,0,0,10,3,0,0,0,0,4,7,0,0,0,0,1,20,7,0,4,66,0,0,0,13,0,0
22,37,0,0,6,0,20,0,1,0,3,0,6,0,0,10,7,2,0,0,0,25,2,13,0,0,10,0,6,24,0,0
0,2,0,3,37,7,0,0,0,0,9,16,0,0,0,4,21,4,0,0,1,11,0,0,13,9,0,39,0,2,0,9
0,0,4,19,0,10,8,0,9,0,13,9,13,0,0,28,0,5,0,0,3,0,0,18,26,0,44,14,8,9,0,34
54,0,0,6,13,25,2,0,0,0,16,0,0,1,13,1,2,4,6,0,4,0,21,0,93,3,0,0,6,0,0,0
101,0,7,15,26,0,5,0,7,17,24,0,0,0,9,0,3,0,0,0,0,6,25,29,55,0,0,6,19,0,6,8
27,9,23,0,27,25,0,5,3,21,60,0,0,0,12,19,0,0,0,10,5,0,0,0,7,17,0,22,0,2,16,5
0,17,20,3,0,36,4,11,0,13,17,25,0,0,0,8,0,7,0,0,0,11,7,0,0,0,16,22,0,1,15,0
1,0,0,0,0,0,0,0,1,5,0,0,0,8,0,0,1,1,0,1,9,1,0,2,0,0,10,4,11,0,0,3
0,0,0,0,0,0,2,0,0,0,0,0,0,7,0,0,0,0,0,7,0,0,0,3,1,0,6,0,0,0,6,0
23,0,3,0,0,0,16,7,0,0,4,9,2,4,0,0,0,10,0,0,1,0,11,6,0,0,1,0,0,0,0,0
0,2,0,3,7,5,0,0,0,9,2,0,16,7,0,0,0,4,0,0,0,1,2,8,0,0,11,10,1,0,10,0
0,0,4,1,3,0,7,2,4,0,0,15,0,2,0,10,0,1,0,13,7,0,0,0,0,0,0,0,0,0,12,6
12,0,3,7,1,0,0,6,1,11,0,1,18,14,0,9,1,0,0,0,6,2,0,0,0,7,7,0,0,0,0,0
101,0,0,0,7,0,0,0,0,9,16,0,0,0,1,0,0,1,2,1,3,0,3,0,6,1,0,0,1,2,0,0
0,0,0,0,2,1,0,3,0,10,4,4,10,0,0,0,0,6,6,0,0,7,0,0,4,2,0,0,0,0,0,1
4,0,0,0,9,7,0,0,4,0,0,6,2,0,4,0,9,6,4,0,1,3,1,3,0,4,0,3,0,0,11,0
16,5,0,1,6,4,0,0,0,4,12,3,0,4,0,0,0,4,0,7,4,0,3,4,0,0,0,0,6,0,0,0
8,6,0,0,0,3,0,2,2,1,31,0,3,1,1,0,0,0,0,0,0,6,0,0,0,0,0,3,12,0,4,0
0,0,1,0,1,3,0,1,0,0,48,109,0,4,0,0,1,0,0,0,0,0,2,0,0,4,2,0,3,0,6,4
89,0,7,1,11,0,3,13,1,29,45,4,5,10,0,17,0,0,7,0,85,5,3,0,8,1,11,0,1,11,0,22
0,9,1,0,2,7,5,0,0,34,0,11,0,27,36,0,2,8,12,9,9,0,5,0,2,3,0,0,4,2,5,13
136,0,5,12,0,0,2,1,0,33,16,0,37,44,4,29,9,29,9,9,21,0,0,0,0,0,0,0,11,1,0,0
144,0,4,0,0,4,0,0,0,0,4,0,5,8,0,6,8,17,0,9,1,26,1,0,0,0,11,9,6,0,0,0
0,0,4,12,4,0,0,4,9,0,1,12,0,0,0,10,13,0,10,3,0,1,0,6,0,8,0,0,0,0,11,9
29,0,0,0,2,0,0,14,0,4,8,12,0,0,0,9,10,3,0,0,4,1,7,0,12,11,9,6,0,0,14,0
0,0,3,0,8,4,6,0,5,0,15,0,9,0,0,0,18,2,66,0,0,0,0,5,1,0,0,0,0,0,0,2
0,0,1,6,10,4,0,0,0,11,0,0,3,0,0,0,0,7,2,0,0,1,30,0,4,27,0,0,0,0,0,0
119,0,6,0,2,0,3,0,0,1,25,0,5,9,4,0,5,0,5,0,0,18,24,7,6,0,1,0,0,0,15,0
84,0,2,7,7,0,7,0,7,0,15,5,2,0,4,15,0,5,0,0,1,6,4,0,0,0,0,0,0,0,0,11
0,0,8,1,8,1,0,3,2,6,0,0,2,8,0,2,0,0,12,2,1,6,0,5,0,0,3,10,0,7,7,0
0,1,9,0,4,1,1,2,9,0,0,8,3,0,1,1,2,1,8,0,0,0,1,2,3,4,0,6,3,0,0,0
68,0,3,13,0,7,0,0,0,4,13,3,4,3,0,2,0,5,3,3,0,0,2,3,1,0,0,0,0,0,0,0
47,0,0,17,12,0,0,6,10,0,7,20,9,0,0,0,0,0,0,0,0,11,0,0,1,0,1,5,5,0,9,0
0,0,13,5,16,0,4,2,5,0,18,0,0,7,0,0,1,4,8,0,0,0,11,0,6,25,5,18,0,10,4,1
0,0,4,0,16,0,0,0,1,1,6,0,0,0,0,15,0,5,4,0,2,27,0,16,23,17,62,7,0,0,12,0
29,0,10,2,9,6,2,0,0,0,31,0,6,2,0,0,4,1,4,0,0,0,0,0,23,32,0,0,11,0,2,8
87,2,0,0,47,1,0,0,0,7,9,8,2,11,6,0,0,9,0,8,0,0,16,0,11,1,0,7,0,2,3,0
0,0,10,0,34,22,8,0,19,24,59,0,7,1,0,0,0,0,0,1,2,0,9,0,9,0,13,0,0,3,0,5
78,1,20,4,6,34,0,1,0,29,17,4,0,0,3,0,1,3,0,0,0,0,8,3,0,0,9,0,0,2,3,0
8,0,4,10,0,0,6,7,0,13,8,9,0,0,0,2,0,7,0,0,0,3,3,1,2,2,0,5,0,0,0,0
0,0,0,0,0,8,0,11,0,6,0,1,0,0,3,3,5,0,0,1,2,0,11,4,5,5,4,0,0,0,0,0
0,0,5,0,0,2,0,0,0,0,4,9,0,4,0,7,0,3,0,1,0,0,0,0,7,0,4,0,0,0,0,13
0,0,1,2,0,5,3,0,0,9,8,1,0,0,7,7,1,3,4,0,3,0,0,1,0,0,4,0,10,8,0,0
3,3,2,0,0,0,1,0,3,5,3,0,8,13,0,1,0,0,8,0,3,6,0,2,0,0,2,1,6,0,4,0
3,0,0,0,0,0,0,0,9,1,16,0,11,0,4,0,0,2,0,1,0,0,1,5,0,6,1,0,0,11,4,0
103,42,0,0,0,19,13,0,0,0,0,11,0,0,1,0,20,6,0,6,10,0,0,0,15,7,0,0,0,0,52,0
3,3,7,0,27,28,0,0,3,42,0,0,8,6,20,0,22,1,33,2,12,0,9,0,5,0,0,6,1,0,31,49
0,22,0,0,0,0,0,10,0,0,18,1,0,0,14,25,9,0,0,0,0,14,0,16,0,0,22,10,0,0,0,24
0,33,19,0,16,4,22,19,7,8,0,0,13,12,18,0,17,9,16,0,10,12,5,0,0,24,2,33,3,0,26,0
27,1,9,0,12,7,13,12,0,0,27,0,0,0,14,1,0,6,0,0,2,12,0,12,3,0,0,6,13,0,0,32
43,8,3,29,0,0,20,1,0,0,61,67,19,32,6,0,0,0,31,12,1,0,0,13,0,0,9,0,0,13,0,33
104,0,11,10,27,9,48,0,37,17,76,0,0,2,1,0,3,0,0,8,2,4,13,6,11,1,12,10,25,0,8,0
73,0,13,0,0,11,14,79,204,0,25,42,33,53,0,33,0,4,13,23,18,0,0,0,0,2,12,65,18,0,37,12
139,17,27,0,0,16,15,0,0,27,0,23,18,28,0,41,0,74,75,143,23,0,9,0,16,2,0,6,25,0,43,0
29,0,22,0,0,24,7,0,0,13,0,0,24,8,9,0,13,48,145,64,0,0,0,15,0,0,10,8,0,0,0,0
0,0,23,21,48,0,9,18,21,0,0,19,0,0,4,9,27,0,27,0,30,0,24,16,0,0,0,0,5,9,0,0
0,32,1,0,0,13,0,0,0,23,0,24,19,18,3,23,28,0,20,0,13,0,0,0,0,29,0,0,16,0,0,0
89,44,0,4,20,10,16,12,13,0,0,2,6,33,11,0,12,0,0,3,0,0,0,0,0,23,20,0,0,0,0,0
0,26,39,0,36,0,4,0,0,12,7,0,0,20,16,0,13,0,0,25,16,0,15,10,0,7,0,0,27,20,0,41
157,6,0,0,1,34,19,20,23,0,0,28,0,0,0,21,3,9,27,0,42,8,0,0,92,85,0,16,0,0,0,5
149,0,8,34,0,14,12,10,0,19,0,33,0,8,3,32,17,0,9,2,0,17,14,100,156,189,7,0,7,20,0,37
98,0,0,13,28,12,11,31,0,4,0,0,0,0,0,6,0,23,21,13,1,29,35,85,181,17,0,2,0,0,3,0
0,16,0,0,0,9,6,5,0,0,0,0,15,0,0,5,30,0,19,1,19,13,25,0,0,24,0,16,0,0,0,41
0,0,0,7,0,24,0,0,0,0,27,5,19,3,32,0,0,15,10,4,0,0,0,14,3,0,56,0,0,16,0,0
0,0,0,0,12,16,0,0,0,0,35,4,0,19,18,0,0,0,15,10,0,23,0,0,6,0,0,1,14,3,0,24
0,0,0,7,28,0,26,0,0,33,0,0,0,2,0,23,10,2,17,0,0,0,0,0,10,10,0,3,0,0,0,33
0,0,8,18,22,2,0,0,0,0,34,19,0,0,5,16,0,9,0,0,26,31,12,0,31,14,87,0,15,0,6,22
0,0,0,0,0,0,0,20,2,0,43,0,0,4,0,29,0,0,0,0,0,23,0,107,8,0,26,0,4,4,0,0
0,5,0,0,24,0,0,9,0,0,6,0,12,9,0,0,0,0,11,0,0,7,97,61,3,0,0,30,18,0,0,49
19,17,19,24,45,2,0,26,5,29,14,0,0,9,0,0,14,0,0,19,0,0,37,70,16,3,5,14,0,11,11,0
79,40,7,3,12,0,17,0,16,5,17,0,0,31,0,0,12,0,0,24,0,0,4,8,0,2,23,0,0,0,30,0
0,21,0,0,0,16,0,0,0,9,29,0,18,19,10,0,1,0,9,1,0,0,0,6,0,5,0,0,0,0,8,29
0,0,0,5,1,17,13,0,0,5,22,0,2,1,5,0,21,0,0,0,0,0,16,0,0,0,0,0,15,0,0,21
0,27,0,0,5,0,0,3,0,7,0,0,0,5,4,0,0,0,8,0,5,0,1,0,0,0,11,0,10,0,3,0
21,13,0,18,3,2,0,0,2,8,25,0,0,9,0,0,8,0,0,11,0,0,2,10,0,13,0,0,0,0,0,0
0,0,0,0,0,17,0,11,0,0,0,26,3,0,3,14,0,7,0,0,16,0,8,12,0,5,0,0,0,0,0,25
0,0,0,0,0,1,0,0,4,0,1,0,10,0,11,0,0,0,3,0,0,0,0,0,0,0,0,0,0,0,0,0
116,0,4,6,7,0,3,3,4,0,8,10,0,0,2,7,0,1,7,0,2,1,8,0,2,1,3,0,4,0,0,12
0,0,2,4,0,7,0,0,0,8,0,0,0,0,0,6,0,0,0,0,4,2,2,0,0,5,0,0,0,0,0,0
0,4,0,0,0,0,5,4,0,1,0,0,0,1,0,0,0,5,0,0,0,8,0,0,1,0,9,4,0,6,0,1
16,1,3,5,3,8,0,13,10,0,24,19,0,0,0,0,0,1,3,3,0,1,10,0,0,4,1,2,2,2,0,4
0,5,0,0,0,0,16,0,0,2,18,20,0,0,0,7,0,3,0,8,0,0,0,0,0,11,0,11,0,0,0,6
0,5,1,0,0,3,0,0,0,4,25,99,0,0,5,3,3,5,0,0,0,0,0,3,2,7,0,0,4,0,11,11
84,0,11,3,0,0,0,1,0,6,22,0,0,9,0,0,1,0,7,0,70,0,10,0,0,0,0,0,0,0,2,0
0,0,2,0,0,0,0,4,0,8,5,5,2,24,45,5,0,1,0,24,0,0,0,0,0,9,0,0,0,0,0,26
0,0,0,6,0,0,0,0,0,7,21,11,44,0,0,40,20,35,10,5,20,0,8,5,8,0,13,3,9,0,0,0
0,3,17,0,12,3,4,3,7,0,2,0,13,9,1,0,5,23,0,0,0,31,0,8,0,0,0,0,0,9,3,3
116,0,0,8,2,5,0,7,10,0,0,0,0,0,0,10,0,4,0,5,1,1,0,3,1,8,3,5,0,1,0,0
44,0,8,2,0,0,5,2,16,1,10,0,0,0,0,1,0,0,1,0,0,0,1,4,0,0,11,5,16,0,4,18
76,2,5,0,0,0,0,4,10,2,1,0,1,0,0,0,0,0,45,0,0,0,0,0,0,5,0,3,0,0,0,0
83,3,6,7,5,0,5,0,0,7,0,0,1,5,3,4,2,0,11,0,0,0,16,0,0,0,0,0,8,8,2,0
0,0,0,0,0,0,0,1,0,0,0,7,0,0,0,0,0,2,10,0,7,21,27,2,14,0,0,0,0,0,0,4
0,12,11,1,2,3,0,0,8,1,9,0,1,0,0,1,5,0,0,0,27,11,0,3,0,1,0,0,0,0,2,8
0,0,3,0,0,0,7,8,0,0,5,0,1,0,2,0,0,0,12,1,5,4,0,0,0,2,0,0,0,0,0,18
0,0,12,5,0,0,15,0,10,0,4,2,7,0,3,2,0,12,7,0,0,2,11,0,16,0,0,7,0,0,0,0
99,0,6,1,15,0,7,0,2,7,9,1,11,0,0,0,0,3,0,11,0,4,4,0,0,7,0,0,0,15,0,8
0,6,1,0,0,0,0,3,0,4,2,20,0,0,2,8,3,0,12,0,3,16,0,0,0,3,7,3,0,0,4,11
97,0,0,0,5,0,0,0,0,1,29,16,0,0,0,0,2,0,0,5,0,0,0,1,0,23,0,32,0,8,1,18
0,0,0,0,17,0,0,4,0,3,3,5,0,0,0,0,0,0,0,9,0,31,1,0,3,10,71,10,0,0,0,26
0,0,0,0,0,4,0,1,0,7,22,0,0,0,0,7,0,3,0,0,3,0,7,0,17,23,19,0,0,0,3,11
0,0,1,5,34,0,0,0,3,13,20,0,0,6,0,0,10,5,1,3,0,0,26,23,9,0,0,0,0,2,6,0
0,4,16,1,27,16,0,9,0,24,54,1,1,0,0,0,0,0,2,1,0,3,8,5,0,0,0,0,2,10,0,6
73,1,11,0,5,46,4,3,8,22,24,6,1,6,6,0,0,0,5,2,0,4,0,5,0,3,0,0,0,0,21,6
101,2,10,0,0,1,0,5,1,0,11,0,5,0,1,0,0,0,2,0,0,0,0,5,0,0,0,0,0,1,0,0
0,0,0,0,2,1,0,0,11,5,0,0,0,0,0,0,8,0,8,0,0,2,0,0,0,7,1,8,0,0,2,1
0,6,1,0,3,1,0,0,0,5,13,8,0,0,1,0,0,0,0,0,0,0,3,8,1,0,0,0,1,0,2,0
0,0,0,1,5,0,4,7,2,0,5,1,0,0,7,7,0,2,0,4,0,0,0,0,0,0,0,0,0,2,0,14
3,0,0,0,0,0,0,5,0,0,0,1,0,18,0,1,0,7,0,0,2,0,0,0,1,1,0,0,2,0,0,18
5,2,3,11,3,6,0,0,0,2,5,11,1,6,0,2,0,6,0,6,11,0,0,6,0,0,0,0,0,0,0,0
116,5,0,4,4,0,0,0,0,1,0,8,0,9,2,1,0,0,12,0,10,2,4,0,6,0,0,5,2,0,0,0
9,0,0,0,0,1,12,0,0,3,0,1,0,7,0,7,2,0,0,0,2,0,13,10,0,0,6,0,0,9,0,0
16,0,9,9,0,0,13,0,0,0,20,0,0,4,2,19,6,0,0,0,1,0,3,0,0,0,0,4,22,1,0,12
0,13,2,0,0,0,0,16,0,2,0,18,0,0,0,0,0,0,0,0,0,11,0,0,3,9,10,24,1,11,10,0
27,0,10,27,10,0,9,16,30,2,10,11,6,0,0,0,5,4,0,4,16,0,3,13,7,0,10,35,24,11,0,0
0,29,0,0,0,0,0,3,12,4,0,27,0,0,16,5,27,5,18,2,20,0,0,30,8,2,5,0,0,0,0,0
0,1,0,0,0,14,23,0,3,0,17,18,3,6,4,51,25,0,0,0,67,0,0,0,0,1,0,0,0,9,0,41
8,40,0,0,0,41,0,1,0,0,193,197,26,16,28,0,67,0,12,15,28,75,0,16,23,0,37,12,41,13,0,0
0,9,15,34,0,0,0,0,0,59,193,197,16,45,35,36,27,0,30,0,35,85,20,4,0,7,22,0,15,19,24,0
0,10,0,10,0,0,3,0,0,0,130,69,12,0,11,0,1,4,16,11,171,193,251,0,9,0,0,0,0,13,0,0
83,0,0,0,12,3,0,0,1,0,31,4,0,52,0,0,0,24,4,0,189,195,195,8,4,14,0,48,0,0,33,21
132,38,0,0,39,54,0,0,7,16,0,0,0,14,8,10,16,0,9,34,240,124,20,0,0,5,0,0,0,6,8,0
0,0,0,11,0,4,0,0,0,16,0,0,0,0,8,20,25,4,0,12,0,0,0,0,0,43,0,5,11,0,0,47
65,0,0,0,31,0,0,0,0,6,0,16,0,4,0,0,0,0,19,0,11,0,13,4,0,11,6,0,5,0,0,7
0,0,17,43,16,32,7,5,2,0,39,0,0,24,17,0,0,32,0,0,25,0,3,0,6,12,0,0,0,28,12,0
0,0,27,0,14,0,2,0,0,30,0,0,0,14,19,0,0,0,5,35,0,17,0,14,212,190,193,0,0,4,0,13
0,25,0,0,1,25,22,38,37,0,49,0,25,25,8,0,0,33,0,8,0,0,40,159,197,190,166,0,42,21,11,0
126,0,11,0,0,0,10,0,8,0,41,5,0,23,11,0,0,0,0,0,0,14,0,0,203,180,0,4,0,0,2,0
88,0,39,0,1,24,38,0,0,0,19,15,4,0,4,0,0,0,24,12,0,0,0,8,0,7,7,0,0,20,0,0
0,0,0,0,0,0,43,2,61,18,26,0,25,38,16,0,23,0,0,25,5,0,12,0,16,27,0,0,24,6,27,9
0,18,0,0,18,0,0,11,16,0,17,14,16,0,4,0,0,3,0,0,0,24,0,6,12,0,22,0,0,21,0,0
0,0,0,8,16,33,4,0,0,28,18,12,0,0,11,0,0,0,0,6,0,17,0,0,17,0,1,3,29,0,8,0
0,0,0,35,22,0,0,0,1,17,16,24,0,35,24,2,0,19,12,0,0,0,23,2,0,24,10,0,0,0,8,33
113,2,0,31,13,0,12,16,0,0,7,13,0,3,5,0,2,26,0,0,0,0,12,195,197,33,52,44,0,0,0,0
0,16,33,16,41,22,0,0,0,78,0,0,0,21,0,0,0,0,0,4,0,14,152,195,197,224,9,16,7,14,22,0
0,8,37,26,18,51,0,0,28,0,32,0,0,0,0,11,0,0,0,37,1,0,5,12,0,0,22,7,0,18,0,0
0,0,15,8,0,4,18,0,6,0,3,0,0,0,0,4,0,0,6,15,17,2,0,3,0,2,2,7,0,16,0,13
0,0,17,15,0,1,0,0,0,30,0,34,0,0,0,54,0,0,0,0,0,1,7,10,0,0,0,0,0,28,0,0
0,0,13,0,0,0,0,0,8,0,32,7,10,6,0,42,3,0,35,0,32,0,0,3,0,0,0,0,0,0,5,14
11,0,0,0,0,0,0,19,0,0,11,10,8,0,13,4,2,0,17,3,0,25,0,34,18,5,0,0,0,0,9,0
0,0,0,16,36,16,0,20,11,3,0,0,0,0,0,0,11,22,0,3,17,0,0,0,26,18,1,0,22,2,11,0
0,0,2,0,0,12,8,18,9,18,0,0,0,0,0,32,2,0,0,25,0,1,0,2,1,0,0,8,25,24,0,0
99,3,6,0,0,0,9,11,0,6,23,8,5,5,3,0,0,0,0,0,7,0,2,5,0,0,0,3,0,8,0,0
0,0,0,4,2,1,0,1,5,0,0,6,0,0,0,0,7,0,4,1,5,9,1,0,0,0,0,0,5,4,0,25
7,0,0,2,0,1,0,0,0,5,0,0,11,5,3,0,8,2,2,0,2,6,0,3,0,2,2,0,0,0,0,12
10,0,8,0,0,0,0,5,1,3,17,32,0,3,3,0,0,7,0,7,0,0,0,0,0,8,0,0,1,0,0,0
7,0,0,9,12,0,0,0,13,3,18,23,0,2,0,1,0,1,0,4,5,1,0,0,0,5,0,7,0,0,0,0
0,0,5,2,0,0,0,16,10,2,11,69,0,0,5,6,0,3,0,0,0,0,6,4,7,0,6,0,6,0,0,0
58,7,6,6,25,0,0,4,0,11,35,0,0,19,0,0,2,0,4,9,2,0,0,0,0,1,0,0,8,0,8,1
0,4,3,0,0,4,0,0,0,15,8,30,0,27,44,0,0,6,12,9,12,0,1,0,0,0,8,0,0,0,0,0
93,0,10,7,4,0,0,0,4,41,11,35,24,1,2,39,9,27,11,5,1,1,0,7,1,13,0,0,4,0,10,6
127,6,0,0,0,6,0,0,0,6,0,0,8,2,0,20,2,28,0,0,0,24,4,10,1,0,4,0,5,3,7,0
20,0,10,1,0,0,2,10,26,0,2,12,0,0,0,23,0,4,0,0,0,3,2,0,4,0,14,9,9,0,0,0
0,0,9,0,0,0,0,0,20,5,5,5,16,0,3,14,0,0,6,8,0,2,3,3,3,0,0,0,11,0,0,3
0,6,0,8,16,5,0,3,1,0,2,0,2,5,0,3,0,10,55,0,5,11,0,0,0,0,1,0,0,0,0,0
0,0,12,0,11,3,9,0,0,7,0,0,0,8,0,0,3,0,7,7,0,0,20,7,0,16,0,0,0,6,9,0
93,0,0,4,12,0,8,0,7,7,0,5,0,8,0,0,0,0,16,8,7,21,25,0,0,2,0,2,0,2,0,2
0,2,5,0,0,6,0,2,0,3,0,0,0,0,0,0,0,0,0,0,0,0,0,2,41,31,0,5,0,0,0,0
57,3,6,0,0,1,0,0,0,3,17,7,0,2,0,0,0,2,19,0,0,8,3,0,0,5,35,2,0,0,0,2
59,0,3,10,0,1,9,0,0,0,0,10,0,0,0,0,0,7,6,0,0,0,0,0,19,1,21,0,0,3,0,6
0,2,5,0,5,11,0,0,0,0,9,0,6,0,5,2,7,6,4,0,0,0,0,8,0,0,6,0,8,6,0,3
0,1,6,0,11,0,7,1,6,5,7,27,0,0,1,4,0,0,0,5,0,0,0,3,0,4,2,4,3,0,11,0
0,0,0,2,19,3,0,0,0,0,24,23,0,2,1,0,0,0,0,0,10,1,0,0,0,0,1,16,0,1,0,0
104,1,1,0,0,0,0,1,0,0,18,0,0,0,0,2,0,0,4,0,7,3,7,0,22,10,58,2,0,0,0,0
0,0,0,8,5,8,0,0,0,4,9,0,0,11,5,0,0,0,0,2,0,0,13,0,14,25,0,0,3,18,14,0
79,0,0,0,30,3,1,0,4,11,23,0,0,4,0,1,0,6,1,0,0,3,20,11,25,13,0,0,0,0,0,6
0,3,14,0,10,9,9,0,10,16,44,0,0,0,0,7,0,0,0,0,0,0,9,0,0,1,6,0,6,0,0,0
33,0,20,5,0,25,0,1,0,14,29,27,0,0,1,3,0,0,1,0,14,1,0,0,0,2,0,0,0,1,0,4
0,0,9,6,0,2,0,0,0,0,2,1,3,0,4,0,7,0,11,5,0,0,8,0,0,10,0,0,3,0,7,0
0,0,0,1,0,0,0,0,4,2,4,4,11,4,0,2,0,1,0,7,0,0,0,0,0,0,0,0,0,0,0,0
50,0,0,3,4,0,0,3,0,1,8,0,0,0,4,1,0,0,0,3,1,0,0,0,8,3,0,0,0,0,0,0
0,0,0,0,0,1,0,2,2,0,0,3,1,4,4,6,1,0,0,1,0,2,8,0,1,0,0,2,0,6,0,0
5,10,5,6,0,0,0,14,0,0,3,0,0,0,0,0,0,0,9,0,7,0,8,0,0,6,0,1,0,0,9,0
1,0,0,0,0,0,0,0,0,0,0,0,7,7,9,3,3,0,0,0,0,1,0,0,0,2,0,2,0,1,6,3
85,0,0,4,0,0,0,0,0,1,10,0,0,0,0,0,0,0,14,5,0,0,8,7,8,4,0,4,0,0,0,3
0,0,0,0,0,0,1,0,0,0,0,3,1,0,0,2,3,3,0,0,6,2,0,0,0,0,0,2,0,0,0,4
0,1,5,6,3,4,0,0,0,0,0,0,0,0,2,1,0,3,0,0,5,1,0,0,0,4,0,0,0,0,8,0
0,3,0,0,0,0,2,4,8,0,10,0,0,0,0,9,0,0,0,4,1,3,3,0,0,0,0,5,0,0,4,0
8,9,8,0,16,4,4,10,4,0,16,7,0,0,6,5,7,1,0,2,0,0,0,1,0,2,0,9,0,2,1,0
0,0,2,1,9,0,0,0,0,8,32,100,0,0,1,0,0,0,0,0,0,0,1,0,1,0,5,0,10,0,10,27
0,3,4,0,0,0,0,20,0,34,47,4,5,17,0,3,0,7,0,18,55,0,5,6,0,0,3,0,0,0,0,4
0,0,0,10,1,0,1,16,0,41,4,29,0,24,42,8,0,3,0,2,6,0,0,0,16,4,0,7,0,0,0,13
33,0,0,3,4,0,1,3,1,16,31,2,33,38,0,48,1,24,5,0,2,8,12,0,6,0,15,0,0,0,0,0
137,0,14,0,0,0,0,3,5,0,2,5,2,3,0,14,0,25,0,0,0,14,0,0,0,0,0,2,1,0,0,0
48,0,0,6,4,13,3,0,15,0,1,0,0,0,0,2,26,1,0,5,0,4,4,1,3,3,3,0,1,0,0,0
77,0,4,0,0,7,0,0,0,5,0,0,2,13,1,0,4,1,3,0,0,1,0,12,0,9,0,5,2,4,4,0
0,0,0,22,0,0,0,22,0,4,0,22,0,9,0,1,0,0,36,2,1,17,0,0,8,0,0,12,0,2,0,3
0,2,0,0,15,13,0,0,0,0,11,7,5,0,0,0,0,0,1,0,0,2,0,0,0,0,8,0,10,8,0,0
21,0,0,0,0,0,13,0,2,0,0,16,10,10,5,0,0,0,5,17,0,0,11,8,0,0,0,48,23,0,22,0
59,56,27,2,0,13,32,0,39,18,0,15,8,0,0,0,7,32,9,0,0,0,0,12,0,145,253,67,0,0,0,0
34,3,0,0,30,38,0,0,9,35,2,0,2,10,0,0,0,2,0,1,0,7,0,19,0,43,62,0,24,30,23,0
0,9,0,0,0,21,0,0,0,7,0,0,0,13,0,0,0,0,2,0,12,0,10,10,14,0,7,23,0,6,0,39
110,0,16,3,1,10,0,0,0,0,6,0,21,13,6,0,0,5,0,1,0,0,0,6,0,16,0,12,21,35,35,0
31,16,40,0,34,28,14,0,9,0,1,0,23,0,0,0,0,49,8,0,12,0,6,16,0,59,42,0,0,0,0,24
51,45,49,7,0,13,0,34,72,7,19,0,23,36,22,0,3,0,0,36,0,14,28,2,9,4,0,39,8,5,37,0
109,0,48,7,10,0,26,11,16,0,8,17,5,17,0,11,0,15,0,2,0,0,0,17,0,0,0,0,0,27,17,35
0,3,0,11,21,38,16,0,41,19,62,0,0,22,7,0,2,0,10,0,0,0,83,196,187,193,27,93,0,0,6,32
48,24,21,49,2,0,57,11,26,21,23,3,0,8,6,0,19,13,0,39,25,0,176,186,189,196,47,44,9,12,37,51
0,0,0,17,29,9,14,11,2,1,25,23,46,0,26,10,1,0,0,0,0,17,0,134,227,0,6,20,24,0,4,0
0,0,21,0,0,13,5,0,0,57,0,63,0,13,0,0,0,0,0,0,23,13,14,0,0,0,47,3,0,0,0,0
44,1,0,0,0,0,0,0,0,0,2,0,0,10,17,0,6,3,0,0,6,0,11,0,0,10,0,19,0,1,0,2
23,0,8,0,9,27,0,0,0,17,10,11,1,0,0,0,0,9,8,0,0,0,8,22,21,0,0,0,0,0,10,0
0,11,6,0,12,44,0,0,0,3,0,0,22,14,0,0,0,0,0,0,0,2,0,16,0,0,0,0,19,26,0,0
4,0,33,23,43,2,0,7,14,0,0,16,14,0,5,0,12,0,13,0,38,0,13,4,3,0,0,3,0,34,0,0
0,35,4,0,24,0,0,0,24,0,0,21,0,0,19,0,0,20,27,2,23,0,38,0,0,0,1,0,6,0,0,16
7,21,0,12,53,5,6,0,0,12,13,0,0,10,0,2,0,13,0,7,11,21,0,0,0,0,2,0,21,0,0,59
154,31,0,0,1,44,7,0,6,0,6,7,0,8,1,0,13,0,0,1,8,0,0,1,0,24,33,0,24,0,0,4
0,21,0,0,8,15,20,0,1,0,0,29,0,0,0,0,6,12,6,0,0,0,0,9,0,0,0,0,0,0,37,0
0,0,5,0,0,0,9,0,0,15,0,0,0,7,0,4,3,22,1,0,0,23,2,0,0,0,2,0,0,0,7,7
20,0,0,11,22,0,4,14,10,0,3,16,7,11,5,0,5,6,0,37,1,7,0,0,3,14,0,0,0,0,11,12
0,0,0,1,0,5,0,5,0,6,34,0,9,11,0,0,0,0,0,0,0,0,0,5,0,0,0,0,0,0,11,8
43,0,14,0,0,0,3,0,12,1,25,100,4,0,2,0,0,0,0,13,0,7,0,7,0,4,5,0,4,0,0,9
97,6,13,0,0,0,2,9,0,18,61,0,0,6,12,0,0,0,8,16,0,0,0,0,0,0,5,0,5,0,0,0
46,3,8,3,0,0,3,0,0,10,16,0,0,46,39,0,10,7,0,9,0,0,8,0,0,0,2,12,0,0,0,0
0,21,8,0,16,4,13,0,9,10,53,23,40,17,13,26,0,45,4,0,16,0,4,4,8,0,12,0,16,6,18,0
0,0,0,0,0,0,0,0,0,0,12,0,0,0,0,17,7,10,0,4,0,27,17,0,0,2,0,2,0,2,5,0
0,1,2,0,0,0,3,0,6,0,8,0,0,0,0,18,0,0,0,9,5,5,9,0,0,5,2,0,0,0,0,0
57,7,0,0,0,0,0,2,18,3,3,0,7,4,3,0,0,0,11,3,0,0,3,0,0,7,0,2,1,8,0,1
0,0,0,4,0,2,0,0,6,6,27,0,8,8,2,0,0,15,38,4,0,0,5,3,4,5,4,0,12,6,0,26
91,4,6,0,0,2,0,0,0,0,20,0,4,0,9,4,0,0,14,0,0,3,15,0,0,24,7,1,0,10,0,3
44,2,0,0,0,0,0,0,0,0,0,0,5,0,0,1,0,3,4,1,0,0,7,0,0,0,12,0,0,1,0,0
0,0,0,0,0,0,0,0,0,4,3,4,0,10,3,5,4,0,0,0,0,0,5,0,19,28,28,0,0,0,5,12
0,0,0,0,6,0,0,0,0,1,1,0,0,4,1,0,0,0,22,1,0,3,0,0,0,3,46,0,0,0,1,2
46,0,11,0,10,1,0,0,0,0,2,0,9,0,8,0,0,0,1,0,0,0,0,0,3,2,6,1,0,6,6,6
125,0,2,1,0,2,0,2,4,8,0,0,1,8,0,0,4,5,5,2,0,2,0,0,2,0,9,11,3,0,0,0
54,0,0,14,0,0,6,0,0,3,0,33,4,0,0,0,0,9,0,2,0,3,0,13,0,0,3,0,3,0,2,0
29,0,0,13,9,0,0,0,7,1,44,14,0,0,0,6,0,2,0,6,0,2,3,0,0,0,6,16,0,4,0,0
70,0,0,7,0,0,0,8,0,0,20,0,0,3,6,0,4,2,5,2,0,6,0,0,21,0,45,0,0,2,1,16
0,0,0,6,0,6,2,4,0,0,20,0,0,0,0,0,0,0,0,3,1,0,11,2,14,43,3,0,0,2,0,0
82,5,1,6,34,0,0,5,0,11,16,4,0,8,0,4,0,0,0,5,0,2,25,10,18,7,11,0,11,0,0,0
0,2,5,0,22,31,2,0,8,22,72,1,0,0,4,1,1,0,0,7,8,0,15,0,1,3,0,6,8,14,6,0
0,3,17,3,0,49,0,0,0,34,27,0,8,0,2,0,0,9,0,6,1,0,5,0,6,3,12,0,8,0,2,4
0,0,6,2,0,0,4,0,8,0,11,4,0,0,0,0,0,0,0,0,2,1,4,0,0,0,9,0,0,11,0,0
3,0,0,0,0,6,0,8,0,4,0,2,0,5,0,2,0,4,6,2,0,1,2,7,0,0,4,3,5,6,13,10
10,0,0,2,0,4,0,12,0,0,7,1,0,0,0,2,0,0,0,0,0,0,6,3,2,0,20,0,14,0,0,4
0,1,2,0,3,0,0,10,4,0,8,0,5,0,2,1,9,0,0,0,0,0,0,7,3,3,2,0,8,2,0,5
0,0,0,0,0,0,0,3,1,2,0,0,5,0,0,0,3,10,0,0,5,0,9,0,3,1,0,5,2,1,0,3
1,0,1,2,3,0,0,0,0,0,12,2,4,0,1,0,0,0,8,4,0,1,2,0,4,9,3,0,10,0,0,5
110,0,0,8,0,14,0,0,8,3,12,0,0,1,0,0,0,1,0,0,3,0,0,8,1,0,7,0,0,2,0,13
2,4,3,0,5,0,4,5,0,0,0,2,0,6,2,0,0,5,0,0,6,0,0,0,0,0,0,5,0,0,1,1
0,0,0,0,0,0,0,0,0,0,0,6,0,0,0,3,0,8,0,0,0,0,3,1,1,0,6,0,0,0,1,4
6,0,0,0,2,4,4,0,0,5,8,2,0,13,1,3,0,0,1,0,0,0,4,0,0,0,0,0,2,5,0,0
18,0,16,5,0,7,13,0,5,0,38,2,6,0,2,4,0,2,10,0,0,4,0,0,0,3,7,1,1,0,10,7
22,0,5,10,0,0,0,3,0,0,40,112,0,0,0,1,1,3,0,2,1,0,0,2,0,1,0,0,0,5,0,0
0,0,1,10,0,0,0,11,0,25,43,1,2,7,2,3,0,1,0,9,48,0,6,1,0,0,0,9,0,0,0,11
0,1,0,2,2,2,0,2,0,32,0,4,0,32,34,2,7,0,1,6,7,3,4,0,2,0,0,0,0,0,0,8
136,0,1,0,4,0,0,0,1,20,23,0,19,11,3,38,1,33,6,0,0,0,7,0,0,1,6,2,0,0,0,6
144,0,0,0,4,20,0,0,0,0,8,0,3,0,0,17,0,16,0,6,0,19,0,2,3,3,0,0,12,10,0,0
0,0,0,1,13,0,0,6,0,0,0,4,0,0,0,11,0,3,0,1,2,6,2,0,2,0,5,10,0,11,0,0
28,0,9,5,16,0,15,0,12,0,0,0,0,1,0,0,2,0,8,7,2,0,0,1,0,7,8,0,0,0,0,0
68,0,0,0,0,0,0,0,0,0,15,0,11,0,0,0,3,5,48,0,0,0,4,0,0,0,0,0,1,7,2,11
3,6,12,3,0,0,0,0,8,0,2,4,0,0,0,4,0,3,0,12,0,0,24,0,8,11,1,0,0,4,0,5
142,0,0,12,0,0,0,9,0,0,27,7,7,0,0,4,4,0,7,3,4,16,27,9,7,11,21,0,0,0,0,20
0,0,0,10,0,4,0,0,6,1,12,1,8,4,1,6,0,0,0,0,0,0,5,3,0,4,15,2,4,0,0,0
87,0,0,0,13,0,6,0,2,0,7,2,0,0,0,0,2,0,0,8,0,0,4,3,0,2,3,9,0,2,21,0
0,2,0,0,0,0,0,1,1,0,7,2,9,6,2,0,2,0,0,0,3,4,0,0,0,0,0,0,0,0,2,29
0,0,0,0,0,0,0,0,1,1,0,0,2,7,2,0,0,0,0,0,7,0,8,1,5,0,13,0,5,0,0,0
0,1,0,0,6,0,5,0,5,4,12,25,11,3,0,0,0,0,1,5,8,0,0,0,0,0,7,0,10,5,0,4
0,5,0,0,0,0,0,0,9,2,14,24,0,0,2,0,0,0,0,2,1,5,15,0,4,0,0,24,0,4,0,0
0,0,1,0,0,0,4,0,0,0,8,3,0,0,0,2,1,2,5,0,0,19,0,1,10,8,72,0,4,7,0,0
0,9,0,0,0,16,0,0,0,4,32,0,0,0,5,0,7,0,5,6,2,6,18,1,21,29,1,1,11,9,0,4
0,0,0,8,51,0,18,0,4,3,16,0,0,0,0,14,0,0,1,0,0,4,14,4,21,15,0,0,0,0,0,0
0,0,26,0,17,0,11,0,0,18,56,0,12,0,2,0,1,9,7,0,0,6,0,0,6,0,0,0,16,0,0,0
0,0,29,0,2,31,2,0,0,19,12,56,0,40,6,4,0,10,0,36,0,0,0,0,5,1,0,0,6,0,0,6
39,0,14,9,0,6,0,7,22,20,0,0,11,11,0,6,7,0,14,14,0,26,20,0,8,0,0,0,0,0,0,0
0,0,0,0,13,14,7,0,0,7,0,0,21,0,26,0,7,0,25,6,0,18,0,21,14,0,0,0,10,0,0,0
0,0,0,4,17,0,11,0,0,8,10,0,1,0,18,0,16,11,0,20,10,10,15,0,2,0,22,0,0,4,5,32
0,0,0,17,0,0,5,27,20,0,4,9,0,0,16,36,0,0,0,6,4,18,0,0,12,0,53,0,0,0,1,38
11,0,16,13,16,0,25,0,0,4,0,16,2,0,9,17,0,0,7,16,0,11,10,0,22,0,10,17,0,0,0,0
0,14,0,13,0,0,10,32,23,0,17,0,0,44,29,0,3,0,0,0,0,15,0,16,0,0,21,0,45,30,18,0
