99,0,3,6,5,6,0,0,0,4,0,0,2,1,3,1,5,0,3,0,0,0,6,0,0,0,6,0,1,0,0,19
0,7,0,4,0,0,0,0,0,0,0,0,0,0,0,0,6,1,0,0,0,0,0,2,4,0,2,0,8,10,0,1
0,3,2,5,0,0,0,0,8,9,8,2,0,0,7,0,0,0,10,2,0,0,0,0,0,0,13,8,0,0,0,4
0,2,4,0,2,2,0,0,0,3,4,28,0,0,0,2,8,0,3,2,0,0,0,1,0,0,6,7,10,0,0,0
0,3,0,3,4,4,2,12,1,0,16,1,0,6,0,0,2,1,0,0,0,0,3,11,0,1,7,0,0,7,8,0
7,0,2,0,3,0,5,1,7,0,0,74,0,5,1,6,3,4,2,0,6,5,5,0,11,0,8,0,3,9,0,8
0,0,6,0,0,0,0,0,0,9,5,22,0,11,0,5,1,0,0,4,0,0,1,2,0,0,11,3,4,4,3,6
0,0,4,0,5,0,6,0,0,50,4,24,0,16,0,0,2,2,0,4,0,0,0,5,11,0,0,2,1,4,4,0
122,0,0,0,10,0,0,0,12,54,8,13,21,36,0,29,0,24,35,3,0,0,6,0,0,0,0,0,2,6,9,0
0,11,8,0,0,4,0,0,0,0,6,0,20,7,5,28,0,34,16,1,1,17,3,11,3,5,0,0,7,4,18,0
95,0,0,1,0,0,0,0,0,0,0,0,0,0,0,34,0,10,49,0,4,7,0,0,0,0,0,0,0,0,0,11
0,0,0,0,0,18,0,0,4,1,4,0,0,0,0,0,6,0,5,7,39,16,16,0,5,0,0,0,0,6,4,0
7,20,2,0,0,3,9,3,22,0,0,3,3,5,0,0,6,13,20,0,5,1,0,0,0,2,0,0,0,0,6,0
0,9,0,0,0,5,0,3,0,4,0,0,9,1,0,0,9,20,0,0,11,12,26,10,0,30,0,16,5,17,9,0
97,1,0,1,0,0,0,0,4,0,8,0,16,7,1,0,0,4,0,5,0,0,0,2,4,0,16,0,9,0,0,0
51,0,0,2,2,2,0,3,2,0,8,9,7,0,1,3,0,8,0,0,2,0,9,0,0,0,7,18,4,0,0,0
0,0,0,0,1,0,0,0,0,1,11,0,0,0,5,0,11,0,22,0,23,15,15,0,6,0,0,0,0,0,9,0
0,2,0,0,0,1,0,14,0,0,0,0,0,23,0,0,0,12,0,11,0,0,0,0,20,2,27,5,6,0,8,3
0,6,0,0,22,1,0,0,0,11,3,0,6,0,5,0,0,1,5,10,0,18,0,5,0,6,0,10,0,0,1,0
0,0,2,12,0,7,3,0,1,6,0,22,1,0,7,3,17,17,3,5,0,18,0,37,9,5,0,12,32,0,0,7
0,4,0,0,8,0,0,12,0,15,65,0,12,0,0,13,0,0,0,0,6,29,3,13,12,4,20,55,35,4,3,1
0,0,7,0,0,3,1,0,0,25,0,0,0,5,0,0,0,0,0,20,0,0,0,22,36,3,80,0,8,7,14,17
0,23,24,0,11,11,3,1,4,0,25,19,8,0,0,9,0,0,0,0,0,0,3,0,23,0,0,8,4,2,2,0
97,0,0,14,26,3,36,3,4,2,0,6,14,3,0,0,5,0,1,98,247,66,2,4,9,0,9,0,0,0,6,0
0,11,17,5,26,16,0,0,0,36,32,0,0,0,4,5,0,8,0,84,194,197,13,10,0,0,1,14,5,0,2,0
0,0,7,9,9,13,4,26,0,39,18,60,18,0,0,22,0,7,0,21,86,46,0,0,17,0,6,25,15,0,0,0
0,13,0,0,0,6,0,0,41,4,7,3,0,0,0,2,0,0,26,9,23,0,47,3,7,7,5,0,16,4,0,16
0,3,0,0,8,0,21,5,0,7,0,0,0,0,18,0,11,0,17,0,0,0,2,0,0,0,3,0,25,23,14,23
65,1,23,16,0,1,5,0,0,1,12,0,0,0,0,5,0,2,4,2,12,7,0,0,4,0,0,0,0,13,16,18
1,0,0,2,2,0,1,16,0,1,0,0,0,1,0,30,0,0,0,0,0,4,5,0,14,19,0,9,2,0,0,0
0,0,0,0,15,4,6,0,8,0,1,10,6,0,11,0,0,2,0,25,0,0,0,0,4,0,13,0,0,0,0,20
0,0,5,3,0,8,0,0,0,0,0,0,4,35,0,0,4,0,7,2,0,0,0,4,5,0,11,0,0,0,0,0
104,9,0,0,0,8,11,0,3,0,16,0,0,28,14,0,13,24,17,1,0,0,0,0,1,0,6,0,38,0,10,5
0,0,0,43,0,0,22,15,20,0,7,0,15,7,0,12,0,0,0,0,6,0,0,0,7,0,0,2,0,10,0,6
7,0,15,3,6,9,0,1,0,7,16,8,0,26,0,36,5,0,0,31,30,0,0,0,0,5,8,0,33,0,0,0
32,0,20,0,0,0,54,11,0,0,0,21,0,0,2,0,0,0,16,25,2,5,0,0,0,0,0,2,8,0,12,0
21,0,22,0,0,0,16,26,1,0,30,55,20,0,0,2,0,14,0,0,0,9,0,0,11,14,19,6,23,0,16,0
0,10,11,0,10,0,0,1,0,0,4,94,0,0,0,28,7,1,2,0,0,0,0,3,0,0,0,25,0,0,0,0
54,0,0,0,16,13,9,97,10,9,20,36,0,36,0,26,0,0,1,0,0,0,3,0,0,0,0,4,0,8,0,0
31,0,0,14,0,0,35,0,0,0,0,6,30,14,3,59,10,0,0,0,2,12,3,0,0,4,3,0,3,50,0,23
134,14,0,0,0,46,0,0,9,17,30,24,28,0,13,57,18,0,36,2,9,0,6,0,0,17,0,0,17,0,0,44
0,37,0,0,0,0,18,38,36,0,11,33,8,0,0,1,14,0,103,82,36,11,38,0,9,0,0,13,4,0,0,0
0,0,13,0,0,10,0,0,0,21,0,38,8,27,11,8,0,114,197,194,70,6,35,18,0,0,0,0,0,0,0,0
0,0,0,0,0,0,24,0,66,1,34,0,6,0,0,4,0,162,168,130,0,0,37,9,42,12,0,6,0,13,0,22
133,7,0,0,38,31,4,0,9,2,0,14,0,47,12,0,0,5,0,17,0,0,12,1,0,9,23,0,0,0,55,46
119,0,6,32,0,0,0,41,0,0,0,0,30,0,0,0,1,19,28,3,36,0,43,0,0,22,8,1,0,0,24,9
80,0,0,0,0,4,7,0,17,0,25,0,16,7,18,24,0,0,65,100,202,197,197,16,14,6,0,5,15,0,2,0
0,31,0,0,0,7,4,0,6,12,12,1,2,0,6,0,21,0,67,93,81,198,196,23,0,0,10,0,0,16,19,31
108,0,6,9,35,0,0,0,2,0,0,28,3,18,20,1,0,0,2,0,84,229,65,16,5,0,5,14,13,0,0,28
0,16,21,0,0,19,0,19,0,23,0,0,0,41,5,0,0,23,8,0,0,0,0,2,6,0,36,34,31,3,47,0
92,0,9,0,13,35,8,0,6,14,0,0,0,14,17,0,0,0,0,61,2,0,0,0,4,0,30,3,20,17,0,0
120,4,30,29,0,10,0,0,5,0,24,39,0,0,55,0,8,0,0,7,18,11,18,41,0,10,0,0,0,23,11,0
0,0,0,0,0,22,1,0,0,0,11,0,0,0,22,0,9,3,0,0,1,10,9,3,0,0,10,33,29,19,0,16
19,24,7,0,0,0,25,11,19,14,35,0,0,37,11,0,3,23,0,17,13,0,0,10,47,19,9,0,20,0,17,0
31,19,0,7,0,8,0,0,0,0,0,0,18,0,25,1,1,0,0,0,1,2,9,0,0,33,4,37,0,0,11,8
68,14,15,19,54,0,0,0,0,1,21,6,0,0,0,0,3,11,0,248,219,34,5,0,6,5,3,29,11,8,0,0
67,0,11,6,4,0,0,25,10,0,14,10,6,0,0,0,12,0,38,120,195,197,92,10,0,0,0,13,10,23,18,0
7,14,37,0,0,28,18,22,1,17,0,0,3,12,0,0,32,25,4,46,91,10,0,9,0,0,1,8,0,35,0,0
0,6,29,17,23,18,15,1,0,0,0,0,0,13,0,0,2,5,0,0,25,14,16,0,11,17,18,3,0,0,0,0
14,0,0,6,0,0,0,0,12,0,4,12,0,0,33,22,0,0,9,0,22,0,0,12,18,0,29,0,0,11,3,19
0,15,24,46,29,18,8,0,0,10,27,25,1,0,0,13,0,7,0,0,3,22,8,0,7,7,0,3,0,0,0,23
0,1,23,0,0,33,0,0,13,23,9,0,31,0,15,29,0,0,0,5,6,0,0,0,29,3,38,41,0,40,1,0
0,0,0,0,0,10,22,10,4,0,31,0,11,3,21,0,0,0,0,24,15,0,0,0,0,14,0,0,0,1,5,0
0,8,0,0,17,17,0,28,0,25,0,4,20,6,0,0,0,0,0,0,0,10,0,0,1,0,21,0,0,0,3,9
90,16,2,0,1,0,0,23,2,20,38,1,0,0,0,29,0,0,34,0,0,0,22,0,0,0,21,11,0,32,0,0
0,12,17,2,18,1,1,40,0,5,2,0,0,0,0,0,11,17,0,0,15,0,3,5,7,11,0,0,33,16,0,80
0,0,51,0,0,24,0,0,0,0,0,0,21,20,17,0,35,8,4,0,28,0,0,4,4,0,0,0,13,0,27,0
0,0,0,35,0,0,0,0,3,8,61,12,12,14,11,0,0,0,0,0,0,6,0,2,0,0,0,10,0,45,0,0
0,15,6,16,0,0,6,2,23,14,50,0,25,0,0,11,7,28,0,0,0,0,0,6,23,0,0,19,0,31,9,0
0,31,0,1,0,0,0,0,41,0,0,11,0,7,0,9,12,0,0,0,0,0,0,0,0,0,9,23,35,0,10,8
76,0,23,0,25,54,0,0,5,18,23,237,16,8,0,0,49,5,0,52,0,12,0,0,0,8,0,0,0,0,0,0
0,0,0,10,0,4,20,0,8,23,99,196,16,45,17,0,14,0,0,36,16,0,1,6,0,0,0,0,0,16,16,26
0,0,0,19,0,12,0,6,1,13,195,198,114,20,0,14,0,2,32,0,9,0,3,0,0,8,12,35,7,0,18,1
50,17,0,20,0,0,0,5,2,0,158,77,0,0,10,0,0,10,6,0,16,5,1,0,7,0,3,12,0,0,0,0
0,11,0,10,0,0,0,17,45,0,9,0,23,0,0,0,12,148,238,0,0,37,0,0,39,0,7,2,15,0,61,53
70,2,0,0,0,23,2,10,0,0,33,0,36,8,21,168,195,197,188,0,12,0,15,0,0,3,78,13,43,0,0,2
0,16,0,15,9,0,16,0,0,1,0,55,0,0,0,193,196,195,80,0,17,7,8,12,0,12,22,17,13,20,0,19
0,37,0,43,0,0,0,38,29,0,50,0,0,21,0,30,223,34,52,0,0,0,62,3,11,14,20,0,0,0,0,0
34,0,0,0,0,11,3,0,0,0,0,11,1,0,0,15,0,0,0,38,9,22,61,0,38,37,9,0,7,0,3,79
65,0,0,21,18,0,26,30,49,0,20,18,1,0,0,0,0,10,13,16,55,54,30,0,0,0,0,23,23,0,0,26
0,0,0,21,0,0,0,0,9,7,3,10,8,0,1,49,0,0,3,0,10,17,18,14,19,4,0,0,8,8,10,26
0,0,0,17,0,0,5,0,17,0,38,0,0,41,0,0,35,6,0,0,9,7,0,2,0,0,10,0,0,0,5,9
103,0,32,0,0,18,0,0,41,0,11,16,10,0,11,50,33,0,7,12,11,9,12,0,0,0,0,29,2,23,0,25
53,0,0,56,0,0,53,11,23,3,0,17,14,0,25,0,0,11,0,0,40,0,0,23,0,22,0,0,34,19,22,10
14,0,0,0,0,7,10,3,0,0,0,0,0,0,0,1,0,0,0,0,0,0,16,11,8,41,0,35,51,13,39,2
118,23,18,0,0,4,14,30,6,0,0,2,0,0,0,9,37,0,4,1,8,6,0,0,3,23,1,0,10,0,0,1
56,0,5,12,14,1,9,31,0,3,0,0,0,4,0,0,0,0,0,13,0,0,20,0,26,0,0,31,0,47,21,0
67,50,13,0,36,14,33,23,21,0,0,12,0,20,0,0,44,0,1,39,0,0,0,23,10,0,7,11,24,0,20,0
0,0,32,19,36,0,22,0,0,24,0,4,0,4,16,0,7,0,1,0,10,0,1,0,0,0,7,0,0,0,0,22
0,0,0,27,0,0,0,0,12,8,0,34,8,3,0,0,0,0,7,6,1,0,0,15,19,8,0,7,0,0,0,41
81,20,0,5,15,8,0,0,27,0,0,18,0,0,0,0,12,0,0,16,8,2,18,0,0,0,0,21,0,0,28,0
0,0,0,2,12,0,12,0,19,0,1,27,0,0,0,4,0,0,0,0,0,22,0,5,19,0,0,0,9,0,0,0
7,9,0,6,0,0,0,0,0,9,0,0,3,0,0,0,0,0,0,0,10,0,30,5,18,0,22,0,0,17,10,18
0,0,0,13,11,27,0,9,11,3,0,19,0,0,0,11,0,19,13,0,7,2,4,0,0,4,26,12,0,7,0,1
0,0,4,16,0,0,0,0,0,0,0,0,8,3,2,0,0,0,0,0,4,0,3,19,16,2,0,8,0,0,0,27
0,0,12,0,0,8,16,0,0,0,4,1,0,13,0,12,8,3,32,1,12,0,0,0,24,11,31,17,0,0,0,0
112,0,5,26,14,11,0,0,0,0,0,0,0,0,3,20,0,0,6,0,0,9,0,6,0,2,30,6,0,0,0,2
0,0,0,0,1,0,0,14,14,0,0,7,0,0,6,5,0,1,12,11,1,0,13,20,7,0,2,0,17,4,0,19
19,0,0,24,0,0,0,13,11,0,11,14,11,0,4,9,5,0,0,7,0,0,0,1,0,0,17,0,4,1,0,30
5,17,9,2,24,0,0,3,0,9,0,0,0,9,0,5,5,0,0,1,0,22,7,0,11,0,27,0,17,5,10,1
12,0,14,9,0,5,9,0,16,0,15,21,0,22,0,0,5,0,3,0,1,9,0,0,0,7,13,0,0,1,0,9
9,0,0,4,17,0,0,0,11,2,18,72,0,0,0,4,0,4,5,1,6,5,11,0,16,0,0,0,0,1,14,0
5,5,0,25,0,0,0,0,1,7,44,16,0,39,0,0,0,0,16,3,19,3,25,0,7,0,7,2,0,0,2,16
0,0,0,12,0,0,3,0,13,0,204,181,7,8,7,19,15,0,0,0,0,13,7,0,8,2,17,4,2,12,0,10
104,0,11,0,5,0,0,1,5,23,225,124,9,3,0,27,0,18,31,13,12,0,1,0,2,1,6,9,9,13,0,22
0,0,21,7,2,20,19,0,7,0,15,0,0,6,0,0,6,23,8,3,0,14,0,0,0,0,2,0,2,8,0,3
0,0,0,5,7,2,0,6,0,2,0,17,0,0,0,0,12,0,0,0,14,15,18,6,0,0,0,0,0,7,0,10
0,0,4,2,0,0,0,15,13,16,7,2,0,4,0,14,22,0,23,1,2,0,17,0,13,15,14,0,0,0,0,21
87,0,0,0,11,0,13,5,1,5,4,7,0,0,0,9,14,2,56,5,9,0,3,0,1,0,0,14,0,0,0,0
0,5,0,10,0,0,7,13,10,0,0,0,10,0,0,11,0,0,10,8,4,0,13,8,0,9,0,1,0,1,0,13
8,1,0,0,0,4,4,0,0,0,0,6,2,0,2,6,0,0,11,7,0,6,23,0,0,14,0,2,0,0,0,9
69,0,0,12,0,0,0,4,0,9,0,0,7,5,1,0,0,3,0,4,27,7,12,0,8,0,6,12,2,1,0,0
0,7,0,0,0,0,14,1,0,0,0,10,0,2,3,4,0,1,40,0,5,0,4,2,7,0,0,0,0,8,0,1
18,0,2,0,7,0,0,0,2,0,0,0,0,0,4,0,0,5,0,0,2,1,5,2,0,5,6,0,0,6,5,0
0,0,0,0,14,3,0,0,0,0,0,0,4,0,1,11,0,0,0,0,12,17,11,0,0,0,0,4,3,0,7,21
0,4,0,0,0,6,7,3,8,0,4,0,0,4,0,0,0,11,0,6,0,6,0,6,5,16,0,0,38,0,0,8
57,0,0,0,0,9,10,0,5,0,42,2,5,4,0,0,0,2,0,0,0,0,0,5,0,33,2,37,48,0,0,0
0,0,9,0,3,10,12,0,0,0,5,0,2,0,3,0,6,2,0,5,9,16,17,12,3,0,1,0,0,0,9,0
0,0,1,12,4,0,3,6,0,5,5,0,1,0,0,5,0,9,0,0,0,5,4,9,19,0,8,5,3,0,0,0
72,0,0,7,0,0,34,10,8,1,0,8,0,6,0,0,0,12,0,0,3,0,31,1,1,8,0,0,0,5,0,0
0,19,3,15,26,19,14,0,0,39,10,1,0,0,0,0,0,5,0,9,0,5,4,0,6,5,1,16,0,0,0,0
0,3,0,16,2,32,0,16,0,25,0,67,16,0,0,6,0,0,2,0,0,0,0,1,0,0,0,19,0,0,5,0
57,0,0,5,0,0,2,1,0,0,0,0,0,0,3,0,2,0,1,0,0,2,2,0,0,0,3,0,0,11,13,13
0,0,0,0,0,0,4,0,0,2,7,0,13,6,7,0,0,4,1,2,0,2,0,1,0,0,2,6,2,0,11,0
31,1,20,0,13,0,8,0,0,2,0,0,7,1,6,0,8,0,3,3,0,1,0,1,0,2,0,0,0,0,0,3
0,0,0,2,0,0,0,3,5,0,0,7,0,0,0,0,4,1,0,3,0,2,0,1,3,0,2,0,12,0,11,6
8,0,7,10,9,0,7,0,0,0,12,0,0,0,5,2,0,0,8,11,6,0,0,4,0,0,0,5,1,0,0,0
0,0,5,7,17,0,3,1,9,2,0,7,0,0,0,3,0,5,4,1,3,3,0,0,6,7,3,5,2,0,0,13
107,0,3,0,0,0,0,0,0,0,6,2,0,0,0,14,0,0,0,1,6,0,0,4,0,0,0,0,0,9,0,0
3,1,0,0,1,0,0,0,0,5,0,0,0,0,0,0,0,0,0,0,0,3,0,0,3,3,1,0,1,0,5,0
0,0,0,0,0,0,6,0,5,0,0,7,5,0,4,2,3,0,2,1,0,0,0,0,0,0,0,0,0,5,3,0
1,1,0,8,2,0,2,8,7,2,24,20,0,0,4,0,7,0,5,0,0,0,1,0,2,5,3,0,11,6,0,0
7,3,0,0,1,0,0,3,3,0,20,22,0,0,0,3,0,2,0,2,0,0,6,2,0,2,0,1,0,0,1,16
0,0,1,5,0,4,0,0,0,6,14,69,0,6,2,0,3,0,4,0,0,6,0,0,0,0,5,0,0,3,0,12
75,0,0,0,0,0,0,0,0,23,17,12,32,1,0,0,0,0,7,10,0,8,0,3,2,5,3,0,1,10,0,0
25,0,9,6,0,0,1,0,6,37,0,0,0,52,0,0,0,0,5,10,0,0,0,4,0,6,0,6,0,1,0,0
129,5,0,0,9,0,0,19,13,46,22,39,29,37,0,1,0,7,36,4,3,0,2,2,0,5,0,0,0,0,0,0
12,7,12,0,2,0,1,2,0,2,2,0,0,3,0,17,0,22,4,6,0,13,4,0,0,2,0,1,0,3,9,0
0,2,1,3,2,0,1,0,9,2,0,0,0,7,0,39,37,9,2,0,1,6,3,0,0,12,0,3,0,0,0,9
137,3,4,0,0,2,1,21,0,0,7,0,13,1,3,0,29,6,11,0,1,0,1,0,8,3,0,4,0,0,9,0
0,0,0,0,0,0,3,0,0,0,13,6,0,4,2,3,9,0,72,4,8,1,0,0,0,0,0,0,0,10,3,0
0,0,8,0,18,7,0,0,0,14,0,0,0,17,0,4,17,0,16,0,7,0,20,10,0,20,9,0,0,0,0,16
25,16,0,0,0,2,0,0,17,0,0,14,0,0,15,6,7,0,14,0,6,0,8,0,0,11,3,0,2,4,0,0
19,0,3,7,1,4,0,0,4,0,0,0,0,0,4,0,1,14,0,0,0,0,0,0,16,3,0,0,10,0,0,19
0,9,0,5,0,0,6,17,0,0,8,7,0,0,1,14,4,0,0,0,11,24,27,0,9,0,0,20,13,0,0,0
43,9,0,4,19,1,22,0,14,0,21,8,0,14,0,0,9,0,10,0,9,12,0,18,0,0,0,0,0,0,0,0
104,4,12,1,0,1,0,4,9,0,6,2,1,0,0,1,0,7,0,16,0,0,2,3,2,0,2,0,0,6,6,14
9,9,9,0,4,0,0,8,0,2,0,0,8,0,0,0,0,21,3,0,34,35,0,0,7,0,0,0,58,16,5,0
0,0,16,0,2,19,8,11,3,0,35,20,0,9,0,0,8,0,14,37,3,0,8,0,0,33,0,23,0,0,0,5
50,0,0,0,0,28,7,0,0,8,35,0,0,0,0,4,0,21,0,3,0,0,29,8,51,23,5,0,10,5,0,0
6,0,11,0,0,3,0,6,0,5,31,1,0,5,0,15,0,7,0,0,27,3,16,0,15,0,5,0,30,0,0,3
21,0,0,0,7,15,3,34,1,0,0,0,0,18,1,3,2,0,0,63,205,6,0,0,0,0,46,7,25,0,12,16
0,11,10,19,10,16,0,0,7,21,3,0,14,10,7,0,0,11,23,188,191,157,25,9,14,0,0,1,0,0,0,7
0,27,11,0,2,38,0,10,0,46,11,69,27,4,10,0,10,1,94,173,193,29,0,0,5,0,13,0,11,13,14,0
30,4,0,7,21,0,0,0,0,0,0,3,0,0,0,9,14,0,1,15,20,0,0,0,0,0,0,16,0,0,11,0
0,0,12,21,11,0,3,0,0,7,1,0,0,7,0,0,18,19,0,0,12,0,5,3,0,0,0,0,0,0,18,0
28,2,0,0,0,0,8,0,0,0,0,0,1,4,2,0,5,8,0,0,42,4,0,0,0,0,0,0,1,0,5,0
0,1,0,0,9,0,12,0,8,0,12,24,0,0,0,10,9,0,18,6,5,0,3,0,0,3,0,0,0,7,0,21
0,0,2,2,0,0,0,17,26,23,20,4,5,3,0,0,0,23,0,27,0,8,5,0,12,0,8,1,20,0,0,0
2,16,4,0,0,0,0,0,4,0,13,0,0,0,0,11,21,5,12,26,40,2,0,0,0,0,22,0,0,3,4,12
138,3,0,18,24,37,0,0,22,28,12,0,0,0,0,20,10,16,0,0,0,0,0,16,10,0,6,21,2,0,0,0
42,0,9,8,0,0,8,4,0,0,0,9,0,0,0,8,0,20,10,18,3,0,0,0,0,0,0,1,33,0,7,7
14,1,0,0,0,0,13,0,0,0,28,0,0,4,15,0,6,8,0,0,0,0,0,0,18,0,0,4,7,34,23,0
0,4,4,1,3,6,0,14,0,0,6,33,0,6,0,0,2,3,11,8,24,8,0,4,3,2,0,9,0,10,14,2
0,31,15,0,0,0,10,17,7,34,28,0,2,29,0,0,1,0,6,39,0,0,24,3,0,0,0,0,0,14,19,36
15,0,0,19,0,0,0,26,0,0,55,27,0,23,7,0,0,18,7,4,16,0,20,0,19,0,21,0,10,0,0,0
0,0,0,0,23,0,16,7,0,0,4,25,0,37,0,0,3,21,0,12,0,5,0,0,0,0,29,0,18,0,20,35
0,0,14,0,16,38,1,0,15,25,69,8,2,13,22,2,0,11,22,0,8,37,34,3,0,29,0,16,0,0,22,54
107,0,0,0,0,7,0,20,6,0,23,0,15,29,0,50,0,0,6,0,7,16,8,0,3,24,0,19,1,0,0,0
13,0,14,0,0,16,0,0,0,7,18,0,34,10,30,0,19,45,0,0,17,0,0,0,2,19,0,0,0,6,0,45
0,0,1,3,0,0,0,0,0,32,12,13,0,0,1,20,17,0,24,54,0,4,0,27,0,0,35,0,13,0,16,0
0,0,1,0,0,1,0,0,38,0,0,21,34,6,26,23,0,236,224,147,10,31,38,4,0,13,4,0,2,21,0,56
111,43,28,36,30,7,10,0,0,32,0,23,0,0,0,0,0,94,17,0,0,0,0,0,0,0,0,1,60,0,47,0
16,0,0,21,0,0,0,58,24,0,50,10,17,0,10,10,31,24,97,119,196,189,130,10,0,0,0,3,18,17,0,28
0,0,5,7,0,0,5,0,0,3,0,23,0,0,13,13,0,0,208,174,196,192,144,4,6,4,3,0,21,0,0,9
0,0,5,6,0,22,0,34,33,5,0,2,0,0,0,3,1,22,2,72,46,243,0,0,0,0,0,2,0,0,12,11
0,0,8,21,4,33,0,0,11,21,0,12,14,0,20,0,0,28,13,0,14,0,13,20,0,0,3,57,25,0,40,0
0,24,21,0,0,6,0,0,0,15,42,1,25,0,12,0,35,21,49,0,0,0,0,3,1,0,25,0,5,0,29,24
0,0,0,0,0,0,0,0,3,32,0,0,0,0,0,2,0,0,0,25,0,39,0,0,14,0,0,0,0,0,4,13
0,0,21,0,0,35,46,16,0,0,12,15,0,13,0,6,0,0,0,0,0,25,29,0,0,27,0,0,21,12,0,28
0,0,0,0,0,0,12,1,15,0,29,0,5,24,0,0,8,23,5,0,16,0,0,0,7,26,0,40,25,0,0,0
64,4,0,7,0,0,4,45,0,0,51,50,0,4,0,19,0,0,19,2,33,0,19,0,27,31,35,0,0,0,0,34
28,0,0,9,0,0,0,17,1,0,36,0,6,17,26,0,0,0,0,0,10,0,0,0,23,12,11,1,0,0,12,5
0,0,25,0,39,21,0,13,0,12,59,2,0,18,0,30,4,3,83,159,158,0,0,0,0,0,0,6,21,0,0,22
0,18,0,0,0,12,0,12,0,41,39,23,0,0,0,31,29,152,190,196,197,82,80,0,0,0,49,0,2,16,11,0
25,25,11,0,28,35,29,0,16,18,0,33,0,0,1,6,0,4,169,28,43,7,0,0,0,41,0,18,10,0,18,0
0,0,0,21,0,11,16,16,22,0,0,6,9,0,28,19,0,20,11,0,0,0,0,19,0,0,10,16,0,12,15,0
0,0,0,0,17,8,10,0,33,0,0,36,0,8,21,18,0,0,0,27,2,5,0,25,12,0,0,12,0,8,7,0
0,0,9,18,0,6,0,15,32,10,0,0,17,10,0,4,10,0,0,9,7,0,0,17,0,0,6,0,23,16,0,0
16,18,1,0,5,10,0,18,0,18,0,16,0,6,31,0,0,6,0,12,0,0,22,0,1,0,0,1,0,0,17,26
4,10,17,0,16,5,21,20,6,0,0,0,0,0,0,2,0,0,5,0,13,2,5,8,12,0,0,0,0,6,0,3
23,0,36,28,0,23,15,25,0,1,0,24,4,0,0,26,0,0,0,14,0,0,7,19,0,0,0,9,0,16,0,0
124,22,0,12,0,8,44,0,0,0,24,21,0,0,0,0,0,0,26,36,33,0,11,7,0,0,23,0,8,9,9,0
1,17,0,0,53,0,0,0,0,4,17,1,0,0,12,2,4,0,4,0,0,10,0,8,6,0,0,32,3,15,0,4
9,0,0,19,6,3,0,25,0,17,2,0,0,0,3,0,17,0,0,7,31,15,24,0,2,0,0,0,0,5,5,0
0,0,0,31,0,0,0,8,0,6,0,5,0,0,15,0,12,4,0,0,0,14,0,0,7,0,0,24,7,8,0,0
0,32,0,4,0,0,6,0,4,13,15,0,0,0,11,0,4,0,8,0,10,0,10,0,0,0,23,0,0,0,18,0
0,9,0,19,28,22,0,0,0,0,76,90,0,0,0,0,0,9,0,11,0,0,19,28,0,21,0,0,0,9,0,12
84,0,22,0,20,0,0,6,0,208,190,248,0,0,0,0,0,31,0,10,0,0,10,39,0,32,0,0,0,7,32,0
0,0,0,23,0,0,10,0,12,52,191,178,0,0,0,0,0,0,17,52,0,0,18,0,13,18,0,0,0,0,0,14
0,2,0,46,0,0,0,17,0,253,151,1,0,16,0,22,0,0,5,0,15,11,10,0,6,4,0,10,0,0,0,0
52,0,0,34,30,16,25,0,16,21,0,0,3,3,0,0,0,0,0,0,0,0,7,0,0,11,21,0,0,10,8,0
0,15,0,0,0,0,38,0,16,14,0,0,16,29,0,0,15,186,93,9,34,0,21,19,0,0,0,0,0,0,8,0
21,0,22,0,0,23,0,0,0,29,0,34,0,0,0,68,196,197,187,0,0,30,12,22,0,3,0,0,0,14,5,21
0,23,17,0,8,0,0,0,0,0,7,0,0,59,13,188,192,197,77,0,9,113,3,7,0,0,0,11,0,0,0,0
0,2,0,0,5,18,31,0,41,0,22,0,6,0,0,27,95,1,25,5,222,192,206,6,0,8,0,0,18,9,0,3
67,0,21,7,23,0,35,63,0,0,5,0,3,0,11,18,5,13,0,0,200,141,131,0,48,0,49,12,0,1,0,51
55,0,0,1,0,13,0,21,0,0,0,0,0,0,0,22,0,0,30,30,44,17,0,16,0,1,0,0,0,0,30,54
45,0,5,4,5,13,14,0,0,23,32,0,10,0,14,0,0,0,0,2,0,0,7,0,9,14,0,0,0,0,14,30
0,10,9,0,3,0,2,1,0,13,24,0,0,9,0,0,26,21,0,0,0,0,1,1,0,5,0,8,15,15,0,46
0,0,25,11,0,0,0,0,0,10,12,1,0,16,5,5,0,5,46,24,28,0,12,31,1,0,0,20,5,30,20,8
0,48,0,0,8,68,53,0,0,15,0,0,0,14,0,4,0,9,0,46,20,0,13,26,0,0,22,0,36,0,21,0
38,0,14,5,20,0,1,17,0,12,0,12,0,30,14,0,0,0,0,0,14,25,9,20,6,27,0,1,22,9,5,0
141,12,0,8,0,6,22,0,0,1,51,26,48,0,2,0,8,6,0,0,19,2,0,9,26,0,0,30,19,4,5,16
0,16,0,17,8,0,0,0,5,0,41,38,0,18,9,0,0,0,0,0,1,0,0,16,13,0,0,18,0,2,26,0
66,0,67,0,52,0,12,0,0,18,19,0,0,25,0,0,6,0,0,57,23,26,16,0,8,3,0,0,0,0,0,0
0,2,1,0,2,23,22,0,17,9,76,0,9,7,9,0,0,0,0,8,0,0,1,0,0,0,6,0,7,0,0,0
60,18,0,28,7,14,6,7,0,18,0,0,1,0,0,39,12,32,0,25,25,0,20,0,29,19,0,11,30,0,0,40
0,2,4,0,0,0,0,0,0,4,25,24,4,0,23,0,0,0,37,11,0,0,5,1,14,0,0,0,0,26,11,0
0,6,8,0,11,18,5,0,0,21,0,0,16,0,17,2,0,22,0,0,2,0,0,25,33,7,43,0,43,12,23,0
0,0,0,13,0,0,0,26,0,1,12,0,0,8,0,1,0,6,4,0,10,12,11,0,15,1,14,0,0,6,0,0
0,30,0,25,27,18,1,0,15,17,0,2,5,17,0,14,30,30,0,16,16,20,48,0,0,16,27,4,0,6,1,0
0,16,17,12,26,29,0,0,0,35,0,19,9,1,12,0,0,0,0,20,0,12,14,17,0,5,0,0,16,20,12,0
38,13,0,33,0,0,0,0,0,18,0,20,0,0,21,8,14,0,18,10,25,19,4,22,0,0,17,0,0,15,13,2
96,0,0,0,8,0,0,0,0,0,0,0,0,0,0,0,12,16,0,0,0,0,0,11,9,0,1,0,0,0,4,21
0,0,0,15,24,0,5,35,10,2,0,27,0,0,0,0,0,0,0,2,0,8,0,0,0,5,18,12,0,9,0,6
12,0,4,3,2,0,0,22,0,5,0,8,0,10,0,0,11,1,16,0,4,0,0,3,0,12,0,1,0,20,0,4
13,0,10,0,22,0,0,8,6,0,0,4,6,17,0,0,5,0,0,5,0,0,9,6,9,10,4,0,0,0,12,5
0,0,10,0,11,0,10,16,13,12,0,10,0,0,8,0,0,4,0,0,0,0,0,10,0,0,8,2,4,0,0,0
29,0,0,14,3,0,0,8,18,0,35,45,10,0,0,0,0,5,0,0,1,1,0,1,11,0,0,5,0,19,0,0
29,0,0,21,5,0,14,0,6,217,152,0,2,28,0,0,18,0,0,16,0,0,28,1,0,8,14,1,9,0,0,7
99,0,0,2,0,0,0,0,23,196,109,13,11,0,2,5,9,9,0,0,3,11,28,4,16,0,3,0,3,0,7,0
125,0,0,0,7,0,0,0,5,147,0,9,7,0,0,17,0,18,19,16,2,3,0,8,14,16,0,0,0,0,1,2
163,13,6,3,20,4,0,0,0,23,0,0,3,46,15,0,16,0,7,0,8,1,5,2,0,0,2,21,23,7,28,0
9,11,13,0,26,17,9,0,0,0,15,0,4,5,0,22,23,9,11,2,0,0,0,0,0,3,18,0,13,10,12,0
48,0,16,5,0,3,11,1,13,0,0,1,0,11,0,10,16,19,21,0,7,6,0,0,13,7,0,0,18,0,0,4
85,0,0,8,0,0,0,15,0,0,0,0,4,0,0,0,14,0,43,17,0,7,13,0,0,1,0,2,0,7,0,0
142,0,21,0,0,20,0,0,11,0,0,13,3,0,0,11,0,3,16,6,19,0,28,6,0,30,0,0,0,8,5,0
0,1,12,2,0,0,0,1,0,0,0,8,8,0,3,0,5,2,16,0,53,18,6,11,14,0,16,0,8,12,9,8
0,3,6,0,13,0,0,0,0,0,2,1,0,0,1,0,0,1,0,0,13,0,8,7,0,0,7,5,1,0,6,0
55,5,7,2,4,0,2,0,0,3,1,0,0,0,0,0,12,2,53,1,24,5,19,8,0,0,0,0,5,0,2,0
48,23,0,0,10,8,0,0,0,6,0,11,1,0,3,4,6,1,4,0,0,0,0,0,0,8,0,0,9,0,0,0
0,0,0,16,5,0,7,3,9,1,1,0,0,5,0,8,8,0,8,0,10,18,5,6,10,0,0,10,0,2,0,0
0,0,0,0,1,0,0,0,0,0,2,3,1,0,0,10,0,0,0,2,0,16,3,0,8,3,9,0,29,0,0,0
55,0,0,1,0,0,0,7,0,3,8,0,0,3,0,0,0,0,5,0,7,8,0,1,7,18,22,22,43,0,8,13
34,1,0,4,11,7,11,0,0,4,8,0,1,4,0,0,1,0,2,7,3,0,0,7,0,14,44,0,4,11,0,1
0,0,0,8,0,0,0,8,13,0,25,17,4,0,1,2,0,0,0,0,0,8,0,0,12,0,20,6,9,4,0,5
0,5,3,5,18,6,39,0,0,4,13,0,1,3,5,1,0,2,2,26,2,0,36,0,3,0,0,0,0,0,0,0
0,12,3,0,16,14,0,2,0,37,22,5,0,0,0,11,5,0,1,0,3,0,0,1,0,1,4,7,0,2,0,0
0,0,0,11,1,0,0,0,0,19,3,46,2,0,5,7,5,4,0,6,0,0,2,11,5,10,8,0,1,0,0,0
0,0,0,0,0,0,0,0,0,6,0,0,0,7,4,0,0,0,0,6,1,0,0,4,0,0,0,0,1,0,6,8
0,0,1,1,1,0,0,0,2,7,1,3,0,0,3,0,5,0,2,2,0,1,0,1,2,2,7,5,0,0,0,0
0,3,3,0,2,5,0,0,0,0,0,0,0,0,0,8,0,3,0,0,0,0,0,0,0,7,0,3,2,0,0,0
14,0,0,7,7,0,0,9,0,2,0,0,0,1,0,0,0,0,5,10,0,0,4,0,0,2,9,9,4,0,0,6
4,10,0,0,0,0,0,0,0,0,2,3,4,0,8,5,9,2,0,0,3,1,7,0,9,0,8,1,7,0,12,0
1,4,4,8,4,0,7,4,5,0,5,7,0,4,2,2,0,7,0,1,6,1,1,0,2,11,0,4,12,0,0,0
45,0,3,2,4,0,4,0,0,0,9,2,0,0,0,0,5,3,0,7,0,0,0,7,1,10,0,0,0,3,1,14
0,3,0,4,7,0,0,1,9,4,7,0,0,0,0,6,3,0,2,5,0,4,5,0,0,0,11,0,5,2,0,0
0,0,0,0,0,0,0,12,0,1,0,0,1,0,0,8,0,8,0,9,2,3,7,11,5,0,11,5,0,0,0,20
0,0,4,5,0,0,0,6,6,2,7,0,0,0,0,6,0,0,2,3,0,4,3,0,4,5,0,0,0,0,0,0
0,9,0,0,0,0,0,11,0,1,16,32,0,0,2,3,3,0,0,0,0,0,0,2,0,0,1,0,0,1,0,3
0,0,18,0,5,0,0,0,0,0,4,103,0,3,0,0,5,0,0,0,0,0,0,0,0,0,0,5,0,0,5,2
58,0,0,6,2,0,5,5,0,0,20,7,0,9,8,0,0,0,0,0,0,6,0,0,4,0,0,0,0,8,0,2
0,0,8,0,13,19,4,0,0,42,20,8,0,44,4,0,7,0,0,7,0,11,0,0,0,0,0,2,0,13,0,6
0,6,0,0,0,8,0,0,4,42,23,8,34,2,4,0,16,21,44,0,5,1,9,0,0,1,0,3,3,0,5,5
137,1,4,2,0,1,0,0,0,0,0,0,0,4,5,20,1,27,0,2,0,14,0,0,0,0,11,0,0,5,0,0
32,0,0,0,0,0,2,0,5,4,6,6,0,1,0,33,31,20,31,0,3,6,6,4,0,3,19,10,8,0,0,0
0,2,0,0,0,3,0,0,0,10,0,0,0,5,8,0,15,6,0,4,1,0,0,0,0,0,1,8,8,2,9,7
0,5,0,3,0,1,0,0,0,6,0,0,1,2,0,16,2,7,63,9,0,0,0,0,0,4,0,11,0,0,4,11
0,3,1,7,0,7,0,4,2,0,0,0,0,0,3,33,5,2,5,0,22,0,22,0,0,25,0,0,8,0,0,0
35,0,0,0,0,2,0,0,4,0,0,0,6,1,0,0,0,2,3,0,6,16,4,0,11,0,0,1,3,6,12,0
59,5,0,0,0,6,6,0,0,0,0,2,0,6,0,6,0,0,2,0,2,3,0,0,12,11,14,6,0,0,0,9
72,11,0,11,0,0,0,7,3,0,24,0,11,5,11,3,9,0,0,0,18,0,22,0,12,2,31,0,1,4,0,0
0,0,18,10,0,0,0,1,0,13,1,16,0,14,0,0,0,0,30,3,17,22,12,2,16,0,14,0,0,5,0,0
0,16,0,0,10,0,0,0,0,0,12,5,13,24,0,0,11,15,0,5,6,4,4,2,10,2,0,8,0,1,16,0
14,0,8,21,0,16,0,0,0,18,0,3,0,0,24,4,0,1,42,0,16,8,8,0,5,16,0,0,23,0,0,0
115,0,8,0,14,5,0,5,0,6,4,25,0,0,0,6,4,2,10,0,12,16,5,0,3,18,2,23,36,2,0,0
0,2,0,19,1,0,0,0,6,0,2,0,0,2,20,13,0,4,4,0,0,0,0,0,17,22,64,0,3,0,0,0
0,7,0,7,12,0,9,0,0,15,22,0,10,5,8,0,3,9,0,19,9,13,16,0,17,0,25,1,20,2,0,0
0,0,0,11,16,0,21,19,7,0,7,6,0,0,0,5,0,8,197,189,15,0,31,0,20,6,19,10,13,0,0,24
0,0,0,40,0,0,0,9,0,7,20,25,0,3,0,8,0,122,197,32,0,8,5,3,0,0,0,7,11,0,0,0
0,0,1,0,6,42,0,0,7,32,0,86,0,9,5,0,11,3,0,6,0,2,24,0,0,1,1,4,0,0,2,0
39,5,0,1,5,4,8,0,2,4,7,6,0,11,5,0,0,9,3,0,0,4,11,6,0,0,0,0,22,0,4,0
4,0,4,16,0,0,7,0,1,0,14,3,36,0,12,28,0,0,4,0,12,31,24,0,0,4,0,16,0,7,0,0
0,0,0,10,12,6,2,2,0,0,15,7,0,0,0,24,0,0,2,2,0,8,6,0,0,10,0,0,0,0,0,7
0,0,0,10,6,17,0,7,4,10,0,2,0,0,0,17,0,4,0,0,0,0,17,1,0,0,0,0,0,0,0,14
0,7,2,0,3,0,0,0,0,1,0,1,0,0,16,0,8,0,0,14,3,0,0,1,0,0,0,17,0,8,16,0
23,0,6,4,0,10,0,17,0,0,0,12,1,0,12,4,3,10,0,14,0,0,15,0,0,21,0,0,0,6,5,0
111,0,0,0,0,8,9,0,22,0,0,5,0,0,0,35,54,0,35,0,8,39,18,0,8,3,0,6,1,0,0,0
12,0,41,14,0,0,7,18,16,3,33,0,0,40,5,0,8,0,2,0,4,3,6,2,0,0,0,9,0,0,0,9
0,0,0,7,0,0,0,6,40,0,0,16,0,0,12,0,0,7,16,0,12,0,7,13,9,0,29,0,0,26,0,0
0,0,10,0,0,0,4,6,0,0,72,1,0,0,0,15,20,11,0,0,0,17,1,0,9,5,0,0,4,0,0,10
0,3,0,0,0,8,32,13,8,0,54,9,2,0,0,21,0,11,3,0,0,0,4,4,0,0,0,0,0,0,10,0
0,0,0,5,0,1,0,0,0,3,16,57,0,41,0,21,0,0,0,0,11,7,0,7,12,29,33,36,15,0,6,0
51,0,16,30,0,0,0,0,0,0,0,0,0,32,0,0,8,0,0,0,0,2,0,12,0,0,0,0,0,0,0,0
0,0,10,4,0,5,14,2,0,9,13,28,0,22,1,0,5,0,0,2,0,1,13,25,12,4,8,3,0,0,25,0
0,14,0,8,0,0,0,0,9,0,26,28,0,0,3,0,20,251,4,1,3,0,6,0,20,9,0,0,19,4,0,0
7,0,3,33,9,0,9,1,0,0,0,14,22,0,0,18,188,221,37,0,0,0,8,0,12,0,9,14,0,0,0,45
0,25,2,0,5,21,9,0,0,3,51,0,6,0,18,42,198,211,0,0,0,0,8,9,14,0,8,8,39,0,39,0
0,4,0,0,7,6,0,0,0,0,0,32,0,0,0,0,18,0,0,0,0,22,0,0,4,14,2,11,7,0,40,0
0,0,0,0,52,2,0,9,0,2,1,16,0,4,0,0,9,50,122,195,176,23,0,8,6,0,0,2,0,0,0,0
87,0,0,1,3,0,0,0,10,29,28,0,27,37,23,0,91,154,191,196,197,0,49,17,30,4,42,0,19,16,13,2
74,0,36,0,30,34,24,0,30,12,0,0,8,0,0,0,21,0,134,194,76,0,0,18,0,0,0,0,0,49,10,0
14,2,40,12,19,0,0,44,0,2,0,0,25,0,0,11,0,11,0,0,9,30,12,0,5,0,0,7,0,0,5,38
0,9,0,0,13,18,0,0,14,0,0,0,0,0,0,0,13,1,8,1,8,13,17,0,10,1,0,6,0,0,0,0
0,0,0,0,2,0,10,12,0,23,0,14,0,0,0,14,16,0,0,29,9,44,1,4,43,1,0,1,0,0,5,25
0,0,0,38,6,0,14,10,25,0,19,16,0,0,25,25,15,12,0,0,16,22,0,20,27,0,37,21,0,0,0,34
12,0,0,15,0,0,0,0,0,1,0,33,0,0,3,0,12,0,2,0,8,17,10,1,0,0,0,6,27,3,0,0
0,8,0,0,0,0,0,17,0,0,0,39,0,0,10,7,17,0,0,3,0,0,0,31,3,33,0,28,49,0,3,18
0,20,13,13,10,0,5,22,22,0,23,1,0,4,0,0,7,7,20,9,9,0,0,5,0,19,70,16,0,0,3,32
25,14,0,0,13,10,26,0,19,8,0,0,0,21,16,0,13,0,7,0,17,21,11,22,14,0,0,0,0,13,0,0
112,0,16,0,43,0,0,15,6,0,0,20,0,16,0,1,183,191,194,198,179,0,40,0,18,8,38,0,0,11,0,0
0,32,3,8,7,5,17,17,0,12,8,17,5,1,0,0,27,32,162,105,0,6,0,2,0,12,20,0,0,0,29,0
0,0,0,22,2,0,1,16,12,13,0,57,0,7,0,0,18,20,0,27,14,1,4,0,5,0,25,31,10,0,0,0
0,6,0,9,7,7,20,7,16,0,0,0,11,3,0,0,16,0,9,23,20,0,0,0,0,0,34,13,0,0,0,0
0,0,54,6,0,10,0,8,0,0,0,15,0,0,0,3,24,0,0,0,0,10,9,0,0,0,0,23,0,25,0,0
0,0,0,0,0,0,0,0,0,0,1,25,4,0,0,9,0,2,22,0,9,0,0,0,12,0,0,0,4,0,0,0
0,0,0,0,0,31,0,32,0,8,0,0,15,0,0,34,0,3,7,0,2,13,0,8,13,7,0,12,1,0,4,14
31,22,12,0,37,0,23,35,1,0,0,27,0,7,0,0,9,10,17,14,33,0,7,0,24,36,13,0,29,1,13,28
32,5,16,0,23,17,23,0,0,4,0,0,0,2,0,0,17,3,21,10,12,0,0,0,4,12,8,0,23,0,25,0
67,0,0,11,20,0,6,0,0,0,1,0,18,11,0,2,11,0,5,0,2,3,0,0,0,0,0,4,0,23,25,3
24,12,3,0,1,22,9,0,4,13,0,4,0,0,4,7,8,0,5,8,0,0,30,34,4,12,0,0,3,0,2,0
0,0,0,0,0,33,21,0,5,0,0,0,0,0,0,0,0,17,0,6,12,0,14,0,9,1,4,0,0,7,0,0
0,0,31,7,38,47,0,17,0,0,17,0,0,0,11,0,5,0,38,0,13,2,0,0,0,2,4,9,0,0,0,25
0,0,2,19,0,0,0,0,9,37,25,10,0,12,4,9,27,1,16,0,0,0,0,0,0,0,20,14,0,12,0,0
0,4,0,0,0,10,0,0,15,113,192,0,23,0,6,0,0,0,0,0,0,25,6,0,7,30,20,0,0,0,0,19
0,21,3,4,0,38,23,13,50,188,107,22,9,37,14,0,0,0,0,0,0,0,0,0,0,0,17,0,0,0,8,0
87,0,29,0,0,24,0,21,108,41,0,49,0,0,17,0,0,13,0,39,0,1,0,0,7,9,0,0,0,0,0,58
0,0,60,8,26,0,0,0,0,0,21,0,0,0,0,34,0,0,23,5,0,5,0,6,11,14,11,0,7,0,0,24
98,0,0,0,23,13,0,0,0,38,0,0,0,16,20,183,192,196,2,6,0,7,0,0,0,0,2,29,0,0,3,0
0,0,20,4,33,22,0,0,0,10,5,1,29,0,25,152,195,236,20,0,13,2,0,0,0,0,6,4,14,8,17,0
97,3,6,17,4,17,22,0,0,0,20,0,24,0,23,21,21,0,0,7,8,13,6,0,0,5,22,7,0,0,6,16
118,0,0,24,0,13,10,0,0,28,17,30,4,0,13,0,5,19,80,5,178,4,0,2,0,17,0,11,0,45,26,38
0,0,10,18,0,16,0,0,0,12,25,24,5,0,20,0,0,16,15,5,60,0,0,25,0,40,0,28,0,0,12,11
0,4,0,0,0,5,0,0,0,4,0,0,0,0,13,3,1,7,1,13,20,0,5,16,0,5,34,0,14,0,21,0
99,40,7,30,0,4,0,0,0,0,0,23,0,11,0,10,18,0,0,0,63,23,13,0,0,0,22,0,4,0,6,0
0,28,6,13,6,1,1,19,0,23,0,0,1,0,7,13,0,0,0,4,0,1,67,6,8,22,6,0,7,16,0,5
0,1,0,30,0,0,0,34,1,0,0,0,20,0,0,34,0,0,0,26,16,30,25,0,34,0,30,26,0,0,0,0
0,44,28,0,39,9,42,0,20,12,11,6,21,5,6,0,16,0,10,16,21,22,9,0,3,14,15,0,17,0,24,35
39,26,19,0,23,0,12,0,16,32,16,0,31,10,0,0,56,30,24,10,0,0,0,31,0,0,20,0,66,0,0,0
0,23,17,0,0,0,0,20,0,17,0,16,0,1,9,1,14,0,0,11,0,16,0,28,0,35,0,0,38,0,11,21
90,2,0,5,0,0,0,0,0,17,1,0,0,18,0,0,17,12,0,0,0,0,0,13,38,0,63,16,35,0,16,0
13,0,35,0,50,6,0,0,0,11,0,0,0,22,2,0,0,0,5,8,21,0,0,0,4,6,2,0,0,5,0,58
65,0,7,32,35,0,36,3,0,8,2,0,22,0,0,0,5,46,17,36,0,0,10,16,0,18,7,5,0,2,3,0
0,16,22,11,16,11,0,11,5,28,29,0,0,0,0,0,0,0,0,0,4,0,0,0,16,0,2,0,0,2,0,18
0,0,20,24,0,24,5,12,14,0,3,35,0,0,4,26,4,17,2,0,13,8,0,0,9,0,1,16,16,0,0,7
16,6,15,18,0,26,0,0,0,14,15,0,0,0,17,0,3,0,0,0,0,22,0,0,0,0,0,0,6,0,0,12
16,0,15,0,0,4,3,13,0,0,0,6,0,0,0,0,0,11,3,1,3,0,1,0,0,10,0,4,5,17,0,6
30,0,4,1,0,0,0,3,0,0,1,0,6,0,0,41,0,0,7,0,0,10,0,1,0,0,5,0,11,0,24,14
0,18,0,0,0,0,21,1,0,6,0,0,6,13,0,0,23,22,0,0,8,0,10,6,1,0,0,0,0,2,0,0
6,14,24,0,24,12,0,19,1,35,15,0,27,2,20,0,12,0,0,0,3,0,20,0,24,0,9,0,19,0,0,0
29,0,7,0,14,0,13,3,5,7,4,2,0,0,4,0,13,0,6,0,0,0,0,0,0,6,0,9,0,0,13,0
92,7,0,0,4,3,0,4,7,5,0,6,0,0,0,0,0,0,7,6,0,0,0,0,3,3,0,16,14,2,3,0
0,13,0,0,0,0,4,0,3,20,0,12,0,0,9,0,20,4,0,14,0,5,0,0,0,0,0,0,0,8,0,0
0,5,1,0,23,4,0,3,11,0,6,1,17,0,0,12,3,0,11,0,0,1,3,4,3,0,0,20,2,0,4,9
0,0,2,0,0,1,2,0,0,0,17,0,5,13,4,0,9,0,0,12,1,0,9,10,0,4,0,0,0,6,0,0
1,1,4,0,0,0,0,6,0,0,31,2,0,0,0,6,0,2,0,0,0,1,4,2,9,3,6,5,6,1,6,29
0,3,0,0,0,0,1,5,1,0,23,80,0,1,1,4,0,0,0,0,0,0,0,0,1,2,1,8,0,1,0,0
70,0,0,14,0,0,0,0,0,35,78,11,1,11,3,0,7,7,0,8,2,0,0,2,3,12,12,0,0,1,0,9
16,0,4,3,10,0,0,0,0,54,34,32,0,21,0,6,0,4,0,0,0,4,5,2,1,0,7,0,8,0,0,0
120,0,5,0,1,5,0,1,6,22,44,0,23,44,13,21,7,36,21,9,2,0,7,3,0,0,17,0,15,8,3,0
8,0,8,0,0,12,0,5,0,0,2,0,3,0,0,5,0,31,1,4,9,15,22,0,3,0,0,2,2,1,7,0
0,0,0,3,0,0,0,0,0,0,0,1,0,0,0,16,0,0,29,0,0,2,0,0,12,0,5,0,0,0,6,3
0,0,0,6,3,0,0,1,3,0,0,1,0,0,0,3,25,0,14,0,10,4,0,0,3,1,0,5,0,0,0,0
0,0,0,8,0,0,0,4,0,0,0,15,0,0,0,6,2,0,60,10,0,9,0,0,4,0,10,6,0,0,10,0
94,0,0,0,0,0,0,0,4,0,0,4,0,0,0,5,0,4,19,1,3,1,26,2,0,14,0,0,0,0,2,0
13,0,1,1,4,0,0,0,0,7,0,0,0,0,0,0,0,0,8,0,20,17,4,0,0,3,1,0,0,0,0,6
22,0,2,0,0,0,0,11,1,0,0,0,0,0,0,0,5,0,3,0,0,0,0,0,9,0,1,7,0,0,8,0
0,11,0,0,4,1,0,0,0,2,0,2,0,0,4,0,5,2,0,2,14,0,22,5,6,0,10,0,0,0,2,0
32,0,0,0,15,0,7,7,7,0,3,0,1,0,0,0,0,0,0,0,1,2,8,0,15,8,3,6,2,0,1,0
112,0,4,0,0,9,0,4,1,0,0,0,4,0,0,0,0,0,0,4,0,0,0,0,6,0,0,0,5,9,0,3
37,4,3,0,14,0,6,9,10,4,0,0,0,4,4,0,0,4,0,0,0,7,3,0,0,0,17,3,24,0,8,0
0,0,0,13,0,0,0,16,0,0,38,14,0,0,0,8,0,3,0,3,0,7,1,0,0,21,4,35,58,0,0,0
0,0,0,0,0,6,0,0,0,0,17,0,4,0,2,3,0,6,0,6,0,0,0,0,13,17,64,0,8,1,0,0
17,0,0,0,0,3,0,0,0,0,23,0,1,1,0,3,2,1,0,0,2,0,1,0,2,0,8,7,0,0,0,0
55,2,0,0,0,0,0,5,2,0,8,2,0,0,6,0,0,0,0,24,10,3,0,2,4,2,1,0,0,4,1,0
0,2,5,21,15,0,5,0,0,24,42,3,0,0,0,0,2,0,0,6,7,0,0,0,0,0,0,1,0,12,0,0
0,9,9,24,0,13,0,0,0,32,10,63,0,1,8,1,0,0,0,0,0,0,0,4,0,0,10,0,6,6,1,0
0,0,0,5,0,0,0,0,2,0,6,4,0,1,0,0,2,6,4,2,0,0,0,0,1,3,0,0,0,0,0,2
0,9,0,4,0,10,0,7,0,0,6,0,0,4,0,0,0,4,1,0,0,9,5,0,8,0,0,4,0,0,6,1
0,0,4,3,0,0,11,10,0,0,0,0,2,2,0,0,2,1,0,5,0,8,6,0,0,3,0,0,0,0,0,1
0,0,0,1,0,0,0,0,0,0,0,7,7,0,0,1,3,0,1,0,7,0,2,0,0,0,0,0,0,0,0,9
1,3,0,0,3,0,7,2,2,2,6,0,3,3,0,0,10,0,2,6,2,0,0,7,5,0,4,1,2,2,7,0
0,2,0,0,0,3,0,0,0,0,9,0,5,0,0,9,9,4,0,0,2,0,0,0,1,0,0,9,2,0,0,5
92,0,0,12,4,1,0,0,5,4,0,1,0,0,0,0,4,0,0,0,0,0,0,3,0,7,8,5,0,7,0,4
0,5,0,0,0,21,0,0,0,4,0,0,0,0,13,0,0,0,0,0,0,0,0,0,1,0,0,0,6,0,0,0
0,8,3,0,0,1,4,5,9,0,0,0,0,5,4,0,12,6,7,0,6,0,4,6,0,5,0,0,0,2,2,14
0,0,11,0,9,0,1,0,1,0,16,2,0,3,0,0,0,3,0,2,1,4,0,7,3,5,4,9,1,0,0,12
40,0,1,14,0,0,0,0,3,0,3,44,0,1,4,5,0,0,5,15,4,14,2,0,0,0,0,0,0,0,0,0
29,3,6,0,7,0,0,0,16,12,46,93,1,0,0,0,4,1,9,0,0,7,0,0,3,0,0,2,14,0,1,8
8,0,16,8,4,9,0,0,50,20,5,0,0,12,45,19,0,0,0,10,18,16,0,1,0,7,0,0,0,6,0,14
9,0,0,2,0,0,0,11,39,22,3,23,1,20,0,14,0,9,2,10,6,0,17,2,15,4,25,0,4,10,0,9
0,5,0,1,6,6,0,3,0,36,9,5,42,0,0,0,11,10,29,0,9,0,19,4,0,12,0,4,0,9,0,6
140,2,7,0,0,24,0,0,0,0,14,0,0,0,0,0,0,12,0,0,1,29,6,0,0,13,0,0,0,0,16,0
124,0,0,56,0,0,0,37,27,0,0,1,0,0,0,21,0,0,68,0,35,9,0,4,0,0,0,10,0,0,0,0
114,0,0,0,2,0,0,0,8,5,21,8,16,1,25,0,0,0,17,5,0,0,7,14,6,18,9,7,0,12,0,0
0,0,0,0,20,0,0,0,17,0,1,0,8,0,1,4,13,16,102,0,3,0,12,0,0,21,0,0,0,0,45,3
164,0,0,0,0,0,0,0,14,0,3,0,0,0,0,0,2,10,4,0,10,9,0,0,1,48,16,12,0,0,11,13
15,9,21,8,0,14,14,0,6,2,0,0,0,10,8,0,0,0,9,24,23,13,0,31,0,0,0,0,0,29,0,0
11,0,0,12,17,9,37,0,0,23,0,0,0,1,1,0,18,10,12,0,44,13,3,21,0,0,0,0,4,31,8,3
0,9,16,0,21,7,0,23,7,0,0,10,16,0,0,0,1,14,0,0,14,15,4,6,18,0,0,0,12,0,19,18
15,29,18,7,9,6,3,0,0,10,0,2,2,8,0,4,9,0,0,18,0,0,21,0,0,2,0,0,0,0,1,4
130,0,0,20,35,0,0,0,23,0,0,9,0,0,16,18,0,7,16,13,13,17,0,0,20,9,1,10,4,0,0,16
6,0,23,16,3,0,26,26,0,13,14,0,0,0,4,22,32,0,0,8,0,15,0,8,18,0,18,0,37,0,0,6
0,19,0,0,0,0,26,0,0,0,0,0,0,0,8,0,0,38,36,9,2,31,35,6,0,0,43,0,34,3,6,0
0,0,25,35,0,29,0,38,3,0,0,0,0,0,0,15,0,0,0,11,0,21,0,37,0,46,87,20,0,33,0,0
112,20,2,0,0,2,0,0,17,1,10,0,15,6,23,0,0,23,215,96,72,18,0,19,13,0,4,0,7,24,0,0
0,27,0,0,15,29,0,0,0,40,35,0,0,0,5,12,0,198,190,192,195,93,0,25,6,0,5,0,17,0,17,7
19,5,0,0,21,8,0,0,4,24,30,0,0,2,0,0,4,238,196,171,224,10,4,1,0,8,16,7,6,0,0,0
0,21,0,0,20,40,0,34,0,26,30,34,0,0,4,0,5,0,0,0,0,0,5,0,9,28,0,0,0,19,0,0
2,0,0,0,23,23,0,18,0,0,30,0,0,0,1,32,24,28,0,0,37,0,13,0,1,0,24,25,27,22,0,0
9,0,0,7,0,0,25,47,5,12,21,12,30,0,5,10,0,0,0,6,0,10,0,0,7,3,20,17,0,0,0,26
5,7,5,16,0,0,0,0,0,0,0,23,7,14,0,5,13,24,0,16,27,12,9,7,0,0,0,0,17,11,0,32
2,11,0,1,0,0,5,0,0,10,0,12,0,0,5,28,0,0,0,0,0,8,0,10,0,2,0,3,0,0,5,0
17,29,7,4,0,20,25,28,0,0,0,0,1,0,0,2,15,0,30,29,2,0,25,24,0,29,0,0,0,0,0,11
28,0,0,0,16,49,18,0,0,14,8,26,0,0,0,0,4,10,1,8,9,0,32,0,0,4,0,0,0,0,7,15
50,0,0,0,0,0,17,16,0,0,0,50,48,6,0,13,24,15,14,0,0,2,2,0,0,2,0,12,0,0,0,0
0,37,24,0,33,0,10,0,2,0,14,20,0,0,0,8,35,0,0,17,12,1,22,0,7,5,0,0,0,11,14,0
0,8,0,18,6,0,9,0,0,0,0,0,0,28,0,0,1,14,0,5,36,0,0,0,0,0,0,0,36,3,4,3
0,0,0,0,0,29,0,0,0,0,33,29,0,54,0,0,22,0,0,0,0,2,0,0,0,0,8,0,33,17,0,7
0,0,0,9,27,21,0,6,16,0,25,10,1,23,0,0,12,0,5,11,29,21,0,0,9,0,0,11,0,0,14,18
22,0,0,14,0,0,0,0,0,17,10,59,0,0,0,0,0,3,0,25,0,12,26,13,2,9,0,0,0,34,0,27
66,28,0,0,0,11,6,6,0,0,0,0,30,52,1,0,0,19,2,8,1,0,42,0,0,0,63,0,10,41,13,13
48,0,0,0,0,0,7,14,8,0,30,16,0,36,19,0,0,0,0,9,0,19,24,0,0,0,3,0,0,0,19,10
0,0,0,13,10,0,0,19,5,11,53,17,0,19,16,0,0,0,0,4,7,47,2,16,18,5,19,0,0,0,0,13
56,28,0,0,0,0,2,13,15,0,0,4,0,1,18,3,93,56,113,5,21,0,4,7,0,0,0,0,0,42,27,0
195,0,0,0,25,16,0,0,0,0,5,9,27,7,2,78,191,197,67,11,0,5,9,1,0,0,10,25,3,11,0,10
61,0,34,0,0,5,0,8,0,0,0,0,8,0,12,96,74,59,0,0,0,12,25,4,0,11,0,0,23,14,0,22
0,18,0,0,6,0,10,0,8,35,0,0,0,2,3,0,9,13,50,20,0,63,20,8,10,17,6,0,0,1,10,21
0,31,0,0,0,0,0,0,0,42,0,0,0,43,0,0,0,0,77,98,196,196,0,29,27,0,58,0,28,19,8,0
52,3,29,0,25,0,0,0,8,7,0,6,0,19,0,0,3,2,227,190,190,196,0,0,18,5,20,0,1,19,2,0
112,19,14,50,5,8,5,0,0,10,0,10,0,34,0,15,0,3,54,95,51,0,0,6,4,7,0,0,13,0,0,57
58,0,10,4,42,0,0,0,0,24,0,41,0,0,7,2,29,8,0,1,13,3,9,0,16,0,5,2,35,0,0,22
28,0,0,0,0,0,0,38,0,0,0,31,0,0,26,1,22,0,0,0,0,18,7,3,42,0,5,0,0,0,0,26
0,0,0,0,0,0,0,0,0,0,0,6,0,0,0,4,0,5,0,0,5,6,3,0,0,5,0,29,38,19,0,20
38,30,32,0,0,21,0,29,13,0,0,0,0,0,6,34,27,0,7,0,0,12,0,12,9,0,25,0,21,0,1,0
0,5,0,19,0,5,36,25,47,0,48,41,11,51,0,0,0,0,0,23,0,5,2,28,23,28,0,23,69,8,1,16
93,33,0,11,33,2,25,3,0,0,30,24,11,0,6,18,8,25,0,0,14,0,14,0,51,20,0,29,0,0,0,0
148,0,0,26,0,0,8,0,0,9,29,0,13,0,0,0,0,2,0,10,0,0,23,2,48,1,14,24,0,0,6,0
0,0,0,0,0,0,0,34,11,0,0,35,12,2,16,0,0,0,17,44,18,9,0,0,30,8,0,0,0,0,0,0
25,0,27,0,1,41,17,0,0,27,10,0,0,68,16,0,0,4,4,0,0,0,10,0,14,4,0,5,55,0,0,0
0,0,5,5,37,21,0,38,0,0,0,78,0,0,30,8,7,32,3,41,0,0,0,0,0,0,0,18,0,28,41,0
53,0,0,29,0,0,0,0,6,7,10,5,14,22,3,0,10,0,10,0,0,9,8,16,13,3,30,33,55,0,0,0
0,0,0,0,0,0,0,0,34,0,14,19,0,7,3,0,0,2,0,0,0,0,0,3,8,3,0,0,33,0,34,0
0,0,0,0,35,0,11,13,0,26,13,0,0,5,0,13,10,0,2,0,12,2,0,6,0,8,0,7,28,18,1,0
0,0,16,0,0,3,0,0,21,8,2,0,14,22,28,2,25,0,9,21,0,16,0,0,0,0,0,26,10,0,0,0
0,0,15,6,10,0,0,2,1,0,0,0,0,0,0,0,0,0,14,6,2,3,0,6,0,3,33,0,1,0,0,0
13,0,0,0,0,0,7,11,0,0,2,5,36,0,0,0,8,1,22,11,7,0,0,0,0,0,16,0,8,0,0,1
126,0,22,7,1,2,5,8,0,0,3,0,67,1,0,0,2,0,0,0,12,9,0,6,0,0,0,10,9,6,14,0
0,0,3,0,0,6,0,0,4,0,0,0,0,8,0,16,0,0,0,0,1,11,0,1,4,0,7,0,5,19,0,0
12,6,14,0,19,0,0,0,0,0,11,0,0,32,0,0,0,9,12,12,16,8,9,0,4,8,0,21,12,0,17,0
0,7,6,0,18,0,13,10,21,0,30,11,0,0,0,9,0,0,0,11,13,7,4,5,3,2,8,0,0,20,0,0
10,2,11,6,7,10,1,0,0,0,9,1,0,0,5,0,0,0,0,0,1,0,10,0,0,0,0,0,0,6,0,3
0,15,0,11,0,5,18,5,0,0,13,26,34,0,0,6,4,0,0,16,0,26,0,21,3,15,0,0,0,0,0,14
0,15,0,0,0,11,0,9,0,2,64,197,25,35,0,30,17,5,22,0,15,0,0,11,6,16,0,0,11,0,10,28
110,0,15,12,16,0,0,0,0,19,191,196,127,24,0,11,0,6,12,0,6,9,0,0,0,4,0,6,0,0,0,0
48,0,0,0,0,0,19,0,14,24,186,213,34,0,4,19,0,45,39,11,0,0,9,0,7,6,4,13,0,0,11,7
41,4,12,0,0,0,2,8,0,0,1,13,0,0,0,0,0,15,68,0,0,0,5,0,0,0,14,0,0,0,0,0
48,0,0,0,24,18,0,0,15,1,8,0,0,0,0,23,16,0,10,0,0,15,0,3,0,0,0,12,19,10,30,0
0,0,0,16,0,4,0,5,23,0,27,24,9,0,3,9,94,35,0,0,5,1,0,5,2,0,0,0,0,0,0,0
66,2,0,0,0,13,0,0,11,5,15,50,0,0,10,0,0,0,40,5,7,7,4,0,5,14,0,0,9,0,0,10
0,0,0,0,0,0,0,0,10,4,6,0,0,0,0,0,8,0,23,5,29,8,43,0,0,13,0,25,0,0,0,16
0,0,0,0,0,0,6,5,5,0,0,3,0,12,23,0,0,1,0,28,39,0,23,20,0,0,0,0,0,4,12,0
127,0,0,0,30,35,7,0,0,0,0,0,18,9,10,0,18,5,11,18,29,0,18,0,19,15,0,0,0,0,0,4
45,0,0,0,18,0,0,0,0,0,1,17,0,0,4,0,13,0,0,24,2,0,27,0,23,0,0,0,0,0,0,4
25,1,11,4,0,7,8,11,6,0,0,9,1,0,4,6,0,0,0,1,0,32,4,0,16,4,3,0,0,0,3,17
0,0,0,15,0,0,7,5,8,0,2,35,3,0,0,13,4,0,0,0,0,0,7,0,0,29,0,0,0,0,0,19
0,0,0,27,0,0,0,16,0,0,0,0,0,7,6,0,9,2,8,27,18,0,14,0,26,2,19,1,43,0,0,15
0,0,0,27,0,4,6,0,3,1,0,37,0,6,5,19,10,0,23,8,1,8,4,0,4,2,0,23,45,0,0,0
0,0,12,0,16,12,1,0,0,4,0,13,0,5,0,0,9,8,0,0,4,1,4,13,35,20,44,0,0,0,0,15
22,8,0,5,1,6,0,0,0,3,0,1,0,18,0,0,0,2,0,3,0,0,0,7,14,0,2,0,0,6,15,0
75,0,0,6,8,0,40,2,9,5,6,0,0,6,0,1,0,9,10,32,11,1,8,0,22,7,10,18,12,0,0,0
0,12,13,12,17,5,13,4,0,17,35,19,1,0,5,5,1,8,0,0,0,0,0,0,5,5,17,0,0,2,0,0
0,7,3,12,4,13,0,0,0,28,0,59,10,0,0,11,0,0,7,0,1,0,7,2,2,0,0,0,9,11,1,0
0,0,0,0,3,0,0,0,8,0,10,2,0,9,10,0,5,0,0,11,1,0,0,0,3,2,0,0,0,0,5,3
3,0,1,0,0,8,5,0,3,0,0,6,3,0,1,0,0,4,0,0,0,0,0,1,4,0,2,7,0,0,4,5
21,0,0,0,8,0,0,0,0,0,0,0,0,0,0,1,0,1,0,0,1,0,13,0,0,0,2,0,0,3,3,1
0,0,0,1,0,7,1,0,0,0,0,0,0,0,0,0,0,0,0,7,8,0,0,4,0,1,0,3,0,0,0,2
0,0,0,3,0,0,2,4,0,0,0,0,2,0,0,1,0,5,0,2,7,0,1,1,0,0,0,0,0,0,0,0
0,1,5,0,4,6,9,13,0,0,3,0,6,0,3,0,1,2,6,0,3,0,0,12,0,12,0,0,2,4,7,18
90,0,1,0,4,3,0,0,0,0,0,0,6,13,5,3,1,3,2,0,5,3,0,0,1,1,0,12,3,0,0,5
0,0,6,4,0,8,0,10,2,0,4,21,4,0,10,1,5,8,0,0,0,0,0,0,0,0,0,12,4,0,9,10
0,0,4,3,0,0,2,0,0,0,2,4,6,1,2,6,1,0,0,0,0,0,0,0,0,0,0,10,3,3,1,0
11,8,4,1,1,0,7,8,0,2,2,8,0,3,0,0,0,5,4,0,0,7,5,0,0,0,0,6,0,1,1,5
0,6,0,0,0,0,0,2,0,0,16,2,2,0,4,0,0,0,1,0,1,3,7,0,0,3,10,0,3,9,0,0
30,0,0,8,0,0,3,6,0,0,10,80,1,8,0,8,0,2,0,2,0,9,1,0,11,0,6,0,0,0,0,28
0,0,4,0,0,0,2,0,0,25,9,10,0,5,0,0,0,8,0,0,1,1,0,3,0,2,0,0,0,9,0,0
0,11,11,0,7,0,3,4,6,14,0,22,2,53,0,5,0,5,0,32,0,0,0,0,0,1,0,0,3,1,0,0
83,0,2,1,3,0,0,1,0,28,11,4,19,8,0,0,0,23,27,2,0,3,0,0,0,0,4,0,0,1,6,1
0,0,9,0,0,6,0,0,5,12,0,0,0,1,3,39,4,35,7,0,0,18,0,0,0,0,0,5,2,0,5,0
120,3,0,0,0,3,0,11,1,0,2,6,0,0,4,21,22,35,44,0,2,0,0,0,0,1,0,0,0,4,3,0
128,2,2,5,16,6,0,2,10,0,0,0,0,0,11,1,16,2,11,0,0,8,0,3,5,0,0,6,0,0,5,0
0,2,6,0,0,0,10,3,1,0,0,4,0,4,1,0,10,11,72,0,0,4,0,0,1,0,0,0,1,0,0,4
143,6,7,3,0,0,0,0,0,0,0,0,0,4,0,0,5,0,18,6,24,0,16,0,0,8,27,6,0,0,11,0
24,3,2,4,6,1,0,10,8,0,0,1,0,0,5,13,6,0,9,0,20,19,18,0,13,0,0,0,0,8,5,0
0,0,0,2,18,0,0,13,0,0,1,2,3,0,0,2,0,0,5,0,0,1,6,11,3,0,7,8,0,9,0,4
0,0,0,1,5,0,0,0,0,0,10,7,0,3,0,1,2,5,0,0,19,2,18,6,16,0,0,0,2,0,9,16
28,12,8,0,3,0,0,1,0,0,0,0,0,14,0,0,5,0,5,25,1,0,9,0,20,5,0,0,0,4,0,16
0,1,12,1,1,11,0,0,0,31,0,0,0,0,3,5,4,0,0,1,0,0,0,0,0,3,0,0,0,4,0,0
0,6,6,2,0,0,0,8,5,14,0,8,0,1,0,0,0,0,3,4,2,0,14,0,0,0,3,0,60,0,4,0
0,0,0,0,0,0,0,0,0,2,29,19,2,2,0,10,0,1,0,0,0,0,7,7,4,24,0,0,53,0,1,0
118,0,0,0,0,10,3,0,0,16,0,0,11,3,0,2,3,0,0,0,2,1,0,8,44,0,8,8,0,0,0,0
48,5,0,0,10,6,10,0,0,3,9,10,8,0,8,0,7,12,0,0,0,0,3,5,9,7,0,0,9,10,22,0
68,0,0,0,26,0,33,0,7,0,18,0,1,0,0,0,0,0,0,197,16,0,7,3,6,1,0,10,0,0,8,0
0,4,17,12,16,18,8,5,6,54,40,24,4,0,14,0,1,0,34,59,4,0,3,0,3,0,7,0,4,0,0,0
0,10,17,21,0,41,0,0,1,13,9,34,16,22,0,11,5,0,0,16,3,0,5,10,0,0,6,0,0,16,21,0
16,0,0,10,0,0,0,17,13,0,0,3,0,0,0,0,16,0,2,3,0,0,0,2,3,6,0,0,0,0,2,6
0,3,0,0,0,1,0,0,0,0,0,0,10,0,0,0,0,0,2,0,1,6,7,7,6,0,4,0,1,0,0,0
33,0,0,2,0,0,0,0,0,12,0,2,0,14,1,13,0,4,0,5,0,0,21,10,2,0,0,30,0,12,0,0
0,0,0,13,0,28,0,0,0,1,9,7,0,7,12,0,12,7,14,1,0,0,10,6,0,13,16,0,6,0,0,0
0,4,0,0,1,12,0,0,0,10,0,0,0,0,0,0,0,0,0,0,0,4,0,0,0,0,0,18,9,18,8,0
1,0,17,7,8,11,21,4,0,0,21,0,4,5,20,0,5,2,13,14,1,5,7,3,0,0,2,12,0,0,0,3
100,16,0,20,0,0,31,0,0,0,0,0,0,15,0,0,24,12,11,20,18,2,14,0,36,0,0,0,22,3,9,2
0,0,1,6,17,12,0,0,0,12,11,0,1,0,0,4,1,0,11,0,0,49,16,0,1,50,9,0,0,0,0,0
61,13,5,0,0,0,13,0,0,0,32,0,0,23,26,1,0,8,0,17,0,0,16,0,0,0,51,21,16,1,0,3
0,3,20,0,0,21,0,0,0,16,0,0,0,0,0,0,23,0,0,9,0,0,0,15,0,20,0,9,0,15,0,18
7,15,3,0,0,0,14,19,4,0,32,10,10,0,0,19,14,0,0,7,3,0,32,0,1,24,22,22,2,0,0,0
0,5,0,8,0,14,0,0,0,25,23,75,0,10,0,0,0,0,5,0,0,11,24,0,0,0,29,16,13,9,0,5
0,5,0,0,3,0,0,0,0,17,16,27,0,11,12,42,0,7,5,38,0,18,5,0,0,0,0,0,0,4,10,9
0,0,0,0,14,23,0,14,41,21,11,6,0,3,21,4,34,5,25,0,4,0,31,0,0,20,0,50,0,0,2,0
0,30,10,16,12,0,0,12,0,0,0,0,0,32,2,0,0,0,7,0,9,10,2,0,0,0,8,8,0,0,27,2
0,0,0,13,16,0,0,9,0,0,0,0,2,8,0,0,8,41,0,2,2,0,4,0,9,0,0,7,0,0,0,0
45,0,32,0,18,0,13,0,5,12,0,0,1,11,21,21,25,16,0,1,0,0,11,9,24,5,6,6,0,0,0,0
0,7,11,9,0,0,0,16,31,25,4,27,0,7,43,0,47,0,0,17,5,33,35,0,0,24,8,16,0,0,0,0
59,21,0,0,1,0,0,40,2,0,39,48,34,0,9,32,30,21,68,0,75,0,0,13,0,9,27,0,44,0,13,24
0,0,0,0,0,4,0,0,0,16,29,4,2,0,0,0,7,36,217,197,197,9,0,0,8,0,27,6,0,26,0,0
154,1,19,0,28,3,16,25,0,0,0,3,0,0,4,1,149,106,193,191,195,5,49,0,0,1,13,26,0,5,10,17
25,0,0,3,0,0,0,16,14,18,11,0,0,0,0,0,30,94,99,201,10,12,0,0,8,0,21,0,0,0,25,0
104,28,14,0,9,11,0,44,0,0,8,34,7,0,37,20,8,30,0,0,9,34,59,0,52,25,19,0,0,0,0,0
0,0,0,0,8,1,22,0,9,0,0,14,0,0,0,12,0,7,0,0,0,0,5,19,18,15,26,0,0,0,1,23
0,1,0,15,22,0,0,0,1,0,0,7,0,18,31,13,0,11,7,0,0,0,0,7,20,0,2,12,13,0,0,7
0,29,18,0,12,0,0,9,75,20,3,17,0,0,14,6,9,23,27,22,0,0,0,0,5,2,0,0,74,0,21,0
17,0,0,0,0,3,0,0,54,0,0,23,26,0,0,0,0,1,0,36,47,0,23,0,0,9,22,9,0,22,0,0
0,13,0,0,22,0,29,5,26,8,9,0,0,0,27,13,16,6,25,0,14,0,20,36,33,8,52,16,0,21,0,7
0,13,12,0,25,0,0,19,0,11,0,0,31,0,9,0,2,22,23,6,0,0,19,0,12,18,0,9,0,0,0,0
0,4,1,0,43,9,8,0,0,7,20,46,5,14,42,44,196,197,187,196,106,6,2,0,12,0,28,0,0,0,0,53
132,0,28,0,54,0,0,0,0,78,15,0,20,33,0,22,222,197,193,91,36,7,25,1,0,13,0,0,23,0,0,47
9,29,28,0,16,16,16,32,0,35,29,0,17,0,32,0,33,0,20,0,11,2,25,0,0,0,30,0,29,6,7,10
0,0,47,0,31,0,43,0,10,0,11,16,13,0,40,30,42,54,20,0,0,67,1,0,0,0,1,0,1,11,0,14
0,2,0,0,10,0,62,55,12,4,4,0,25,0,0,24,2,0,7,14,0,22,0,0,13,0,0,30,22,0,0,27
37,0,15,44,21,4,0,29,0,0,16,28,0,13,21,0,0,33,0,0,0,29,0,3,0,0,0,21,0,0,25,31
8,0,0,33,0,0,0,1,21,12,0,0,0,0,0,13,0,24,0,19,7,14,6,25,6,0,0,1,0,17,0,0
0,0,0,0,0,12,0,0,0,0,12,37,7,0,9,4,31,0,0,13,0,0,0,0,0,0,0,0,3,0,27,7
13,2,0,1,0,0,4,9,0,2,0,0,16,0,0,0,0,0,20,12,2,9,0,0,36,13,0,0,8,14,0,0
112,36,4,0,30,22,0,0,5,0,0,0,0,0,20,0,30,12,27,0,0,0,0,8,0,0,5,0,0,0,60,0
23,0,0,0,6,120,3,0,0,0,0,21,36,25,0,0,12,0,11,0,0,19,13,0,0,0,35,0,0,0,2,0
0,0,1,16,98,194,22,0,5,0,0,21,0,0,0,15,4,0,0,0,0,7,0,0,21,0,0,0,15,18,0,0
0,8,0,0,78,195,71,0,4,3,0,18,1,13,8,0,0,19,18,6,0,3,0,21,0,0,0,8,3,0,0,0
55,0,16,5,170,196,103,0,0,22,11,0,17,0,27,7,4,0,0,0,0,19,0,0,14,0,42,22,33,0,5,20
0,0,23,13,10,0,0,0,0,6,0,64,0,0,0,4,11,4,0,7,0,0,10,0,2,0,0,7,3,27,16,0
0,0,25,16,3,55,5,55,0,10,0,0,0,0,0,10,0,38,0,6,13,37,0,0,12,0,59,0,39,15,0,59
17,18,5,0,15,0,2,0,21,2,42,8,0,2,29,3,0,7,14,2,6,0,0,0,9,10,16,0,25,25,0,8
80,0,0,0,14,9,0,0,0,24,0,0,0,18,31,195,25,0,13,0,11,11,5,0,0,0,0,0,43,6,7,0
0,0,9,21,8,0,0,0,8,0,0,4,14,197,193,253,67,19,3,0,6,32,0,0,9,0,7,5,0,0,4,0
0,14,0,0,14,0,0,0,25,0,28,14,5,197,196,155,140,0,0,0,27,0,0,16,2,11,21,0,0,4,0,0
101,0,7,0,0,0,0,14,0,10,0,13,11,0,4,30,8,0,0,0,21,1,3,7,0,0,23,0,0,44,12,0
0,0,29,0,0,0,0,17,0,0,0,0,10,36,19,0,0,6,41,5,220,25,0,14,0,0,0,0,0,16,4,1
0,19,0,0,1,6,15,3,10,0,2,10,3,3,0,0,0,0,116,198,193,8,31,11,5,0,27,2,15,1,1,13
0,0,4,33,2,0,13,0,23,0,11,0,0,0,22,0,22,0,117,1,24,0,7,0,9,2,16,0,4,6,0,13
117,0,0,0,10,0,0,0,0,6,29,0,0,0,0,0,15,0,17,55,0,17,0,0,0,0,0,40,12,0,29,15
37,19,0,0,7,21,1,0,0,25,0,0,0,0,15,0,9,21,4,0,0,0,0,26,0,7,0,36,0,0,15,0
0,4,0,0,0,0,0,0,0,0,0,9,16,17,21,0,23,0,2,9,0,0,0,0,0,13,0,5,0,0,8,14
16,6,0,22,0,3,6,0,0,0,17,0,17,0,26,21,1,10,0,0,0,0,43,24,30,13,58,0,1,8,0,28
0,0,0,55,0,0,0,44,20,31,18,4,2,6,0,0,0,0,1,24,46,9,0,0,0,6,0,8,18,10,15,37
130,0,45,20,56,20,17,0,27,2,3,16,0,11,0,38,0,0,16,9,0,23,0,1,0,18,0,29,13,25,0,59
0,14,36,0,30,0,0,16,10,15,0,5,0,0,21,21,30,0,18,0,36,10,47,1,25,10,54,20,0,9,14,0
0,0,26,0,9,25,23,7,15,17,5,13,5,19,17,0,3,12,0,14,22,3,3,0,25,0,21,0,30,0,3,29
64,7,0,0,51,0,20,0,4,16,0,0,0,0,0,0,20,0,32,55,0,0,3,1,12,0,3,23,0,0,0,28
0,25,0,42,18,3,10,0,0,25,38,18,25,0,25,42,5,4,0,0,3,0,11,0,24,6,23,3,39,0,0,34
0,0,0,13,8,3,0,22,0,0,0,37,32,1,27,0,9,23,0,10,25,8,30,0,41,0,0,0,51,0,12,34
0,8,12,0,0,0,16,0,20,10,21,0,0,0,1,42,0,24,8,9,6,1,5,16,0,12,0,0,22,0,0,5
0,5,0,3,9,0,0,0,9,3,0,3,2,9,0,0,0,0,16,0,0,0,16,0,10,0,9,16,0,6,7,30
0,21,26,12,0,0,0,6,0,3,26,14,0,0,6,0,24,0,2,0,18,0,0,0,4,13,0,21,0,8,0,0
0,0,0,0,0,0,10,0,17,2,20,36,16,0,0,6,8,10,0,0,0,9,20,0,8,36,0,0,0,8,0,14
0,2,17,0,5,0,0,0,12,14,0,0,12,11,0,0,0,0,3,0,0,0,14,36,6,37,0,0,7,8,11,0
0,9,1,17,0,0,5,6,3,18,14,0,0,6,3,0,0,0,0,12,20,0,0,2,13,1,0,7,0,0,0,24
108,0,16,0,0,12,2,0,2,0,4,0,0,0,13,5,0,1,11,2,0,0,6,0,0,4,0,0,4,0,0,1
0,8,1,0,0,0,8,0,8,0,0,4,0,0,1,0,12,0,2,8,0,0,1,1,3,3,10,0,0,0,0,0
0,11,17,0,170,173,4,3,0,0,0,5,0,0,11,8,6,10,0,9,0,0,0,3,0,1,15,27,12,0,2,0
18,0,0,9,255,186,0,0,0,11,0,5,0,14,4,0,0,11,0,0,0,0,0,0,0,0,2,1,6,3,0,19
0,0,0,5,24,69,0,2,0,0,14,17,0,0,2,3,4,1,0,2,0,0,0,2,14,0,3,2,6,10,0,3
35,3,10,2,0,0,0,0,0,0,6,64,0,2,0,10,0,1,0,0,10,16,3,0,0,14,0,0,0,0,0,0
75,3,0,0,0,0,0,0,0,9,12,0,1,16,7,0,8,11,0,5,1,0,0,16,0,1,0,0,0,11,0,0
0,5,0,0,21,14,0,0,0,7,0,5,0,0,4,16,0,0,0,13,0,0,2,0,6,1,0,0,0,0,5,11
119,9,0,0,0,0,0,0,0,11,9,1,2,2,13,42,35,54,41,0,20,7,0,0,5,12,2,0,0,0,0,6
33,0,1,0,0,0,0,2,5,0,1,0,3,0,0,46,0,2,3,0,2,11,3,0,1,0,8,5,2,0,0,6
51,1,0,0,0,0,0,8,0,0,0,0,0,19,1,13,2,0,0,0,0,7,5,0,5,2,0,0,4,0,0,34
0,0,3,0,16,6,19,0,4,0,2,21,0,0,2,2,0,0,4,2,10,4,8,0,10,2,18,5,0,0,0,20
38,4,0,0,0,5,2,0,0,0,20,3,0,0,0,7,0,2,54,0,22,2,5,0,0,0,0,0,0,4,2,0
0,0,1,1,2,0,0,0,5,3,15,2,0,6,11,0,0,1,5,5,12,0,25,10,0,0,4,0,7,3,0,18
0,9,6,0,5,1,0,0,4,1,0,1,0,0,0,6,0,0,3,0,38,14,0,3,2,0,0,8,0,1,16,0
0,0,0,0,0,3,6,0,4,0,5,3,3,0,0,1,0,1,34,22,20,3,9,0,8,0,11,3,0,0,0,5
18,1,4,0,0,0,10,0,0,4,3,0,1,0,0,0,4,0,2,6,2,0,9,3,9,0,0,0,2,0,1,0
0,0,3,0,0,9,8,0,0,0,0,3,0,0,2,0,0,6,0,9,0,2,16,0,0,0,5,2,0,0,0,0
0,1,0,7,6,0,0,0,0,8,0,0,2,0,0,1,3,0,0,4,3,1,0,8,5,0,0,0,8,12,0,0
0,9,20,0,0,13,0,0,9,0,0,7,11,1,6,0,2,0,6,3,0,15,0,1,0,0,5,0,74,0,0,12
58,0,0,0,0,3,0,0,0,0,35,12,0,0,0,0,0,9,5,6,2,7,0,11,4,24,5,19,44,0,11,0
0,0,0,0,0,0,0,0,0,0,18,8,0,0,0,14,0,0,6,0,2,0,4,12,45,1,55,0,0,0,0,0
63,0,0,8,12,0,6,0,0,0,23,2,5,4,10,4,0,0,0,0,0,1,2,0,22,0,17,0,0,0,14,28
0,3,0,4,3,0,1,9,0,0,0,0,0,0,2,0,10,6,5,41,11,0,0,3,7,0,0,2,0,9,0,0
0,0,7,17,18,4,1,0,0,42,18,16,0,0,3,3,5,1,0,0,15,0,8,0,4,0,13,0,0,0,0,7
0,0,3,13,0,33,0,0,0,26,13,48,0,1,5,5,0,0,0,1,0,6,0,7,0,4,0,0,0,0,5,0
89,3,0,0,0,0,2,0,0,3,0,0,0,5,8,0,4,0,4,11,5,3,7,0,7,2,1,0,9,0,0,0
1,4,7,3,16,4,1,0,0,1,0,0,0,9,0,0,6,8,0,0,0,0,0,0,1,0,0,0,1,6,0,0
5,0,6,4,0,0,0,0,0,11,0,0,0,3,0,0,6,0,0,5,0,0,0,0,1,3,0,2,5,0,2,0
3,7,0,0,0,0,0,3,1,0,3,0,0,0,0,0,0,0,0,0,0,0,5,0,1,0,0,2,0,0,0,0
1,0,0,6,16,4,0,6,0,0,0,5,15,12,0,0,0,0,0,4,3,9,0,4,0,0,0,5,0,0,4,0
0,0,0,0,2,0,0,0,2,0,7,7,9,0,0,1,0,0,0,0,0,0,7,0,0,1,0,0,0,2,0,0
83,0,0,4,0,0,0,0,9,0,20,0,1,1,1,6,0,0,2,0,0,0,6,0,4,9,0,0,0,0,0,0
0,0,1,3,0,0,6,2,1,0,14,0,0,0,0,8,0,0,0,0,0,0,2,0,6,0,5,15,6,0,2,0
3,0,9,6,0,0,0,7,0,0,0,0,4,0,0,0,0,0,0,0,0,0,0,8,2,0,0,0,4,4,0,4
0,7,0,0,0,5,0,0,5,7,22,0,4,0,0,0,4,3,0,0,2,0,0,0,0,1,2,15,0,0,0,0
9,0,1,9,5,0,12,9,0,0,0,31,0,0,0,11,0,6,4,0,2,1,8,0,4,9,9,0,0,0,0,0
0,10,0,0,0,4,0,6,2,0,7,83,0,0,11,0,4,0,13,2,7,6,9,5,1,2,0,0,2,2,8,0
0,1,9,0,5,4,0,0,2,0,18,7,0,6,3,0,0,0,0,0,0,0,2,0,0,10,11,6,4,7,0,0
50,2,3,2,0,2,0,0,16,0,23,8,0,23,37,0,0,2,1,14,2,0,0,1,0,0,0,0,9,6,1,12
31,7,5,0,0,0,0,0,2,11,18,4,48,26,3,28,7,28,47,0,0,0,0,1,0,0,1,13,5,19,3,0
0,4,11,0,15,23,0,0,0,3,0,0,0,7,10,0,14,21,16,4,23,8,9,11,0,0,0,0,2,0,0,0
0,7,0,5,1,0,0,9,0,0,0,0,0,5,7,41,21,2,0,19,0,0,20,4,5,0,0,0,9,0,0,0
0,4,0,0,0,0,4,0,10,1,0,0,0,0,4,13,7,3,3,0,5,4,0,1,1,0,11,0,0,0,0,0
0,0,25,9,0,0,0,30,8,3,0,4,2,2,1,0,0,10,74,9,0,0,1,0,7,0,3,13,12,0,0,6
106,0,3,0,43,29,0,0,0,19,10,0,30,0,13,0,0,0,15,10,12,0,0,14,0,34,19,0,0,0,0,27
50,1,19,0,1,4,0,8,1,0,12,0,4,0,0,0,11,10,2,0,10,22,3,0,0,11,0,0,0,0,0,0
0,1,0,0,1,0,19,0,0,1,0,12,14,13,20,32,3,0,0,20,0,6,0,0,11,0,9,16,0,0,2,12
0,1,24,21,8,0,0,0,0,5,0,20,0,0,9,16,24,0,7,0,7,12,2,0,10,0,0,14,0,0,0,13
4,0,0,0,0,0,0,22,0,7,0,21,0,16,0,13,0,3,13,0,2,2,14,0,37,23,18,14,7,0,0,23
27,0,0,0,0,5,0,0,0,0,9,5,0,8,10,0,0,0,0,25,0,0,2,6,6,0,0,0,2,37,12,0
37,0,13,19,0,18,3,0,9,14,21,14,0,0,29,21,5,44,0,44,29,0,26,35,4,7,9,0,56,11,0,0
32,0,0,6,0,5,0,16,0,16,0,44,25,37,26,0,0,0,0,0,0,18,0,0,0,18,3,23,44,39,9,0
0,18,6,0,0,2,0,0,0,40,0,0,0,0,0,11,0,0,25,7,0,4,22,0,14,22,65,19,0,0,9,0
0,0,0,11,0,0,14,7,16,0,1,0,0,0,0,31,2,9,15,16,14,17,0,0,0,2,2,10,0,6,1,6
91,0,0,0,21,0,27,6,6,9,21,5,1,3,0,0,172,195,197,187,100,0,0,0,5,4,0,0,0,6,0,0
0,9,0,13,19,5,19,0,0,39,71,0,24,0,3,6,129,196,198,187,90,10,8,0,0,19,7,3,28,0,7,0
0,0,10,0,2,25,0,18,0,55,9,49,0,0,0,0,23,0,21,18,0,5,0,29,0,7,0,0,0,18,12,22
45,15,5,10,0,0,3,0,24,0,6,7,0,13,0,31,0,0,0,2,0,2,0,11,0,17,21,39,18,33,7,17
22,6,5,0,46,17,45,13,19,41,8,4,3,6,0,0,0,20,24,8,0,12,0,9,0,17,8,0,17,0,0,0
0,0,7,0,5,2,25,2,1,6,0,0,16,0,0,0,14,18,7,10,0,5,11,19,0,0,5,21,0,0,26,55
0,0,17,0,0,24,0,0,0,0,0,18,20,0,13,23,0,0,7,6,25,31,18,0,8,1,9,10,15,0,27,25
0,16,0,0,0,3,0,0,0,0,0,0,8,0,0,0,6,0,0,9,9,0,0,0,1,0,0,11,0,0,0,0
0,17,17,0,0,0,63,2,0,13,0,7,0,2,0,0,0,0,4,0,53,4,0,27,0,0,14,0,0,0,0,12
