109,10,0,0,0,0,0,0,2,0,9,5,2,0,11,0,0,0,7,3,0,0,0,0,0,4,0,0,0,0,1,13
0,0,0,12,0,6,0,6,0,4,2,0,0,4,0,5,0,1,0,0,0,4,0,2,0,8,0,0,6,0,0,5
6,0,0,5,0,0,0,8,0,0,11,6,4,4,2,3,6,4,4,2,0,6,0,0,0,0,0,1,4,0,1,9
0,0,5,0,0,2,1,1,0,4,20,4,0,0,1,1,4,0,6,0,0,0,0,3,4,10,2,1,0,0,0,9
5,0,3,0,0,0,0,0,0,0,37,20,10,0,5,3,2,0,0,0,9,0,0,10,1,0,0,3,10,0,2,8
0,8,1,0,0,12,0,0,1,0,15,96,0,0,8,10,2,0,0,0,0,4,0,0,2,0,7,5,8,0,15,6
98,4,0,9,2,0,6,0,7,29,62,0,0,1,0,1,0,2,1,11,3,1,10,4,7,0,0,3,8,6,4,18
15,0,0,3,1,5,8,0,9,38,2,12,0,8,44,3,0,0,1,3,7,8,3,0,0,1,9,9,2,7,3,0
0,7,0,0,13,0,0,0,0,5,20,0,0,19,14,19,0,8,18,0,0,5,2,0,0,0,0,2,0,0,2,13
132,6,0,0,2,0,0,0,0,10,0,0,0,10,2,21,2,27,0,62,0,33,0,13,0,0,0,14,12,0,11,0
0,8,0,1,21,0,0,0,0,0,0,27,18,1,20,3,42,1,7,0,0,0,0,0,0,0,0,0,8,0,7,0
0,0,30,5,43,0,0,0,0,14,0,0,5,0,0,1,1,0,0,3,0,0,5,0,0,24,0,0,0,0,7,3
0,9,1,0,0,0,1,0,0,0,4,20,14,0,0,0,0,0,99,40,12,5,17,0,13,32,1,21,0,0,0,7
138,0,10,16,16,7,8,2,3,0,0,54,0,0,0,13,16,3,0,0,0,26,16,0,0,20,0,0,77,0,0,0
133,28,33,0,36,17,23,3,19,0,0,0,0,0,7,0,11,0,14,0,34,8,30,11,13,0,28,0,7,25,26,0
0,0,31,0,0,0,0,0,0,6,0,0,0,0,0,0,0,11,0,0,7,6,0,5,0,0,3,1,19,7,0,0
0,33,0,0,27,9,0,7,6,0,2,0,12,4,1,0,0,0,0,0,9,0,1,0,20,0,13,0,0,0,17,16
10,0,0,38,0,0,10,30,0,0,27,16,0,8,0,7,0,32,0,35,0,0,0,0,8,15,7,32,0,0,0,0
0,0,0,0,0,30,2,0,0,0,0,7,0,0,26,0,14,0,0,3,0,0,0,0,0,20,18,0,32,0,11,26
0,9,16,3,0,0,0,24,1,7,47,0,16,8,5,0,170,187,190,196,132,18,0,0,4,10,20,16,36,5,3,0
0,0,0,0,0,0,13,2,4,0,16,6,10,0,0,16,198,187,191,196,58,4,3,4,12,2,16,13,5,0,0,9
22,0,0,4,10,0,11,24,0,0,10,0,16,0,5,40,0,14,202,0,0,49,2,32,45,0,8,16,0,0,0,29
0,0,0,38,0,0,35,0,0,0,12,9,12,0,0,18,10,0,0,6,0,17,0,0,0,10,30,20,3,13,0,1
0,0,11,4,13,6,14,0,0,0,0,0,0,0,0,0,4,0,0,11,18,1,9,0,10,0,23,6,14,0,8,38
0,0,7,5,0,31,23,31,0,18,6,0,0,39,0,0,0,8,8,16,0,26,0,4,9,0,6,0,0,0,0,0
40,17,15,6,12,8,17,11,8,0,20,20,2,0,10,31,4,0,0,0,0,9,0,0,0,35,37,0,11,14,9,8
0,0,0,0,0,0,0,34,0,0,35,0,0,11,0,0,7,0,0,24,0,6,12,0,4,4,0,5,0,2,0,0
0,16,0,9,0,0,29,6,2,9,25,0,4,0,0,5,6,0,0,0,8,21,0,0,0,0,0,0,0,0,0,0
55,0,0,3,21,4,0,0,30,0,23,0,0,0,5,0,3,23,0,16,1,0,0,13,29,0,9,0,3,14,0,32
21,0,16,4,0,2,0,29,0,2,0,3,11,17,16,0,9,0,0,4,0,31,0,0,11,5,6,0,0,0,14,0
0,0,0,12,13,0,0,32,0,6,0,0,14,20,0,14,0,0,0,22,0,9,2,1,11,5,0,0,0,18,0,19
1,0,0,1,0,0,0,4,1,0,4,0,0,4,0,4,21,9,0,16,6,0,0,0,8,0,29,0,0,0,5,0
101,10,3,22,0,0,14,10,0,0,23,9,0,10,0,9,27,2,0,0,6,1,6,2,8,1,0,0,18,0,0,0
25,0,0,0,0,10,0,38,0,0,7,18,17,0,5,3,0,0,4,3,0,0,16,10,6,8,0,0,0,8,0,10
27,0,18,0,0,5,3,10,12,1,11,7,5,4,0,0,0,0,0,9,0,0,0,6,0,7,0,3,0,8,19,0
0,0,15,15,0,0,0,0,0,0,0,0,20,0,12,0,4,0,1,0,0,0,0,0,0,3,6,13,11,2,6,0
17,1,0,7,3,2,1,3,7,6,0,38,2,0,8,0,0,2,0,13,2,0,5,0,0,0,7,0,0,0,0,0
0,0,0,0,0,17,0,0,0,0,12,77,0,18,11,0,4,0,0,0,0,10,0,14,0,2,15,9,11,0,0,0
0,0,0,0,9,11,0,0,0,30,7,0,2,9,16,0,0,3,7,0,9,7,14,6,21,2,17,0,4,0,0,0
25,0,16,4,6,0,2,7,0,37,0,31,9,43,64,10,0,0,2,2,5,1,0,0,0,0,0,0,0,0,0,3
0,8,0,10,6,0,0,9,0,17,11,6,54,16,0,47,16,48,7,14,2,0,3,0,1,16,0,2,1,1,0,3
85,0,4,0,8,0,0,21,10,0,21,7,24,0,2,38,3,24,0,0,0,54,0,0,2,0,19,4,1,0,22,0
0,2,13,0,0,3,19,0,13,0,11,3,13,0,1,9,31,0,7,2,7,12,18,0,4,0,0,0,0,0,0,0
0,3,3,0,0,10,5,0,0,0,0,0,0,0,8,0,5,0,7,4,0,0,0,0,9,14,0,0,8,3,0,0
20,0,0,5,12,0,4,7,3,1,0,5,6,11,0,8,9,5,63,14,9,0,0,2,0,0,0,12,1,8,0,0
119,3,3,0,1,1,0,9,0,0,0,5,0,0,3,41,6,0,8,0,0,1,21,0,0,22,4,0,11,13,1,11
0,0,3,0,7,1,8,0,3,1,12,1,20,1,0,0,1,0,14,7,0,21,7,0,4,6,7,5,0,1,10,8
0,2,10,2,0,0,0,0,0,6,0,0,0,3,9,0,0,5,0,0,0,2,0,7,7,4,3,2,0,0,0,0
11,0,2,3,7,0,0,0,2,0,4,0,0,0,6,4,17,2,0,1,7,11,0,0,22,0,0,0,3,5,1,7
58,1,0,0,13,6,1,0,0,0,7,1,0,0,0,8,0,0,0,11,0,0,7,1,20,0,0,0,2,16,0,6
62,12,0,0,0,1,5,0,8,0,0,0,0,0,3,6,8,11,8,2,6,0,0,0,4,0,0,1,0,3,10,0
85,6,0,1,0,2,0,0,0,7,3,9,0,16,5,0,5,1,0,44,41,3,0,0,13,0,0,2,71,0,4,7
0,0,0,0,10,0,0,6,0,1,0,13,0,8,0,7,0,41,8,0,0,5,0,5,10,20,5,40,41,0,0,0
127,0,5,6,0,2,2,12,1,0,0,0,0,5,0,2,6,0,0,11,7,0,11,12,16,25,65,0,0,0,0,16
37,6,17,0,6,0,8,0,0,3,0,0,0,16,0,0,0,0,0,5,0,4,0,9,19,0,5,0,8,11,18,0
69,3,0,9,27,0,3,1,3,5,17,2,0,0,0,0,0,0,0,0,0,0,0,0,3,0,0,0,0,0,2,14
0,7,4,0,40,16,0,0,0,26,18,22,3,0,0,0,0,0,3,1,0,0,0,0,0,1,1,3,0,2,2,0
0,10,9,3,0,21,0,0,0,29,14,0,0,12,4,8,0,7,0,0,0,3,0,0,3,0,0,7,5,0,0,6
60,0,0,0,3,0,0,0,0,4,0,0,0,10,0,0,0,0,0,0,9,0,3,7,0,0,3,0,0,6,2,2
8,0,1,6,5,0,3,0,0,0,0,0,0,4,1,0,0,2,5,0,5,0,0,7,0,0,0,0,4,0,4,0
69,0,0,6,0,2,0,0,0,0,4,4,6,0,0,3,8,4,0,0,1,0,2,0,3,0,5,0,6,0,0,0
4,5,8,0,0,6,0,2,0,5,3,0,4,3,0,0,5,0,0,0,1,0,1,0,0,5,0,0,0,1,0,3
0,0,4,0,5,3,13,0,0,1,5,0,0,4,6,0,2,0,0,0,3,5,7,6,0,0,0,0,0,2,0,0
0,8,0,4,5,4,3,0,7,0,5,0,10,4,4,0,3,2,0,2,0,1,0,0,0,0,0,0,1,3,0,9
112,0,0,0,0,0,0,0,0,0,6,0,3,0,7,0,7,11,0,6,2,0,0,5,14,0,0,0,1,1,0,0
0,0,2,1,2,3,5,0,7,11,5,0,1,1,0,4,0,0,0,0,2,0,10,0,0,2,0,2,0,0,0,8
6,0,8,4,4,3,0,1,2,2,0,0,0,0,0,4,5,0,0,0,0,0,7,3,0,0,6,0,0,0,0,0
10,3,0,0,0,0,0,0,15,7,12,0,0,2,0,0,0,0,0,0,2,0,0,6,2,2,1,4,1,0,8,4
29,0,4,18,5,0,2,1,0,0,40,32,0,0,0,24,0,0,0,0,4,1,5,3,5,4,12,0,14,6,14,0
0,18,10,1,0,0,0,0,2,14,13,80,0,0,0,1,0,4,6,1,0,0,11,0,4,0,0,0,0,10,0,4
132,0,15,4,7,0,10,0,0,36,41,10,0,0,0,1,0,0,0,19,0,13,9,0,0,0,0,3,0,0,0,15
0,2,6,4,12,0,0,0,7,26,12,11,0,4,51,10,4,0,4,15,2,0,0,0,8,0,0,3,0,0,0,0
132,0,5,0,0,9,0,0,14,41,8,0,40,6,11,30,0,28,32,0,12,0,0,0,0,0,0,11,0,0,2,0
0,1,17,17,0,0,0,25,0,0,0,0,8,7,0,27,0,25,0,14,11,0,24,6,0,9,34,1,0,0,21,0
53,0,0,2,18,2,0,2,15,0,0,0,0,8,3,17,40,0,12,2,8,0,0,2,0,0,15,16,6,0,0,0
103,22,26,2,12,10,0,1,19,0,0,13,5,0,0,13,3,19,0,0,0,24,14,0,2,0,0,0,5,10,9,3
12,0,0,0,3,19,11,1,0,1,0,7,1,7,0,5,18,0,38,19,0,0,22,0,0,0,10,12,2,0,2,2
0,0,0,10,43,14,37,24,12,21,0,0,0,18,0,0,36,0,26,19,0,0,26,1,0,0,0,12,5,0,0,0
0,0,0,2,0,0,10,11,19,2,1,0,0,4,19,0,9,0,31,0,3,3,26,0,0,14,3,0,0,0,0,0
32,0,0,0,0,17,18,0,12,0,0,0,21,0,13,21,22,0,0,0,0,0,0,2,19,17,0,0,7,2,10,5
21,2,0,0,5,0,0,0,0,16,6,0,0,12,0,0,0,0,2,2,1,13,5,8,5,0,0,0,0,16,6,5
55,16,0,0,18,11,21,0,5,20,0,0,14,0,0,2,0,0,16,1,17,1,1,19,27,0,0,0,11,21,19,2
92,18,2,0,19,4,0,0,0,10,0,6,0,0,0,17,0,43,92,39,0,5,0,1,0,2,0,9,0,21,2,0
0,4,24,1,0,0,12,3,23,11,4,16,0,0,0,19,193,198,195,191,0,8,14,0,9,2,0,2,37,19,25,13
0,8,0,0,11,5,29,0,0,0,35,34,8,11,3,0,194,198,214,134,0,8,0,0,0,0,0,20,12,0,0,9
0,0,0,25,41,0,28,6,4,0,6,0,2,38,28,0,0,0,1,41,5,0,0,12,4,22,77,6,0,3,11,0
2,0,0,0,22,0,0,0,0,6,0,0,0,17,0,0,9,0,0,1,12,0,9,4,2,16,1,0,0,2,6,0
0,0,0,7,17,3,16,40,19,12,25,21,0,0,0,0,0,0,0,8,0,0,11,0,0,0,0,0,16,1,0,2
0,2,29,7,31,2,2,31,8,17,0,18,29,21,33,0,22,0,0,11,11,0,0,0,0,4,16,5,5,0,11,0
0,0,23,9,0,0,12,14,6,4,0,1,2,0,0,52,0,0,6,3,13,12,1,2,0,1,0,0,0,23,0,27
0,0,8,17,33,16,3,0,16,0,9,0,10,33,1,0,19,19,24,0,23,0,5,13,10,3,4,0,0,7,0,8
0,0,2,26,2,19,0,0,14,13,7,0,0,0,3,18,0,29,0,10,24,0,35,0,2,0,2,0,0,14,0,0
0,0,0,0,28,0,0,0,18,3,17,0,22,1,0,20,1,30,0,5,7,0,0,8,6,0,11,19,0,0,8,16
3,0,0,0,0,0,26,14,16,6,14,16,32,11,0,13,5,4,0,26,15,0,0,1,14,20,0,0,1,9,21,0
0,0,0,9,0,21,9,0,0,0,0,0,3,20,5,0,16,0,0,0,0,6,0,0,0,0,0,3,0,0,1,0
0,0,2,0,11,11,0,8,3,0,36,1,0,0,21,16,4,37,0,0,0,1,0,10,0,0,0,5,10,0,26,0
119,0,7,4,9,0,0,0,0,0,22,0,0,6,9,1,0,7,8,0,12,0,5,2,0,1,0,4,5,0,0,16
6,0,4,5,0,0,8,0,0,0,13,0,0,0,3,11,0,1,0,3,3,2,0,0,0,0,10,0,6,0,3,0
0,5,3,4,16,0,10,0,4,0,4,0,0,0,5,0,0,3,1,7,0,1,4,0,5,1,0,0,0,0,0,0
0,16,0,0,0,20,12,0,5,0,13,41,0,8,6,0,0,0,0,0,3,6,2,0,0,6,3,5,2,2,0,6
12,0,4,4,0,0,5,0,14,0,22,1,4,0,0,5,0,0,0,7,0,0,2,4,0,0,8,0,0,1,0,0
31,9,6,0,14,5,0,0,0,0,12,75,0,7,0,0,0,5,5,1,0,0,0,0,0,6,0,8,1,0,5,0
66,14,18,0,6,0,9,20,6,7,58,13,0,1,1,19,0,4,0,0,4,0,0,19,0,12,2,6,9,0,12,0
9,7,0,0,14,0,0,0,0,22,7,15,0,16,33,0,0,0,5,1,1,0,0,0,3,0,0,0,0,2,0,0
105,1,0,3,0,0,0,0,0,26,27,9,28,42,1,42,16,0,56,5,0,0,0,0,0,12,0,0,3,16,0,0
138,0,0,0,3,6,0,0,7,5,0,0,2,0,0,30,0,31,0,4,0,23,0,5,5,2,0,0,0,0,0,21
37,0,19,3,6,0,6,0,0,0,1,8,0,0,0,23,34,0,0,0,0,0,1,0,0,1,0,0,2,0,0,0
98,0,1,5,10,0,4,0,0,1,0,0,0,0,0,21,9,2,0,0,0,0,5,0,5,0,12,2,4,0,7,0
0,2,0,2,0,0,0,2,0,7,0,0,0,0,0,19,9,0,64,0,0,0,0,7,3,7,0,4,0,14,0,0
119,0,11,0,8,19,7,0,16,0,1,0,1,0,0,11,3,0,0,2,5,0,12,8,2,19,0,0,0,7,0,1
0,0,0,0,0,0,0,0,0,5,0,4,0,10,0,0,4,0,9,0,0,24,4,1,0,0,0,3,0,0,0,0
0,0,3,4,0,0,0,1,0,1,0,0,7,0,4,0,12,5,0,0,0,0,0,0,1,0,3,0,7,6,0,0
0,0,0,0,0,10,0,7,0,0,2,0,0,7,0,0,0,0,0,5,0,0,0,1,27,1,0,0,1,3,0,0
0,3,0,0,0,0,0,0,0,0,0,8,0,0,0,0,0,0,0,7,0,0,8,2,36,6,2,0,0,5,0,0
84,2,0,0,0,0,9,7,7,0,3,1,0,0,0,0,0,0,2,4,0,0,5,5,2,4,0,0,0,0,4,25
92,0,0,0,0,0,5,5,0,0,39,4,0,0,0,0,0,8,0,8,0,15,0,2,17,10,0,1,68,0,0,0
72,0,4,3,0,3,3,1,0,7,0,0,0,0,0,0,0,5,0,5,7,0,0,0,7,6,0,32,26,0,3,0
0,0,5,9,1,0,0,0,9,9,10,0,3,1,1,3,0,0,0,4,6,0,11,19,14,3,70,0,0,8,0,0
0,0,5,0,0,0,2,0,0,8,10,13,5,3,11,0,10,1,9,0,1,0,6,2,21,0,7,0,1,0,0,6
0,1,5,5,31,0,5,0,0,15,28,0,0,0,0,0,5,0,4,0,0,7,0,0,0,0,4,5,0,0,3,0
48,14,16,0,30,15,0,0,0,27,74,15,0,7,0,0,1,0,0,0,3,0,2,0,0,8,0,2,2,3,0,0
0,2,44,12,0,28,4,0,0,31,13,37,0,0,0,0,0,0,7,0,7,0,5,8,2,10,0,0,0,0,4,0
0,2,16,2,1,0,0,0,0,0,0,0,0,10,0,0,2,10,7,3,8,0,0,3,0,7,0,0,0,0,0,7
6,1,0,5,0,0,12,3,0,0,7,0,0,0,0,0,4,1,0,0,1,1,0,1,0,2,3,1,0,0,0,0
0,0,4,0,0,0,3,0,0,0,2,0,0,0,6,0,3,8,0,4,0,0,0,0,0,9,0,0,0,0,5,6
0,0,0,10,1,0,6,0,7,6,6,0,0,13,0,0,0,0,0,0,0,0,0,3,0,2,0,0,0,0,0,0
0,0,0,1,11,1,0,0,0,2,5,0,1,0,0,0,0,0,0,1,0,1,0,0,0,0,3,0,0,2,0,0
4,0,1,12,0,0,8,0,0,4,0,0,0,7,5,0,0,0,0,0,0,0,0,0,0,7,10,0,9,5,0,0
139,19,0,22,0,0,0,7,40,0,0,0,0,20,1,9,7,0,4,30,3,0,0,0,0,0,8,3,2,20,16,32
0,4,5,0,0,0,0,2,5,0,0,20,0,18,21,0,0,4,0,0,8,0,0,0,21,0,1,9,2,3,0,0
0,0,0,0,0,3,0,4,5,6,6,5,20,0,0,12,14,1,0,4,0,0,0,7,17,21,0,0,0,17,3,0
16,0,0,30,0,0,0,37,0,6,33,1,9,0,0,0,0,0,0,23,1,0,12,4,0,0,1,0,4,14,0,19
0,31,9,7,0,0,16,1,0,6,17,33,3,0,0,32,19,21,0,0,0,1,0,0,2,0,0,0,15,7,0,22
25,0,25,25,0,0,0,0,5,0,0,100,0,0,19,4,0,0,0,4,9,0,0,0,0,0,9,0,0,0,0,0
0,28,3,0,25,0,16,20,0,18,0,0,62,0,0,9,12,34,0,0,7,10,0,9,21,0,0,0,19,0,15,18
0,19,14,20,0,0,7,2,2,13,0,6,0,0,0,10,0,0,0,31,1,0,0,24,0,14,0,0,0,24,0,9
107,2,0,1,0,5,2,12,10,6,21,5,52,0,0,44,0,39,19,0,0,0,5,9,0,0,14,3,0,11,18,36
129,0,1,38,10,7,31,10,0,3,20,3,13,24,2,42,20,0,0,0,0,8,0,18,0,5,2,37,19,25,16,54
48,0,2,0,0,0,26,5,33,0,0,10,0,0,0,19,0,35,1,21,0,11,0,0,0,0,10,33,0,2,6,0
27,0,21,0,44,0,0,20,0,0,0,6,0,0,0,8,7,3,0,23,0,17,0,12,0,0,0,11,0,0,10,26
0,5,0,0,0,4,0,0,0,0,0,0,0,27,0,68,12,82,43,2,13,7,8,17,6,12,0,22,9,41,14,0
48,0,5,14,3,10,0,12,0,26,0,10,40,38,0,0,13,0,11,0,0,0,0,8,27,9,0,19,0,0,0,25
18,1,7,11,91,14,0,12,0,0,1,7,14,10,33,0,14,0,0,29,24,0,5,0,0,9,2,3,23,0,0,0
87,10,31,31,63,0,43,0,6,0,9,0,0,0,0,0,1,0,12,0,14,0,0,12,0,21,0,0,0,21,0,0
0,0,0,0,0,32,0,0,0,31,0,13,0,0,3,13,0,6,24,12,0,0,0,0,11,8,4,0,2,8,0,0
92,0,0,0,0,6,12,5,0,15,25,4,0,3,0,4,169,191,195,198,2,21,0,2,12,0,0,7,0,0,8,28
7,0,26,1,0,3,0,0,19,0,0,7,0,11,0,60,191,191,195,128,14,0,9,0,14,0,0,5,1,0,0,12
0,39,0,0,0,14,0,0,0,0,42,27,19,0,12,1,206,89,12,10,16,21,10,0,2,18,13,0,37,0,12,48
0,0,0,19,0,0,0,11,0,0,0,7,0,1,1,2,1,5,0,9,0,0,14,17,0,20,0,28,0,0,0,18
0,21,4,0,3,6,16,0,16,11,0,0,7,0,6,12,22,0,0,23,13,0,0,0,8,4,27,14,2,0,4,38
0,24,0,0,0,0,0,0,0,3,17,6,14,0,0,0,7,5,3,33,0,0,0,0,13,28,5,0,12,0,0,12
0,37,8,0,42,0,11,3,51,24,21,15,0,0,0,0,15,0,0,16,26,0,15,26,0,39,8,0,0,5,17,0
22,0,0,14,5,0,0,10,0,20,5,16,0,0,0,0,0,0,0,1,10,10,21,0,36,0,11,0,0,0,0,0
76,0,20,0,0,54,17,19,19,13,15,48,7,0,68,32,0,2,0,0,34,0,0,15,5,13,0,0,10,0,2,4
76,0,1,0,0,0,0,0,0,9,0,23,3,0,0,0,0,0,0,0,0,13,0,0,7,24,16,0,2,0,1,17
19,0,0,0,0,12,10,0,6,0,0,0,0,0,0,0,0,12,19,0,7,0,24,10,5,20,21,0,0,2,0,0
0,0,0,15,0,0,4,2,0,9,0,0,0,8,0,0,3,12,0,10,0,3,0,9,0,0,13,15,14,22,0,0
23,0,15,0,31,7,7,0,0,0,4,24,0,28,0,0,0,0,12,24,2,6,15,6,25,0,0,8,7,0,17,0
24,22,5,0,0,25,6,0,0,0,0,7,25,0,5,35,10,0,0,8,0,2,3,0,4,13,8,8,5,6,0,12
0,23,0,0,3,0,0,7,25,0,0,5,13,11,0,5,28,0,27,0,0,12,23,3,0,0,0,2,0,13,0,0
102,0,1,10,0,0,3,0,1,2,9,0,0,1,4,0,0,0,0,0,7,10,1,0,0,2,12,0,1,2,0,3
0,5,6,0,0,14,7,0,0,7,0,0,4,4,0,0,0,3,0,6,0,10,0,0,1,0,4,0,5,3,0,3
2,8,11,0,2,13,0,0,0,6,6,0,0,8,1,0,3,3,1,0,0,0,0,1,0,0,3,0,0,0,0,4
0,4,1,0,5,0,7,0,0,0,22,16,2,4,0,0,1,0,0,4,0,8,2,0,0,0,4,0,3,0,0,2
9,3,0,2,0,4,0,1,0,4,24,10,0,0,0,1,0,3,3,0,0,0,0,7,6,0,0,0,0,0,3,0
0,3,0,0,3,0,2,1,1,5,15,70,0,6,0,0,0,0,0,12,4,0,0,0,0,2,0,0,0,2,0,0
87,3,0,10,8,6,3,0,2,40,30,0,0,1,0,0,2,0,4,0,0,5,0,3,0,0,0,6,0,1,9,2
26,2,1,9,5,0,0,0,0,27,16,0,0,9,42,0,0,1,0,6,0,1,0,3,0,7,5,0,0,0,1,0
0,0,0,8,0,0,0,1,0,16,14,0,24,32,0,21,26,2,28,13,0,1,2,0,0,0,2,0,0,0,16,14
3,0,8,0,0,0,0,7,3,0,2,3,0,0,2,13,0,28,3,0,5,11,0,0,1,4,0,0,13,0,0,16
0,0,14,0,7,8,4,0,15,0,4,2,0,0,0,17,20,7,4,0,2,0,7,0,2,0,0,4,0,0,0,35
102,0,0,8,0,0,0,0,0,0,0,0,0,0,0,0,17,2,0,0,0,0,0,0,1,2,0,5,0,0,0,0
0,0,0,1,0,0,0,0,0,7,8,0,5,0,1,10,11,0,59,4,0,0,6,0,7,3,0,11,1,6,14,0
30,0,0,0,5,0,5,0,4,11,0,1,0,0,0,3,0,3,7,0,0,0,0,0,7,23,3,5,0,11,0,0
0,0,0,6,0,0,5,1,0,9,0,0,0,13,0,0,1,1,3,5,0,19,5,2,0,0,0,0,0,11,0,0
31,0,18,0,7,7,0,0,2,0,0,3,0,0,0,0,0,0,0,0,39,2,6,0,4,0,0,0,8,5,9,0
0,0,8,0,20,4,0,11,0,6,6,0,4,8,0,0,3,0,16,0,6,2,0,0,22,0,0,0,0,0,4,0
7,0,12,0,0,0,10,0,3,0,0,0,3,0,1,1,6,0,27,25,7,0,5,5,30,0,0,1,1,0,0,7
82,1,0,8,0,0,0,13,0,0,0,12,11,0,8,0,0,0,0,25,3,0,13,0,7,6,3,9,0,0,11,0
108,0,0,1,0,1,7,0,11,11,29,0,0,0,0,0,0,0,2,6,4,6,4,1,12,0,0,0,64,3,0,0
61,0,0,10,0,0,11,9,4,0,0,25,0,0,4,0,0,0,6,6,11,0,0,0,10,24,0,18,31,0,0,0
130,0,0,4,0,0,0,1,0,0,0,4,0,0,1,3,0,0,0,0,1,1,12,11,26,0,71,0,0,0,6,1
56,5,0,0,0,4,6,0,4,0,17,16,0,2,1,0,0,0,0,5,0,0,0,0,26,0,1,0,0,0,0,0
39,0,0,0,35,10,6,0,5,18,17,0,0,0,0,0,11,5,0,0,0,5,0,0,0,3,0,1,2,2,0,0
50,12,13,0,26,10,0,0,1,19,57,13,0,3,0,0,11,0,3,6,0,0,2,8,1,3,0,5,8,0,0,5
0,4,25,8,0,23,2,2,0,31,9,27,0,0,0,5,0,0,1,0,5,9,10,4,0,9,3,0,0,11,0,0
0,0,0,0,0,0,2,7,0,8,10,1,9,0,0,1,0,1,0,0,0,2,3,15,5,4,12,0,0,6,0,13
0,0,8,0,13,0,0,0,0,0,0,4,0,3,8,0,0,1,3,0,0,0,7,0,5,4,9,0,0,1,0,7
56,0,7,0,0,0,0,0,0,0,2,0,0,0,6,5,0,1,0,0,0,11,0,0,1,0,0,10,0,1,9,1
0,0,0,0,6,0,0,7,3,5,9,2,0,8,12,0,3,2,0,2,0,0,0,0,0,5,3,13,0,0,10,4
8,6,4,0,0,9,0,0,0,2,3,0,0,2,4,0,0,11,0,0,0,0,0,0,2,0,2,0,2,2,10,0
2,0,0,1,0,0,0,0,0,0,10,3,4,7,10,0,0,0,12,0,0,0,5,0,0,0,0,0,0,0,0,5
104,12,17,20,0,0,0,0,0,0,0,0,47,0,10,9,23,3,0,0,0,0,16,0,0,4,29,0,0,0,0,3
0,0,14,6,16,0,2,5,0,5,0,8,1,7,0,0,0,0,0,20,2,0,0,0,0,11,0,0,10,0,0,19
0,16,10,26,25,0,0,1,0,24,0,0,0,25,0,18,0,13,6,11,0,3,16,2,14,0,2,0,0,3,0,0
0,0,7,0,0,0,0,0,0,16,10,25,0,0,8,2,0,0,4,22,9,2,0,0,15,18,1,13,0,0,3,0
38,16,0,0,0,8,0,0,24,0,0,0,0,5,0,0,0,12,0,24,0,0,0,0,0,8,7,0,0,0,27,18
0,0,9,9,0,0,24,0,0,0,23,81,0,5,5,0,0,0,0,1,0,1,0,1,7,0,44,0,25,29,14,0
80,2,0,12,0,8,0,31,17,32,26,0,35,0,11,52,0,46,0,0,15,0,0,9,0,29,0,0,0,13,0,6
0,0,35,3,16,0,0,0,6,44,0,0,21,77,6,0,16,5,0,56,0,0,0,0,0,0,10,0,0,2,10,0
80,0,7,0,45,1,0,35,0,5,0,4,6,8,7,30,0,23,4,10,0,19,0,0,0,0,0,0,13,0,0,35
0,0,11,0,27,12,17,23,0,7,0,0,0,0,0,40,0,36,0,20,0,7,11,14,0,0,16,0,0,0,9,0
104,0,0,29,8,8,0,0,29,0,2,51,0,34,0,43,20,0,16,4,0,0,0,5,0,0,1,0,8,0,0,42
82,14,0,41,34,55,14,23,0,26,0,26,0,38,7,24,20,6,0,47,5,0,0,0,3,0,14,22,7,0,14,0
123,0,0,0,10,4,12,16,10,0,0,0,0,6,0,6,35,0,0,13,0,0,4,9,7,0,17,0,17,6,4,20
81,0,17,0,23,3,0,0,0,3,6,16,0,18,10,0,24,0,0,24,11,5,13,0,0,28,2,0,0,0,0,26
0,4,27,0,19,0,5,0,0,2,0,23,15,0,0,7,6,0,8,0,0,1,34,17,2,2,15,0,40,10,0,4
7,0,23,0,5,0,28,0,0,6,25,0,0,0,34,0,36,0,0,0,0,0,0,0,1,7,0,0,0,13,0,0
79,3,0,0,3,6,0,0,5,2,12,4,18,0,0,0,69,172,194,188,0,0,2,0,13,0,10,16,0,0,0,0
0,4,36,1,0,0,0,5,0,6,11,3,6,2,0,6,71,157,42,255,0,2,0,12,9,0,0,0,0,0,0,0
107,0,0,0,0,11,2,6,0,17,5,6,11,0,31,14,53,231,52,0,0,18,1,16,3,17,0,10,13,0,0,20
0,0,0,11,0,0,29,0,0,16,0,0,0,10,9,0,0,0,2,1,0,12,0,0,0,9,20,10,61,0,0,8
125,37,0,0,30,24,11,0,15,0,7,4,0,0,0,2,3,18,12,0,11,0,0,8,0,12,0,28,51,0,15,19
0,5,0,0,0,0,0,0,27,0,30,0,12,0,0,12,0,0,0,0,17,0,10,0,16,0,83,0,28,0,10,2
75,0,3,10,0,17,0,2,0,0,2,0,2,16,0,14,10,10,2,7,7,2,0,0,19,5,18,1,0,0,0,0
0,18,0,0,28,0,2,0,0,0,9,0,0,0,8,0,10,0,25,19,7,0,0,29,18,0,0,0,0,7,47,0
0,3,0,12,35,7,0,22,0,19,14,50,13,0,17,6,12,11,0,11,0,0,0,0,0,23,0,8,2,0,0,15
0,5,48,3,0,30,0,0,0,14,0,34,0,0,0,7,18,0,7,20,0,0,0,5,5,0,14,0,26,10,15,14
0,0,7,0,24,0,8,28,5,0,0,3,0,16,0,0,5,0,3,0,16,7,0,0,25,0,24,5,0,4,8,0
4,0,9,0,2,0,11,0,8,10,0,0,0,0,5,0,0,6,6,0,0,0,0,0,0,3,0,22,13,0,3,0
9,6,0,9,0,0,0,20,0,3,7,0,10,0,0,22,6,9,11,0,0,0,5,0,0,8,16,0,8,4,0,18
0,0,16,0,29,20,4,0,7,15,0,0,0,0,10,0,17,0,9,0,11,4,0,0,0,8,0,8,0,0,0,16
2,0,1,3,0,0,0,0,0,0,14,9,0,6,0,10,10,2,0,6,0,0,0,2,8,0,0,10,0,1,4,0
3,0,0,0,5,0,0,0,0,15,0,7,0,3,1,0,0,0,0,0,12,0,0,8,6,4,0,0,0,0,0,1
124,3,0,0,0,0,0,21,0,0,18,17,0,45,0,0,0,0,9,0,7,5,0,6,0,0,0,0,21,11,2,17
0,1,0,0,5,8,25,0,1,8,0,10,6,31,24,0,10,12,1,0,14,0,0,0,21,0,17,17,26,0,12,5
0,11,0,0,18,0,0,0,0,18,18,21,11,15,0,22,21,0,12,0,0,15,0,0,0,0,0,4,17,0,2,25
0,11,15,0,17,10,0,14,0,0,3,13,0,0,9,19,11,0,1,0,1,7,0,0,0,0,0,0,3,0,1,14
36,0,0,21,0,0,0,11,46,0,0,23,0,6,5,20,11,0,0,0,4,2,0,7,0,0,0,0,28,9,0,29
35,0,9,0,10,0,16,12,24,127,10,35,11,88,3,6,0,0,0,5,0,0,27,10,0,0,0,0,22,9,0,21
124,0,8,8,0,27,24,0,126,196,13,20,105,197,225,0,0,0,3,0,10,0,4,0,0,0,0,0,0,7,4,0
8,14,3,6,19,0,15,15,0,0,0,28,9,70,50,0,7,0,12,8,0,0,0,0,0,0,0,0,15,0,9,15
77,0,0,0,0,25,0,25,0,52,0,18,5,0,3,24,0,32,29,0,0,8,0,22,0,10,0,11,18,6,17,16
0,0,0,0,5,0,12,0,0,4,0,0,12,15,10,0,13,61,0,0,0,33,0,2,0,18,10,21,0,0,0,42
87,0,0,33,14,0,0,0,0,6,37,0,49,0,0,29,0,0,17,4,5,19,0,0,4,17,7,0,18,49,0,0
0,10,0,4,28,36,20,0,0,8,34,0,2,0,9,0,26,0,10,22,0,0,0,15,0,0,10,0,15,0,7,0
112,1,28,0,0,11,0,19,58,11,27,29,0,0,11,0,8,0,55,29,0,0,16,0,0,13,23,6,2,9,0,33
95,0,16,1,0,4,18,23,26,0,17,0,0,61,23,0,0,0,0,9,0,11,8,10,26,41,76,0,19,0,0,0
74,0,0,32,0,5,0,0,0,0,21,6,0,0,0,14,0,0,13,12,0,0,43,0,0,13,0,0,0,0,0,0
31,0,0,9,16,0,0,0,0,7,0,0,0,10,0,0,4,0,1,0,3,0,0,1,0,0,6,0,0,0,0,9
90,6,1,12,12,0,0,18,0,11,20,0,0,0,10,9,0,14,19,0,9,5,0,7,43,0,0,23,18,9,0,7
63,18,5,0,11,33,0,4,10,0,21,0,14,2,20,0,34,22,17,41,0,0,3,1,19,31,3,0,0,0,0,0
0,0,31,0,14,24,18,0,0,0,9,4,19,0,0,8,0,0,0,18,0,5,0,0,4,8,0,21,0,0,0,0
129,36,0,0,0,11,0,0,0,19,0,0,0,0,0,9,31,0,1,7,0,17,0,0,0,0,0,0,23,0,0,19
80,31,24,0,0,0,0,5,2,0,41,32,0,0,0,38,0,18,0,0,0,0,0,0,11,9,0,35,37,0,0,23
20,30,25,0,36,0,30,2,13,0,5,0,10,1,9,25,0,0,0,0,18,0,0,9,14,14,23,0,0,11,20,0
39,0,0,0,0,17,0,22,16,4,0,57,0,0,0,0,16,5,13,0,6,11,4,0,11,0,0,8,21,1,13,0
0,0,0,23,34,0,0,0,1,8,36,11,11,0,12,23,0,0,0,0,0,10,0,14,30,0,35,0,26,0,12,5
89,9,5,14,10,22,32,10,25,23,14,0,0,0,0,0,6,3,13,5,13,0,0,23,4,7,24,1,6,0,0,10
88,7,40,0,26,31,0,33,0,34,0,31,29,2,0,8,0,0,11,11,0,0,0,0,0,11,0,5,0,0,0,0
0,0,21,0,3,0,0,0,11,0,0,18,16,48,28,3,12,0,0,1,12,0,17,0,6,0,13,0,0,29,3,0
18,16,2,0,0,0,42,0,13,2,0,6,5,0,19,11,0,0,0,0,5,2,0,5,0,0,0,0,24,6,4,0
0,0,0,0,0,9,0,2,0,5,0,0,0,80,8,13,0,0,6,0,17,6,4,0,4,0,0,0,0,0,22,0
27,0,0,6,0,12,25,0,0,8,17,0,4,0,0,2,16,0,0,7,0,0,8,0,7,0,0,11,0,8,0,7
0,0,0,0,1,16,1,0,0,5,0,1,0,0,21,0,0,12,0,7,8,0,3,17,0,14,1,6,22,0,1,3
0,0,27,0,10,38,7,0,1,10,4,7,13,13,0,10,0,0,0,0,2,16,0,32,0,0,0,0,0,6,0,0
109,4,0,7,0,0,0,16,0,0,8,31,0,5,13,0,6,11,0,0,0,2,5,0,15,12,6,9,5,13,4,12
24,0,0,5,5,0,0,0,4,0,21,7,11,10,0,0,0,0,0,0,0,14,0,1,0,6,0,0,2,8,1,0
0,4,0,0,0,13,0,9,12,0,13,0,0,0,5,5,13,0,17,5,0,10,0,10,0,0,0,0,0,2,0,0
0,0,0,12,34,0,0,2,0,0,14,23,0,7,0,0,0,0,0,4,0,3,13,5,10,2,9,5,13,3,4,5
6,16,0,0,6,5,6,18,6,1,0,6,4,0,4,0,2,11,0,0,0,0,0,1,0,0,0,6,5,0,0,0
0,1,0,35,0,0,0,19,61,0,0,69,0,0,6,5,0,0,0,5,0,18,0,4,11,6,14,1,2,0,0,0
104,0,1,0,0,3,3,10,130,0,19,0,0,49,7,13,0,3,0,15,0,6,4,6,0,4,0,0,5,0,0,0
115,0,0,1,6,2,0,6,14,28,5,4,1,23,29,0,0,0,3,2,0,0,5,3,0,0,0,0,2,8,0,0
0,18,0,0,12,0,3,0,0,0,7,1,32,11,8,40,6,38,17,0,0,3,0,4,0,0,0,0,0,8,1,0
0,0,0,4,3,0,1,0,0,1,11,3,19,0,7,35,11,18,13,0,0,42,0,0,0,0,10,13,19,0,3,0
0,0,0,0,1,0,0,2,1,1,6,0,1,8,4,2,0,2,0,0,0,0,0,5,0,0,3,3,0,0,4,26
1,6,7,4,0,0,8,0,12,0,0,0,0,20,0,4,0,1,1,2,2,0,0,5,0,0,0,0,0,4,0,0
0,0,0,2,3,3,0,10,0,0,1,0,0,9,2,0,0,0,47,0,3,0,1,13,6,0,8,16,0,0,0,0
0,0,0,13,2,0,0,10,0,0,0,3,3,7,3,6,0,0,14,0,5,5,14,7,7,0,17,1,10,1,0,4
75,0,0,0,0,3,0,4,0,4,0,0,17,0,7,0,2,0,12,0,0,20,27,0,0,0,6,0,1,8,0,0
0,0,0,3,11,2,0,10,3,0,0,0,0,0,0,0,0,0,3,0,2,3,14,0,0,0,6,0,0,5,4,1
0,9,0,0,0,0,10,4,0,0,0,0,0,21,8,1,10,0,79,1,19,0,0,1,32,1,0,0,0,6,1,6
0,0,12,0,0,0,0,8,0,0,0,5,0,0,0,4,0,18,25,2,1,0,2,0,33,12,16,1,11,0,0,6
86,0,0,0,0,1,0,0,6,0,1,9,0,2,0,0,0,6,0,11,0,0,0,10,6,7,2,0,8,14,5,0
89,0,6,1,26,0,18,16,0,2,7,0,0,0,3,0,0,4,0,0,0,0,0,5,6,2,0,1,32,11,7,0
0,18,0,0,3,0,0,0,0,9,7,3,0,3,0,0,7,0,0,9,0,2,0,4,8,13,0,28,45,0,7,15
0,16,14,0,0,31,2,0,0,4,27,0,0,0,9,24,18,16,0,0,1,3,16,5,0,9,64,0,5,25,0,9
64,0,16,15,26,0,12,8,0,0,12,18,4,12,0,3,0,3,0,5,8,13,16,0,27,0,8,13,0,0,0,0
0,8,0,0,0,19,37,0,26,0,29,2,0,0,6,6,4,10,3,9,19,0,0,6,5,4,0,7,12,0,5,0
0,16,1,10,12,0,22,0,0,26,0,0,0,7,4,16,1,0,22,18,0,6,20,0,0,12,27,17,23,0,9,8
0,30,16,0,8,11,0,0,0,44,0,49,0,0,28,17,16,4,3,0,5,8,0,0,0,0,0,44,14,0,4,0
0,3,0,1,0,0,0,7,23,13,19,10,37,0,35,0,0,26,5,14,0,0,33,25,0,0,13,21,13,0,0,0
0,0,5,5,20,8,0,0,7,11,0,4,1,33,0,0,38,19,15,0,16,1,0,1,0,1,37,17,0,14,41,0
0,5,0,0,11,0,0,0,6,0,4,3,1,6,8,0,0,13,1,26,0,29,21,0,0,0,12,21,20,13,17,0
0,0,20,0,32,0,0,0,24,4,13,11,21,0,0,0,0,6,0,5,0,0,36,12,0,4,0,7,0,0,0,0
23,0,0,15,1,0,0,5,3,0,0,14,0,0,9,38,0,1,0,0,4,0,7,12,4,12,19,6,8,3,0,3
0,0,27,7,13,3,6,17,0,6,10,2,9,4,0,0,0,3,10,39,3,9,10,0,2,8,6,0,0,7,30,16
107,0,0,6,0,0,0,31,0,0,0,17,0,21,16,0,18,2,0,0,0,0,0,6,2,8,0,0,3,6,0,0
0,0,0,0,0,0,0,39,0,0,32,4,5,0,1,0,0,0,0,0,0,22,0,16,0,0,12,14,0,5,14,32
0,4,16,15,1,0,0,9,0,10,4,16,32,0,0,0,45,11,4,21,16,29,10,5,0,22,0,0,11,0,11,2
0,15,0,9,20,0,7,8,15,0,46,0,21,0,22,9,0,0,9,22,0,0,21,0,14,0,0,13,32,0,0,0
21,0,12,9,0,16,0,0,0,11,16,2,39,9,43,13,22,0,34,26,22,10,0,43,0,0,0,0,0,30,0,0
0,13,30,0,18,12,0,19,0,7,43,87,14,0,0,0,16,0,0,0,0,13,0,25,0,0,0,11,0,0,5,7
0,0,24,22,22,0,22,10,30,42,38,13,17,2,3,17,0,38,0,24,0,0,0,10,16,18,42,0,0,28,0,32
8,0,0,24,0,0,0,0,1,16,5,0,28,2,45,0,0,0,0,0,0,0,0,18,0,5,0,0,0,0,31,28
0,5,14,7,0,2,0,5,0,8,6,26,46,0,32,34,36,0,51,3,18,0,2,0,0,16,26,29,27,0,25,45
0,0,0,10,0,0,0,14,0,0,0,2,0,0,0,5,9,6,10,4,3,13,0,6,0,0,0,0,0,3,0,0
0,0,7,2,0,0,0,0,1,7,0,0,0,0,0,0,31,6,7,12,26,0,6,7,23,2,0,20,0,0,0,0
38,5,4,2,26,22,0,21,19,0,0,0,19,14,0,15,0,0,0,0,21,0,11,11,0,0,14,0,0,0,0,10
138,22,2,12,0,0,7,1,3,0,5,5,7,0,0,11,0,0,33,0,0,0,0,0,2,0,0,15,7,0,0,4
85,13,2,0,0,0,0,0,0,0,42,0,43,0,8,30,0,1,0,0,0,11,19,0,26,31,5,0,0,0,0,20
3,12,0,0,0,39,0,0,9,21,0,7,5,0,3,6,0,3,7,0,0,20,19,0,0,19,24,10,14,0,0,5
0,0,8,20,0,0,0,0,0,0,0,7,0,0,16,17,9,16,9,21,32,6,7,0,0,2,0,0,6,0,0,0
39,7,0,0,14,7,11,0,12,3,0,11,0,0,0,0,0,12,19,0,25,4,0,14,15,0,0,0,0,10,0,5
0,0,0,6,0,17,0,0,0,18,0,16,0,0,0,22,0,0,0,0,0,6,0,0,4,0,0,0,0,0,0,6
0,0,0,0,18,0,0,0,6,0,9,10,0,0,0,0,3,0,102,238,189,64,0,0,18,8,0,7,2,2,5,12
0,4,6,0,0,8,0,0,0,1,38,9,0,0,2,26,0,0,236,16,188,7,6,0,5,0,6,0,55,0,3,0
0,0,1,8,13,0,0,0,0,0,20,0,0,0,0,6,3,0,0,10,3,0,0,16,11,13,0,35,0,6,0,0
45,0,0,19,0,0,0,0,0,0,0,0,0,0,0,6,0,0,0,0,0,7,0,10,30,2,34,13,0,0,0,7
80,22,11,5,35,0,0,17,3,0,0,28,0,0,0,9,1,0,0,0,1,0,25,33,23,0,12,0,0,0,15,4
0,25,0,0,28,0,42,6,0,14,22,15,20,0,0,0,0,6,0,0,0,4,0,1,0,0,0,1,17,6,4,0
86,12,0,0,25,7,13,0,0,41,9,0,3,0,0,0,0,10,19,0,3,0,1,0,7,7,9,22,18,0,23,24
13,0,53,12,42,19,14,0,14,24,0,25,0,0,4,37,14,15,0,0,0,8,0,0,0,0,3,7,0,0,4,0
69,0,13,0,0,18,8,3,0,0,0,23,0,0,2,0,10,0,6,7,11,20,0,0,0,7,0,0,0,0,15,0
17,0,0,10,0,0,2,0,7,1,16,1,0,0,0,0,11,0,3,8,2,21,0,0,8,0,0,0,16,4,0,0
10,7,0,0,0,0,8,0,4,0,1,0,0,4,2,0,0,7,0,0,4,6,19,19,1,0,0,5,0,0,5,2
23,9,10,1,20,0,0,35,13,0,0,15,0,0,10,1,0,7,7,0,0,10,2,0,8,16,23,0,17,0,31,0
9,0,10,0,12,0,0,3,18,0,0,23,0,33,0,0,21,0,0,4,13,0,11,0,8,1,0,0,10,0,8,0
0,0,40,17,0,0,22,0,0,0,0,0,0,5,3,0,0,2,0,8,0,0,8,11,0,10,0,0,14,2,0,11
113,0,7,3,0,0,0,8,0,0,12,17,11,1,0,0,0,0,0,0,0,0,0,0,0,3,0,29,10,0,0,26
6,0,1,0,2,0,1,11,0,2,0,0,15,0,0,0,21,17,12,13,24,4,0,0,0,19,0,0,2,11,0,10
26,0,0,0,36,0,10,12,0,0,0,0,0,0,0,0,0,1,8,0,0,5,3,4,6,6,0,0,0,0,0,1
8,14,16,0,0,4,0,1,0,7,0,0,0,23,0,0,0,0,6,5,16,6,19,10,2,0,0,21,19,2,10,0
12,26,0,0,11,9,10,4,0,17,0,0,0,10,22,12,15,5,11,0,4,12,4,0,5,0,0,15,17,0,14,0
7,27,8,0,0,5,0,0,5,12,13,100,1,23,0,0,0,13,0,13,0,15,6,0,0,0,7,5,0,0,7,0
0,0,21,0,19,21,0,0,0,36,34,0,13,21,28,0,0,21,0,0,9,0,0,0,0,16,25,15,0,0,0,0
0,0,0,0,0,26,1,0,0,30,0,36,5,0,174,37,7,19,9,4,9,0,0,11,4,3,0,18,0,9,17,0
0,0,0,5,0,0,0,28,0,23,2,13,0,3,4,197,36,0,8,0,0,16,0,0,13,2,27,7,8,4,0,0
127,3,0,0,2,0,0,0,8,8,0,0,42,4,16,2,0,2,1,0,0,25,0,2,0,12,11,0,10,0,0,11
0,0,0,14,0,0,0,0,7,0,0,0,17,0,14,0,0,28,9,0,0,0,15,0,6,3,0,0,0,0,0,5
95,7,0,6,0,0,4,12,4,0,12,24,0,0,25,13,1,153,149,7,0,0,8,3,0,14,0,0,18,0,0,0
0,31,0,12,0,0,4,4,0,0,22,12,38,0,0,5,0,0,25,0,0,0,0,0,20,0,22,32,20,0,5,0
0,2,0,3,0,0,0,3,0,0,0,1,0,7,0,15,0,16,7,0,0,0,22,5,2,13,15,0,11,11,0,13
0,9,8,0,0,0,29,0,0,13,0,6,7,20,14,0,0,26,7,19,0,0,19,0,0,16,8,12,0,0,0,0
50,0,0,0,29,0,0,22,6,0,5,14,11,0,16,0,0,0,3,17,0,16,4,9,0,0,0,0,4,0,6,22
0,0,0,5,0,0,0,23,0,0,33,5,2,0,0,0,0,1,19,21,10,5,17,0,23,0,24,0,0,9,3,0
44,17,1,0,12,3,0,17,9,6,17,0,6,0,0,4,1,0,5,4,0,0,0,0,0,0,0,10,32,0,3,10
0,13,9,24,0,0,2,3,0,3,1,0,19,6,0,1,0,0,15,25,0,33,0,0,4,0,64,0,8,15,0,39
16,0,0,0,11,16,0,0,18,8,6,0,0,12,0,8,0,0,0,0,46,6,0,8,4,4,9,0,68,0,0,40
120,0,0,0,41,41,26,0,6,9,55,8,0,0,0,0,5,6,3,0,17,0,28,4,0,0,0,45,54,10,1,0
0,27,5,0,0,12,0,0,0,2,31,0,16,0,11,7,0,0,0,0,11,15,0,8,11,30,77,7,9,4,21,10
37,16,0,10,0,24,0,0,8,6,0,24,0,0,0,0,21,0,13,0,0,0,0,11,40,9,20,4,5,15,0,16
0,8,12,0,0,13,4,0,6,34,7,0,0,0,19,0,0,6,0,0,1,0,0,1,19,0,16,0,0,0,3,0
46,0,6,0,35,0,16,13,0,22,0,23,0,15,0,0,0,0,17,8,3,8,0,12,0,0,0,19,0,20,26,0
41,14,2,0,0,39,0,1,0,17,11,36,0,0,20,0,8,0,0,13,1,0,3,7,7,2,19,0,6,7,14,0
0,5,3,8,0,0,0,0,0,6,5,9,7,4,0,3,0,7,0,0,0,0,21,0,20,0,9,1,19,19,0,0
0,20,5,0,5,0,0,0,0,0,7,2,24,1,7,0,1,14,0,0,0,4,9,0,16,0,0,0,0,0,17,0
0,0,10,7,13,0,27,0,0,6,8,1,0,26,0,0,0,0,0,0,21,3,14,2,0,0,0,0,0,30,0,0
0,0,19,0,1,10,0,0,3,5,6,0,7,0,11,5,20,0,12,0,7,4,2,6,18,7,8,8,0,0,0,9
7,0,16,30,0,0,3,13,4,0,19,0,6,20,7,0,0,0,11,0,18,0,0,0,1,0,0,0,13,0,0,0
0,0,0,0,0,0,25,0,0,10,10,6,0,5,14,19,14,0,0,8,0,10,27,11,4,13,17,0,19,0,0,0
118,0,0,0,0,1,0,15,14,0,0,0,0,0,0,15,0,0,9,0,16,5,0,0,0,7,2,0,0,0,0,5
0,0,0,0,0,0,0,4,9,0,7,2,0,0,9,0,8,12,0,4,0,0,1,1,10,0,0,0,16,13,0,0
0,25,0,0,9,3,0,0,2,0,0,4,6,1,0,0,13,9,9,0,5,0,0,4,0,4,0,11,0,0,4,0
0,1,20,0,9,16,0,0,0,14,0,0,2,0,11,0,3,0,0,7,0,0,0,0,0,0,0,1,16,13,0,0
17,13,4,0,1,13,0,8,4,4,24,12,17,9,0,0,0,0,0,5,1,4,10,1,0,0,0,3,1,0,5,0
0,0,17,2,0,2,0,0,0,191,22,0,0,3,0,19,0,0,0,0,6,13,5,0,5,0,0,0,0,0,2,0
103,17,0,20,0,0,0,17,0,98,63,23,0,0,0,1,0,1,14,0,0,0,0,2,19,0,0,0,5,0,0,7
0,0,0,0,0,12,0,0,0,28,0,16,0,13,0,18,0,0,2,6,15,4,27,0,11,0,0,10,0,0,0,36
0,1,24,0,22,26,5,0,0,10,0,0,13,6,0,35,0,11,14,0,4,0,19,0,0,32,2,0,8,0,12,4
0,0,17,0,10,0,0,0,22,8,0,6,7,0,0,16,1,6,0,0,4,4,9,17,0,0,1,0,5,5,0,0
0,0,0,10,9,0,0,0,0,0,0,0,0,0,0,17,13,0,0,0,15,12,10,4,7,0,0,0,0,13,0,0
110,28,39,0,28,0,3,0,14,12,22,0,14,0,16,13,28,0,5,0,0,2,0,0,2,18,25,0,20,0,23,0
0,0,10,18,0,5,0,0,18,9,9,23,15,11,4,0,0,0,57,68,8,0,11,8,0,14,0,3,0,10,12,0
0,0,0,0,0,1,0,12,18,0,0,16,12,22,0,0,0,0,4,16,7,11,17,0,9,13,0,0,0,0,0,13
23,0,2,7,0,0,0,0,0,3,0,0,11,0,0,31,0,0,0,0,0,7,8,0,0,16,20,5,16,2,0,14
46,0,16,0,6,9,27,0,9,33,0,0,0,1,0,2,0,17,22,0,0,10,0,3,0,0,0,3,0,0,9,24
0,0,0,9,11,8,1,0,0,0,5,0,0,0,0,8,0,2,0,124,191,216,4,7,19,0,0,0,10,5,0,0
0,1,0,0,5,13,10,8,0,0,19,18,24,0,0,0,0,5,0,232,156,16,14,0,33,0,0,2,0,0,3,0
0,7,0,13,0,0,0,0,0,0,0,7,9,0,0,16,0,2,0,65,9,0,2,0,18,5,8,2,0,13,0,0
0,12,24,18,11,0,0,13,0,11,5,0,0,30,0,0,13,0,10,3,0,11,0,20,8,4,0,0,61,0,18,0
0,4,0,7,0,10,0,6,0,0,32,10,6,2,6,0,0,4,0,13,0,8,2,2,1,35,3,28,28,0,0,0
0,0,0,0,0,0,0,0,0,0,13,22,2,4,6,7,10,1,0,8,14,4,20,14,16,17,66,11,0,0,0,26
62,7,2,0,4,0,0,9,16,0,25,13,23,0,0,0,0,0,12,0,16,0,0,6,6,20,0,0,0,4,10,5
44,12,0,0,3,0,15,0,0,11,41,20,13,0,6,0,18,20,0,0,7,0,0,21,0,10,21,12,0,0,10,0
0,44,12,17,19,20,0,0,0,32,31,0,0,25,1,7,4,0,0,0,12,8,13,0,14,8,0,0,10,0,0,12
0,0,0,8,0,30,5,0,2,39,3,34,6,0,0,28,0,17,0,21,0,18,40,0,14,0,10,7,3,5,16,0
110,1,0,0,13,12,0,12,0,0,9,4,0,0,0,0,3,0,1,5,12,5,7,0,0,10,0,0,0,16,0,0
0,0,11,0,0,2,14,0,19,7,1,0,1,14,17,0,0,0,1,12,0,18,0,0,8,0,3,0,0,6,0,11
0,0,5,5,20,0,16,10,16,0,10,0,0,2,0,0,0,21,1,0,0,0,2,4,0,7,5,15,7,13,2,0
0,14,0,5,0,0,0,2,0,0,13,20,0,0,10,16,0,10,2,7,13,12,0,1,0,0,0,0,8,4,1,0
0,0,6,0,0,0,22,0,0,1,0,11,0,20,0,16,9,12,0,0,0,0,0,10,9,0,0,0,14,0,3,0
11,0,2,0,9,0,0,12,0,0,0,5,4,0,0,6,0,1,0,22,0,0,0,7,0,26,0,0,0,13,0,0
100,0,1,8,3,0,0,6,1,0,9,6,9,0,18,0,0,7,0,0,3,0,1,0,6,0,0,0,0,0,0,6
0,7,0,0,0,0,0,7,1,3,0,7,0,9,12,0,0,0,0,13,18,0,7,6,0,0,1,3,16,0,27,0
13,0,6,0,19,0,0,0,7,0,0,2,1,2,0,0,4,0,11,2,3,0,3,6,0,2,0,0,0,6,0,0
0,17,9,0,0,6,7,3,8,0,0,27,17,6,0,9,17,0,1,0,6,2,0,5,0,0,0,0,9,0,12,0
0,0,11,0,0,0,0,5,5,1,37,26,0,0,0,0,0,0,3,2,0,7,13,0,0,7,4,1,8,0,0,7
0,0,0,8,0,0,1,7,0,0,18,113,0,0,3,0,0,1,0,0,0,0,0,0,3,5,0,10,9,0,0,11
99,2,0,6,0,0,8,20,22,32,20,0,3,2,19,0,1,0,3,2,0,0,14,0,0,21,0,1,0,0,0,0
0,2,3,0,0,0,4,13,0,18,7,31,0,0,57,0,8,0,0,5,0,0,2,8,0,0,16,2,9,0,1,0
0,5,0,0,0,0,0,0,5,28,13,0,33,1,0,36,20,0,58,8,0,0,4,2,7,7,0,0,5,1,0,0
0,7,12,2,0,0,0,19,6,0,8,10,15,0,0,22,0,23,0,0,0,11,3,1,7,12,18,4,9,0,10,10
0,11,0,0,0,6,0,0,0,6,0,0,11,5,7,7,26,2,4,3,5,0,0,0,0,0,13,0,7,2,15,0
0,5,0,1,0,0,8,0,9,0,0,6,2,4,0,4,0,0,0,2,13,0,0,0,4,2,2,0,0,0,0,7
80,0,0,21,0,0,0,7,0,1,1,0,4,0,0,0,6,0,78,0,0,0,0,0,0,2,0,9,1,0,11,11
23,6,6,0,6,0,3,0,0,6,11,14,0,0,6,3,0,7,14,0,0,0,1,6,0,5,12,0,12,2,0,21
0,3,0,0,0,0,5,0,10,0,7,0,0,0,0,0,0,2,8,0,13,26,18,3,9,0,0,0,2,2,0,0
0,0,1,0,2,0,7,3,0,0,0,8,0,0,0,11,0,0,0,0,0,5,13,0,4,4,8,0,1,2,0,0
48,0,0,1,9,0,1,0,0,0,6,5,7,9,1,13,0,0,15,3,30,11,3,5,29,10,0,0,11,7,0,0
71,5,6,0,5,0,0,16,0,4,0,0,0,0,0,0,0,5,25,4,0,2,0,0,21,0,0,2,1,0,11,3
0,4,0,4,0,0,0,27,0,0,0,7,2,5,5,7,2,0,0,35,9,0,8,0,9,6,23,0,0,3,0,14
0,0,5,6,0,0,0,25,10,18,25,3,11,36,4,0,0,0,0,0,1,16,2,10,22,8,0,0,53,0,7,14
115,0,0,13,18,5,12,0,1,0,7,19,17,11,20,6,0,2,4,5,32,30,0,0,0,18,1,37,24,0,5,7
0,2,0,0,0,0,0,11,0,6,25,0,1,0,0,41,5,0,2,2,0,8,7,0,23,6,103,8,1,0,25,8
0,1,9,16,35,0,0,0,0,2,0,0,0,26,0,0,0,0,7,0,7,0,0,0,9,20,0,0,31,0,25,26
0,0,0,4,43,7,10,5,13,26,19,0,0,34,0,10,0,0,4,7,0,0,0,5,9,13,0,0,0,0,1,0
0,22,28,17,27,24,0,40,6,26,18,0,0,0,0,15,0,7,0,0,7,0,11,18,0,11,25,0,0,0,0,0
103,3,12,4,21,31,18,46,0,8,44,50,0,0,0,24,27,0,0,4,20,2,43,0,21,0,2,2,7,0,0,7
0,16,0,0,45,21,21,0,24,24,3,0,1,13,0,4,0,0,0,0,12,0,4,17,6,0,0,11,0,4,7,7
0,0,4,0,0,0,0,0,0,0,8,0,0,0,0,39,18,0,25,0,3,12,0,8,11,9,23,0,4,0,0,0
16,0,15,0,0,0,13,2,0,2,6,0,0,0,0,0,0,16,0,0,2,0,0,0,14,19,0,0,2,0,0,10
0,0,0,0,0,0,4,0,0,10,19,39,6,0,0,16,14,13,0,2,12,0,8,21,4,1,1,0,0,13,28,0
0,8,0,0,1,0,0,26,0,0,11,23,22,34,13,0,0,0,0,3,0,0,0,0,0,0,0,0,12,0,3,12
0,6,6,34,0,7,0,22,7,5,0,9,0,0,0,0,0,4,12,7,8,0,19,0,0,7,0,0,18,0,0,0
113,5,0,12,0,0,0,0,0,0,4,3,18,17,0,0,11,3,0,0,0,0,0,11,23,0,0,0,0,0,0,0
0,2,12,0,0,0,25,1,14,0,7,13,0,0,10,3,0,0,0,0,17,0,2,4,0,18,11,9,0,2,0,0
0,0,8,0,19,0,4,0,9,6,12,0,61,252,8,15,5,12,11,0,7,0,15,5,3,0,29,0,0,3,0,0
0,2,0,0,23,11,8,0,0,9,2,0,189,191,22,0,3,2,4,5,4,7,0,0,0,0,0,16,12,0,3,1
6,0,29,0,0,0,0,0,0,4,0,39,250,44,1,0,16,0,9,0,1,1,13,0,16,0,30,0,0,0,1,0
12,15,2,16,0,0,0,7,22,0,6,0,7,0,17,201,169,4,5,4,0,0,0,5,0,0,13,0,0,4,0,0
37,7,0,0,21,8,0,11,1,17,0,37,0,0,0,45,4,13,0,0,7,7,0,12,0,8,27,0,1,4,0,0
0,0,0,35,30,0,0,0,0,3,29,20,32,0,0,29,0,0,0,0,0,13,11,3,0,13,0,0,0,31,0,0
119,18,0,0,13,0,7,0,4,0,38,17,0,0,0,0,0,0,25,6,17,0,0,3,0,0,2,2,0,5,8,0
0,7,0,9,3,29,0,0,0,0,10,20,18,0,0,0,0,5,0,0,7,43,19,9,0,0,34,11,29,0,0,0
55,12,0,0,12,37,0,0,0,14,9,0,21,17,19,10,0,0,2,0,11,0,0,0,0,11,0,4,13,7,0,5
59,13,0,3,9,8,11,5,16,7,0,1,0,4,16,22,30,0,5,0,20,2,7,14,4,0,0,0,3,0,21,4
0,0,10,4,0,0,0,8,0,0,0,9,0,0,0,10,0,4,30,0,0,3,0,0,3,0,30,0,0,0,0,3
0,0,0,0,24,4,0,0,0,0,0,0,0,0,0,0,9,5,0,1,0,0,0,0,0,6,14,14,0,0,0,24
0,0,0,0,0,12,0,17,4,0,0,0,0,0,1,0,2,0,21,0,9,0,20,10,11,21,0,14,0,0,0,0
45,12,0,0,5,4,0,0,38,11,22,7,19,0,9,10,2,12,14,0,33,12,0,4,0,0,16,4,0,1,10,0
0,0,0,0,7,27,4,0,0,12,0,0,0,15,0,0,0,12,2,1,17,0,25,2,1,18,0,0,0,8,10,16
56,0,0,0,11,20,0,0,1,0,4,0,0,0,1,0,16,24,27,0,9,25,17,2,24,12,0,13,0,0,0,7
88,0,4,0,2,0,32,0,0,7,0,0,0,0,0,18,8,0,3,0,2,16,0,0,20,0,13,7,0,3,0,0
0,0,2,7,0,0,6,28,7,0,2,41,0,0,1,37,0,0,0,0,1,40,9,0,30,35,12,0,44,0,0,29
0,34,38,0,22,15,17,8,10,0,29,20,58,0,43,0,34,2,0,32,0,0,0,0,9,29,0,25,46,25,2,0
129,0,0,0,0,0,6,0,0,0,1,12,0,0,32,18,0,10,0,0,0,19,0,22,33,26,99,0,17,0,15,3
0,0,19,4,0,0,0,3,0,21,13,22,0,1,5,0,1,0,0,0,0,0,1,1,27,14,51,0,7,1,0,0
73,0,4,5,17,0,0,3,0,1,26,0,8,24,3,0,0,10,0,0,16,0,2,11,0,2,0,12,0,0,0,0
0,0,12,17,23,3,0,0,1,7,34,9,0,10,0,0,0,0,0,7,0,19,0,4,0,0,0,0,17,13,10,0
0,2,0,0,0,29,0,0,0,9,32,47,0,40,8,0,4,19,0,13,1,0,0,7,0,3,6,15,17,8,19,0
0,1,18,11,0,36,0,2,14,0,0,23,0,4,0,12,0,0,7,3,0,0,9,0,0,0,0,1,0,1,0,0
0,24,0,11,0,0,3,0,6,0,20,0,20,4,0,1,9,3,7,0,0,5,4,1,0,0,0,7,0,6,0,6
36,0,0,0,8,4,0,0,10,16,13,0,0,9,1,0,0,0,0,2,0,0,5,10,4,0,0,0,0,12,0,8
2,0,10,24,3,1,0,0,16,0,7,0,0,4,0,4,3,3,3,0,16,0,0,3,4,4,0,12,0,11,0,0
0,0,2,1,0,1,0,5,1,0,0,0,0,3,0,7,2,2,0,0,0,0,3,0,18,5,1,0,0,2,6,0
1,0,0,0,0,0,7,2,1,0,0,0,0,0,2,10,0,4,0,0,6,9,6,0,2,6,19,5,4,0,0,7
120,14,0,0,0,0,0,0,0,0,0,14,0,3,17,0,14,0,11,15,0,10,8,0,4,11,14,0,1,0,0,17
21,0,0,12,5,0,1,0,11,0,0,0,0,0,6,0,3,0,0,5,0,9,2,0,0,0,38,0,3,0,0,11
7,1,13,0,0,28,5,0,0,0,0,24,0,0,0,0,0,0,21,18,0,0,0,0,0,0,0,9,13,9,0,0
0,28,13,0,21,5,0,0,0,8,3,36,98,3,21,17,20,3,9,0,3,0,0,1,0,8,25,29,13,0,0,12
0,0,1,6,2,0,2,0,9,0,20,1,5,14,0,0,0,2,0,21,0,0,1,2,0,0,0,0,11,7,0,10
0,0,0,10,0,0,11,0,4,6,0,0,0,0,16,5,7,10,0,10,0,0,8,13,0,11,0,0,23,0,0,0
34,0,21,10,18,0,4,46,19,26,21,10,35,0,25,0,10,0,0,10,37,4,0,0,6,5,0,23,0,0,0,0
0,6,0,10,0,0,3,0,0,12,0,0,3,18,0,2,0,0,6,0,17,0,0,0,0,2,0,15,16,0,7,0
0,12,2,6,0,0,0,0,0,60,45,2,51,0,6,21,33,0,0,0,0,2,3,0,0,0,34,0,8,16,11,8
26,0,5,2,18,0,0,9,25,10,0,15,0,0,12,0,0,11,0,5,0,0,0,16,2,0,31,14,8,9,0,0
0,7,0,24,5,6,5,5,17,2,0,10,0,0,4,17,3,13,0,0,2,23,3,6,0,3,0,0,7,0,0,0
50,0,2,0,1,0,3,0,23,11,26,5,12,0,0,0,0,0,0,16,0,0,12,7,18,22,16,14,0,18,6,4
0,5,4,0,0,4,15,10,2,0,0,3,0,0,0,0,0,0,62,0,4,1,0,0,1,13,13,0,20,0,15,4
0,0,5,10,0,0,21,0,0,0,0,0,9,0,21,0,0,0,43,36,9,0,0,14,11,0,11,2,0,10,1,0
80,25,0,0,0,19,0,4,0,7,0,5,0,0,2,14,0,0,0,0,18,8,14,3,25,4,0,0,9,0,0,0
83,7,17,0,0,0,5,0,9,2,10,0,0,0,7,25,0,10,247,197,147,7,3,0,0,0,21,5,2,0,3,0
123,10,0,0,2,11,5,0,0,0,31,0,0,0,0,0,0,0,215,240,83,9,31,8,9,10,0,0,0,0,7,0
122,0,10,0,0,9,4,20,14,0,0,22,10,0,0,11,0,0,0,0,0,0,10,13,23,4,0,0,0,14,0,0
60,0,5,0,16,0,6,5,0,20,12,12,0,6,0,0,0,6,0,0,0,0,0,1,11,0,16,0,0,1,5,0
103,0,0,4,0,39,0,8,0,21,3,7,0,0,10,0,8,0,12,0,0,9,0,0,36,1,0,6,74,0,0,26
0,0,13,0,16,0,0,31,0,0,32,30,5,2,4,0,0,4,8,11,10,0,33,0,17,42,12,4,47,0,0,16
55,17,4,1,0,9,0,5,11,0,21,11,0,0,4,0,7,0,0,11,8,0,0,5,20,40,90,0,0,0,0,0
0,2,0,0,0,12,6,5,0,0,30,8,0,8,12,0,6,0,16,8,0,0,0,18,0,0,14,14,0,0,0,0
46,1,0,0,22,0,8,0,0,0,22,33,0,0,0,3,5,11,1,0,2,23,7,0,0,0,23,7,13,32,25,0
0,20,0,0,0,10,0,6,8,13,78,9,19,0,0,13,22,9,3,0,0,6,7,6,7,0,3,8,10,17,0,0
0,2,16,0,0,12,0,33,0,21,28,71,21,0,2,31,0,0,0,0,0,4,0,2,0,5,0,7,0,6,11,18
0,0,1,0,0,0,0,8,0,0,24,20,8,2,7,0,23,0,0,4,0,5,0,0,0,10,0,13,0,13,0,0
35,0,15,0,0,13,0,7,0,0,0,25,0,0,0,0,0,1,2,0,0,0,3,11,5,0,2,0,0,0,0,18
16,1,0,12,0,0,0,0,7,0,0,0,27,6,0,8,5,0,0,0,0,20,0,1,8,0,0,0,6,0,0,24
1,0,0,0,0,2,0,4,1,0,2,1,10,0,1,0,8,0,5,7,1,0,0,9,4,0,0,3,0,0,4,13
20,7,11,15,0,0,3,4,2,5,0,1,0,0,2,10,0,13,0,17,11,14,0,4,0,0,0,0,0,5,7,0
3,0,1,0,0,0,11,0,31,0,0,4,0,0,0,23,34,4,2,4,0,19,0,0,13,31,6,0,0,0,4,9
80,0,0,0,0,0,9,0,11,0,31,0,6,0,0,0,17,11,8,5,2,4,0,0,8,9,0,0,0,0,12,6
0,10,0,0,4,0,4,0,0,17,7,40,10,0,0,0,0,12,0,5,7,17,0,6,0,0,0,0,7,0,0,11
0,26,0,0,19,6,0,0,0,0,16,0,0,246,127,17,0,3,19,4,0,0,6,9,2,0,0,0,0,0,4,14
0,7,1,5,0,0,0,0,0,11,16,1,89,190,206,0,12,31,2,0,8,0,19,16,3,0,0,0,1,3,3,0
85,0,22,0,0,0,0,5,0,0,5,41,211,188,100,5,6,2,19,0,14,0,4,0,2,7,0,0,0,9,0,7
18,0,0,0,0,22,3,43,1,5,16,1,131,105,17,0,52,86,1,0,0,0,0,10,0,0,6,3,0,1,0,7
65,6,0,0,24,0,22,0,29,36,0,0,0,0,1,24,134,24,0,3,1,0,0,7,2,15,6,0,0,23,0,14
0,16,0,0,22,41,16,0,10,15,29,0,0,0,16,1,35,15,22,0,28,0,15,0,0,0,46,0,14,0,10,13
0,0,0,0,0,5,0,0,0,10,12,0,0,0,1,16,0,9,21,5,0,3,0,5,5,5,17,0,0,0,31,5
35,0,0,0,30,0,0,0,29,5,8,0,0,38,0,41,0,0,0,7,22,31,0,31,0,0,0,23,0,0,0,13
42,0,0,10,4,0,36,9,15,0,32,0,0,0,26,0,10,2,1,8,11,7,12,0,0,12,0,22,0,3,0,17
61,3,23,0,0,1,0,11,0,0,12,0,24,18,24,0,17,0,0,33,0,0,0,5,0,25,7,1,31,34,0,0
27,0,8,0,2,25,0,0,0,16,0,0,2,11,2,0,9,1,39,0,0,1,0,11,14,0,19,0,21,30,20,0
57,12,12,0,2,0,0,35,22,0,12,19,0,0,51,36,0,1,0,12,25,2,1,0,0,0,0,0,0,0,1,23
87,0,39,11,14,0,0,4,0,16,0,0,1,17,0,8,0,12,11,0,2,15,20,0,0,23,0,0,4,7,24,0
78,0,0,16,11,0,0,21,0,0,12,0,11,17,0,0,0,11,0,16,57,0,0,16,12,0,31,0,0,5,0,3
0,10,0,0,30,7,0,0,0,26,0,0,0,26,0,8,0,0,44,17,55,7,0,0,27,22,0,13,0,5,4,0
122,30,18,18,39,0,27,12,0,2,5,0,5,29,0,9,0,12,0,13,21,16,30,0,18,9,0,0,0,0,0,0
0,9,0,43,30,17,18,0,0,13,44,6,0,0,24,10,0,0,0,2,0,9,0,0,0,0,35,22,0,3,0,10
11,2,0,0,0,36,0,42,5,0,27,36,0,33,0,83,11,0,0,14,6,16,0,54,16,25,0,4,68,36,0,0
0,21,17,0,9,11,14,0,14,0,50,28,15,0,0,35,0,0,6,0,0,8,44,4,37,19,21,52,23,0,4,3
0,13,0,1,3,8,0,3,0,0,22,4,0,5,33,0,25,0,0,0,0,10,11,18,0,18,47,6,0,0,11,0
25,0,0,4,20,0,11,17,0,0,17,12,0,24,14,4,17,0,9,0,3,0,8,0,42,0,0,0,0,4,9,27
0,0,0,24,33,21,9,21,2,5,47,18,0,0,9,21,0,18,0,6,0,0,0,0,37,25,68,4,18,1,0,4
0,43,47,0,30,34,0,4,0,39,46,0,0,28,0,0,0,12,23,0,0,0,26,0,0,0,7,19,21,0,36,0
0,43,37,3,0,20,7,0,5,26,16,25,0,35,13,10,5,0,9,0,19,0,4,7,2,2,16,0,0,0,0,0
0,21,8,3,0,0,19,0,0,11,0,0,0,8,3,0,43,0,63,5,0,0,11,0,0,0,14,0,13,0,0,19
0,6,8,0,55,1,0,0,0,1,0,0,0,0,13,3,4,3,0,0,8,0,33,0,26,10,0,25,0,0,3,3
0,31,0,4,0,11,13,0,0,8,0,0,0,17,19,0,0,23,0,5,1,0,17,0,0,0,27,2,31,18,0,17
28,13,0,0,38,0,0,0,0,0,0,0,0,26,27,25,0,4,15,25,0,0,0,37,12,4,0,0,0,0,10,4
0,0,3,1,0,0,8,20,0,0,0,0,11,15,3,0,0,0,0,5,0,8,0,2,0,24,20,0,0,0,0,9
0,0,6,0,0,8,0,0,0,0,6,0,18,0,1,0,0,0,0,0,0,7,10,20,26,2,29,0,6,0,0,0
98,0,0,16,0,4,0,0,0,3,0,0,19,22,0,3,24,0,0,1,19,0,0,3,16,8,0,22,0,0,7,0
0,2,0,2,20,0,0,0,0,0,0,7,0,0,0,8,0,0,0,20,0,0,0,0,0,0,0,0,5,8,0,0
0,0,6,5,0,0,2,4,9,0,0,8,16,68,62,8,6,0,7,9,0,0,3,14,0,9,0,0,1,6,0,1
0,2,3,4,7,3,0,2,0,8,0,0,58,64,48,0,0,3,0,0,0,11,0,0,0,0,5,0,8,0,0,0
0,0,8,0,0,0,0,0,18,0,22,6,32,57,65,28,0,0,0,0,0,0,0,4,2,3,5,0,1,13,0,30
0,7,0,5,0,11,0,0,8,0,11,68,8,0,0,0,27,8,0,2,0,5,0,0,0,0,3,2,0,0,14,0
0,2,12,3,0,6,9,0,0,30,13,15,0,6,0,0,7,0,7,4,6,0,0,0,3,0,16,2,0,11,8,0
4,0,13,0,12,8,0,0,0,25,5,0,0,11,12,1,4,1,0,0,0,1,2,11,0,0,3,5,1,0,0,0
0,0,8,0,8,0,8,3,0,32,0,0,0,8,5,0,0,0,21,2,7,0,0,0,0,0,0,0,0,8,0,0
0,0,21,0,10,0,13,0,0,6,5,10,0,12,0,16,0,3,1,0,6,17,1,5,0,5,1,12,0,5,0,0
0,0,0,0,12,6,6,0,6,6,13,0,3,6,0,28,2,1,2,3,18,0,0,2,3,1,3,0,14,4,3,8
0,2,16,0,0,0,1,5,12,0,4,2,0,0,0,23,0,0,0,4,11,0,13,8,5,8,0,0,3,0,4,3
31,4,0,0,0,1,0,0,0,0,7,0,0,0,0,0,0,2,55,0,0,0,0,0,3,0,8,7,1,1,6,0
57,3,6,0,2,0,3,13,8,14,0,8,0,0,0,9,0,0,22,0,0,0,7,0,3,23,27,9,0,0,0,24
0,0,0,0,0,1,0,6,1,0,16,2,1,7,0,0,0,0,8,4,5,4,30,6,0,0,20,0,0,7,8,14
75,8,7,0,0,9,2,0,0,0,0,0,0,3,2,0,4,10,10,5,5,0,7,5,0,0,0,5,7,1,2,0
20,0,0,4,4,0,0,0,0,0,11,0,0,0,0,1,0,6,22,0,28,4,22,0,27,0,3,0,0,0,0,0
0,0,4,4,0,0,11,0,0,4,0,0,0,0,0,0,0,2,0,5,11,2,8,0,12,0,0,2,1,2,12,0
0,0,5,2,1,6,0,4,0,13,0,0,0,9,1,0,0,1,0,0,5,1,0,5,16,0,7,9,0,0,0,0
0,0,0,9,2,0,10,0,13,0,8,0,0,7,0,0,0,0,0,10,0,15,7,1,15,0,0,1,50,15,2,0
29,0,0,6,0,0,0,0,8,1,4,23,25,0,1,3,0,6,0,0,10,6,6,1,8,18,3,24,29,2,0,2
0,0,1,0,13,0,1,0,2,0,0,8,0,0,0,0,0,0,3,0,0,16,14,4,19,0,79,5,0,4,1,2
54,6,0,3,2,2,0,1,0,2,19,0,0,0,0,0,0,0,0,0,0,0,0,0,16,0,0,0,0,7,1,0
0,3,3,0,48,0,7,0,0,21,18,0,0,0,7,0,3,3,3,0,0,0,0,0,10,0,0,9,2,0,10,0
65,11,10,0,39,22,0,0,0,16,49,11,5,1,0,5,0,13,0,2,0,0,0,0,9,7,6,0,6,1,3,0
0,7,30,17,0,22,4,0,7,30,26,25,9,0,3,0,1,4,0,0,5,0,0,8,8,0,8,0,5,0,8,0
0,4,23,0,8,0,1,10,0,0,10,10,0,0,2,0,0,0,0,0,0,0,1,0,0,0,7,5,3,0,5,6
0,0,0,5,5,0,0,2,4,3,2,0,0,7,0,0,0,3,0,15,1,0,11,7,0,13,0,0,2,0,2,10
67,0,0,0,0,3,0,0,4,1,0,13,0,0,4,0,0,0,0,1,0,2,0,0,0,0,2,7,0,0,0,0
0,5,0,1,3,8,0,0,0,0,0,5,0,0,2,0,0,4,0,0,0,5,5,0,1,3,2,0,1,1,1,0
0,4,0,5,0,1,0,0,0,0,0,2,9,0,0,0,5,0,0,0,0,0,0,0,1,0,0,2,4,6,0,6
0,0,0,8,16,0,2,8,5,0,0,0,0,5,0,0,1,0,0,6,0,0,18,5,0,1,0,5,0,5,0,0
133,26,2,5,0,2,0,0,45,7,0,12,8,0,0,0,11,9,0,27,32,0,0,0,0,0,0,0,36,12,0,0
15,39,5,7,0,2,10,5,0,0,0,43,35,0,0,47,0,24,2,0,0,21,1,0,0,4,0,16,22,0,17,0
0,27,0,0,22,8,7,0,3,7,5,0,2,131,226,0,18,9,15,10,8,0,0,2,2,4,0,10,26,0,26,0
42,0,0,4,9,0,0,2,0,0,17,10,3,77,3,51,0,9,0,22,5,0,11,14,0,0,6,0,0,0,4,5
61,14,28,0,21,1,0,0,20,2,0,37,0,251,43,36,0,0,0,3,6,4,8,3,0,1,0,1,0,7,27,1
25,4,1,25,0,0,21,4,29,0,19,50,5,0,0,1,0,0,7,0,5,1,13,0,0,0,24,0,14,0,60,0
104,33,54,0,49,33,40,0,39,57,5,0,57,40,0,0,0,33,89,2,43,0,56,0,44,16,16,0,0,40,0,0
0,16,11,9,16,0,0,0,0,24,20,0,18,33,20,29,25,173,187,202,92,9,0,10,0,10,40,0,20,0,3,0
122,0,0,0,12,17,5,0,0,6,25,0,0,20,7,14,8,157,79,119,0,1,25,0,10,0,0,0,20,0,41,10
0,6,30,0,35,0,16,33,0,31,6,0,32,10,0,0,18,123,22,26,0,13,0,21,0,0,28,43,0,0,16,0
49,0,0,38,0,0,21,0,15,3,0,0,0,28,0,0,0,0,0,22,0,1,0,6,0,0,6,0,3,51,0,19
97,0,0,0,0,7,0,0,0,18,0,0,0,9,2,10,18,15,0,12,0,0,16,12,0,37,4,0,4,0,9,0
0,37,13,0,0,10,16,0,0,0,21,18,15,30,2,0,51,0,24,0,0,12,0,12,0,0,33,26,4,0,0,0
123,32,0,20,10,1,7,1,0,2,0,44,18,0,0,0,23,0,16,0,0,2,5,4,0,3,59,0,0,1,16,0
27,0,12,38,0,0,10,0,7,3,0,28,9,0,0,48,0,0,0,0,0,35,14,0,7,18,22,0,0,32,0,37
28,0,0,4,3,0,36,10,30,0,0,0,22,16,29,6,0,0,0,24,9,0,0,2,14,0,0,0,11,5,7,0
113,2,33,9,0,11,0,0,26,2,0,0,10,0,0,10,0,14,92,78,90,7,0,12,1,14,0,0,7,0,0,0
129,0,12,3,0,0,7,2,21,5,0,0,7,0,25,0,26,36,84,128,115,8,0,0,20,2,0,11,0,4,0,10
0,44,47,0,18,27,35,0,11,4,46,0,0,0,19,0,8,13,116,188,99,6,26,13,23,0,6,0,0,0,0,0
59,39,11,0,13,12,0,0,0,14,0,31,0,7,16,5,0,10,0,6,0,13,0,17,0,0,0,0,3,5,0,0
0,0,11,1,10,8,0,2,0,0,14,24,20,0,3,0,0,0,0,0,3,1,0,0,0,18,4,38,1,10,16,0
106,0,9,0,0,0,0,50,0,0,22,0,7,26,6,0,0,0,0,12,0,22,4,0,43,4,51,10,0,16,0,0
0,0,4,16,0,0,0,19,27,0,22,66,3,33,4,5,0,0,0,9,0,0,6,3,34,36,41,4,0,0,0,19
0,48,24,1,27,0,28,6,0,25,0,0,0,9,0,9,0,0,0,0,7,0,0,0,0,0,7,0,0,0,21,21
0,0,0,27,26,21,14,0,11,38,63,0,22,0,0,0,0,0,0,0,0,0,9,18,7,9,0,0,73,0,7,71
73,0,2,0,5,0,4,22,20,0,24,40,28,0,0,0,0,16,0,6,5,0,2,33,33,0,0,0,5,24,7,15
0,28,0,18,0,0,20,11,14,9,31,60,32,0,0,46,18,14,23,0,0,0,9,0,13,31,48,0,5,0,27,44
0,14,0,0,0,0,1,0,0,16,4,0,8,16,13,4,33,0,20,0,16,0,0,14,0,6,4,0,35,0,17,0
0,5,0,0,10,0,15,0,0,0,11,0,12,11,0,13,10,0,4,23,2,0,0,1,0,12,11,26,0,0,0,0
17,0,15,0,0,15,0,0,0,8,3,28,0,0,21,21,0,21,0,0,3,0,0,0,10,0,28,0,0,0,17,25
0,0,9,13,0,0,0,11,13,0,0,0,4,0,4,8,10,3,13,0,0,0,17,0,0,12,0,0,10,0,10,32
27,31,45,0,48,21,17,11,9,5,0,0,0,21,18,0,3,15,0,1,14,0,4,3,0,0,22,0,48,0,8,0
91,1,10,0,0,8,0,0,0,24,29,0,0,13,4,0,2,0,0,14,12,28,0,0,0,1,0,20,0,13,3,1
0,4,12,10,92,145,0,19,0,0,0,10,23,0,31,5,2,24,4,0,0,0,0,0,0,0,0,0,8,0,0,0
34,16,0,0,196,197,0,0,0,19,13,0,25,150,227,0,3,15,18,0,0,13,13,0,0,1,0,0,0,0,2,0
3,3,0,0,197,193,0,0,1,5,16,2,41,177,139,0,0,17,0,0,0,0,5,1,0,13,2,9,19,0,0,0
113,26,13,0,178,126,25,0,10,27,0,0,37,113,22,0,0,7,21,5,11,0,19,0,0,2,0,0,22,0,2,0
73,16,0,16,0,7,3,16,0,0,0,37,10,0,0,16,3,0,0,0,0,16,14,0,6,0,28,0,14,9,23,12
43,6,0,0,29,70,0,28,0,0,15,38,0,55,0,0,14,10,0,0,5,21,24,12,0,14,55,0,0,0,3,0
53,5,0,9,0,18,8,0,0,41,0,0,0,22,0,2,5,23,90,13,3,0,19,0,7,12,0,0,0,0,10,6
111,0,45,21,0,8,1,0,0,20,0,0,4,11,0,0,48,46,31,0,20,4,15,13,0,0,0,0,0,28,16,0
0,12,1,0,0,0,0,11,0,0,0,0,0,19,1,0,0,38,20,0,0,0,1,0,11,0,44,16,20,0,12,17
16,0,6,0,0,0,0,0,7,0,0,14,0,0,0,8,4,3,0,0,0,0,0,6,0,13,0,0,7,0,12,14
0,3,0,0,61,0,0,0,28,0,1,0,14,14,9,5,11,0,0,4,0,2,4,7,8,0,0,0,4,16,5,0
25,17,9,2,0,0,7,9,13,12,5,0,0,0,0,0,0,6,19,4,1,0,17,8,0,11,0,0,0,24,0,0
0,0,4,32,7,0,3,1,20,0,17,18,55,0,29,32,10,2,0,5,0,2,14,0,12,48,7,0,0,16,0,0
0,7,6,0,19,0,0,7,0,8,0,13,0,17,16,0,4,0,0,11,0,5,11,12,0,0,16,0,0,17,10,0
0,0,5,0,0,0,20,0,1,0,0,12,1,0,0,9,8,1,0,7,25,14,11,10,0,0,39,0,0,0,8,0
34,7,4,0,0,0,0,0,19,12,14,0,0,10,2,0,0,3,42,0,2,4,42,2,9,0,0,21,0,5,5,0
10,0,0,26,0,0,8,0,0,0,0,0,0,23,0,0,0,10,9,18,0,16,0,5,14,0,0,0,0,27,0,0
0,0,13,4,20,0,12,5,20,28,5,0,4,3,0,3,0,0,0,0,0,1,4,0,7,0,0,4,1,0,0,0
104,2,0,0,0,26,11,18,6,1,36,15,0,0,7,15,8,0,1,0,11,24,0,4,0,0,0,0,52,0,0,7
0,0,4,0,0,0,0,4,0,3,1,38,9,0,0,0,1,0,0,10,0,6,0,0,12,28,0,33,37,0,6,0
0,0,12,13,0,0,0,17,0,0,0,6,0,0,0,0,0,0,4,9,14,0,19,1,8,1,80,0,0,11,6,0
0,0,9,8,1,0,5,2,9,0,22,5,0,0,0,0,0,2,0,0,2,0,0,6,20,4,0,0,10,8,10,1
0,0,0,0,17,0,0,0,0,10,9,3,0,0,0,0,0,0,7,6,0,0,0,0,6,2,0,0,3,0,0,0
0,0,6,1,20,20,0,3,0,25,6,4,5,6,0,0,6,7,2,2,5,2,0,4,0,0,6,0,5,8,2,3
92,11,0,2,2,31,5,7,0,0,11,23,5,0,0,0,0,0,0,13,2,1,3,0,5,4,6,1,5,2,0,0
83,4,0,8,9,0,0,0,0,1,0,5,0,0,3,5,0,3,0,0,0,7,0,4,0,0,4,3,2,7,0,0
3,0,3,0,0,1,17,8,0,0,0,10,4,0,0,6,6,3,1,8,0,0,3,0,0,2,0,0,0,11,0,0
51,16,0,4,0,0,0,0,0,0,7,0,0,0,0,0,0,0,3,0,2,0,7,9,4,0,5,0,0,4,0,0
1,0,4,0,0,4,6,0,0,5,0,0,0,4,0,0,4,0,0,3,4,3,0,5,0,0,0,0,0,7,1,0
7,0,8,0,0,0,0,4,1,0,0,5,0,8,0,9,3,0,3,5,0,0,0,0,0,4,1,0,0,0,8,19
0,3,10,4,8,1,0,0,0,0,8,4,0,6,2,4,0,2,5,0,0,0,3,8,1,0,0,1,0,0,0,0
102,0,0,0,0,0,0,0,0,0,18,1,5,8,4,10,2,0,5,0,0,0,0,0,0,8,0,3,0,0,18,8
0,0,1,10,0,0,0,0,0,0,10,0,0,0,0,0,0,0,0,3,0,5,0,0,0,0,4,7,1,0,0,0
0,0,0,0,0,4,1,4,4,6,0,0,0,4,0,4,0,0,1,5,6,0,0,0,0,0,0,0,2,0,0,0
0,0,0,2,0,0,1,2,5,0,21,5,34,6,2,2,0,0,0,0,0,3,2,0,0,0,7,0,0,0,0,2
34,3,0,0,0,0,0,0,6,0,30,20,0,1,0,0,0,8,4,4,0,0,1,1,0,1,0,4,2,0,10,0
0,7,0,3,0,0,1,0,3,5,33,26,0,1,0,0,6,5,8,0,4,0,1,7,3,1,1,0,2,0,11,0
57,0,5,0,8,0,0,7,4,0,28,9,2,4,0,0,2,1,0,0,0,0,0,5,4,0,10,0,3,0,0,15
0,0,0,5,7,0,0,0,2,2,18,23,1,3,35,0,0,2,0,2,5,1,0,0,5,0,6,9,5,4,0,3
31,0,32,10,6,5,0,0,0,37,7,8,0,0,5,42,2,23,18,0,0,0,0,0,3,13,10,0,10,0,1,3
146,11,0,0,0,3,0,0,0,0,0,6,4,16,0,0,6,23,8,7,9,16,7,6,3,3,0,0,1,2,1,0
62,0,0,0,3,0,0,0,5,0,0,3,0,11,0,13,12,0,1,0,0,0,0,0,8,0,7,0,1,9,0,0
68,0,0,0,0,0,0,7,9,0,0,2,0,1,0,0,0,0,0,1,0,0,0,5,0,1,0,4,0,0,0,0
40,0,0,2,0,12,0,0,7,2,0,0,0,1,0,0,9,0,46,0,3,6,0,0,0,0,6,0,0,8,0,0
85,0,12,9,2,0,0,13,0,0,0,1,5,0,0,2,0,0,2,3,0,6,0,4,0,9,0,0,0,2,0,0
109,0,0,0,0,3,1,0,0,0,0,0,0,3,0,1,3,0,6,6,0,18,20,0,1,1,24,1,3,1,0,12
65,0,0,0,0,6,7,0,4,0,10,1,0,2,0,0,0,0,0,6,21,0,3,1,13,1,0,2,0,1,7,0
0,0,12,14,18,0,9,0,3,0,13,0,0,0,4,4,1,0,0,0,30,0,26,0,21,0,0,1,0,11,0,2
74,1,0,0,3,0,9,0,8,0,0,3,0,0,2,4,0,0,0,5,0,25,0,0,24,0,0,8,5,0,7,2
0,7,0,0,0,7,0,3,3,0,0,0,8,1,0,2,0,5,0,19,0,1,0,3,2,10,0,0,0,0,0,4
39,0,0,2,11,0,3,0,4,0,4,0,0,0,0,0,0,5,0,0,1,18,0,5,22,7,0,11,70,5,0,6
0,6,6,6,0,0,0,0,0,0,23,23,0,8,3,13,0,0,0,1,0,2,2,0,0,27,2,7,47,0,0,21
0,0,10,0,1,0,0,1,0,0,3,8,4,0,1,7,3,2,0,1,0,0,22,1,37,7,76,0,5,6,0,12
0,0,0,1,0,1,7,0,0,0,16,16,0,6,6,0,3,0,3,0,0,0,0,0,20,5,2,0,0,2,0,0
69,0,10,0,18,0,0,0,3,3,13,8,0,0,0,0,6,0,0,0,5,3,0,0,12,2,0,5,0,0,0,12
0,9,20,2,26,16,1,0,0,32,35,0,0,8,6,0,2,0,1,0,0,0,0,2,0,0,0,0,8,5,1,7
0,0,2,2,7,28,9,0,0,19,16,24,0,13,0,0,0,2,0,8,4,0,0,8,0,0,0,0,0,5,0,0
20,4,7,0,14,0,0,0,0,2,0,0,0,3,0,0,6,0,0,0,3,0,1,0,2,0,10,0,6,11,11,0
3,0,0,0,6,0,3,0,0,0,0,4,0,0,2,0,0,4,7,9,2,1,0,0,5,1,8,0,3,0,3,26
0,0,0,0,0,1,3,0,6,0,7,9,0,0,0,4,0,1,1,1,0,0,0,0,0,4,10,7,1,0,0,0
0,0,4,0,0,14,0,0,2,0,0,0,0,6,1,0,0,3,0,0,0,5,0,8,0,0,0,3,0,0,5,0
3,3,0,0,2,6,0,0,1,4,0,0,0,3,0,0,0,0,0,0,1,0,0,0,0,0,1,0,2,0,0,1
0,0,0,1,11,7,0,6,4,0,0,1,0,0,0,6,7,0,4,0,1,2,0,3,0,2,0,2,0,0,5,0
