66,0,7,0,1,0,2,0,0,0,4,0,19,0,15,23,0,0,17,0,0,2,1,0,7,20,0,28,0,8,0,0
0,16,14,0,6,0,10,0,4,2,0,19,0,1,0,0,18,0,14,22,9,0,0,9,0,3,0,4,6,0,24,0
8,0,8,0,0,0,0,0,1,0,0,3,0,30,1,0,0,0,0,10,0,0,15,0,0,0,4,3,1,0,0,0
24,0,0,0,0,0,0,6,0,2,19,15,0,8,16,3,0,13,12,0,8,0,1,9,3,1,0,0,10,0,0,11
7,0,0,21,24,0,0,9,7,3,26,35,0,6,0,0,0,3,0,0,8,0,17,14,7,0,2,11,0,12,0,0
13,0,0,18,0,0,24,5,6,6,22,27,0,6,0,3,0,10,0,0,18,0,9,0,12,0,0,8,1,5,0,9
20,0,0,0,0,2,0,6,0,8,11,4,1,0,0,2,21,0,0,14,0,0,0,5,0,5,0,8,5,7,1,4
19,4,18,0,0,6,5,0,0,28,17,6,2,11,19,8,18,4,5,21,7,4,0,10,11,0,0,25,3,10,0,9
0,0,21,0,27,18,23,0,19,24,30,0,0,0,3,46,12,7,8,0,0,9,0,0,0,3,6,0,13,32,0,0
124,11,0,0,32,3,4,0,9,3,9,0,16,0,13,0,11,47,16,8,1,28,0,0,0,0,0,7,4,2,14,13
0,19,2,0,0,27,9,0,13,0,0,5,6,0,4,14,27,0,0,19,10,5,19,0,28,0,14,6,0,0,9,17
0,10,0,0,0,9,0,4,0,0,4,0,0,0,0,23,31,14,0,0,0,2,0,5,0,0,30,2,0,13,0,0
0,1,0,0,0,0,0,0,6,0,19,16,2,0,2,0,3,0,32,25,0,0,0,0,18,0,3,0,0,0,2,3
0,0,0,13,0,0,0,0,0,12,2,10,0,6,0,0,6,4,23,25,8,0,2,1,0,18,7,0,8,0,0,0
0,0,0,0,0,0,4,3,0,4,15,13,0,27,20,54,182,98,2,0,23,0,10,0,15,0,0,7,14,0,9,3
0,20,0,32,0,3,0,10,18,0,32,6,20,6,8,28,155,217,0,0,20,0,0,13,0,6,0,0,0,0,16,0
0,2,30,0,0,0,4,0,0,0,5,7,0,11,9,0,83,28,0,4,0,0,0,0,0,10,11,0,0,7,0,0
4,1,0,0,0,8,0,0,0,0,0,16,0,1,16,0,16,11,25,0,0,9,0,0,0,0,6,2,4,3,7,0
96,0,0,28,4,3,0,0,1,29,3,0,0,0,5,3,1,16,1,0,0,14,0,0,0,1,0,0,0,1,2,1
53,0,11,12,0,0,0,16,1,9,0,15,8,0,10,8,0,23,15,42,14,0,2,0,0,39,0,0,0,0,25,0
0,37,23,1,0,27,0,0,0,0,2,4,0,33,10,0,0,4,0,0,17,14,10,0,0,0,0,44,0,20,1,5
40,0,0,0,0,13,7,0,13,2,14,9,17,25,0,0,2,0,0,16,0,0,18,32,24,2,73,5,3,24,0,0
0,20,0,2,13,1,0,0,1,0,0,16,5,0,3,28,0,2,1,0,8,7,13,0,23,1,27,0,0,5,7,0
33,2,0,1,26,0,29,5,0,0,16,0,0,0,0,0,0,0,0,0,0,0,0,19,4,0,30,0,8,0,19,0
0,24,36,12,14,45,0,0,19,74,18,15,19,0,0,0,0,8,15,0,0,0,2,17,0,0,0,2,16,0,16,27
0,17,46,0,20,63,10,0,5,44,75,0,4,0,0,14,0,0,6,0,6,20,3,0,0,0,0,17,0,0,4,27
0,0,0,0,1,0,0,0,0,19,0,0,0,13,18,0,24,0,8,0,9,3,0,0,0,0,9,0,0,0,0,6
23,0,0,0,0,12,0,26,0,5,31,26,7,0,0,0,4,10,0,0,0,7,9,5,0,0,0,27,0,4,0,0
0,6,0,0,40,9,0,0,0,7,26,0,0,17,6,0,0,31,0,0,0,0,0,9,0,0,0,0,0,0,14,0
0,7,0,0,16,13,1,0,0,0,37,1,8,4,17,2,4,11,9,5,8,0,27,0,0,0,0,0,0,0,14,5
0,0,0,0,0,6,0,0,4,0,17,8,2,0,0,0,0,0,0,0,17,8,4,11,0,10,4,10,0,0,4,20
0,17,0,0,19,23,0,0,10,0,3,0,29,1,0,0,5,9,31,12,0,0,20,0,0,0,1,11,0,0,4,0
93,20,0,0,0,0,1,11,16,0,32,0,0,4,0,0,0,0,4,0,5,14,0,0,0,14,0,2,12,0,0,0
0,0,0,0,0,2,0,14,10,0,6,8,0,2,4,0,0,0,0,1,0,3,0,2,0,3,3,5,0,9,0,9
0,31,6,0,0,8,8,0,0,13,0,0,0,6,1,0,5,0,4,13,0,0,0,12,3,4,16,0,4,8,0,0
7,6,2,0,0,0,0,0,0,29,0,0,0,17,0,3,10,0,0,6,7,0,0,0,0,0,5,7,6,0,4,0
19,0,0,0,0,0,0,0,2,0,33,15,0,0,9,0,4,0,0,5,0,1,0,0,0,0,0,0,0,18,0,0
0,5,24,17,0,12,18,0,0,12,12,45,0,16,2,16,1,0,16,0,2,0,0,0,0,0,0,0,0,25,0,11
18,0,0,0,17,12,2,0,1,25,13,20,10,30,4,0,3,0,0,11,8,0,6,0,1,0,0,4,1,0,16,5
23,0,0,3,0,24,0,5,24,32,22,17,10,33,0,0,0,1,0,0,0,0,19,0,0,4,0,0,5,5,7,0
0,1,0,24,12,0,25,0,0,49,8,0,0,7,1,24,5,13,11,3,0,0,0,0,0,0,13,0,18,8,0,0
147,7,11,0,49,20,0,6,6,5,33,0,0,0,17,13,19,16,9,2,7,4,0,0,0,0,5,0,8,2,9,3
0,0,0,0,5,10,0,5,0,0,0,0,1,0,0,11,10,1,2,2,24,0,12,12,7,0,0,0,0,0,5,0
51,7,0,8,10,0,0,0,0,0,15,0,0,0,0,2,22,0,8,0,15,8,2,0,0,0,3,28,0,5,4,0
0,0,0,0,0,0,0,10,0,0,22,0,2,8,8,0,4,0,45,9,0,56,17,0,0,0,3,0,0,0,0,0
29,5,0,2,0,0,0,4,0,8,4,0,0,3,0,0,0,2,1,5,23,147,115,0,1,23,0,0,0,0,6,0
0,0,0,4,2,0,0,12,0,13,6,10,1,0,0,1,20,31,11,8,0,0,14,0,0,8,30,0,1,5,0,0
0,0,0,0,0,2,2,12,5,14,7,3,21,4,2,0,11,21,1,0,1,7,2,2,0,1,0,3,0,0,4,7
52,22,0,0,20,13,9,0,7,9,26,0,0,1,0,0,0,8,18,0,3,0,12,0,0,0,0,11,0,9,0,0
7,0,10,2,13,0,11,0,0,0,0,9,7,0,13,20,2,1,33,4,1,6,3,0,4,4,0,0,2,0,0,14
0,5,0,8,0,1,7,1,1,3,5,0,0,2,0,0,11,8,0,3,0,0,0,4,0,3,1,0,7,2,1,2
0,0,7,0,17,3,1,2,0,4,4,0,4,1,0,5,0,3,0,0,8,6,2,0,0,11,2,2,4,10,0,0
0,8,0,0,0,11,0,0,0,0,20,36,1,0,8,16,6,7,0,0,0,16,0,0,0,37,17,16,2,2,18,9
0,0,0,14,8,1,0,0,0,0,6,0,26,0,12,15,8,5,7,0,0,3,4,14,25,12,0,0,0,15,0,9
0,0,0,0,0,14,2,13,0,0,8,19,0,0,0,7,0,0,0,0,9,0,3,13,3,0,0,0,6,0,0,0
12,0,0,1,18,0,39,0,0,1,11,16,18,10,6,0,0,6,0,0,0,0,6,0,0,0,0,0,8,0,0,0
38,0,7,0,14,13,22,24,16,29,2,33,0,0,0,1,1,0,4,2,3,10,0,5,6,4,41,0,21,19,0,0
104,5,22,0,46,23,21,21,0,4,3,84,0,0,26,0,38,12,4,25,9,18,0,0,0,0,6,29,13,0,17,36
44,0,6,2,14,31,0,28,0,0,7,1,8,17,6,0,0,0,0,0,0,0,0,13,17,0,6,0,12,2,0,13
7,0,0,4,0,0,0,5,0,0,6,0,0,0,12,18,0,0,0,19,8,0,17,0,20,0,0,0,0,31,9,21
0,27,3,28,8,34,4,5,9,9,0,0,1,36,0,0,13,14,0,20,0,6,13,0,0,24,3,0,0,5,17,4
42,0,28,12,0,27,11,0,0,13,2,0,0,26,0,0,0,7,0,0,0,0,0,17,12,0,0,0,0,0,18,27
0,6,22,0,41,0,4,11,16,13,25,0,9,8,0,6,0,5,0,17,20,8,6,0,0,0,2,0,0,10,9,0
5,0,0,0,5,0,0,0,0,0,18,0,8,0,4,0,3,6,0,2,2,12,0,0,16,6,16,0,0,0,0,18
14,0,0,0,0,0,0,0,0,0,11,1,0,0,0,4,0,0,0,0,0,0,8,0,11,0,13,0,7,22,0,0
0,0,0,0,0,0,22,0,22,11,19,0,20,0,0,0,0,2,24,0,10,0,0,8,0,0,45,4,9,0,0,0
10,30,0,10,0,8,24,0,0,12,0,0,32,3,0,10,0,0,28,20,33,0,14,14,0,0,0,0,0,8,0,0
0,0,1,12,3,0,0,11,0,0,0,5,0,0,0,6,8,0,0,3,0,2,15,0,8,9,16,13,12,0,0,26
3,3,0,0,33,0,10,0,5,0,27,26,0,3,0,0,0,0,7,0,0,0,6,6,0,0,0,0,9,0,5,22
20,0,0,18,33,2,0,1,5,5,13,44,0,15,0,21,10,8,22,6,7,0,4,5,0,2,10,0,0,0,0,0
18,4,17,23,26,13,1,0,0,3,23,12,0,10,10,23,0,0,17,12,0,0,0,0,0,17,9,14,24,0,0,7
97,0,24,13,34,0,0,0,0,33,0,23,0,1,12,15,16,0,4,0,1,17,0,0,0,3,1,3,0,23,0,8
83,0,0,0,0,14,1,0,0,20,2,0,43,6,4,39,19,2,8,53,0,0,0,10,2,0,23,10,13,28,8,9
0,12,0,17,0,25,0,0,2,0,3,0,16,0,0,0,10,1,0,0,5,32,3,0,7,0,0,0,1,0,29,6
57,19,6,0,0,29,1,2,21,9,0,15,3,0,11,13,2,0,28,0,0,18,0,0,11,0,0,2,14,0,13,13
43,20,11,0,16,25,23,7,25,0,0,22,1,0,6,15,15,3,23,0,28,0,13,0,15,14,30,4,18,0,43,2
0,0,0,0,0,26,0,1,8,0,0,0,0,0,1,0,1,4,53,21,0,6,0,0,0,10,0,0,19,5,1,12
0,0,1,0,0,10,0,0,18,2,0,21,0,1,0,0,0,0,17,1,19,0,0,1,0,0,0,57,78,0,18,0
153,0,8,21,31,0,0,13,0,0,20,1,0,0,0,16,11,20,4,0,14,16,28,0,17,14,0,66,86,25,0,3
0,0,19,5,0,18,6,0,8,0,16,0,10,7,0,0,0,0,0,0,16,0,0,17,12,0,0,0,0,10,0,0
0,4,0,0,6,15,8,0,0,8,0,18,0,0,1,0,5,4,10,7,10,0,0,2,0,0,0,1,5,0,0,0
0,1,0,2,10,4,0,14,14,0,0,4,0,0,0,0,0,10,7,5,3,0,0,4,0,9,19,0,0,6,25,0
0,0,3,0,2,2,0,0,0,5,24,0,6,2,0,0,0,4,0,2,0,0,10,13,4,0,22,0,0,12,17,193
102,22,2,0,0,3,0,3,9,2,0,0,10,17,0,0,0,11,0,1,0,2,7,0,9,5,0,18,1,4,106,45
127,1,0,3,0,0,2,0,0,0,15,44,15,0,1,15,0,5,0,7,6,0,5,4,2,0,30,35,0,24,13,26
0,0,0,17,0,0,0,12,0,11,0,16,0,0,1,0,0,0,0,0,6,0,0,4,0,0,0,0,17,5,0,0
0,0,0,14,0,0,5,4,1,2,26,0,0,0,6,12,0,0,0,0,0,0,0,0,0,5,0,0,0,0,0,48
8,14,0,0,58,0,16,22,0,0,12,32,0,0,0,1,0,0,16,12,0,7,0,0,0,1,0,11,0,0,18,10
0,12,28,0,33,10,9,14,16,42,49,16,0,0,5,1,4,4,2,0,12,0,0,0,0,5,1,0,0,1,0,10
0,18,15,0,0,35,4,0,0,29,54,37,0,0,18,0,0,0,0,9,2,0,6,0,3,0,1,0,0,0,6,0
0,8,1,8,24,1,0,0,8,0,11,0,4,0,0,0,0,2,7,0,0,2,2,0,0,2,0,0,0,3,13,0
15,4,6,20,0,0,0,28,0,0,0,18,0,0,0,8,4,0,0,8,0,0,0,0,0,3,7,13,0,2,0,0
0,5,3,4,0,5,0,1,0,0,0,0,0,0,7,0,0,0,0,1,3,0,0,5,2,0,0,0,19,0,0,0
0,0,8,3,5,0,3,0,4,1,0,2,4,7,4,0,0,0,0,0,0,0,2,10,13,3,0,4,0,12,9,4
0,12,0,7,0,0,0,0,1,0,16,10,1,0,0,0,6,1,0,0,2,3,0,9,8,0,11,1,0,0,7,0
0,0,0,7,0,8,0,10,3,3,3,9,7,9,0,4,21,0,0,0,26,1,19,0,4,0,0,0,0,0,0,0
3,0,4,12,0,0,0,21,0,22,18,0,0,0,0,0,14,0,0,0,0,8,0,0,0,11,10,15,0,0,0,0
17,4,0,0,36,0,17,19,2,0,0,14,0,0,0,0,11,0,0,0,1,0,0,0,0,8,20,5,8,0,6,18
0,0,0,0,12,0,0,7,0,4,0,15,0,3,0,2,14,0,0,0,12,30,0,0,0,0,20,0,9,12,22,20
0,0,0,23,0,11,0,0,19,12,5,5,0,1,0,4,4,12,0,2,0,0,0,0,0,0,16,3,6,0,15,11
0,0,0,0,0,0,1,6,0,3,24,12,0,18,0,0,0,0,0,0,17,0,25,2,2,0,3,0,3,40,5,3
0,0,0,15,10,0,15,0,5,0,0,55,0,0,5,25,14,0,6,0,0,0,0,22,1,0,0,1,0,10,0,0
28,0,0,0,0,0,1,9,1,1,36,11,0,0,6,3,7,0,15,0,0,0,6,0,11,13,14,0,6,0,0,0
0,0,0,0,0,9,11,0,16,41,17,52,7,0,0,30,0,0,11,10,0,13,0,3,12,0,0,3,30,0,0,0
103,0,0,0,5,0,0,0,14,41,11,0,0,35,15,0,29,28,12,10,4,0,5,0,0,0,9,0,10,0,15,4
0,0,0,21,23,0,0,0,11,12,19,0,3,14,0,8,0,30,0,23,0,0,0,5,0,0,0,0,0,32,0,0
23,0,0,0,0,0,0,18,30,0,16,0,17,0,0,7,0,0,0,3,0,2,0,0,0,12,1,0,0,12,3,0
0,0,20,0,58,2,0,0,23,6,0,19,13,1,8,0,17,0,15,0,0,2,5,2,0,0,15,6,10,0,0,0
0,0,58,11,44,0,3,2,9,0,5,3,0,24,20,0,0,2,41,0,0,0,0,18,11,0,1,0,7,7,16,0
76,14,0,0,1,3,0,16,11,0,9,16,0,19,0,27,16,0,48,10,17,0,24,0,16,0,89,187,189,0,25,36
0,0,0,12,0,0,0,17,13,3,28,0,3,13,5,7,0,23,7,30,6,7,37,8,0,5,33,189,215,16,0,118
0,0,17,9,14,6,17,5,0,0,11,0,14,0,0,1,0,0,7,2,31,2,0,0,6,0,0,0,5,2,0,220
0,0,13,0,25,0,16,13,8,16,5,6,7,0,7,0,5,0,3,0,1,3,0,0,0,4,0,9,3,0,5,44
0,44,17,0,0,0,0,0,2,2,0,13,0,0,0,2,56,6,19,0,5,5,0,8,0,0,0,0,0,0,35,52
56,13,0,0,0,13,0,4,3,0,18,0,0,5,8,0,0,25,29,0,0,2,0,5,0,2,0,0,14,4,14,103
0,0,0,10,12,38,0,0,0,4,10,0,0,8,0,10,3,3,0,1,1,17,0,0,0,1,13,0,0,0,7,126
0,0,0,7,0,1,11,18,0,16,26,2,0,0,0,0,0,0,0,1,0,0,17,12,0,31,18,0,8,12,7,28
0,13,0,7,26,11,3,3,4,0,1,18,2,0,21,19,26,0,9,0,0,0,0,10,0,0,8,0,20,15,20,29
12,5,34,0,20,0,14,16,0,0,5,11,8,0,14,0,9,0,30,0,8,0,0,0,12,0,32,0,31,0,36,3
23,12,0,14,32,0,26,9,0,1,23,0,10,0,0,0,10,3,8,5,6,11,0,0,0,11,4,0,9,5,0,0
87,24,28,19,0,32,0,14,18,42,29,12,0,3,2,0,0,3,5,0,8,0,0,0,0,3,0,6,3,0,0,0
88,0,4,16,0,15,0,0,2,20,0,36,0,0,7,24,0,0,0,7,0,0,15,3,39,0,11,0,0,0,0,0
0,0,39,34,44,0,7,17,9,0,5,0,22,0,26,17,50,0,14,7,0,0,0,0,0,16,40,0,5,0,0,26
0,3,7,31,0,0,0,13,25,0,0,29,6,0,3,27,7,0,0,34,0,18,0,19,17,0,2,18,0,17,0,0
0,0,1,0,3,1,3,0,0,0,13,18,0,0,13,14,13,7,6,14,0,2,7,0,0,0,16,0,1,5,11,0
23,15,0,0,0,0,0,7,0,0,1,0,0,0,10,0,0,16,0,0,0,0,0,0,0,15,0,0,29,11,3,5
51,7,0,0,14,0,20,8,19,7,1,0,12,0,0,0,0,7,10,0,7,1,0,0,20,6,19,0,2,0,3,17
0,7,2,0,0,0,0,0,0,1,0,6,0,0,1,0,2,2,0,14,10,0,0,6,0,0,15,0,0,0,0,0
55,1,1,0,11,12,8,0,2,2,23,0,12,8,1,0,0,0,0,0,0,0,3,6,2,0,0,1,0,0,0,0
13,5,0,2,7,0,0,4,8,2,0,0,5,0,8,0,0,0,8,0,0,0,0,0,0,0,12,0,0,3,12,10
1,0,0,0,0,0,1,3,0,6,1,7,9,0,0,0,5,0,3,0,0,0,2,2,1,0,5,2,0,3,0,0
0,0,6,0,0,0,0,0,3,0,27,0,4,0,8,1,4,0,0,10,0,0,0,0,1,1,2,0,10,0,0,13
0,6,0,0,0,5,13,0,5,0,36,32,0,4,7,0,0,7,16,0,0,0,6,7,0,0,0,1,8,0,0,0
0,0,0,0,0,0,0,0,2,2,21,25,0,0,1,7,9,3,0,0,0,0,1,7,2,0,1,0,0,1,4,0
0,0,3,3,14,1,0,6,6,13,13,0,1,0,0,0,0,0,1,13,0,0,6,0,6,2,4,1,2,0,2,2
32,0,0,0,0,5,4,1,3,4,6,28,0,30,15,0,0,0,6,0,0,0,0,8,0,6,3,0,0,0,0,0
77,3,0,1,0,0,0,4,0,19,45,0,23,7,0,42,3,1,16,5,0,0,0,1,8,0,0,0,0,0,0,9
22,0,0,0,1,0,1,8,0,0,1,3,9,0,0,21,0,4,0,0,0,0,1,0,0,10,0,4,0,0,0,21
98,0,0,12,5,4,0,0,21,0,0,11,13,6,4,21,0,3,1,0,5,0,0,0,0,0,0,0,5,0,0,29
3,2,0,5,0,2,0,0,20,3,18,4,0,6,0,0,0,3,0,5,0,0,0,0,0,4,0,11,1,0,9,16
83,0,0,13,0,0,0,11,0,0,7,3,0,5,0,4,2,0,49,0,0,3,0,0,0,0,0,1,0,0,5,6
0,8,0,5,0,6,0,0,0,0,0,6,0,0,0,3,0,2,8,0,2,3,0,0,26,0,2,0,0,7,2,0
108,0,0,10,0,7,0,3,0,1,7,5,0,0,0,0,1,18,21,0,8,0,9,0,10,0,0,10,0,7,0,0
0,0,6,0,8,0,0,5,0,0,10,5,0,0,0,0,0,0,17,1,23,0,0,2,1,5,0,0,0,0,0,0
0,1,0,0,16,7,0,0,0,3,0,0,0,5,0,4,0,19,16,0,1,4,0,0,0,0,0,1,3,0,5,8
12,0,0,0,5,0,0,0,0,1,6,0,7,1,0,0,0,2,0,5,0,0,1,1,0,0,11,0,0,0,0,0
92,0,7,1,0,1,0,0,10,0,18,0,5,10,0,0,4,3,5,0,2,1,8,0,0,5,13,0,0,0,0,0
0,0,0,0,0,0,0,11,6,0,17,0,0,0,0,3,11,0,7,6,0,3,7,0,0,23,0,0,0,0,0,13
40,0,3,1,0,0,0,8,0,0,0,20,3,9,9,0,0,0,0,6,0,0,7,0,16,27,22,39,0,0,0,0
0,3,0,0,0,5,0,10,0,0,2,0,0,0,0,1,0,0,2,0,0,0,7,14,2,1,48,0,0,0,1,0
0,0,1,0,0,6,0,8,0,1,6,8,2,0,2,0,0,0,0,0,0,4,0,0,4,0,2,0,0,0,0,7
0,1,0,2,50,0,26,0,0,4,28,4,3,11,0,0,0,3,0,8,1,3,0,13,2,0,0,6,0,0,9,0
0,13,16,2,19,20,0,0,0,45,0,0,0,7,0,3,0,0,0,2,0,0,0,0,0,0,5,2,0,0,0,0
13,1,30,0,2,48,1,0,0,29,9,48,10,1,8,2,0,0,0,0,0,0,0,7,0,0,0,0,2,0,0,5
84,0,0,10,0,0,0,0,0,0,0,2,0,0,7,2,6,0,2,3,2,8,0,3,2,4,7,0,0,0,0,0
18,0,0,0,3,0,0,0,3,1,0,0,1,7,0,0,0,0,7,0,0,0,0,0,2,0,0,0,1,5,0,1
3,2,8,2,5,3,0,0,0,0,3,7,0,0,5,6,0,0,0,0,4,0,0,0,7,4,6,0,4,0,0,0
1,0,0,0,0,5,0,3,3,0,2,4,2,2,2,0,0,0,0,0,0,8,4,0,0,1,0,0,2,0,2,0
3,2,0,0,7,12,3,0,0,0,10,0,0,0,9,0,4,0,0,2,11,0,0,0,0,3,0,2,3,6,0,0
0,6,1,0,0,13,0,0,4,1,0,3,0,0,4,0,0,0,0,0,0,0,0,1,3,11,0,0,4,0,0,0
58,3,0,0,0,6,4,0,0,1,12,0,0,0,4,11,7,0,0,0,3,0,5,3,9,3,0,4,5,0,20,0
3,0,0,11,2,0,0,3,3,0,0,5,1,0,4,4,3,0,0,0,0,0,2,4,7,5,14,0,5,2,0,0
16,0,0,0,0,2,0,0,3,6,0,0,0,12,0,0,0,4,0,0,0,0,0,3,2,0,0,0,0,8,0,6
4,2,0,0,0,0,0,0,0,0,18,0,0,7,5,0,3,0,9,8,0,0,15,0,2,7,0,0,0,4,0,0
0,0,0,0,10,0,0,3,0,4,0,27,6,6,7,0,0,0,0,3,0,0,0,3,0,4,12,13,0,0,3,0
0,8,0,3,21,5,5,8,0,0,0,20,6,2,2,11,0,0,1,7,0,0,8,4,0,0,3,0,0,28,0,0
75,0,13,4,26,11,9,0,19,11,16,38,8,0,8,6,9,0,6,0,0,0,0,20,11,0,9,0,0,9,0,12
18,0,15,23,0,5,3,17,2,1,9,0,0,32,0,0,0,0,0,0,4,4,28,0,0,1,7,20,0,17,0,5
0,19,0,0,21,1,0,16,0,0,0,14,0,13,2,62,0,23,14,12,4,0,12,0,3,7,0,6,7,0,0,15
109,0,1,21,0,5,22,4,46,0,0,26,0,0,0,31,0,16,0,0,0,16,4,0,12,0,29,0,5,0,0,26
91,0,0,9,52,0,20,3,0,16,16,7,8,0,16,32,51,11,20,0,24,0,0,0,0,0,0,0,0,19,0,0
96,0,20,0,7,0,0,0,2,0,1,3,6,0,0,2,20,5,0,0,0,0,0,5,0,8,0,0,0,0,0,0
0,20,0,0,17,23,0,0,0,12,9,0,0,21,0,0,26,0,33,0,3,0,0,0,0,0,0,0,0,0,4,9
0,23,13,1,0,8,0,13,0,0,25,21,38,0,35,7,2,0,28,6,0,0,9,0,0,41,19,0,0,0,0,14
0,18,0,0,7,0,2,15,0,0,0,11,188,193,33,21,18,32,25,0,16,0,0,0,6,18,0,5,3,0,19,16
0,6,13,0,1,4,0,0,0,19,0,2,163,195,238,0,0,8,26,22,71,0,8,0,8,10,0,2,0,0,3,0
79,0,0,0,6,13,21,0,30,0,22,0,101,200,79,0,7,0,47,3,0,0,0,0,12,3,0,9,9,4,3,0
0,6,14,6,0,0,1,0,0,0,5,0,30,213,17,0,5,0,9,10,2,0,6,6,0,0,0,4,15,0,0,12
0,0,0,13,0,4,0,8,20,0,56,47,0,0,14,0,0,0,0,3,0,0,4,15,4,0,0,0,0,9,0,7
58,1,0,3,14,11,31,0,1,11,36,5,21,0,10,0,0,0,0,0,0,29,0,9,5,24,27,0,24,0,20,21
0,12,1,15,28,0,7,49,20,10,0,0,0,26,0,0,33,0,1,10,11,4,1,4,0,16,0,40,0,0,1,14
0,19,8,2,0,0,0,33,0,31,0,12,31,0,31,10,3,14,0,24,28,0,37,26,0,3,40,0,0,20,0,14
0,29,6,18,14,4,35,0,25,18,58,0,0,22,0,0,0,7,0,0,3,15,0,0,0,20,20,10,18,15,15,0
22,3,19,0,54,17,56,0,0,0,27,0,0,34,15,0,0,17,0,12,8,11,0,0,0,0,5,7,13,0,12,0
56,28,0,0,0,16,13,4,17,53,42,0,0,36,0,0,8,21,0,20,0,1,0,0,0,0,1,0,0,0,0,1
0,0,16,6,0,19,0,0,0,26,0,32,0,0,11,0,0,3,0,5,0,0,11,0,0,0,0,0,20,0,17,26
93,28,0,0,15,0,8,0,0,0,9,0,10,33,4,0,0,28,0,10,1,0,3,7,21,2,0,0,8,0,0,51
28,16,0,0,0,12,0,0,8,15,0,0,0,0,3,0,0,7,0,0,0,15,0,0,0,0,0,0,6,0,8,13
17,14,0,11,13,0,0,18,0,0,28,7,29,15,0,0,0,5,14,0,22,9,0,0,9,0,0,0,0,11,0,0
12,21,0,16,1,0,35,8,0,0,8,7,0,20,0,13,16,9,0,0,11,0,4,18,0,0,0,0,6,0,0,0
11,0,7,0,0,23,0,0,27,14,10,0,0,0,3,0,0,8,0,0,0,0,5,0,14,0,0,11,0,11,0,0
0,1,12,0,0,22,19,0,18,28,14,1,0,0,11,28,19,0,0,21,0,0,0,5,0,0,0,7,0,10,3,0
86,0,0,0,0,0,0,17,16,0,19,13,2,30,0,0,0,3,0,1,12,0,2,0,0,0,25,14,17,20,8,13
0,7,5,0,0,0,0,0,16,18,16,0,0,0,17,0,0,10,0,5,12,0,0,0,14,0,5,8,0,5,0,2
0,2,0,0,0,9,11,24,0,2,6,7,6,0,0,5,0,0,13,6,0,0,1,5,0,3,17,12,0,2,0,16
0,0,0,9,0,0,12,16,0,2,10,0,10,0,2,0,0,12,0,0,2,0,0,2,8,0,0,1,8,0,0,4
0,0,19,0,11,0,18,13,8,6,0,0,10,15,2,0,6,0,0,3,6,6,8,0,0,0,5,5,0,0,8,0
0,0,2,16,1,15,3,0,0,0,11,69,11,10,0,0,0,9,10,15,5,1,7,0,15,0,0,7,0,0,6,0
0,1,2,0,3,0,3,0,3,0,22,0,0,21,0,0,0,3,0,0,0,0,0,0,8,0,0,3,1,1,0,0
0,1,0,7,0,7,8,11,0,22,28,22,0,9,11,6,12,5,0,4,2,0,9,11,0,7,3,0,0,0,0,20
108,3,0,0,6,0,0,0,4,25,39,0,0,34,0,47,21,14,24,1,6,1,3,0,5,0,5,6,0,1,28,9
0,0,3,6,2,0,0,1,0,0,16,10,2,0,2,7,1,22,2,0,0,5,5,2,0,5,1,0,3,0,0,0
69,2,0,6,0,0,3,0,0,0,0,0,13,0,3,39,38,0,0,0,4,0,13,0,10,0,9,8,2,0,0,0
87,0,0,1,6,3,0,12,0,6,6,5,0,0,1,0,7,0,0,0,0,0,0,0,0,3,0,2,6,12,16,10
0,4,13,4,7,6,0,0,0,0,0,0,0,5,10,0,15,52,210,12,2,0,1,6,2,0,0,1,13,0,0,0
0,0,0,0,0,0,6,2,23,16,19,1,0,30,0,0,0,30,127,0,13,0,36,28,18,20,0,11,0,0,6,0
140,0,0,16,3,0,7,0,0,10,6,18,9,0,0,0,0,9,0,2,0,17,2,23,2,0,7,5,0,0,0,0
0,0,0,0,0,5,6,0,0,0,25,16,0,0,0,0,0,0,12,0,12,0,0,7,0,2,0,6,33,9,10,9
71,0,0,6,27,8,0,6,0,4,0,0,0,5,14,0,2,8,26,0,16,0,5,2,11,0,0,10,8,0,0,0
31,10,5,0,8,0,0,2,2,0,0,6,0,7,0,18,16,0,26,0,17,0,13,20,0,4,0,26,0,0,0,23
0,21,0,0,0,16,0,0,0,5,0,0,0,16,0,0,8,0,40,5,6,0,0,16,0,9,7,0,7,9,12,13
0,0,14,0,0,7,11,36,0,0,11,9,0,0,6,0,0,28,17,0,0,0,0,10,3,45,0,0,2,22,0,4
74,10,0,5,0,0,0,8,0,0,19,20,4,0,16,7,5,10,18,0,0,10,2,13,0,0,7,36,42,0,0,0
0,0,11,0,0,0,0,14,0,0,0,0,29,0,11,27,16,0,0,12,0,0,32,3,24,19,68,11,36,0,37,5
0,0,0,10,0,12,0,0,0,0,0,16,0,0,0,0,0,6,4,16,18,22,0,0,0,0,0,0,0,0,0,4
49,7,0,6,30,31,0,16,26,0,5,24,0,1,0,9,0,0,0,0,9,0,0,0,0,0,1,0,14,0,18,11
13,3,22,0,29,18,7,0,0,21,24,0,0,19,0,0,0,2,10,0,0,2,10,0,14,0,0,0,0,0,7,0
0,0,18,29,15,0,9,0,19,35,19,0,0,6,16,0,2,0,1,27,0,0,7,0,0,0,7,22,5,0,3,0
0,4,8,26,0,0,0,1,0,5,3,0,3,20,0,0,0,0,8,11,0,0,0,6,3,11,10,0,0,0,14,0
32,3,4,22,0,0,0,0,6,0,7,0,0,0,0,0,0,0,0,0,0,0,24,7,0,0,0,18,8,4,0,14
70,13,0,9,0,2,0,0,0,2,0,0,0,0,7,9,0,36,5,31,0,0,7,0,2,3,4,0,0,0,11,0
0,16,0,0,0,0,4,0,21,0,11,0,0,4,6,0,9,0,0,3,2,0,0,0,10,12,0,17,5,0,16,12
0,0,0,25,0,0,0,23,4,0,0,2,0,0,0,4,0,2,0,0,3,11,0,0,0,0,0,0,0,0,0,0
1,0,12,0,0,0,0,0,0,1,4,21,0,0,0,18,0,21,0,26,0,0,31,12,0,0,5,0,9,20,20,0
37,21,0,0,36,0,12,0,0,5,0,8,0,0,0,0,0,0,0,3,12,5,4,12,0,0,0,4,17,0,0,0
8,9,0,0,0,11,6,9,7,0,0,37,10,0,0,6,0,19,0,0,0,7,0,6,0,20,0,9,0,8,0,0
16,0,0,0,17,16,0,0,0,0,0,0,13,0,0,0,33,25,0,0,0,8,0,4,0,0,29,0,0,19,0,0
0,8,0,18,0,0,0,9,7,0,17,21,6,0,20,0,1,0,2,0,2,0,0,9,21,1,0,0,5,5,0,0
0,0,0,0,0,0,0,17,1,5,7,13,7,0,17,0,0,42,32,0,6,12,3,16,6,6,0,3,0,14,10,0
8,6,5,0,0,0,0,0,0,0,5,19,7,16,5,14,27,0,21,0,11,0,3,4,6,16,13,6,2,7,14,19
0,0,0,2,29,0,8,0,9,33,39,0,0,24,4,0,9,8,0,8,69,0,0,0,4,21,0,13,0,0,20,11
0,20,15,0,10,0,19,7,18,15,0,11,14,64,0,10,13,0,25,3,8,0,4,8,0,3,0,0,3,9,0,2
61,21,9,0,0,0,8,0,0,13,0,25,0,31,0,29,19,2,54,6,0,0,0,0,9,4,24,0,0,26,35,1
13,8,0,18,2,21,0,25,11,0,0,1,14,2,11,21,29,61,21,0,6,29,0,0,0,0,0,12,0,0,0,17
0,6,0,0,0,17,11,0,13,0,0,5,0,0,0,19,0,11,0,0,11,0,22,13,0,0,0,0,9,1,4,33
0,0,0,6,0,4,0,10,29,0,0,8,0,0,0,0,0,215,105,0,0,0,3,1,7,10,10,1,0,0,0,26
0,13,0,16,21,7,0,0,0,1,0,5,0,20,0,0,18,190,64,0,12,19,49,5,16,0,0,0,4,13,2,0
0,4,0,3,0,4,4,0,0,0,0,12,64,48,60,0,9,29,0,0,0,0,0,7,0,0,6,2,13,34,7,0
120,0,20,17,13,9,0,11,4,0,0,29,147,151,42,17,0,10,2,2,4,4,9,0,6,17,18,4,20,0,16,0
0,23,16,0,12,14,18,0,20,4,31,0,25,221,165,0,3,3,7,0,6,0,20,0,2,2,4,16,5,2,7,0
17,6,0,0,2,4,14,0,0,0,0,5,7,0,13,0,0,1,0,11,5,7,4,0,23,0,0,0,0,18,0,14
9,0,3,0,21,35,10,0,28,6,0,24,4,0,0,0,0,0,0,16,11,1,0,0,1,0,0,0,0,16,23,0
0,0,30,10,0,0,0,0,0,10,0,0,24,1,13,0,0,6,0,32,9,0,3,7,15,11,0,0,21,19,0,0
0,4,0,0,0,0,0,1,0,7,0,0,4,7,0,0,0,0,0,12,0,6,0,3,0,3,0,0,24,3,0,8
0,0,0,0,0,3,15,0,0,2,23,0,0,0,0,0,7,0,13,6,5,10,6,5,6,33,27,0,44,0,0,0
0,0,0,0,0,0,12,0,0,10,0,10,3,17,15,6,0,0,0,10,6,0,3,23,0,17,0,0,0,0,0,1
0,4,6,6,0,2,0,3,0,0,25,18,3,0,0,26,3,0,7,0,0,26,0,2,28,20,23,0,6,6,1,30
20,6,27,0,39,0,24,12,11,0,16,19,0,3,11,0,14,0,0,0,0,1,16,0,27,6,36,2,11,0,0,9
42,0,1,0,41,0,0,23,9,20,24,0,13,28,10,1,9,1,1,0,4,0,0,3,0,0,6,13,11,0,0,11
0,0,31,0,30,33,0,0,0,33,0,26,0,0,19,11,0,0,32,21,19,0,2,9,4,0,2,8,1,13,1,0
97,0,28,0,0,0,0,25,0,0,0,24,0,0,0,8,0,12,0,0,0,0,23,23,9,10,6,0,7,0,0,20
0,0,9,0,0,11,5,0,0,9,22,0,0,0,0,9,0,1,3,0,12,9,22,0,0,0,0,17,0,0,0,16
50,0,0,0,0,0,7,6,0,0,7,28,1,17,8,11,18,13,0,0,11,0,0,0,0,0,2,0,21,0,19,0
0,3,0,0,0,0,7,0,0,10,0,0,16,0,2,0,18,0,0,10,0,7,0,0,0,3,26,0,10,19,0,7
16,5,0,4,0,0,0,25,16,0,0,20,0,0,0,27,0,0,0,1,1,4,16,1,0,4,0,11,0,2,10,34
0,0,19,14,0,0,11,0,11,12,0,9,23,11,9,0,0,0,0,6,0,0,32,0,16,0,18,3,12,24,17,0
107,0,24,29,21,0,0,8,20,30,9,0,0,7,0,0,3,0,0,0,8,13,3,0,1,4,0,5,0,16,0,0
2,0,0,20,32,0,0,46,0,0,17,9,0,10,2,18,0,5,10,0,0,16,1,0,7,4,26,0,3,4,21,0
0,0,0,23,0,0,0,0,0,0,8,0,0,19,0,0,0,0,28,0,20,3,26,0,3,4,0,0,0,0,8,18
0,0,0,18,25,0,0,9,16,5,0,0,36,3,0,0,36,10,0,0,0,0,14,0,0,0,0,1,0,0,0,0
0,17,0,0,27,0,0,5,0,9,1,5,0,0,0,12,0,10,0,0,6,5,0,16,0,2,0,10,0,0,12,2
0,11,23,0,0,0,0,0,0,12,10,41,6,0,24,0,0,4,0,22,0,0,0,0,21,4,0,4,0,17,0,0
0,13,0,0,0,2,1,0,0,29,0,0,0,9,0,0,0,0,16,0,0,0,0,4,0,11,0,15,8,11,41,34
35,3,14,1,20,7,14,21,9,59,7,0,0,39,8,20,21,0,3,0,0,0,0,0,41,0,27,0,26,6,3,0
58,14,0,1,9,2,3,0,0,29,27,0,0,0,5,0,0,18,0,0,2,0,5,0,3,0,36,5,2,0,0,0
3,0,0,19,0,10,0,0,22,26,34,0,14,16,7,7,0,32,0,0,16,23,18,29,0,0,20,0,0,31,0,0
27,12,0,0,5,12,0,0,0,24,8,0,28,0,13,9,0,4,0,15,11,0,13,9,0,0,0,18,7,0,0,0
70,13,0,17,5,8,8,8,3,0,20,12,11,1,7,0,4,8,49,145,6,3,5,0,3,0,10,0,25,16,0,0
63,8,12,6,0,15,0,24,27,0,0,0,25,9,6,14,0,3,196,190,191,6,0,74,221,50,0,6,0,8,0,0
0,22,0,0,0,6,20,0,0,17,11,0,2,5,0,0,0,0,195,190,55,8,34,244,120,164,0,11,0,23,0,6
0,0,0,0,0,0,3,0,20,0,7,0,56,80,0,0,0,0,0,163,0,0,16,88,141,76,0,0,0,6,0,0
63,34,0,0,0,10,10,0,0,3,7,3,0,10,35,0,13,0,0,12,0,0,0,6,0,5,3,0,31,0,0,38
58,0,0,0,56,0,0,5,0,7,0,0,0,7,3,0,14,0,1,0,0,0,0,0,0,2,0,2,0,12,0,0
0,0,32,17,0,0,5,0,0,3,0,4,0,0,0,0,42,0,0,0,17,26,4,2,0,3,11,0,0,0,0,0
32,0,0,12,0,0,4,10,0,3,0,0,0,0,0,0,0,0,0,3,0,0,0,7,0,3,0,0,9,1,0,0
21,0,0,0,0,0,0,0,0,0,10,0,26,0,0,0,7,57,0,5,10,8,0,0,0,0,5,0,52,14,20,0
0,0,12,15,12,0,0,18,0,0,6,20,8,33,4,30,29,0,0,0,0,2,5,4,0,28,7,11,37,0,0,16
0,31,0,0,0,20,29,11,1,1,5,21,0,0,0,17,0,0,14,6,31,8,1,0,0,1,1,0,0,0,12,31
47,16,9,0,7,28,12,0,14,0,50,32,0,0,18,0,38,12,40,6,23,7,12,0,0,19,0,0,11,6,0,23
9,2,0,6,17,23,0,0,0,10,2,0,5,0,6,1,0,0,13,0,0,38,0,0,0,0,3,0,7,0,0,0
0,18,40,0,36,18,17,0,7,44,0,3,6,0,0,14,2,23,0,11,0,16,0,12,16,0,0,0,16,35,0,0
93,3,0,12,0,50,2,0,4,35,16,31,25,11,0,2,10,11,13,13,0,0,8,0,1,0,10,33,0,0,14,0
0,0,0,0,0,0,3,22,0,1,1,0,0,0,8,42,19,0,0,9,0,0,0,11,0,16,23,0,0,0,0,33
8,0,8,19,1,8,22,0,0,9,0,0,0,0,0,14,34,0,0,4,18,0,2,0,14,0,0,0,0,20,0,0
0,0,0,8,30,0,0,7,7,1,11,0,0,1,0,3,7,0,12,8,0,0,0,2,17,6,0,0,0,0,0,9
0,0,0,0,0,0,9,4,11,2,0,11,9,0,7,0,0,0,0,4,3,0,0,0,7,0,0,19,0,0,10,28
0,7,0,0,0,0,0,0,0,11,4,0,0,7,0,0,0,8,11,5,5,0,0,0,0,0,0,7,3,0,3,0
0,0,0,0,0,0,12,0,21,0,21,10,7,29,1,14,0,5,0,6,8,0,4,8,14,10,12,14,0,4,0,0
73,1,0,18,0,2,0,0,0,2,0,0,21,14,0,0,16,4,11,5,0,0,0,5,0,0,1,11,13,0,0,23
0,0,0,0,0,0,0,5,0,4,13,0,16,0,12,20,16,2,0,0,3,0,10,8,13,8,11,0,14,0,0,0
1,0,0,6,0,0,4,0,0,0,0,20,0,0,21,5,7,0,13,0,2,0,0,0,3,8,39,0,0,2,0,0
6,0,4,0,24,1,8,0,0,0,12,4,4,14,6,7,0,3,0,2,0,0,0,0,0,17,0,2,0,0,0,0
1,0,0,0,19,7,17,2,0,4,2,4,0,5,0,0,0,0,12,0,0,0,10,0,7,10,0,0,0,0,3,0
16,24,12,0,12,23,13,0,0,1,0,8,0,0,8,13,20,0,0,0,9,2,0,0,0,9,3,0,24,0,7,25
36,1,9,0,0,0,0,0,0,22,0,0,0,1,4,5,0,0,0,2,0,1,14,0,2,5,11,0,14,0,0,0
0,0,0,0,0,1,1,16,4,0,3,17,2,6,0,0,0,3,0,24,0,0,0,15,18,0,0,0,0,0,2,2
0,0,21,3,7,0,0,0,0,23,43,20,0,2,2,28,15,0,9,2,6,1,0,6,36,0,0,17,0,0,0,0
0,38,5,0,32,18,8,0,0,11,0,0,0,22,8,13,12,31,0,4,2,0,2,6,0,0,0,4,18,0,25,21
0,4,2,0,0,0,0,0,0,15,0,3,0,8,0,0,0,0,2,0,0,19,21,0,0,0,0,14,3,0,2,0
0,0,0,8,0,0,14,24,0,0,0,2,0,16,12,23,6,3,0,0,2,0,0,3,0,14,0,6,0,0,4,19
0,0,9,0,0,7,2,2,2,0,0,0,3,10,14,0,0,0,57,23,2,0,0,0,10,4,0,0,0,9,0,2
0,0,0,0,33,0,6,10,0,0,0,0,8,0,0,25,20,0,20,27,0,0,0,0,0,51,16,5,0,0,24,10
94,0,23,17,32,0,0,18,0,0,0,9,0,3,195,72,1,0,22,30,0,0,5,3,25,2,28,0,0,13,19,0
0,0,0,8,11,0,0,0,1,2,0,8,0,97,140,71,0,0,0,0,2,0,25,11,23,6,0,0,4,0,2,0
51,4,0,17,5,15,0,0,11,0,0,13,0,112,219,32,8,6,12,0,3,1,0,9,6,0,0,11,0,0,5,18
0,6,22,5,0,0,0,11,16,0,0,0,2,0,88,16,1,2,0,0,0,0,7,0,0,8,3,0,30,0,0,2
0,0,0,15,0,0,0,0,3,13,8,0,4,8,14,2,1,0,11,0,0,0,0,17,7,11,0,0,0,14,0,3
0,6,0,0,0,0,0,0,0,8,0,0,0,0,3,0,2,0,0,0,0,0,0,15,0,0,0,0,53,3,3,0
71,35,11,8,0,22,0,3,0,14,0,4,0,0,0,0,11,0,0,0,0,0,8,0,0,0,4,27,36,0,0,0
0,16,26,0,0,0,0,19,0,6,0,0,8,1,0,0,9,14,0,0,0,7,13,5,30,0,53,0,8,0,18,0
0,13,0,0,8,30,6,0,15,5,17,9,0,9,27,0,5,11,0,0,13,0,29,0,20,0,41,0,8,0,0,0
58,0,0,7,6,0,4,0,0,1,0,8,0,0,0,0,0,0,16,0,0,0,1,7,0,0,0,4,9,18,0,0
0,0,0,19,11,8,0,7,0,22,0,2,0,21,0,9,24,0,6,4,0,0,0,0,6,0,23,1,0,13,4,7
0,13,54,0,12,38,11,0,10,12,24,7,0,8,0,8,0,4,8,0,16,8,21,8,14,0,0,0,4,10,9,19
67,15,19,0,0,14,3,0,27,16,26,0,0,0,18,26,19,0,6,0,0,13,0,0,0,0,0,0,2,0,26,55
0,7,0,0,8,2,0,10,0,1,7,0,0,0,19,16,0,0,14,0,15,0,14,1,4,18,0,21,0,10,7,11
70,9,38,0,0,0,8,9,0,0,0,16,0,0,9,0,30,0,0,14,12,2,0,8,0,25,0,0,0,2,0,16
0,18,0,0,0,15,14,0,0,0,3,18,22,15,9,24,8,0,15,0,7,0,0,0,13,0,0,0,27,12,0,16
0,0,0,0,21,3,0,0,0,0,0,27,0,2,6,13,0,19,0,0,0,0,0,19,0,0,25,0,9,5,3,27
0,9,0,15,14,8,6,0,0,0,7,8,10,0,0,13,0,0,16,30,0,17,0,15,0,0,3,21,4,0,5,0
94,12,5,0,0,0,3,0,12,4,24,0,4,4,0,0,0,0,0,12,7,0,5,0,10,0,0,0,0,8,0,13
6,11,3,8,41,9,0,0,0,27,0,0,10,0,1,13,6,0,2,0,0,10,0,0,5,0,0,0,0,0,0,0
10,55,0,17,13,0,0,14,0,0,7,0,8,0,11,21,0,1,0,26,5,0,31,0,11,0,0,1,0,17,0,6
2,30,0,6,1,18,9,0,22,10,21,0,14,13,11,0,2,0,0,2,30,0,22,7,17,0,0,3,0,0,0,12
0,0,6,51,22,0,16,30,0,0,0,38,10,0,0,0,11,0,0,30,0,0,0,0,5,2,12,7,0,0,1,0
20,7,21,0,0,7,0,0,29,6,1,71,16,4,14,41,25,0,0,20,18,6,0,0,22,0,3,0,0,0,11,0
0,0,0,16,13,0,0,0,0,35,0,28,12,35,11,0,39,0,4,28,0,16,19,19,13,32,0,0,26,5,6,20
20,0,8,0,0,11,0,0,0,40,7,19,0,16,0,14,0,0,0,1,0,0,10,0,0,0,2,0,0,0,0,23
13,14,0,0,71,29,24,0,3,5,3,6,2,23,7,0,37,35,14,0,15,0,0,0,0,9,13,51,0,0,16,0
90,1,0,10,0,5,0,0,1,14,14,5,0,9,13,8,9,11,0,0,0,0,0,4,3,7,0,11,0,0,22,10
53,0,4,0,13,0,0,3,27,0,0,3,0,0,8,20,0,22,1,0,4,6,1,1,0,0,0,10,0,0,0,0
52,0,0,6,39,22,9,0,21,21,9,29,6,0,0,12,0,0,0,5,3,0,6,7,0,4,0,0,18,17,0,0
133,0,8,0,0,0,0,3,19,0,19,0,8,25,0,0,2,16,123,0,179,7,9,0,0,10,0,7,31,0,16,0
0,0,8,0,0,0,0,0,0,0,0,0,0,45,12,0,0,24,10,0,213,196,108,14,0,0,16,0,3,0,11,0
112,5,35,0,0,0,0,0,8,0,0,0,0,1,2,9,0,0,44,0,111,114,0,17,0,0,71,31,0,0,0,8
0,0,23,3,1,0,0,0,9,1,0,23,26,17,6,0,1,10,0,0,0,0,0,0,10,19,122,88,15,4,11,0
85,15,0,0,0,32,0,0,0,16,8,0,1,16,0,0,0,0,37,9,25,15,22,4,0,11,108,28,0,0,8,18
0,0,0,0,0,10,0,6,0,4,0,0,0,0,0,0,13,2,1,2,0,2,0,10,0,10,12,0,4,0,2,28
0,0,5,0,19,22,0,0,0,0,0,29,10,10,9,4,0,5,3,0,2,0,4,10,0,0,11,0,0,7,27,0
0,22,17,2,0,0,0,0,0,0,10,0,0,13,3,0,7,0,1,0,0,32,0,21,55,0,30,0,17,168,162,8
0,0,10,0,0,13,0,0,0,2,42,24,15,0,15,4,0,2,0,16,0,0,0,22,3,28,3,0,14,53,0,25
45,0,0,0,40,17,5,0,19,23,9,0,0,15,3,0,47,2,17,7,0,0,2,8,7,0,0,0,3,8,0,0
0,0,0,0,14,5,7,0,7,0,0,15,0,4,0,0,16,2,22,0,13,0,0,4,0,7,0,11,0,0,0,1
77,0,0,20,36,19,6,3,0,0,13,1,1,9,13,0,0,0,0,0,3,0,8,0,0,0,0,0,0,0,0,0
0,0,8,39,46,0,0,12,0,25,4,9,0,0,2,0,0,0,0,4,0,2,0,0,0,0,3,0,12,14,0,0
109,0,42,4,25,26,0,8,3,23,1,85,0,0,13,1,14,14,10,0,3,0,10,0,7,0,26,0,7,0,0,28
0,8,19,0,1,0,0,0,14,7,4,1,6,6,0,4,0,0,0,0,4,4,0,0,0,0,15,5,8,0,4,0
0,14,9,0,0,0,0,0,11,0,3,8,2,6,0,0,0,0,8,7,0,0,10,0,5,0,0,0,5,6,7,34
0,0,6,0,0,0,0,0,3,6,13,0,0,8,0,0,0,3,0,0,10,2,6,0,8,0,4,1,0,17,0,0
5,5,0,0,6,6,0,0,7,7,9,0,1,3,1,0,0,7,11,7,8,3,13,4,2,0,0,0,0,1,4,0
2,0,0,0,5,0,5,0,3,4,7,0,0,0,0,0,0,0,3,0,0,0,0,0,0,2,20,0,20,9,0,12
2,9,0,0,0,0,6,2,3,3,0,0,8,0,0,3,5,11,8,3,13,0,0,0,8,0,0,3,0,9,9,0
86,0,28,0,0,3,7,16,10,0,34,14,29,5,31,6,0,3,5,0,23,0,5,0,0,0,16,15,17,9,4,0
0,0,12,0,0,8,0,6,8,0,0,8,6,6,0,0,4,3,21,0,11,0,4,2,2,11,0,12,0,16,4,0
0,0,0,21,0,11,0,0,6,16,15,1,0,9,6,10,0,0,14,0,18,0,6,9,0,0,2,7,0,10,17,13
0,0,32,0,6,24,0,0,0,4,7,0,3,0,2,0,0,0,0,0,0,25,0,0,8,0,0,0,0,0,0,5
0,0,0,2,4,8,0,0,19,9,32,5,0,0,0,0,4,0,16,0,20,4,4,10,4,7,1,0,0,11,0,11
58,0,0,0,7,0,7,19,19,16,30,52,6,0,0,0,15,13,10,19,7,0,0,10,5,0,0,0,0,0,2,18
11,37,21,0,0,7,7,0,13,0,58,0,14,32,14,12,11,0,0,0,0,33,0,0,0,24,0,4,0,0,35,20
49,16,39,0,8,33,4,0,0,36,21,6,1,29,33,0,26,0,0,28,0,0,0,0,0,23,0,0,0,0,1,31
0,12,4,0,27,0,7,0,0,0,0,15,8,11,0,44,23,21,22,0,0,0,19,3,5,0,0,0,0,9,0,3
122,0,0,6,0,0,0,3,10,0,0,4,2,0,0,2,0,1,0,4,9,15,4,1,0,30,6,6,8,6,0,20
88,0,12,0,0,9,24,8,10,0,0,16,0,0,0,0,15,0,0,0,0,12,12,0,0,27,11,10,29,1,10,12
74,14,0,0,0,1,5,0,5,21,0,0,0,0,0,0,0,7,4,0,0,0,0,4,0,0,0,11,0,0,21,4
0,0,24,0,0,4,0,0,2,0,0,0,9,0,0,0,10,0,80,0,19,184,0,4,5,0,0,5,0,9,0,0
90,20,24,2,16,0,0,7,0,3,1,0,16,25,152,82,0,0,11,5,49,81,19,0,0,0,27,0,12,0,2,0
143,0,0,0,11,0,0,8,6,21,12,13,31,0,150,181,8,0,0,0,18,2,36,17,19,2,0,5,18,5,0,0
0,0,0,24,0,0,0,5,0,0,7,1,7,0,65,197,128,0,0,0,0,0,0,0,0,9,5,0,0,0,0,29
0,0,0,0,9,0,0,0,0,14,14,0,0,0,33,73,1,3,16,0,3,6,23,0,0,14,0,0,26,4,0,10
0,3,0,1,0,4,1,30,7,29,0,0,0,24,12,0,10,5,0,0,6,2,6,4,0,0,38,0,14,5,0,20
73,25,0,0,0,52,15,0,0,0,24,11,10,5,0,0,0,4,6,0,0,0,35,2,2,13,0,0,0,0,12,28
41,14,0,5,32,16,0,0,8,4,8,0,0,13,0,0,1,15,0,0,11,26,0,0,0,0,0,26,0,27,0,0
75,0,0,0,0,0,1,21,0,0,48,47,19,0,23,0,0,4,0,9,0,1,8,0,10,8,0,0,57,0,0,36
4,0,0,22,24,16,7,0,0,0,0,0,0,34,19,5,0,0,0,22,0,2,0,13,44,0,3,0,21,36,0,0
9,24,12,0,8,19,0,22,0,0,21,37,21,4,0,6,0,0,7,0,0,9,26,0,1,2,11,0,24,6,17,20
13,0,0,29,61,0,30,27,16,0,32,0,16,28,29,1,9,7,0,34,0,0,0,21,23,2,22,0,0,19,4,0
89,0,5,2,17,22,2,23,0,49,25,0,8,15,4,12,7,1,0,15,0,0,0,0,0,0,0,0,8,0,9,20
49,14,34,8,0,36,0,12,2,41,26,0,16,0,1,0,4,0,0,0,14,0,0,0,9,18,12,0,22,24,6,0
24,0,2,29,0,37,0,27,7,0,0,0,0,0,0,0,10,18,0,0,0,0,0,19,16,0,0,0,0,0,0,0
2,0,0,0,0,40,10,3,4,0,36,1,13,0,0,0,0,16,0,0,5,2,0,8,7,6,20,0,29,13,14,6
39,17,0,0,11,12,0,2,7,0,20,17,0,0,3,0,0,0,25,0,0,0,28,2,0,28,9,0,3,13,0,0
0,1,14,0,29,0,13,0,0,6,0,0,16,0,2,10,11,0,12,0,8,0,0,19,0,31,9,0,0,0,3,10
0,0,6,0,0,0,0,0,3,0,0,1,12,12,11,0,9,0,0,25,0,0,4,22,0,0,34,4,27,0,0,0
0,7,0,1,14,0,0,0,0,18,0,0,0,0,0,0,0,18,0,0,22,32,0,22,9,0,0,0,0,0,10,14
88,0,9,0,3,10,8,0,0,0,0,19,25,0,0,1,0,2,0,0,0,7,12,20,12,32,0,2,8,11,8,0
16,0,1,19,3,0,0,19,0,0,27,13,0,5,0,27,0,0,0,0,12,5,0,13,19,17,0,0,27,16,0,0
22,8,7,0,32,0,0,0,4,10,16,0,0,15,0,0,10,0,0,1,15,5,30,0,0,0,0,9,0,0,23,0
0,8,5,0,1,8,0,11,0,5,0,0,24,0,0,0,0,0,0,27,9,8,0,13,6,8,8,0,0,8,0,0
1,0,0,13,0,0,11,0,0,0,36,33,6,15,0,13,10,13,0,0,4,0,8,10,0,0,8,0,4,0,4,3
0,0,7,4,13,11,12,0,1,0,23,69,0,5,0,0,4,1,0,0,16,7,11,2,12,0,0,0,4,14,0,2
36,0,0,0,0,1,0,0,22,26,19,0,0,34,0,10,0,16,0,0,13,0,6,0,16,0,25,19,5,2,0,26
0,0,2,0,0,7,0,0,10,53,33,0,0,49,5,0,0,4,0,0,8,6,0,7,4,0,0,0,0,12,0,0
0,0,13,3,22,0,2,0,5,42,4,0,30,18,0,45,7,26,29,0,0,0,2,4,0,0,0,0,1,0,1,0
0,12,17,3,0,2,0,0,0,0,0,7,6,5,1,17,3,0,0,3,1,0,8,0,0,14,1,0,0,14,0,0
0,13,4,0,9,6,0,0,0,2,0,0,2,0,7,0,0,0,15,4,34,0,33,6,8,10,11,11,3,14,1,0
0,0,0,4,1,16,0,0,7,0,4,0,1,2,9,0,17,0,4,10,46,0,0,0,0,3,0,0,0,0,0,0
0,7,0,0,0,7,0,0,33,9,0,0,0,2,0,7,2,7,32,4,91,14,0,5,0,0,0,0,0,4,0,3
43,0,0,7,10,0,0,0,4,0,9,4,0,0,0,0,71,3,3,0,48,47,19,8,1,0,0,9,7,0,0,8
0,4,0,0,0,5,0,0,7,0,0,12,0,0,0,13,36,0,0,0,32,4,8,3,1,0,4,0,16,0,0,17
117,5,0,0,0,0,4,5,0,0,0,0,0,1,10,2,5,0,0,11,28,0,0,4,0,2,21,0,5,0,0,17
0,0,0,0,16,0,0,9,0,5,0,13,0,0,0,11,0,5,0,0,0,1,1,0,0,0,0,0,0,7,0,12
5,0,2,0,0,0,5,0,0,0,5,0,0,0,7,17,0,5,0,0,0,0,4,0,1,0,12,0,4,0,0,11
52,0,4,0,0,3,0,1,0,0,0,12,7,0,14,5,7,0,0,2,0,0,0,0,1,0,11,0,13,0,0,15
0,6,0,0,9,9,1,2,16,0,12,0,7,3,0,0,15,0,6,2,2,9,1,1,0,0,0,3,57,0,3,0
0,0,7,0,0,16,0,0,0,0,20,6,2,8,3,9,5,8,1,0,12,8,0,10,0,28,0,1,42,5,10,0
93,0,0,0,10,0,0,0,4,0,12,0,0,5,0,1,0,5,0,0,5,0,2,12,0,4,31,13,0,7,4,10
84,0,10,6,1,1,5,0,5,0,4,13,0,0,2,2,6,16,0,0,0,2,4,2,0,0,0,0,12,11,12,12
0,20,3,0,40,4,12,0,7,8,19,6,0,6,0,0,0,11,0,1,2,0,10,0,0,0,0,1,10,0,12,0
58,8,23,7,20,25,0,0,0,39,16,6,0,0,0,1,0,1,1,6,1,0,0,0,5,3,5,8,1,0,0,1
80,0,13,0,16,25,7,2,1,33,4,62,5,13,0,0,0,0,0,0,5,0,0,1,0,1,6,0,6,7,5,0
0,0,8,9,0,0,0,0,5,0,0,0,4,0,4,0,6,0,0,0,6,2,1,0,0,1,0,4,2,5,0,0
0,0,9,3,9,0,3,0,1,8,0,0,9,0,2,0,1,3,0,0,0,0,4,6,3,0,12,1,2,0,1,0
0,8,0,9,6,0,3,0,0,8,10,16,0,0,0,4,0,0,0,0,0,0,5,0,0,0,10,0,5,0,4,0
17,6,9,21,0,0,4,9,14,0,2,6,0,24,16,0,0,0,18,6,14,0,4,1,0,12,0,7,10,0,0,0
31,0,10,8,0,23,0,0,0,4,0,0,0,7,4,18,3,0,1,0,0,0,18,5,0,6,18,0,17,2,0,11
25,5,7,2,0,0,0,24,0,0,0,9,0,0,0,0,0,0,0,8,10,0,11,0,20,3,21,0,11,0,7,0
43,25,0,0,0,0,29,15,19,0,34,8,0,16,0,0,0,15,0,14,0,0,40,2,3,5,0,14,0,23,5,0
0,15,24,0,0,0,0,7,0,0,0,0,0,11,0,0,21,9,0,0,3,16,0,0,14,6,0,7,4,0,16,7
0,0,2,26,0,1,0,0,0,11,0,0,1,20,0,0,0,0,0,14,0,0,0,14,0,22,0,1,0,2,0,0
10,19,16,13,28,0,11,18,0,0,2,0,0,0,2,0,0,0,0,0,0,0,5,4,0,0,0,15,14,0,0,4
2,0,5,0,13,19,0,8,0,0,7,33,0,4,14,10,0,11,0,0,1,9,0,14,0,0,16,0,0,0,0,0
16,8,0,13,1,0,0,6,21,9,10,59,17,16,0,0,8,15,0,0,0,28,0,0,0,0,0,0,6,0,0,29
33,18,37,0,20,12,19,0,23,20,26,0,9,20,0,22,0,0,43,0,9,12,3,4,0,5,13,0,0,0,0,0
0,0,0,0,16,0,21,0,11,41,0,19,0,31,0,4,0,0,0,3,1,0,0,0,13,9,6,0,0,6,0,0
83,0,21,0,0,32,1,0,9,0,0,0,5,14,0,16,12,37,12,0,0,0,5,0,2,5,19,1,6,0,11,27
134,0,0,17,25,4,0,0,18,5,3,0,9,0,0,4,0,29,0,6,0,18,14,0,0,0,0,9,33,0,0,11
0,15,0,3,7,0,10,12,18,0,0,24,0,0,12,26,3,6,9,12,5,0,0,0,5,33,17,3,19,0,25,0
81,16,15,0,12,15,0,0,0,20,0,36,0,0,0,0,0,0,0,67,0,2,8,13,0,0,8,5,8,1,11,0
46,0,0,3,0,16,0,2,7,2,0,0,0,0,0,0,15,5,56,123,195,12,0,0,0,5,0,4,0,9,37,5
0,2,8,0,10,6,0,15,22,11,0,0,0,122,213,7,3,0,0,69,108,1,0,2,9,27,28,19,10,10,0,1
0,21,4,0,0,0,21,16,28,0,19,6,71,193,32,0,0,0,15,0,16,2,13,20,5,1,28,16,0,0,3,17
0,4,18,0,16,7,0,0,0,0,0,7,0,172,77,0,0,0,0,0,27,0,10,0,13,0,6,0,5,0,0,2
0,0,13,2,0,0,0,4,21,5,8,26,0,52,68,22,8,0,0,14,0,0,0,0,8,0,0,4,8,17,0,20
21,1,7,0,0,1,2,0,0,11,0,11,22,2,1,1,0,0,0,5,0,0,0,7,0,0,4,36,2,0,8,0
0,0,19,10,0,0,17,13,10,13,13,0,0,30,0,1,0,0,3,20,36,5,0,0,4,0,0,0,0,0,0,0
71,0,0,3,0,0,11,0,26,0,44,0,0,0,0,0,0,0,11,29,0,4,0,6,0,8,0,0,12,0,7,0
0,0,0,0,13,20,16,16,0,0,0,20,29,0,18,0,0,0,15,0,0,6,0,17,23,12,2,14,15,7,0,0
0,0,10,16,0,10,18,0,0,0,0,0,8,0,0,17,0,24,0,0,2,0,0,0,23,7,4,0,0,8,2,0
65,5,0,0,0,0,24,30,0,0,26,26,9,0,37,30,0,7,0,0,0,0,4,0,0,31,19,0,32,0,25,1
88,0,0,0,52,12,0,0,0,0,31,0,0,7,0,0,0,26,0,0,0,0,0,20,0,0,2,8,6,0,0,8
0,0,12,0,41,54,4,0,0,34,0,24,0,21,2,13,10,0,0,0,0,6,5,0,0,0,0,0,3,0,0,34
0,0,0,0,0,3,0,0,14,15,52,7,0,34,0,0,4,0,0,0,5,0,16,13,0,24,0,0,0,5,0,34
0,0,9,19,0,0,0,0,0,17,0,8,0,0,9,0,16,0,4,12,0,12,0,0,0,0,9,0,9,16,0,0
0,0,7,15,0,17,0,0,16,9,0,0,18,22,6,0,0,1,0,6,0,0,0,6,5,17,0,0,0,0,0,4
0,0,0,0,0,36,0,27,0,0,0,12,32,12,15,31,8,20,0,0,0,16,27,0,0,0,6,2,8,0,0,27
0,0,0,0,0,5,13,3,0,2,0,6,19,0,7,0,0,24,0,0,0,0,6,0,16,1,0,10,0,21,36,0
63,0,0,37,16,0,12,13,0,0,15,0,0,0,0,20,18,0,0,8,0,0,2,4,7,0,0,20,0,8,0,0
0,0,29,22,16,0,7,11,8,0,0,11,0,0,0,0,1,0,0,20,6,0,0,0,0,0,30,8,19,0,0,17
26,0,0,3,0,21,36,19,0,8,25,5,4,0,0,0,8,1,1,25,23,4,0,0,14,0,8,0,7,19,0,0
0,0,27,9,16,1,0,0,0,3,0,0,24,9,8,0,14,0,0,0,0,11,0,4,3,0,0,11,1,0,2,0
0,17,0,0,18,18,3,0,18,0,6,12,0,11,15,4,10,0,0,0,0,5,4,15,0,16,24,0,0,0,7,2
0,0,23,0,5,0,1,0,5,0,0,0,0,0,0,0,3,0,2,10,0,9,2,20,0,13,4,0,3,0,12,0
0,0,1,5,0,0,0,5,0,0,42,21,0,7,2,2,11,0,0,5,13,0,3,1,13,4,13,0,0,21,0,0
14,0,0,20,0,0,0,0,0,0,29,34,8,1,0,0,0,0,0,8,0,0,0,0,4,13,0,0,0,1,0,0
41,1,1,0,0,0,0,0,0,17,20,5,0,0,0,0,16,14,1,2,39,7,7,0,0,0,12,10,2,1,0,20
22,5,0,0,0,0,0,10,3,24,7,22,12,43,0,0,8,0,0,2,18,0,3,0,0,0,0,2,2,0,0,1
0,9,0,0,25,0,0,0,0,16,0,0,0,5,0,21,0,5,3,0,0,0,9,15,0,3,3,3,0,13,0,1
109,0,0,10,0,0,0,0,0,9,0,0,3,0,0,33,2,19,0,4,0,5,7,0,0,0,0,9,0,0,0,0
96,13,0,0,0,0,0,0,3,4,6,0,7,7,4,6,5,0,0,2,0,5,1,0,10,0,1,0,2,0,6,5
76,0,7,0,0,0,0,0,24,0,6,10,9,0,0,5,0,1,3,1,56,0,3,0,5,4,0,9,0,0,1,0
0,2,14,1,0,9,0,0,0,9,0,4,0,1,2,5,0,8,41,17,64,5,16,0,0,4,0,14,0,0,0,3
47,0,0,5,0,0,1,3,2,7,0,0,0,12,7,7,0,4,4,0,55,17,0,5,0,27,0,0,0,0,8,12
126,0,1,6,0,0,0,0,0,0,0,0,0,7,5,108,0,8,4,31,6,16,6,0,43,13,55,6,0,0,0,0
0,0,0,0,0,12,0,0,5,6,0,6,9,0,0,69,14,0,0,0,33,10,1,5,0,0,4,0,0,4,0,0
0,9,0,1,3,0,0,0,0,0,30,0,0,0,0,0,21,0,4,0,0,0,23,0,1,12,24,0,5,12,0,7
0,21,0,0,7,2,5,0,0,0,35,28,8,0,13,51,0,24,29,0,13,0,12,0,6,5,0,4,20,0,6,19
0,5,5,8,33,0,0,0,13,0,0,1,0,0,0,0,0,3,1,0,0,13,4,0,3,4,4,0,0,3,12,13
39,4,27,0,17,0,19,43,0,13,2,0,2,5,3,60,14,16,11,0,3,21,0,4,8,0,10,0,20,0,2,6
0,0,9,0,0,4,6,3,5,6,5,23,0,9,23,0,0,0,0,10,5,0,0,0,0,4,0,6,14,17,0,0
0,5,19,8,0,0,0,0,2,40,21,1,29,3,12,16,8,0,0,8,10,16,0,0,0,0,0,0,0,0,0,8
46,0,0,0,20,2,0,0,0,0,0,0,0,0,13,0,6,9,0,9,0,17,0,1,0,2,0,0,0,0,0,0
31,12,13,1,40,0,38,0,0,3,28,5,0,11,18,0,0,0,3,3,0,1,0,9,0,0,0,0,0,22,0,0
0,4,19,19,34,6,0,0,11,53,26,0,4,0,3,0,25,11,0,13,10,0,0,0,0,7,0,7,0,0,0,8
0,0,49,0,1,50,0,0,11,48,0,34,9,2,13,0,0,7,0,0,0,0,0,22,0,0,26,2,14,0,20,39
0,3,72,0,0,3,0,0,0,32,0,0,0,18,0,0,0,0,0,0,0,7,0,0,7,0,0,32,2,7,0,0
18,0,0,0,0,2,0,0,0,12,0,7,0,16,0,6,8,1,9,5,0,0,3,8,0,0,4,0,12,0,5,11
14,5,29,7,12,0,0,0,0,11,5,27,0,0,0,0,0,5,11,1,0,14,3,7,5,0,0,0,5,0,0,0
2,0,31,11,1,0,0,0,0,9,15,0,10,3,0,0,0,9,0,22,0,8,3,6,0,0,16,0,0,43,0,0
25,3,0,6,0,1,0,0,19,0,11,0,13,14,6,12,11,0,0,0,0,11,0,0,0,0,0,0,2,0,2,8
5,13,0,0,0,0,0,1,0,0,0,0,7,0,0,0,17,3,1,4,0,0,13,0,9,0,0,0,20,19,0,0
67,0,27,12,0,15,22,0,14,7,23,0,14,9,16,15,0,23,0,4,34,3,8,0,0,7,0,4,0,17,8,2
10,0,0,16,0,3,20,0,11,0,5,0,31,0,4,20,5,0,16,0,14,21,24,0,14,0,0,3,11,11,4,0
3,0,3,26,0,0,5,8,2,10,4,8,0,0,0,0,12,3,9,14,0,0,0,24,6,21,0,9,7,11,0,0
9,23,0,0,7,1,9,0,6,14,0,13,0,6,13,0,22,9,0,11,0,0,21,0,6,6,8,6,0,3,2,0
10,0,0,0,0,0,0,2,7,0,4,2,13,0,11,52,0,9,0,0,3,25,35,0,0,23,0,31,1,0,0,0
0,0,0,22,0,0,0,23,0,0,23,27,0,1,0,0,0,5,0,12,0,16,0,0,3,0,0,29,23,0,0,0
0,11,0,0,21,8,3,0,18,9,34,0,14,0,18,22,0,0,2,0,4,16,12,38,0,13,9,0,9,3,8,27
0,0,55,14,20,28,0,0,0,50,0,1,0,45,10,0,0,3,0,13,22,21,14,16,19,0,16,0,0,0,0,47
75,95,0,0,22,37,0,0,29,8,23,0,0,43,0,29,34,26,32,0,4,0,0,25,0,39,7,29,31,0,0,61
0,0,8,22,0,0,8,19,3,0,14,1,28,16,38,0,0,26,0,13,0,9,0,3,31,25,13,0,0,0,7,0
22,23,0,0,0,0,2,0,21,0,0,0,0,0,0,47,17,0,9,10,0,16,0,5,0,9,37,19,12,4,13,0
0,5,3,0,16,0,0,0,0,0,13,0,0,0,2,38,0,0,6,0,61,50,3,0,26,0,55,2,0,31,0,33
38,35,0,21,4,0,0,0,0,27,22,0,2,0,12,0,44,0,19,0,210,131,205,0,0,0,0,38,0,0,18,9
0,0,10,3,0,0,0,17,25,5,18,8,45,14,25,12,156,11,0,0,106,106,30,7,76,0,178,103,18,0,1,0
132,0,0,0,30,0,0,6,0,7,0,0,0,1,43,91,39,0,0,0,12,30,0,12,0,0,38,114,19,0,0,12
85,0,0,19,0,1,0,0,0,6,0,11,1,23,0,140,152,0,0,1,7,0,4,14,11,10,102,45,17,34,0,0
74,0,0,15,0,38,0,15,0,0,0,0,0,0,0,11,32,0,0,0,0,9,0,0,21,0,0,28,7,30,0,0
0,4,17,0,3,18,0,0,0,5,3,13,0,0,0,0,33,9,0,0,0,0,25,14,16,0,14,0,0,34,0,0
0,0,12,0,0,0,0,28,0,0,0,24,0,24,14,21,0,0,0,0,28,0,0,0,0,0,3,0,188,100,0,4
0,16,46,22,39,0,0,24,5,0,6,0,0,14,11,10,0,0,0,17,0,0,0,2,0,12,0,0,144,23,6,8
99,20,0,0,0,10,5,20,19,4,16,41,0,0,0,0,0,26,0,0,15,16,8,18,0,8,0,0,69,26,5,61
0,0,36,6,0,27,0,0,3,4,28,0,0,0,0,1,0,8,0,0,10,0,0,14,16,2,0,16,0,0,0,27
0,7,0,1,0,0,12,0,0,0,31,13,0,0,0,12,0,0,0,6,0,27,15,10,18,5,13,11,6,0,6,3
0,0,0,0,31,0,28,3,9,0,0,4,5,0,5,0,6,4,13,3,0,0,15,15,5,7,0,0,14,0,13,13
59,16,40,0,51,4,2,3,3,59,41,39,25,0,6,31,13,2,4,0,0,14,0,7,5,23,16,0,32,0,0,44
58,8,60,0,36,25,23,0,9,29,22,48,20,9,18,0,37,6,3,0,23,3,33,29,14,0,48,0,0,2,1,0
0,4,14,28,0,8,5,0,0,22,25,0,30,36,0,4,16,5,0,0,16,16,0,26,6,3,0,0,0,7,16,0
0,3,2,33,10,0,20,15,0,0,0,12,0,0,1,2,0,0,0,0,0,0,1,0,2,0,0,5,3,10,0,0
21,0,0,62,46,0,6,0,31,0,0,0,1,2,16,29,0,9,0,0,0,0,1,14,0,0,0,1,14,0,0,14
20,0,6,0,27,0,18,5,5,0,2,24,12,0,14,16,34,15,35,9,8,0,9,10,0,13,14,0,2,10,0,0
35,0,0,0,0,0,15,4,0,21,4,0,0,1,0,0,0,0,0,8,0,6,9,11,9,3,0,0,2,0,0,0
0,0,2,0,24,0,0,0,4,4,0,0,0,0,2,3,18,7,6,0,16,0,0,0,0,40,0,15,5,0,3,0
95,5,3,0,0,5,0,4,0,0,10,0,10,0,15,7,0,0,0,3,0,3,6,14,0,0,0,0,0,0,0,12
19,2,0,12,7,0,0,2,1,11,0,2,0,0,2,0,2,0,0,0,0,13,0,1,4,11,0,9,0,9,0,0
0,0,26,8,7,0,0,14,12,0,0,0,0,0,3,3,1,7,10,21,0,0,0,0,0,11,0,18,12,0,14,0
0,0,0,8,0,0,0,9,0,2,0,7,0,0,3,17,0,1,0,1,2,3,0,6,10,7,2,0,0,0,3,0
0,20,0,5,0,0,2,11,0,0,39,3,0,7,0,6,17,2,0,0,16,0,0,0,0,0,13,21,11,0,0,34
0,14,9,1,0,12,0,20,0,0,0,67,0,1,0,0,0,0,4,6,0,0,0,12,3,0,0,0,17,0,3,4
0,16,6,0,0,16,0,0,4,41,6,0,9,0,0,12,24,0,19,0,3,23,21,4,0,12,0,0,0,7,0,35
0,2,3,17,5,0,0,0,4,21,23,14,30,39,6,0,5,7,16,0,5,0,0,3,0,0,12,0,10,3,32,0
0,4,8,28,0,3,0,5,3,0,0,16,0,0,1,21,6,12,1,1,1,7,0,0,0,0,15,0,0,20,0,6
49,0,0,17,27,0,6,0,12,18,0,0,0,0,0,10,10,29,0,9,0,35,0,0,3,0,0,1,0,0,17,18
0,0,0,14,12,0,0,4,0,0,0,22,0,0,13,0,0,13,3,32,8,0,0,0,29,16,0,0,0,14,0,18
79,0,0,0,0,11,23,0,27,24,16,0,0,2,0,31,0,0,1,12,16,0,0,0,0,1,0,8,11,1,0,0
0,0,4,5,0,0,0,0,14,1,10,0,7,8,9,0,0,21,0,0,7,0,0,0,4,0,21,0,2,0,1,0
0,16,0,0,0,0,13,0,11,5,11,6,0,0,0,61,129,20,2,0,45,0,11,0,0,36,0,6,26,0,6,0
0,6,43,0,3,4,0,0,9,3,0,7,0,0,0,195,197,28,5,0,21,9,15,0,1,3,20,0,0,0,0,37
0,6,0,0,0,0,3,19,0,0,9,9,0,2,55,197,197,9,7,2,29,0,6,7,10,26,35,0,16,0,21,22
0,0,17,4,5,1,0,4,0,7,2,13,4,8,21,198,192,25,0,0,10,0,16,20,0,0,0,13,5,1,6,0
0,7,5,0,0,4,0,21,0,0,7,0,10,0,30,62,43,3,0,0,0,1,0,0,0,15,22,8,7,6,0,0
0,1,0,0,0,29,0,0,0,22,27,0,0,0,5,5,21,0,16,0,16,17,20,0,0,0,0,6,30,9,13,25
0,5,0,0,12,15,11,0,21,11,10,0,5,27,0,32,0,45,4,13,8,0,25,13,0,1,0,20,22,22,0,21
56,22,0,0,5,0,0,25,0,0,0,25,0,15,0,0,3,0,5,0,19,11,0,7,0,11,0,0,29,21,3,0
62,0,9,0,0,24,13,19,3,17,0,11,0,7,2,0,20,0,16,8,7,0,0,26,37,0,0,7,0,0,8,0
46,7,0,8,5,12,12,0,0,0,0,15,1,0,0,2,5,0,18,5,0,0,19,3,2,0,1,0,0,26,12,0
0,7,7,12,6,0,0,13,0,42,21,0,0,20,0,0,3,1,0,0,0,9,13,5,1,0,0,0,0,0,0,0
53,0,29,0,20,23,0,0,0,29,30,0,0,0,7,0,6,12,14,0,20,0,0,7,0,7,7,0,10,11,3,0
0,0,73,0,1,7,0,5,6,32,1,68,0,20,0,32,6,8,8,0,9,18,0,0,2,0,0,0,4,0,0,0
0,17,17,0,0,4,0,0,0,27,3,2,0,6,2,14,17,24,0,0,0,19,17,0,0,0,0,0,4,0,0,0
7,0,0,7,0,0,8,21,0,1,0,9,0,0,0,14,30,3,5,14,3,0,18,0,1,0,22,29,0,0,0,2
0,0,0,0,0,0,0,0,0,17,22,18,0,3,0,0,0,33,0,6,7,11,3,3,9,0,19,0,0,0,4,2
10,0,0,0,16,17,1,5,9,0,0,7,31,17,8,0,29,0,0,0,0,0,0,0,9,2,0,5,0,24,1,0
0,0,7,0,11,0,11,0,0,0,17,0,0,0,0,14,18,0,3,0,11,0,10,0,0,0,0,0,3,0,10,26
7,0,12,0,16,0,25,0,0,3,0,0,28,35,17,2,25,0,8,11,8,0,4,15,0,0,5,3,4,16,16,0
40,0,33,0,7,14,0,1,0,0,0,15,19,1,13,0,11,0,0,0,0,0,0,0,0,3,0,0,10,11,9,0
0,0,0,0,45,0,8,0,6,0,0,11,0,0,7,16,0,0,5,0,40,0,23,0,0,12,12,0,0,5,0,14
0,0,28,0,0,3,0,6,5,0,0,0,5,12,0,0,13,4,21,0,6,2,7,1,3,0,13,0,5,0,0,0
0,27,0,0,15,0,0,0,0,0,0,3,22,0,0,0,0,3,0,0,0,1,25,0,0,8,0,0,0,0,0,4
0,0,2,0,0,37,0,0,10,5,42,48,16,6,12,0,0,0,0,0,1,0,4,15,0,0,0,0,0,16,4,0
0,7,18,0,28,0,0,11,0,16,21,93,0,0,25,18,11,0,2,10,4,0,29,0,21,22,12,0,20,0,24,0
0,0,0,0,0,0,21,0,18,32,5,0,0,0,0,11,0,0,0,7,2,13,18,0,6,11,0,0,7,8,0,49
42,17,57,20,0,27,0,0,0,43,13,7,0,36,7,21,0,0,7,12,1,11,10,11,8,0,0,0,49,3,0,16
0,4,2,6,0,9,0,10,8,0,0,0,1,14,4,7,0,19,48,7,9,0,0,15,7,2,0,19,7,0,0,1
0,8,0,0,23,10,1,0,0,0,36,0,23,2,0,0,2,23,39,0,22,24,19,0,0,5,0,0,0,0,21,34
36,6,26,0,24,6,0,0,0,10,0,0,5,11,19,15,49,12,12,0,24,0,1,0,4,7,56,14,0,0,0,7
0,15,10,30,14,1,0,0,14,11,0,1,0,0,1,2,11,0,0,10,26,49,236,53,12,13,14,0,7,0,0,56
0,7,12,6,24,0,0,13,1,0,0,27,0,0,9,5,6,0,23,0,2,120,161,114,0,7,0,0,13,0,0,13
15,0,16,33,0,0,16,16,30,12,2,0,0,4,0,37,57,9,14,0,0,111,157,150,9,0,3,0,0,0,51,16
73,5,9,0,0,0,7,13,5,0,0,0,0,9,28,17,105,43,49,0,17,0,53,15,0,0,0,91,197,118,9,0
0,0,13,29,45,27,0,0,23,0,0,11,0,1,6,12,23,0,0,7,0,3,0,19,0,7,11,13,106,146,12,1
0,2,52,10,33,1,12,0,3,6,0,2,0,3,0,0,82,10,0,0,4,10,0,2,0,0,0,8,61,32,0,24
46,0,25,0,0,29,0,0,20,37,18,0,0,21,0,0,0,0,6,7,13,0,9,24,0,0,0,0,0,6,0,0
114,0,0,0,0,12,21,0,24,19,0,0,0,12,0,0,0,1,6,8,0,0,0,0,0,0,15,0,3,8,0,0
77,16,53,0,0,30,0,0,2,10,0,0,0,4,0,20,0,0,9,2,17,13,0,0,13,3,10,0,32,3,0,107
5,13,7,5,0,0,6,0,0,0,32,25,0,10,0,0,0,6,18,0,0,13,0,16,0,0,33,7,35,0,0,197
0,0,0,16,0,3,0,0,8,0,18,13,0,0,0,0,9,19,23,0,4,15,7,0,37,0,0,35,0,0,3,0
26,7,0,0,0,2,6,0,0,13,43,0,6,9,0,0,0,0,0,13,16,0,20,0,1,0,0,0,0,0,14,3
66,13,0,14,53,0,15,12,0,0,0,0,0,0,6,0,0,0,1,3,14,4,0,0,0,0,10,0,0,11,39,0
68,4,6,0,6,43,5,1,6,75,21,10,0,0,0,0,0,14,0,1,5,6,23,0,17,0,0,24,15,0,1,0
0,3,0,0,0,2,0,0,0,38,13,37,10,22,12,0,12,0,10,0,0,15,0,0,1,21,17,0,30,10,0,26
0,0,30,0,16,22,19,15,3,9,1,9,0,0,10,8,8,0,16,0,26,0,0,0,0,24,0,0,30,12,9,14
0,14,28,0,14,17,0,25,0,0,1,9,0,0,6,12,0,0,8,0,0,0,0,0,0,12,4,8,0,10,0,0
0,0,0,0,18,0,0,0,0,0,0,9,3,4,0,10,0,0,0,0,0,4,18,20,13,0,5,8,12,0,26,3
0,0,8,31,7,0,0,4,0,0,0,19,29,0,0,32,3,0,0,0,7,0,1,0,2,11,25,14,0,0,28,0
0,0,0,1,0,0,0,26,0,0,0,3,0,2,0,2,15,0,0,13,3,0,16,13,13,3,19,0,8,4,7,5
0,0,10,0,16,10,0,9,2,9,0,11,2,0,0,2,0,0,0,5,0,0,5,23,0,17,33,19,0,10,5,0
0,10,0,0,0,0,0,0,4,0,17,40,28,5,16,0,3,8,9,3,17,10,0,0,0,0,6,16,0,0,0,16
0,9,0,0,0,18,5,2,0,0,7,3,0,0,0,0,0,0,8,0,0,14,0,0,1,7,0,0,13,0,0,16
0,5,0,31,0,27,0,12,0,0,0,0,5,13,0,2,0,0,18,0,0,14,4,10,0,0,0,0,4,6,0,18
0,0,3,1,0,43,1,0,0,12,10,0,20,13,5,3,31,0,0,1,0,0,0,8,0,0,22,2,1,0,0,10
21,0,0,0,0,0,3,0,0,0,6,37,1,9,4,0,22,0,15,0,6,3,6,0,4,0,0,0,3,2,0,2
0,0,0,0,38,0,0,7,0,0,13,55,10,4,5,0,8,0,4,0,2,0,0,0,16,9,0,0,8,2,8,6
53,0,18,0,0,0,0,29,0,23,18,2,2,13,4,0,1,4,0,12,9,1,0,8,13,0,0,0,0,1,15,0
0,40,7,11,17,0,19,0,0,38,40,0,20,51,13,0,9,0,0,3,0,0,0,5,7,0,25,0,20,18,16,0
40,0,6,7,0,2,0,14,11,17,50,30,16,0,23,52,6,0,16,0,14,16,20,0,16,3,0,14,0,0,0,10
0,0,4,0,0,17,7,0,0,0,0,0,20,0,0,12,0,0,0,0,22,0,0,0,13,4,2,0,0,1,3,0
40,0,13,0,0,0,0,0,22,0,0,0,5,12,0,0,0,0,0,0,20,12,0,3,2,8,8,0,12,10,0,16
0,0,24,42,9,0,0,0,0,0,0,11,6,0,0,0,0,16,0,0,21,20,7,0,11,0,0,9,1,0,39,0
16,0,0,0,0,12,6,0,4,1,3,0,0,32,0,0,0,6,34,14,14,2,0,5,0,5,0,0,13,11,0,0
0,0,2,0,0,24,0,23,0,0,1,1,6,13,0,17,0,0,0,0,0,28,39,1,2,6,0,0,0,19,4,0
0,8,3,0,44,10,0,0,1,7,8,0,0,3,10,0,119,80,0,5,29,0,50,6,0,1,6,0,0,0,13,0
39,0,0,0,0,12,0,12,0,0,10,0,0,16,0,8,246,41,132,0,12,0,8,3,4,0,5,0,0,0,5,31
0,0,31,3,0,8,0,0,0,4,20,0,31,0,9,1,129,23,9,0,0,0,0,0,16,3,19,0,21,0,4,11
0,20,1,0,5,0,6,0,0,0,2,0,24,0,7,0,32,193,25,0,15,9,0,0,25,0,1,18,0,0,0,0
0,4,10,0,0,0,7,11,0,0,0,5,0,19,10,0,0,0,0,0,10,0,0,0,0,7,0,6,16,11,0,0
0,0,7,0,0,0,0,0,0,13,0,0,0,1,9,4,33,0,0,0,0,26,0,0,0,12,4,13,19,14,10,0
0,34,19,0,20,0,14,12,2,17,1,0,4,0,10,2,22,0,10,9,0,0,0,2,16,29,9,0,38,0,22,14
77,7,0,2,1,2,0,0,0,0,25,0,0,0,23,14,7,18,4,9,11,0,0,0,6,0,38,0,12,0,6,10
72,0,6,0,26,0,0,0,11,9,5,27,0,11,0,2,22,19,0,9,0,6,0,0,9,0,0,0,0,0,8,0
35,0,0,0,38,10,0,0,0,0,0,3,0,0,0,15,7,0,0,9,0,0,0,4,0,11,1,0,0,0,16,23
0,16,28,17,11,0,0,20,0,7,0,26,0,0,0,0,9,0,1,16,1,0,32,16,33,5,15,0,0,0,16,0
0,8,0,0,0,38,0,7,27,14,27,14,0,0,0,0,0,1,0,14,11,0,7,0,10,10,25,0,0,0,0,0
0,0,0,3,10,0,8,0,2,0,6,0,0,13,11,0,18,6,0,2,1,0,3,0,0,14,0,7,0,0,0,16
0,9,0,0,0,13,3,0,4,7,6,0,0,0,1,2,13,0,4,3,0,2,0,0,0,0,0,0,0,6,0,21
0,4,8,0,0,2,11,5,9,0,1,0,1,0,6,10,6,0,10,0,11,6,9,0,1,0,0,19,9,7,7,0
0,2,0,3,1,0,0,0,1,4,0,5,0,0,1,0,0,3,3,0,0,0,2,0,0,2,0,1,0,0,0,0
13,0,0,0,2,9,0,0,0,0,11,0,0,0,2,10,0,9,0,0,0,0,0,0,4,0,0,3,1,6,0,6
16,0,4,0,5,0,5,2,3,3,0,0,0,3,5,0,8,5,2,7,1,8,3,0,0,0,0,0,1,0,0,0
76,0,5,13,0,0,0,0,0,3,14,18,0,28,2,13,16,11,2,14,0,0,10,0,0,21,0,0,6,0,0,0
0,24,0,0,13,6,0,0,0,3,12,11,4,0,3,0,0,12,0,0,0,3,11,0,0,0,0,9,0,0,7,0
6,0,0,1,0,0,8,0,3,1,0,0,1,0,8,0,0,1,4,9,0,20,0,10,0,7,0,1,0,4,1,0
0,0,0,26,5,8,0,15,8,0,0,0,7,1,9,7,16,0,0,13,4,0,0,31,0,0,2,0,7,0,3,0
3,6,0,0,0,8,0,0,0,5,12,3,0,35,0,0,0,1,0,0,0,0,4,23,0,9,23,8,0,8,0,0
22,2,0,0,17,14,4,23,0,0,71,31,3,0,17,18,23,0,0,5,7,18,0,0,0,0,0,0,0,11,1,15
0,0,28,6,0,0,11,0,0,17,25,30,1,3,0,25,16,0,9,5,11,8,9,0,11,0,26,0,16,0,0,2
0,0,0,2,14,0,0,16,1,9,13,0,0,32,0,0,0,5,0,0,1,29,18,0,0,0,26,1,9,0,1,9
70,0,0,0,18,0,12,0,0,0,0,32,8,0,0,26,2,17,0,7,0,4,0,0,0,0,44,16,7,0,0,0
0,26,0,0,0,33,0,0,20,4,18,19,0,0,0,8,7,52,14,0,13,8,0,2,0,8,0,0,0,0,14,18
14,14,0,0,0,17,0,0,0,17,0,0,0,13,0,0,0,1,0,21,12,16,0,0,0,0,0,0,0,0,12,16
0,5,0,2,0,11,0,0,6,5,2,21,0,7,0,10,16,5,2,4,0,0,8,29,3,0,9,0,0,4,8,0
78,0,7,4,3,0,0,0,0,0,22,9,0,0,6,0,6,0,121,44,8,26,11,0,0,0,6,3,2,4,11,7
104,0,10,5,0,0,6,0,0,0,0,11,1,0,11,20,0,12,192,191,1,0,19,5,19,0,0,0,19,16,7,0
99,0,0,0,0,22,0,0,1,7,15,0,23,6,4,0,0,42,197,144,0,0,20,8,16,4,15,2,0,0,0,10
0,42,0,8,12,0,0,3,0,0,0,14,0,0,3,4,3,0,81,13,11,0,0,1,18,10,11,0,0,9,8,0
20,0,10,0,0,10,0,0,0,0,6,0,0,12,7,1,34,30,19,0,6,0,5,0,3,5,0,0,0,2,0,0
0,15,3,0,6,0,0,0,7,0,5,9,0,0,0,20,1,9,11,0,13,4,0,0,0,5,16,0,9,11,12,13
0,36,15,16,27,0,14,5,0,0,20,0,0,0,0,8,0,0,5,0,8,11,39,0,7,5,5,11,0,0,0,0
53,0,0,4,3,17,0,2,0,10,0,0,0,0,0,19,0,14,4,21,0,10,0,0,0,17,0,2,24,0,16,14
0,0,10,20,16,7,0,20,0,0,0,15,0,19,0,0,2,15,15,0,0,0,18,9,5,18,0,0,31,7,0,0
0,0,17,0,0,0,0,12,1,0,0,0,0,0,8,8,6,0,0,6,0,11,0,0,28,0,6,0,5,0,0,0
0,21,0,0,0,4,6,0,0,13,1,0,4,6,0,0,0,2,0,0,16,0,7,0,7,10,3,0,0,1,14,20
0,28,6,12,39,0,16,0,1,0,24,18,2,0,13,5,5,0,0,0,9,1,2,0,0,0,0,10,0,0,0,44
0,0,18,14,12,53,0,0,0,51,39,13,0,0,16,35,6,6,4,0,0,9,4,0,4,0,0,0,0,0,0,0
0,16,48,17,0,56,19,0,0,42,25,0,9,7,0,0,28,0,4,0,0,27,0,0,6,0,0,15,7,7,0,0
38,4,0,0,14,21,9,0,21,0,28,4,18,0,11,0,8,18,13,0,17,0,32,1,15,0,18,16,0,0,10,13
6,0,0,0,0,20,0,0,4,0,0,16,0,12,1,12,0,1,4,15,0,6,10,14,5,9,0,0,0,0,0,20
50,0,23,0,0,3,0,0,0,1,0,0,17,21,7,0,14,0,0,0,0,0,0,1,1,1,8,0,4,0,13,0
0,0,2,16,0,25,1,0,0,0,19,0,0,7,11,0,0,12,17,0,0,0,0,2,0,0,0,2,0,19,6,0
0,0,1,0,8,3,0,0,3,0,0,0,0,4,0,0,0,7,0,21,12,16,0,0,0,0,18,11,5,16,8,7
0,10,0,0,0,2,0,0,0,0,0,0,7,3,0,11,12,0,0,0,2,0,1,4,0,0,0,3,22,0,0,16
