80,0,0,7,0,0,2,10,12,0,4,0,13,0,0,1,0,5,3,16,2,8,8,0,0,0,0,2,13,0,0,0
0,18,5,6,7,0,0,5,16,0,0,0,0,27,3,0,0,8,11,0,0,6,5,0,1,0,0,11,0,0,0,5
21,0,18,0,0,10,20,0,13,9,22,0,0,6,0,14,0,15,0,0,9,11,0,0,9,4,1,15,0,0,0,7
0,0,0,26,0,7,0,5,0,0,0,13,0,9,7,0,3,0,0,2,0,0,0,12,1,0,0,0,10,0,0,0
0,6,4,0,0,10,9,0,4,0,7,20,0,14,5,0,4,0,0,7,17,0,5,0,0,3,0,0,0,4,0,12
0,28,13,5,0,3,0,0,0,1,15,49,13,0,0,0,0,1,18,16,0,2,0,0,0,11,0,0,0,1,24,53
68,0,14,10,0,17,0,29,27,55,43,8,31,0,14,0,0,8,0,0,0,5,35,13,25,5,0,4,0,0,0,40
21,0,7,0,0,0,0,0,0,21,0,0,0,14,16,0,4,0,17,0,0,8,2,16,0,0,17,0,0,0,32,0
0,4,0,0,35,2,0,1,32,0,0,11,3,0,0,51,5,0,28,0,3,0,0,4,16,0,11,0,3,8,17,0
0,0,0,23,0,0,4,0,7,0,0,0,0,18,7,0,17,24,7,0,11,0,0,11,3,0,0,0,0,20,0,27
14,0,0,37,43,0,0,29,0,0,0,0,0,8,0,21,0,0,1,16,5,8,0,0,10,5,0,5,34,7,28,0
0,8,13,3,36,0,0,0,0,50,70,0,0,4,0,11,0,0,7,0,23,0,9,0,8,0,8,0,2,5,1,0
58,0,12,14,2,2,0,1,135,189,193,0,0,1,81,97,45,0,63,7,9,0,0,0,6,3,0,4,1,0,12,26
69,0,10,0,0,0,5,41,22,191,123,1,0,0,245,192,177,10,5,26,16,0,1,4,8,7,9,0,1,1,0,0
117,13,5,0,0,15,0,0,2,5,25,0,7,9,8,35,0,17,0,5,0,0,13,17,38,7,27,2,32,0,0,0
116,7,1,0,5,7,2,0,6,8,0,0,8,0,9,4,22,0,0,0,2,0,1,0,0,11,27,0,0,0,0,0
0,0,30,43,28,0,0,0,32,0,13,16,0,17,0,5,16,6,46,0,25,1,32,0,0,0,0,0,0,0,0,0
0,0,4,0,48,4,0,0,10,5,0,16,0,5,5,15,14,0,0,0,5,2,6,22,5,10,0,0,0,9,29,0
117,0,0,0,10,3,0,19,0,5,0,0,28,0,0,25,0,8,0,0,7,0,22,0,31,0,32,6,10,0,7,30
68,0,22,27,10,0,18,11,3,0,2,25,0,0,7,0,5,10,0,5,0,2,0,0,0,23,0,6,24,0,0,0
69,0,0,0,0,0,0,0,19,0,0,0,19,19,0,0,0,1,5,0,3,0,0,0,0,17,55,4,74,0,16,25
48,0,24,0,0,0,5,0,0,0,11,9,0,14,8,0,19,14,0,0,0,11,0,16,15,0,0,0,16,4,33,5
82,0,10,11,11,0,2,18,0,0,14,22,0,0,4,0,23,0,0,25,4,0,21,11,13,6,0,1,10,0,0,0
4,9,30,23,8,0,20,0,5,6,9,0,0,0,11,0,17,3,12,0,0,0,1,0,0,5,0,0,5,0,19,0
44,0,14,3,27,29,21,0,15,23,53,8,0,2,6,0,0,0,0,0,0,2,0,14,8,0,0,0,12,8,0,2
0,0,14,8,7,0,0,30,0,0,15,0,0,12,28,10,8,0,0,6,10,1,0,0,14,0,11,8,11,0,0,16
0,16,17,0,0,14,11,0,16,36,0,0,0,20,7,8,0,23,0,0,0,0,4,16,29,1,20,0,0,0,0,9
0,0,0,28,4,0,15,11,0,2,0,4,0,4,0,19,0,0,9,9,0,0,15,0,7,6,34,3,24,0,19,0
0,0,0,0,0,34,0,0,0,7,1,1,0,8,7,0,0,1,6,14,0,0,0,9,13,1,0,0,0,0,10,0
0,0,9,0,0,0,0,15,0,0,0,34,14,9,0,0,5,6,3,17,0,9,0,0,0,5,13,0,0,0,0,0
0,0,0,6,8,0,0,0,0,0,0,0,0,0,20,0,6,0,0,8,1,0,12,7,9,4,0,0,12,14,0,0
0,8,0,0,0,13,21,0,4,1,0,0,15,0,0,0,0,2,0,0,0,14,12,11,3,0,0,7,0,0,5,9
67,0,16,0,6,0,0,5,10,0,0,0,0,0,0,10,0,0,3,8,4,0,0,0,0,5,0,10,9,2,20,0
12,1,1,0,13,0,11,0,0,6,0,0,4,0,9,0,13,4,1,0,0,1,0,11,0,8,22,5,6,20,20,0
4,0,3,0,0,0,0,7,1,0,0,0,0,10,0,13,0,6,0,2,0,3,0,0,0,0,0,0,8,0,0,11
0,9,3,18,13,25,0,0,14,0,2,0,3,0,0,0,0,0,0,0,5,0,0,0,2,0,0,0,0,21,0,0
0,5,9,11,0,0,18,30,0,0,16,24,5,0,0,6,6,3,0,6,0,0,18,7,11,10,6,0,8,0,8,0
0,0,31,0,0,5,2,0,16,0,10,81,4,14,0,2,0,13,6,2,10,0,0,10,0,0,2,0,25,12,1,5
36,0,11,0,17,26,8,15,6,0,21,11,0,0,8,33,1,7,0,0,18,18,0,6,19,0,4,8,5,0,9,0
0,19,0,0,0,0,0,0,25,0,3,13,0,30,10,0,8,5,0,24,0,7,8,0,0,0,0,0,0,10,12,0
0,4,0,0,0,21,3,0,6,15,14,0,5,38,6,5,10,22,0,0,0,0,7,21,30,0,2,0,0,23,0,43
0,0,0,0,22,0,18,19,23,0,0,23,51,0,46,38,5,2,0,13,0,0,5,11,8,7,28,4,7,7,5,0
79,9,0,30,0,2,0,21,3,0,0,0,23,9,0,10,7,15,12,0,14,8,23,0,14,0,0,23,0,0,6,0
17,6,0,0,0,0,0,0,0,24,17,0,0,21,8,31,19,4,0,0,3,0,11,7,1,26,0,0,0,0,0,1
78,8,0,0,2,16,0,0,0,42,70,30,0,0,7,10,0,0,31,0,21,3,18,11,31,3,4,24,0,0,9,0
78,20,3,0,0,17,0,21,7,21,5,0,24,9,33,21,80,20,0,3,1,14,0,0,0,0,0,11,0,0,9,20
62,8,0,0,0,0,41,188,56,0,9,0,4,13,0,0,2,8,13,13,1,0,26,4,3,12,7,5,0,0,0,0
0,5,0,9,8,33,238,197,200,0,0,0,0,2,5,0,0,0,3,9,0,8,0,0,14,14,0,0,14,4,4,4
25,0,0,0,0,19,11,37,63,8,0,0,1,0,7,5,0,5,37,0,8,5,7,17,7,0,9,0,17,0,0,10
0,0,32,0,34,20,8,0,1,7,5,0,11,11,22,4,28,1,14,0,0,10,0,0,0,0,0,13,0,0,0,0
0,0,0,0,0,10,0,0,0,0,10,6,9,0,8,0,2,2,6,0,0,21,0,3,0,0,6,0,12,14,0,14
21,16,0,0,24,14,49,0,18,0,10,0,0,32,0,1,7,9,0,16,16,8,0,0,20,7,0,0,49,0,0,21
0,57,0,3,0,0,0,5,11,0,25,51,8,0,11,18,0,0,20,0,0,9,10,0,0,2,22,23,58,0,6,26
0,55,10,0,14,7,0,0,0,5,23,0,19,20,19,0,23,25,0,21,0,0,22,20,21,0,0,3,2,11,7,0
0,0,1,0,12,0,0,0,18,0,43,34,2,16,0,0,2,12,0,16,7,3,26,19,10,7,27,0,6,6,10,4
6,2,32,12,14,30,47,0,0,0,7,1,0,0,18,0,0,0,0,0,19,15,0,8,10,0,10,14,4,8,0,35
0,0,0,51,32,10,2,56,3,38,22,0,12,22,0,0,21,24,0,0,1,0,0,48,6,0,19,15,39,0,16,0
0,0,33,17,27,0,24,39,2,16,53,0,9,17,18,28,0,0,15,0,0,13,5,0,24,0,6,0,34,16,40,24
23,18,11,0,0,16,0,0,0,0,17,0,9,30,3,0,0,25,0,32,3,14,0,0,18,0,0,12,0,29,26,0
0,0,7,0,0,0,0,20,0,0,16,20,0,7,5,29,9,0,13,27,21,2,0,0,19,0,0,0,2,0,16,8
57,0,12,15,0,0,0,0,17,9,0,0,0,0,0,0,0,14,29,0,0,12,0,0,0,0,0,13,0,1,0,26
0,0,18,49,0,0,0,21,0,18,0,0,0,0,0,26,32,0,0,5,0,0,0,13,0,0,0,0,14,0,0,0
0,0,0,11,0,8,0,0,0,12,33,0,26,0,18,45,12,0,11,0,0,4,11,4,7,0,0,0,32,12,10,5
0,0,0,7,35,0,0,0,4,0,0,39,3,3,2,0,15,8,9,0,0,0,0,10,0,4,0,0,0,0,3,19
85,22,0,3,8,11,13,13,6,1,13,0,25,0,0,11,0,0,23,0,0,0,4,19,0,0,0,0,0,0,0,0
4,26,0,0,0,3,2,9,0,0,0,23,4,1,14,16,7,0,10,6,2,0,1,0,11,0,0,14,0,0,0,4
0,0,0,0,0,0,0,0,0,0,38,0,0,0,0,0,0,0,0,0,7,4,0,0,0,9,0,14,0,1,12,12
2,0,19,16,0,0,0,0,0,7,0,0,12,18,0,0,0,15,0,0,0,0,14,0,5,6,9,0,0,0,0,0
11,0,0,10,11,0,9,28,0,9,7,32,0,0,0,1,0,0,0,0,21,0,7,1,2,0,0,2,0,3,14,0
0,0,0,0,12,0,0,10,10,17,0,61,0,4,0,8,0,0,4,0,0,14,0,9,8,0,0,0,0,0,3,0
30,0,18,4,17,0,6,16,0,0,48,14,0,0,6,43,5,0,0,0,9,0,0,0,0,8,25,14,8,3,0,3
23,0,22,34,0,0,13,0,2,34,0,2,0,30,27,9,0,0,1,15,0,0,0,14,0,16,0,18,0,3,0,0
86,5,4,18,16,29,0,0,10,29,17,0,31,0,0,43,8,37,0,0,10,0,19,3,0,0,28,0,0,1,11,0
0,0,11,12,4,0,5,12,0,2,0,2,6,0,1,7,0,4,0,0,0,11,1,3,0,0,5,1,0,0,5,0
69,0,0,0,23,0,0,5,16,4,8,17,0,0,3,20,13,0,1,17,14,0,0,0,0,0,5,0,0,3,2,0
88,7,0,0,8,10,0,0,0,7,13,31,137,4,0,1,0,17,0,0,0,0,2,2,7,0,4,0,0,3,0,0
0,0,0,2,2,0,0,0,33,0,19,87,118,19,0,10,11,0,110,2,11,0,0,13,0,0,0,14,0,1,2,0
0,0,0,0,2,0,11,0,0,0,0,6,0,8,0,8,1,5,19,0,7,0,10,0,7,5,1,8,2,0,3,25
77,0,1,2,0,0,0,0,24,0,0,0,0,11,0,0,0,0,11,5,1,0,0,0,1,0,0,10,0,0,2,0
0,0,6,9,0,13,0,0,30,8,0,1,0,0,0,9,0,6,0,0,0,0,0,0,0,7,0,0,0,0,3,11
0,0,0,13,9,0,7,8,16,1,19,0,5,0,0,0,0,6,0,5,0,0,0,3,3,3,12,2,0,0,7,0
0,6,0,0,0,0,2,0,2,3,3,0,4,5,0,0,1,2,0,8,0,0,0,0,0,12,0,8,0,0,6,0
48,0,0,15,0,1,0,0,0,6,5,0,0,5,0,0,0,3,0,2,0,0,0,0,8,0,0,0,0,5,6,4
48,0,0,16,1,0,9,0,0,3,0,6,0,0,0,0,0,0,0,11,0,0,0,0,0,0,0,0,71,6,15,2
0,0,26,4,3,9,0,0,0,2,0,35,0,0,0,16,0,0,0,0,0,2,0,0,4,23,7,20,42,0,0,11
0,0,2,21,3,0,0,22,0,0,0,0,0,0,19,0,0,5,11,15,1,19,3,14,0,0,14,0,0,6,10,3
0,0,0,15,0,0,0,0,8,0,53,7,0,4,0,0,1,9,0,0,6,0,6,22,0,0,23,2,7,0,15,32
39,4,3,0,3,0,0,23,0,0,22,0,0,25,0,0,0,0,0,0,0,4,0,4,7,0,0,5,0,0,0,0
9,7,48,0,38,10,8,0,6,37,30,4,7,0,9,11,4,2,0,0,0,0,0,0,1,0,0,0,0,3,1,0
0,19,18,5,28,33,0,0,9,24,34,59,0,5,0,34,19,0,0,14,16,13,0,0,0,3,1,0,0,0,22,0
15,0,0,7,4,0,0,0,0,15,0,9,30,0,3,0,0,0,2,0,0,6,10,0,15,7,0,15,16,0,1,18
29,16,0,0,13,25,0,0,0,0,0,0,22,0,17,10,5,12,0,0,0,0,20,3,16,0,34,0,12,9,0,11
2,0,0,5,0,0,14,6,3,25,3,8,0,1,0,0,0,0,17,0,0,0,0,3,11,0,0,8,2,0,0,0
17,0,8,0,0,2,1,0,16,0,0,16,9,2,5,1,0,0,0,0,15,0,0,5,11,21,0,0,0,20,0,11
0,4,23,2,5,3,4,14,0,0,0,10,1,1,0,0,0,0,7,19,0,0,9,0,0,17,0,0,17,3,0,5
0,7,11,0,6,14,4,0,16,21,0,0,8,0,0,11,0,0,0,0,2,13,5,0,0,5,0,0,0,0,0,29
24,0,0,45,17,0,2,47,20,0,26,13,0,0,11,25,0,0,0,42,0,0,0,0,0,0,12,9,3,0,0,20
0,0,18,8,0,0,0,12,1,0,2,7,11,0,9,0,0,0,0,7,0,16,26,0,12,0,21,0,13,13,1,0
20,0,19,0,0,17,1,0,10,14,0,31,0,0,0,0,0,17,0,4,1,5,0,19,0,5,36,0,8,0,13,27
61,0,0,0,33,17,0,0,0,2,21,37,0,6,0,0,0,3,0,28,0,0,0,0,0,0,0,0,5,19,0,0
33,0,20,0,0,25,27,8,8,7,16,23,18,0,11,15,0,18,0,0,9,0,19,7,24,8,0,0,0,2,0,20
0,0,42,0,25,0,6,36,19,0,25,32,0,9,29,0,14,0,8,10,0,0,0,22,19,0,2,0,0,11,0,0
0,0,0,0,0,21,0,0,0,18,10,34,11,6,3,0,0,20,15,0,0,21,0,6,7,18,0,11,10,49,19,7
24,3,25,0,43,1,1,0,37,12,3,55,0,11,0,6,0,0,28,13,0,0,0,14,11,0,0,19,27,37,0,17
0,0,8,23,0,3,34,12,1,37,10,0,16,26,8,26,11,0,24,1,0,0,0,15,5,0,3,0,1,31,0,0
0,16,0,2,0,0,16,18,10,0,37,13,24,20,7,0,3,28,0,22,14,0,29,18,16,0,11,8,0,19,20,0
0,0,0,8,14,0,0,0,23,0,0,15,0,4,8,0,10,24,8,16,0,0,0,0,14,5,0,12,0,0,11,0
141,6,0,5,8,0,0,0,0,1,16,0,5,12,218,190,0,3,4,6,9,6,7,0,3,1,0,0,0,0,0,0
98,31,5,0,12,2,1,0,2,4,39,0,0,7,119,106,7,0,77,67,8,17,3,0,0,0,0,0,10,0,25,3
0,12,0,9,3,0,0,17,219,205,20,3,33,26,18,0,0,5,30,192,133,14,5,0,17,0,9,16,0,0,0,0
0,0,23,0,0,14,4,46,214,113,44,5,0,0,3,8,0,8,32,94,0,0,0,0,0,19,0,4,2,0,4,0
0,0,0,22,0,0,21,0,48,83,0,0,8,12,0,0,18,0,3,0,4,9,73,7,0,0,0,0,0,0,31,8
0,0,0,0,0,19,0,13,40,1,0,0,15,28,0,4,14,18,52,0,0,0,31,25,9,0,26,0,0,0,0,0
0,15,4,0,28,28,36,0,18,0,0,49,24,0,2,28,17,13,32,0,0,0,15,16,5,19,5,0,12,0,0,20
27,0,0,5,0,0,1,0,8,6,4,0,0,0,0,0,7,2,0,3,23,0,13,10,3,1,0,2,0,0,0,6
61,6,0,0,0,35,0,0,20,4,3,21,0,0,10,0,23,0,0,0,0,0,6,7,0,0,0,11,86,0,0,0
57,0,4,1,0,0,0,32,5,5,0,5,4,9,0,3,0,2,4,0,0,9,33,0,21,24,1,26,50,0,0,27
0,0,7,13,0,0,0,4,0,5,3,0,11,19,0,0,0,1,0,0,0,14,1,9,43,0,0,0,0,25,25,0
0,17,13,3,20,4,22,0,16,13,11,0,0,7,0,0,0,0,8,7,0,3,0,0,1,0,0,0,0,9,1,0
66,3,0,0,0,0,3,25,0,0,37,16,10,0,0,7,5,6,0,15,16,4,0,18,0,1,0,2,1,0,0,18
0,0,0,0,0,0,10,10,18,19,29,7,0,0,10,10,13,1,1,3,0,5,0,0,8,0,0,0,0,15,0,0
0,0,49,0,18,16,5,0,19,24,46,7,7,18,7,2,0,48,0,1,0,10,0,0,2,19,0,23,0,0,0,5
0,0,30,0,29,0,12,0,6,0,23,0,0,8,8,4,5,0,5,4,0,0,0,0,0,0,0,0,0,0,0,39
29,16,0,4,0,23,0,5,3,0,7,3,5,23,0,0,8,12,0,0,19,7,11,4,0,0,23,0,7,27,0,23
0,0,22,8,0,0,19,1,3,3,3,7,16,18,0,0,10,1,0,0,0,12,7,0,2,0,0,0,4,5,7,0
17,0,17,0,21,2,0,0,12,0,0,0,0,0,6,0,18,17,14,0,0,9,16,48,17,0,23,0,0,0,0,7
28,24,0,0,0,14,0,8,13,3,5,0,0,0,18,19,35,0,28,18,17,0,0,0,0,0,36,4,9,3,18,11
0,6,8,9,0,5,0,0,0,0,8,0,0,0,0,0,10,0,1,2,0,0,13,0,0,0,8,5,2,9,1,21
115,0,0,0,0,8,0,0,11,1,7,22,0,0,9,20,5,0,14,33,3,10,3,16,5,1,0,0,0,20,14,5
21,0,0,0,50,0,0,3,0,0,0,6,0,0,2,16,0,0,0,1,0,0,0,1,0,4,0,0,0,8,0,0
0,0,13,0,0,0,0,2,0,7,5,2,0,0,0,9,0,15,0,0,0,2,0,7,3,0,0,5,0,0,3,7
29,0,4,0,2,0,0,0,2,3,10,4,0,13,0,1,3,12,0,0,1,17,13,13,0,4,8,0,2,7,12,0
0,0,23,11,0,0,10,0,0,13,39,8,7,12,0,0,0,2,7,7,0,0,0,0,10,0,0,4,10,1,0,11
0,6,0,0,0,5,0,0,0,0,42,42,30,9,12,0,7,7,7,0,14,1,16,6,0,0,0,0,12,5,3,0
50,1,13,6,0,0,0,0,10,2,13,0,0,0,0,0,2,0,0,0,0,9,10,11,8,16,11,14,6,0,0,1
18,0,3,6,17,4,16,0,0,3,7,16,20,39,8,10,0,0,0,6,0,0,3,0,1,2,0,0,6,0,0,1
133,2,0,0,4,1,0,4,0,34,19,18,0,0,0,51,0,12,5,0,3,0,3,0,0,3,0,16,0,0,0,12
12,0,12,5,14,0,0,9,0,4,0,0,0,8,0,6,0,0,0,8,0,8,0,4,0,0,2,0,0,0,0,15
0,5,0,0,0,0,1,0,0,0,0,0,3,2,10,0,0,0,0,0,0,11,0,0,0,3,2,0,0,0,0,0
0,3,4,7,0,0,0,9,4,0,7,17,9,0,89,19,13,7,0,10,7,0,0,0,0,0,7,4,0,0,0,9
120,0,0,0,0,0,0,0,0,0,37,3,28,0,39,5,10,4,72,1,3,4,0,3,0,2,0,0,0,0,4,0
0,13,9,2,0,0,0,7,0,16,4,23,0,0,2,47,2,9,28,0,28,8,23,0,5,6,0,5,0,0,22,1
0,8,0,7,2,12,0,8,0,0,57,0,0,0,4,1,0,1,0,32,2,1,0,9,8,0,13,16,0,0,17,0
67,10,0,5,0,13,0,0,49,12,3,0,0,6,5,0,20,3,0,0,29,0,0,0,0,7,0,2,0,5,0,0
0,12,0,0,0,0,0,0,39,0,3,0,0,0,2,0,6,8,39,0,0,12,0,0,2,0,16,7,7,0,13,0
61,0,0,27,8,0,0,15,0,3,0,0,0,4,0,0,11,0,18,5,0,5,0,0,3,0,16,8,0,25,8,3
0,3,11,5,0,6,20,0,0,6,0,0,0,0,3,0,0,2,0,1,0,0,4,0,4,7,1,1,0,1,1,0
54,0,0,0,4,0,0,7,10,0,14,4,5,14,18,0,6,10,9,5,0,0,0,0,8,19,3,1,48,0,0,0
0,8,34,40,18,0,0,41,0,3,17,10,0,13,0,0,0,17,4,12,6,0,0,0,0,11,7,44,39,0,0,0
55,10,0,0,0,14,0,4,0,0,24,33,4,0,0,4,0,3,0,0,25,2,26,3,0,21,9,0,0,0,16,33
0,2,0,7,0,0,17,1,15,0,23,3,0,0,0,13,0,0,4,11,9,0,0,13,0,0,0,11,0,0,0,4
0,10,0,0,8,0,36,0,0,0,37,0,16,5,0,0,14,13,0,0,0,8,13,0,0,3,3,2,18,0,11,0
0,8,23,0,30,6,1,30,13,61,10,0,15,0,9,0,0,1,0,11,7,0,3,0,8,20,10,0,0,2,0,0
10,7,40,16,18,11,0,0,0,29,19,62,6,0,0,0,0,14,0,1,1,5,0,0,18,21,0,19,0,0,0,8
3,10,0,0,24,7,13,12,0,11,0,5,0,8,35,8,9,0,0,11,0,7,0,3,0,6,6,0,12,9,5,0
26,0,0,0,0,9,16,0,14,16,0,0,0,0,0,5,4,0,0,7,21,1,5,0,1,1,11,15,0,0,0,0
0,0,0,0,0,0,0,32,0,0,0,14,0,0,5,0,0,0,4,0,10,0,0,0,0,0,0,0,12,0,0,0
15,25,0,0,0,3,0,0,17,34,0,0,0,22,0,0,0,5,0,0,0,0,16,0,0,16,0,4,0,0,14,0
0,29,0,0,38,4,10,5,20,8,0,0,9,0,0,1,21,0,7,0,7,4,14,0,0,0,10,12,10,0,3,2
9,0,2,9,9,0,17,12,0,9,30,27,0,19,0,0,4,21,0,0,7,15,0,2,0,0,0,0,0,0,0,0
70,0,12,0,0,0,31,29,0,0,0,21,0,0,10,0,0,17,5,0,0,0,0,18,16,16,0,12,25,0,0,0
0,23,26,11,19,0,14,16,0,0,23,11,22,0,6,17,6,0,0,2,5,1,0,2,8,20,10,4,6,18,0,11
14,0,11,0,7,16,10,8,0,9,0,10,10,0,18,0,0,3,34,6,0,9,0,0,0,3,0,0,0,0,2,0
22,0,0,0,0,0,0,7,18,0,0,3,0,0,0,0,12,0,5,5,17,0,0,0,0,4,0,2,0,7,0,0
0,0,0,9,0,9,11,23,9,0,0,29,0,0,0,15,2,6,17,0,0,0,9,31,0,1,0,0,21,9,8,20
0,0,0,0,0,0,0,0,9,5,13,82,0,15,0,0,0,10,0,2,14,0,0,1,0,7,0,0,0,1,0,0
0,30,0,0,0,0,8,0,0,36,17,7,0,13,0,5,4,0,0,8,0,0,0,0,0,0,12,26,0,3,0,0
0,3,20,0,3,0,0,0,0,16,2,0,0,25,19,0,0,14,21,6,32,0,7,0,3,6,0,0,0,19,0,0
57,6,3,6,0,0,0,0,0,32,54,0,10,0,0,21,0,15,4,0,11,0,12,9,0,6,0,0,1,15,0,0
0,3,0,9,27,0,0,24,0,0,0,0,16,4,3,0,0,27,0,12,12,25,16,1,13,0,2,0,0,0,0,18
0,0,6,19,0,0,0,6,5,0,3,0,6,0,3,18,37,0,0,0,0,8,0,0,9,1,2,0,5,0,0,0
121,0,1,15,0,0,0,18,16,0,0,0,0,0,0,32,34,0,4,0,0,5,0,0,0,3,0,0,0,1,5,0
0,30,12,0,8,0,6,6,11,6,36,0,0,0,14,0,0,9,33,5,0,0,3,0,0,8,0,5,0,0,2,25
0,1,0,0,0,1,0,0,12,19,86,0,0,9,3,0,0,0,0,2,2,0,0,2,0,24,0,0,0,0,3,0
124,5,3,11,3,5,0,3,1,3,42,3,0,6,5,0,9,0,12,7,4,7,9,0,0,14,22,3,0,1,0,0
39,0,20,0,10,19,0,0,0,51,42,5,23,0,0,2,2,0,18,0,16,14,19,1,10,6,4,1,6,1,0,0
0,33,0,0,38,2,19,5,35,0,10,5,0,0,5,3,3,0,17,7,0,0,0,0,0,10,0,0,0,17,0,11
40,0,0,0,0,23,0,0,0,19,0,0,25,16,24,2,15,0,21,0,0,0,0,11,13,0,0,5,0,0,0,10
98,0,29,7,0,1,4,6,0,0,0,2,10,0,0,12,0,0,4,6,2,0,0,10,17,2,0,1,0,1,0,0
125,10,24,3,0,0,0,0,0,4,23,24,0,7,5,9,0,5,21,0,0,0,0,3,1,24,0,4,21,0,0,0
36,0,7,39,0,0,19,29,0,0,0,23,15,8,0,0,0,0,14,0,13,0,0,10,2,32,22,35,21,0,0,0
0,0,13,23,0,0,9,22,0,0,0,11,0,10,0,0,11,0,12,8,0,1,2,11,0,4,37,0,11,22,1,0
15,6,13,3,0,0,0,2,0,19,54,9,3,6,0,0,0,0,9,0,22,0,5,0,5,10,0,7,10,0,9,1
0,12,5,0,7,16,35,0,3,7,19,0,0,0,0,0,4,18,14,0,0,0,0,0,0,0,0,0,0,0,2,0
0,12,0,0,31,2,3,0,0,27,51,0,13,1,11,43,0,0,0,0,6,0,0,1,0,0,12,0,17,24,0,0
0,26,14,0,7,14,3,24,0,67,22,7,36,0,15,11,0,8,0,29,9,17,0,4,0,11,0,0,0,31,8,15
0,0,13,16,12,0,0,6,0,13,12,0,0,14,0,0,22,20,10,13,0,16,32,10,9,5,15,3,0,0,7,0
24,14,9,0,9,0,0,4,0,0,35,0,0,0,18,8,0,19,0,13,0,5,7,4,0,13,0,9,0,8,6,10
0,0,0,2,7,0,3,18,0,6,37,9,0,2,0,0,0,0,0,0,17,0,16,5,0,0,23,0,32,13,16,0
11,0,27,20,0,0,0,45,0,0,0,9,0,20,20,29,43,0,8,9,4,0,0,1,0,0,16,0,10,0,10,0
2,1,13,2,0,3,0,11,8,0,8,29,3,0,10,0,0,1,0,9,1,2,16,5,0,4,11,0,0,0,0,10
51,0,15,20,0,0,0,27,22,3,2,5,0,0,0,1,4,0,0,0,1,0,0,0,0,0,4,1,8,0,18,0
57,0,0,0,0,4,1,2,26,3,0,9,0,0,0,0,5,0,16,0,0,0,1,13,0,0,28,0,0,0,4,0
11,0,0,0,10,0,14,4,3,7,8,6,18,0,0,0,0,0,0,9,0,6,1,0,0,7,4,0,0,13,0,0
19,0,0,0,0,18,10,0,4,8,0,0,0,0,0,0,0,9,0,0,5,8,5,4,16,5,0,5,2,2,0,29
0,0,3,11,0,0,0,0,0,0,0,1,0,0,0,1,0,0,0,11,0,6,0,0,0,12,7,0,5,4,0,9
0,19,0,0,7,0,0,0,3,16,11,39,8,12,0,6,20,0,1,0,9,11,0,0,16,0,22,0,1,0,0,0
0,0,27,1,4,9,7,22,6,22,0,25,0,0,23,0,7,0,2,10,11,0,3,0,0,7,0,0,0,0,10,5
23,0,15,0,48,0,30,10,15,7,12,0,0,16,0,0,0,31,0,5,0,18,0,2,1,0,0,26,2,0,6,39
23,0,0,0,0,0,8,2,0,36,0,0,0,55,0,0,0,8,0,17,0,0,0,15,0,7,0,0,0,0,20,18
0,0,0,1,12,0,2,43,9,19,7,0,10,32,0,37,17,0,16,4,18,14,0,11,0,9,8,1,0,0,0,9
104,0,13,0,0,0,0,0,0,15,39,19,0,0,0,19,0,11,0,7,0,9,1,10,5,0,8,0,0,24,29,0
0,0,0,6,0,1,4,16,0,0,16,19,0,0,5,12,8,9,5,2,0,0,0,3,0,21,13,0,23,21,41,0
131,0,0,19,0,0,2,10,0,0,0,0,142,54,7,15,25,0,0,0,0,7,0,4,0,0,4,0,3,16,0,0
0,0,0,0,0,0,0,10,9,0,16,20,191,116,1,0,12,0,65,9,0,0,17,19,5,0,0,0,0,11,0,0
0,0,0,1,1,0,22,10,2,5,6,0,8,31,10,0,0,0,0,0,0,0,6,11,19,0,0,26,2,0,14,0
0,0,0,0,12,0,4,3,206,6,191,4,0,0,0,0,0,0,0,8,0,0,0,26,0,0,0,0,16,4,20,0
23,1,16,0,5,0,28,16,209,147,249,15,0,0,8,9,0,0,0,0,14,0,0,16,0,22,0,0,12,0,0,0
0,16,0,5,20,0,0,0,71,86,19,0,0,0,0,0,0,0,7,0,3,9,0,14,0,0,0,2,16,2,0,19
66,0,0,0,44,12,31,0,18,2,0,0,0,8,0,0,0,0,0,0,27,12,7,0,7,11,0,5,0,1,6,4
0,11,0,0,0,1,0,7,1,0,2,8,6,2,0,0,0,14,4,0,0,0,20,14,0,0,0,12,10,0,1,14
0,16,0,0,0,0,0,23,1,0,4,4,0,0,0,0,0,19,0,16,0,7,10,0,0,8,0,16,73,0,20,0
17,0,18,0,21,0,13,0,7,0,0,19,0,16,0,0,1,0,13,0,0,0,0,0,0,18,0,3,35,10,8,0
27,0,14,3,5,1,0,1,8,18,0,13,6,0,0,3,0,0,0,16,3,1,0,15,4,1,0,0,2,0,7,16
51,0,9,0,5,0,12,0,0,9,31,0,0,0,12,24,0,1,7,0,0,0,3,6,3,0,0,0,32,14,14,17
0,20,7,4,24,22,25,0,14,11,34,0,4,8,0,20,0,0,11,0,0,13,0,2,2,0,7,2,0,3,0,30
29,6,21,0,20,16,0,0,1,0,14,0,0,4,5,0,14,30,10,24,9,21,0,0,6,7,1,3,0,17,0,0
0,0,1,0,0,0,3,11,0,41,21,33,0,0,0,0,11,12,5,0,0,0,0,0,0,8,0,0,0,5,7,0
63,0,0,12,0,1,1,4,0,0,0,7,0,0,0,6,1,0,7,4,3,0,10,0,1,18,1,16,15,3,0,8
1,32,5,4,0,0,0,0,0,1,6,12,15,0,4,16,2,0,10,0,21,2,12,17,4,22,5,9,8,0,15,13
0,0,0,14,0,0,0,0,0,0,0,0,17,0,0,14,0,0,0,0,0,16,0,3,0,0,7,0,3,11,0,0
0,11,11,0,0,11,0,0,7,2,5,0,11,0,8,1,0,0,0,0,1,8,0,4,6,5,0,0,1,0,0,0
16,13,6,0,0,0,0,0,0,11,0,4,0,10,4,14,26,12,0,0,3,0,0,17,0,0,0,0,3,0,0,0
12,0,8,3,4,11,0,3,7,0,0,13,0,0,29,1,6,21,9,7,0,4,28,0,13,0,0,3,7,9,0,0
66,0,0,0,0,8,6,0,5,0,15,0,0,0,0,0,1,0,0,0,9,0,0,13,5,0,0,0,0,0,15,0
0,5,0,0,0,0,0,13,13,0,0,0,0,0,8,0,0,0,0,9,0,0,0,0,3,5,0,1,2,0,1,5
8,6,0,0,0,0,0,3,0,0,3,0,0,0,0,4,0,3,6,0,7,2,6,0,4,4,0,0,4,0,6,0
16,1,5,0,0,0,6,0,4,0,0,0,6,4,0,0,0,0,6,4,0,0,0,3,0,0,0,3,0,0,5,0
6,1,5,0,0,2,1,1,0,0,25,10,0,0,5,0,0,0,0,3,1,4,0,0,0,2,0,2,2,0,3,16
0,0,0,0,7,0,0,5,4,1,23,41,0,0,0,0,0,10,0,8,6,6,8,4,0,0,3,0,3,0,3,4
18,0,5,9,20,0,0,0,0,4,27,0,0,0,5,0,11,0,0,0,0,2,3,15,0,0,0,6,0,0,0,0
11,22,4,0,0,8,0,0,5,42,30,36,10,24,19,3,25,4,7,0,8,0,0,0,0,1,5,0,9,0,3,0
0,0,2,3,0,1,0,0,5,5,45,0,0,4,12,32,2,34,7,8,2,0,2,0,3,0,3,2,3,0,13,11
14,0,2,12,0,10,0,0,0,0,8,0,0,0,0,8,0,7,0,7,3,13,0,0,0,5,1,0,8,3,0,2
0,2,0,0,0,0,0,3,15,0,48,16,0,0,0,0,10,1,0,10,0,1,0,0,0,8,4,0,7,3,23,0
110,0,0,0,8,0,0,0,0,0,7,0,6,6,4,34,32,0,0,6,0,0,0,0,5,2,0,3,0,6,0,13
0,0,0,0,0,0,0,0,5,0,24,0,0,6,21,1,10,0,65,0,0,1,0,0,3,2,0,1,7,2,0,0
59,0,0,0,2,10,0,0,0,9,2,0,8,0,1,0,4,1,9,0,0,11,2,0,0,26,0,1,0,0,18,0
122,0,5,0,0,0,6,0,26,0,12,0,1,0,3,0,0,0,10,0,1,33,0,0,0,11,0,5,7,0,4,0
0,0,3,4,0,0,0,0,41,100,40,0,0,0,0,8,0,0,0,0,0,10,0,0,0,0,0,0,0,0,0,5
97,0,0,9,0,0,0,0,30,0,15,0,0,7,0,0,0,0,0,0,1,0,0,0,23,0,6,0,0,0,0,0
0,9,4,0,4,0,0,13,14,8,2,3,0,0,9,0,10,0,6,7,3,9,0,6,0,1,5,15,0,5,8,34
0,0,0,5,0,9,2,24,0,0,0,0,0,8,6,0,4,0,16,4,0,1,19,15,0,0,4,31,3,0,0,6
0,0,0,0,0,3,0,0,0,3,0,0,18,38,2,0,0,12,13,0,0,22,11,0,0,16,0,0,53,0,0,0
113,0,0,0,22,0,0,0,0,0,16,0,20,14,10,0,0,0,0,6,0,0,0,16,6,46,0,7,48,18,3,0
0,0,0,11,0,5,10,0,17,7,7,1,0,0,23,0,0,0,0,0,7,0,4,17,13,4,9,2,0,6,10,0
0,4,0,23,1,0,8,23,0,0,45,36,0,3,0,26,1,0,14,10,6,18,20,17,0,0,0,0,0,42,0,0
0,9,0,12,32,0,13,0,19,6,0,8,0,0,0,28,1,9,0,0,0,0,0,0,0,25,0,0,25,0,0,18
0,12,19,0,31,19,0,0,0,43,0,15,9,0,0,16,0,7,0,0,0,0,0,0,0,0,0,6,22,22,0,22
87,0,46,6,20,15,24,0,21,28,17,52,36,23,6,0,18,16,25,0,9,0,0,0,12,19,3,0,7,0,0,30
0,0,11,30,0,0,0,10,3,17,0,0,6,28,1,0,0,8,1,0,0,0,0,0,0,0,0,0,0,0,0,12
17,26,0,36,0,0,2,18,11,5,0,18,6,0,2,0,22,0,0,23,31,0,0,0,4,21,11,0,22,24,8,0
0,0,0,22,14,0,0,0,33,0,34,14,12,2,11,0,1,0,0,17,0,0,3,0,0,0,10,0,0,0,0,6
0,9,0,21,0,8,24,0,6,0,20,0,5,0,0,0,0,0,7,9,9,10,0,0,16,0,0,16,3,0,0,11
0,19,19,13,0,0,0,0,0,0,11,0,0,4,26,4,4,0,0,0,0,0,0,0,0,24,4,2,16,8,0,2
0,26,0,0,0,0,0,25,0,6,30,0,0,8,0,6,0,0,18,0,0,35,0,3,0,0,11,6,15,0,15,13
82,3,0,0,0,0,41,0,0,16,0,0,0,0,5,6,0,0,0,0,3,0,0,15,0,12,0,26,20,11,8,0
15,9,0,0,0,12,0,0,0,0,4,12,11,0,1,15,10,17,0,0,0,0,19,0,7,6,12,0,13,0,0,8
0,5,0,0,4,0,0,1,0,6,4,0,0,0,0,10,7,0,0,0,14,0,12,6,0,2,0,4,0,0,24,0
12,0,8,23,0,1,0,0,0,0,10,11,0,1,2,0,11,5,0,6,0,0,6,1,9,0,10,5,0,0,7,6
3,0,0,0,6,0,0,0,0,0,14,53,0,5,0,0,0,4,0,0,0,0,1,7,0,0,3,11,1,0,0,0
24,17,1,2,0,16,26,44,0,0,50,27,5,0,0,15,14,0,1,0,0,2,0,6,0,7,0,0,3,0,8,7
30,0,0,11,0,1,0,0,8,0,1,0,14,24,0,0,0,0,0,0,0,7,7,0,0,0,28,0,8,0,8,0
0,13,36,0,30,0,0,21,9,36,21,0,28,27,0,0,0,19,0,4,0,5,7,4,0,0,0,0,0,0,7,0
194,17,0,14,11,0,0,0,0,12,0,13,0,0,2,11,20,16,0,12,1,17,0,6,9,2,8,0,0,4,0,0
0,14,0,0,33,2,0,0,7,2,0,0,12,12,3,49,5,39,5,0,14,21,13,0,0,12,9,0,0,0,0,15
0,26,0,3,16,0,15,0,1,0,0,0,0,18,7,0,2,0,0,16,0,0,0,1,0,10,15,0,12,0,0,10
0,0,0,4,0,7,0,0,4,7,27,0,3,5,0,1,6,12,0,5,0,12,0,0,0,21,0,7,14,0,5,12
99,2,0,0,0,0,0,0,2,22,69,36,22,23,33,0,7,0,53,2,6,2,0,0,1,0,11,0,0,0,0,0
13,18,0,11,7,0,4,0,0,27,25,0,16,13,7,0,1,0,7,5,0,0,0,0,5,15,0,9,0,0,8,14
0,0,0,3,4,197,235,20,0,0,25,17,0,0,19,18,0,0,0,0,5,0,0,0,0,10,8,6,6,0,0,0
0,2,9,0,0,188,104,0,8,48,11,11,0,6,0,3,0,6,11,7,8,2,3,0,0,0,0,0,11,8,9,3
0,0,0,0,12,0,0,16,0,0,11,4,0,4,0,0,0,0,27,0,0,3,13,4,27,0,0,9,0,0,0,2
13,0,17,4,0,4,9,22,19,0,0,0,16,0,0,10,0,0,11,7,0,0,0,0,0,0,27,2,0,0,17,0
0,21,0,5,0,0,0,0,0,12,0,0,0,16,0,0,0,15,0,14,5,8,6,0,0,3,0,8,13,3,6,0
71,0,0,0,0,0,3,23,8,2,0,0,0,0,0,0,0,0,0,0,0,27,0,17,1,0,7,1,64,0,0,11
0,0,0,20,0,24,12,0,0,6,17,32,12,0,0,0,17,3,15,17,0,0,1,1,5,40,0,41,50,19,0,0
110,0,3,0,5,0,0,0,0,0,0,0,0,7,0,8,0,7,2,0,19,0,14,34,2,0,0,16,0,0,0,0
70,0,13,0,26,11,19,20,0,0,0,28,0,0,0,0,16,0,21,15,2,0,0,0,12,19,21,4,19,0,0,0
48,20,18,0,37,0,44,1,5,10,10,0,0,0,4,8,0,9,0,0,3,3,0,0,0,0,9,3,15,4,0,11
0,0,12,2,19,2,0,0,5,38,0,0,0,0,2,0,0,6,0,0,5,0,8,0,0,2,7,14,0,0,6,12
57,17,66,0,9,40,0,6,0,37,3,23,0,0,4,0,0,0,0,9,1,4,8,0,0,7,0,0,0,0,0,20
0,0,20,5,0,0,0,22,7,0,0,0,5,6,0,4,0,6,4,0,0,0,0,0,5,15,18,0,1,0,0,14
6,0,19,0,9,0,23,3,0,1,18,2,23,0,15,0,10,0,0,0,0,0,0,0,0,5,0,4,0,0,0,0
72,0,0,15,6,3,8,0,2,0,29,0,0,1,0,7,0,0,0,15,4,1,3,0,4,1,7,3,0,0,0,8
8,11,0,0,0,22,0,8,3,9,27,7,0,0,0,0,0,0,3,0,0,0,4,19,14,16,18,16,19,0,0,2
16,0,0,0,0,0,21,0,17,0,0,19,3,19,10,0,7,0,9,12,0,17,8,0,0,0,4,0,0,0,7,0
28,7,15,7,7,12,0,0,0,0,3,0,0,19,7,34,0,6,0,0,0,0,0,7,0,0,0,0,1,2,0,0
90,0,16,11,11,0,0,18,0,13,9,0,1,17,15,5,0,0,1,9,0,0,0,0,8,0,0,6,0,16,0,0
5,17,5,0,12,0,0,4,7,0,16,7,14,5,0,0,2,0,0,0,3,10,12,0,0,0,9,0,11,0,0,16
0,0,14,0,0,0,15,25,0,0,11,0,0,0,0,0,0,5,2,0,4,0,12,0,0,8,19,3,1,0,7,0
0,0,6,28,26,9,21,0,0,0,0,0,0,8,0,0,0,16,0,0,3,1,2,10,0,0,3,0,3,0,18,10
17,0,6,21,30,0,8,23,28,0,2,75,0,0,0,0,6,6,4,13,0,0,0,0,18,3,8,0,0,0,0,16
0,0,0,0,2,0,15,0,0,17,6,42,0,0,13,14,39,0,0,5,0,7,0,0,1,0,2,20,0,0,17,8
34,0,5,13,0,0,20,0,0,20,3,40,29,0,4,0,0,0,0,0,1,10,0,0,0,11,55,0,0,7,9,37
0,0,0,4,0,43,0,10,10,50,0,6,9,35,3,0,0,15,3,0,0,28,14,0,0,0,0,4,14,3,7,14
67,0,20,0,0,13,0,7,0,12,0,2,11,16,21,22,15,0,7,53,2,0,0,0,5,25,14,16,9,0,22,19
0,2,8,0,3,6,0,0,30,12,30,0,21,0,0,32,0,33,0,4,0,13,0,0,0,3,0,0,0,0,12,4
140,0,0,0,33,0,9,0,0,8,0,210,63,0,0,0,0,0,10,1,0,31,27,8,0,0,40,16,37,0,1,55
0,22,0,0,0,0,14,0,0,0,57,73,70,0,0,7,67,96,0,17,11,0,0,0,0,16,0,0,29,0,0,12
0,0,10,37,39,0,5,0,0,35,8,214,50,30,17,0,91,186,77,0,0,0,6,25,0,12,25,0,8,32,0,0
0,0,29,0,0,36,37,0,23,0,20,16,6,0,0,6,54,72,4,9,1,19,0,0,5,19,13,2,6,21,0,33
27,13,0,0,0,210,19,29,11,1,0,6,0,0,4,2,25,0,0,0,3,41,1,20,0,3,0,0,10,3,8,67
119,0,0,0,0,35,8,4,0,6,19,11,0,6,0,0,0,18,7,0,14,9,34,0,6,0,0,0,0,0,17,0
0,2,31,0,0,0,21,5,0,0,13,1,6,5,0,10,0,0,0,0,184,243,24,0,29,12,22,0,0,0,0,28
109,9,1,0,25,41,14,0,8,6,0,23,19,0,31,0,17,12,17,6,8,0,16,14,22,0,0,9,0,5,0,0
0,0,0,0,0,2,26,4,6,0,26,0,0,8,3,0,0,21,0,3,6,0,0,19,0,3,3,17,0,3,9,0
0,0,0,0,0,3,0,19,0,0,3,0,0,9,0,5,0,0,0,28,0,0,5,13,10,0,22,0,78,9,5,14
0,0,1,23,0,0,0,1,18,14,0,0,11,36,23,0,2,16,0,0,0,3,30,0,16,30,0,43,26,0,6,0
76,24,0,0,0,0,13,7,4,1,0,1,0,13,0,0,13,0,31,21,0,0,0,15,0,0,0,0,0,13,0,0
80,0,0,8,0,0,0,21,4,2,0,12,2,0,2,0,29,9,0,5,0,11,0,2,7,0,0,2,11,0,0,43
63,23,0,0,33,17,17,0,0,2,2,0,0,12,13,9,0,0,0,0,0,9,0,0,0,0,1,0,0,0,20,0
0,10,9,0,40,0,0,13,3,24,46,38,14,0,0,24,0,0,0,14,6,0,0,7,0,16,0,0,0,16,0,0
0,18,57,0,0,13,4,0,0,49,31,1,0,33,10,0,0,8,21,0,35,0,17,0,1,19,21,21,0,0,22,25
54,18,0,3,10,0,5,17,0,0,13,0,0,9,0,25,0,0,0,14,13,11,0,17,6,0,0,16,1,21,0,0
48,39,20,0,0,5,11,0,5,4,19,10,0,11,0,1,0,0,0,0,29,0,0,0,3,0,0,36,22,21,0,0
23,16,0,14,0,0,0,8,0,27,1,2,0,5,4,0,0,6,1,0,25,0,13,6,0,0,31,0,0,0,0,0
9,0,48,8,7,5,13,0,23,0,0,11,0,0,0,12,14,0,4,7,11,0,5,0,0,6,11,17,0,13,0,2
0,0,16,0,22,0,19,5,0,16,0,7,12,3,12,12,0,0,6,34,0,11,0,1,0,4,1,0,16,0,13,0
0,0,4,0,0,19,0,2,3,0,0,2,0,0,7,1,0,6,0,27,13,0,17,6,0,0,14,0,0,0,14,0
70,0,0,8,5,0,0,1,0,0,12,1,0,2,7,0,9,0,0,5,0,0,0,7,0,5,2,4,5,0,5,16
6,0,0,0,0,0,0,0,0,0,0,7,13,4,0,1,0,0,3,0,0,0,6,12,6,2,0,0,0,8,0,0
5,0,3,4,0,6,7,0,0,0,2,0,2,0,6,0,6,2,0,0,4,0,10,2,7,0,25,0,6,1,4,15
1,0,1,7,2,0,0,1,1,0,2,1,2,0,1,0,0,13,5,6,0,3,2,0,5,4,5,11,0,0,0,28
1,0,0,0,2,0,0,7,9,0,41,28,0,0,2,0,0,0,0,0,1,0,4,3,0,8,4,0,9,0,4,0
11,0,9,0,0,15,0,16,6,10,15,59,0,0,6,0,0,0,0,0,1,7,0,0,7,3,16,0,1,0,0,0
49,0,0,7,20,0,0,0,0,32,28,0,0,7,0,0,0,0,0,0,0,1,0,5,0,0,4,0,4,0,0,2
11,0,0,1,3,0,9,3,7,30,7,23,0,28,9,2,0,2,0,2,8,0,0,0,0,5,0,0,0,0,0,8
0,0,11,1,6,0,1,0,0,49,2,4,7,0,1,46,0,9,10,13,5,0,8,4,0,0,0,0,4,4,0,0
83,0,0,1,2,0,2,0,0,0,4,4,0,0,0,10,5,8,0,0,1,28,0,0,0,5,0,0,1,0,0,6
0,1,0,20,4,0,4,23,13,0,1,7,0,4,5,17,1,10,2,6,0,0,17,0,13,0,1,16,0,0,1,8
0,0,0,0,0,11,0,0,0,0,6,14,0,0,0,14,19,0,0,0,1,10,0,2,0,0,0,8,4,0,0,1
102,0,0,0,0,0,7,14,0,48,62,15,5,0,0,0,8,4,63,0,7,0,0,0,3,0,33,0,11,1,1,0
0,16,0,6,13,0,2,20,252,145,0,0,5,0,6,3,11,0,0,9,0,0,19,3,19,2,0,0,0,0,0,18
0,44,0,0,0,17,0,6,44,63,16,0,0,19,15,0,18,0,0,13,6,11,27,0,7,10,0,12,23,0,15,10
58,1,3,0,35,19,2,0,9,14,0,0,3,0,19,19,29,0,21,0,9,0,0,9,0,0,0,5,25,11,6,4
62,14,12,0,13,0,5,0,0,0,5,0,3,28,0,5,0,13,53,0,14,0,0,12,0,23,0,13,0,0,2,0
20,7,0,64,26,0,12,48,5,0,19,0,0,0,0,0,15,0,4,28,0,6,0,0,0,0,0,0,20,1,7,48
85,2,0,9,15,0,15,18,0,13,0,22,0,0,13,0,0,0,1,3,17,19,0,0,0,0,0,3,0,0,2,20
109,3,0,0,0,11,0,0,0,3,0,0,19,14,0,0,0,0,12,0,27,0,0,26,0,7,0,0,67,16,10,0
0,17,35,9,26,19,0,5,0,5,0,20,0,4,4,0,0,0,0,20,2,4,6,0,0,12,0,33,27,0,13,0
108,0,0,45,0,0,0,19,35,0,0,0,0,0,8,1,0,9,6,16,36,0,19,30,8,0,0,0,13,12,0,0
99,0,28,0,0,0,0,0,0,3,25,32,0,0,0,0,12,0,6,33,23,0,0,0,0,12,22,0,0,46,28,0
10,0,0,0,17,34,0,0,11,21,22,0,0,0,0,0,16,21,0,0,15,0,64,11,12,0,9,0,0,0,12,0
10,0,0,25,16,3,0,17,0,30,16,0,16,14,0,0,0,0,0,5,16,16,0,0,21,32,32,0,13,14,23,0
25,15,18,0,11,10,0,1,26,80,1,48,21,0,6,0,9,22,25,15,0,0,2,17,1,10,0,0,2,17,0,6
0,0,0,19,3,0,18,10,0,0,0,0,11,7,0,0,0,12,2,12,0,6,0,0,0,23,2,0,0,0,0,39
4,0,25,16,18,0,0,0,3,0,0,4,10,0,0,7,3,6,5,0,17,0,7,4,42,0,7,14,0,0,11,0
41,12,0,9,3,6,0,8,0,6,0,0,0,2,0,18,0,12,0,10,0,11,3,2,0,19,0,13,0,31,16,0
0,26,5,3,11,0,0,3,5,0,0,9,0,6,1,0,0,5,0,0,0,0,1,0,6,0,0,12,0,0,0,0
19,0,25,0,0,0,0,0,0,0,0,0,0,17,0,0,0,17,4,0,0,14,7,0,15,6,6,19,0,0,27,0
36,0,5,5,5,8,0,0,15,0,0,16,0,0,14,0,0,16,0,0,0,0,0,5,0,6,0,0,0,8,0,6
99,25,0,17,0,0,0,8,0,7,0,7,0,0,24,0,0,0,12,2,3,7,3,7,0,0,23,0,0,36,0,0
0,0,14,5,26,1,0,3,0,5,0,13,10,0,25,0,0,19,0,0,8,0,14,12,4,0,15,8,1,0,0,11
14,0,17,0,0,0,4,5,12,0,0,20,0,0,0,6,13,0,0,0,11,3,0,0,0,0,0,0,10,10,10,0
0,3,23,0,0,0,3,0,0,0,0,9,6,6,0,1,8,0,0,0,7,0,2,11,15,0,25,1,0,1,0,0
33,19,2,3,19,0,9,0,0,13,40,0,0,3,4,0,0,10,16,8,4,11,0,0,0,1,0,11,2,3,0,0
27,0,0,0,0,3,5,0,11,0,0,76,6,0,0,9,1,4,21,0,7,12,13,9,12,14,0,0,0,9,5,19
0,0,7,0,1,34,0,1,5,0,35,0,0,18,0,0,10,0,5,15,5,0,3,10,0,20,19,5,0,0,31,0
65,0,30,0,26,0,15,3,0,35,6,24,0,35,24,0,0,20,14,14,0,0,0,0,1,0,11,3,9,9,2,0
90,0,23,23,0,0,15,0,5,15,0,11,23,0,2,37,19,0,17,2,0,0,13,0,3,3,7,0,4,0,9,0
85,0,0,13,5,0,0,0,0,8,0,0,0,6,13,0,13,0,1,2,0,1,0,20,0,0,4,0,16,38,0,0
0,0,0,0,0,0,0,1,0,0,7,0,14,0,104,133,26,0,0,0,0,1,0,0,0,0,13,0,0,0,0,0
112,0,0,1,0,3,4,0,1,0,14,14,0,0,53,121,22,0,0,0,75,3,0,7,1,0,0,0,18,0,0,0
123,20,0,6,0,0,2,0,30,5,6,0,11,0,20,7,0,0,0,3,101,1,5,0,0,0,0,4,0,8,0,4
66,0,10,8,5,0,0,0,9,32,44,0,17,0,0,0,0,0,0,0,0,19,24,4,0,1,0,5,0,6,1,23
0,0,0,11,0,0,0,23,19,0,34,0,0,11,0,0,0,0,0,0,8,18,18,0,0,0,8,0,0,19,0,7
137,0,0,10,0,0,7,0,0,31,0,6,6,3,0,9,8,5,1,5,0,0,0,0,5,0,11,0,11,0,4,0
0,3,3,24,0,19,0,0,0,6,6,3,3,0,13,8,0,0,19,0,0,9,2,0,0,0,0,0,22,0,0,13
59,0,0,8,8,0,4,18,0,6,0,0,0,6,0,0,8,8,4,32,0,4,0,10,0,0,9,16,0,0,4,0
0,0,0,0,0,22,0,0,0,0,9,15,17,0,6,0,0,0,0,6,16,5,10,0,12,0,5,0,0,3,0,0
0,13,0,0,0,0,4,0,0,5,0,0,0,0,9,0,4,0,17,9,11,10,0,0,0,5,0,10,66,13,0,0
78,0,0,16,0,0,9,0,3,6,2,34,0,19,8,5,0,0,9,0,10,1,0,0,11,24,0,23,47,0,0,28
114,24,27,1,12,0,8,5,0,17,0,0,0,0,10,16,4,0,0,10,0,0,0,27,10,0,45,0,7,25,0,0
0,19,2,0,0,14,3,0,9,6,60,1,7,4,12,0,0,8,2,4,9,0,5,6,0,0,10,4,12,0,17,6
20,0,0,1,48,0,19,8,0,0,25,0,1,0,0,0,0,0,3,0,8,0,0,0,0,3,12,16,16,0,0,0
0,8,24,13,37,4,12,0,0,25,22,18,9,0,13,5,0,0,8,8,0,0,4,0,0,0,17,0,9,10,0,5
0,0,40,0,7,7,0,0,8,34,3,43,28,0,14,27,2,0,1,2,2,0,0,16,8,0,26,0,7,0,11,0
26,0,2,6,1,0,0,0,10,8,12,0,3,11,0,0,2,0,2,6,9,0,21,2,2,0,0,0,0,16,0,0
11,0,5,0,5,0,0,8,16,0,0,7,0,5,0,0,0,1,0,0,0,0,0,0,0,5,7,0,16,0,5,0
48,0,0,6,16,0,0,0,0,13,0,0,0,2,0,3,0,0,0,0,0,0,0,0,0,8,2,1,3,4,0,0
21,0,0,0,0,11,3,0,4,0,3,8,0,0,5,6,0,0,0,0,0,0,0,0,0,0,0,0,5,1,0,22
4,3,7,0,6,0,5,0,0,11,10,0,9,0,0,6,0,10,0,0,3,0,3,1,0,3,0,4,0,0,0,2
5,0,0,0,0,0,0,5,0,10,0,0,0,0,0,0,0,11,0,0,1,0,0,6,0,0,1,12,0,7,7,0
78,0,0,20,11,0,3,8,0,0,0,0,3,0,10,3,8,10,0,0,0,0,0,0,0,24,0,0,2,4,16,16
10,0,9,21,0,0,0,0,0,8,19,3,0,0,3,0,14,9,0,0,0,10,0,0,3,3,0,8,0,19,0,6
0,0,18,0,0,3,0,8,12,0,0,12,0,8,12,8,12,9,0,22,0,3,1,8,3,9,14,7,6,0,0,6
26,0,27,0,0,0,0,23,0,0,0,0,12,19,0,11,0,22,0,3,9,6,0,3,16,1,16,9,1,0,0,0
23,0,2,0,0,0,24,23,26,0,37,50,16,0,14,0,0,8,0,0,5,1,23,0,17,14,11,0,22,16,0,0
77,0,0,0,0,8,12,0,6,0,41,44,2,0,0,0,0,7,18,0,2,0,0,9,0,0,0,8,13,1,0,0
17,12,21,0,14,19,7,2,6,14,34,0,0,48,4,0,5,3,0,0,2,11,0,17,9,0,34,0,0,9,0,12
8,0,13,16,0,0,0,3,13,29,0,5,0,3,0,12,19,0,28,5,0,0,18,21,0,0,1,6,0,0,0,0
0,0,26,29,0,0,0,22,0,1,0,16,0,8,15,10,0,12,0,17,3,0,6,0,12,4,6,0,5,3,0,0
47,0,10,0,22,6,0,0,18,16,0,2,15,0,0,20,4,20,5,0,5,18,0,9,16,10,8,0,11,31,10,0
0,0,0,5,0,9,0,14,8,0,28,0,5,5,18,3,18,0,2,8,11,0,8,0,0,15,0,0,0,28,27,0
102,23,1,17,18,0,3,1,0,0,28,28,0,0,11,9,30,6,8,0,7,0,0,8,0,4,0,0,16,10,8,0
0,0,21,2,20,0,12,0,122,5,13,40,51,0,41,13,41,0,48,0,6,1,1,0,0,0,9,0,16,4,0,0
0,0,0,0,14,0,7,63,254,39,0,0,0,1,6,0,21,1,0,2,3,0,0,0,0,14,0,0,1,0,0,0
118,0,14,0,2,0,8,40,227,173,6,2,0,0,3,0,3,2,8,8,10,33,14,0,0,0,4,1,15,4,0,0
0,0,0,0,0,6,0,0,42,11,0,23,0,0,0,16,12,17,17,0,24,14,0,0,0,12,0,17,12,0,11,26
0,0,16,21,7,0,14,18,0,0,0,0,0,3,4,0,4,0,12,14,6,5,0,0,13,23,7,0,33,0,0,0
0,11,0,3,0,10,17,0,7,2,21,0,2,5,5,4,16,0,19,0,0,7,0,0,4,8,0,13,2,0,0,0
0,1,0,0,0,0,1,0,0,0,0,0,24,17,0,21,2,0,22,31,12,0,0,0,9,3,0,7,7,0,22,11
102,0,11,28,0,8,0,0,13,0,0,0,0,0,0,9,1,0,0,0,0,5,0,21,0,0,12,8,65,16,0,10
77,11,1,0,23,2,27,3,0,9,28,0,6,0,3,0,0,10,2,3,8,10,9,0,10,19,0,17,44,0,17,25
0,0,0,0,7,0,7,0,13,0,4,9,0,0,0,0,1,3,0,15,14,0,0,16,2,23,0,0,21,32,0,0
0,18,0,0,0,11,0,0,23,3,24,2,0,0,0,0,0,8,19,0,1,2,1,10,8,0,2,0,0,0,10,0
10,0,16,0,31,9,13,0,10,2,69,0,0,6,0,0,0,4,0,0,2,0,4,16,0,0,29,0,7,12,0,16
0,9,12,4,23,18,16,0,0,21,12,30,0,4,22,0,21,3,0,21,0,0,6,16,16,0,24,10,0,0,0,5
0,0,35,23,0,6,14,0,14,24,9,51,11,0,0,0,0,18,0,0,0,1,3,0,4,1,1,0,0,18,0,0
0,4,2,0,0,0,0,9,21,15,0,0,11,17,14,9,3,11,0,13,2,16,0,16,0,0,0,2,1,0,0,3
0,0,0,0,0,0,0,5,0,0,0,0,1,9,0,9,10,6,0,18,0,0,0,7,5,13,7,0,7,0,0,4
5,0,0,15,0,14,3,0,0,0,20,9,1,4,0,34,1,0,0,0,3,0,20,13,0,0,0,0,0,0,0,18
10,0,0,0,18,22,8,6,0,11,6,0,2,9,0,0,0,2,0,0,0,6,0,0,3,0,0,0,0,0,13,19
0,1,0,0,11,6,0,7,16,0,2,0,0,0,5,0,0,0,10,0,0,0,0,0,8,0,0,5,11,9,0,0
0,7,0,0,0,2,0,0,0,6,5,0,9,0,13,12,0,0,7,0,6,2,0,0,0,0,4,10,0,0,0,20
69,0,12,7,2,1,0,0,0,0,0,0,0,1,0,0,0,0,13,0,20,7,0,0,7,0,0,0,1,3,0,0
12,29,12,2,12,3,0,0,6,0,0,0,19,0,16,1,6,11,0,14,0,0,17,1,3,0,33,1,10,0,0,0
5,0,1,0,32,0,0,0,0,13,7,2,9,0,0,0,4,0,0,3,0,0,0,0,0,0,0,0,0,0,10,0
3,10,0,16,0,0,0,0,0,15,21,0,0,1,0,0,0,11,0,5,10,19,0,0,0,0,0,0,0,0,0,13
0,0,0,11,0,0,5,2,1,0,35,24,0,0,0,4,0,3,28,0,9,13,0,1,14,11,0,0,0,5,0,12
0,0,23,13,0,24,23,11,0,0,33,89,0,0,0,10,24,1,2,0,0,0,9,0,0,0,0,0,9,0,3,13
0,0,1,0,4,0,0,0,12,2,21,2,0,0,0,0,0,23,0,25,10,1,1,0,0,0,4,17,14,0,1,0
4,6,25,0,0,0,0,11,0,27,0,19,0,59,23,1,26,4,0,30,0,0,1,0,0,0,0,0,9,0,0,37
0,13,0,0,0,9,3,0,18,45,7,0,0,16,0,4,0,22,16,12,0,0,0,15,0,10,1,0,0,0,8,0
0,13,0,10,0,22,17,0,0,0,0,0,20,0,0,0,16,25,0,2,5,1,7,27,0,0,0,20,0,4,0,0
0,11,0,25,21,14,4,4,6,10,0,0,3,190,208,0,5,16,0,13,0,18,4,0,4,2,0,0,16,0,0,7
39,3,0,10,0,0,6,0,9,3,14,0,14,87,150,38,34,14,150,0,4,0,8,9,0,12,0,0,0,0,37,35
0,24,6,0,0,20,0,0,0,1,2,0,0,16,0,1,0,34,166,165,0,0,0,14,6,0,0,0,25,20,3,0
9,0,0,0,0,0,0,13,29,1,0,0,16,12,1,0,13,0,69,4,4,0,0,7,11,6,0,0,0,0,0,0
109,0,0,19,43,0,0,29,0,6,0,0,0,29,0,5,0,0,0,0,3,0,24,5,0,0,0,31,0,8,0,0
0,0,0,0,6,2,3,0,11,17,27,0,0,0,4,1,0,0,2,26,0,29,53,31,0,7,0,0,0,0,0,29
136,10,0,0,10,20,16,0,11,16,36,0,0,10,6,0,0,14,58,0,19,0,38,15,10,0,7,0,0,5,12,0
21,4,0,0,0,11,2,0,1,0,0,10,0,7,14,0,10,0,21,0,1,0,2,0,0,7,16,0,0,0,5,0
19,0,0,0,0,8,34,25,0,0,4,35,0,0,1,22,0,0,14,11,11,0,14,0,19,0,0,0,6,19,5,0
0,10,0,31,11,0,0,0,0,5,0,0,0,28,3,0,38,47,0,52,21,0,2,5,25,0,7,18,39,1,0,14
151,20,0,0,0,0,24,0,7,0,33,48,0,0,10,19,31,0,44,16,13,0,0,10,6,23,13,17,83,38,26,3
0,5,0,10,5,0,0,0,0,0,0,35,0,10,0,0,0,0,0,0,3,0,0,9,0,4,8,0,0,2,24,7
87,0,0,0,38,17,0,29,0,0,31,32,0,0,14,10,0,0,13,4,3,0,0,8,0,0,0,0,0,0,0,0
0,0,4,29,32,0,24,0,0,3,27,0,10,0,1,0,0,20,14,0,0,6,0,0,10,9,0,0,0,12,12,0
0,12,18,0,49,41,0,0,14,51,21,17,0,18,0,0,0,25,0,0,7,5,0,2,0,2,0,6,0,0,3,15
0,7,24,11,6,25,0,0,4,26,20,35,10,0,7,0,0,0,0,0,3,0,0,0,4,2,0,11,0,0,0,0
0,0,26,29,0,0,11,19,4,0,0,0,10,0,9,2,30,2,0,0,0,9,0,0,0,0,5,0,8,0,0,29
0,9,0,2,0,0,10,0,0,5,0,22,0,0,0,1,0,0,21,3,3,8,0,0,3,0,0,0,5,0,0,7
0,27,5,0,25,0,0,0,0,0,0,17,0,16,0,0,0,4,0,0,0,11,0,0,0,6,0,21,0,11,17,0
0,0,0,0,16,13,0,0,0,0,5,0,0,12,0,0,0,0,1,0,2,1,8,6,6,0,10,0,0,16,0,0
4,0,0,1,0,2,6,0,0,13,0,0,7,11,0,0,4,3,0,0,0,0,0,0,0,0,0,18,0,0,0,7
0,0,19,4,0,3,2,0,0,8,3,12,0,0,6,7,0,0,0,0,0,0,0,0,3,0,1,1,7,0,1,3
61,0,4,1,0,0,0,4,4,0,0,19,14,4,5,19,0,0,0,11,15,0,0,0,0,1,0,0,0,0,0,0
7,24,0,0,2,2,0,5,0,0,3,4,0,8,0,2,3,14,3,0,18,6,19,4,8,0,12,0,19,0,0,0
0,13,0,0,0,2,0,0,21,4,0,0,0,8,0,0,0,20,0,0,2,21,4,0,14,5,3,12,0,1,8,0
0,0,0,4,15,0,8,0,0,0,6,0,0,0,8,0,2,0,4,0,0,0,0,0,5,11,0,0,0,12,3,17
8,8,4,8,0,0,5,1,0,0,35,42,0,10,0,10,0,0,0,0,0,19,0,15,0,0,9,17,10,19,0,0
0,0,10,0,0,19,12,0,18,3,31,85,0,0,11,15,0,0,4,9,0,0,0,9,2,0,0,0,8,0,0,30
73,0,0,9,14,0,1,12,0,6,23,10,0,8,0,8,0,0,0,10,7,0,8,0,3,0,0,0,0,1,0,4
0,16,0,3,0,28,22,0,0,39,9,33,0,0,7,4,0,0,4,28,1,0,31,15,0,4,0,0,20,0,4,0
160,23,0,0,0,10,20,0,8,8,33,2,16,0,0,37,0,17,0,0,0,17,4,7,4,13,2,0,5,6,12,0
11,19,12,1,1,5,0,13,23,0,0,29,0,0,0,0,14,4,7,12,0,0,0,0,15,7,0,0,0,13,11,0
0,0,0,7,13,5,0,0,0,4,0,14,18,0,61,0,56,0,0,6,7,5,16,4,10,0,21,7,0,4,0,0
105,20,0,0,1,0,0,11,0,7,160,248,187,0,29,31,16,0,0,3,4,0,0,0,0,14,4,0,8,0,0,26
0,8,29,1,2,0,0,28,61,0,2,154,180,17,0,15,0,18,72,65,4,8,2,0,13,5,12,0,0,0,9,5
0,31,7,0,0,16,0,0,23,0,13,1,17,0,4,10,16,5,14,0,14,0,0,21,0,0,34,0,5,7,0,0
0,0,13,12,0,0,0,0,0,11,0,0,0,5,0,0,0,0,0,10,0,1,0,0,0,8,6,7,0,0,0,21
114,0,2,4,0,34,9,0,20,0,22,10,3,9,0,33,5,15,16,12,17,112,33,20,13,0,0,0,0,0,0,6
0,0,0,0,13,0,27,0,0,0,0,33,11,0,0,0,7,0,0,0,8,119,202,0,0,0,0,0,0,0,1,0
117,0,0,0,13,0,0,22,18,0,0,7,0,3,0,39,9,0,0,12,9,0,7,13,15,6,18,16,0,1,6,20
27,29,0,4,0,4,0,0,0,16,0,3,0,0,0,13,0,3,15,17,18,2,28,0,0,5,0,12,0,0,0,0
0,22,33,7,6,1,6,0,0,2,9,30,8,3,37,17,0,0,0,17,3,2,0,19,0,0,0,0,57,23,8,0
0,0,3,0,0,6,5,9,3,3,0,0,3,3,0,14,10,2,4,0,0,0,0,4,0,8,0,7,51,0,0,0
147,0,12,0,4,0,5,6,0,4,0,0,0,5,19,0,12,0,0,13,0,0,9,1,14,0,0,13,0,11,0,0
16,0,15,8,0,0,5,11,27,0,23,33,5,0,0,32,0,0,0,0,0,0,0,8,0,0,8,5,3,21,0,0
37,0,8,0,25,0,12,8,0,15,12,0,5,0,15,1,0,0,0,2,12,0,0,6,22,0,16,22,5,0,7,0
0,5,34,18,5,4,8,0,12,52,0,0,3,27,0,0,4,0,3,1,4,0,9,0,0,3,29,19,0,0,0,0
0,22,46,46,0,12,6,0,28,38,0,18,0,0,16,0,0,0,32,0,4,0,3,15,0,11,0,27,22,4,3,6
89,14,4,24,0,5,0,0,0,6,0,0,5,0,0,0,0,0,0,0,0,1,0,0,13,0,0,6,0,14,0,0
0,0,0,33,0,2,0,10,16,0,0,19,0,0,0,0,7,0,11,2,7,0,13,10,13,22,11,0,27,0,0,7
42,0,0,22,0,14,9,4,0,0,5,0,0,0,2,0,5,0,0,24,0,0,0,0,0,14,0,3,0,9,6,12
0,0,0,22,1,0,0,0,2,0,0,0,0,10,11,11,11,2,0,0,29,6,1,0,0,16,18,0,0,0,3,15
5,28,0,21,0,0,11,13,1,0,12,15,0,11,2,0,30,0,11,7,0,2,6,2,16,0,28,9,1,16,16,0
0,0,0,12,0,0,0,0,0,3,0,0,8,8,20,10,0,5,7,0,0,0,0,0,0,35,0,0,0,8,3,0
91,0,6,8,20,0,0,6,7,10,0,0,19,7,4,0,0,2,0,0,0,4,0,0,0,15,0,16,0,1,0,0
10,0,10,17,0,16,14,29,0,0,0,1,0,0,0,0,0,10,13,13,0,0,0,9,0,0,19,0,15,4,13,0
21,0,0,0,0,0,0,0,0,0,0,0,8,0,0,0,13,3,0,0,5,0,0,0,7,1,0,0,0,0,0,21
40,0,0,0,0,26,5,0,5,11,30,13,0,11,0,11,11,4,16,7,9,13,0,0,0,9,0,0,7,16,0,3
56,0,0,41,22,0,17,21,13,2,13,32,17,33,40,0,23,8,0,0,31,0,18,35,17,5,9,0,5,2,12,0
0,0,4,13,2,6,3,0,1,8,9,80,0,0,0,0,0,25,0,1,0,0,25,0,0,3,12,0,8,0,2,32
41,0,9,0,4,13,0,0,10,6,0,0,14,33,3,0,9,0,2,0,0,0,9,0,0,4,0,0,0,0,0,28
9,40,0,13,21,0,12,0,0,0,0,46,0,0,27,0,0,0,16,25,0,0,9,0,1,38,0,0,29,11,2,0
98,32,0,0,0,10,0,0,13,5,0,0,0,29,0,0,4,8,0,0,5,5,7,0,7,9,2,0,0,0,45,2
0,0,15,0,16,0,21,0,7,12,0,0,41,9,1,0,98,44,1,0,3,25,0,0,0,0,0,0,13,0,2,0
0,8,28,0,0,0,7,9,16,5,16,9,0,0,19,23,197,136,12,0,0,0,16,0,2,0,4,0,9,0,30,0
9,0,0,0,0,14,5,0,7,0,22,29,26,0,0,47,230,129,12,0,0,105,73,15,2,20,0,22,0,0,0,16
0,0,13,24,3,0,0,10,21,8,36,7,5,4,0,9,13,0,62,23,0,194,146,5,21,0,17,7,6,5,5,0
0,41,0,0,5,0,1,0,0,10,4,0,2,2,4,0,14,0,5,0,17,0,30,17,36,0,30,33,46,0,35,21
16,4,0,6,0,0,0,66,0,0,0,0,0,32,0,0,3,0,16,8,32,5,0,0,0,0,4,0,9,0,3,41
0,0,5,19,0,0,0,17,1,0,15,13,0,29,0,0,0,15,0,0,32,11,93,0,14,8,2,0,0,13,12,32
94,0,39,0,14,3,0,25,22,4,62,3,2,0,5,9,0,0,0,19,11,0,70,18,25,26,20,20,0,0,0,0
0,0,0,12,5,0,2,5,1,17,14,0,0,0,3,0,0,18,0,0,15,0,15,8,12,0,0,20,0,0,0,0
0,11,0,15,0,31,0,0,0,5,0,0,13,6,1,13,5,0,22,0,6,2,0,21,7,0,0,5,4,20,20,13
0,0,0,0,27,0,10,24,0,0,0,0,0,0,0,24,16,0,9,0,0,15,0,0,0,22,0,0,60,1,10,0
0,17,0,12,16,0,0,41,0,0,1,16,0,0,0,0,0,0,0,0,6,11,6,0,0,31,0,22,23,20,18,0
0,15,13,0,0,0,9,9,0,0,0,10,9,0,0,31,7,0,0,0,5,12,0,1,14,7,21,0,0,6,0,18
53,0,0,0,22,19,0,0,0,0,34,1,1,0,4,0,0,24,12,0,8,0,9,6,11,6,0,1,0,0,6,22
0,10,0,0,33,0,21,5,2,0,29,1,18,0,11,1,0,8,4,0,4,0,0,17,8,0,0,2,0,0,9,3
13,0,22,0,0,14,0,0,4,23,29,28,12,0,0,17,23,0,5,4,10,0,5,0,0,11,6,10,9,0,23,0
0,0,32,7,21,30,3,0,0,27,0,48,0,0,0,0,0,25,6,0,0,0,1,0,0,3,4,0,17,0,17,9
0,14,38,3,0,0,8,4,0,0,0,0,0,0,2,0,0,2,0,0,0,0,0,0,7,11,4,5,14,0,6,0
23,12,1,0,0,0,0,0,0,1,0,0,7,0,0,22,0,7,26,0,6,4,4,0,0,0,12,7,0,20,0,0
0,0,0,13,0,0,23,5,4,0,13,6,0,5,2,0,10,0,0,16,0,0,0,0,0,0,0,13,14,12,0,19
0,0,3,7,13,3,8,0,17,0,5,3,0,4,0,0,0,0,0,4,3,0,13,0,0,9,0,0,0,0,0,0
21,7,0,0,1,12,0,16,7,0,0,0,0,6,13,0,6,1,0,0,1,3,0,4,6,8,0,0,12,0,0,0
0,0,0,3,7,0,9,0,1,0,9,0,6,22,3,0,7,4,1,4,5,2,5,0,0,0,14,1,0,0,1,0
96,0,3,0,6,11,0,3,0,3,4,0,0,8,0,0,6,9,5,0,0,1,22,2,0,4,0,0,0,12,0,0
0,0,0,37,0,0,23,0,7,0,6,12,6,0,0,4,0,0,11,0,2,22,0,0,0,0,0,0,2,13,0,21
25,0,11,0,9,0,0,5,0,0,17,0,0,0,4,9,0,2,0,3,0,16,0,1,19,0,13,5,10,2,0,4
0,0,0,7,13,6,30,0,19,0,0,0,0,5,0,2,1,0,0,0,0,0,7,9,3,0,0,0,10,0,8,0
6,0,6,0,0,5,0,0,10,22,15,25,9,7,12,0,0,4,0,0,2,0,4,1,0,0,28,6,0,4,0,1
0,22,8,5,14,15,0,0,7,0,31,52,10,17,0,0,0,0,0,10,0,13,3,0,0,0,0,7,4,9,0,0
10,0,0,0,0,0,0,0,0,0,4,0,0,11,0,7,0,14,0,18,0,0,0,10,0,0,0,0,5,12,16,32
9,0,0,7,0,0,0,10,10,21,0,8,1,23,4,6,0,6,6,1,0,0,0,2,0,8,9,1,0,0,0,0
0,0,0,0,0,2,4,17,0,29,1,0,3,5,0,29,8,33,1,2,5,5,0,6,0,0,0,7,1,0,0,12
0,20,0,0,34,11,0,17,0,0,15,12,0,0,0,0,19,29,18,0,16,3,0,0,0,8,0,0,18,0,22,0
7,0,10,0,36,0,40,18,30,0,19,14,4,0,18,22,25,0,17,0,0,23,0,0,2,8,15,3,21,0,27,13
135,6,0,0,0,1,6,0,29,182,0,6,12,0,2,16,0,9,0,4,4,8,0,0,8,3,21,0,0,0,0,0
127,4,0,0,0,0,0,0,254,193,120,0,0,0,0,7,0,0,55,0,0,5,23,0,7,27,0,33,0,0,18,17
106,2,9,2,17,0,0,0,155,196,20,0,14,14,0,0,3,10,10,20,16,0,11,0,5,8,0,0,0,0,0,29
119,0,6,18,6,0,13,18,0,184,72,0,8,12,3,0,4,0,1,10,0,7,39,9,18,6,25,0,1,12,0,4
0,0,0,0,5,0,5,10,0,0,0,9,9,0,5,35,0,0,0,16,32,19,0,0,0,0,4,0,0,0,0,42
30,6,31,0,45,8,0,6,0,0,40,14,0,0,0,30,16,0,18,0,0,23,26,0,2,0,16,0,12,11,2,0
0,16,0,0,0,18,0,0,0,0,0,0,0,16,0,4,2,6,0,0,1,16,9,0,9,0,0,0,0,2,10,5
0,0,24,0,25,0,11,9,0,0,17,14,7,0,20,0,26,6,0,0,9,2,8,5,15,0,16,8,0,0,9,9
62,21,0,25,2,0,10,3,8,0,0,0,0,8,0,0,10,0,0,22,16,2,16,15,0,0,0,0,74,0,1,0
0,0,0,0,0,0,11,0,0,16,0,18,0,3,11,1,0,0,0,0,15,6,0,20,0,13,7,24,46,0,0,2
0,0,2,5,0,0,2,2,0,8,0,0,13,22,1,0,21,4,4,5,0,4,31,16,43,0,0,21,22,0,0,0
60,0,0,0,4,5,0,0,28,1,24,0,1,0,0,16,0,12,0,0,11,7,10,0,15,9,3,0,6,2,14,2
38,16,13,0,56,0,42,0,0,29,29,0,14,3,0,10,6,9,3,0,10,19,0,1,0,0,0,0,1,0,8,9
26,0,22,2,32,23,13,10,0,49,79,7,0,0,0,5,0,7,0,0,1,0,0,0,7,18,0,0,15,0,2,0
27,28,0,0,0,35,13,4,0,20,38,4,15,0,21,16,33,0,0,19,4,0,14,12,1,2,0,43,12,11,12,0
0,0,0,22,3,0,6,13,0,11,0,0,9,31,0,0,5,0,0,4,16,5,6,0,16,0,30,19,0,7,0,0
0,0,0,8,0,18,4,0,1,18,12,47,0,4,0,0,0,0,0,2,3,0,12,0,3,7,0,0,0,0,0,1
35,26,0,2,0,0,1,1,11,0,0,2,1,0,0,0,0,0,0,1,3,7,0,0,12,0,4,2,0,0,7,5
0,3,17,9,6,0,16,0,11,1,2,0,0,16,9,0,0,16,0,11,13,5,0,0,3,0,0,18,2,0,5,0
20,2,0,1,0,0,8,0,0,0,11,16,0,7,3,12,0,10,0,9,0,0,0,14,0,0,2,0,19,0,6,0
0,0,12,3,0,7,0,0,1,10,0,8,0,12,0,0,0,0,6,0,3,0,0,2,2,1,0,0,0,7,0,0
84,0,0,5,0,2,9,0,0,0,11,2,0,0,4,0,2,8,5,0,0,1,0,7,0,0,0,0,0,0,7,9
0,0,0,4,3,0,0,3,0,4,0,3,9,0,1,10,13,0,0,0,5,4,0,0,0,0,0,0,5,0,15,0
0,3,9,0,13,0,0,0,0,0,10,0,0,1,5,7,2,0,8,0,6,0,0,0,6,0,0,0,9,8,0,9
0,0,0,2,5,0,0,0,0,0,6,29,6,2,3,0,15,3,0,5,3,1,3,7,0,0,10,11,3,0,0,0
0,0,0,10,0,0,0,11,0,6,19,17,1,0,7,7,0,0,7,0,0,5,0,3,0,0,9,0,0,4,1,4
0,0,0,0,1,5,0,0,0,0,16,28,0,7,0,6,3,0,0,0,2,0,0,0,2,9,0,5,0,0,1,0
0,0,0,0,1,0,0,0,0,0,41,1,0,7,0,0,0,0,0,0,0,0,0,0,11,1,0,0,0,0,5,0
4,0,5,0,11,0,3,0,0,50,14,25,1,25,36,0,14,0,0,5,5,8,0,0,0,0,1,0,0,0,0,5
0,3,26,0,20,3,6,0,0,16,54,0,5,1,8,35,8,25,16,0,6,0,0,1,0,0,0,0,2,0,2,2
132,20,9,3,0,7,2,12,16,1,7,0,0,0,4,8,30,17,0,0,0,28,2,1,0,0,0,3,0,0,0,0
0,7,0,0,7,0,1,0,13,1,0,0,0,0,2,41,38,4,0,4,9,8,8,0,3,0,0,1,15,0,0,2
23,0,0,10,0,0,4,10,2,0,0,0,0,0,0,3,45,0,27,8,2,6,0,0,0,2,0,0,7,0,4,0
0,0,6,8,0,0,0,3,26,4,21,2,17,0,9,0,21,6,65,9,0,0,5,0,16,3,10,0,0,0,0,0
60,2,0,0,0,0,0,0,0,11,19,0,8,1,0,0,3,0,7,0,0,0,27,0,8,27,2,2,0,1,9,5
132,5,0,0,0,9,0,0,5,1,20,0,0,0,0,0,0,4,4,0,7,21,25,8,4,0,23,0,0,11,3,33
0,0,11,0,0,12,0,0,5,7,0,0,0,5,0,0,0,10,0,0,16,0,20,0,0,0,0,16,0,0,0,3
90,0,13,0,0,4,0,0,0,12,17,0,0,8,0,0,0,1,0,4,0,0,4,0,18,0,0,0,0,0,0,0
51,0,0,14,0,0,4,0,0,11,10,0,7,0,6,0,0,14,4,0,0,1,7,0,0,9,10,6,0,0,0,5
13,0,0,0,0,0,0,0,0,0,0,3,2,0,11,14,2,1,15,6,0,5,1,0,0,28,5,14,0,0,0,5
56,23,11,0,0,18,5,22,0,3,0,0,22,3,0,0,0,9,3,0,0,0,2,4,26,0,14,0,69,0,1,22
0,0,0,37,5,0,0,10,0,0,16,11,0,5,11,0,0,1,0,0,0,0,0,0,1,25,38,3,27,0,0,17
0,0,0,13,0,0,0,0,8,0,13,0,0,0,0,6,4,0,0,0,0,7,0,18,7,2,6,15,4,23,5,0
0,0,5,0,0,0,3,4,0,0,27,0,0,12,12,0,0,14,0,0,0,0,3,1,10,0,0,1,0,0,20,0
0,0,0,0,16,26,13,0,0,20,27,0,1,6,0,0,0,10,0,0,0,16,10,0,0,0,0,4,0,29,17,3
0,0,58,2,2,0,0,0,0,33,3,11,0,0,0,5,0,0,16,7,0,5,0,0,2,7,0,8,6,0,13,0
0,17,43,0,0,23,10,2,11,35,31,0,0,6,4,9,14,16,19,0,0,0,1,0,0,0,0,10,20,5,0,0
0,0,0,17,0,0,34,38,4,0,24,2,14,0,7,0,0,0,0,2,0,12,0,0,9,0,0,0,0,11,2,0
31,0,0,5,0,2,0,1,0,2,0,0,2,10,0,0,9,0,0,4,4,5,0,14,13,0,10,16,0,14,10,0
0,9,15,20,12,16,7,20,0,5,0,0,19,8,0,16,9,3,1,0,5,0,0,1,0,2,0,0,5,11,7,2
14,0,8,6,11,0,1,0,12,4,2,0,6,39,9,0,13,7,0,17,31,0,4,0,2,8,12,0,0,0,0,9
0,0,0,1,0,0,0,0,2,0,3,0,10,0,10,0,1,0,0,0,0,0,24,2,0,0,5,9,10,2,12,0
0,0,0,0,6,6,7,9,1,8,14,0,0,1,2,0,0,5,0,0,0,0,0,14,4,0,4,3,10,0,0,2
89,0,7,2,1,1,0,16,25,30,10,0,10,17,0,0,0,10,17,0,0,9,4,5,13,0,16,0,9,18,22,9
0,0,0,10,0,0,20,7,0,0,0,0,0,13,0,0,4,6,0,29,0,0,0,0,4,0,0,0,5,17,24,6
3,4,9,6,21,19,0,14,1,0,3,2,29,0,10,0,10,0,0,0,0,1,0,0,0,16,4,6,0,0,0,8
0,1,0,0,10,0,0,0,31,0,0,9,0,0,0,16,0,0,0,0,0,0,0,10,8,0,0,21,19,21,0,0
0,0,18,0,0,8,0,0,8,0,16,13,0,0,3,9,0,13,2,0,5,6,6,0,0,7,10,1,10,3,0,0
3,0,0,0,0,4,1,1,0,0,0,90,9,0,0,14,0,0,0,9,0,0,0,23,2,0,0,2,0,4,0,0
33,0,31,0,0,0,0,0,0,0,4,5,14,14,15,5,2,5,0,0,0,0,0,6,0,7,0,6,2,0,1,8
4,0,7,27,0,3,0,0,0,0,13,24,1,41,39,0,6,9,2,9,0,3,0,0,6,9,3,0,10,6,18,0
47,0,0,0,14,1,16,2,0,0,24,0,0,0,1,30,0,31,0,6,0,10,0,0,0,9,0,11,13,7,0,0
43,7,0,16,0,0,0,4,7,0,0,17,0,0,7,0,7,21,0,18,0,0,9,0,0,11,8,0,1,1,1,0
0,9,0,1,0,2,0,0,0,4,36,8,0,14,0,26,22,8,0,10,2,0,0,11,0,0,0,0,17,0,17,0
87,9,13,0,0,23,3,3,0,20,0,10,9,14,19,0,22,1,3,2,0,0,1,0,0,2,19,7,8,0,8,0
115,0,0,0,0,236,19,0,4,0,30,14,8,9,0,0,5,0,71,38,0,0,1,0,0,0,5,0,4,9,0,0
0,0,0,0,54,105,188,0,0,6,2,2,23,30,0,17,4,0,10,0,11,0,42,0,0,20,0,0,13,0,0,8
0,12,0,0,0,65,17,10,0,20,21,0,0,25,0,0,0,0,0,11,0,15,0,0,13,14,0,0,0,6,0,0
0,0,0,0,0,17,14,0,1,19,0,6,10,19,2,2,0,0,0,11,0,7,0,0,2,0,2,2,0,0,0,1
0,4,0,0,33,0,28,6,0,5,0,21,5,0,0,11,0,13,0,0,26,0,17,0,0,6,6,7,21,0,8,0
18,0,38,10,0,0,0,25,22,0,0,20,0,0,8,12,0,0,14,24,15,1,0,12,0,0,20,19,6,0,9,0
89,0,0,0,0,49,0,0,0,19,0,8,0,10,0,9,0,8,0,0,0,7,8,1,0,0,0,5,0,0,0,9
104,17,0,0,0,0,5,35,4,0,0,0,0,2,7,6,9,6,0,16,4,17,0,0,6,17,4,16,97,18,0,0
0,0,21,10,0,6,12,0,11,11,0,41,29,1,0,0,13,0,0,0,0,0,0,10,30,42,0,0,18,0,9,5
117,14,5,0,0,0,0,0,19,0,10,5,6,0,6,20,0,0,0,0,0,0,2,10,27,0,0,6,0,16,25,15
0,28,9,4,3,14,0,14,0,0,21,0,2,19,16,0,5,0,4,15,0,0,0,0,2,0,20,18,8,14,0,0
0,0,0,7,38,7,8,0,2,1,34,0,0,0,9,0,0,0,0,0,0,23,0,6,0,24,13,2,0,0,17,0
53,0,20,0,48,0,1,0,26,19,29,0,0,10,0,19,0,10,16,23,0,17,21,0,0,26,0,0,2,6,0,0
0,0,33,0,2,12,0,0,0,12,0,13,0,7,18,8,0,9,0,8,17,0,0,22,22,0,23,0,0,0,0,19
0,24,5,0,27,0,12,0,0,13,12,0,0,19,0,0,0,3,0,0,25,9,0,0,1,0,0,5,17,11,5,10
22,0,0,13,0,0,0,4,16,0,0,9,23,17,0,0,6,0,0,2,0,1,0,0,9,0,0,0,0,0,0,4
0,0,3,0,0,0,21,9,0,0,0,1,12,0,0,0,0,0,0,16,2,3,0,13,10,0,0,0,0,13,13,0
37,5,5,0,0,0,0,0,19,2,0,0,3,0,0,0,8,3,0,0,2,0,0,0,3,2,10,6,0,3,0,0
0,34,28,16,3,0,2,0,0,4,0,1,5,0,10,0,6,12,10,8,16,0,0,9,20,1,13,10,0,0,0,0
0,0,8,0,24,0,0,4,0,8,6,0,8,0,12,0,2,4,0,0,0,0,0,0,3,0,9,0,4,0,0,0
66,0,4,20,0,9,33,0,0,6,11,12,9,24,2,0,0,0,0,0,4,0,0,0,3,2,0,0,6,6,19,13
0,11,1,8,0,21,0,20,20,1,0,16,0,3,0,20,0,0,40,29,0,0,0,0,0,3,0,0,0,23,1,30
29,34,24,0,17,14,0,0,3,17,0,0,14,2,4,0,6,2,0,11,0,11,0,0,11,0,0,7,0,4,8,0
0,0,12,0,0,0,1,0,6,5,17,1,0,0,3,0,0,0,19,0,0,3,0,8,10,9,17,6,0,0,5,0
0,13,9,0,8,0,0,13,22,4,4,15,0,9,17,6,2,25,0,1,15,8,0,3,0,16,0,20,0,0,19,24
0,0,0,0,0,0,11,22,6,0,10,107,0,2,0,2,14,0,0,0,0,0,0,14,0,0,22,0,7,0,0,6
45,0,0,6,0,0,0,0,13,4,25,9,12,0,8,18,16,0,13,4,0,26,0,3,4,0,7,0,39,3,7,0
39,13,20,0,1,13,8,0,0,35,9,0,0,21,6,0,0,14,0,13,0,18,0,27,1,15,22,0,24,0,9,0
0,28,33,0,29,9,0,0,0,10,8,9,34,11,16,3,0,18,11,6,23,7,0,8,3,7,23,0,22,0,0,0
65,36,0,0,0,19,0,0,5,0,11,8,11,0,0,0,7,51,0,0,1,8,20,7,24,21,0,11,0,0,27,46
0,0,18,0,3,0,0,15,17,0,37,0,16,197,87,9,11,23,25,0,4,0,25,4,16,0,18,4,0,0,9,0
0,0,0,0,0,0,0,0,0,0,0,7,114,104,10,48,0,16,66,0,4,0,5,7,8,2,0,15,23,0,13,2
0,6,28,0,31,0,8,13,0,0,8,12,0,0,0,6,0,24,219,0,23,0,9,0,0,0,8,0,9,24,0,0
13,0,0,4,0,0,0,0,7,12,32,0,0,5,18,0,0,16,40,0,0,0,0,11,0,20,15,0,16,4,1,0
95,0,19,0,30,0,25,18,8,0,14,8,0,0,2,3,10,0,22,11,27,37,22,0,0,8,34,0,29,2,10,0
115,0,2,0,9,11,14,0,4,21,0,0,0,0,2,7,20,0,14,3,0,14,0,0,0,1,4,22,0,0,0,0
0,0,13,0,0,0,2,0,0,5,0,0,12,0,0,0,0,0,7,0,13,0,9,0,40,0,23,0,5,0,0,18
0,0,0,0,10,21,1,0,22,12,7,0,0,9,3,0,10,3,3,0,0,13,18,0,20,13,0,0,0,0,0,47
0,6,3,0,8,0,7,5,3,3,0,0,0,0,0,18,8,0,10,0,0,8,8,5,8,3,0,0,0,0,0,8
85,5,6,0,0,0,0,2,8,0,21,6,0,26,0,0,0,8,12,2,0,0,0,9,0,8,0,3,66,9,0,9
90,3,0,0,0,0,11,0,0,0,23,4,0,0,0,0,0,0,0,0,0,6,0,0,0,20,0,18,42,0,0,8
0,0,0,8,2,8,0,3,16,0,0,0,0,3,4,0,2,5,0,11,0,0,11,14,12,0,0,4,2,0,3,10
55,6,0,2,0,0,0,11,8,0,22,0,0,0,1,3,4,0,10,5,2,0,0,9,6,11,11,0,5,0,11,0
32,0,2,4,60,0,19,11,0,0,24,0,0,0,2,5,0,0,10,4,3,0,0,2,0,3,1,1,1,7,0,0
5,7,23,6,31,15,7,0,8,33,23,12,0,6,3,0,0,1,0,0,0,3,0,0,0,0,1,0,4,0,0,0
0,3,21,0,1,30,0,0,2,30,0,44,11,14,8,0,0,3,0,0,0,4,4,0,0,7,0,4,12,0,1,0
0,0,3,18,5,0,0,3,0,7,0,0,8,0,0,3,0,0,0,4,0,2,0,0,5,0,2,11,0,0,0,0
0,0,1,1,0,0,4,2,0,3,7,0,3,0,0,0,0,0,1,1,2,0,0,0,4,0,5,1,1,4,1,0
1,0,7,0,3,0,3,3,3,2,0,0,0,0,0,4,0,0,4,0,0,2,2,0,4,0,2,0,2,0,2,0
12,0,2,1,0,9,1,0,1,3,7,0,0,4,0,0,9,0,1,0,0,0,13,2,0,0,10,4,0,0,3,0
0,0,0,0,14,7,7,0,5,1,0,0,11,0,4,8,10,0,3,6,0,1,0,0,8,0,3,0,3,2,1,13
4,0,0,15,0,0,0,0,0,0,2,0,0,0,0,16,0,0,0,0,0,0,1,7,3,5,4,0,0,0,0,7
