48,3,0,0,21,0,0,0,5,10,2,8,4,8,0,1,0,4,6,6,6,0,7,0,0,0,4,2,0,0,4,0
8,2,0,3,6,0,2,4,0,0,11,0,0,2,0,0,2,0,0,0,4,8,0,3,2,7,6,0,0,1,0,0
9,0,0,4,2,0,10,9,4,0,0,0,0,0,5,3,10,0,0,0,0,0,0,0,0,6,11,2,0,7,0,4
3,1,1,4,0,4,0,0,0,3,6,5,0,8,0,5,0,0,0,0,5,13,0,0,0,0,0,8,0,0,0,0
0,0,4,0,1,0,0,0,1,0,16,29,0,1,0,0,4,0,0,0,0,7,0,0,0,3,0,0,1,2,0,0
0,5,0,0,0,14,0,0,0,0,57,36,0,6,0,0,3,9,7,0,1,7,0,0,0,0,0,0,0,4,20,0
34,13,6,4,10,0,0,0,0,0,21,0,0,0,0,6,0,6,0,0,12,0,12,0,0,8,0,0,0,0,0,0
16,0,6,10,0,0,3,0,1,13,0,34,0,41,4,4,0,0,0,7,0,0,0,0,0,5,0,12,0,0,9,10
0,0,0,0,0,0,0,0,6,16,22,6,0,9,1,41,0,27,5,4,0,0,0,4,6,1,1,0,3,0,4,0
117,0,0,7,0,0,3,0,7,0,7,3,0,7,0,4,0,45,1,0,0,4,0,0,5,3,1,9,8,2,18,7
0,0,0,0,7,0,0,0,33,3,0,0,0,0,8,12,33,2,0,5,6,0,0,7,5,0,0,0,9,4,3,0
124,0,11,8,9,0,0,11,9,0,3,19,8,14,28,11,13,0,3,4,29,0,6,0,10,0,0,2,3,10,2,0
69,0,0,1,0,2,0,0,4,3,10,1,42,6,9,0,10,0,72,0,0,0,0,0,0,0,0,10,2,0,1,2
0,0,3,0,6,0,0,0,0,0,25,19,0,20,7,0,4,0,0,0,0,3,7,7,10,5,0,16,0,3,5,0
0,0,0,0,5,5,0,16,0,7,0,20,18,7,3,0,0,0,0,0,0,27,11,0,0,0,22,10,0,0,0,0
96,9,0,4,8,1,2,160,74,1,9,0,2,0,0,0,0,0,32,14,10,0,0,0,1,19,0,0,15,0,21,0
0,0,5,2,13,1,38,67,200,0,8,5,14,0,3,0,6,0,14,0,0,4,0,0,0,9,0,5,0,8,4,7
104,0,9,0,0,3,3,64,21,0,0,0,0,1,0,0,6,0,0,0,5,0,0,0,0,0,0,1,13,7,0,1
15,16,12,5,3,0,0,0,7,0,0,6,2,14,0,7,0,0,0,0,0,0,6,0,10,10,22,0,0,7,0,0
10,11,22,0,29,0,4,6,0,0,0,33,4,0,24,12,29,6,18,0,0,16,19,0,11,16,3,0,50,0,30,0
0,0,0,0,0,0,0,10,0,4,20,10,0,23,0,0,2,7,9,3,4,0,7,4,0,7,0,33,39,0,6,10
22,0,0,0,0,1,0,8,0,3,0,0,0,10,0,0,0,10,0,6,0,0,1,18,3,23,60,0,0,0,19,0
71,0,7,0,6,2,0,12,6,2,0,0,19,0,4,1,0,0,8,0,0,2,2,2,17,1,1,0,2,0,3,41
48,0,0,0,72,19,0,3,0,0,17,0,10,13,0,0,0,0,0,0,5,9,8,0,10,3,25,21,2,0,0,4
0,15,29,0,25,14,7,0,0,26,28,8,0,5,0,0,11,9,0,0,13,0,0,0,0,0,0,9,2,11,9,0
0,0,5,0,15,58,5,17,6,32,44,4,0,0,4,37,0,0,0,12,22,0,14,0,13,0,20,0,11,0,0,5
18,0,7,21,0,1,0,10,0,0,0,5,1,15,0,0,0,0,1,3,0,0,0,0,0,2,0,9,22,0,1,9
19,0,5,0,0,0,11,6,0,0,0,0,0,1,5,0,0,0,0,0,13,0,7,8,24,0,0,0,4,0,0,0
0,4,15,5,6,0,0,0,7,2,0,20,0,1,0,23,0,0,1,0,3,8,0,0,7,0,0,0,0,0,1,0
0,0,0,10,0,4,0,0,14,0,0,0,0,0,1,2,0,7,1,5,0,5,9,0,3,0,0,0,0,7,0,0
5,7,8,0,24,2,0,1,5,15,0,28,0,0,7,1,0,0,0,12,0,1,12,0,5,8,0,10,0,0,6,0
5,4,0,0,1,0,0,0,5,12,8,0,0,0,0,22,0,6,0,0,13,6,0,14,11,12,0,0,0,3,0,0
16,4,16,0,0,0,0,13,0,0,16,0,0,11,0,7,0,0,0,4,1,0,0,0,0,17,0,18,0,2,6,5
0,0,0,11,22,0,9,0,4,0,4,28,23,0,11,9,25,0,0,0,6,1,3,38,0,0,0,0,14,0,9,28
0,0,0,28,0,2,0,0,6,0,0,0,0,8,0,0,0,6,18,0,22,0,11,5,0,10,0,0,0,25,0,16
0,17,0,12,0,0,0,0,0,0,30,17,13,11,0,5,9,0,0,21,0,6,0,0,2,0,10,0,38,0,0,0
0,0,0,0,52,0,0,23,3,0,13,0,0,38,0,9,22,0,4,0,0,10,0,0,0,2,27,0,3,0,0,22
0,0,2,26,41,6,18,23,17,12,40,73,18,0,15,0,21,0,25,2,0,0,0,27,5,7,7,0,14,30,0,9
77,0,18,0,0,0,0,0,0,6,17,0,7,0,0,55,0,19,0,0,16,0,37,0,6,0,0,0,0,3,0,0
38,14,36,31,0,0,29,0,22,28,10,0,0,57,27,49,0,0,0,0,0,0,7,0,0,7,13,5,4,0,0,1
112,18,0,0,0,3,0,0,23,25,29,0,31,0,0,30,6,36,1,17,0,28,23,0,0,15,0,0,22,0,9,0
133,26,0,0,0,0,0,3,2,6,0,6,0,0,0,31,16,19,14,0,37,0,16,13,0,19,15,0,43,0,39,0
70,0,10,36,0,0,18,12,0,2,0,17,3,0,9,39,43,0,0,0,0,0,0,0,10,5,0,29,0,33,0,2
42,2,27,21,15,2,6,32,0,8,5,0,0,0,37,0,0,0,0,0,0,5,0,0,0,0,53,0,18,13,0,5
0,3,0,15,6,2,4,3,10,0,0,0,197,186,11,7,11,26,181,0,0,2,16,0,9,0,0,3,0,0,0,4
0,0,8,10,5,0,0,30,27,25,0,65,194,190,8,9,52,186,194,117,0,0,0,0,16,0,27,0,6,22,0,0
118,0,0,16,0,17,0,0,3,16,21,0,210,22,5,12,0,87,133,162,21,0,0,23,6,17,20,0,8,11,2,0
0,9,0,0,0,7,10,157,108,0,0,0,0,0,14,13,28,0,0,0,0,10,0,0,0,0,0,0,8,0,28,7
82,0,0,0,0,0,111,191,195,6,19,0,7,0,4,0,11,22,37,21,1,0,0,0,8,0,6,4,25,26,9,33
0,39,0,19,0,0,124,189,194,7,0,13,8,9,21,16,0,21,11,23,3,0,52,0,0,19,0,0,0,0,22,24
26,44,0,0,0,0,36,188,178,0,43,35,4,0,5,24,22,0,27,18,19,0,20,0,24,15,35,0,26,0,28,22
0,0,0,0,0,0,0,19,16,0,15,0,3,0,13,0,6,10,0,0,0,0,0,0,0,21,0,0,29,0,10,0
27,9,0,0,0,0,0,16,0,0,7,27,0,16,16,17,0,0,16,14,1,0,0,17,14,16,14,25,65,19,22,5
103,0,0,14,0,0,7,0,0,0,29,0,0,0,23,0,34,0,0,16,0,0,13,51,48,0,75,0,55,0,0,0
58,20,0,0,13,17,23,0,37,0,0,48,0,0,13,0,20,0,9,4,6,0,0,17,0,10,0,0,14,0,0,0
0,16,8,0,67,3,24,0,7,0,10,0,0,0,3,33,0,14,27,20,0,26,0,3,27,0,0,0,3,0,16,32
0,0,16,0,41,1,0,0,11,36,26,38,0,23,29,2,0,35,0,17,0,7,10,0,6,0,11,0,4,0,0,0
0,0,42,11,0,17,0,10,19,29,8,38,0,0,3,5,8,0,12,0,7,0,0,16,2,0,0,0,18,8,10,0
0,0,31,5,24,0,31,0,3,0,14,21,0,0,7,22,2,0,0,18,31,0,24,5,0,9,9,0,0,33,0,0
0,0,8,0,33,10,10,4,16,3,0,0,0,0,0,13,0,0,0,5,0,14,0,0,0,30,22,0,0,0,7,21
71,0,0,0,44,0,0,7,8,0,0,16,0,1,3,1,3,0,0,1,13,18,0,0,0,0,0,0,0,0,0,0
36,0,10,16,24,0,0,20,3,2,9,0,11,0,0,7,15,0,12,14,0,10,0,0,7,21,0,0,0,11,21,13
0,0,0,16,0,0,6,18,12,3,0,3,0,4,0,0,8,0,0,2,0,0,14,6,0,4,0,23,0,0,3,0
9,3,12,0,8,20,15,0,0,0,0,0,0,0,0,0,6,0,0,0,0,0,0,11,25,0,0,0,0,0,0,7
31,9,2,14,0,0,0,12,0,0,0,2,10,28,14,0,10,0,0,0,0,0,3,4,23,0,12,5,17,9,9,3
0,2,0,0,0,0,3,36,0,0,0,10,8,0,3,10,0,0,3,0,0,0,16,5,19,11,22,18,1,14,0,8
17,10,19,0,21,0,0,8,0,3,0,0,12,0,3,0,13,3,0,0,0,45,17,27,1,23,5,19,0,0,0,0
18,2,13,19,2,1,0,24,0,0,37,39,0,2,0,30,0,0,10,0,10,0,0,12,29,0,0,0,19,2,0,0
58,0,0,24,0,0,0,9,0,12,1,8,18,1,10,0,0,12,0,0,0,0,0,17,13,0,0,10,0,0,0,0
0,6,0,0,0,13,14,8,0,4,16,78,5,0,0,16,21,13,0,0,21,16,17,0,4,0,0,14,1,4,0,11
61,0,8,0,19,2,8,0,0,3,34,15,8,7,0,87,2,0,0,7,6,25,3,4,2,0,3,0,0,0,0,0
0,0,0,3,28,10,14,0,0,34,17,6,0,5,31,14,20,3,0,0,23,33,22,0,21,11,0,5,15,0,10,8
21,0,10,70,0,0,0,40,2,0,29,0,19,55,44,22,27,0,58,4,14,0,22,8,21,0,30,16,10,0,0,0
41,0,16,5,0,0,0,0,8,0,0,26,0,18,6,4,2,14,7,0,0,45,0,20,4,26,4,0,1,0,0,37
0,21,43,7,0,0,0,3,2,3,46,0,4,12,0,10,3,10,7,13,4,8,0,0,16,32,0,0,0,0,0,37
0,0,8,0,0,0,0,0,0,20,29,0,0,14,0,40,0,10,13,0,19,0,24,0,4,3,0,15,0,0,2,15
13,0,5,32,0,0,0,0,4,16,0,0,146,92,29,23,17,6,55,0,0,0,0,26,0,0,6,11,0,0,16,43
0,8,14,0,0,0,27,0,0,0,3,0,190,190,0,6,28,67,190,177,31,0,0,0,0,11,11,0,11,34,4,0
79,9,1,12,0,13,5,1,0,0,5,0,137,201,1,9,0,48,190,182,14,2,0,7,0,5,7,0,10,20,0,0
69,0,0,0,11,0,0,0,0,19,4,0,11,19,0,0,8,70,106,70,0,18,7,0,0,10,0,13,31,0,0,39
0,0,31,28,0,0,0,0,7,12,2,0,0,4,10,0,28,0,0,0,0,0,0,39,0,0,0,0,0,0,0,32
24,3,0,0,0,5,21,10,0,0,6,34,16,0,12,0,0,23,0,5,0,0,0,3,17,4,2,26,7,0,0,8
43,0,0,0,0,8,0,0,7,0,32,12,31,0,14,3,3,0,0,6,0,0,0,12,18,252,24,0,0,0,6,0
32,0,0,0,0,0,0,6,0,0,0,40,0,0,18,0,3,0,0,14,0,11,0,0,29,71,0,0,0,0,16,11
73,54,0,0,0,23,0,0,7,5,19,18,33,0,5,8,0,0,8,2,0,4,38,0,8,34,4,0,46,12,16,16
112,38,25,1,1,0,0,0,0,0,0,4,0,22,16,0,13,0,0,0,0,0,0,11,22,22,30,0,25,0,0,0
9,33,0,13,0,2,9,8,3,0,30,0,28,0,0,0,0,0,0,0,1,4,0,0,1,4,11,0,0,4,3,1
32,8,0,2,36,0,7,2,0,5,37,27,32,0,0,0,0,0,10,7,6,1,0,9,2,24,0,0,0,11,0,0
38,0,39,14,31,0,8,0,0,54,3,0,15,12,12,0,12,0,16,0,0,5,0,19,13,0,16,0,0,7,3,39
1,20,20,0,15,34,6,0,0,37,0,30,0,0,0,0,12,0,15,4,0,0,0,13,0,0,0,3,0,7,22,0
0,12,0,28,15,0,0,0,0,5,3,0,30,2,11,0,11,0,0,0,0,0,0,15,0,3,13,9,18,0,12,0
29,6,17,8,0,0,0,4,0,0,11,0,9,22,0,5,2,5,0,0,0,0,28,0,8,24,0,18,0,0,0,18
18,43,0,0,0,0,17,7,0,0,11,24,0,0,0,0,0,3,10,0,10,0,8,3,0,7,4,0,16,6,6,3
3,2,11,0,0,1,0,0,0,4,0,0,15,0,0,0,9,0,0,0,0,0,0,0,6,0,0,0,0,0,20,0
17,17,13,9,2,0,16,0,3,10,0,0,23,0,6,0,0,0,9,0,0,0,4,3,0,0,20,0,6,2,0,18
0,0,0,25,6,0,0,3,0,0,16,0,0,0,0,9,3,0,0,2,8,4,1,0,0,0,0,0,0,0,1,3
68,2,0,0,5,0,0,3,0,3,7,0,0,6,0,0,11,6,0,6,0,0,0,2,0,0,2,1,9,2,1,19
5,0,4,8,0,0,0,0,0,6,3,6,9,0,0,0,1,0,0,0,0,0,0,0,0,2,0,0,2,0,0,0
1,2,0,0,1,8,0,5,1,0,0,2,0,14,8,0,6,4,1,2,0,0,0,1,0,1,0,3,1,0,0,0
0,0,0,5,0,0,4,0,0,4,3,0,5,15,0,0,0,0,0,0,0,1,7,0,0,0,0,3,2,0,1,0
16,7,8,3,9,5,4,0,8,0,23,31,3,0,5,0,10,1,11,0,7,0,0,3,6,0,4,0,7,1,4,0
1,4,0,0,0,0,2,4,0,0,28,54,0,2,0,7,0,0,0,0,0,0,0,0,2,5,6,0,11,0,2,0
29,0,0,5,0,5,0,10,0,18,29,4,0,3,0,4,0,0,1,5,0,0,0,10,8,2,1,0,4,0,0,4
3,0,0,8,1,0,9,1,0,4,17,11,4,29,4,6,0,0,2,8,0,0,0,12,4,0,3,7,0,0,1,0
0,10,0,0,2,8,0,0,10,21,13,6,0,0,0,33,0,29,14,0,4,3,0,0,0,0,0,2,0,0,0,16
0,4,0,0,0,0,1,0,0,3,10,0,1,1,0,13,0,42,0,3,1,22,2,0,0,1,4,6,0,8,0,0
0,10,4,3,8,0,22,2,0,0,0,0,3,1,0,9,14,3,0,2,2,0,5,2,0,0,0,2,7,4,13,0
0,2,0,1,0,1,13,1,0,0,1,0,0,0,0,48,5,14,7,0,9,2,6,4,0,0,0,0,0,10,3,0
109,5,0,0,5,0,0,19,0,0,15,0,0,1,20,0,13,16,86,0,0,0,9,3,12,0,6,9,0,0,5,0
99,0,0,0,10,4,1,0,0,0,5,0,1,0,3,0,0,2,3,0,0,1,6,3,4,25,9,0,0,0,2,0
0,0,0,0,0,0,0,14,0,0,1,0,5,0,0,0,7,0,3,5,13,1,12,1,0,3,8,0,0,1,0,26
0,0,0,0,0,7,13,7,3,2,4,3,2,4,0,13,0,0,18,9,17,6,0,0,3,0,0,0,2,0,7,1
71,0,13,0,22,13,9,0,4,1,0,1,0,0,8,0,8,0,6,11,5,0,0,0,0,2,3,1,0,0,0,10
0,0,0,8,0,0,4,6,7,1,9,0,0,1,0,0,0,0,0,0,0,0,0,2,0,0,0,0,0,6,0,0
0,0,1,1,0,8,0,6,12,0,0,0,0,0,0,0,5,0,1,0,0,0,2,6,12,0,9,0,2,0,2,0
0,0,2,3,10,0,0,10,0,0,1,9,0,0,0,0,0,1,6,0,0,7,0,2,13,2,0,0,34,3,0,0
0,0,0,0,1,0,0,13,4,0,0,20,0,3,0,3,0,0,0,0,1,7,0,0,0,4,0,32,49,10,1,0
0,5,4,0,0,0,1,0,0,0,5,0,0,0,0,0,3,0,0,0,0,0,10,3,17,22,52,0,0,0,0,14
0,0,0,0,7,0,0,1,3,0,0,0,0,12,0,0,10,0,0,1,0,3,1,7,18,9,4,0,7,2,0,20
0,4,0,0,33,8,29,0,0,6,10,0,16,0,0,0,0,0,1,0,0,5,2,0,3,0,6,1,1,0,4,24
19,8,15,7,12,16,0,0,0,34,10,15,0,5,7,0,11,5,0,0,4,0,3,6,12,3,13,3,8,0,5,0
0,6,16,6,0,23,0,6,0,40,1,15,0,1,1,5,0,0,1,0,1,0,3,0,7,5,0,4,0,0,0,0
0,0,24,18,1,1,0,0,0,0,4,0,0,7,0,0,0,0,0,0,0,0,0,0,0,10,2,0,0,0,14,0
21,4,0,0,0,1,0,6,0,2,2,0,0,0,6,4,0,1,0,3,0,0,5,0,0,0,0,0,0,0,0,2
0,5,3,0,0,10,0,7,0,16,0,2,0,0,0,10,5,0,0,10,6,0,0,4,0,2,12,0,3,0,8,0
0,0,0,4,4,0,2,5,3,6,4,0,0,3,1,0,0,3,0,0,0,3,0,1,1,0,0,16,6,1,4,0
0,0,0,2,6,5,8,7,0,0,8,4,0,2,0,0,0,0,6,25,6,0,0,0,0,0,3,0,0,0,0,3
0,0,0,5,0,0,0,33,0,0,0,9,6,0,0,4,0,12,4,0,0,13,0,0,0,7,1,9,0,0,0,6
75,0,3,1,0,0,6,0,6,0,0,0,0,4,0,0,0,0,0,0,10,6,3,2,0,0,0,0,0,11,10,6
4,0,0,8,10,0,0,3,32,0,0,9,3,0,7,0,0,11,14,0,8,0,0,2,1,1,20,0,0,0,11,0
19,16,0,11,14,16,0,20,35,0,0,1,0,0,9,0,18,2,5,4,0,2,8,19,0,4,0,20,12,3,0,0
0,0,12,0,15,2,42,0,0,0,0,0,12,0,0,13,16,0,16,0,2,0,26,0,10,3,29,0,22,8,7,0
21,13,16,0,4,9,0,0,0,11,38,23,40,0,19,0,14,0,11,3,4,0,0,17,22,0,0,13,7,0,10,0
0,10,0,3,8,34,7,0,10,9,54,56,0,0,11,0,0,6,0,16,0,0,0,0,9,0,0,0,0,0,8,34
0,0,2,5,0,0,0,16,0,22,4,0,0,0,0,0,4,4,12,7,0,0,0,0,4,0,0,12,2,0,1,0
37,28,0,0,0,13,6,3,1,0,16,42,0,9,32,16,18,0,30,0,10,3,0,20,0,16,0,0,17,0,34,0
0,0,7,30,0,0,0,16,0,0,0,0,0,0,0,0,0,6,0,0,0,0,9,0,0,0,0,0,0,15,0,0
132,30,0,16,1,0,7,16,17,0,0,7,5,38,0,39,0,57,15,0,0,1,3,12,0,0,0,0,0,0,6,12
0,0,0,34,0,26,0,0,0,10,0,0,16,26,0,17,14,0,22,0,13,0,10,0,15,0,0,0,14,41,0,0
0,0,14,38,7,58,0,0,21,0,0,34,0,0,32,50,23,0,11,37,0,0,0,25,0,3,53,0,30,16,0,13
0,10,0,0,0,10,1,11,0,0,7,8,0,7,17,18,6,10,100,0,28,0,9,6,0,0,0,0,0,6,15,34
38,35,0,5,0,0,0,17,0,0,0,0,53,107,0,34,0,0,0,16,0,1,0,5,12,19,26,10,3,0,0,34
0,0,7,10,0,0,0,46,4,0,14,8,46,189,8,0,18,21,5,0,1,0,4,0,3,0,0,0,0,0,21,0
0,0,16,6,0,4,17,30,25,0,0,11,21,211,0,0,16,5,29,21,0,0,0,0,0,8,41,0,18,0,16,0
11,20,40,2,48,14,51,8,0,0,1,22,19,0,38,8,32,0,58,3,0,1,22,4,14,0,38,0,15,0,0,1
0,0,13,0,0,54,0,117,186,99,0,20,0,38,7,0,2,14,2,9,4,0,0,11,7,14,8,0,3,17,1,46
0,0,7,2,11,0,25,191,196,198,0,2,17,0,7,2,39,0,0,37,0,0,0,0,0,0,3,35,7,0,0,0
2,27,0,0,0,2,0,3,193,32,0,0,0,0,18,3,23,4,7,2,10,23,16,10,16,8,4,0,39,0,0,0
0,0,43,25,0,0,0,2,234,32,0,37,39,20,53,0,7,2,13,2,0,0,33,9,31,46,73,48,18,0,0,5
51,23,25,0,0,0,4,0,20,6,0,29,0,0,3,3,0,2,28,15,17,0,20,26,20,5,17,0,2,8,24,0
81,0,0,2,0,14,20,0,15,7,6,0,0,11,0,11,4,2,16,6,11,15,2,0,0,0,1,0,10,0,0,0
0,8,0,0,48,28,20,0,10,0,51,0,0,29,12,0,0,10,0,0,0,9,0,0,0,0,16,16,0,0,0,0
0,37,11,0,52,16,0,10,11,39,22,0,32,21,15,0,0,12,43,6,26,9,35,0,0,14,25,2,12,0,7,33
49,13,40,3,0,42,0,16,5,53,12,0,12,0,6,29,5,10,0,9,17,0,0,0,11,23,15,0,8,0,9,15
0,15,29,2,4,0,0,0,5,0,6,0,0,31,0,0,0,9,0,0,0,0,6,20,20,5,55,26,0,0,0,14
13,1,34,12,12,0,0,0,0,0,17,9,0,0,15,0,9,4,0,0,0,0,0,10,28,0,8,0,2,7,0,0
0,3,0,4,0,24,0,0,0,31,16,12,21,12,0,2,0,11,0,2,13,0,4,23,2,0,0,5,0,6,0,8
0,0,10,12,1,18,17,18,6,24,10,0,2,19,13,49,13,16,16,7,0,4,4,0,0,38,0,5,7,0,0,0
0,0,11,4,0,11,0,20,15,2,0,21,0,7,35,1,13,12,0,0,0,6,0,5,6,0,0,14,27,0,0,1
23,3,0,35,0,1,16,0,0,0,0,16,10,0,0,16,0,0,0,5,19,20,3,16,0,0,0,0,16,8,16,0
62,14,0,1,0,8,20,0,2,4,0,0,0,5,0,7,0,9,12,12,0,0,16,0,0,9,0,0,27,0,0,0
0,3,0,0,7,7,5,0,0,1,0,19,0,21,16,0,0,0,17,0,6,18,0,0,0,1,0,0,2,18,13,12
0,0,35,0,0,20,0,8,0,6,38,0,0,17,5,25,0,0,17,0,0,0,0,0,1,6,24,18,6,2,7,22
0,0,55,9,33,0,8,0,0,0,0,54,27,0,15,16,24,13,6,4,0,0,0,6,22,36,0,0,0,0,0,35
0,0,36,11,0,0,18,18,0,0,0,3,15,0,4,24,8,0,0,0,0,19,0,0,7,0,0,31,0,35,0,0
0,0,0,0,1,0,24,0,0,18,24,75,0,27,0,0,7,0,9,0,0,2,0,7,29,6,0,31,0,37,14,45
42,0,0,0,13,52,7,0,3,52,8,0,0,0,0,12,0,0,0,0,0,28,0,0,29,18,0,0,0,5,0,0
0,17,36,34,48,3,0,0,0,0,0,28,16,64,1,0,0,0,34,0,32,14,38,0,21,0,13,0,0,18,38,39
0,0,0,34,0,14,0,0,0,0,0,0,0,0,0,34,0,28,48,15,0,0,0,0,0,0,0,0,0,11,0,11
0,0,11,6,0,0,15,16,0,0,15,0,12,6,0,0,0,78,31,0,11,32,0,13,0,0,0,30,0,0,23,26
0,0,0,38,0,0,0,0,0,0,65,11,7,0,1,3,0,10,18,31,22,0,0,0,4,48,0,18,0,2,24,33
0,0,31,10,21,7,0,14,28,17,14,8,26,0,0,26,5,0,4,43,0,0,0,0,0,0,0,0,23,2,0,0
0,0,31,6,39,0,52,0,0,13,22,20,32,0,31,23,16,0,30,0,14,0,30,28,46,0,61,0,36,33,0,27
105,0,0,0,19,0,15,0,1,25,0,0,0,25,32,18,27,0,27,5,11,10,7,21,1,30,11,0,14,0,45,9
0,24,19,3,0,0,0,8,0,0,36,36,90,197,60,0,16,5,218,216,0,0,17,5,8,0,22,0,0,11,7,0
27,8,0,0,17,3,0,0,0,10,0,0,186,198,61,0,0,11,187,193,60,19,0,0,0,0,0,13,57,0,31,0
0,0,36,26,0,29,0,0,0,36,0,0,0,227,24,0,0,11,187,193,98,16,38,0,0,0,0,18,0,0,0,0
82,0,27,20,0,0,7,11,71,14,9,0,0,29,0,7,16,8,74,240,9,25,0,5,0,0,12,0,0,3,0,6
0,10,0,0,0,0,11,0,89,59,0,7,0,0,2,0,0,0,0,11,31,14,0,0,13,8,8,0,5,0,0,0
0,0,0,5,0,7,0,0,35,37,36,0,7,11,3,0,0,18,0,12,0,0,19,1,247,83,0,17,7,0,0,13
0,0,0,39,0,0,0,38,10,0,0,0,7,17,0,5,0,0,0,1,0,0,0,145,197,36,28,61,40,5,0,0
2,0,0,9,0,15,0,0,12,11,0,0,20,60,0,0,0,0,6,8,0,0,18,232,193,105,6,0,30,23,0,0
56,0,0,27,4,0,10,15,0,0,5,0,22,0,0,38,0,13,0,0,2,21,23,0,54,11,0,0,10,0,30,0
0,0,6,24,19,0,0,0,3,19,11,0,0,37,35,0,29,0,18,24,0,0,0,23,15,0,24,0,0,3,0,0
0,0,0,12,40,0,6,12,0,33,6,0,0,20,0,0,44,0,0,5,0,0,0,21,0,0,1,0,17,51,0,0
37,18,5,25,44,0,9,8,28,42,14,34,0,0,5,7,1,18,0,0,10,2,0,25,16,0,23,0,0,4,14,24
4,0,11,5,30,33,27,1,0,0,2,26,0,0,7,34,0,0,33,13,0,27,20,0,16,0,0,0,0,0,1,30
0,0,0,0,0,0,0,19,7,0,6,0,30,0,24,0,24,31,0,0,0,0,0,0,0,24,0,0,0,0,23,25
0,16,0,0,17,0,32,0,30,0,9,16,0,0,0,0,0,0,0,0,9,20,0,0,0,7,0,0,3,0,0,19
12,6,21,4,39,2,0,7,14,10,0,8,17,35,0,0,0,8,0,2,23,14,4,0,0,0,0,0,37,0,19,0
0,17,0,5,0,16,0,0,36,0,5,0,0,12,0,0,0,4,1,0,0,14,22,0,0,0,0,3,21,9,0,0
0,0,0,17,0,0,0,25,0,0,2,24,1,8,2,0,14,0,0,5,25,0,27,0,3,0,10,0,0,11,25,0
86,8,0,0,7,13,0,0,0,0,0,10,0,0,0,2,13,3,1,0,7,0,0,0,0,0,4,0,13,0,0,0
0,5,0,1,11,0,0,2,0,4,3,0,0,7,0,3,0,0,0,7,0,0,0,0,0,0,5,0,5,0,0,4
0,1,6,0,0,9,0,0,0,4,0,0,3,0,0,0,0,0,0,0,0,0,0,0,0,5,0,0,0,7,0,0
0,5,0,0,0,0,2,0,0,0,5,8,4,0,0,0,3,0,3,0,0,3,0,0,0,3,1,2,0,0,0,15
0,0,0,0,0,2,0,2,0,0,28,30,0,0,0,6,6,7,2,2,2,0,0,0,0,4,18,2,12,2,0,1
30,6,8,11,12,7,1,0,0,6,7,48,0,0,0,0,0,3,1,0,0,4,0,8,0,0,0,7,0,0,6,0
19,7,0,5,4,0,0,13,7,18,22,12,0,0,3,5,8,0,0,4,0,4,1,0,0,0,18,1,0,5,21,0
6,0,4,7,0,5,0,0,0,12,19,26,0,8,13,0,0,8,0,3,10,0,3,0,4,0,0,0,0,0,1,6
111,4,0,16,14,0,0,0,8,26,15,1,5,13,2,39,0,35,9,0,8,0,10,0,0,3,0,0,0,4,0,19
0,2,2,10,0,0,0,7,0,2,0,0,0,11,0,8,5,48,10,0,7,25,0,0,4,0,0,0,4,0,0,0
15,0,1,8,2,0,23,3,0,3,0,0,14,9,0,0,1,1,0,1,0,5,0,9,0,0,5,0,0,8,0,0
116,10,0,0,0,10,14,0,4,6,13,4,16,0,5,19,9,2,0,0,0,0,0,11,0,0,0,0,0,0,0,0
124,10,15,0,3,12,14,2,0,1,5,6,14,3,0,12,1,0,73,10,9,2,0,6,0,0,0,6,7,0,1,0
109,0,1,4,1,0,0,4,0,0,4,0,0,10,0,0,7,2,16,0,2,0,5,7,0,12,20,13,3,0,4,0
0,0,11,0,6,4,3,5,0,4,0,0,11,3,2,0,5,8,7,3,0,0,23,11,12,5,0,0,0,0,0,12
109,0,0,0,0,0,0,0,0,0,5,1,0,3,0,0,0,4,7,8,23,0,7,0,6,0,8,0,0,0,0,13
0,0,0,0,9,0,0,0,0,5,0,0,0,0,0,8,2,3,12,12,4,0,0,0,1,0,0,0,3,0,0,0
11,6,5,5,0,0,5,1,0,0,0,0,0,0,8,0,0,2,0,0,0,0,5,0,0,0,0,5,4,0,1,0
61,0,5,0,0,4,3,0,30,7,14,7,0,0,0,0,0,23,0,0,10,0,3,1,14,2,3,6,5,0,0,0
62,7,0,0,0,0,2,0,38,2,18,0,0,8,0,0,0,7,2,5,3,0,0,1,37,9,0,4,39,0,7,2
0,0,2,0,0,0,15,0,21,0,0,12,4,11,0,2,3,7,2,0,8,3,0,0,8,27,12,64,34,0,3,0
0,0,0,0,0,0,6,3,0,0,0,2,8,0,0,2,8,0,0,0,0,0,11,0,40,16,60,5,1,7,5,0
0,0,6,13,7,4,3,15,6,0,10,1,0,0,2,0,4,0,2,4,0,0,0,0,10,0,3,0,0,0,0,0
48,1,0,0,27,5,16,0,0,5,25,0,3,1,0,0,0,0,0,4,5,0,3,0,11,2,0,0,0,0,1,0
0,5,29,1,20,14,4,0,0,26,29,0,7,5,0,0,4,0,2,1,7,1,0,0,0,9,2,0,0,1,0,14
13,10,34,10,5,33,0,2,0,36,7,0,0,0,0,11,7,1,0,10,0,0,0,0,0,0,0,0,4,13,5,0
25,2,0,8,3,0,0,3,0,3,7,0,9,12,5,0,0,3,0,0,7,0,3,0,0,0,0,15,1,0,0,1
5,0,0,2,0,0,0,0,3,7,11,0,0,6,0,0,0,2,0,1,0,0,0,2,0,2,0,3,0,0,0,3
0,4,0,7,0,0,0,0,0,0,0,2,0,0,7,1,0,9,0,0,1,0,0,0,0,3,0,1,2,0,0,7
5,0,6,7,2,2,0,0,0,0,3,5,7,0,0,0,2,1,0,0,0,8,3,0,2,7,3,0,0,10,0,13
0,0,1,0,6,0,6,0,9,2,0,9,4,0,0,0,0,0,3,3,2,1,0,0,8,6,0,0,0,4,0,24
11,0,0,0,0,9,0,0,0,0,0,0,0,6,0,0,0,0,0,3,0,0,0,6,2,0,0,0,0,5,0,0
107,0,0,9,0,0,0,0,0,0,6,0,4,7,0,0,0,0,20,1,18,8,16,0,11,3,0,10,5,0,5,17
1,0,0,7,6,0,0,0,4,0,0,20,11,0,0,0,20,13,2,14,0,7,0,5,0,0,28,12,0,20,3,20
0,1,4,22,6,11,8,0,6,2,1,3,23,5,0,0,0,0,5,11,0,0,21,2,2,0,0,3,0,0,15,10
0,0,8,0,21,2,11,0,0,0,32,1,0,20,0,0,0,4,0,0,4,13,19,0,1,0,0,17,11,0,6,3
23,14,0,0,0,0,12,0,10,0,34,17,0,8,4,11,0,0,0,0,4,1,0,0,0,0,0,0,1,29,0,0
10,1,0,3,0,0,3,0,0,2,8,15,20,0,13,8,12,24,8,1,0,0,7,0,0,0,7,9,0,0,4,0
15,6,22,4,0,15,0,10,0,22,30,7,0,0,0,3,13,0,0,20,15,8,0,25,0,7,18,0,9,0,0,0
0,0,0,20,16,0,0,0,0,3,16,0,0,23,38,9,0,4,0,0,9,8,0,18,0,0,0,17,2,0,21,27
0,0,1,0,10,16,9,0,0,0,22,36,0,0,2,22,15,32,26,0,18,4,0,0,8,21,7,2,13,0,41,12
22,0,0,0,0,0,2,9,0,0,0,0,0,3,0,30,0,50,0,0,0,0,13,0,14,0,6,0,0,23,3,0
0,2,0,0,16,17,28,0,0,4,16,0,0,0,3,29,23,0,6,0,24,18,0,1,0,0,0,2,0,0,0,16
0,0,11,0,0,0,7,7,0,9,0,1,0,0,0,5,8,2,0,17,0,0,0,3,0,0,0,0,2,8,11,0
0,2,22,9,0,0,4,22,26,0,0,13,13,0,32,10,11,4,65,0,0,0,12,20,21,0,19,0,22,0,7,0
64,0,28,6,14,0,0,34,0,0,0,14,0,2,3,0,0,1,4,2,4,5,0,0,0,3,0,0,12,0,0,0
0,0,0,0,8,34,10,23,41,17,19,0,21,9,11,0,19,0,0,0,30,0,0,0,13,8,0,0,0,0,0,16
20,0,7,36,0,24,0,198,186,11,0,0,2,30,7,0,5,0,13,0,0,9,2,10,0,6,0,2,7,2,12,23
0,9,0,0,7,16,0,196,198,6,21,0,0,19,0,10,0,0,29,1,0,0,0,0,4,22,0,0,15,0,28,0
0,0,1,0,2,0,9,123,208,1,0,0,0,3,0,0,0,0,12,0,4,11,0,0,0,0,0,0,0,23,0,0
40,0,9,6,0,0,4,0,10,0,0,0,4,0,5,3,0,0,0,19,0,0,4,0,0,0,1,0,1,2,0,26
0,0,4,5,0,7,0,7,0,0,4,37,0,8,29,0,31,38,0,33,9,11,58,13,34,0,0,20,76,0,10,0
0,65,3,0,15,0,0,0,0,42,0,0,53,27,22,0,0,7,0,0,0,13,0,0,25,34,0,52,23,0,42,16
0,0,6,0,9,7,0,0,0,22,0,0,0,28,0,0,0,12,0,0,3,3,21,13,0,0,0,0,0,16,0,6
19,11,20,3,0,0,0,17,0,0,16,9,0,5,0,28,0,0,0,11,0,0,11,5,7,8,20,0,37,7,0,0
50,28,22,0,0,0,0,0,0,14,6,24,0,0,7,0,0,8,25,0,0,0,0,2,0,25,0,3,0,0,0,0
0,22,0,0,29,0,31,0,0,23,8,0,0,32,37,0,0,9,0,4,0,7,0,39,0,0,0,3,11,0,0,51
0,10,0,0,0,20,13,0,9,33,65,61,25,0,0,30,0,0,0,20,0,9,0,0,0,14,0,0,0,0,0,0
0,19,0,4,4,0,0,0,32,4,41,25,0,0,0,0,0,0,20,0,0,0,0,0,2,6,0,0,14,0,12,34
4,0,0,0,0,36,5,7,0,4,12,13,23,0,12,58,0,24,4,9,8,11,5,26,12,0,0,0,18,0,32,26
57,11,14,0,18,60,7,0,0,0,8,0,0,3,5,14,0,0,22,0,0,23,9,0,0,3,0,0,0,0,8,0
0,0,0,0,22,0,2,29,16,0,2,30,8,0,22,9,20,0,28,10,2,0,0,0,0,10,43,26,0,0,0,0
0,1,5,0,9,0,7,9,7,2,0,0,0,9,0,46,31,9,0,12,0,12,0,4,0,0,0,0,0,21,0,0
29,0,22,5,0,4,0,0,19,14,0,0,28,0,0,0,0,0,1,11,2,10,2,0,4,30,24,0,0,20,0,0
16,37,41,0,0,0,0,26,0,7,6,0,0,0,0,0,42,0,0,12,0,0,0,25,0,0,0,0,0,0,19,1
7,5,0,0,0,30,0,13,7,4,0,0,0,0,10,0,0,35,18,0,0,0,26,7,0,5,0,0,0,20,8,0
2,19,41,21,0,10,0,13,0,0,0,0,3,10,11,7,14,6,40,9,0,0,0,11,0,18,8,0,0,0,0,10
0,0,32,11,25,43,8,0,0,24,21,16,7,26,0,0,0,7,0,0,10,0,0,1,0,0,0,0,0,0,0,0
0,0,1,0,0,10,0,0,30,4,35,2,0,18,0,0,0,5,0,0,16,0,0,0,6,0,0,12,57,0,16,0
74,2,12,0,56,46,24,0,18,5,58,47,2,0,3,0,3,3,3,27,21,0,26,3,14,0,29,27,3,0,17,26
0,27,0,12,0,0,5,5,19,5,0,32,25,0,1,72,0,0,27,0,2,3,0,5,11,2,27,0,21,0,15,12
9,0,0,23,0,0,0,34,0,20,10,0,0,54,28,30,15,2,0,0,0,0,0,0,0,0,8,0,16,27,0,9
0,0,5,0,23,5,23,0,8,6,0,13,0,0,26,37,66,19,0,21,0,16,28,0,18,6,12,8,44,42,0,0
0,24,26,16,0,10,0,0,0,7,26,17,0,7,10,0,0,46,0,11,5,5,3,0,8,5,0,6,14,0,0,2
0,0,17,0,0,0,1,0,0,0,0,38,25,26,34,40,41,0,0,19,9,11,0,0,0,10,9,1,15,23,3,0
14,3,0,19,17,0,0,16,23,1,0,5,98,189,204,20,0,0,106,185,59,0,0,0,0,14,0,6,23,0,6,48
1,0,19,7,0,5,0,0,0,0,2,2,179,186,190,0,5,16,116,254,166,30,0,54,0,2,11,0,0,0,31,0
132,0,2,17,16,2,0,22,0,0,1,0,176,191,8,0,16,0,102,192,86,0,16,19,0,12,0,0,0,7,0,0
106,5,0,0,0,0,26,171,26,6,7,0,0,0,0,27,0,5,40,183,15,23,19,0,7,0,0,0,0,0,8,19
0,0,26,0,74,38,26,48,11,20,0,0,6,22,28,5,46,27,31,0,0,0,0,13,21,0,51,2,50,0,4,0
0,0,17,16,6,0,0,0,33,22,14,0,2,35,0,11,0,0,56,29,0,5,0,0,0,0,4,7,0,4,0,2
0,0,0,14,0,0,1,14,2,0,12,0,3,0,0,6,0,0,9,0,1,2,15,7,26,189,0,0,21,14,6,5
45,31,3,0,20,7,30,0,3,49,43,0,0,9,0,0,0,23,0,40,0,13,0,0,197,233,0,4,10,0,31,6
0,14,8,0,33,0,16,0,16,0,0,27,28,0,30,16,28,3,0,0,0,0,0,2,173,62,16,0,69,0,26,0
0,0,0,37,0,0,0,0,0,0,0,0,0,0,0,0,0,32,8,0,0,39,20,13,18,12,0,61,66,0,0,0
95,0,0,11,5,0,8,48,0,0,27,38,12,0,0,0,26,15,40,6,0,13,0,41,82,29,84,0,19,0,0,0
48,0,0,2,0,10,4,0,0,0,0,25,0,0,0,0,0,0,0,0,0,10,12,5,23,7,0,0,30,3,0,2
6,0,20,11,7,0,0,28,0,0,6,12,0,0,24,0,27,2,33,0,34,2,22,0,12,0,0,16,0,0,4,34
39,7,48,0,56,6,0,21,29,0,59,43,10,0,29,13,0,15,20,0,9,0,3,0,10,0,0,12,0,0,18,0
0,11,0,0,16,86,0,34,0,27,9,50,20,0,14,0,0,0,9,3,2,0,0,0,2,0,0,0,0,0,0,1
0,0,24,0,2,0,0,0,19,8,38,0,7,35,3,0,12,0,0,25,7,0,0,0,11,0,41,25,0,0,20,0
67,26,0,23,31,0,19,19,4,0,26,7,0,0,6,0,39,39,49,0,0,0,0,3,0,46,7,18,2,15,0,0
0,5,28,21,17,0,9,0,0,1,0,0,7,0,10,0,0,0,0,0,0,0,0,0,0,11,19,0,0,0,0,57
0,0,0,0,18,0,12,27,0,12,0,14,0,12,0,5,8,2,41,12,0,0,0,0,0,36,0,0,0,9,35,5
5,0,3,14,0,0,31,20,0,11,0,23,5,1,31,0,0,0,0,0,0,0,0,0,9,12,17,0,9,0,0,0
23,0,0,23,0,0,37,0,27,0,0,22,29,0,19,7,12,16,18,0,14,10,0,0,0,0,2,0,19,6,0,1
76,12,9,0,2,6,0,0,5,7,0,5,13,0,6,0,0,6,0,0,0,0,1,0,1,0,0,2,0,0,7,13
0,0,0,20,0,12,0,0,9,9,0,0,0,0,0,0,0,2,6,3,0,0,9,0,5,0,16,0,0,4,0,0
8,0,0,11,1,0,4,0,0,0,15,0,0,17,0,3,0,7,3,0,0,6,0,3,0,6,0,0,7,0,1,23
15,0,1,0,0,1,2,0,13,4,0,12,18,0,5,0,5,9,0,0,0,1,9,1,0,3,0,3,9,0,14,4
2,0,7,0,2,0,3,0,3,0,10,36,0,0,5,19,7,0,6,2,2,0,5,7,5,9,0,0,10,0,20,18
0,1,0,4,0,6,10,0,0,0,38,43,0,3,1,0,6,4,2,0,0,5,0,2,0,0,0,0,8,0,0,16
42,4,7,0,0,11,2,11,0,23,27,0,1,0,1,0,0,0,0,0,0,0,0,3,0,9,9,8,0,0,0,14
14,0,10,0,11,0,0,6,0,19,38,13,6,0,0,16,0,0,0,0,2,4,11,0,2,11,8,0,0,0,0,0
0,4,0,0,0,0,0,19,0,7,37,6,7,4,10,41,11,26,3,6,10,0,0,11,4,6,16,0,10,0,12,3
0,0,0,0,0,9,3,0,0,4,0,2,0,2,0,0,0,35,0,0,0,6,0,1,0,1,0,1,0,0,8,0
0,3,2,12,0,6,17,0,14,0,0,0,0,5,0,19,39,13,0,7,0,6,0,7,2,0,0,3,0,0,15,12
99,3,10,18,5,8,5,1,0,0,0,7,0,0,17,1,3,2,0,5,57,0,0,6,0,0,0,0,0,4,11,0
117,0,0,8,11,0,10,0,6,0,23,15,0,22,31,0,0,4,86,32,53,2,2,0,4,2,4,6,0,4,3,0
0,1,10,0,1,0,5,0,4,0,0,0,0,23,0,2,0,0,19,4,12,0,5,2,0,23,13,1,12,0,2,0
96,10,0,0,0,0,0,7,2,0,0,11,0,19,7,0,0,0,6,43,23,7,28,0,17,0,11,1,0,0,12,14
0,0,0,4,10,0,4,9,21,0,0,10,0,0,0,0,0,1,0,1,3,0,0,0,0,0,0,7,0,1,0,0
0,0,3,1,15,3,1,0,4,7,0,0,3,5,7,4,7,1,0,0,0,0,0,10,14,0,13,0,6,0,0,9
0,6,0,7,0,0,10,21,6,0,0,0,0,0,0,1,0,0,0,0,8,4,1,0,24,0,8,4,15,0,10,1
94,0,2,0,1,0,0,5,0,4,0,0,0,0,0,0,6,0,0,0,0,0,0,0,13,0,12,0,0,0,0,0
78,0,0,1,7,0,4,0,0,0,0,3,2,18,1,11,0,0,0,3,0,16,1,9,11,28,10,9,14,0,4,0
47,6,14,0,4,6,0,0,0,0,0,10,0,0,9,19,0,0,2,0,6,6,0,0,5,3,9,47,8,0,14,0
76,0,0,4,0,0,0,6,0,0,0,0,0,0,0,9,1,0,2,0,0,7,3,0,0,8,42,0,0,0,10,0
63,0,0,0,2,4,5,0,0,0,0,0,0,0,16,4,3,11,0,0,0,0,0,0,37,5,2,0,0,13,10,0
41,0,16,7,44,6,9,2,0,0,20,4,0,0,0,7,8,0,4,0,0,1,0,0,10,6,6,0,0,3,10,0
0,3,15,13,17,13,2,10,0,17,24,5,7,0,0,18,0,0,0,2,0,0,0,5,0,0,0,0,0,11,0,0
0,0,33,5,0,17,0,0,0,27,7,6,0,0,0,0,0,4,0,0,0,0,0,0,1,5,7,4,0,0,0,0
21,0,1,14,0,0,1,0,0,3,5,3,0,1,4,0,2,0,7,6,0,7,0,0,1,0,2,0,2,0,0,0
13,0,0,0,0,0,0,0,0,0,0,0,0,0,5,8,7,0,0,2,0,0,11,0,3,0,0,0,14,4,0,10
9,0,0,7,9,0,0,4,0,0,0,1,0,0,7,0,0,0,6,0,1,0,0,0,0,4,5,6,0,7,4,6
0,0,0,2,0,0,0,0,0,6,4,0,8,0,0,0,0,1,0,4,0,0,8,6,0,0,0,0,0,1,0,0
6,0,0,0,0,9,0,0,0,1,0,6,3,1,1,4,4,3,5,5,0,1,6,2,0,0,3,0,0,0,2,10
0,0,4,0,0,1,0,0,6,1,0,0,0,0,8,2,0,3,0,6,4,0,0,5,0,5,0,0,4,5,0,0
77,0,0,0,0,0,0,0,0,0,11,0,0,1,0,1,0,0,18,13,11,0,2,0,0,4,0,0,0,6,0,6
0,0,0,0,3,3,0,0,2,17,5,0,0,0,0,0,0,0,0,2,14,9,2,0,0,0,0,5,0,0,0,0
0,6,0,0,0,0,0,11,0,0,0,1,16,12,0,8,10,0,0,0,0,0,0,2,0,9,0,0,0,0,0,8
0,0,11,1,0,15,0,6,12,8,0,12,7,11,7,0,5,5,8,0,7,4,8,6,0,0,3,16,4,0,0,1
15,23,0,16,3,27,6,0,9,14,37,33,16,0,15,0,1,0,0,0,8,0,17,0,12,0,0,0,0,0,1,13
19,4,0,0,0,0,0,0,12,1,30,43,0,0,0,0,0,0,2,19,0,0,1,0,14,0,0,6,11,0,0,3
50,0,1,10,26,30,0,0,0,19,16,0,13,0,7,0,0,0,18,28,0,0,0,1,3,6,0,0,9,14,0,21
4,10,0,0,0,4,0,7,0,21,12,0,0,44,50,2,5,0,0,11,0,0,4,5,0,12,16,0,16,7,0,0
0,0,27,0,9,10,3,21,6,29,11,0,0,16,3,35,8,7,0,13,0,0,0,20,0,0,0,0,5,28,2,0
0,4,0,0,0,0,2,9,16,0,14,0,10,15,3,25,0,35,8,0,0,4,11,16,0,0,2,1,0,0,8,0
0,1,0,0,27,0,3,0,6,0,1,0,0,2,5,5,9,0,0,6,0,1,4,0,4,0,0,7,0,8,4,0
118,0,13,6,5,0,186,187,160,5,1,7,2,0,0,9,0,0,7,2,33,0,1,5,0,0,4,0,15,0,0,0
0,0,28,0,24,19,200,189,193,0,0,7,10,0,3,17,0,0,65,0,0,10,11,14,7,0,21,0,7,9,0,0
75,24,0,14,0,0,6,94,113,0,0,17,0,4,0,0,0,4,23,3,5,2,12,5,0,0,3,19,5,0,18,0
119,0,9,25,0,7,2,0,17,0,0,0,25,0,0,0,2,9,0,18,4,2,0,8,0,0,23,2,2,0,22,20
0,14,1,0,40,0,0,0,0,0,0,35,4,0,5,24,0,1,0,9,7,3,0,0,5,9,0,16,8,7,0,0
0,0,0,16,0,0,0,0,0,0,0,0,0,4,24,0,12,0,49,11,1,2,0,0,16,0,0,0,0,4,0,0
80,0,16,16,0,0,0,19,3,0,12,17,31,8,8,2,0,0,3,8,0,4,2,0,7,16,11,0,2,5,0,14
53,26,7,0,11,2,0,4,9,5,3,0,0,8,8,0,0,5,6,0,0,0,0,2,0,1,4,5,0,0,5,0
105,13,20,0,10,2,0,0,0,25,5,0,0,0,0,3,10,0,13,20,0,0,0,14,3,7,0,0,38,0,13,1
57,0,0,1,13,3,2,0,0,2,8,26,2,0,0,0,6,2,21,0,0,0,0,18,0,12,18,5,70,14,17,0
70,0,19,5,28,0,26,0,5,0,0,25,0,0,15,31,12,0,4,5,0,0,13,15,1,0,44,0,0,16,0,0
52,0,0,0,0,4,0,0,0,0,54,0,23,1,0,0,0,0,0,3,4,0,10,0,19,3,27,6,0,0,21,2
34,5,0,0,43,0,26,0,0,12,18,0,0,4,7,8,0,4,0,2,4,0,8,0,15,0,20,0,4,0,0,0
0,26,30,23,10,12,1,0,0,31,13,32,0,0,0,0,0,35,4,0,0,0,21,16,19,0,0,21,28,0,0,34
0,0,0,20,8,0,0,0,0,0,24,75,30,0,0,22,18,0,0,25,0,0,0,22,0,23,9,0,0,5,0,17
0,1,19,0,8,33,11,11,0,18,0,0,8,3,0,0,0,15,0,20,0,25,0,6,13,0,19,0,0,0,2,13
26,10,0,0,23,32,0,5,16,14,0,23,2,13,10,17,0,0,3,0,13,0,0,0,0,22,23,0,1,21,3,0
48,0,10,17,0,0,0,0,0,5,1,0,0,25,0,0,5,0,6,11,17,0,0,0,1,0,12,4,15,0,0,0
43,0,11,14,0,0,0,18,0,0,9,8,0,0,0,0,3,0,0,10,0,0,10,0,3,0,0,0,32,15,12,0
0,14,0,0,0,0,0,10,0,6,0,0,2,0,0,0,0,17,0,0,0,0,0,0,0,14,0,0,6,0,0,0
16,0,15,7,0,0,5,31,11,0,19,14,0,7,0,0,0,0,12,11,0,0,0,13,19,18,0,0,0,0,14,0
100,5,24,12,20,0,34,0,0,3,0,0,22,19,0,18,0,0,0,0,0,0,5,0,22,0,0,33,26,0,24,0
53,3,0,28,0,3,4,10,4,0,0,0,0,19,0,7,2,0,2,21,16,1,0,0,10,0,0,21,21,17,0,0
0,0,0,14,20,6,3,0,0,29,40,0,28,10,16,0,0,0,0,0,15,20,13,0,0,7,4,43,26,0,0,8
7,37,35,14,0,6,22,0,0,0,0,19,0,5,0,5,0,18,15,0,0,30,0,0,2,13,15,4,21,0,12,0
0,2,5,0,13,0,0,9,14,0,0,12,35,0,0,0,15,0,0,0,4,1,0,0,18,4,0,5,0,0,7,0
0,0,0,23,0,0,0,0,0,12,60,15,22,26,18,17,12,0,3,21,0,0,7,4,0,0,38,0,44,21,0,0
0,10,0,0,29,44,3,0,0,6,0,44,0,98,60,0,0,0,4,20,0,54,44,12,22,50,0,0,13,0,14,73
0,14,0,0,3,0,0,8,2,26,0,16,95,187,190,0,0,16,27,196,39,0,0,8,0,3,0,6,0,0,14,1
0,13,7,26,5,33,0,9,7,8,0,2,122,189,193,8,2,8,158,198,196,0,21,13,2,1,16,0,0,32,1,24
24,0,0,0,24,0,0,0,0,0,0,0,0,191,173,12,0,0,33,197,197,0,34,0,8,7,0,0,6,0,13,0
0,0,0,0,5,17,19,0,28,0,0,37,0,0,0,23,0,20,0,38,24,6,0,6,0,43,26,8,0,18,10,63
0,23,0,0,0,10,193,197,2,8,33,0,11,24,17,7,22,23,58,0,25,0,24,4,9,9,24,0,33,0,29,0
0,0,0,19,0,36,12,79,80,0,27,12,0,42,0,26,11,0,1,6,0,13,21,2,0,0,27,0,8,0,0,26
113,33,55,69,0,19,0,0,0,0,1,0,17,0,0,0,0,9,0,0,12,4,45,0,19,12,155,17,0,3,0,0
0,0,38,0,9,0,0,37,0,0,0,23,0,15,0,0,1,5,6,19,0,0,0,0,0,5,197,189,39,8,0,0
74,0,0,0,0,30,0,0,8,23,51,0,22,0,0,0,0,11,0,0,19,10,10,0,0,0,153,99,0,0,0,0
0,23,0,20,3,20,0,4,0,0,20,7,29,0,21,0,5,0,44,23,0,13,0,0,2,7,21,2,28,43,25,0
74,32,34,0,0,0,0,0,0,0,0,5,18,0,0,1,28,0,22,8,14,0,0,0,20,0,9,5,23,4,0,0
40,0,0,49,15,0,31,39,31,17,0,0,0,8,1,0,0,13,0,22,0,0,21,0,20,0,10,19,0,32,0,0
72,0,0,51,0,0,39,27,4,3,0,3,0,0,0,25,0,0,0,0,17,0,0,0,0,30,0,0,0,0,0,21
33,0,13,26,0,0,0,1,6,0,0,8,7,12,8,0,21,6,28,12,7,6,10,2,5,0,0,46,30,0,0,37
144,9,12,24,0,0,0,25,0,0,0,21,2,0,0,0,0,28,64,36,9,0,6,15,28,14,67,19,52,0,0,2
0,0,0,37,30,0,0,0,0,0,36,34,0,11,35,0,20,2,0,4,0,0,0,0,27,5,13,0,0,1,6,18
20,0,16,12,67,0,18,17,26,0,0,0,27,33,0,0,0,0,0,0,0,3,0,35,0,0,14,0,0,24,0,0
0,0,3,0,25,23,5,22,0,19,67,10,0,10,17,5,0,0,0,14,0,5,24,0,6,0,0,13,19,0,0,0
30,14,0,22,21,64,14,0,0,0,12,23,3,13,0,31,20,35,0,5,0,0,0,29,0,5,10,0,0,0,22,16
0,2,26,0,0,0,16,31,0,0,9,31,1,4,24,30,0,0,2,21,10,13,7,6,2,24,0,0,3,25,0,32
3,21,0,0,0,17,0,0,9,0,1,1,47,0,2,28,2,0,0,0,5,27,17,13,0,60,0,0,0,3,0,25
47,0,0,32,0,0,0,0,4,0,0,0,1,0,8,48,0,0,0,11,0,1,0,0,0,2,14,35,0,0,8,0
24,15,17,0,22,0,0,0,0,0,1,0,0,12,0,0,18,0,5,24,0,4,8,0,0,0,2,0,16,0,0,14
0,21,3,3,19,0,11,5,24,0,0,18,4,0,15,0,0,0,0,0,0,0,0,0,5,13,31,0,13,0,0,19
52,1,0,0,31,8,20,7,0,16,29,0,9,20,8,0,0,4,30,0,2,1,0,0,0,0,0,2,0,23,0,36
119,0,26,13,16,0,24,0,7,0,0,0,16,30,0,0,0,0,15,8,0,18,11,7,0,0,0,6,0,0,0,0
0,23,35,0,0,3,5,0,13,14,11,0,0,2,0,4,0,0,4,0,7,7,5,10,0,0,2,19,0,0,10,24
0,3,0,21,0,1,0,0,18,0,10,0,0,15,18,8,0,7,0,18,23,2,28,0,8,4,0,16,11,0,4,0
0,0,20,0,23,0,23,16,12,0,2,0,0,5,0,0,0,20,0,0,0,0,0,0,13,10,0,0,21,9,35,19
38,1,0,0,6,8,0,0,0,0,17,36,1,0,16,0,19,4,0,0,0,21,25,24,5,1,8,0,14,0,0,0
0,0,0,0,0,3,0,3,5,4,9,39,0,21,0,11,0,5,0,0,0,0,0,0,0,0,0,0,0,0,0,0
74,0,11,18,0,28,0,0,0,2,12,13,12,0,1,1,22,2,11,11,71,1,3,0,0,0,8,0,2,0,9,0
0,0,0,0,0,1,0,2,0,29,16,47,1,2,0,0,0,0,8,11,25,6,0,5,11,5,0,0,3,17,0,0
109,0,27,9,0,0,0,10,0,28,0,0,25,43,12,42,0,0,7,69,58,8,0,0,12,0,22,0,7,3,4,22
24,0,42,12,26,9,0,19,11,9,0,5,0,11,1,25,26,8,18,4,15,23,0,0,0,9,0,2,0,0,0,0
0,8,0,28,0,0,30,13,19,0,14,0,0,16,2,15,37,0,19,18,20,13,0,10,9,0,30,0,7,0,2,6
70,0,2,11,0,0,1,0,0,0,18,3,0,1,0,17,7,5,0,0,0,0,1,4,0,17,0,0,0,1,9,0
71,6,0,0,0,0,11,4,14,3,0,14,0,15,3,0,15,0,59,7,0,0,0,14,7,0,0,0,9,29,0,5
91,0,0,0,0,0,0,0,0,0,0,20,0,0,5,22,0,6,17,0,0,0,0,3,0,6,48,9,4,4,0,36
129,9,2,0,0,0,5,28,6,0,20,0,3,0,10,2,6,0,2,0,0,5,22,7,16,0,16,0,0,15,0,18
0,0,0,2,0,0,0,0,0,0,8,0,0,0,5,1,0,0,14,0,23,2,9,9,0,0,8,11,11,5,7,0
0,21,0,1,16,0,15,16,0,0,3,0,5,0,0,3,13,2,27,7,7,4,0,0,0,11,1,3,0,2,9,0
50,0,0,2,0,0,0,1,0,0,0,0,2,4,0,0,0,0,14,0,10,10,11,0,0,0,0,3,0,3,0,13
0,12,0,0,0,8,5,9,10,13,8,2,0,0,0,6,0,0,5,3,3,0,3,0,0,0,0,0,14,0,3,0
79,0,14,4,2,6,0,5,2,0,5,0,0,0,0,0,0,6,0,0,0,7,0,0,2,0,17,9,11,8,0,0
109,0,4,7,5,0,0,0,0,3,0,6,1,0,5,0,0,0,14,11,0,0,0,0,0,33,0,33,61,0,0,6
103,0,0,2,3,14,1,0,0,0,13,0,0,5,6,0,0,6,6,0,0,3,3,13,9,18,37,3,4,0,0,4
0,10,0,0,0,0,0,0,0,0,12,0,0,6,6,11,0,2,3,0,0,5,0,3,23,0,0,0,1,0,11,0
46,6,2,3,53,3,30,0,2,3,18,0,0,0,0,0,4,0,0,4,0,9,4,0,5,0,0,0,2,6,7,0
0,0,27,16,20,19,7,0,0,25,5,25,0,0,3,0,0,0,1,6,0,0,8,4,0,7,0,0,2,10,0,0
21,13,27,0,10,56,0,0,3,27,0,16,0,4,0,0,2,8,0,8,1,0,6,5,0,0,26,6,0,0,0,4
0,0,0,9,0,13,2,0,0,0,1,0,0,0,0,0,2,4,6,0,0,8,0,0,0,0,4,0,0,0,0,5
19,1,0,5,3,6,0,2,12,0,0,0,2,0,1,0,0,1,1,0,0,5,4,0,2,0,4,0,0,1,0,0
3,0,14,0,0,0,0,5,2,0,0,2,0,5,0,1,0,0,0,2,14,4,5,0,0,0,7,0,0,0,0,0
0,10,0,0,0,1,0,0,6,0,0,12,0,0,0,6,0,0,7,0,8,0,0,4,1,12,7,0,4,0,1,0
1,4,15,8,7,0,0,6,0,0,0,1,0,0,0,0,0,0,0,0,0,0,0,0,0,0,4,0,5,0,0,0
0,9,6,2,1,9,4,2,1,6,4,0,0,0,0,5,2,5,0,3,0,3,0,0,0,7,0,3,0,4,1,2
75,0,5,0,17,0,6,13,7,0,12,0,0,5,17,0,6,6,0,2,0,2,0,0,0,0,10,0,5,21,0,0
4,0,6,2,0,0,0,0,2,2,0,3,2,0,0,13,0,0,0,0,0,0,0,1,0,12,0,0,5,0,0,0
0,2,5,0,0,4,6,0,0,0,0,8,1,7,6,14,0,8,0,1,0,26,4,8,2,0,0,14,11,0,0,4
0,0,3,1,0,6,0,3,0,0,11,0,0,9,21,1,7,0,0,1,0,0,16,0,3,2,1,0,12,0,0,13
0,1,0,0,6,0,2,2,4,0,35,34,6,0,7,0,1,1,3,2,0,0,0,0,0,10,0,0,4,2,8,9
0,0,0,10,4,0,0,0,0,8,28,41,0,9,0,0,0,0,0,0,0,0,0,13,8,0,3,0,0,3,0,0
56,9,2,5,0,10,0,21,0,0,19,4,16,4,4,0,0,0,2,2,49,0,5,0,0,3,0,8,0,8,1,1
26,0,2,8,3,0,2,16,3,41,21,53,0,0,48,0,0,2,5,1,29,4,0,0,0,0,2,16,0,0,0,16
0,0,9,0,2,14,1,15,0,0,25,0,16,8,7,24,0,10,1,6,0,0,5,0,0,0,12,0,7,0,0,18
0,17,5,0,0,0,2,0,13,22,2,0,8,13,0,0,8,13,19,0,8,27,0,11,3,0,34,2,33,0,20,0
0,14,0,0,0,15,3,0,1,5,0,0,0,0,11,5,30,0,8,3,26,8,4,8,1,0,0,1,0,0,12,3
114,0,0,3,0,0,0,2,0,0,0,0,0,0,0,10,11,0,1,1,0,12,10,5,0,4,0,6,4,3,4,0
0,32,0,0,3,0,0,10,0,0,60,19,0,0,0,10,10,0,50,13,7,0,0,0,0,6,0,0,0,7,14,13
0,4,0,13,0,0,2,21,7,0,186,44,0,0,0,0,0,0,0,0,5,0,16,0,29,0,21,0,21,24,5,0
0,0,12,2,33,1,15,8,0,5,0,0,0,5,11,0,0,6,10,4,2,12,8,3,1,3,23,0,2,4,12,0
110,16,25,0,0,3,0,0,50,20,21,17,10,0,1,2,0,6,0,0,0,0,0,0,0,0,7,7,0,0,14,0
0,1,0,0,3,0,2,22,5,0,23,17,0,0,4,0,0,0,2,2,0,2,0,5,21,0,0,0,10,9,0,0
22,12,0,0,16,34,19,0,16,16,21,0,12,2,8,0,0,16,7,0,9,13,23,0,19,9,0,12,0,0,0,33
81,0,13,16,0,0,6,7,0,0,0,11,0,0,0,19,0,0,0,5,7,15,0,0,4,0,7,0,0,13,0,12
80,0,15,6,0,0,14,13,21,0,2,4,3,39,0,23,0,0,0,51,0,22,0,18,9,0,0,3,8,7,16,0
0,36,0,0,0,0,0,2,0,7,23,3,0,0,20,0,52,18,9,0,0,0,0,6,0,3,0,76,31,0,0,14
119,8,0,2,0,19,0,0,0,0,13,29,8,0,0,21,0,0,19,0,30,10,27,24,1,19,58,0,0,1,7,39
0,0,0,23,0,0,0,0,0,0,10,0,0,0,4,0,0,5,0,0,0,4,0,0,8,0,5,0,0,0,5,0
0,23,45,0,62,0,10,0,3,0,35,0,0,4,0,0,0,9,0,7,3,0,0,0,0,0,0,0,12,19,0,0
0,14,23,0,29,0,0,3,0,51,24,0,13,0,0,0,26,9,0,4,4,24,35,0,35,14,0,0,33,0,0,35
0,14,16,0,42,46,2,41,10,0,31,56,0,12,0,0,27,0,9,5,14,3,13,13,15,3,46,0,0,0,0,6
27,0,31,6,0,0,0,17,10,0,0,0,0,0,0,19,0,14,0,12,3,0,0,0,2,7,0,0,0,0,0,0
26,0,0,14,0,8,0,2,30,0,2,17,25,7,1,3,0,0,0,0,0,0,0,0,0,1,28,11,0,8,27,5
5,0,14,4,0,0,0,19,0,0,30,1,1,0,3,0,5,8,0,0,0,4,0,11,27,8,0,0,21,13,9,0
0,1,41,11,14,0,12,40,0,0,0,32,0,17,2,0,3,0,18,11,0,5,0,0,0,0,30,19,8,2,0,0
15,5,12,6,22,0,13,0,10,0,0,10,8,0,0,14,0,0,0,0,1,3,20,0,30,0,3,8,0,7,0,0
22,0,9,17,0,1,0,0,0,0,5,0,5,24,20,12,0,7,13,17,0,0,31,0,21,0,0,0,12,0,0,3
82,0,0,20,0,0,0,32,0,0,21,41,0,0,0,0,0,3,0,0,2,0,14,3,20,17,20,19,16,16,1,0
13,0,15,12,0,0,1,0,4,6,0,20,2,0,10,5,9,18,25,0,0,0,16,22,10,7,0,41,0,17,16,11
25,0,0,12,0,4,11,0,0,24,0,31,0,17,1,0,28,41,0,0,13,24,16,0,0,0,10,6,21,6,0,9
0,10,0,17,0,8,0,28,33,2,0,0,9,0,0,0,41,37,0,27,27,0,0,24,0,0,0,41,14,0,0,13
0,0,0,16,8,0,11,23,0,8,8,0,0,0,0,20,0,0,0,0,28,27,0,0,0,13,0,0,0,42,0,0
37,41,0,3,41,0,0,0,0,0,49,45,0,23,0,15,7,26,29,0,0,2,23,13,0,15,0,0,0,9,0,3
2,0,0,0,0,0,0,0,0,63,0,16,0,0,0,18,0,26,0,0,10,0,48,33,0,0,0,0,0,0,31,0
47,16,13,0,0,0,19,3,0,11,12,27,0,0,0,0,0,19,14,0,10,0,1,0,9,8,0,0,0,0,25,21
59,0,0,46,3,3,0,0,0,12,0,0,47,39,23,27,0,0,0,0,0,19,1,42,3,0,0,13,0,0,0,0
84,0,22,0,27,19,29,12,0,1,0,6,3,0,39,0,21,16,25,13,1,35,0,0,0,7,6,0,8,38,6,0
51,12,12,17,57,12,0,3,5,0,8,0,5,12,4,12,191,196,0,0,0,44,0,0,33,5,0,0,0,34,0,0
60,24,12,0,11,19,12,0,12,10,38,59,0,53,9,106,190,195,26,0,95,115,232,23,0,16,0,17,0,7,26,0
103,26,0,38,1,0,29,51,0,0,67,125,13,22,22,240,188,193,0,27,161,194,131,0,0,0,34,10,38,0,0,0
108,3,0,23,1,19,11,0,0,3,6,208,0,0,0,19,112,153,9,6,148,26,133,0,7,23,0,10,9,0,35,19
42,44,12,21,31,0,0,3,6,1,51,0,0,14,21,0,0,9,0,1,7,68,18,7,0,1,34,0,0,12,1,0
52,0,0,31,0,9,18,0,0,0,60,0,10,8,1,0,38,16,11,29,0,6,12,0,0,8,0,0,0,2,10,26
0,0,19,0,43,12,32,6,5,0,0,37,5,7,12,0,0,7,33,0,13,0,11,35,35,0,19,15,0,0,0,22
0,0,10,24,35,0,13,0,0,0,0,0,22,5,16,2,44,0,26,21,0,7,0,0,0,0,0,0,23,0,19,21
0,0,0,0,0,3,0,15,0,9,8,0,0,0,0,8,0,5,0,0,4,19,15,2,0,0,0,7,6,0,0,0
0,20,32,17,22,0,0,21,0,0,0,11,10,23,11,21,24,0,10,26,1,36,0,0,0,19,29,0,66,0,7,0
13,32,26,0,0,24,0,0,0,0,0,18,1,0,26,26,0,29,0,0,0,0,4,27,42,0,0,52,0,0,21,0
55,0,3,6,0,50,36,19,0,7,0,12,0,9,0,0,2,0,0,0,0,9,0,18,0,0,33,27,0,18,16,0
0,4,0,0,34,27,29,0,0,8,0,0,0,0,2,8,8,0,9,0,0,0,0,19,0,9,16,16,20,0,45,1
35,22,13,0,60,23,17,15,6,4,0,4,11,0,8,19,9,6,0,20,0,1,5,0,0,0,16,0,27,4,10,0
0,28,0,0,0,29,0,2,0,29,32,2,3,14,0,0,0,36,0,0,0,0,16,18,1,3,5,26,8,0,0,0
0,0,49,30,23,0,35,0,12,20,56,7,0,0,0,1,11,0,0,26,0,0,0,0,2,2,0,0,0,1,0,21
0,0,8,41,0,0,8,67,0,0,38,0,8,13,0,20,10,0,45,0,0,0,0,0,0,20,0,9,0,31,11,0
36,0,2,42,0,0,0,12,25,22,0,17,1,40,0,2,0,0,8,0,18,0,14,0,0,0,11,20,0,6,18,36
92,0,2,0,26,0,2,0,77,0,10,0,0,0,0,0,16,0,33,4,0,26,0,0,0,25,0,0,7,2,13,0
0,0,0,0,0,26,0,0,31,22,0,0,0,6,0,0,13,18,16,0,19,18,2,3,7,0,0,38,0,21,21,0
66,0,18,8,1,0,17,0,3,0,0,12,5,0,35,0,1,0,6,0,0,0,24,0,0,18,0,17,0,17,0,8
0,0,8,11,13,2,0,0,9,0,2,5,5,26,0,15,13,0,0,0,2,4,0,5,0,16,18,4,0,0,0,14
90,0,8,16,7,0,0,0,5,0,13,6,0,0,0,0,0,0,8,0,0,0,0,0,0,0,0,9,0,2,4,24
28,18,2,22,0,0,12,19,0,18,8,0,6,0,0,0,0,0,0,0,3,0,22,0,0,0,7,45,5,0,7,0
0,7,29,8,7,0,0,22,0,0,0,27,0,0,31,9,0,0,0,0,0,3,12,23,0,0,0,0,5,19,0,0
0,16,34,14,0,0,0,0,0,0,0,0,33,2,1,0,0,0,0,18,0,5,0,16,0,0,14,0,0,0,0,0
0,0,0,24,5,0,13,12,16,11,0,47,0,0,0,7,0,0,0,0,0,0,35,0,19,15,13,0,0,11,0,13
0,0,13,0,0,0,7,0,13,4,6,81,4,10,2,15,0,0,0,9,0,2,6,6,16,12,0,17,10,26,0,0
0,0,0,8,7,0,0,23,2,5,5,3,3,0,27,31,0,0,31,0,13,0,22,4,14,7,0,0,0,11,21,0
51,0,36,0,0,24,0,0,9,65,33,7,14,32,28,0,0,0,0,0,0,0,0,26,20,0,3,3,0,2,0,22
64,13,0,0,0,0,0,7,1,32,7,0,20,0,0,32,2,6,6,0,0,0,6,17,4,0,0,3,0,3,7,6
0,17,0,6,13,0,34,6,0,5,0,25,2,0,0,14,0,0,11,0,0,25,6,3,2,14,0,0,14,0,18,0
0,0,13,0,3,0,10,27,9,0,1,6,14,9,0,26,56,0,0,3,0,4,6,0,0,22,22,0,11,6,0,0
0,2,8,0,0,0,0,0,0,0,17,0,19,0,0,28,22,0,13,0,20,32,10,1,0,10,0,3,0,0,7,16
105,21,0,0,0,0,0,0,0,2,5,40,0,0,0,105,8,13,35,0,3,0,0,0,0,0,0,0,19,0,0,15
0,3,0,0,0,2,1,1,10,3,6,0,0,0,0,0,52,0,9,0,42,6,61,0,0,24,0,5,0,0,9,0
112,0,15,0,10,0,0,0,0,1,8,0,4,6,0,0,5,0,0,2,0,20,25,3,0,0,21,0,4,3,0,14
0,0,17,4,22,0,0,0,0,8,15,0,11,4,10,0,1,0,0,0,0,0,11,7,0,0,0,0,0,11,0,0
75,1,0,0,14,13,9,0,0,0,9,0,19,8,11,4,6,0,4,7,6,0,0,0,0,0,11,0,7,10,0,14
0,0,0,4,0,0,21,0,0,11,0,0,0,0,1,0,2,0,0,3,0,0,0,1,7,0,15,3,1,6,0,0
0,0,3,0,0,0,0,3,2,8,0,0,13,21,0,0,1,0,0,11,0,0,1,0,0,0,12,0,14,5,0,16
42,6,2,0,0,5,4,0,0,11,0,0,13,5,6,0,3,5,0,0,1,12,0,4,8,0,0,1,50,6,0,2
102,0,6,10,19,0,1,3,8,0,0,27,0,0,0,4,0,0,0,7,0,0,0,0,9,29,4,20,38,0,0,7
113,11,0,5,0,3,0,0,0,0,0,0,10,18,0,6,12,5,2,0,2,0,12,7,0,2,0,4,0,0,14,0
73,0,0,4,0,3,14,6,11,1,16,14,0,0,0,0,0,0,1,0,4,0,0,2,0,8,5,0,0,0,0,0
37,1,5,1,51,0,33,4,4,0,29,0,0,3,3,13,6,0,9,10,0,0,0,0,0,0,0,4,2,9,0,0
0,8,8,0,28,29,0,0,0,38,34,5,6,2,5,0,0,4,1,0,5,0,11,3,12,0,0,2,0,0,0,0
3,6,14,6,16,30,0,14,2,32,39,16,0,0,6,4,0,2,0,13,0,0,0,0,8,4,0,0,0,0,6,0
0,9,9,14,0,3,0,1,0,0,0,7,0,0,3,0,0,0,0,0,0,0,0,3,0,9,12,0,5,0,3,5
0,0,2,8,0,0,7,0,4,0,4,10,0,0,10,0,0,0,0,0,0,0,0,4,1,0,3,2,1,0,0,0
0,7,3,5,0,4,0,12,0,0,0,1,0,0,0,1,0,0,3,7,3,4,6,0,0,2,0,1,0,2,5,0
1,4,10,3,3,0,0,1,10,0,0,5,5,0,3,1,0,3,4,0,0,0,0,1,6,0,0,4,0,5,0,0
0,2,0,5,8,0,6,0,2,0,0,0,15,0,0,6,2,0,0,8,0,0,0,6,0,2,0,1,11,0,0,0
0,1,0,0,2,7,0,0,0,0,0,0,0,0,0,0,0,4,0,1,0,6,4,0,0,5,0,0,0,0,8,0
70,0,0,2,4,6,0,24,12,0,0,12,12,0,2,0,3,0,0,2,0,0,18,0,0,0,0,5,4,0,0,0
12,0,4,12,3,6,23,2,0,9,0,0,6,0,5,1,11,0,6,0,2,0,0,5,0,12,14,0,10,16,0,4
0,0,0,0,0,0,1,0,0,0,0,0,13,0,0,4,13,0,0,0,5,0,1,4,3,11,0,12,4,0,5,15
0,8,8,11,4,21,11,0,0,0,10,2,5,0,0,0,0,0,20,6,0,0,0,0,1,0,0,0,0,0,0,0
18,0,0,0,0,1,0,11,0,5,31,26,0,7,2,4,7,9,0,0,9,0,0,0,0,11,6,0,6,6,13,2
0,0,0,4,0,2,0,0,12,17,29,70,0,12,0,0,0,6,0,2,0,12,6,0,0,0,0,12,0,6,5,7
0,0,12,0,9,4,4,11,10,11,45,0,0,10,4,2,0,3,10,14,9,0,11,0,2,0,12,13,0,0,13,13
48,5,3,0,0,15,0,17,14,26,6,13,0,6,4,2,11,0,0,0,0,0,8,12,0,0,0,0,0,11,3,8
0,14,0,6,0,2,7,0,0,34,37,0,0,0,0,48,0,22,5,2,0,0,0,5,0,0,12,9,11,6,0,0
116,0,0,0,6,6,4,4,12,0,19,11,0,0,0,9,0,4,10,0,6,11,0,4,10,3,0,0,18,9,0,0
0,0,8,1,17,0,0,0,14,0,4,4,6,1,0,10,27,1,0,0,1,0,21,0,10,0,6,0,2,13,0,0
110,30,5,21,0,24,0,0,5,0,16,0,0,23,10,25,0,3,11,10,7,4,0,0,2,9,0,13,9,0,18,4
80,13,0,3,2,17,0,11,29,0,44,2,0,0,6,0,10,0,88,0,0,0,0,19,12,0,11,0,5,11,16,0
16,0,0,7,19,8,0,0,0,16,38,0,11,0,0,4,0,0,0,0,14,21,10,2,32,0,12,7,0,0,0,19
0,0,0,21,0,0,18,26,14,0,37,27,0,0,28,5,24,0,27,14,0,18,23,2,18,17,25,0,0,1,0,13
122,0,0,0,0,0,5,2,6,1,2,1,3,0,0,11,0,8,9,3,0,0,20,2,15,0,7,9,0,0,0,5
18,0,0,4,20,10,0,18,13,4,7,0,12,0,3,9,8,0,0,6,0,5,0,0,21,0,0,21,0,0,1,0
24,0,16,9,0,25,0,0,0,12,38,7,2,0,0,0,12,0,0,0,3,0,13,24,11,0,0,0,0,0,0,0
59,10,0,0,1,0,26,24,23,0,188,254,0,0,0,0,7,0,17,0,24,0,6,0,10,9,12,5,11,0,8,0
43,0,14,19,0,0,14,0,17,62,210,162,0,10,0,1,0,0,0,7,8,0,0,0,0,20,0,0,30,24,0,0
0,0,23,0,16,0,2,3,0,0,227,27,0,0,19,27,0,0,0,10,0,2,4,1,0,25,0,42,43,14,0,9
0,0,0,0,0,0,5,0,0,8,0,0,30,26,3,1,30,14,25,0,16,0,8,0,14,0,16,21,5,0,12,4
93,0,13,0,37,6,7,0,11,0,0,44,0,1,0,7,12,0,0,9,0,9,0,0,0,6,7,13,0,0,0,6
0,0,3,0,40,0,12,0,0,15,5,2,0,0,4,0,0,10,1,1,1,7,20,0,6,5,4,0,0,0,3,18
0,0,0,12,43,11,0,0,0,0,14,0,0,0,0,0,16,0,10,5,2,9,0,0,0,0,0,0,7,0,21,26
0,15,26,10,14,48,0,0,0,0,31,13,0,0,2,22,0,0,13,8,15,35,0,0,4,0,0,8,0,11,5,10
0,0,8,6,0,0,0,0,0,0,14,12,0,0,0,1,11,3,0,28,0,0,0,7,13,0,0,0,0,4,0,0
0,0,12,0,11,0,0,8,16,0,3,0,7,11,21,0,0,16,27,9,10,3,0,20,0,0,21,0,0,7,13,0
0,1,0,0,0,10,13,3,0,0,14,14,0,17,11,0,0,0,9,0,0,0,0,0,0,2,5,0,17,0,0,8
3,20,0,23,34,0,0,8,46,0,0,6,3,0,0,0,0,0,10,16,0,0,0,0,21,5,5,0,4,12,0,0
0,26,0,0,0,15,13,0,0,31,0,0,44,12,28,1,0,8,9,0,0,0,11,21,15,3,21,0,0,10,16,40
17,4,0,0,7,0,6,0,33,6,0,11,4,0,2,11,6,4,2,0,0,12,0,3,10,0,0,0,0,27,8,31
67,0,0,9,0,6,28,7,0,0,0,6,0,0,0,13,6,9,0,10,0,6,0,10,0,0,4,13,11,9,10,64
0,0,0,4,0,0,0,0,8,13,6,0,25,16,25,0,16,11,0,0,7,0,33,0,0,16,0,0,43,0,11,14
0,5,0,15,0,0,0,9,13,2,0,19,22,0,18,0,10,2,10,0,4,0,0,0,0,0,8,22,9,7,0,0
17,16,21,0,16,0,10,20,1,0,0,6,0,32,2,0,19,0,16,0,0,0,0,0,0,0,14,0,16,51,0,0
49,0,36,0,0,7,3,0,41,18,42,34,54,1,35,6,2,1,0,0,0,0,17,0,0,0,0,10,0,0,5,14
31,18,0,30,0,8,0,1,0,0,5,46,2,0,12,4,0,9,16,5,0,0,0,0,0,6,9,1,16,0,0,7
0,0,0,0,0,0,16,22,4,0,21,6,1,6,28,46,8,0,0,33,79,0,0,0,24,25,8,0,17,0,0,0
0,25,0,21,35,0,0,0,0,26,0,16,17,0,17,27,33,0,54,0,4,29,12,34,0,16,44,0,7,24,11,0
63,31,17,34,9,0,0,0,0,1,28,0,63,12,25,4,17,4,0,22,0,0,0,0,20,13,45,0,0,0,20,0
168,25,10,66,28,0,0,31,0,16,0,1,11,22,0,0,0,0,0,4,0,0,0,9,0,0,17,13,5,6,0,14
0,2,0,12,22,18,11,0,0,8,55,0,27,10,0,9,0,0,12,0,9,0,4,0,0,1,0,0,0,29,0,21
0,7,10,0,5,21,0,7,46,9,0,0,0,42,17,0,0,24,0,13,0,2,0,48,11,18,0,19,0,0,11,7
0,21,49,0,36,30,11,0,5,2,53,26,0,0,0,43,0,10,30,0,3,8,0,0,0,19,0,0,0,0,0,38
33,35,0,0,2,18,0,18,0,0,0,0,16,10,0,41,11,8,44,0,0,9,20,16,18,12,0,5,0,6,0,0
0,0,0,17,0,0,0,1,0,0,49,0,12,0,0,0,0,0,18,0,18,0,40,3,0,11,9,8,24,0,0,35
93,4,0,25,35,7,0,8,0,8,5,0,0,25,0,190,193,3,22,6,60,232,91,6,0,0,0,2,0,18,0,0
0,0,5,32,5,0,31,22,0,0,3,14,58,0,23,160,22,0,0,0,8,196,83,0,0,0,5,0,21,24,0,2
96,0,1,0,13,0,18,0,19,1,10,6,11,0,13,0,2,3,15,2,115,252,223,22,0,18,0,0,13,8,11,8
0,0,1,17,21,48,0,23,0,10,74,81,0,0,0,41,18,8,0,0,0,232,130,0,26,1,0,0,5,21,9,0
0,65,0,0,34,41,56,12,47,42,13,3,1,0,0,28,0,0,9,5,0,0,0,1,0,11,0,0,25,17,0,0
0,36,8,0,0,21,0,0,0,31,28,26,0,0,9,33,42,0,0,0,0,0,35,0,4,12,0,0,0,0,44,19
115,38,5,0,17,5,18,0,22,0,0,1,0,20,0,26,0,0,17,11,0,0,31,1,2,0,117,193,244,0,0,0
0,0,0,0,21,0,34,11,0,0,11,20,0,0,0,0,24,0,0,0,0,13,16,2,2,16,197,188,129,9,14,0
70,25,24,0,53,17,28,0,0,13,8,30,32,0,0,19,31,0,18,28,0,0,0,22,0,0,197,70,12,12,0,9
18,40,14,3,0,49,0,0,0,34,28,30,0,0,2,19,13,4,36,0,28,14,15,0,0,30,0,0,8,0,18,1
0,27,35,0,20,5,10,0,0,8,9,2,0,0,0,0,10,0,0,16,0,0,0,19,0,0,9,0,8,4,28,0
30,0,0,27,0,0,0,9,11,16,1,13,0,0,7,0,2,11,2,0,0,0,0,8,11,0,10,2,1,10,21,0
12,0,0,16,23,0,5,10,9,3,0,4,3,0,0,0,0,10,0,0,0,10,15,0,0,16,0,25,11,0,0,0
63,10,7,17,0,0,6,8,8,16,0,13,0,0,6,29,11,0,9,0,1,0,0,0,0,0,1,2,0,7,0,0
22,0,0,29,0,0,0,2,0,18,27,8,2,0,6,0,0,10,0,0,10,2,28,5,10,1,23,0,0,9,0,18
0,0,0,0,17,1,0,0,0,4,27,8,13,10,0,0,0,0,0,0,13,26,0,4,0,0,3,0,4,0,0,0
0,3,0,3,0,7,0,0,12,2,7,0,0,0,4,17,0,33,0,18,27,0,12,0,0,0,0,0,0,0,0,0
65,0,0,2,0,0,0,0,0,18,0,0,0,33,0,10,0,0,0,2,0,0,0,0,0,0,0,2,4,0,27,0
24,0,0,0,4,3,0,0,0,10,4,3,0,5,0,0,2,2,0,19,5,0,0,12,12,0,14,1,0,4,25,0
22,3,0,0,0,7,5,19,0,6,17,0,0,0,0,0,22,5,0,0,0,32,16,5,10,0,15,2,26,0,11,0
0,3,31,8,26,0,0,0,2,1,39,0,17,27,9,0,0,18,17,9,3,5,0,0,4,0,0,16,7,0,3,0
7,0,0,14,0,0,0,23,0,7,0,16,0,8,15,8,2,0,0,11,0,0,0,0,0,0,0,0,0,3,0,0
0,4,0,30,0,14,0,0,4,20,18,65,0,5,0,0,0,0,0,16,0,4,0,11,0,19,0,6,0,8,0,0
20,16,7,6,5,5,5,0,17,35,35,0,17,0,0,0,0,1,0,3,85,0,0,4,0,2,0,17,16,0,0,18
55,25,1,0,14,0,0,0,0,24,8,0,0,29,20,5,0,16,0,0,0,23,20,0,17,0,0,5,0,39,12,0
146,0,0,30,6,0,0,0,0,36,0,0,21,0,0,0,7,18,33,0,0,0,0,20,4,0,14,1,0,25,0,0
137,10,2,3,0,0,4,0,0,0,0,13,28,4,3,8,1,1,0,0,0,0,0,0,0,0,2,2,0,5,9,14
0,0,0,0,0,0,0,0,21,0,46,0,14,31,0,0,14,1,0,0,14,0,11,0,10,0,7,0,10,0,9,9
127,0,0,0,0,0,0,0,3,0,51,0,0,1,16,6,1,2,0,0,6,0,24,0,9,0,30,0,19,0,0,27
0,0,7,0,0,16,4,0,0,0,49,29,0,0,1,0,10,6,89,45,30,0,33,2,0,10,3,0,13,0,21,36
0,14,0,0,11,0,7,0,5,14,7,0,0,26,0,9,0,0,18,0,9,5,11,16,3,0,0,0,18,3,8,0
0,6,0,19,5,7,0,14,0,16,8,25,0,0,2,11,42,0,4,10,0,5,0,5,0,1,0,0,2,0,25,5
0,0,0,1,5,0,15,1,0,0,9,0,0,0,0,3,6,0,0,15,13,47,9,0,0,0,16,0,13,29,0,0
0,4,0,17,0,0,0,8,7,5,6,0,0,0,0,0,0,0,0,0,28,34,1,0,0,0,0,0,11,3,13,14
0,0,5,0,24,4,0,0,9,0,11,0,0,0,0,0,0,0,0,5,0,21,43,0,0,18,0,14,2,5,7,0
0,0,3,0,0,1,10,0,0,11,25,0,4,0,0,2,2,3,0,1,6,58,0,0,0,0,0,82,8,8,0,4
0,2,3,9,0,31,1,0,30,0,14,4,0,12,4,0,0,0,8,0,5,0,0,0,0,17,0,0,0,0,7,4
57,25,0,0,11,26,14,0,17,1,29,10,1,0,7,0,3,16,3,0,0,1,17,0,20,10,0,108,52,0,8,4
0,0,0,8,1,0,0,13,0,1,0,0,4,6,0,4,14,10,0,0,0,4,2,0,0,0,22,186,162,0,5,0
0,0,28,0,0,0,1,0,0,32,24,0,0,4,0,2,0,0,0,6,0,0,0,0,0,13,7,4,28,0,0,0
31,0,0,0,71,11,23,5,16,5,25,12,4,0,3,0,0,0,0,3,20,0,0,0,0,2,0,5,2,0,0,12
0,0,34,0,26,17,2,0,3,15,48,0,14,12,4,7,0,0,0,0,0,12,0,0,2,0,0,0,0,0,0,29
12,0,39,7,5,23,1,6,0,40,9,0,3,6,6,0,9,11,16,0,0,0,18,11,4,0,5,16,6,0,6,0
0,0,8,16,0,0,0,9,0,5,9,7,0,1,6,22,0,7,6,0,5,0,12,8,0,4,0,0,0,0,0,0
4,0,0,10,21,0,16,4,0,0,0,7,0,13,8,0,0,4,6,11,0,0,0,0,0,5,0,0,0,0,4,0
0,0,0,0,5,1,3,0,11,0,4,0,0,6,0,2,0,0,0,0,0,2,0,0,0,2,7,3,0,11,0,0
0,0,0,0,0,0,0,0,0,8,0,6,2,0,3,1,1,4,0,2,0,7,4,0,0,0,4,0,0,0,0,0
0,0,0,2,0,0,0,0,0,0,0,1,0,0,0,2,6,5,0,0,0,1,0,0,0,1,0,0,0,0,0,0
0,0,1,0,0,3,0,2,0,0,4,0,2,7,0,0,0,0,0,0,0,9,1,0,8,4,0,13,13,0,7,9
79,6,0,0,0,0,0,0,0,2,0,3,0,3,0,4,0,0,0,0,4,0,1,6,0,0,0,3,8,1,0,13
0,0,0,0,9,9,2,10,0,2,0,5,17,7,0,0,8,1,1,1,0,1,1,3,2,0,0,0,0,3,3,0
1,4,0,0,12,12,0,0,0,0,5,0,10,1,14,0,3,5,0,1,2,0,4,0,2,0,2,2,2,0,0,0
0,0,0,0,0,0,0,8,0,0,14,0,0,2,9,0,0,0,0,0,0,1,4,1,0,6,0,0,0,4,0,0
0,0,0,0,0,0,2,0,0,2,32,34,0,0,6,0,5,7,0,0,6,0,1,8,0,0,0,3,7,0,0,5
0,0,0,1,4,0,3,2,0,8,19,101,0,3,0,9,4,0,0,0,2,0,0,6,0,0,0,0,6,0,8,0
38,0,0,0,0,5,3,0,6,18,28,6,0,0,0,0,2,2,0,6,0,0,0,0,0,10,0,0,0,9,7,10
0,0,18,1,4,0,2,0,3,33,15,18,8,16,17,0,10,0,0,1,3,0,0,0,0,0,0,5,0,0,0,0
0,0,3,9,0,12,0,10,9,28,16,1,17,0,0,26,11,12,13,7,12,10,1,0,0,0,0,0,0,1,0,21
130,3,0,3,0,10,0,4,0,13,0,0,5,5,0,1,3,11,0,9,0,5,5,6,8,0,2,0,0,6,0,0
0,2,0,1,1,0,10,4,8,0,44,0,5,0,0,31,1,7,0,10,4,0,3,4,4,0,1,6,0,0,5,3
112,0,0,0,10,3,13,0,0,6,34,3,7,0,0,31,25,4,0,0,0,4,0,0,0,0,9,9,6,6,6,0
0,0,0,0,0,1,3,0,8,0,38,0,0,0,2,2,1,0,57,28,0,4,0,0,2,3,0,7,0,0,8,0
105,4,0,0,24,3,0,0,0,1,0,5,6,2,0,0,0,7,13,4,0,0,13,2,4,2,16,4,7,6,3,0
60,0,8,12,0,0,0,63,0,0,0,0,0,10,0,0,8,0,0,10,0,29,0,0,0,10,35,3,2,16,0,16
0,7,0,0,0,8,8,0,2,142,24,0,0,7,0,0,0,0,0,0,0,0,0,0,0,0,0,0,5,0,7,0
112,12,2,12,6,0,4,4,0,187,95,0,0,0,0,0,2,4,26,9,33,0,0,0,0,0,9,5,0,0,0,28
0,0,0,5,0,0,5,0,3,9,68,3,0,0,6,23,4,0,2,4,0,9,0,2,8,0,0,0,4,0,6,2
90,0,15,20,11,2,5,0,0,17,4,0,0,17,9,0,0,2,0,13,0,40,0,9,1,0,0,3,0,21,0,0
14,0,1,0,5,13,23,0,21,13,7,0,0,16,1,10,0,15,20,0,22,0,14,9,0,0,0,7,33,0,2,0
0,0,0,0,0,4,0,0,0,16,26,0,0,0,0,0,14,20,10,0,14,0,0,7,14,12,2,11,45,8,12,19
0,0,0,25,12,8,9,4,1,0,0,0,0,0,0,11,16,0,0,0,0,5,10,14,12,0,0,10,0,0,1,63
76,26,0,0,0,6,3,0,10,38,39,0,20,20,0,16,0,0,28,0,16,0,0,0,0,5,0,5,5,0,7,12
0,0,0,0,40,0,2,0,0,13,10,3,0,7,0,0,10,0,10,14,0,4,0,0,0,11,3,2,0,0,3,17
10,8,0,3,35,26,12,1,20,39,30,35,0,0,0,1,0,0,2,1,7,5,20,0,6,0,4,25,18,0,0,0
0,0,28,4,0,7,4,0,0,7,28,28,0,3,0,1,12,7,0,0,0,13,0,0,5,0,0,0,0,1,16,0
64,0,0,0,0,0,32,2,15,0,0,30,0,0,0,25,18,0,0,6,1,0,0,0,0,18,0,0,0,0,0,0
0,0,0,23,0,9,0,0,15,0,3,0,0,0,0,0,0,0,0,0,0,11,19,0,0,0,0,7,0,0,1,0
0,12,1,12,6,7,2,21,22,0,0,11,16,0,3,0,0,0,10,0,5,0,13,7,0,0,0,0,0,0,9,0
1,0,18,0,0,0,12,2,20,11,14,27,0,14,0,0,0,10,0,5,5,2,8,0,0,4,8,27,0,0,0,0
11,2,0,0,0,0,0,0,0,12,0,0,0,11,0,0,0,3,12,0,0,7,4,9,0,0,0,5,0,0,8,0
25,14,3,1,0,0,0,6,3,0,9,0,4,0,0,5,4,0,13,4,6,0,0,0,0,5,19,0,21,8,5,1
