82,0,0,14,0,0,0,0,2,0,0,12,0,13,0,15,0,0,35,0,0,3,0,10,14,0,0,6,0,7,0,5
0,5,4,5,0,0,3,7,2,21,31,0,0,11,25,0,8,5,0,5,25,0,6,40,0,0,24,17,11,14,0,0
22,0,13,0,17,10,7,0,3,0,18,8,7,0,0,4,12,14,5,0,10,8,33,0,0,16,0,0,8,0,0,7
0,0,0,9,12,11,1,12,0,0,5,0,0,0,0,0,3,5,16,7,0,0,4,3,0,2,17,0,16,0,0,6
13,0,35,7,0,0,33,8,0,0,32,16,23,20,0,13,1,0,0,0,20,0,24,11,2,0,0,0,0,0,0,24
0,8,0,5,0,0,0,24,0,0,0,105,3,5,0,1,0,0,0,8,0,0,1,16,0,7,55,0,0,6,0,38
28,29,8,0,16,18,26,0,13,17,47,0,16,33,0,31,0,20,26,0,52,0,6,20,1,37,0,12,0,0,10,1
18,10,6,25,12,3,24,1,29,10,33,10,0,12,1,0,0,0,0,0,0,0,0,7,6,0,0,13,0,0,4,0
0,7,0,0,13,18,0,11,0,0,0,10,0,25,0,86,12,0,8,8,11,16,0,8,22,11,0,6,19,0,29,0
138,0,0,0,34,0,0,0,0,0,25,0,26,10,3,0,0,0,21,20,0,0,22,0,17,29,0,0,0,22,0,0
54,43,57,0,0,56,9,16,26,43,65,0,1,2,0,36,0,0,0,13,0,15,0,22,0,0,0,0,23,18,0,28
37,7,6,5,0,13,0,19,0,0,13,0,8,9,8,196,17,11,16,0,127,173,3,0,0,13,0,16,18,23,1,16
121,0,41,16,0,11,22,19,0,10,4,0,0,0,228,197,153,0,48,0,188,191,30,0,17,16,24,0,24,0,27,39
119,0,25,2,0,0,0,12,5,0,23,0,22,2,0,209,0,0,7,18,67,28,4,0,0,0,16,0,34,0,25,0
34,0,0,0,0,4,0,0,0,1,28,0,0,17,0,0,0,30,5,0,23,52,25,0,0,10,0,36,17,0,28,21
0,38,0,0,21,0,6,0,0,227,173,0,2,0,0,0,0,18,0,0,28,0,0,0,0,0,0,0,0,0,9,10
0,16,36,4,43,0,5,0,0,192,196,0,3,0,17,0,17,1,28,0,5,0,0,0,4,4,0,0,2,27,0,0
0,0,0,6,32,0,33,0,17,150,106,1,0,0,8,0,5,0,0,0,0,36,0,0,12,12,24,6,104,70,0,0
0,36,21,14,0,0,23,0,17,0,1,21,0,10,0,0,0,0,1,8,0,22,0,0,18,21,50,128,176,47,47,0
42,0,34,2,18,0,0,0,1,0,20,4,0,0,16,0,0,13,0,0,0,13,21,0,14,0,22,244,200,26,3,0
0,44,0,13,49,43,0,48,27,2,45,5,0,8,20,3,0,0,15,0,0,5,10,0,14,18,0,0,5,0,8,20
0,33,0,0,0,0,0,13,0,0,23,0,1,0,0,59,17,0,31,0,0,0,0,0,37,28,0,0,0,11,0,0
71,6,9,0,0,0,1,24,0,0,14,29,0,0,2,4,1,0,9,30,0,0,0,0,9,29,6,0,19,14,0,0
39,10,11,0,60,24,70,0,13,0,0,10,0,31,0,0,30,18,0,6,0,16,10,13,0,0,49,0,9,0,22,16
44,38,29,10,11,21,9,0,10,25,0,0,0,0,0,0,0,2,0,22,1,0,13,0,6,20,0,0,0,0,6,0
0,0,0,0,0,0,0,0,17,56,0,4,8,11,11,0,0,0,10,0,0,0,2,0,8,0,0,13,12,28,2,8
20,12,35,0,9,10,0,32,21,0,13,13,0,5,0,37,10,3,0,0,29,25,10,12,0,9,0,8,1,27,6,69
17,22,13,5,10,0,0,19,14,0,20,21,29,0,0,4,0,0,30,0,35,13,21,9,16,6,0,2,0,2,16,0
0,0,4,0,20,23,4,11,0,5,2,0,26,11,0,10,21,5,0,3,1,0,17,2,29,20,61,0,0,5,13,30
0,0,55,38,10,0,0,31,8,0,3,0,0,0,0,0,10,0,0,1,0,17,4,6,0,12,41,11,10,0,0,58
0,7,0,0,0,12,0,8,0,0,4,20,0,0,0,24,46,0,13,33,15,32,0,0,0,11,0,0,34,0,20,33
55,9,0,0,0,22,13,0,13,0,16,4,42,0,11,0,0,0,7,13,3,0,13,0,37,13,37,0,10,0,0,8
77,6,0,0,0,0,0,0,17,0,5,0,3,8,15,12,40,19,0,0,0,35,7,0,23,0,39,0,33,0,0,39
2,12,0,1,4,1,0,19,21,0,17,15,11,7,0,0,0,3,0,0,2,0,0,0,2,0,10,0,0,10,3,0
30,36,0,14,41,0,0,31,0,0,0,0,0,0,0,7,0,0,0,0,0,16,12,0,4,0,0,0,17,0,11,0
18,0,0,28,0,0,0,8,14,0,0,19,10,3,0,24,0,9,3,29,0,11,1,0,2,21,17,2,1,1,0,0
42,0,0,0,0,0,0,0,0,0,0,37,0,0,29,0,5,7,0,31,13,0,0,6,12,3,51,5,15,14,22,0
0,59,0,0,0,5,24,0,0,0,66,57,0,0,0,2,0,1,0,12,0,6,0,0,0,0,0,0,0,12,28,0
0,0,16,50,25,18,34,2,11,7,10,0,0,29,9,0,0,20,1,0,16,0,4,0,12,0,23,4,17,11,0,2
0,0,6,0,0,30,0,0,0,0,8,11,2,31,0,0,15,6,0,0,30,34,27,6,4,0,10,0,21,0,0,0
0,0,2,28,1,0,0,1,0,3,0,0,24,33,16,0,0,14,11,0,0,0,4,0,8,0,0,33,0,0,0,0
0,0,4,0,0,0,0,12,0,9,23,0,20,0,0,0,0,49,0,50,0,28,8,0,18,1,27,0,0,0,0,0
6,47,0,5,0,19,50,0,0,6,31,0,0,0,1,0,0,6,0,20,0,23,0,0,40,0,0,13,6,16,0,16
0,0,30,21,10,12,10,9,37,13,0,4,9,0,12,124,60,0,0,12,6,30,0,8,27,0,5,4,0,9,0,0
11,0,0,0,0,0,2,26,2,0,0,22,0,0,26,52,1,3,28,0,141,218,7,0,0,10,4,0,20,12,13,0
0,0,0,0,0,0,0,0,6,0,0,0,0,18,3,6,17,4,21,23,185,27,18,0,0,0,1,0,2,28,6,0
84,0,0,0,19,0,1,0,7,24,0,0,0,7,6,0,0,0,29,0,0,22,68,0,0,0,32,0,0,6,7,30
0,17,8,5,0,16,21,0,0,33,0,0,22,9,32,4,0,6,1,0,26,0,0,1,7,0,0,0,0,10,34,0
0,0,0,0,6,14,9,0,29,11,38,1,3,0,3,23,0,0,44,0,27,0,0,3,17,0,0,0,6,20,0,8
46,0,0,30,3,0,16,0,0,2,14,11,11,0,16,0,0,1,29,3,20,6,8,0,6,8,0,0,101,0,0,22
0,11,0,8,0,0,0,10,0,18,24,21,29,0,19,26,0,2,0,6,0,12,7,0,4,0,0,44,219,60,0,0
0,33,0,0,0,1,0,6,0,9,8,3,2,19,15,24,0,2,12,0,0,3,3,0,0,6,0,0,52,7,17,4
0,22,0,0,40,1,0,5,0,16,8,16,0,0,8,30,0,2,20,0,4,14,0,0,0,0,0,0,8,0,9,34
105,8,13,0,24,6,20,0,4,2,0,1,0,16,3,0,17,0,19,2,3,0,0,10,0,25,1,0,0,5,11,0
57,4,15,0,25,0,0,0,0,38,2,38,0,10,0,0,0,0,5,1,0,0,0,0,20,8,0,0,0,2,6,0
38,0,14,0,32,16,0,0,0,0,37,17,0,10,0,6,10,0,0,0,0,10,0,6,0,1,13,0,8,0,5,11
0,0,14,5,24,0,15,20,0,16,17,19,0,2,2,0,23,0,2,7,0,0,4,2,14,0,9,0,6,0,0,5
6,2,28,0,6,28,0,10,0,12,15,27,0,0,0,1,0,0,0,0,7,11,0,0,1,1,0,2,0,0,0,9
0,5,0,0,10,5,0,0,8,14,6,7,0,0,0,0,0,3,0,6,10,0,4,7,0,0,0,0,0,16,0,2
3,0,0,0,0,7,0,5,0,0,0,8,0,0,0,0,2,4,0,0,1,5,0,0,0,2,4,0,0,4,0,0
0,11,2,9,1,0,2,2,0,0,0,0,0,6,0,11,0,0,18,4,0,0,0,0,0,0,0,0,0,21,0,0
8,11,2,3,0,0,3,0,7,0,0,0,0,2,4,5,6,4,17,0,0,1,0,5,4,2,22,0,14,0,0,0
12,0,12,1,0,0,0,0,0,0,0,18,7,0,1,15,3,10,0,7,9,3,0,1,0,0,1,3,0,5,11,0
0,0,9,0,0,0,4,10,4,0,0,4,0,0,0,0,1,0,0,4,0,3,0,0,6,0,7,0,0,0,8,0
54,0,0,10,0,0,0,4,0,0,4,9,6,10,0,0,3,1,0,0,0,7,11,0,1,6,3,0,3,0,0,1
4,0,0,1,0,2,0,2,2,12,0,0,0,3,2,0,0,0,0,0,0,0,6,5,0,3,0,0,0,0,11,18
0,1,7,1,0,0,0,12,2,3,5,5,0,14,0,0,8,2,0,3,0,0,4,6,0,0,9,0,2,4,0,0
0,0,0,2,0,3,9,0,5,7,17,0,5,0,0,0,0,7,0,0,1,0,9,3,5,0,0,0,0,0,0,5
0,0,0,0,0,0,0,0,0,5,28,28,8,3,0,1,1,1,0,3,0,0,3,0,2,0,2,0,0,0,10,4
0,0,0,2,1,7,0,0,3,13,20,69,0,2,0,0,0,3,0,3,0,0,0,0,5,0,0,1,0,4,3,15
25,1,0,0,0,0,8,3,4,23,23,2,0,0,5,0,0,0,10,7,0,0,5,5,0,0,4,9,0,0,0,14
15,7,0,0,0,2,0,6,0,30,0,5,0,10,3,0,0,0,2,7,3,5,0,0,0,0,0,5,3,1,0,0
0,2,7,0,13,0,0,0,0,51,0,0,0,0,4,24,1,29,18,7,2,0,0,0,0,0,0,2,1,0,2,0
52,7,0,4,0,0,0,16,4,0,3,0,0,1,0,0,0,40,3,0,4,39,0,7,2,0,0,14,0,0,0,0
0,0,0,1,8,0,9,4,0,3,0,11,3,0,0,14,0,0,0,5,0,0,4,5,0,1,2,0,9,6,0,0
56,0,0,0,5,0,21,4,0,9,10,8,0,13,13,11,53,0,0,0,3,6,0,0,0,0,0,5,0,0,0,1
0,2,0,3,5,0,0,0,0,3,18,1,3,6,14,0,0,1,83,3,0,0,0,0,10,0,2,1,3,9,11,0
90,0,4,0,0,14,0,3,0,159,4,0,0,1,1,22,0,10,11,0,14,11,27,5,0,11,12,0,0,5,9,0
0,0,0,0,0,0,0,8,3,4,144,0,0,1,2,0,0,0,3,3,33,13,11,2,0,5,4,0,0,3,0,1
0,11,6,0,0,12,16,0,24,90,142,0,2,0,0,12,1,3,11,0,11,0,11,1,0,6,0,6,8,5,6,8
0,0,0,8,0,0,0,7,0,28,0,0,0,0,0,5,0,5,39,0,0,0,3,1,9,6,17,2,6,3,0,3
60,3,0,0,23,22,0,0,0,0,25,1,12,0,5,0,0,11,0,0,0,0,3,4,3,0,10,0,2,0,0,0
0,10,6,0,0,0,0,0,7,0,25,0,0,10,0,0,0,1,8,11,8,10,4,0,0,1,0,2,0,8,1,19
9,0,14,26,27,0,10,1,0,0,7,0,0,0,0,0,0,12,0,0,2,0,0,4,1,0,14,15,23,0,0,0
0,14,0,0,0,6,1,0,18,2,0,34,0,0,0,12,0,0,0,0,0,0,19,0,1,0,18,46,42,3,0,5
105,0,21,8,0,0,8,21,0,0,13,0,29,0,4,0,0,0,16,12,14,1,0,20,0,8,12,0,0,0,28,20
80,11,0,0,3,0,18,14,0,3,51,36,0,1,0,0,6,6,7,5,13,0,7,0,4,0,0,18,0,4,3,0
70,11,6,9,33,0,7,24,0,21,12,2,12,22,9,0,0,0,0,0,3,0,24,8,17,0,0,17,0,0,0,0
0,7,43,0,17,5,5,7,0,16,5,14,0,3,0,7,8,0,6,0,0,18,0,0,0,0,0,10,4,0,0,6
0,11,23,9,4,30,3,16,9,19,0,54,0,30,2,14,0,0,0,0,0,12,13,0,0,0,0,16,18,0,6,22
0,14,0,25,12,0,0,0,0,8,3,0,0,0,0,0,7,9,12,13,16,1,1,4,7,0,0,0,0,11,3,1
5,0,0,14,17,0,0,4,15,0,0,9,28,1,14,2,7,0,0,22,0,2,16,0,0,17,0,2,0,0,0,20
0,1,6,18,3,3,0,0,5,3,0,7,0,0,0,0,5,0,1,0,13,10,0,0,7,0,0,0,0,5,9,8
0,1,2,0,4,1,0,0,0,25,0,17,0,3,0,0,4,22,9,8,0,12,0,16,0,0,22,0,0,6,8,0
10,0,0,0,29,6,0,18,14,11,0,0,12,1,0,0,0,0,3,1,2,11,0,0,0,0,3,0,17,0,0,0
13,0,20,0,6,0,4,0,0,8,36,0,0,28,0,20,17,28,0,0,0,5,17,0,9,0,0,17,0,18,0,0
0,29,9,20,16,19,4,2,0,0,0,6,0,0,13,9,0,0,0,15,7,0,0,0,0,26,33,20,0,0,0,0
0,0,0,0,0,0,0,16,16,9,28,0,20,0,0,10,0,0,0,6,2,0,8,3,10,19,9,0,0,0,0,0
0,36,0,0,16,0,0,9,2,0,0,0,7,0,0,1,0,4,0,0,0,0,3,18,0,16,0,2,2,0,0,10
0,29,19,31,11,14,2,0,0,25,0,10,0,20,0,0,14,0,0,4,0,0,0,0,0,15,19,0,0,0,20,11
0,28,0,0,3,0,12,0,0,0,0,0,13,14,3,0,13,10,0,21,20,0,4,0,22,0,0,0,0,10,0,0
15,0,4,21,0,2,0,28,0,3,55,88,30,3,31,0,0,0,0,3,12,4,8,13,11,0,6,0,0,22,0,27
45,0,0,18,0,0,5,0,13,21,75,0,1,32,0,0,0,16,0,6,0,0,10,14,0,0,0,0,0,1,5,0
0,0,19,2,0,10,1,0,0,8,0,3,17,1,0,0,23,0,0,3,0,0,0,0,0,0,14,0,0,7,0,15
77,0,5,1,17,0,10,0,4,17,19,0,45,23,0,34,11,23,8,11,9,8,16,0,0,2,3,10,0,1,0,10
0,0,38,26,42,23,18,0,20,12,0,0,44,0,43,26,1,0,0,21,0,6,5,43,13,0,0,36,0,16,21,0
110,10,0,0,0,23,32,0,29,0,16,0,32,1,42,188,197,4,29,23,0,5,0,16,2,11,4,0,15,23,0,34
31,0,6,0,14,0,2,13,8,29,0,22,0,3,238,198,193,1,10,89,191,79,0,22,0,0,5,0,0,4,16,0
0,28,48,8,0,2,0,0,27,19,0,26,17,0,57,172,164,0,11,18,197,218,0,0,3,0,41,9,0,9,7,0
112,0,0,48,29,0,0,55,8,0,0,29,7,0,0,33,8,0,0,114,212,43,17,0,23,26,46,16,0,0,0,47
93,0,0,15,0,0,0,0,2,195,197,13,0,17,0,16,26,0,36,20,20,24,0,0,0,6,48,43,0,0,12,5
0,0,0,0,9,0,25,13,11,193,197,1,4,0,10,0,13,0,35,18,0,0,0,1,0,0,43,23,0,13,0,0
0,0,0,41,22,34,0,0,9,1,152,7,0,0,12,5,0,0,30,32,28,12,36,7,2,32,117,43,5,22,0,0
0,0,0,19,43,29,0,22,31,0,0,3,0,0,5,4,20,0,30,19,23,20,0,0,0,166,101,229,23,46,33,0
0,17,0,0,0,29,0,0,0,22,24,0,19,33,0,0,0,0,0,0,0,11,24,0,0,171,197,0,0,0,9,4
24,9,4,9,41,0,49,0,0,5,16,23,19,28,9,1,16,15,0,0,16,0,0,25,0,0,76,0,37,19,0,40
63,0,8,0,0,39,20,20,0,0,0,20,0,1,0,0,0,0,13,38,0,15,36,0,4,22,4,11,32,25,2,31
0,34,0,0,0,28,0,0,1,24,0,0,0,0,0,0,0,17,0,0,16,0,0,0,3,0,13,35,41,0,0,0
106,0,0,0,0,12,5,0,0,29,5,0,0,0,0,32,9,6,16,0,0,0,0,21,0,0,3,0,26,0,17,47
0,4,35,22,73,0,54,27,0,27,5,0,7,0,9,44,0,20,4,6,0,1,0,0,30,0,0,28,0,0,0,71
0,7,0,0,0,0,0,20,0,49,27,42,0,27,0,17,0,18,34,64,0,0,0,0,0,5,11,0,13,14,0,0
0,0,29,5,0,23,0,1,36,15,12,0,0,0,0,20,11,1,0,0,40,30,0,13,0,0,21,38,0,36,43,0
0,39,50,0,0,14,31,0,37,4,0,0,25,0,0,3,0,23,3,0,23,4,26,11,17,2,0,0,0,0,6,20
5,0,0,3,31,0,0,0,0,19,0,0,0,32,0,0,12,0,0,0,0,11,29,15,1,9,7,0,0,0,35,0
83,0,10,48,4,0,0,0,2,0,1,0,0,24,5,20,5,14,18,0,8,21,5,0,13,0,0,23,0,0,6,14
0,0,16,0,20,16,5,2,0,0,0,0,0,5,0,0,3,13,0,0,12,0,26,8,3,1,0,9,0,0,9,0
0,0,0,0,34,13,0,0,16,0,25,0,0,0,0,32,16,0,0,0,0,21,0,1,0,25,0,0,8,2,0,27
0,11,0,0,14,3,0,0,23,13,25,0,11,11,0,10,0,0,0,5,0,13,0,6,0,4,5,17,0,19,0,22
57,12,15,0,19,21,0,0,0,5,0,13,0,10,16,0,40,0,0,0,0,0,0,0,1,0,16,1,20,6,24,15
22,19,0,0,0,0,0,0,0,8,5,14,12,0,22,28,7,0,4,12,0,2,3,5,2,0,0,32,0,5,3,0
0,18,5,0,0,20,18,25,4,6,0,12,14,0,0,5,1,0,0,4,0,10,10,1,0,4,8,2,0,9,30,48
0,0,0,0,18,3,33,13,22,0,0,40,0,40,0,0,1,0,2,11,25,7,0,9,0,5,0,6,13,10,6,0
5,0,25,14,0,0,1,28,0,0,18,0,23,0,7,18,26,6,10,0,0,0,30,7,23,0,27,1,0,0,0,5
44,4,56,30,37,8,0,0,0,0,45,64,29,0,1,0,4,0,3,13,2,0,0,12,9,22,0,0,0,7,0,0
0,0,9,0,0,0,0,34,0,13,56,41,7,0,0,0,0,3,29,1,19,28,1,8,0,23,17,23,24,0,0,3
35,0,43,41,25,0,36,29,4,15,0,9,0,4,9,13,18,0,0,15,0,36,0,0,16,21,13,0,53,0,18,0
0,10,36,10,28,4,6,0,0,32,13,0,44,0,40,12,19,0,31,21,0,5,8,0,0,30,32,2,33,19,5,0
92,0,0,11,0,23,32,5,28,9,0,0,0,0,0,10,10,34,0,0,0,39,0,7,3,11,0,0,17,0,8,20
0,16,1,1,2,0,6,7,19,0,0,33,5,0,4,50,79,1,5,0,6,0,0,0,2,34,0,0,13,0,16,1
0,4,3,0,0,0,1,33,9,0,0,4,5,7,51,31,61,10,5,133,247,22,0,0,0,29,58,0,5,3,13,0
0,58,21,0,0,0,12,5,29,0,14,0,15,0,13,46,29,0,70,44,53,8,0,0,0,19,5,6,36,0,23,17
0,0,2,3,0,0,0,12,21,9,0,17,20,0,1,0,0,0,4,21,149,1,2,0,0,0,0,0,0,0,3,1
115,2,9,0,2,0,14,2,4,0,0,16,0,0,0,7,16,1,10,47,56,0,1,3,9,0,23,0,4,51,0,0
100,18,0,12,31,0,35,4,18,19,54,8,0,0,2,0,0,0,18,3,25,20,11,2,13,0,8,13,0,0,5,6
0,0,1,16,0,0,0,34,0,15,0,0,0,0,0,9,0,0,0,6,0,4,0,9,0,0,128,19,2,0,0,0
0,7,0,12,13,0,10,20,4,0,16,0,0,13,0,0,5,0,0,8,0,0,7,8,0,93,133,20,17,0,0,9
87,0,6,1,0,10,20,20,17,0,4,0,8,0,0,0,4,0,5,4,0,17,7,0,0,211,149,0,0,0,4,5
109,0,5,0,0,0,0,3,0,6,0,5,0,14,0,0,7,10,8,0,0,8,4,0,10,16,59,17,24,3,0,0
78,0,0,16,40,3,21,0,8,0,23,56,0,0,0,10,16,0,17,0,25,0,5,0,0,16,0,1,11,23,0,0
8,5,0,4,1,0,23,0,7,0,9,3,0,14,0,11,0,2,0,13,0,7,19,4,5,0,66,16,17,0,4,0
0,10,0,0,6,16,0,0,2,0,0,9,11,17,0,0,0,5,0,5,0,5,0,0,0,0,27,17,10,0,5,10
55,0,0,0,46,4,0,2,8,0,31,7,1,0,0,0,0,0,0,0,0,5,24,0,6,0,6,1,0,11,0,30
24,10,4,0,13,0,6,8,6,26,5,29,0,0,0,11,10,0,15,0,0,1,0,7,0,14,0,0,0,1,9,1
1,16,22,2,0,13,0,0,4,31,2,5,0,6,6,12,2,12,0,5,3,7,0,0,19,0,7,0,2,0,0,13
0,6,0,8,7,0,0,1,0,0,2,2,0,0,7,2,6,1,0,14,0,1,6,0,0,2,16,5,0,2,0,0
0,0,9,0,0,8,10,9,0,0,7,5,13,5,0,0,0,5,10,6,5,0,0,3,0,0,14,0,0,0,7,2
26,0,3,2,8,0,0,3,0,15,0,19,0,0,0,0,0,0,5,16,0,0,0,6,0,0,0,0,0,3,1,0
19,6,0,2,0,0,0,0,0,0,2,1,0,0,6,0,7,0,0,0,2,0,16,1,0,0,0,3,1,4,1,0
4,0,9,0,0,0,0,0,0,0,0,1,0,0,0,0,2,3,0,0,0,0,0,0,0,2,0,0,10,0,10,9
0,0,8,0,0,10,1,3,12,4,0,8,0,0,0,0,3,1,1,0,4,0,0,0,0,0,10,2,0,0,0,13
48,4,0,0,1,8,10,0,0,12,4,0,0,6,0,11,1,0,0,0,0,0,11,6,4,0,0,9,3,0,0,8
0,0,13,10,0,3,3,2,0,0,0,1,0,4,0,0,1,0,4,15,0,0,1,0,0,6,0,0,3,0,6,0
3,0,4,0,11,0,5,0,0,0,25,0,8,11,17,3,2,0,1,0,2,0,0,3,7,0,11,4,0,0,0,1
0,0,2,18,5,0,13,0,10,11,20,13,8,0,0,21,19,0,10,3,5,0,6,0,0,0,9,0,8,5,15,0
1,0,3,12,0,0,0,0,19,0,25,34,21,8,0,1,4,12,0,17,0,0,0,0,0,4,0,1,7,7,0,10
24,0,0,0,6,16,0,0,0,0,0,69,0,0,0,0,4,0,0,0,6,3,12,14,12,0,0,0,0,18,5,0
15,0,0,4,0,0,8,0,0,16,17,0,0,12,0,0,0,5,0,13,0,0,10,0,19,0,0,5,0,2,0,15
0,0,0,15,0,0,0,0,0,15,32,22,0,28,20,0,0,0,4,0,18,0,0,19,0,0,10,0,0,0,0,5
111,0,0,2,0,0,3,0,0,33,4,0,9,0,3,39,1,18,8,0,0,0,1,0,0,21,0,0,0,0,0,0
18,16,0,0,15,14,7,2,0,20,0,7,0,24,11,30,0,22,0,0,0,42,0,0,0,0,8,0,0,0,37,0
87,26,0,0,0,12,41,27,38,0,2,32,10,0,5,6,11,0,0,15,0,0,0,1,16,13,0,0,0,0,0,26
74,8,0,17,0,0,22,1,16,0,19,0,0,0,20,7,0,0,19,2,20,8,0,12,0,7,0,0,0,3,3,1
79,0,12,5,21,31,1,0,18,0,0,0,0,0,34,25,0,3,56,16,29,0,0,18,0,0,5,8,18,0,7,0
0,0,0,0,4,36,24,0,0,6,0,0,7,17,4,0,14,13,19,0,2,29,43,13,26,0,21,6,9,0,0,16
0,0,0,20,0,0,11,0,29,43,14,6,0,0,21,8,18,0,11,5,27,11,0,0,12,0,0,14,0,0,0,0
0,7,8,10,7,17,0,0,171,195,250,0,1,6,2,4,1,6,10,0,0,1,2,2,8,3,0,1,3,0,0,0
42,0,1,0,1,0,1,0,218,190,115,0,1,22,2,14,0,0,3,0,0,2,0,0,1,7,4,0,7,12,3,18
125,0,14,21,28,0,0,9,7,29,7,20,0,0,0,14,10,0,0,6,0,14,0,0,0,0,12,0,0,3,6,11
75,0,21,1,0,21,0,0,0,0,10,0,34,0,28,24,20,17,6,8,0,0,0,16,0,0,15,24,0,0,0,0
101,33,0,9,0,1,0,0,26,1,0,8,6,33,0,0,19,0,1,13,0,8,0,0,0,0,0,2,31,0,29,13
138,0,14,9,0,0,0,5,0,0,47,15,3,0,0,0,2,12,0,0,0,0,0,9,2,0,11,23,3,0,24,55
0,11,0,1,0,19,0,0,0,8,0,0,9,42,0,0,0,0,12,18,15,5,2,0,12,19,59,0,0,2,9,12
0,0,23,0,0,19,0,5,0,0,31,8,0,31,0,0,0,0,0,7,1,7,0,14,12,0,0,7,0,7,0,6
0,0,8,11,28,10,5,29,4,10,5,0,0,32,10,0,34,0,19,17,0,0,0,12,1,7,0,25,0,17,0,54
0,18,0,0,50,0,0,13,0,20,25,25,0,0,0,0,4,0,1,12,16,7,0,0,0,0,0,0,0,0,10,0
0,1,26,0,0,33,0,0,0,63,15,0,6,3,2,0,20,19,0,10,0,4,2,17,1,0,6,14,42,0,0,13
0,3,0,16,0,0,0,15,0,19,0,0,0,0,0,0,8,11,6,0,26,0,31,0,6,0,4,43,12,0,3,0
5,11,3,1,0,0,0,15,0,7,0,10,1,0,15,0,17,1,46,0,0,1,4,0,0,6,0,39,0,0,2,0
91,0,23,20,0,0,1,28,14,9,0,0,16,12,13,7,22,0,4,0,18,0,0,12,0,20,0,12,0,0,18,18
19,0,1,0,19,0,25,0,0,0,33,44,10,7,0,19,6,25,0,0,0,12,8,4,0,0,0,0,26,0,0,0
0,21,19,10,0,0,14,6,13,10,18,19,16,21,17,4,0,0,29,0,19,0,42,0,0,16,22,0,0,0,13,0
21,2,34,53,14,0,0,16,0,0,1,23,17,0,0,0,0,0,0,0,0,0,21,3,16,10,9,10,2,16,0,21
50,4,0,10,13,12,7,0,32,10,0,13,7,3,28,0,0,7,31,0,3,0,0,0,0,0,0,0,7,5,2,32
0,0,34,29,0,43,1,0,0,10,0,0,21,13,0,13,0,44,0,8,2,11,0,0,0,0,11,2,0,0,19,10
0,0,0,33,0,12,14,48,8,0,0,15,0,0,0,0,17,0,0,0,0,0,13,0,0,21,0,11,0,0,11,0
56,0,20,24,17,0,0,3,0,20,60,13,0,0,0,0,0,57,7,16,14,0,16,46,6,3,0,29,11,0,0,0
0,0,2,24,39,0,49,9,7,0,34,0,14,15,0,3,23,16,30,0,0,9,0,10,2,0,13,29,14,0,14,9
0,0,12,0,0,20,0,0,0,9,44,5,39,2,0,9,0,3,0,0,7,26,21,0,2,0,27,0,0,32,8,0
0,0,0,7,0,0,23,0,19,0,4,11,2,0,0,1,0,0,0,9,0,0,40,22,0,20,0,11,16,0,18,0
6,0,30,53,13,0,24,0,0,22,0,0,0,51,44,0,21,0,5,10,0,18,0,0,1,52,31,0,13,24,0,0
98,0,0,0,0,28,7,0,0,30,0,0,16,57,0,0,0,16,0,22,0,0,0,16,0,1,0,0,0,0,0,59
0,17,0,0,0,35,11,0,0,0,47,0,46,0,17,0,18,30,0,3,4,0,0,0,16,0,0,9,0,0,5,0
0,15,42,0,0,18,36,7,0,0,0,2,0,0,0,0,0,0,32,0,0,2,12,0,0,0,0,0,1,0,0,8
95,0,0,29,15,0,42,21,0,0,0,27,0,0,160,173,27,0,19,0,0,27,0,0,1,34,6,0,0,11,29,0
59,13,66,0,25,0,2,0,0,29,0,0,3,31,193,197,0,12,33,83,194,2,0,0,0,0,0,6,0,0,0,0
0,8,7,0,10,0,0,0,0,0,0,0,1,194,192,191,10,0,24,132,195,143,0,6,0,2,18,1,0,8,33,0
74,0,0,0,56,8,20,0,0,17,49,5,0,11,195,28,20,0,0,196,182,0,0,1,0,6,26,11,3,0,28,0
71,0,27,49,39,0,24,4,0,91,7,0,22,35,0,0,23,0,14,23,110,0,0,21,0,0,16,20,0,4,0,8
46,21,17,0,23,0,19,12,59,0,0,19,0,0,6,27,0,0,41,0,0,25,0,0,0,0,15,9,0,4,0,26
29,0,6,0,23,44,18,0,0,8,0,13,4,0,20,10,0,20,0,0,0,0,2,7,7,66,132,15,5,3,46,1
0,0,6,0,21,16,6,0,23,0,0,21,0,0,3,0,0,0,12,8,9,0,33,21,0,102,197,20,0,2,0,0
6,8,0,28,25,14,0,12,0,0,23,8,24,3,34,23,0,0,0,0,14,0,32,8,27,198,171,0,57,14,0,0
40,0,0,28,0,0,0,0,20,3,0,11,17,0,7,0,0,25,0,0,12,0,19,11,14,0,0,5,0,0,0,0
2,51,0,0,0,31,13,12,34,9,0,0,11,20,0,0,0,0,7,0,24,0,32,17,18,16,32,0,16,0,24,24
17,0,12,39,5,0,0,20,0,0,6,24,0,0,7,0,0,0,2,44,0,1,6,0,7,0,3,0,2,5,17,26
28,0,0,32,54,0,54,19,0,0,7,8,23,0,8,27,1,0,0,28,9,2,0,0,0,31,11,19,24,50,0,0
93,45,1,21,47,3,13,6,3,5,37,24,0,5,0,6,0,0,12,32,0,0,13,0,26,23,55,0,24,0,21,12
0,37,1,0,0,0,6,0,31,12,49,18,0,12,0,17,5,4,17,0,0,1,0,0,0,0,16,0,0,0,0,0
32,0,24,0,25,21,10,0,0,9,0,0,0,6,0,2,0,3,0,6,0,5,13,0,0,6,0,6,0,0,18,0
0,4,8,14,0,0,0,0,0,6,7,0,0,22,0,0,0,19,25,0,0,0,31,0,0,37,16,0,0,1,0,0
0,0,0,0,0,5,6,16,0,0,7,0,0,26,0,0,0,0,0,0,0,11,14,3,0,17,12,9,16,0,7,4
0,0,0,3,0,14,0,14,0,12,0,6,0,27,0,0,0,0,14,3,0,20,21,0,0,18,11,25,0,0,10,0
21,7,0,4,5,16,10,0,27,0,0,7,2,26,0,0,0,0,0,0,0,0,22,33,2,0,13,0,31,24,13,0
0,0,0,33,27,0,0,5,0,18,0,0,0,11,7,4,0,16,19,0,17,4,0,0,20,0,35,0,0,0,7,65
48,0,3,0,2,8,0,11,0,0,8,0,0,0,1,0,2,0,0,4,4,0,16,0,0,0,0,5,0,0,1,0
7,2,1,0,0,11,0,10,0,0,0,0,0,1,1,0,0,0,0,3,0,0,0,7,0,0,22,0,8,18,0,0
26,4,2,3,17,0,0,0,0,0,0,0,9,0,0,4,4,5,0,0,0,0,0,2,0,0,0,19,1,0,0,0
0,18,0,0,10,0,0,0,8,0,7,0,22,0,0,9,0,3,0,0,0,0,0,0,0,0,4,0,0,9,5,9
0,7,0,0,0,17,0,0,0,0,27,21,0,5,0,12,7,3,13,1,0,2,3,0,0,0,13,0,0,7,0,0
0,0,0,9,18,0,11,14,0,0,17,54,0,0,0,8,5,0,0,12,0,0,0,0,0,3,23,0,3,0,8,0
35,12,10,6,5,13,0,9,3,7,22,9,18,0,17,7,0,0,0,0,8,0,17,0,19,0,7,0,0,0,6,0
0,0,0,0,0,20,0,7,0,27,0,17,0,16,11,1,8,0,0,10,8,4,0,7,0,0,0,6,0,0,1,11
107,9,0,0,0,0,0,0,0,40,5,3,0,3,13,49,16,26,21,16,12,0,13,1,2,0,0,0,0,0,0,3
12,2,0,0,7,8,0,0,0,10,0,0,9,10,0,6,0,42,0,0,0,28,4,7,7,0,2,16,0,0,0,8
0,0,7,8,0,0,0,6,21,4,0,0,0,0,21,0,5,6,0,0,0,3,0,12,0,0,0,7,0,1,0,0
111,0,0,0,0,0,3,0,7,0,24,0,4,3,13,46,41,0,0,5,0,0,0,0,0,2,0,0,0,0,0,0
74,2,0,0,0,0,0,0,16,0,0,6,0,0,32,11,8,0,57,8,2,0,0,14,10,5,0,7,0,0,0,0
88,0,0,0,0,0,0,2,7,0,4,9,0,0,15,17,0,0,13,11,14,3,0,3,1,15,6,0,9,2,0,2
0,16,6,0,8,0,0,5,0,0,0,2,0,11,11,0,2,2,6,9,81,15,17,2,21,0,11,7,4,0,0,0
31,0,1,6,0,7,0,0,0,56,5,10,0,0,0,0,0,1,0,7,8,3,2,4,0,1,0,0,3,4,0,0
0,17,0,3,28,0,0,0,16,4,0,0,0,5,9,0,0,4,0,8,0,3,0,0,4,1,0,7,0,0,4,8
76,5,0,0,0,1,0,0,3,3,0,0,0,3,1,0,0,4,0,1,4,1,9,0,0,3,6,0,0,0,2,16
88,4,0,7,0,1,0,0,12,1,20,0,0,5,0,0,0,0,0,1,0,4,0,0,1,0,33,3,0,0,11,1
0,0,1,4,0,9,0,0,4,8,7,7,3,3,0,4,0,3,17,1,9,0,9,8,1,8,10,0,39,0,0,12
0,0,0,3,0,0,0,7,0,5,6,0,0,0,0,0,0,0,0,1,0,0,0,0,14,4,7,9,12,0,4,0
71,0,0,0,0,0,7,0,4,7,3,0,1,7,0,0,5,6,2,0,0,5,9,2,0,4,64,0,0,4,0,0
0,0,0,0,1,22,8,0,4,0,3,4,8,0,0,0,5,0,4,10,0,0,0,0,2,3,1,0,1,6,0,0
0,1,7,1,59,0,27,0,0,0,29,0,4,2,4,0,2,2,2,0,0,2,0,0,0,5,0,1,6,0,2,0
0,3,28,12,31,9,1,4,2,26,61,6,0,15,14,0,0,4,1,0,0,0,2,0,0,4,0,0,9,0,15,0
0,4,21,9,2,41,0,6,8,14,1,23,1,7,5,14,0,0,0,9,0,0,0,13,8,0,0,0,14,7,0,0
32,0,0,24,8,0,0,11,0,2,0,2,4,0,6,0,0,0,1,16,0,0,0,0,0,0,0,0,8,10,2,0
27,5,6,0,1,0,0,1,0,0,2,4,4,0,3,0,1,0,0,0,7,0,9,3,5,7,1,0,0,0,6,6
0,0,16,1,0,7,0,0,0,9,1,0,9,0,1,5,4,0,0,16,0,0,0,3,0,11,16,3,0,0,0,4
3,1,0,2,3,15,5,0,15,0,4,0,0,0,0,0,0,0,0,0,0,12,0,4,0,0,0,2,0,0,1,6
0,2,0,1,0,0,0,0,2,6,0,0,0,0,12,20,9,0,0,0,6,0,0,9,0,3,18,0,0,3,13,0
0,5,10,0,0,6,0,0,0,0,5,0,0,8,13,0,0,3,0,6,0,2,7,0,11,4,0,0,8,3,4,7
47,0,16,6,6,0,11,11,5,13,27,0,0,9,0,6,0,0,0,7,0,8,0,0,0,1,0,19,2,0,0,11
0,17,0,0,0,8,0,0,4,0,0,3,0,17,9,3,0,0,2,0,0,0,0,3,0,0,15,1,10,0,0,0
0,19,0,0,13,16,0,0,6,0,0,6,0,10,0,10,0,5,0,16,0,2,0,10,0,4,3,0,14,0,0,0
25,2,1,0,4,15,33,0,0,0,0,0,0,0,0,1,20,0,4,10,0,0,7,12,0,2,8,0,0,5,11,17
46,3,30,0,0,35,0,6,0,0,0,38,0,0,0,11,0,3,0,0,0,2,10,0,4,7,0,0,0,10,0,27
27,0,16,13,0,23,8,6,0,0,5,64,0,8,0,0,0,0,2,5,0,2,0,0,0,0,2,0,6,5,4,4
4,0,0,0,6,0,0,14,0,25,7,0,19,0,6,0,0,0,0,0,0,0,0,0,2,6,0,0,0,7,0,21
0,0,22,0,0,15,14,0,9,20,0,10,0,0,28,30,4,0,10,10,0,0,23,1,0,21,0,0,2,0,14,42
0,0,23,0,5,2,23,27,3,0,0,7,0,16,23,17,0,0,43,38,0,2,0,0,9,5,10,0,30,1,0,3
88,0,0,49,0,2,0,16,1,0,25,1,0,4,4,10,16,30,0,11,0,7,2,4,19,11,18,0,9,0,0,0
23,0,0,16,0,0,0,18,21,3,6,29,14,0,0,20,10,5,0,2,8,0,13,5,0,0,22,19,0,0,6,5
119,0,10,21,11,0,23,24,13,0,0,3,18,0,3,0,16,0,3,21,11,0,31,24,23,0,0,20,0,0,0,0
0,0,0,26,0,48,0,0,0,22,0,49,0,0,0,6,0,0,54,39,1,24,6,0,0,0,18,14,22,0,42,0
81,8,17,0,5,0,23,6,29,0,0,0,0,86,197,139,0,9,2,0,16,19,10,10,7,0,0,0,5,0,12,35
194,0,13,0,0,1,0,13,0,9,39,1,28,31,41,147,0,4,7,58,189,149,4,18,0,9,0,0,10,19,11,2
47,11,0,0,0,0,0,5,0,55,15,4,0,16,41,10,16,0,23,12,220,159,7,6,2,0,0,0,0,16,29,8
0,0,0,11,2,0,0,0,33,187,136,0,3,21,0,0,0,8,66,0,18,0,12,8,0,0,0,0,0,47,0,20
0,0,0,7,36,0,0,9,74,187,192,0,25,0,0,0,0,0,17,11,0,14,0,0,19,13,0,1,0,0,0,0
12,0,0,22,0,4,13,3,0,219,117,0,1,6,0,0,2,25,0,8,7,0,16,22,3,6,26,0,4,0,10,0
0,0,0,0,4,24,0,0,0,0,6,2,0,21,19,18,62,37,0,21,12,52,5,23,0,2,5,12,25,1,0,41
50,25,58,0,0,0,17,13,11,1,22,0,48,0,13,30,68,0,81,0,62,0,52,13,0,0,0,0,11,5,0,0
69,0,10,0,20,19,0,0,5,0,4,23,0,0,5,5,4,0,12,23,0,0,0,6,39,7,33,0,14,28,0,0
0,22,0,0,22,12,13,0,0,21,30,51,1,10,6,0,0,0,12,0,0,0,10,3,12,6,13,7,25,0,0,0
0,1,0,19,29,0,0,0,2,36,0,1,0,0,7,7,0,0,0,0,14,16,0,8,0,0,0,4,29,16,28,38
5,0,17,14,59,0,4,16,10,26,0,34,10,0,15,20,10,0,23,17,0,1,0,15,0,15,0,0,0,14,0,0
65,4,32,0,0,21,0,2,11,0,15,14,36,0,0,26,21,0,6,0,16,0,16,0,12,0,39,2,1,6,0,0
0,0,23,32,0,0,15,3,0,0,13,4,0,5,0,1,0,0,16,17,21,23,0,0,0,2,4,0,0,0,3,0
0,19,34,0,11,0,16,0,7,0,15,0,27,3,0,0,12,3,1,0,0,0,4,0,0,0,5,0,0,11,0,15
0,0,4,29,0,7,34,0,10,15,0,11,0,7,0,29,17,0,0,12,0,2,0,0,0,21,0,0,16,0,0,60
0,0,0,0,31,0,17,28,14,7,16,0,34,0,23,0,0,0,0,1,13,0,33,13,8,0,0,16,0,13,0,38
0,0,11,14,0,1,10,0,23,0,9,0,0,0,0,0,0,28,2,20,29,0,0,14,20,0,0,0,0,9,0,32
22,0,5,14,28,0,0,7,0,19,0,0,0,0,2,0,23,0,22,0,0,0,3,0,5,0,0,0,15,17,7,12
57,11,0,1,14,1,0,0,12,6,11,0,35,0,11,0,29,0,0,0,3,27,59,0,0,0,0,2,0,0,3,44
0,24,16,10,16,24,16,0,7,24,0,15,16,0,5,16,6,0,0,0,11,8,0,54,0,18,0,9,11,0,11,0
0,0,0,0,0,14,0,0,6,0,0,0,8,5,0,0,0,0,0,8,17,12,36,6,0,19,0,0,43,22,0,32
12,15,0,6,17,3,19,4,2,0,9,15,0,5,0,0,0,17,0,25,26,9,0,0,2,42,9,0,3,0,0,42
0,36,0,0,19,0,0,4,0,0,21,28,1,6,9,4,0,0,0,0,0,22,23,1,0,21,0,0,0,8,0,0
0,61,5,0,0,10,0,0,0,22,8,18,0,9,6,13,50,7,0,0,0,25,0,9,0,23,0,16,17,0,7,24
59,38,0,19,12,11,0,32,3,0,29,0,72,37,20,0,75,3,3,0,0,0,0,46,0,0,47,0,0,5,10,1
0,27,26,0,13,0,0,0,26,0,25,16,8,34,20,17,0,20,0,0,0,0,6,11,8,0,2,0,0,13,2,0
0,0,0,24,0,0,0,14,0,0,20,26,50,21,9,47,29,44,54,28,0,5,0,0,0,0,8,0,0,0,0,8
77,16,6,0,14,11,0,10,3,6,0,0,0,0,28,21,9,44,0,0,3,0,0,0,1,0,26,13,2,0,4,43
31,22,0,0,0,26,1,8,5,0,5,26,0,0,32,35,45,0,41,0,35,0,0,0,0,18,3,37,39,0,16,39
0,7,0,0,0,1,0,0,0,34,0,7,0,0,26,42,0,0,0,0,0,0,0,0,0,15,16,0,18,0,18,0
92,15,0,6,4,33,0,0,0,15,26,1,0,0,0,11,9,9,21,0,20,0,0,0,0,0,0,0,4,21,0,9
0,0,0,12,0,0,36,19,0,9,0,1,15,34,193,144,39,16,12,15,54,0,0,0,16,0,7,3,0,25,3,13
41,0,0,16,0,0,0,9,0,5,29,0,0,39,78,240,0,6,0,19,159,1,13,0,6,0,32,0,5,0,0,10
0,3,0,0,0,6,0,33,0,14,0,8,0,3,22,0,21,23,0,79,191,203,0,0,0,0,0,0,0,0,10,0
0,0,0,0,30,0,19,34,0,0,4,0,8,14,27,0,12,16,0,38,215,172,27,0,0,4,0,0,8,0,0,0
0,0,0,0,13,0,18,0,0,0,32,0,8,23,0,0,0,8,3,6,7,0,18,13,0,0,0,0,0,0,11,22
25,0,0,0,0,30,20,0,0,16,42,0,24,0,0,0,11,47,13,0,11,0,78,37,13,5,11,0,0,0,12,0
2,0,36,0,20,0,4,21,2,0,31,44,0,0,17,17,19,0,0,14,0,0,14,0,25,159,135,6,46,16,7,0
0,11,0,21,10,0,0,0,0,1,0,20,6,5,5,0,0,0,14,17,0,9,7,0,154,48,182,46,30,0,8,0
72,0,0,0,19,1,5,0,2,0,0,0,0,21,10,0,0,14,0,0,23,18,11,1,72,212,40,0,5,0,18,0
0,3,2,18,0,11,0,0,0,0,58,0,15,11,3,0,0,37,2,0,0,0,11,14,22,0,14,2,18,4,0,13
26,0,0,42,4,0,0,0,4,5,32,0,14,10,0,0,0,0,0,0,10,0,18,17,15,0,0,9,0,0,0,0
0,5,5,0,24,42,19,16,6,59,61,10,0,0,15,0,1,0,0,0,2,0,0,1,0,0,0,0,34,27,34,0
30,11,0,61,42,0,21,0,8,22,0,0,3,11,0,13,20,0,2,21,0,0,10,0,5,0,14,3,0,0,3,0
6,2,0,2,0,0,40,48,0,3,0,0,10,9,0,9,17,0,20,8,0,0,6,3,13,0,5,0,0,27,0,0
0,3,14,0,0,17,8,0,2,0,32,1,12,0,0,0,0,23,2,9,0,0,8,10,25,0,9,19,0,0,0,0
28,18,1,21,8,0,0,0,4,6,0,16,14,20,0,2,16,0,0,19,0,0,0,9,6,0,0,1,3,1,1,15
0,0,0,0,10,1,12,0,0,4,0,4,2,8,22,16,12,3,8,4,0,3,0,23,15,0,0,0,10,0,5,10
0,14,0,5,14,9,0,0,16,0,19,0,26,22,0,0,0,5,0,0,0,7,0,39,0,12,0,0,0,0,0,0
26,21,0,0,7,24,0,18,19,7,0,0,1,31,0,3,6,0,23,0,15,0,0,15,0,0,0,0,8,0,16,0
56,8,0,0,0,0,0,0,0,10,0,2,0,3,0,14,0,0,4,5,0,0,9,0,1,0,10,0,17,0,0,0
5,0,0,2,0,0,7,0,0,0,4,0,1,0,0,7,0,0,0,0,0,0,2,0,0,2,10,0,0,9,0,6
0,8,12,7,6,0,0,0,0,2,0,0,0,0,4,0,0,0,7,10,7,0,5,3,1,0,0,0,0,0,0,14
2,0,3,0,0,0,5,0,2,4,21,0,0,5,0,0,0,1,0,0,0,9,0,0,0,0,14,4,5,0,0,0
0,0,0,0,0,1,1,0,0,6,25,26,10,9,0,0,0,8,0,3,0,0,0,1,9,0,3,7,0,0,0,0
0,0,0,8,3,0,0,0,0,0,16,77,0,0,0,9,3,0,0,2,0,0,3,0,0,3,20,0,0,0,0,0
22,3,0,3,0,5,0,1,2,28,7,0,0,0,0,1,1,0,0,4,0,0,2,8,0,0,0,0,0,0,0,11
0,0,0,4,3,0,5,0,0,49,4,3,6,12,18,0,6,1,0,1,0,0,2,0,0,7,0,0,0,0,0,17
0,0,0,5,2,1,0,0,0,45,0,3,10,0,9,50,0,14,29,0,14,9,5,0,0,0,0,0,1,4,0,12
135,0,15,0,2,0,3,17,3,0,3,4,7,0,14,19,0,24,5,7,0,24,0,0,2,10,2,0,0,7,0,0
0,9,0,0,0,1,18,7,12,0,0,5,0,3,4,0,8,9,0,0,1,12,0,0,0,6,6,8,7,0,2,0
123,0,0,0,0,1,9,0,0,8,23,0,10,16,7,0,6,0,0,0,0,0,0,14,0,0,0,0,0,0,19,0
0,1,0,2,0,0,1,0,2,0,0,6,0,0,22,0,1,0,59,0,0,0,1,8,4,0,0,5,0,0,0,0
93,0,4,3,12,0,0,0,0,0,14,0,6,5,0,0,0,2,15,1,0,0,26,0,7,0,3,0,0,2,0,0
14,0,0,5,0,0,0,5,0,0,0,4,3,3,0,1,5,0,1,4,0,21,7,11,6,1,14,2,5,0,0,8
107,0,0,0,0,0,2,0,8,37,3,0,1,1,0,4,0,2,3,7,57,0,5,0,0,0,0,0,0,0,0,0
48,0,0,3,30,5,0,3,0,8,0,9,0,0,0,6,0,2,9,0,12,6,0,0,5,5,1,0,2,0,0,0
73,0,2,5,6,0,0,9,2,0,0,3,0,5,8,0,6,0,12,1,1,0,0,0,0,0,16,8,8,0,3,0
74,0,1,2,0,0,0,0,0,6,0,0,0,1,2,0,1,1,14,2,0,3,0,2,1,0,14,3,0,0,2,7
76,20,1,9,2,9,0,0,0,8,0,0,0,0,3,0,0,2,11,0,0,4,0,12,0,0,9,0,23,0,0,0
58,0,1,3,0,16,0,12,0,0,0,16,0,4,1,0,3,3,12,12,0,0,0,0,1,8,51,68,30,0,0,11
103,10,0,0,0,3,0,0,0,9,4,0,0,9,6,0,0,3,0,0,0,6,0,0,33,0,48,7,0,0,8,34
0,5,4,0,7,13,2,0,0,0,0,0,0,3,0,5,7,6,0,0,0,6,0,0,16,0,12,0,0,0,0,0
0,7,0,0,61,2,13,5,0,0,18,0,0,7,0,8,6,0,0,0,7,0,0,0,5,4,0,0,6,1,0,0
0,16,9,16,15,6,0,0,0,22,52,11,3,12,3,0,1,0,0,0,0,0,0,0,1,0,2,0,0,2,2,0
0,0,21,10,0,19,0,0,0,38,42,51,3,0,0,11,4,3,2,0,0,3,0,0,3,2,0,0,1,0,3,10
0,0,0,0,0,5,0,0,0,0,0,0,0,6,0,0,6,7,0,0,0,1,0,0,0,9,0,7,10,11,0,0
0,0,4,0,0,8,0,0,5,7,3,0,6,1,0,2,10,5,0,0,0,0,21,10,0,0,0,1,0,0,0,13
22,6,11,3,4,0,7,7,9,0,9,0,0,0,0,0,0,0,0,2,7,1,0,0,0,8,0,0,6,0,4,1
0,0,2,2,3,0,6,22,0,0,0,8,0,0,0,2,7,0,0,0,0,0,0,0,10,0,6,0,13,0,0,0
0,0,5,5,5,0,0,3,0,3,0,1,5,0,0,2,3,2,0,2,0,0,0,0,0,0,9,0,2,0,0,0
0,0,0,0,2,4,0,5,2,0,3,0,3,0,0,1,0,0,0,4,1,0,0,0,0,6,0,0,0,1,1,0
72,3,0,4,6,0,0,6,0,0,9,0,0,0,0,4,0,0,0,0,2,0,0,3,4,0,0,2,0,0,0,12
0,8,0,3,10,2,0,10,0,13,1,0,0,0,0,0,0,0,0,1,4,0,0,0,0,3,3,0,0,7,3,0
2,6,0,0,0,13,5,0,0,1,4,0,0,17,8,0,0,5,0,0,2,4,0,0,7,7,0,11,0,0,11,0
0,0,2,0,3,1,9,0,5,0,0,3,0,10,0,0,3,0,0,1,0,0,0,0,0,0,0,0,7,0,0,0
28,4,5,0,0,1,0,0,10,0,29,20,4,0,1,8,1,0,3,0,0,1,4,5,0,0,9,0,0,0,7,0
0,8,6,2,0,6,1,0,0,3,10,62,0,5,0,0,6,3,9,0,0,0,0,0,0,0,7,5,0,0,0,8
2,14,4,0,0,2,0,0,1,28,33,5,0,0,0,0,0,20,0,0,8,0,7,0,3,9,0,2,0,0,0,29
0,0,0,6,0,0,5,0,0,39,0,11,0,6,24,0,0,2,2,0,0,9,0,0,0,0,0,5,1,0,0,0
67,9,0,0,0,5,0,0,0,48,0,3,0,0,0,51,24,26,40,2,0,0,7,0,1,0,3,0,0,0,4,0
109,0,5,0,18,5,0,5,3,0,2,0,2,2,7,5,0,37,4,0,2,9,2,0,1,5,1,0,0,0,0,21
0,14,0,0,0,8,0,0,0,2,0,0,0,5,0,0,5,7,2,1,14,2,2,12,0,0,0,0,0,0,13,0
53,0,10,4,16,0,9,2,0,0,0,0,1,0,20,20,20,0,0,1,0,0,0,0,0,4,6,0,12,2,0,6
0,5,18,0,4,0,4,3,0,0,26,7,1,4,18,3,10,0,86,6,5,0,0,0,0,6,0,1,0,5,0,0
0,1,3,0,0,0,3,2,2,0,1,2,0,0,9,5,3,0,12,0,4,7,4,8,0,0,10,6,5,2,16,0
0,0,0,1,1,3,0,0,0,4,3,0,0,15,4,0,0,19,0,0,0,9,12,0,3,1,21,16,0,0,11,0
108,0,0,0,14,0,0,0,7,39,0,0,0,9,0,0,0,0,0,7,22,0,0,0,0,0,8,0,4,14,0,3
0,0,2,3,31,0,8,1,1,11,0,0,0,0,1,4,0,0,0,0,4,1,0,10,8,0,0,0,2,0,4,0
8,1,8,0,11,0,2,14,12,0,0,0,0,3,0,5,3,2,7,0,0,0,12,1,0,0,9,0,7,12,0,38
100,0,22,26,0,0,7,29,13,0,7,0,0,0,0,0,0,0,0,4,14,6,0,0,5,12,30,0,2,22,0,0
123,0,0,16,0,11,0,0,0,11,25,0,12,0,2,0,0,0,0,4,0,6,0,3,0,7,0,7,0,4,2,1
99,0,0,3,0,11,22,0,0,0,0,35,0,2,18,0,0,0,32,0,0,1,0,1,4,0,0,17,73,23,0,0
18,10,9,0,16,0,12,0,0,2,0,0,17,32,2,26,28,0,0,0,0,19,0,12,35,1,52,0,14,0,21,24
0,0,9,0,7,0,0,0,4,0,30,27,0,8,0,0,6,7,4,7,2,0,0,11,16,0,13,0,21,0,0,0
0,15,0,6,0,11,45,1,16,0,12,26,1,0,0,0,0,3,0,0,12,19,26,0,1,0,18,12,12,0,29,0
16,6,40,14,45,5,29,3,0,32,7,12,0,0,6,2,10,0,11,6,0,0,0,5,1,0,8,0,3,4,0,27
61,0,48,5,0,33,0,0,0,36,33,75,2,11,0,16,0,0,1,3,16,29,4,0,1,0,0,6,20,1,0,0
0,0,2,0,0,0,8,0,0,9,7,18,2,3,3,5,0,2,13,0,6,0,20,14,0,0,0,0,0,0,2,0
6,0,0,0,5,11,5,0,8,2,26,0,0,14,0,20,0,7,0,0,11,0,26,0,9,8,0,12,3,0,7,0
0,20,21,0,5,0,10,33,0,17,15,0,0,0,0,0,0,0,0,0,7,0,0,7,0,0,0,0,0,0,17,0
0,0,0,1,1,6,2,0,0,7,6,13,0,0,13,18,0,0,7,7,0,9,22,0,7,0,10,0,0,6,20,6
27,2,0,0,13,8,0,8,0,16,20,20,0,0,0,0,19,2,16,5,8,0,22,11,0,0,0,0,0,0,16,8
21,2,0,17,0,0,11,0,16,3,16,9,0,8,2,16,0,11,19,0,20,0,20,5,6,0,1,7,2,0,9,0
111,38,20,0,0,0,0,27,0,0,5,50,0,9,0,29,14,0,0,0,9,0,0,20,9,0,10,0,12,12,0,0
22,12,18,25,0,0,13,0,0,0,0,0,0,0,1,12,6,0,0,14,0,27,0,3,0,0,8,0,1,10,14,0
41,8,10,0,7,0,12,0,14,0,0,0,21,17,0,24,0,0,0,21,0,0,5,9,13,15,3,16,0,16,9,0
38,0,13,3,0,0,16,0,0,2,0,1,2,0,12,28,20,3,0,0,0,17,0,3,0,0,15,23,0,4,3,41
0,0,0,0,0,0,22,8,0,7,0,29,0,0,13,0,0,0,17,24,20,9,0,0,0,0,32,0,26,26,2,0
57,5,0,0,44,5,0,29,0,0,44,11,39,0,19,0,15,11,12,0,0,0,17,1,19,0,44,0,0,0,0,64
0,8,0,0,0,16,0,5,16,26,26,33,15,41,11,0,0,0,4,16,3,20,8,0,13,28,0,24,9,1,0,14
28,10,0,1,23,0,0,0,0,16,0,16,22,1,74,74,15,5,7,0,0,0,4,0,6,0,7,1,6,0,8,0
0,3,37,21,0,13,0,32,0,24,19,39,0,152,197,189,17,0,3,25,182,4,0,0,0,22,0,0,0,0,42,0
59,23,0,0,28,7,0,6,35,57,3,0,3,0,194,30,0,10,0,15,195,46,0,0,31,0,0,0,20,0,29,0
0,0,4,17,28,10,29,23,203,196,21,48,1,0,20,5,0,12,0,27,17,126,0,6,0,0,0,0,0,8,0,9
0,24,11,0,0,0,0,9,74,195,154,2,0,0,0,0,0,0,12,26,46,5,0,6,0,8,48,20,0,19,0,74
46,3,20,0,9,2,0,0,204,35,217,0,4,12,4,0,26,0,63,0,0,0,0,8,0,0,0,0,15,29,28,0
0,43,0,0,0,15,0,0,0,16,41,17,18,0,14,10,13,38,0,0,24,5,63,0,11,22,38,15,18,0,33,14
140,0,0,21,6,0,34,0,17,0,18,18,0,1,0,0,0,24,6,10,23,6,22,0,0,197,54,0,0,6,2,0
0,0,0,0,0,7,1,15,2,26,0,11,0,0,0,0,0,11,42,2,36,0,0,8,0,107,106,0,3,0,2,0
0,32,3,0,0,19,5,0,0,5,0,51,0,26,0,6,0,3,41,0,1,0,17,13,21,8,0,0,0,0,22,0
0,0,0,0,1,27,21,0,22,29,0,0,59,8,0,15,0,0,27,0,9,40,0,0,0,0,0,35,0,10,0,0
80,0,0,8,0,6,17,0,0,0,25,0,7,2,40,9,16,8,8,0,0,12,0,0,20,0,18,0,21,0,18,29
114,15,0,10,36,35,34,0,0,33,28,0,22,0,3,18,13,0,0,34,1,0,0,0,0,37,17,0,61,1,16,8
0,0,39,0,20,0,3,3,0,44,54,0,0,7,16,1,0,0,0,0,0,7,0,13,0,0,7,36,0,0,0,25
64,0,0,0,10,11,0,0,32,0,16,24,0,0,0,10,0,19,0,18,11,0,12,30,16,37,104,0,0,0,22,13
0,0,29,18,0,0,0,0,27,21,4,21,0,0,6,2,0,0,0,0,0,2,0,1,9,2,3,0,14,0,0,0
52,0,1,4,48,0,0,9,0,4,32,0,15,13,0,0,0,0,0,11,11,0,15,3,0,0,0,0,26,0,12,24
0,0,12,0,37,51,0,21,12,38,48,28,9,0,0,13,0,7,3,5,7,14,32,0,2,0,0,5,0,26,0,0
0,5,11,14,23,0,20,39,22,7,10,99,16,0,10,0,0,6,0,34,12,0,0,0,1,8,0,3,3,41,3,24
71,0,40,0,0,9,14,7,0,0,0,0,0,0,16,14,46,0,15,0,26,0,0,0,23,7,26,0,0,5,0,0
8,0,8,0,11,0,19,22,26,0,20,10,0,0,22,36,22,0,44,5,11,4,21,32,0,0,0,8,0,35,0,1
0,0,10,10,29,0,0,0,15,11,3,28,0,0,0,47,0,0,0,19,23,10,0,4,10,7,6,10,0,38,0,17
39,1,0,30,20,0,10,23,0,0,1,0,16,39,16,15,19,22,0,11,0,0,13,43,27,0,0,0,0,29,0,0
16,0,29,37,0,0,0,0,16,10,0,15,0,10,0,0,0,0,0,3,0,0,0,1,0,8,10,0,0,8,0,0
14,0,1,5,11,0,0,12,6,0,5,58,0,28,9,0,23,0,6,0,0,0,2,0,0,0,0,1,16,18,0,0
75,1,5,0,14,20,34,0,0,0,28,11,4,0,26,11,0,2,0,7,0,16,0,0,0,17,15,15,0,0,0,22
0,0,0,8,25,5,24,1,7,0,18,3,13,0,0,0,0,3,0,0,7,0,5,2,19,6,0,6,0,13,0,0
19,12,8,15,0,0,13,17,0,0,25,0,0,9,0,0,0,4,0,9,0,0,12,0,16,10,15,6,9,0,0,9
0,3,0,0,26,0,1,3,32,4,21,25,10,12,27,0,17,0,0,0,0,0,0,38,22,9,0,13,8,0,0,21
49,0,0,20,0,0,0,17,0,0,0,0,0,7,18,0,0,14,0,30,0,0,4,0,14,11,20,19,33,7,0,0
5,1,5,0,9,0,9,0,0,1,11,29,27,0,9,0,12,0,43,13,0,0,0,5,19,18,26,0,21,1,5,0
9,9,0,16,31,23,0,4,0,0,44,1,0,21,0,20,8,0,2,14,1,0,0,0,8,0,0,0,3,0,0,0
0,0,7,0,17,7,13,6,2,9,37,4,0,17,242,246,0,0,0,6,0,0,0,0,0,3,0,0,0,0,0,16
0,8,11,0,0,0,0,0,0,0,0,0,11,98,54,90,41,10,48,69,187,11,2,0,0,0,26,29,11,1,21,18
0,2,0,29,0,3,0,13,9,4,0,7,0,0,115,9,0,0,10,184,187,89,21,0,14,0,0,2,0,4,0,0
0,11,0,7,0,23,0,0,20,0,28,20,0,0,0,7,7,0,0,0,81,11,0,0,28,17,29,20,1,0,0,0
90,19,0,0,0,0,7,14,20,67,0,0,14,5,17,11,4,0,0,0,2,10,10,16,0,8,32,0,29,30,2,0
0,26,0,0,0,25,0,0,0,0,83,10,0,0,18,5,10,0,60,0,27,18,0,0,0,16,0,0,0,0,38,0
0,13,0,0,15,23,10,0,2,13,37,0,0,23,7,0,27,2,37,0,0,1,21,0,0,140,69,23,6,3,0,0
100,36,2,0,0,0,6,0,0,0,8,2,0,11,0,0,0,34,8,12,11,6,3,2,15,173,107,0,0,0,0,5
0,23,0,0,19,11,0,0,2,21,0,3,2,1,0,0,19,3,0,0,15,0,0,0,9,0,0,3,1,12,0,30
0,8,0,0,18,6,0,16,0,0,0,3,0,6,3,15,0,0,27,0,0,0,18,5,21,0,20,0,1,0,0,0
27,0,0,6,15,16,0,0,10,5,14,0,0,0,9,0,21,9,40,0,17,0,8,8,5,0,19,0,35,3,32,16
106,25,0,0,0,0,1,0,2,0,0,10,0,5,0,3,1,6,15,0,6,21,6,7,0,0,0,1,4,2,7,0
45,0,14,0,0,0,11,0,17,9,30,0,0,8,0,11,5,0,5,24,2,20,11,36,0,0,0,10,8,0,11,0
0,0,0,14,13,17,8,10,0,3,12,18,20,17,12,0,0,0,9,4,0,0,11,16,4,0,0,55,41,0,0,0
81,0,0,0,0,28,0,0,17,9,16,0,0,6,0,2,0,0,0,0,0,13,7,0,39,0,22,0,0,0,3,40
31,6,14,0,19,16,1,0,0,0,45,24,0,2,0,23,0,0,0,5,0,0,4,0,0,0,19,9,0,7,0,7
0,0,0,17,64,0,25,9,15,0,37,0,0,0,0,0,23,0,16,5,0,0,0,4,0,0,10,1,8,0,0,0
0,5,29,21,35,10,14,0,0,16,31,11,5,10,2,0,0,9,3,11,0,0,0,12,0,0,0,0,0,0,3,0
0,8,17,1,0,42,0,0,0,36,48,36,0,16,0,0,0,0,0,0,0,10,0,0,5,0,9,25,0,0,9,0
0,1,2,22,0,0,0,2,0,0,1,2,0,0,0,0,0,0,0,2,2,0,0,12,0,0,0,1,0,3,0,0
16,2,9,12,0,0,0,11,0,0,0,0,8,0,5,0,0,0,0,0,0,0,0,0,1,4,0,0,9,0,0,12
0,0,0,5,0,0,0,0,0,5,0,6,0,0,0,0,0,2,0,8,8,8,9,5,0,5,0,0,0,4,2,5
0,0,5,0,0,1,5,11,0,0,0,19,3,0,1,0,7,8,0,1,0,0,0,2,0,12,10,0,0,0,8,2
1,0,0,1,0,0,7,0,0,0,6,2,0,6,0,0,0,0,0,3,0,0,3,0,3,0,0,0,0,9,7,1
0,0,0,3,0,0,8,0,14,1,2,0,0,0,3,0,0,0,0,6,0,6,2,4,0,0,0,3,5,0,1,0
92,7,1,0,0,2,0,0,0,0,10,0,4,16,1,0,0,0,0,8,0,3,0,7,1,5,0,0,0,0,4,9
0,0,0,0,0,0,7,0,3,0,0,0,0,4,0,1,5,0,0,7,6,5,0,1,0,0,0,0,0,1,0,0
3,0,0,1,4,7,10,0,2,6,7,0,0,0,1,0,0,1,0,0,0,0,0,2,0,0,3,0,2,4,9,0
0,1,2,0,0,0,0,7,3,13,9,0,0,5,2,3,2,0,0,1,0,2,11,0,2,5,6,0,5,0,0,9
0,5,0,5,2,0,0,7,0,0,26,23,0,0,0,7,2,0,0,2,0,0,0,0,0,0,0,0,3,1,11,17
0,0,0,0,0,0,1,0,0,1,0,35,3,3,0,0,0,0,2,0,2,0,0,0,0,2,0,2,3,0,3,14
21,0,0,2,0,9,7,1,0,33,18,3,0,0,4,0,10,1,6,5,0,2,0,0,3,0,4,0,1,16,0,0
34,2,8,2,2,7,12,0,0,43,3,7,0,13,22,2,8,0,1,0,4,3,5,7,0,0,0,0,0,0,1,18
0,5,0,0,0,0,0,0,2,33,17,0,0,21,0,32,4,0,12,0,5,5,4,0,0,5,0,0,4,0,4,7
108,2,0,1,0,0,0,5,0,0,0,6,0,0,0,8,0,5,0,0,0,2,0,0,0,0,0,9,0,0,3,22
0,0,0,1,0,0,19,4,26,0,41,0,0,6,12,25,0,0,0,0,0,0,0,0,0,2,5,0,4,7,10,0
114,0,0,3,0,11,0,12,5,11,26,0,0,0,0,32,0,0,4,0,0,0,0,1,0,0,0,0,0,1,0,0
0,0,0,4,16,0,5,10,0,5,38,0,0,0,0,4,0,0,84,0,0,10,0,0,0,3,10,0,10,0,0,0
0,0,16,0,0,0,0,2,3,0,21,0,0,4,0,0,0,1,6,0,4,0,0,0,0,10,0,1,0,8,2,14
160,16,3,2,0,0,0,9,7,9,21,0,0,5,0,9,0,13,9,9,7,8,2,1,9,0,9,2,12,10,0,2
65,4,4,0,0,0,8,16,4,35,0,13,4,3,0,7,1,0,0,4,4,4,0,6,0,1,20,4,0,0,8,0
0,10,14,0,2,0,0,16,0,0,9,16,0,0,0,14,0,4,0,8,1,8,0,0,0,9,0,10,0,0,5,4
24,0,0,16,0,0,0,2,0,0,0,1,0,0,8,9,0,0,0,5,0,12,0,0,0,0,0,2,0,16,0,3
0,0,13,0,0,1,4,25,0,29,0,12,9,0,33,14,0,0,9,0,0,0,7,2,0,8,10,0,9,7,7,5
0,1,6,9,0,31,32,0,0,7,0,0,0,0,0,0,1,2,3,0,14,0,1,1,7,49,0,0,18,0,6,11
0,28,0,0,17,24,12,0,11,4,0,9,4,0,21,13,22,0,13,0,0,13,0,0,0,35,6,13,52,0,17,21
0,25,8,0,2,26,1,0,16,0,24,10,19,0,0,0,16,0,2,20,7,0,11,21,15,8,60,0,11,6,0,0
55,0,0,13,17,8,0,0,0,8,51,5,0,1,3,24,4,0,2,0,0,0,3,0,4,1,0,0,0,0,3,0
58,0,9,0,9,0,4,15,16,0,26,5,0,14,0,29,10,0,7,23,0,7,0,7,0,0,0,0,6,0,0,7
0,16,24,7,14,4,19,12,0,12,2,7,0,0,0,0,12,0,0,18,3,0,0,0,0,12,20,0,4,22,18,7
0,0,30,18,0,0,16,3,0,0,22,43,0,29,16,0,0,0,0,12,0,0,0,2,2,0,13,15,2,9,0,0
60,0,0,19,26,0,0,8,0,2,21,1,0,24,0,0,4,9,11,0,0,10,0,2,16,0,0,0,20,3,0,0
31,0,19,0,0,0,13,0,7,4,0,0,29,9,6,0,2,0,7,1,0,0,4,0,5,0,0,22,13,0,3,7
45,0,5,0,20,10,0,13,0,0,30,0,0,0,0,5,0,0,2,26,0,3,1,0,0,1,2,2,0,22,0,7
6,0,36,0,26,20,10,0,12,0,8,29,5,0,0,8,25,16,19,0,0,0,0,20,1,0,0,12,0,0,0,17
0,4,12,8,0,0,21,28,4,16,2,0,3,15,1,0,8,10,0,0,0,2,2,0,2,13,34,0,28,2,0,0
20,0,16,0,18,0,0,0,0,0,0,26,17,32,0,10,0,16,0,0,0,11,5,14,0,2,0,0,5,5,15,0
81,0,0,0,0,0,0,43,4,2,0,0,0,0,0,8,0,0,0,0,5,18,0,0,0,0,0,6,0,0,0,8
1,0,6,0,22,0,19,16,0,7,0,14,0,40,19,2,0,16,0,8,0,4,9,7,0,0,51,0,9,0,3,14
0,0,14,8,0,15,0,0,0,7,0,0,21,7,9,0,26,0,4,14,1,0,0,25,0,5,0,0,4,22,0,0
0,0,15,0,0,5,0,21,8,0,0,12,0,0,0,13,0,0,19,10,0,0,0,0,8,10,0,0,0,0,0,0
44,0,0,32,8,0,0,20,0,0,0,10,6,69,24,9,0,0,26,0,17,0,0,1,3,0,11,0,17,11,19,0
58,10,0,16,0,6,0,5,0,3,16,0,186,191,52,0,0,48,45,77,1,0,32,0,0,3,0,11,0,13,2,21
55,2,0,0,0,3,10,0,23,0,0,31,216,190,61,21,6,226,195,92,20,18,0,32,17,0,0,0,0,0,9,0
8,30,0,17,0,0,29,17,0,12,8,0,16,61,0,0,0,51,201,12,0,0,29,0,16,0,12,23,8,0,5,6
0,9,0,12,13,0,0,198,190,0,0,19,0,0,0,20,2,0,12,33,0,3,0,0,0,0,31,0,56,0,8,0
0,16,20,0,51,9,21,198,188,0,0,25,0,20,0,0,0,21,5,0,7,8,11,1,0,0,0,19,0,19,0,14
0,0,9,0,0,15,1,130,6,2,58,0,16,0,6,0,71,2,0,0,17,0,0,3,0,24,25,0,44,0,0,11
0,27,57,0,16,0,23,5,21,25,11,15,0,2,1,0,7,28,1,0,13,27,19,0,117,146,147,0,33,1,0,3
0,3,51,0,0,0,0,17,0,0,2,3,0,14,1,10,0,0,0,25,0,0,0,28,59,251,14,0,38,26,0,0
2,30,22,6,0,5,0,0,0,0,0,29,1,0,5,28,4,0,0,0,18,9,42,0,0,11,25,0,5,0,0,1
116,2,6,0,28,12,41,6,5,0,35,8,0,12,0,0,0,11,0,1,23,0,16,16,0,0,27,0,16,0,7,17
130,0,2,6,2,23,36,18,0,1,14,0,0,0,5,16,25,0,18,11,0,15,0,12,18,54,0,0,0,10,0,0
100,19,0,0,12,54,0,0,0,12,11,20,57,29,10,0,0,0,21,0,30,22,20,8,0,5,0,14,0,2,0,52
55,14,0,0,19,0,5,6,0,0,0,11,0,0,0,0,0,0,19,12,5,5,6,4,0,16,8,28,0,26,0,0
0,39,24,0,0,0,12,3,0,5,14,0,24,0,1,0,21,0,0,6,0,0,0,10,25,0,0,16,0,1,0,0
0,12,0,28,0,0,0,2,7,36,0,0,0,48,0,0,12,0,9,0,0,0,12,45,0,0,3,0,52,0,0,34
56,20,0,0,11,14,0,0,10,13,24,0,26,30,0,0,0,9,0,0,10,37,0,0,0,23,0,77,65,0,14,18
10,0,0,15,16,48,43,0,22,36,34,0,0,55,3,0,11,26,18,0,18,16,7,1,0,0,48,26,5,0,12,0
0,12,0,0,0,0,0,0,0,7,32,12,0,0,7,7,3,0,0,7,0,27,0,17,0,0,0,7,0,2,0,36
0,17,4,16,32,0,33,2,6,10,0,0,18,33,0,3,1,19,0,16,0,0,0,0,8,0,0,20,25,0,0,24
0,0,37,26,48,0,7,0,0,51,0,28,13,11,26,0,12,0,10,0,0,1,16,11,10,0,0,22,20,3,0,0
62,28,4,0,30,29,0,0,29,47,33,36,0,18,21,0,13,19,22,2,20,7,0,0,0,0,5,8,23,0,17,1
0,13,2,0,10,29,7,0,5,12,0,0,35,16,0,2,0,21,0,0,0,32,27,0,12,0,29,0,0,28,21,2
22,11,3,0,14,19,0,1,27,0,0,10,16,7,0,0,0,0,22,0,0,0,27,24,11,0,0,53,42,12,0,0
0,0,0,25,15,0,16,9,0,0,0,0,0,36,0,25,0,0,0,41,0,6,0,1,0,0,0,0,0,4,10,7
0,15,35,0,0,10,0,0,21,3,14,0,14,0,7,24,0,0,0,0,13,3,0,6,0,0,0,0,0,0,0,42
0,0,0,24,0,0,12,0,0,0,0,46,1,8,0,12,0,7,1,11,3,11,0,11,2,5,0,16,6,14,0,28
0,22,6,0,0,12,23,6,0,0,16,0,0,16,0,14,0,29,0,23,0,0,8,2,0,2,20,0,16,0,9,5
87,0,12,0,37,0,0,0,0,0,4,0,0,7,0,0,4,0,0,14,0,1,0,5,0,0,0,0,18,0,0,0
29,0,0,23,1,0,0,15,0,0,0,5,6,0,19,27,0,0,6,5,0,0,20,0,0,0,0,0,4,13,0,0
21,0,0,0,11,0,0,9,0,0,0,1,0,0,12,0,19,6,0,3,2,0,0,23,32,11,18,0,33,0,15,0
44,0,0,31,50,28,0,9,16,0,0,7,0,0,25,7,38,9,24,2,0,15,0,22,0,0,0,0,18,12,22,0
0,15,33,0,0,3,7,0,0,0,13,0,62,240,12,0,0,0,0,0,0,5,6,0,13,8,0,0,0,11,18,28
69,0,26,16,2,4,0,24,0,0,0,65,66,18,39,5,0,144,100,113,1,0,0,0,0,0,17,0,0,2,0,0
77,0,23,0,0,26,0,0,0,5,0,24,80,88,21,3,9,193,227,40,0,0,30,0,0,18,0,14,0,0,5,22
120,0,0,0,33,0,0,0,19,0,13,0,0,38,0,2,12,88,242,1,1,0,0,0,7,2,9,0,20,0,0,18
0,15,0,27,0,17,0,29,21,31,0,0,0,0,8,5,0,7,0,17,5,10,13,16,0,2,37,0,15,39,0,0
99,19,11,17,0,0,0,16,0,0,0,5,6,9,22,0,0,31,19,8,0,5,0,3,0,5,0,51,0,0,12,17
0,0,0,9,0,9,32,19,0,36,26,0,55,25,0,0,12,0,8,0,0,27,4,4,34,0,2,7,22,3,0,13
39,0,0,33,24,0,3,9,13,0,48,18,12,34,0,34,0,0,2,0,4,5,20,5,151,194,10,1,4,6,0,0
0,17,0,0,0,0,11,6,0,0,32,0,0,0,33,0,9,0,15,8,0,4,0,0,18,41,14,22,0,0,25,0
68,0,30,0,23,0,0,39,0,11,0,0,0,0,0,20,30,16,0,0,0,0,0,0,2,4,21,3,0,1,24,12
41,31,0,0,0,0,0,14,2,0,18,0,2,35,14,12,11,0,15,0,42,0,62,21,20,6,8,19,0,0,12,27
0,6,0,7,16,0,0,12,0,28,0,0,5,8,0,14,0,0,7,0,7,3,0,15,0,3,12,0,6,8,8,10
0,11,0,3,18,0,0,23,8,7,0,11,9,4,6,15,12,9,57,0,0,1,0,9,24,1,0,0,19,0,1,10
93,5,0,0,0,14,0,0,0,11,0,1,0,0,15,0,23,0,13,0,6,0,0,0,4,9,0,0,0,0,0,29
89,0,19,9,47,2,2,12,0,0,0,17,0,4,7,12,8,0,16,19,0,0,6,9,5,2,30,2,0,0,8,7
86,0,0,0,0,0,29,19,0,0,19,38,7,0,2,0,0,2,0,0,0,0,0,0,0,0,0,0,34,38,0,17
83,0,0,23,0,0,0,7,0,4,0,15,0,0,9,0,9,0,42,4,0,0,0,0,0,11,0,57,49,0,3,0
37,0,0,1,0,7,1,5,0,0,0,25,9,2,4,0,8,0,0,1,0,3,0,0,30,8,38,5,8,0,10,4
0,0,0,0,7,0,5,22,2,0,21,7,0,19,4,0,0,0,0,12,0,9,0,0,0,0,6,0,0,18,0,0
33,1,0,0,51,11,7,0,15,11,8,0,13,9,0,0,0,7,0,3,9,0,0,0,0,0,0,4,0,0,3,7
0,8,10,4,21,0,2,3,1,54,11,11,0,0,0,0,2,0,1,0,3,0,0,0,0,3,5,0,10,2,5,9
0,6,30,0,10,1,8,0,0,35,22,50,0,0,0,0,13,4,0,1,0,10,0,0,0,0,0,0,3,8,0,0
73,4,10,0,19,0,4,0,0,0,19,3,0,3,0,7,8,4,0,0,5,0,0,11,0,26,7,5,1,0,1,13
16,15,0,0,0,8,1,3,0,0,13,3,8,0,0,0,0,12,0,0,0,2,13,0,0,12,0,0,0,3,0,0
0,3,8,0,2,0,2,0,0,1,3,13,10,0,0,5,4,7,0,0,0,3,0,1,8,0,0,6,0,4,0,8
10,3,6,0,0,12,0,14,0,6,1,0,0,8,3,0,2,0,2,0,6,0,2,1,0,0,0,0,5,0,4,13
0,0,7,0,11,7,0,0,1,0,8,0,5,0,3,8,6,6,0,0,0,0,0,0,1,9,0,0,0,1,2,14
4,2,0,0,7,7,0,0,0,0,14,0,0,0,0,0,0,0,1,0,0,7,0,0,0,0,0,0,1,0,3,2
102,0,0,16,0,0,0,0,0,3,0,0,1,10,0,0,0,0,0,0,0,3,0,1,3,0,0,0,2,5,0,0
0,0,0,6,0,0,0,6,0,0,0,4,0,0,1,0,2,0,0,0,0,4,0,0,0,0,11,0,4,5,0,0
0,0,3,0,3,0,13,0,0,0,4,0,0,0,0,7,7,3,2,3,3,0,0,2,0,0,5,2,9,0,3,10
8,0,0,4,0,0,5,5,2,0,11,5,6,0,0,0,1,0,1,0,3,0,8,3,0,0,0,0,0,0,0,0
0,3,5,0,0,4,0,0,5,5,24,2,6,6,0,0,3,0,0,4,0,8,0,0,0,0,0,2,8,0,11,18
0,5,3,0,8,4,9,0,0,2,20,50,0,0,1,3,6,0,7,3,0,0,0,0,1,2,0,0,5,0,4,11
0,0,3,2,4,0,2,11,0,29,20,0,4,0,0,3,2,0,2,0,0,5,0,0,1,14,0,8,0,0,5,6
11,0,0,0,6,0,9,0,0,7,40,23,2,5,16,0,0,2,0,0,4,1,5,4,0,20,3,12,2,0,6,0
0,1,0,9,12,11,0,9,0,18,24,0,13,8,0,0,0,0,16,9,10,0,0,0,0,2,0,0,0,0,0,0
98,0,0,18,0,0,7,35,0,0,0,5,0,0,8,0,0,7,5,1,1,0,5,20,18,9,24,0,24,11,16,0
0,0,0,0,0,6,0,14,197,151,2,0,0,16,0,0,3,0,0,0,12,1,0,6,0,0,0,0,0,12,4,0
120,0,0,0,0,0,0,0,225,210,1,5,0,0,0,38,0,11,13,3,12,0,0,0,0,10,0,11,0,0,4,0
0,5,0,0,0,10,5,0,12,8,0,17,0,0,3,0,0,0,63,0,0,17,0,0,0,3,0,0,1,0,0,2
117,0,14,16,0,0,9,10,0,4,0,0,8,4,8,14,13,0,0,0,0,5,3,30,14,0,19,16,0,8,0,0
70,5,16,11,0,0,4,1,0,0,0,2,0,0,0,0,0,16,10,0,0,5,17,0,8,5,0,0,1,0,0,0
0,2,0,11,12,4,10,4,29,37,6,0,0,0,0,12,12,0,3,5,16,0,3,0,2,16,9,0,0,0,11,12
0,3,6,0,0,4,0,7,0,0,27,8,0,1,19,12,0,2,33,3,2,8,9,8,0,0,0,0,0,15,0,0
72,18,20,0,20,0,0,0,11,12,0,0,0,0,0,0,12,0,17,6,14,0,0,18,0,0,0,0,5,17,20,0
111,0,0,4,6,9,0,0,0,11,38,9,9,0,0,0,5,4,1,4,15,6,4,0,6,7,0,8,6,0,0,4
0,0,0,0,31,0,0,16,12,0,17,0,0,4,0,14,31,5,12,7,0,0,41,0,0,2,22,0,37,0,0,0
0,0,12,0,15,0,0,37,0,5,5,12,0,2,0,0,0,2,0,2,0,0,4,0,0,7,0,46,49,0,0,6
0,0,17,0,0,8,25,0,0,28,0,0,0,11,0,11,0,0,19,0,0,8,0,7,0,0,27,0,0,15,5,14
0,23,15,0,18,21,3,0,0,3,0,1,0,0,0,0,9,0,14,0,8,0,13,6,0,7,9,0,5,0,12,0
72,7,9,5,98,0,14,9,5,0,0,0,0,7,16,0,0,0,4,0,4,0,0,0,7,5,0,0,0,1,0,16
0,38,30,9,30,8,8,19,25,19,7,4,0,0,0,23,4,9,6,4,2,1,3,5,0,0,0,13,8,0,4,12
0,30,0,0,6,2,0,0,0,12,17,25,7,36,0,27,0,20,0,0,12,34,14,0,11,19,0,0,41,0,27,6
71,0,6,6,28,9,0,0,0,16,5,0,0,8,0,0,0,6,0,0,0,9,0,0,0,2,18,7,17,0,16,3
51,8,0,0,55,0,10,0,0,13,0,15,0,0,0,0,0,0,0,11,28,17,25,0,0,11,44,1,0,0,22,4
75,5,12,0,14,0,25,0,0,0,0,11,0,0,0,0,13,5,0,0,0,0,0,0,9,7,0,10,16,0,9,0
16,0,0,0,0,0,0,14,14,0,0,5,0,0,28,26,1,0,0,5,0,0,6,4,22,29,27,0,23,0,21,0
42,0,0,11,16,4,0,0,0,15,0,0,0,12,0,23,0,16,0,19,0,2,0,0,3,2,0,3,0,7,0,0
6,1,0,14,0,0,0,0,1,0,5,0,0,2,3,8,1,1,11,0,0,2,14,0,4,4,0,5,24,0,0,15
86,0,0,0,0,0,39,0,8,12,33,14,0,18,0,24,0,0,0,18,0,0,0,6,0,0,0,0,0,0,0,6
3,9,0,0,0,0,8,3,13,5,28,0,0,21,0,0,0,0,17,0,0,23,0,0,0,11,16,0,2,24,5,0
0,0,0,0,0,23,11,5,1,5,15,21,11,18,0,8,0,24,23,0,9,23,0,0,31,3,0,17,12,11,0,20
1,0,0,11,0,17,0,0,34,21,26,2,6,1,0,21,0,8,0,0,0,9,0,7,0,0,2,3,0,0,0,31
18,0,0,0,32,0,26,0,26,0,11,59,0,13,0,0,12,22,0,0,3,1,14,10,0,0,0,11,0,24,1,21
0,0,32,8,0,0,9,0,0,5,0,42,2,0,0,0,0,0,0,15,10,7,0,0,23,38,0,0,0,31,0,1
93,44,0,22,0,33,0,6,9,7,14,0,22,36,1,49,25,29,7,0,6,46,0,0,11,0,13,14,22,24,0,0
25,0,0,29,14,3,3,0,7,16,14,0,0,0,28,10,0,20,21,0,12,0,25,1,14,7,0,0,10,12,0,63
0,23,0,0,0,0,0,2,42,0,20,18,28,128,189,107,7,10,0,33,105,30,1,0,6,0,0,1,0,45,0,31
0,38,0,26,9,0,0,33,4,12,0,17,0,97,189,194,17,0,0,117,197,51,30,0,10,10,0,1,5,0,17,43
0,0,18,7,0,36,0,4,30,42,0,16,0,74,189,100,0,0,25,16,197,190,2,0,0,14,0,0,0,0,18,0
0,0,41,3,44,0,0,17,45,68,0,0,0,10,0,0,0,0,0,96,26,134,0,10,0,0,0,18,0,12,0,42
0,0,25,0,24,25,32,0,68,57,25,0,0,0,0,0,6,0,48,0,11,28,6,4,0,0,11,38,0,0,0,0
34,0,0,17,16,0,33,0,33,27,0,0,0,7,0,15,25,0,0,0,21,0,0,37,13,0,29,17,0,0,0,0
153,0,5,4,25,0,0,16,16,28,0,26,49,0,36,30,17,0,29,21,26,0,0,2,22,0,28,26,1,0,0,6
0,0,43,11,13,3,29,5,3,15,0,0,0,0,17,0,8,0,0,28,0,0,12,0,0,168,189,123,4,0,13,0
0,0,0,0,0,0,8,0,21,13,9,7,24,2,7,0,16,10,67,4,8,1,45,0,0,162,64,10,1,0,0,26
116,0,0,0,0,0,12,0,16,0,14,2,0,0,11,3,0,17,1,7,0,3,22,43,0,211,48,0,0,17,2,15
0,4,0,0,0,0,0,0,0,32,0,0,0,21,0,0,2,0,0,0,1,2,37,0,18,16,0,5,26,0,0,29
121,43,39,0,35,35,27,0,26,0,13,0,0,0,0,0,19,19,22,6,7,16,9,32,7,11,0,0,67,0,25,26
0,27,0,0,30,24,22,12,55,0,79,16,0,0,0,1,5,10,5,9,0,7,4,13,0,0,0,56,6,0,7,0
11,32,22,0,33,0,0,0,6,6,0,0,0,0,20,17,0,0,0,13,16,0,0,11,0,4,81,18,0,27,5,6
0,0,21,0,35,31,0,0,0,0,28,10,0,14,0,10,18,12,40,18,0,0,0,9,3,0,14,1,0,12,3,0
72,0,6,0,60,0,46,0,14,19,0,0,0,25,0,0,0,10,18,0,0,1,13,11,0,0,1,0,0,15,32,20
29,59,33,0,0,22,2,0,19,25,70,0,10,5,0,11,8,17,0,0,14,0,0,1,6,0,33,1,19,0,32,0
0,0,57,0,0,16,0,0,0,22,0,67,21,0,13,9,16,0,0,0,0,11,0,44,16,27,39,0,0,5,19,55
40,0,29,13,28,3,11,19,0,6,19,13,16,10,14,0,6,6,29,16,11,0,0,0,6,0,0,9,4,0,0,32
5,25,8,0,0,56,13,0,4,2,16,22,3,3,0,20,31,0,11,0,15,4,0,0,0,4,0,0,0,0,23,0
9,0,0,20,7,0,5,0,0,12,5,13,2,0,0,11,0,4,5,0,3,4,2,10,0,0,0,2,0,0,0,0
16,0,5,0,0,0,2,24,0,0,29,11,0,2,5,20,0,0,7,0,4,0,20,0,0,16,4,0,0,0,3,0
0,4,37,29,0,10,1,0,0,0,0,30,0,0,0,0,0,0,0,0,0,3,0,24,14,0,33,27,14,9,7,16
0,16,0,0,4,0,0,12,0,0,35,42,14,1,4,19,1,0,0,35,2,0,8,12,0,0,25,0,23,1,1,0
46,29,8,12,0,22,30,4,4,4,4,22,0,0,15,23,0,4,0,15,3,13,3,1,3,15,1,0,0,28,0,0
23,10,0,3,0,3,0,6,8,0,0,27,0,0,3,0,16,0,17,0,16,0,6,0,0,11,24,0,21,17,15,0
0,0,22,18,23,0,28,0,9,9,0,0,5,0,0,10,3,6,25,0,10,0,36,21,2,11,0,11,1,12,0,0
0,0,0,13,0,0,0,11,9,0,0,0,15,0,0,0,9,2,0,2,0,0,3,6,0,5,1,11,1,0,0,3
0,0,0,3,0,9,0,0,3,3,17,16,0,14,5,3,0,0,0,13,0,12,0,0,10,11,0,0,2,0,0,7
0,0,3,18,0,0,3,45,4,10,0,105,0,12,0,17,6,0,3,8,0,16,3,10,11,0,0,0,5,13,0,0
39,0,37,5,26,5,0,6,0,5,0,0,4,0,0,14,0,5,0,16,0,0,10,0,0,16,0,0,13,0,0,2
27,0,2,0,7,3,13,25,0,54,0,16,6,41,23,0,6,3,0,3,2,0,1,19,0,19,17,0,9,0,21,0
0,7,0,2,0,0,0,28,3,40,13,0,0,21,19,21,0,1,18,2,0,1,0,0,13,0,0,0,0,0,0,0
130,0,10,31,0,0,0,9,0,0,0,0,2,6,5,0,0,0,0,9,0,19,0,0,0,0,0,0,4,15,5,0
0,12,0,0,0,13,18,20,38,2,45,16,22,29,16,0,0,0,19,2,41,8,10,0,0,7,0,0,0,0,11,0
119,0,0,6,5,1,10,0,3,0,28,8,0,24,4,0,5,1,0,0,43,0,8,13,0,20,0,0,26,4,14,5
111,0,4,17,8,0,13,0,0,0,56,0,0,0,0,8,6,1,23,0,16,0,0,0,0,35,16,3,0,0,2,0
92,26,0,0,0,0,3,3,17,0,7,0,0,9,8,0,6,9,0,0,1,9,28,0,0,10,16,14,25,0,18,0
23,25,0,0,0,7,9,16,11,4,37,4,1,1,1,15,0,3,6,3,0,0,23,7,13,7,0,0,18,17,17,0
116,0,0,2,0,8,0,0,21,25,11,1,0,0,0,0,0,0,0,1,0,0,3,7,0,0,0,0,0,3,10,5
106,5,5,0,5,1,0,0,0,0,4,0,0,0,0,3,5,0,0,0,0,0,0,0,0,14,45,3,2,0,5,0
107,0,0,0,0,12,0,0,3,0,0,8,10,0,0,4,2,11,3,1,0,0,0,0,0,42,5,1,0,0,0,0
33,4,0,0,0,11,0,0,5,4,9,0,6,2,3,0,0,4,0,0,2,0,0,0,12,3,24,0,3,6,0,4
53,8,3,0,0,0,0,1,2,0,7,5,0,0,5,0,0,8,0,3,0,10,0,3,0,0,0,0,0,0,1,30
0,0,7,13,0,10,0,0,0,0,4,23,6,0,0,0,0,0,2,8,0,11,0,12,6,15,5,30,30,0,19,14
114,0,9,1,7,2,0,0,17,4,22,6,0,5,0,0,0,0,0,0,4,7,11,6,6,0,65,9,8,0,9,23
0,0,4,0,7,2,0,0,0,0,0,0,0,0,4,0,0,1,0,5,0,0,0,1,31,1,7,0,0,5,0,0
0,0,14,10,36,0,22,0,1,3,16,0,0,8,3,0,0,10,5,3,0,0,0,3,16,0,10,10,5,4,14,0
0,0,9,5,6,12,20,6,16,33,46,6,18,0,4,0,0,0,0,0,11,1,0,19,13,11,0,0,0,21,0,4
29,0,26,21,10,30,0,0,0,44,23,43,0,7,0,0,0,0,0,23,0,0,0,11,14,0,17,0,9,18,0,0
53,0,0,24,9,0,11,3,0,2,19,3,3,1,0,18,0,0,0,15,0,4,0,0,0,0,8,0,14,0,0,0
18,0,0,8,0,1,5,0,0,10,4,0,0,3,2,0,5,2,1,0,0,9,10,16,0,4,0,2,0,0,2,23
35,9,2,17,7,10,9,0,4,11,0,0,7,0,9,7,0,5,9,5,7,0,0,0,3,0,0,0,2,0,0,0
16,4,3,0,0,0,21,0,0,0,3,7,3,0,1,5,0,9,0,0,3,0,0,2,10,0,0,0,0,0,0,1
18,4,11,0,3,0,0,16,0,0,0,20,0,6,0,8,1,2,5,5,3,0,4,5,0,10,7,0,9,1,1,0
0,0,0,0,13,10,0,0,4,0,4,9,2,0,9,10,0,0,5,10,0,14,5,1,1,14,8,0,9,0,0,2
