114,0,0,7,13,33,0,6,2,9,6,0,5,8,0,0,11,12,0,32,0,0,0,8,0,4,0,20,23,8,8,0
35,40,35,38,0,0,0,4,0,0,0,0,0,6,0,12,0,70,211,0,0,8,0,0,2,13,32,3,0,0,0,30
0,0,17,0,6,39,12,0,0,0,0,0,13,0,23,0,10,218,16,19,0,16,22,0,14,0,0,0,0,0,0,0
0,0,0,6,0,33,16,0,14,75,93,0,0,22,0,0,16,12,23,0,0,9,0,40,131,0,0,0,0,0,0,0
37,2,0,22,0,0,0,18,0,55,174,27,35,0,22,24,6,0,0,23,0,1,0,185,108,10,19,16,15,0,4,55
57,0,0,0,0,0,0,0,0,0,0,16,9,17,0,20,12,0,0,4,24,0,0,51,130,0,0,2,12,0,0,10
93,1,0,0,0,0,0,0,23,48,6,16,0,8,0,32,9,0,1,18,25,0,0,21,12,38,14,0,7,0,0,0
36,12,0,0,3,0,0,0,36,24,8,0,0,53,0,0,16,4,1,4,8,0,7,14,0,0,0,0,6,50,7,0
0,2,0,0,1,12,0,0,0,32,9,7,35,23,12,2,0,17,6,0,0,0,19,2,0,0,0,2,14,0,21,0
0,0,0,12,0,17,0,0,0,0,0,0,0,0,16,2,0,0,14,0,32,0,45,0,20,15,5,0,11,5,10,0
0,0,11,3,0,0,8,38,0,0,0,0,0,0,31,26,20,8,0,15,0,14,0,26,0,0,0,0,0,13,5,4
24,9,0,0,10,0,1,0,5,10,13,18,0,0,10,14,15,0,0,3,12,0,18,0,14,20,32,0,69,0,3,41
0,0,30,8,35,0,12,0,31,13,0,0,0,0,0,0,0,0,25,4,0,0,22,0,8,0,0,17,83,0,0,0
112,21,12,29,0,0,0,18,0,5,25,23,0,11,21,4,0,7,0,0,0,0,0,0,0,5,0,2,0,0,12,0
0,7,0,11,14,0,0,6,0,9,7,0,0,8,0,29,0,0,13,2,22,2,25,0,7,9,11,2,0,0,0,0
63,0,21,11,0,0,0,0,0,2,2,11,21,0,0,0,0,23,13,6,0,3,0,0,13,0,0,5,0,15,0,0
0,0,0,12,6,0,0,0,0,0,8,5,5,0,0,34,0,5,7,0,0,0,0,0,12,25,10,0,9,0,0,6
23,13,0,0,0,13,0,4,0,5,24,14,0,0,0,13,3,17,6,0,1,21,1,0,9,0,5,6,0,0,0,15
0,5,0,0,0,0,5,13,0,9,0,0,0,16,9,11,11,0,0,20,0,5,0,0,12,1,0,0,0,0,13,0
51,0,9,2,0,0,0,6,17,5,0,71,2,29,0,0,0,0,0,1,3,16,7,6,19,0,0,20,0,3,0,0
0,0,5,0,13,3,6,0,10,23,0,0,0,0,7,26,35,0,18,0,2,0,0,0,0,45,0,0,1,0,2,8
0,0,10,5,20,0,11,0,17,0,0,13,0,3,0,0,0,9,0,0,0,3,0,6,48,0,8,0,0,0,0,0
82,0,1,0,10,0,0,3,0,7,9,0,7,2,0,3,4,4,0,1,4,4,0,0,1,1,13,6,0,8,1,9
34,13,14,14,34,0,4,0,0,0,19,0,0,18,2,0,0,9,0,1,2,0,2,0,0,0,0,2,3,6,0,0
0,3,39,18,12,7,0,12,7,20,66,2,0,1,2,0,0,0,0,0,0,4,0,0,15,0,0,0,7,8,0,0
0,2,30,0,0,23,7,0,8,22,28,0,0,0,1,6,0,0,5,0,5,3,2,0,7,0,0,0,2,0,0,0
48,3,37,12,12,0,0,0,0,1,1,0,0,0,0,0,0,0,2,0,6,0,2,6,1,0,0,0,0,4,0,9
0,0,5,0,9,0,5,0,0,3,0,13,9,7,1,12,0,4,0,9,5,0,4,2,3,4,0,0,3,5,2,0
28,5,18,0,11,0,0,0,0,0,6,0,0,3,0,0,3,4,6,7,0,0,0,9,0,0,10,0,0,7,0,7
5,0,0,0,5,0,0,0,0,3,0,0,0,10,2,0,0,5,0,0,6,0,5,0,0,1,13,0,0,2,4,16
0,0,4,8,0,6,0,8,0,0,0,4,0,4,0,8,8,0,3,0,0,0,0,8,0,0,0,5,4,0,0,5
3,0,8,4,2,0,5,2,2,0,0,1,0,3,0,0,9,4,2,13,0,4,2,0,0,3,7,2,0,0,0,0
47,0,0,17,0,9,0,9,0,5,5,4,2,0,0,0,0,0,0,14,0,0,0,10,3,4,3,0,3,4,12,0
18,4,6,9,15,0,0,0,12,1,8,0,11,7,3,2,0,0,4,0,1,0,1,3,7,0,0,2,0,4,6,0
25,1,9,0,1,6,0,3,1,0,3,7,1,0,4,6,5,4,8,0,6,0,0,0,4,3,0,3,0,0,0,0
15,5,0,1,0,9,0,5,0,0,13,0,6,2,0,0,3,0,0,0,0,0,5,3,0,0,5,3,12,10,8,8
0,3,0,6,0,7,4,0,0,1,12,17,3,0,0,0,0,4,0,0,2,1,1,0,2,2,4,4,0,0,0,12
28,7,0,0,0,4,0,2,7,13,19,0,0,12,0,0,0,9,0,5,0,5,2,1,0,1,0,0,0,11,0,17
4,0,0,4,0,0,0,0,0,19,26,0,6,0,0,4,0,0,0,3,0,0,0,8,0,3,0,0,0,6,0,0
20,0,0,0,7,0,10,0,0,13,4,20,0,6,2,0,0,0,1,2,0,2,0,4,5,0,0,0,8,0,4,8
0,3,7,0,0,0,0,4,0,3,0,0,7,22,8,0,4,1,9,2,4,5,0,4,0,0,3,0,10,3,0,0
27,8,4,8,10,0,0,4,0,0,0,6,0,0,0,5,0,2,5,0,2,0,0,0,4,6,0,0,4,3,2,23
94,10,0,0,0,0,20,0,0,12,0,0,7,0,6,0,40,1,0,0,0,0,0,12,3,0,9,0,10,9,5,7
0,16,9,7,3,0,10,0,1,1,0,0,0,4,0,13,16,1,0,0,0,0,6,6,0,3,0,0,9,4,12,0
69,8,0,4,8,7,0,14,3,1,9,9,2,0,0,1,10,0,52,0,9,1,0,8,0,8,0,0,0,0,1,0
0,0,8,0,0,16,0,0,3,0,0,0,0,8,0,0,3,6,6,0,0,0,16,9,2,9,0,4,0,0,5,4
62,0,12,0,0,0,0,11,0,0,0,10,0,0,0,0,1,0,11,2,6,23,33,0,4,5,5,0,0,0,0,0
0,4,0,7,2,2,0,0,3,3,0,0,0,0,0,1,0,0,0,5,0,4,8,2,0,0,0,0,1,0,4,1
24,0,0,0,7,0,5,2,1,0,4,0,1,0,0,0,1,0,0,0,2,2,0,4,1,0,2,1,2,0,1,0
0,0,7,12,0,0,0,1,2,0,7,0,1,0,0,1,9,0,0,0,0,2,2,0,17,0,6,3,0,0,12,5
80,3,0,2,6,0,0,17,0,0,1,2,0,7,0,9,3,0,0,1,0,0,7,0,16,8,13,0,3,1,10,0
37,0,0,7,0,5,3,10,13,6,0,0,0,0,0,0,0,0,11,0,1,0,0,1,18,3,5,0,0,0,0,31
0,0,0,0,4,0,0,0,2,8,0,12,1,0,0,5,0,0,2,9,6,4,0,0,0,36,0,0,2,11,0,0
0,0,6,0,0,0,0,5,0,6,0,0,1,9,0,4,5,0,21,0,5,0,1,15,37,3,0,0,4,1,0,0
0,0,13,3,8,1,0,0,0,8,15,3,10,4,8,1,9,0,0,0,0,0,0,3,15,6,19,0,0,6,3,0
0,0,1,11,20,7,6,0,2,3,23,0,10,0,8,0,1,0,3,3,5,0,9,0,5,0,0,0,0,0,0,7
0,2,5,2,25,17,0,0,0,21,40,7,0,2,2,0,0,0,0,5,0,0,1,1,1,0,3,0,5,2,6,0
0,0,22,0,0,23,1,5,0,8,19,10,0,0,0,0,0,9,0,8,3,0,0,0,1,3,1,0,0,0,0,7
0,0,23,16,0,0,0,0,0,0,3,0,3,3,0,0,0,4,0,6,0,0,0,0,6,0,0,2,0,8,0,1
0,0,0,5,0,6,0,1,3,0,10,7,3,1,8,0,0,3,0,0,0,4,1,4,0,0,12,5,3,6,0,0
0,3,2,0,2,3,0,3,0,0,0,1,0,4,5,0,2,0,17,0,0,5,0,0,0,3,0,4,9,0,0,9
4,0,0,0,1,0,2,0,4,0,5,0,10,7,0,0,0,0,0,6,2,0,0,9,0,5,0,0,0,0,0,0
5,0,0,0,0,0,1,4,0,0,3,0,7,0,3,0,0,0,0,13,0,4,0,2,0,0,0,4,0,0,5,4
0,0,0,2,0,0,0,7,2,0,6,0,0,0,8,0,6,0,2,0,0,4,0,0,0,0,12,0,0,3,0,0
80,0,0,8,15,0,0,4,0,0,11,0,0,0,4,0,0,0,0,8,0,0,0,0,0,2,13,0,8,7,0,0
0,3,0,2,0,4,4,0,0,0,5,0,0,21,5,0,0,0,0,4,0,0,0,0,0,0,0,0,0,4,0,26
7,2,10,3,7,0,1,14,0,0,17,0,11,6,3,4,0,0,1,3,0,0,0,10,0,2,10,4,4,0,0,13
10,0,0,0,0,0,9,15,0,0,14,30,4,0,0,0,0,0,0,1,0,3,9,0,0,4,3,0,9,8,0,0
15,0,13,0,24,0,0,15,0,0,6,25,0,6,3,11,0,0,0,0,0,22,29,0,0,8,3,7,24,16,18,0
19,2,0,0,1,7,15,0,0,2,16,11,0,0,0,0,0,21,6,4,16,0,24,0,1,18,0,0,0,0,2,0
0,0,12,6,9,0,0,0,0,0,21,0,0,0,0,5,0,57,0,0,7,8,0,15,0,0,0,26,0,4,0,0
0,12,37,16,0,0,0,0,0,44,0,0,3,28,20,0,108,197,197,0,0,13,0,4,0,0,24,2,15,0,12,0
146,0,0,0,0,14,4,0,0,71,12,13,13,0,0,0,0,21,115,29,0,0,28,55,102,21,23,0,2,7,0,0
0,0,0,0,2,0,0,0,17,186,138,1,8,0,0,0,11,21,23,12,16,29,7,232,199,8,9,0,0,0,0,0
97,6,0,0,0,7,22,6,35,65,154,0,7,0,0,0,34,0,0,10,6,0,22,122,100,0,0,12,11,10,0,0
20,0,9,2,0,23,9,14,14,1,5,12,1,0,1,8,0,21,0,0,0,0,10,20,0,7,0,0,6,25,0,4
85,0,13,28,0,0,27,0,0,14,0,0,19,10,27,16,23,0,0,6,0,0,0,0,0,0,1,0,8,17,0,74
121,0,0,0,0,18,7,0,29,10,6,0,26,7,0,0,0,5,4,0,1,19,0,0,19,0,0,4,0,3,0,0
0,0,0,20,0,6,31,7,2,0,0,0,0,12,2,0,32,0,0,0,2,0,19,0,0,0,0,0,51,0,5,0
48,0,12,8,5,1,2,13,8,20,0,0,0,19,0,33,11,0,0,4,20,19,11,8,0,0,11,0,37,3,0,0
0,4,0,0,14,3,17,0,18,5,0,0,0,8,0,0,2,39,13,0,43,0,4,0,8,0,0,186,195,0,13,0
0,0,5,29,0,0,0,10,0,0,9,7,18,0,0,24,0,0,0,14,0,15,1,4,0,0,19,245,28,0,0,0
0,0,15,0,30,7,6,0,20,0,0,0,15,5,19,0,0,0,0,12,0,4,5,0,0,0,0,0,8,0,2,0
9,17,0,0,0,0,5,0,5,0,46,0,0,0,0,18,0,23,0,8,33,4,0,0,0,0,40,2,0,0,48,0
8,35,0,0,16,50,2,0,9,20,0,22,0,6,0,0,0,29,5,37,29,0,1,0,0,8,8,0,33,0,23,20
95,17,0,0,0,19,0,5,0,0,5,0,36,6,30,2,47,16,21,3,26,0,11,21,5,0,21,2,30,0,31,0
117,0,38,0,14,28,34,17,2,4,17,4,0,0,0,18,0,13,6,0,0,14,0,9,11,0,0,0,0,26,2,0
0,0,0,22,63,0,0,7,0,0,32,0,0,0,1,0,9,31,0,0,6,20,0,0,0,12,0,1,0,6,9,0
0,0,10,41,0,0,38,53,0,0,24,0,21,0,9,65,0,0,0,12,0,27,0,0,0,0,0,5,0,0,9,0
0,5,0,5,52,40,13,0,22,41,14,52,4,15,0,0,0,3,0,0,29,0,15,12,0,2,11,0,16,0,22,23
0,0,39,32,17,10,4,3,0,0,5,0,0,13,19,0,19,0,22,0,0,0,7,0,0,0,0,0,0,0,0,6
0,0,0,24,18,12,9,0,0,7,0,11,0,3,18,9,2,0,8,0,0,0,9,18,11,0,1,0,0,12,0,0
22,0,10,0,7,0,8,0,14,41,0,15,0,0,0,37,10,0,0,0,26,25,5,3,0,6,0,22,4,5,40,48
18,0,5,3,0,11,10,3,18,15,0,7,0,0,17,19,0,12,0,0,46,0,4,0,0,0,0,0,5,0,0,30
13,25,2,0,4,0,3,0,30,7,4,0,0,0,12,0,0,0,12,4,2,29,0,0,0,4,27,12,0,12,16,33
12,0,24,9,0,34,13,0,21,33,8,0,17,0,27,0,0,2,0,0,9,24,39,0,4,11,0,1,0,0,10,0
95,7,20,30,0,11,0,23,22,16,0,0,11,0,8,13,5,0,12,5,11,0,10,3,6,17,4,0,4,0,4,0
27,0,0,15,0,8,0,0,2,2,24,0,24,0,4,0,0,22,0,0,13,0,4,12,0,0,0,8,0,54,0,0
43,27,0,14,0,3,0,0,18,0,0,0,37,0,0,16,0,0,0,0,0,0,0,1,0,7,0,0,17,51,0,0
0,8,33,0,44,19,3,0,14,0,2,0,0,0,3,38,11,9,0,6,2,29,3,7,15,11,0,12,13,43,3,0
53,10,18,6,3,0,11,0,9,3,7,0,0,0,8,22,19,0,1,5,0,0,2,0,11,7,0,0,5,15,0,15
4,17,24,0,23,33,16,0,18,4,21,21,0,0,0,0,2,30,16,3,21,8,18,0,14,0,0,0,37,0,49,45
64,0,15,0,2,0,1,17,0,0,20,5,5,1,5,3,0,179,0,9,0,7,0,0,13,0,39,8,11,0,3,0
127,0,0,32,0,0,3,37,0,76,24,23,0,0,0,0,71,195,187,1,0,0,2,50,55,16,33,7,0,0,22,57
0,0,1,62,10,0,17,12,0,0,14,0,37,20,16,25,68,64,200,0,20,7,11,156,85,5,4,0,0,0,21,6
0,26,0,0,31,10,32,0,48,198,187,0,0,1,19,26,19,97,10,0,9,5,110,196,197,0,0,3,0,0,14,1
0,0,0,43,18,6,0,34,22,197,189,14,0,0,8,0,0,16,0,0,0,2,44,251,133,0,0,1,0,0,22,25
16,0,19,1,11,0,22,26,26,92,96,0,0,6,19,40,0,12,0,1,0,0,0,0,6,0,0,0,10,0,0,0
0,0,0,0,7,0,20,0,28,14,0,0,0,0,0,0,0,9,45,0,0,17,0,0,0,25,8,5,1,7,14,14
0,10,0,10,22,10,30,0,0,14,0,19,0,0,13,19,18,0,0,30,0,11,0,0,0,1,8,0,38,0,16,0
87,39,31,0,48,42,36,0,25,3,16,19,0,0,0,0,0,0,0,0,1,0,32,0,0,4,0,2,0,21,9,16
0,1,0,4,0,0,0,0,0,23,0,0,0,0,0,17,12,0,0,0,0,0,19,0,0,0,29,1,19,28,8,7
0,31,0,0,0,5,6,0,0,0,45,13,8,5,7,5,5,17,8,0,0,18,20,30,0,0,47,196,197,5,20,0
84,8,0,0,0,19,13,0,0,12,0,0,0,0,14,5,2,13,7,0,20,0,9,26,16,1,31,197,28,14,6,5
0,23,0,0,11,49,28,0,0,27,49,0,13,7,0,0,10,0,0,0,0,1,8,0,0,0,0,0,0,19,13,0
48,38,30,0,18,0,0,2,0,0,0,24,0,0,0,0,0,25,2,16,1,0,17,4,4,0,1,0,0,20,0,41
73,0,0,31,0,0,25,24,0,0,14,18,0,3,0,0,0,0,0,0,0,7,2,9,5,16,25,0,17,0,0,0
0,0,26,0,0,0,0,28,15,0,17,52,12,1,3,1,0,2,0,32,0,0,0,0,8,16,74,0,0,0,16,0
0,0,4,49,0,0,0,28,0,12,5,11,0,0,18,55,0,0,0,22,0,6,18,4,2,16,0,0,0,0,0,31
34,0,9,36,17,0,4,0,0,0,14,13,3,0,1,7,0,16,21,13,9,0,0,17,0,6,29,0,18,0,28,9
0,0,0,19,24,29,0,31,30,6,65,23,0,0,8,0,0,7,0,0,21,0,0,30,0,5,5,9,18,0,0,0
109,0,5,19,0,45,0,0,0,29,16,32,0,0,0,51,33,0,16,0,0,23,5,0,0,0,0,12,14,0,32,38
6,16,5,0,0,13,0,23,21,2,54,9,9,18,0,0,1,2,2,0,17,0,21,0,29,0,45,11,0,0,4,0
3,4,0,0,0,0,0,3,3,0,0,22,0,0,3,0,0,0,25,20,2,0,14,0,0,0,0,35,4,0,0,7
0,16,0,16,0,0,0,0,2,0,0,27,0,0,0,0,0,0,0,2,7,0,0,0,6,0,0,39,6,0,5,0
20,0,0,6,17,21,0,0,0,14,0,0,0,14,0,0,0,1,0,8,2,26,21,0,19,0,0,3,0,0,12,16
38,0,0,28,16,0,7,51,0,0,0,24,0,24,11,1,0,0,0,36,0,16,0,0,0,0,14,3,17,13,20,21
7,0,5,44,2,8,3,8,0,23,27,31,0,39,5,12,0,0,19,6,0,25,0,0,3,0,6,4,0,10,0,0
106,0,32,38,39,0,0,0,3,2,6,18,0,4,26,23,0,7,18,0,0,9,6,20,11,0,19,0,0,13,0,21
12,10,0,5,0,17,14,34,7,26,14,21,25,0,0,14,0,4,0,0,0,0,0,0,0,7,42,31,0,13,0,1
0,0,0,3,0,12,51,0,2,0,0,0,0,5,3,0,13,5,0,9,16,0,3,0,10,0,0,14,0,0,0,0
0,4,0,11,0,0,7,0,8,0,24,15,0,1,7,46,21,4,0,17,19,0,35,12,7,0,0,8,0,32,0,37
28,20,26,62,0,0,0,0,7,17,37,27,0,0,0,0,0,22,21,1,13,0,31,0,0,0,0,29,11,10,0,0
10,0,2,1,0,13,4,0,19,0,23,52,14,10,41,0,20,0,2,0,0,3,33,0,19,4,0,8,0,0,0,50
0,5,0,8,45,26,4,0,0,18,69,17,1,24,0,18,7,0,2,0,9,0,6,6,15,0,0,0,0,2,0,0
0,19,7,11,5,22,16,16,0,22,28,21,2,34,53,40,22,94,181,0,0,21,0,17,43,32,0,27,0,0,0,0
79,43,0,0,5,10,0,0,2,14,0,0,0,0,7,19,0,14,58,0,0,0,9,0,24,13,12,0,0,7,40,20
126,4,24,0,26,22,9,0,24,25,12,0,11,0,14,0,35,0,0,0,11,0,0,231,47,0,0,0,22,0,19,0
0,0,0,6,0,17,26,10,0,0,9,0,8,19,27,0,0,15,0,0,0,9,0,182,1,0,32,17,0,0,0,0
0,32,0,32,35,28,0,0,0,36,0,0,9,9,2,1,14,0,15,3,0,0,0,24,0,0,0,9,17,0,0,0
47,0,0,41,0,0,0,2,0,9,10,2,8,0,18,0,0,0,31,0,0,0,26,0,6,18,8,8,0,0,5,0
97,7,0,0,0,0,0,0,0,0,18,7,25,0,22,27,6,0,0,0,0,0,32,7,51,0,14,11,19,0,0,0
0,0,4,0,0,0,0,5,0,0,0,0,0,5,0,0,12,20,16,0,18,41,38,0,0,0,33,6,11,0,0,18
0,17,0,8,17,0,3,0,0,2,0,26,0,0,11,0,1,0,0,0,9,0,42,0,0,12,18,0,0,0,11,13
0,0,0,0,41,3,14,2,30,0,20,0,0,18,0,0,6,8,6,10,28,3,0,2,2,12,12,0,16,0,7,39
33,25,0,0,0,9,0,0,24,12,12,0,0,9,0,1,3,4,4,5,8,0,0,0,10,6,0,0,0,0,0,0
0,0,23,0,11,0,10,7,2,19,3,0,0,13,0,4,9,0,0,12,15,0,9,21,11,0,13,6,18,16,1,0
16,0,0,0,27,0,0,0,19,0,9,15,0,0,2,0,2,17,9,1,0,6,12,0,0,4,0,9,12,0,0,0
51,0,0,17,18,0,16,19,0,0,0,1,0,0,0,7,13,1,11,7,8,0,1,14,0,0,0,10,0,3,0,5
0,0,1,13,0,0,0,6,0,2,12,6,0,4,0,0,0,10,4,8,26,0,16,19,35,5,0,0,3,0,7,9
88,0,0,8,0,12,0,0,0,0,4,11,0,7,12,0,0,0,9,5,1,0,3,17,2,5,2,0,0,0,0,0
0,2,12,0,61,0,0,4,7,0,23,10,1,0,1,0,0,2,0,0,0,0,0,0,0,13,1,0,7,0,7,0
0,14,22,4,39,23,0,0,0,25,5,11,4,0,0,0,0,11,0,1,16,0,0,0,0,0,0,3,0,6,0,0
26,5,6,8,0,3,0,0,0,24,32,60,0,7,0,0,0,7,13,0,12,1,0,4,0,0,2,0,0,0,4,0
70,0,0,1,0,6,0,5,2,0,0,13,3,0,5,11,0,10,0,7,10,5,7,0,0,0,0,0,0,0,1,0
0,0,1,0,11,2,2,4,3,0,0,4,0,0,0,2,0,2,0,5,0,5,0,5,1,3,0,10,0,0,4,0
0,4,7,2,2,0,0,0,4,0,0,16,0,0,0,0,0,3,0,0,0,10,0,0,0,7,12,0,2,0,0,0
20,0,0,2,7,0,5,6,4,0,3,2,4,0,2,1,1,0,0,10,4,0,0,4,2,1,9,0,0,2,0,3
0,10,0,6,3,0,2,0,14,0,4,12,0,4,0,8,0,0,0,9,0,0,2,5,5,3,0,0,0,4,12,0
0,0,1,2,5,2,0,0,5,0,1,0,0,0,2,0,0,2,2,0,0,0,11,4,0,0,0,0,3,0,0,0
95,0,18,0,16,1,6,0,2,2,16,0,0,10,3,0,8,7,0,0,5,2,5,0,0,0,0,0,5,0,1,1
7,0,7,1,0,0,0,0,0,0,0,1,1,0,0,0,0,0,0,0,0,0,5,11,0,1,0,0,0,5,1,0
0,0,0,0,0,0,0,1,0,0,0,0,1,0,14,0,0,2,2,0,0,4,5,0,2,5,6,0,0,0,0,5
0,0,0,15,0,0,0,17,0,0,16,4,5,1,0,5,4,0,0,4,3,0,9,0,0,0,6,0,0,0,0,3
5,0,0,0,0,0,2,10,0,0,33,12,4,0,2,7,0,2,0,3,0,0,2,0,2,0,10,0,0,0,0,28
0,3,4,9,1,13,0,0,0,1,6,82,0,0,2,1,10,10,3,1,0,4,3,1,6,0,2,11,0,4,0,0
0,0,8,2,0,0,0,1,0,9,39,0,0,3,0,1,0,0,0,1,0,0,0,0,2,0,3,0,7,1,21,2
0,3,9,0,0,1,0,3,0,55,25,36,3,7,9,0,0,2,0,4,0,0,5,2,5,10,20,0,3,0,0,0
88,0,0,3,12,10,0,0,0,10,18,0,7,0,1,8,0,0,12,0,0,0,0,2,0,0,0,0,0,0,0,0
0,0,0,4,0,3,1,0,18,4,8,1,4,0,0,0,0,0,0,0,0,3,4,0,0,0,0,0,0,6,0,4
78,6,0,3,1,0,4,0,32,0,31,22,0,0,0,0,0,0,0,0,1,0,0,0,5,2,3,1,0,3,0,9
0,5,0,0,0,8,2,0,6,4,27,4,0,0,2,41,0,0,6,0,0,5,0,0,0,0,2,0,3,2,12,5
88,14,0,0,3,11,0,0,10,0,42,1,0,0,0,0,0,6,82,0,15,0,10,0,0,7,0,0,0,0,0,0
0,2,2,0,0,0,0,4,0,1,4,4,0,0,0,0,0,0,10,6,0,3,3,0,16,4,0,3,0,0,0,6
53,1,0,0,0,1,0,0,5,0,2,11,0,0,0,0,0,0,8,0,0,12,21,0,16,6,12,0,0,0,0,11
63,0,0,1,2,0,4,3,0,0,0,8,4,0,5,4,4,2,0,0,31,13,4,0,0,0,0,6,9,0,0,0
0,0,0,3,10,0,0,4,4,0,20,10,7,0,3,0,9,4,0,8,26,0,14,0,5,8,7,0,3,0,0,0
53,6,3,0,0,0,0,0,0,1,10,14,0,0,1,16,0,0,0,0,10,4,4,4,2,0,0,11,2,0,0,0
0,0,0,13,0,8,0,0,0,1,6,0,0,6,0,11,10,0,1,17,11,0,0,0,3,0,0,3,4,12,8,0
0,17,0,0,7,1,10,2,0,0,10,0,0,11,2,1,0,11,2,0,11,0,13,0,3,0,5,0,0,10,0,0
5,0,0,1,0,12,3,11,8,0,26,14,12,0,3,9,3,0,0,0,3,0,0,0,7,34,5,0,0,0,0,0
0,0,1,0,0,0,0,0,0,1,12,0,0,4,2,0,0,0,0,0,4,0,0,12,27,2,4,0,0,3,9,0
0,7,3,0,11,0,0,0,0,2,3,3,1,13,0,0,3,3,0,5,0,0,0,9,4,7,0,11,10,0,9,11
0,0,7,1,27,0,0,0,0,0,14,5,0,0,0,0,7,1,0,13,1,1,6,0,4,0,0,0,0,0,0,4
22,1,23,21,40,8,0,11,0,12,19,17,0,18,0,0,2,0,0,0,0,9,6,0,0,0,19,4,7,0,0,8
0,0,11,5,0,24,0,0,0,24,19,54,11,0,7,0,0,3,0,0,4,2,0,0,4,0,0,0,0,3,0,26
59,3,1,7,13,3,0,0,0,0,3,0,4,8,9,16,0,0,0,2,0,3,0,7,0,0,3,0,0,2,4,9
6,1,3,0,3,0,0,4,3,2,0,6,0,1,0,0,0,3,0,5,0,2,0,14,0,3,10,1,7,0,0,0
0,4,2,9,0,0,0,8,0,0,4,8,0,0,5,0,4,1,0,12,0,0,0,0,0,10,3,2,1,0,0,15
6,1,0,7,17,0,11,9,6,0,1,0,0,0,0,0,0,0,0,0,0,3,0,0,0,3,0,6,0,1,1,0
6,0,5,0,4,0,7,0,0,2,0,1,7,0,0,0,0,0,0,1,0,0,0,0,0,1,0,1,0,0,8,0
0,7,0,14,0,5,0,1,3,3,0,0,10,0,5,0,0,0,3,0,2,0,9,0,3,0,4,0,5,5,10,1
23,0,0,0,0,0,0,0,2,5,23,7,16,0,9,0,9,21,0,0,4,18,1,0,1,0,20,0,4,0,21,0
0,0,6,0,4,10,0,28,13,0,5,24,0,3,1,8,0,6,0,4,0,0,0,0,0,16,0,22,0,6,0,31
0,0,17,58,18,0,6,0,0,0,6,3,0,0,0,0,0,0,0,5,3,15,11,10,3,0,0,4,0,8,0,1
0,1,0,19,0,13,0,15,8,0,11,5,0,4,0,0,0,16,0,0,0,0,1,0,21,0,8,0,0,28,13,0
0,0,4,0,0,0,0,43,0,4,21,28,8,3,0,5,5,0,7,0,8,0,0,0,0,0,15,11,0,6,0,1
16,0,20,0,0,36,16,7,0,2,47,58,0,6,2,0,13,41,0,0,0,0,5,13,0,0,35,0,0,15,0,11
0,0,6,0,0,0,0,8,0,13,8,7,0,4,0,42,0,0,0,0,13,17,55,19,17,4,0,0,0,0,28,5
55,0,31,0,21,17,0,0,23,27,39,2,17,11,24,0,18,0,0,0,0,11,0,0,4,0,15,6,19,20,14,0
71,12,22,6,0,0,18,0,19,0,13,27,0,9,0,14,0,0,2,0,0,18,0,3,0,0,0,0,0,0,0,5
0,0,15,0,1,0,0,0,51,7,5,0,13,0,0,0,0,0,10,0,16,21,0,1,0,0,24,18,0,33,13,16
0,0,0,0,9,0,0,0,11,0,15,18,40,0,251,186,129,0,14,0,0,3,0,0,18,2,0,0,31,0,23,51
0,17,44,0,26,10,5,0,0,0,0,8,0,0,215,188,48,0,23,0,13,26,4,0,0,0,0,4,53,11,29,0
0,0,56,5,11,0,0,0,3,0,22,0,3,0,77,40,0,0,42,0,0,200,245,0,4,0,17,0,14,30,1,0
0,0,19,0,2,0,0,187,191,0,0,24,0,0,0,13,25,0,34,14,0,103,78,0,0,1,0,5,15,7,0,0
48,21,0,0,30,0,32,189,193,0,0,23,0,9,0,0,39,0,18,0,0,50,31,0,1,25,33,7,48,0,0,38
18,0,0,31,0,0,0,34,67,0,0,8,0,0,0,21,0,0,0,0,0,6,0,0,0,7,0,12,0,0,0,0
66,13,0,16,38,5,0,2,16,0,3,1,19,3,3,3,24,12,0,0,5,0,0,0,0,11,0,0,15,0,0,0
11,0,21,0,23,1,0,0,2,0,0,0,30,27,0,0,0,0,23,14,14,0,0,0,3,4,44,0,0,0,0,1
0,36,13,0,10,23,29,0,11,0,15,0,0,0,0,0,5,30,18,0,22,0,0,24,14,2,0,0,0,0,17,22
146,32,0,10,0,0,0,2,4,0,37,0,18,0,0,0,0,26,0,24,0,0,21,6,20,9,187,151,47,2,0,17
0,2,3,0,0,18,2,19,24,0,10,20,5,25,0,0,4,0,0,0,9,0,11,32,24,34,189,126,7,5,8,0
0,9,0,0,0,0,13,22,0,31,13,16,32,7,10,2,5,22,0,20,2,9,0,28,22,51,138,0,46,0,17,0
0,21,8,0,0,0,0,12,0,0,33,0,0,11,9,0,1,9,4,22,4,0,0,0,0,19,13,0,20,16,0,6
2,0,0,52,54,0,0,9,0,0,0,0,0,0,2,13,0,0,0,0,0,23,0,4,0,0,16,0,0,6,0,46
18,33,33,1,2,0,6,0,0,6,37,25,3,7,8,0,0,29,1,0,10,13,4,0,0,0,0,0,8,16,1,0
64,0,56,31,0,38,24,0,13,9,52,8,0,0,0,0,8,14,0,3,24,17,17,16,5,0,0,0,0,2,8,0
71,3,12,0,0,2,0,0,4,12,0,6,0,39,5,14,31,0,30,0,0,12,3,0,9,0,5,8,7,0,17,32
63,5,0,3,0,0,0,36,4,0,0,18,0,23,0,17,0,2,6,0,0,10,0,0,0,0,0,0,6,0,22,0
16,0,0,0,39,0,35,0,0,0,0,0,0,25,0,0,0,10,21,0,1,0,0,0,4,0,0,0,22,0,7,21
26,0,0,0,1,0,0,0,1,13,2,0,5,0,6,0,0,15,4,0,0,0,44,19,0,18,0,10,9,0,2,0
0,0,10,8,2,26,0,54,24,11,25,0,12,32,11,1,11,8,0,0,19,29,0,0,31,0,1,21,12,0,0,0
0,0,1,10,40,10,7,5,0,0,0,24,19,0,15,7,0,0,0,8,9,0,18,20,6,5,0,0,0,36,0,4
103,0,0,0,22,0,0,27,0,0,20,0,0,6,0,0,0,0,0,0,1,0,20,0,0,13,0,0,0,0,0,0
0,18,0,0,0,16,0,0,0,18,0,32,0,0,0,10,0,2,24,29,0,0,0,6,3,0,2,6,0,6,0,0
52,1,40,1,53,0,0,3,4,14,0,0,0,36,4,0,0,0,0,33,6,7,7,0,22,0,0,0,0,31,0,0
30,9,21,0,0,0,0,16,0,4,0,14,0,0,0,7,25,4,3,0,0,1,0,0,16,0,45,5,11,0,8,11
0,0,0,0,11,24,0,3,49,0,24,17,4,6,0,24,23,5,0,0,0,0,9,0,0,0,24,0,7,0,16,10
0,19,0,10,0,0,0,0,0,0,49,70,0,0,33,34,12,0,0,28,0,0,0,0,0,6,15,0,4,0,0,0
0,0,0,0,3,0,18,42,2,0,18,15,20,42,0,21,8,21,0,0,67,31,89,0,10,21,0,0,0,30,0,27
21,25,25,0,53,5,54,0,21,40,26,14,16,92,0,26,0,7,0,0,0,9,14,0,0,0,0,0,0,2,0,27
141,0,0,0,0,33,2,0,0,26,25,8,0,0,0,0,29,15,10,1,0,0,2,0,0,0,0,0,0,9,9,26
16,0,4,3,13,22,33,49,0,0,0,0,0,29,8,0,0,0,37,18,0,0,34,0,0,24,0,0,0,0,0,0
0,0,6,36,0,8,33,0,4,15,0,12,23,0,228,207,85,0,9,0,0,5,0,0,16,19,3,15,22,28,5,0
0,0,0,16,0,0,0,14,12,5,15,0,0,11,51,196,147,9,0,32,0,0,30,4,0,0,3,1,0,9,0,0
33,5,0,0,0,8,0,7,0,4,30,0,0,5,61,32,5,0,71,0,15,130,185,50,0,0,0,0,12,27,0,0
76,0,0,4,18,0,0,198,187,6,0,0,22,0,0,0,0,28,3,3,35,92,39,0,31,19,10,0,42,26,0,60
86,42,7,0,34,13,10,196,198,0,0,14,0,2,0,0,0,15,38,0,2,73,6,0,0,0,0,0,21,0,0,63
0,0,0,20,0,9,0,0,85,22,14,0,0,0,0,23,0,0,33,0,4,18,0,0,0,18,0,0,0,0,0,10
132,0,0,22,0,0,9,5,17,2,4,30,0,4,11,0,0,5,0,37,0,0,3,5,0,0,0,13,0,0,35,0
28,0,35,0,0,19,16,9,0,12,0,2,7,0,0,0,0,0,0,22,0,5,7,0,0,0,0,0,0,0,3,12
24,16,0,0,13,0,0,1,5,0,15,44,3,0,0,23,7,12,12,0,17,9,0,0,0,0,0,6,0,0,12,0
79,0,0,23,0,0,0,0,13,11,0,0,14,0,0,11,1,0,0,0,0,6,0,0,6,22,91,141,0,0,0,8
0,49,9,0,0,3,0,0,0,5,34,19,0,8,0,26,2,0,0,0,0,0,16,0,11,86,250,199,0,0,11,0
0,0,20,30,0,13,3,46,0,14,14,4,2,24,8,0,18,0,4,0,4,29,34,1,13,0,14,1,3,0,6,1
0,14,0,7,30,0,7,10,21,13,52,0,21,6,0,0,8,0,0,17,0,0,0,2,0,0,0,23,0,5,12,0
81,0,0,17,31,0,0,0,0,0,0,0,26,0,10,18,0,0,0,0,0,4,0,6,9,11,10,0,0,0,0,0
5,0,30,9,32,1,16,0,2,39,41,2,19,46,1,0,1,4,0,0,0,4,0,0,0,0,0,0,37,0,0,8
0,0,0,1,29,18,0,0,0,23,23,37,42,41,0,0,2,0,4,10,0,0,3,0,0,12,8,9,7,0,0,0
1,0,0,37,0,0,0,0,0,16,0,0,0,7,0,0,0,19,19,0,20,5,0,0,0,3,15,17,42,0,12,11
33,0,0,7,0,0,0,27,0,0,0,6,23,27,0,0,0,9,0,31,0,0,0,2,0,0,26,18,0,15,12,0
0,10,0,5,0,12,0,0,7,0,9,0,0,0,0,34,0,0,0,0,0,0,0,0,0,7,28,0,0,0,14,0
15,11,0,17,0,6,24,0,25,0,8,0,28,33,2,0,4,0,0,7,0,0,0,0,20,8,19,0,0,38,0,0
12,16,8,0,0,12,1,2,0,0,5,4,5,5,8,0,16,0,16,0,0,0,0,13,0,0,22,29,0,12,0,18
0,0,0,0,0,27,0,11,23,0,0,11,0,0,25,0,8,0,0,37,0,0,0,0,12,11,0,5,0,20,0,0
73,1,0,5,0,11,0,0,0,1,19,2,0,0,0,0,0,7,0,0,2,4,0,0,0,0,3,0,6,0,9,11
2,0,0,11,0,0,0,10,0,4,0,0,0,0,0,0,0,0,0,0,0,6,0,0,0,4,10,0,0,0,4,0
0,0,0,0,0,0,0,0,0,3,0,0,0,3,0,11,0,0,0,0,5,0,8,0,1,1,0,0,0,10,5,16
7,4,0,2,5,0,7,4,0,8,15,5,0,0,0,2,1,0,1,0,0,0,0,0,4,0,0,4,0,8,8,25
0,9,0,0,0,4,8,0,0,0,30,0,0,8,0,0,0,0,0,2,0,0,5,2,0,0,2,0,0,0,0,0
0,1,4,0,4,6,3,0,0,4,29,57,0,0,3,0,0,2,9,0,0,0,0,12,0,0,0,0,0,1,16,4
62,0,7,0,0,0,9,0,0,20,52,0,4,18,0,0,3,0,4,0,3,3,2,0,7,4,0,0,0,6,12,19
0,0,0,0,0,5,0,5,7,38,8,14,1,5,0,0,0,4,0,0,0,1,0,1,1,5,4,0,0,0,5,0
0,11,0,0,0,8,0,0,0,39,23,0,11,11,5,0,0,2,9,4,5,0,0,15,0,0,15,1,0,10,0,12
81,8,0,0,3,0,3,6,1,11,18,0,0,7,0,0,0,3,0,0,5,0,9,0,0,12,0,3,6,0,0,0
99,10,0,0,7,12,8,0,5,0,0,14,0,0,0,16,28,0,0,3,0,1,0,0,0,8,0,0,4,0,8,1
112,3,5,0,7,9,5,0,8,0,17,36,1,0,1,12,8,0,0,0,2,2,0,3,0,2,13,0,0,0,8,4
106,3,0,0,0,0,0,0,21,3,16,14,3,4,36,0,0,0,55,1,0,0,0,0,0,0,0,8,5,0,0,18
0,0,7,0,0,0,4,9,5,15,0,0,0,0,0,5,0,0,0,5,12,0,0,0,16,19,0,0,0,9,0,0
2,6,2,0,0,0,0,24,4,6,1,0,6,9,6,0,2,5,0,1,0,16,15,6,10,4,0,6,3,0,0,0
0,0,1,0,5,0,6,5,0,0,11,7,0,0,5,0,0,0,0,6,0,0,8,0,0,7,3,0,7,9,4,0
0,1,5,0,13,3,0,0,0,0,0,2,0,9,0,9,0,0,0,2,3,0,0,0,2,4,4,2,1,6,0,3
0,12,0,0,0,0,0,0,4,3,0,0,14,0,12,25,5,1,3,0,0,0,0,0,0,2,0,0,8,0,2,10
104,2,9,0,9,0,2,4,0,0,0,0,0,0,0,0,0,0,0,0,0,8,1,0,0,0,1,0,9,0,3,3
86,0,0,4,0,1,4,6,7,0,12,0,0,0,0,0,0,0,1,4,0,10,6,4,4,1,13,8,36,0,1,0
3,0,0,0,2,0,0,0,5,0,9,20,0,5,0,8,2,0,4,8,5,9,1,0,7,18,4,0,3,5,0,0
87,8,5,0,0,16,5,0,0,0,0,3,0,0,3,0,5,0,0,3,0,0,0,13,1,4,0,1,9,0,8,18
0,0,6,3,5,0,5,0,5,0,32,10,2,0,0,0,0,0,0,0,0,0,0,10,0,4,0,7,1,14,0,0
0,0,0,2,44,0,9,0,0,0,35,2,0,0,5,0,0,5,0,4,5,1,1,0,7,0,0,0,15,16,0,11
0,0,20,16,30,12,0,0,7,17,26,4,0,6,0,0,1,2,2,0,3,4,1,4,0,1,3,9,3,0,0,0
33,11,0,7,7,12,0,15,1,17,17,45,0,8,0,0,3,1,0,0,10,0,0,8,0,0,0,2,12,4,8,21
0,0,0,2,2,0,0,0,6,12,0,0,0,6,0,0,0,0,0,6,2,0,0,0,0,4,0,1,0,0,0,6
7,4,2,0,3,0,1,1,3,0,3,0,0,0,5,0,8,1,0,0,4,0,2,0,1,2,7,4,0,4,12,0
33,0,15,0,0,0,0,5,0,2,0,6,4,9,5,10,0,1,0,4,3,2,2,4,6,0,11,0,0,0,4,0
0,0,0,5,9,0,0,6,8,2,0,5,0,0,9,1,0,2,0,0,2,0,4,5,0,0,0,0,0,0,0,6
0,0,0,13,0,0,0,0,0,3,10,0,5,0,9,0,0,0,0,0,1,0,0,0,0,0,0,0,0,0,0,5
0,0,1,0,4,0,0,0,4,5,0,0,7,4,0,0,4,0,1,0,0,0,11,0,3,6,3,0,0,0,0,9
95,3,0,7,0,0,0,0,0,0,11,0,7,0,8,0,0,0,0,0,3,6,5,6,3,6,12,2,0,6,0,9
3,0,0,0,0,0,0,0,6,15,0,0,0,4,4,1,1,5,0,3,4,1,0,0,3,0,0,0,0,0,7,2
0,0,1,0,0,0,0,0,11,0,0,0,0,9,0,5,0,7,0,0,3,0,0,3,2,0,0,0,0,0,7,0
0,7,2,0,0,8,6,0,9,0,27,0,10,0,2,0,2,7,0,4,7,0,7,9,6,0,3,0,0,0,5,0
8,0,2,0,0,1,0,0,7,0,41,0,0,0,0,0,1,0,0,0,0,0,0,10,0,2,0,0,4,0,0,0
29,0,0,5,0,0,0,0,6,0,34,63,0,0,4,0,0,0,0,0,0,0,2,1,0,0,0,0,0,1,0,0
16,1,0,7,1,0,0,1,0,19,50,2,0,18,0,7,6,0,0,8,9,9,11,0,4,5,9,0,6,10,1,0
0,4,0,7,0,10,10,0,0,47,10,9,0,10,28,0,2,2,2,7,0,13,0,0,0,0,1,7,4,0,15,8
20,0,0,0,0,3,0,4,0,30,26,0,20,1,5,6,13,4,2,4,3,0,0,4,0,0,3,5,0,0,0,11
78,7,0,5,0,0,0,0,0,8,16,0,4,1,2,0,1,4,0,0,7,0,1,0,0,5,0,9,0,0,0,13
70,0,0,0,5,8,0,2,3,0,0,2,5,0,0,14,33,3,3,0,1,0,0,0,0,0,0,0,1,1,0,0
51,6,0,0,0,0,0,11,11,0,8,11,0,1,0,50,2,3,0,0,2,8,3,0,9,9,18,0,4,0,3,19
0,0,0,0,0,0,0,0,3,3,1,0,0,0,17,5,0,0,42,0,4,0,4,0,2,8,6,0,0,0,0,0
119,0,3,2,0,4,0,0,0,13,0,0,0,0,6,7,0,0,7,10,0,0,4,0,0,10,0,0,8,0,0,0
27,5,0,8,0,5,0,0,119,119,0,0,0,6,1,5,1,2,13,8,0,31,24,0,5,0,0,1,2,4,7,10
0,6,7,0,14,0,0,12,0,0,3,9,0,0,0,0,6,3,2,0,0,0,6,0,0,0,0,7,3,2,2,14
0,0,0,0,0,0,12,4,7,9,27,11,11,1,6,0,0,4,6,0,0,1,2,6,15,0,5,0,11,0,3,6
0,4,0,6,5,0,2,0,21,0,11,12,0,2,0,0,6,0,9,2,0,0,0,0,4,0,2,11,0,0,0,0
0,15,0,9,1,0,0,0,0,9,30,0,24,0,0,1,0,0,0,0,0,18,13,0,0,0,0,0,0,0,6,0
58,0,0,23,0,0,0,8,5,0,38,0,0,7,0,0,0,0,0,12,0,0,5,1,2,0,0,26,16,9,0,0
12,0,9,13,0,0,13,0,0,0,1,0,35,7,10,0,18,0,26,0,17,13,0,0,0,0,10,9,28,8,0,17
71,6,25,9,0,6,0,27,0,0,11,3,0,2,5,16,0,0,0,2,0,10,12,7,0,4,0,0,2,3,0,0
103,0,0,0,20,8,4,0,17,0,14,40,0,8,0,0,0,0,0,1,0,0,11,17,0,0,0,24,0,18,0,20
38,0,7,18,41,0,0,3,0,0,9,6,8,0,7,20,19,0,0,0,4,12,9,20,9,0,4,0,0,0,0,27
0,0,12,0,8,0,0,13,22,23,24,0,0,6,0,0,0,0,0,10,15,0,25,0,4,0,35,1,0,0,0,0
92,3,48,0,8,11,26,25,6,46,8,0,14,14,2,0,36,0,27,9,0,19,3,4,16,0,0,0,0,2,0,0
49,0,50,12,0,2,0,0,11,0,4,0,0,8,0,14,0,10,0,0,0,0,0,1,8,0,0,0,5,13,9,0
20,0,0,18,0,0,0,0,31,0,0,0,0,17,4,1,0,0,0,0,0,17,0,0,0,11,12,16,0,0,0,0
0,0,33,0,13,14,0,0,0,9,0,0,0,7,8,9,0,0,0,0,0,22,0,0,6,0,0,0,12,6,2,1
0,0,4,2,0,6,3,0,0,0,9,4,7,0,0,7,0,0,1,0,2,0,0,0,16,0,0,0,21,0,19,1
28,35,0,0,1,0,0,4,0,0,3,0,0,0,0,11,0,0,8,0,0,0,0,0,0,0,3,0,0,10,7,0
10,0,39,38,9,0,16,35,16,3,0,0,0,0,15,22,0,0,0,9,0,0,20,0,1,10,0,3,0,0,0,0
132,0,0,0,24,0,0,25,0,0,56,7,0,0,0,0,0,0,6,10,0,9,12,0,0,11,25,14,0,28,0,0
21,0,3,17,33,8,10,8,26,30,0,0,16,3,0,0,0,21,11,0,0,0,0,0,0,6,0,16,0,0,0,19
0,0,0,2,0,0,0,0,0,0,46,13,23,2,20,32,0,0,0,42,0,10,30,0,9,0,21,4,10,3,0,17
0,0,0,6,0,10,0,9,0,12,0,42,0,10,10,38,0,0,18,16,0,9,16,0,5,11,22,0,0,8,7,9
40,0,0,9,6,0,0,0,0,2,19,10,19,11,0,0,24,0,0,24,0,0,2,0,27,0,0,4,0,0,0,64
0,0,0,0,22,0,20,0,0,3,50,51,0,7,13,0,41,29,6,0,7,0,0,15,0,0,14,16,19,0,16,37
0,0,0,40,0,12,0,0,0,5,46,32,12,4,0,0,0,0,0,4,49,0,0,20,0,22,0,0,0,0,0,43
3,0,0,3,0,0,0,17,6,47,22,0,0,28,16,10,4,0,19,0,31,0,0,0,0,13,19,0,0,0,0,4
0,0,0,3,8,0,20,0,16,28,0,2,24,0,6,2,0,0,19,0,2,0,0,4,0,17,25,0,0,7,0,29
131,27,4,0,5,0,0,8,0,1,10,13,0,0,16,56,32,16,16,9,0,22,0,0,0,0,9,0,0,8,0,0
76,20,0,0,1,13,37,0,32,5,10,9,38,14,0,0,0,11,0,16,31,0,8,16,0,10,0,4,6,0,14,0
0,29,18,13,44,0,5,0,12,7,24,42,5,11,18,24,18,12,0,10,0,8,20,0,12,49,0,0,19,0,0,1
115,0,0,0,0,2,12,0,75,29,4,18,195,198,28,0,0,0,77,193,196,12,7,0,0,25,16,0,0,0,0,0
0,7,0,0,20,1,0,5,33,34,39,0,196,198,10,0,5,4,94,194,197,0,37,37,28,0,0,0,0,0,0,0
0,33,21,0,0,0,0,2,195,68,0,0,160,197,3,0,0,6,0,108,100,0,11,0,11,0,9,0,0,23,0,16
123,0,10,0,8,12,9,3,196,166,0,8,4,4,0,0,3,16,0,0,7,6,0,0,0,3,1,9,0,16,0,0
0,0,29,0,31,0,0,0,3,21,0,9,13,0,9,0,0,18,20,0,28,16,1,0,0,0,0,0,10,3,5,0
0,60,3,24,11,0,0,20,0,4,25,27,0,0,12,0,0,0,0,0,0,16,0,0,0,4,14,0,0,24,11,16
0,2,23,0,0,1,0,25,41,12,15,0,0,26,0,9,13,0,24,0,39,0,30,0,0,63,0,0,0,0,5,38
129,0,0,8,27,20,30,0,9,0,19,17,0,0,0,4,0,9,0,9,20,36,9,0,0,0,0,0,2,0,14,53
64,0,4,0,0,0,0,9,0,0,7,12,0,0,18,26,0,8,0,0,19,0,31,0,8,10,0,24,13,17,0,0
98,9,15,0,0,0,0,0,11,0,0,0,0,0,0,0,12,0,0,5,21,28,0,0,0,12,0,14,0,0,0,3
73,18,24,0,42,27,18,0,2,39,45,0,26,0,15,9,0,17,0,0,2,14,0,3,0,0,0,0,0,0,0,19
16,19,0,0,43,0,39,2,8,4,23,4,31,5,19,3,0,13,0,0,0,11,0,8,3,0,0,8,0,23,8,0
0,0,0,0,26,6,0,0,2,37,50,8,14,0,0,0,6,32,0,0,2,0,24,18,31,9,0,2,10,0,0,8
0,0,0,0,0,43,8,0,0,43,25,1,0,0,3,29,7,4,0,0,11,0,0,31,14,0,0,1,36,0,2,24
20,24,0,0,13,7,19,0,0,14,0,0,0,36,0,14,0,0,0,6,0,6,4,3,0,0,25,0,0,0,0,1
0,30,0,0,0,0,0,12,4,1,3,4,0,5,22,24,11,0,11,10,0,0,0,4,0,2,0,0,11,0,17,8
0,32,0,0,0,0,0,0,17,4,27,17,0,0,3,0,16,7,0,0,0,0,0,0,0,0,0,28,15,31,16,0
0,0,0,24,0,0,8,0,7,0,2,25,16,0,16,5,26,0,0,0,3,0,8,11,27,0,0,0,0,0,16,0
0,6,20,0,34,2,35,0,5,25,0,0,0,13,0,0,0,0,2,7,19,4,14,3,28,0,6,0,0,16,0,0
36,31,17,0,0,2,10,0,7,0,0,0,0,1,0,8,0,0,1,0,6,0,0,0,1,33,0,0,15,9,20,0
46,0,32,29,0,8,43,34,0,0,42,33,0,13,0,0,0,0,2,2,52,5,0,12,0,0,25,0,4,11,0,0
30,0,37,0,0,0,0,44,0,0,32,22,0,37,0,2,19,0,3,17,25,25,0,13,0,0,8,10,25,20,16,0
13,1,16,0,14,22,0,0,15,16,13,1,0,0,10,0,7,0,0,11,0,6,0,0,0,0,29,8,9,4,0,22
0,0,10,25,0,0,3,0,0,0,0,1,0,0,0,0,16,18,40,1,0,0,25,0,0,18,11,0,11,0,0,0
2,0,24,5,19,0,0,0,0,0,47,0,8,1,0,13,0,22,2,0,0,27,19,0,7,0,0,0,21,0,0,64
0,7,0,22,0,5,0,31,4,0,16,35,0,4,0,0,0,17,0,0,25,41,17,0,5,0,0,0,0,4,25,0
90,0,5,0,0,0,0,42,0,0,0,23,13,30,0,0,0,0,10,0,0,33,0,2,0,0,0,22,0,0,0,0
0,0,6,11,39,16,0,0,0,0,29,22,10,32,22,19,1,14,8,5,0,18,0,17,17,0,18,0,31,28,10,0
93,0,0,0,27,0,0,0,9,4,2,0,0,0,11,0,0,66,0,7,0,0,15,14,0,0,0,0,0,1,0,0
42,0,0,20,0,0,0,0,0,12,1,0,0,27,12,0,25,54,0,1,0,41,6,0,9,0,39,18,34,0,2,12
0,0,0,0,0,0,14,21,36,0,60,6,22,5,0,0,0,0,0,0,0,0,23,6,9,20,25,0,0,3,0,23
98,0,0,20,0,0,4,18,11,0,4,0,20,51,0,11,18,1,0,0,0,0,13,0,20,4,0,12,0,16,8,20
1,5,0,0,0,0,0,0,6,9,16,1,197,187,12,30,0,0,68,60,147,0,5,32,10,14,0,15,5,0,0,66
0,10,5,0,0,1,11,1,0,0,0,5,243,132,16,21,2,0,234,196,196,16,0,0,36,37,27,0,16,0,24,38
72,31,9,0,0,6,0,0,32,28,0,0,0,3,0,0,0,26,20,7,78,0,3,0,0,0,30,23,14,13,55,0
0,1,6,12,8,0,0,0,0,0,4,10,0,12,0,0,0,0,0,67,45,0,0,1,13,0,29,3,0,0,7,18
0,0,20,4,11,0,0,17,0,2,17,19,13,0,8,0,0,5,0,0,0,0,0,0,0,0,0,0,7,0,0,29
35,1,12,5,13,0,7,0,0,2,0,0,0,16,15,2,1,0,1,0,0,0,0,13,211,189,0,13,0,4,0,0
31,0,36,24,38,0,0,17,0,0,23,0,0,12,0,0,4,0,0,20,0,5,0,22,196,57,18,0,9,18,0,19
1,4,20,20,27,0,17,59,0,0,0,26,0,0,0,4,0,0,0,20,4,4,16,88,228,53,45,0,9,43,28,9
0,0,35,30,21,31,8,0,16,14,18,13,0,0,0,12,16,8,0,0,12,11,33,0,0,0,0,40,36,0,0,17
34,0,13,0,34,0,18,13,20,0,0,14,0,0,0,0,4,40,14,10,12,0,1,16,38,0,56,7,8,0,23,0
83,0,24,0,39,12,30,0,0,0,23,2,0,0,0,27,57,1,36,0,0,26,0,0,0,4,0,2,17,22,57,20
83,37,18,0,63,1,35,0,10,7,40,0,0,4,0,42,0,0,0,5,16,0,3,0,0,15,2,0,8,0,0,41
0,0,0,6,53,0,0,0,9,22,49,9,0,0,23,0,0,0,0,0,0,0,3,16,6,7,0,0,0,0,0,0
87,16,0,0,34,62,12,26,0,0,31,38,11,0,0,33,34,13,0,29,1,0,28,22,25,8,70,10,31,26,0,0
49,2,8,16,0,0,0,40,0,0,0,31,23,0,0,33,2,6,16,21,0,16,43,0,48,22,55,0,8,16,1,4
10,0,3,1,5,0,0,17,18,0,0,0,0,0,0,37,0,0,21,0,19,0,0,0,12,18,0,8,0,10,38,0
49,0,0,0,0,2,0,0,0,16,0,0,5,18,0,8,0,8,23,0,5,10,0,3,0,0,8,0,10,23,0,0
30,0,8,9,0,0,0,8,9,0,12,17,0,0,1,0,0,1,0,0,0,21,0,0,3,21,5,0,5,0,0,8
0,0,8,6,13,0,7,25,23,0,19,7,0,0,0,0,0,0,16,0,0,18,18,11,0,4,42,3,0,1,0,0
0,0,51,21,17,0,9,18,1,0,18,0,0,0,2,0,0,0,1,0,0,27,0,14,0,0,0,3,9,19,0,13
142,9,12,0,30,12,0,0,0,0,0,5,0,0,2,0,16,17,7,0,9,1,16,1,11,0,3,0,0,0,0,9
0,0,3,9,0,0,0,5,0,0,1,4,4,0,0,3,14,6,1,2,0,0,19,2,0,0,2,3,0,0,0,3
0,3,0,0,0,7,0,3,14,4,0,0,0,0,0,4,9,5,0,0,0,0,17,3,8,0,0,13,0,9,0,11
0,3,9,0,14,0,7,0,12,0,0,0,18,25,0,0,13,11,0,0,4,0,7,9,5,0,24,0,0,0,8,0
0,3,0,0,0,4,0,17,0,0,13,21,0,0,0,10,7,0,1,0,0,2,0,0,0,0,0,5,13,0,4,13
0,0,0,4,0,14,0,0,0,13,14,52,0,11,1,0,4,1,10,5,9,0,2,3,0,0,1,0,9,8,0,4
54,9,22,0,36,0,1,15,0,29,27,0,6,25,6,3,10,4,0,11,4,0,0,7,5,4,0,0,0,25,14,3
62,0,29,0,0,0,4,2,0,9,0,13,0,39,43,0,11,1,0,0,0,2,0,0,7,0,0,5,4,1,0,16
0,0,8,1,3,13,0,8,9,40,26,6,22,0,9,8,9,0,51,0,0,7,0,20,0,0,0,0,0,28,0,0
131,18,0,0,15,0,0,0,1,0,0,0,0,0,9,21,6,9,12,1,16,0,0,0,0,12,0,2,0,6,0,8
75,14,8,10,16,0,11,0,0,5,4,3,16,6,0,0,3,27,0,3,0,1,2,6,0,0,0,6,4,0,0,0
0,13,5,2,0,0,8,3,20,1,0,2,0,0,0,4,6,0,2,4,8,0,0,7,0,0,16,0,0,3,0,0
0,13,0,0,5,17,11,0,0,0,0,0,10,15,15,0,15,8,65,8,7,0,0,13,0,0,16,16,0,0,9,6
84,7,0,4,0,11,10,7,7,2,3,0,28,9,13,0,0,0,10,2,0,0,23,10,24,17,9,0,14,14,0,0
0,7,0,0,1,0,0,32,0,0,4,0,0,0,0,0,0,0,24,0,9,0,29,3,0,0,0,0,0,0,0,1
0,7,8,0,1,0,0,34,36,0,0,0,1,0,6,6,4,0,0,0,6,2,0,0,0,10,0,0,16,0,0,3
65,0,0,13,4,0,0,37,185,0,0,4,0,6,0,0,0,0,0,17,0,5,0,0,3,7,4,8,0,3,0,0
0,5,6,7,11,0,0,4,0,4,6,0,3,5,10,0,11,0,0,0,0,10,0,0,35,0,0,0,0,0,0,0
0,0,3,0,0,6,2,0,0,0,0,0,0,0,0,0,0,0,0,0,0,12,9,2,17,2,0,0,4,15,5,8
0,0,0,0,0,0,5,3,10,0,19,2,10,8,0,0,6,0,14,16,0,0,16,14,0,0,1,3,0,11,10,17
41,0,0,0,0,0,0,0,0,9,11,4,9,0,12,0,0,0,0,8,6,13,0,0,0,40,0,6,30,4,5,4
49,0,0,15,3,0,6,0,0,3,15,0,0,11,7,0,11,9,4,7,0,20,0,15,0,1,4,0,0,0,0,7
0,5,0,0,6,15,0,1,0,0,20,10,0,3,2,0,12,9,0,0,0,18,0,8,0,0,0,0,13,6,5,0
0,0,5,2,26,4,11,0,17,0,24,0,9,8,1,0,0,2,2,0,11,9,0,0,5,0,0,0,0,1,12,19
11,0,5,0,27,24,10,18,17,24,17,18,0,8,0,0,0,12,10,0,5,5,16,0,3,14,0,2,0,0,3,0
0,9,0,0,20,17,11,0,0,23,4,23,8,7,9,0,12,9,25,0,12,0,22,4,0,0,10,11,0,11,21,0
0,0,23,2,7,0,0,8,2,4,0,0,0,0,0,0,1,0,0,5,6,7,0,6,0,13,0,0,0,25,0,0
0,2,7,4,0,6,0,10,0,16,16,0,0,0,0,0,0,12,2,5,0,0,5,0,0,7,20,6,0,13,4,0
0,0,16,0,2,0,0,4,0,5,32,0,0,2,7,0,2,0,0,6,3,0,0,0,6,0,0,14,0,0,0,0
6,0,0,0,26,5,1,0,0,0,0,0,0,4,0,0,0,0,0,13,0,7,0,0,0,0,5,19,0,0,0,0
6,0,8,0,0,0,0,4,4,0,1,2,0,0,14,7,6,0,0,12,6,5,0,0,0,1,6,2,5,0,0,3
0,5,0,12,1,0,5,0,1,0,26,9,0,0,3,11,0,3,0,16,7,0,0,4,7,4,7,10,0,0,0,9
89,17,0,0,10,4,0,0,0,22,8,0,0,13,0,4,0,0,0,0,23,0,0,0,0,2,8,0,0,16,14,0
21,22,0,0,0,0,0,5,0,0,2,10,0,9,0,6,27,3,9,0,0,7,0,0,0,0,0,21,16,0,11,18
3,0,9,0,0,11,0,12,0,10,0,0,0,4,13,8,0,0,0,7,0,0,0,0,0,12,0,0,0,1,5,0
0,0,30,8,0,0,9,0,12,5,0,1,0,10,5,0,11,0,0,4,9,0,5,10,5,0,8,0,4,14,1,0
0,0,5,0,12,7,24,0,0,19,11,5,0,0,8,0,0,0,0,0,0,9,21,0,0,0,0,6,0,4,24,14
0,0,0,17,0,0,0,3,0,4,60,7,28,0,0,14,16,0,0,11,0,34,2,0,0,0,16,0,0,20,0,3
0,0,48,0,0,16,0,0,0,19,28,0,0,23,4,2,0,0,0,0,22,5,14,8,0,0,0,1,11,0,0,10
45,4,1,0,1,0,0,0,0,34,0,0,6,10,44,0,10,3,0,0,18,0,2,2,0,0,4,0,0,0,15,5
0,0,13,0,0,0,2,0,0,16,0,17,12,0,0,5,5,17,2,0,4,0,0,0,0,0,21,20,12,0,8,27
92,18,28,0,14,42,22,0,12,16,6,0,0,0,4,5,9,27,21,0,37,0,43,9,27,7,0,5,0,0,4,41
46,4,0,0,0,0,0,18,0,0,5,0,20,0,0,0,0,0,0,1,0,0,0,0,16,8,19,12,23,0,0,34
97,22,18,0,0,16,0,0,0,0,0,34,0,23,0,0,35,0,0,11,4,0,0,0,4,15,11,2,15,0,0,31
0,28,0,11,44,0,0,23,0,8,0,0,0,220,119,18,0,16,64,0,0,0,28,24,0,39,33,10,1,0,0,0
112,3,0,0,29,2,0,24,7,3,0,0,0,191,190,12,14,3,0,4,0,0,0,0,0,23,4,9,12,0,22,0
0,16,0,0,0,23,43,0,5,0,5,25,0,10,214,0,12,0,20,32,67,15,1,7,0,0,0,7,10,11,23,8
92,0,14,23,7,0,3,0,202,60,64,0,24,13,18,17,26,0,0,10,116,0,14,13,13,11,28,0,40,0,0,9
67,10,0,47,0,0,35,40,197,187,7,12,6,26,0,0,0,0,9,0,42,0,0,6,10,9,0,0,0,0,0,0
71,17,5,0,9,0,0,156,196,189,0,50,5,0,33,20,0,0,0,29,0,0,0,49,48,0,0,0,40,0,0,17
0,0,16,38,0,0,0,13,159,78,38,29,6,0,14,18,18,0,0,0,8,0,0,2,0,0,49,0,3,0,0,15
0,32,8,0,8,13,0,15,1,0,2,0,0,0,1,0,0,0,3,0,0,18,16,11,3,16,12,0,0,0,0,0
89,4,6,0,0,8,0,0,0,11,0,0,0,16,0,0,6,28,0,0,24,17,0,0,0,0,49,37,20,1,12,0
0,0,0,22,35,0,0,46,0,0,9,31,29,0,2,48,20,17,0,0,0,8,28,59,33,0,0,10,0,25,0,10
0,0,14,0,0,32,0,0,0,0,0,18,0,0,0,23,11,0,29,0,9,4,0,0,5,6,0,0,0,0,0,15
0,0,34,0,37,0,0,0,3,9,0,2,0,0,0,20,0,23,40,0,0,0,27,0,0,0,30,31,0,0,24,0
0,9,30,0,56,0,0,8,0,16,43,30,0,51,0,0,0,0,0,0,0,11,3,0,0,2,14,0,0,0,33,0
80,14,0,12,0,6,15,0,29,86,0,17,23,25,13,0,0,0,3,0,19,0,64,6,9,0,0,37,0,50,0,0
0,42,0,14,0,0,7,0,21,27,0,0,0,25,0,0,0,0,3,3,24,0,27,3,0,8,0,0,16,2,43,3
37,0,0,8,0,0,0,0,0,0,5,3,0,0,0,5,6,0,0,0,0,0,8,7,0,0,10,25,0,19,13,17
3,0,0,0,0,3,23,43,0,0,0,4,2,16,0,0,0,25,0,13,2,0,20,13,6,0,0,0,19,0,0,18
0,0,0,0,10,10,0,30,0,0,0,0,7,30,7,0,23,18,9,26,24,3,0,1,12,0,13,7,1,21,0,0
31,0,30,10,0,4,33,0,0,2,0,0,0,0,0,2,11,25,13,0,21,8,0,5,0,0,0,0,0,48,8,22
0,0,0,0,0,34,36,1,30,0,0,0,0,2,39,0,28,0,0,0,0,0,0,0,0,9,0,0,0,0,5,4
126,0,35,0,44,0,0,0,0,0,24,36,17,0,0,0,0,26,0,0,0,0,0,4,0,0,0,0,0,0,0,0
10,0,2,1,0,7,18,6,0,0,0,0,18,11,0,54,2,17,5,6,0,0,12,8,28,8,21,0,0,11,0,0
0,0,0,1,0,0,0,54,0,0,26,0,12,0,10,0,6,12,0,7,22,13,0,40,14,0,8,23,0,0,10,0
1,0,25,0,6,0,10,0,0,2,44,16,0,0,6,12,31,30,38,0,18,12,0,31,0,8,10,0,33,0,61,11
0,0,0,22,0,0,0,29,0,0,10,22,0,4,19,28,0,0,19,0,50,0,18,0,33,5,6,0,0,0,4,16
53,16,0,0,0,0,35,0,0,2,36,16,0,4,0,1,6,21,27,0,1,14,49,0,44,0,0,11,16,14,0,0
47,0,13,20,0,0,0,29,0,31,19,0,0,46,4,3,0,0,0,33,91,0,66,0,12,0,0,0,0,0,10,0
32,7,2,20,0,0,0,0,0,0,24,0,7,32,21,25,0,1,6,1,7,34,20,0,0,0,0,27,10,6,0,14
99,24,0,0,35,47,23,0,23,0,40,17,31,0,28,33,11,44,0,10,16,0,28,10,23,21,0,0,0,2,8,0
0,31,6,34,4,0,0,31,0,4,0,0,12,1,0,4,1,28,3,0,0,4,43,2,14,0,6,0,0,0,1,19
59,0,0,2,55,0,21,0,51,1,6,0,0,0,0,10,0,2,19,2,10,24,21,0,23,0,54,11,11,0,21,10
0,0,52,0,0,7,0,0,18,39,0,0,21,18,15,0,0,15,22,0,9,22,0,0,0,0,0,5,16,0,19,0
56,0,0,0,26,16,11,0,63,0,27,13,16,102,147,0,0,24,24,0,26,0,32,0,19,34,0,0,0,26,0,0
0,0,0,1,0,0,0,0,14,0,8,0,33,194,197,25,5,0,0,58,189,107,0,26,0,9,0,0,0,0,7,0
137,0,6,0,0,0,3,12,11,0,20,30,0,191,69,0,3,0,0,196,187,190,0,0,18,0,0,8,30,0,9,0
18,7,47,17,1,0,4,8,19,0,18,17,20,55,82,2,0,0,23,34,192,110,5,12,0,0,0,0,0,0,0,0
0,2,0,0,0,21,0,0,40,0,0,0,0,23,1,22,0,0,0,69,135,105,0,0,0,0,0,26,43,13,6,19
113,0,14,0,29,0,9,0,26,7,11,0,14,0,5,0,0,12,0,22,0,20,16,0,19,0,21,11,4,5,0,0
0,0,0,21,0,7,18,36,15,0,0,28,0,8,0,19,11,4,3,16,0,0,0,12,28,0,0,111,0,9,0,17
63,33,0,0,0,0,0,9,0,0,0,0,1,9,0,0,8,0,2,0,19,0,16,0,28,0,109,3,157,8,1,0
0,35,0,26,0,0,41,0,31,12,10,0,0,50,0,0,0,0,0,0,12,0,0,0,0,8,187,195,187,16,10,3
43,0,7,0,0,0,0,19,2,0,24,0,12,12,7,12,0,31,0,29,0,17,0,0,13,0,0,112,0,0,11,0
72,0,0,11,0,0,0,27,12,17,0,25,0,0,17,16,0,0,0,9,2,28,20,8,14,0,0,0,0,17,1,0
4,36,0,0,27,0,0,0,4,0,63,4,0,0,0,0,45,0,0,10,0,1,5,6,13,0,8,0,0,0,0,0
0,0,0,24,29,0,0,0,0,0,22,40,14,0,35,10,29,0,0,0,0,26,1,13,0,0,3,0,17,18,0,0
16,0,25,17,0,21,0,6,0,15,9,47,11,17,0,0,0,0,0,0,17,0,28,0,11,0,10,26,0,19,0,10
0,0,14,0,0,0,0,0,0,1,1,0,5,18,21,4,11,0,0,0,12,11,0,0,6,17,15,16,6,0,0,1
10,9,0,0,0,0,0,0,8,28,0,6,0,0,8,0,0,5,17,0,0,24,13,0,0,0,0,3,7,24,0,0
13,20,0,17,0,1,0,18,0,34,0,0,0,20,8,1,4,23,28,0,8,3,14,17,0,0,0,0,0,20,3,0
7,9,3,10,0,0,0,14,0,0,7,4,27,0,20,0,16,0,16,7,0,5,0,0,5,0,18,0,2,0,0,0
0,41,31,2,0,27,2,24,0,0,2,0,0,10,32,0,2,3,0,0,21,0,1,3,17,0,20,0,0,0,29,0
5,0,4,9,0,0,0,5,4,26,23,0,11,0,0,1,0,7,26,6,17,0,29,0,0,15,0,36,0,0,0,0
107,0,0,0,2,0,0,2,0,2,15,3,0,0,19,16,12,15,0,14,0,2,2,8,0,11,23,22,0,0,17,1
0,2,10,17,0,0,12,1,0,0,0,0,0,2,14,4,0,0,10,0,5,0,0,0,2,0,23,0,0,6,13,4
9,6,11,0,0,26,10,8,2,11,0,11,9,0,0,0,19,7,0,18,0,0,0,8,0,0,5,0,12,0,0,0
10,17,0,1,0,4,2,0,20,1,33,0,0,0,0,0,8,10,0,0,7,7,0,0,8,0,0,11,0,0,0,0
0,1,9,1,0,0,0,0,0,0,10,22,0,4,0,6,0,0,0,0,1,5,0,6,0,0,0,8,1,6,11,0
0,0,0,0,12,18,22,0,10,11,21,83,0,11,0,4,0,2,5,0,11,0,14,0,10,0,0,0,0,1,0,3
43,0,0,0,0,0,0,0,0,12,0,0,0,21,0,0,0,2,0,2,0,0,0,7,8,1,16,6,1,7,0,16
28,0,1,0,8,0,3,0,0,36,0,37,3,21,36,2,2,2,0,0,0,6,0,0,0,6,0,0,1,0,2,2
0,8,16,0,0,7,3,0,0,16,29,7,13,0,10,9,5,29,63,3,0,8,0,2,1,0,0,0,0,0,0,0
24,2,7,2,0,0,2,0,4,7,13,0,0,5,7,0,0,16,4,1,1,3,1,0,0,0,0,0,0,7,0,0
88,0,4,0,0,0,10,0,0,0,14,8,11,0,13,22,3,4,4,0,0,1,0,0,11,0,18,9,2,0,0,0
63,0,0,2,1,0,12,0,0,0,0,14,0,0,12,0,3,3,0,0,4,0,0,2,7,3,10,0,0,4,0,10
0,0,0,9,0,0,0,3,0,5,0,0,31,0,34,0,0,0,13,20,0,1,0,2,0,1,0,2,1,3,13,2
132,0,0,6,11,0,0,0,0,0,3,0,3,16,16,11,2,0,0,7,18,7,1,0,0,19,1,0,0,5,2,19
0,0,18,6,14,0,0,0,0,0,0,6,2,31,2,0,0,0,0,4,2,13,6,0,1,2,0,6,0,0,0,5
0,4,3,4,0,0,0,7,24,3,0,0,1,9,3,0,0,0,0,1,69,0,2,3,5,0,0,0,1,0,4,0
0,0,7,3,19,0,0,3,20,8,0,0,1,5,0,0,2,0,0,2,28,0,0,3,0,1,2,1,8,2,3,0
38,2,0,6,16,0,9,7,5,0,0,1,0,2,1,0,0,6,0,3,4,0,0,10,13,0,2,0,3,3,0,0
108,0,25,0,0,0,0,2,0,0,0,0,0,0,8,0,2,0,7,6,0,6,0,0,8,6,7,0,13,0,0,0
64,0,0,10,0,0,0,5,4,6,6,3,13,0,2,2,0,9,8,1,0,11,0,0,10,16,0,3,56,0,8,0
0,1,6,4,0,0,0,0,8,0,0,28,7,0,0,0,0,3,0,2,0,0,5,3,0,0,18,30,0,7,0,0
0,0,0,0,0,0,0,6,3,0,0,6,0,0,5,0,0,1,0,0,0,0,0,51,0,0,8,0,7,16,3,0
58,0,11,1,0,1,1,0,0,14,0,0,0,8,0,0,0,0,0,0,0,4,0,13,0,0,0,0,0,1,0,0
0,0,0,0,65,7,14,0,3,0,10,1,5,9,2,0,0,2,0,0,0,0,0,0,6,0,2,3,2,0,0,0
0,0,22,1,31,21,0,10,0,25,33,18,0,0,0,0,0,0,0,2,0,0,0,0,0,0,0,10,0,0,9,13
0,0,8,6,2,48,0,3,1,31,22,22,6,0,2,0,7,1,2,0,0,4,0,0,0,0,12,10,1,0,6,0
0,2,0,0,0,5,1,0,1,0,8,0,0,3,8,0,0,0,6,7,6,0,0,9,0,0,0,0,7,3,12,0
1,6,0,0,10,0,12,0,0,0,0,0,0,4,0,1,0,0,0,10,1,0,3,4,0,5,3,0,0,0,2,0
38,0,0,5,0,0,0,0,7,5,2,0,0,0,0,0,0,0,0,5,2,0,0,5,0,3,13,5,0,0,9,4
1,0,0,0,0,8,0,0,3,0,1,0,0,2,1,6,1,0,10,0,0,0,3,1,0,2,0,0,0,8,9,0
8,0,1,4,10,0,0,6,0,0,6,0,0,0,0,10,5,0,3,0,2,0,8,0,0,1,8,0,8,0,1,0
0,7,1,0,0,0,5,0,9,0,5,1,0,0,0,0,0,0,0,4,0,4,0,0,0,8,1,0,1,3,5,21
91,13,7,0,11,6,7,0,0,9,8,0,0,18,19,6,0,0,0,6,12,0,0,4,0,6,1,0,0,0,0,10
0,3,1,0,15,4,8,0,0,0,10,0,0,10,0,0,0,0,0,0,0,20,0,0,0,0,0,13,6,0,15,0
15,2,2,0,0,0,6,0,7,0,12,0,11,0,12,6,1,0,1,20,1,0,26,9,15,6,26,6,3,0,0,2
0,19,0,0,3,3,8,33,0,0,25,7,11,12,0,0,3,1,0,2,0,0,0,9,16,15,0,9,0,16,0,0
0,0,3,5,0,7,0,20,0,0,17,11,17,2,0,0,1,15,0,1,8,0,3,16,3,0,11,0,1,8,0,13
0,3,0,0,25,0,0,0,10,23,17,43,0,0,0,0,0,0,0,7,6,0,5,0,0,0,0,0,0,0,0,0
35,3,0,6,0,0,14,4,0,0,0,0,0,33,16,11,6,0,0,1,0,0,4,0,17,0,14,0,12,8,18,0
0,0,3,0,0,0,0,0,13,31,12,25,0,24,5,19,0,10,4,0,7,0,0,22,0,2,1,0,5,3,0,1
0,2,11,0,0,0,0,0,0,28,12,0,40,29,8,25,32,33,30,0,0,0,1,0,8,0,21,0,10,1,0,0
0,26,0,0,0,16,0,0,0,0,0,0,1,0,0,21,10,13,0,0,3,19,0,0,0,0,0,19,0,0,7,29
78,0,3,23,5,0,23,31,34,0,20,12,9,14,1,4,33,0,3,0,11,21,12,0,21,6,13,0,6,19,0,0
64,0,0,0,0,7,0,0,0,0,3,0,0,0,0,11,23,4,0,5,0,12,8,0,1,6,0,11,0,0,9,0
0,7,0,23,13,0,6,0,14,0,0,2,1,0,54,190,8,21,29,1,0,24,0,14,11,5,0,13,5,20,0,0
0,0,2,34,13,3,0,5,0,0,28,0,0,89,216,121,0,0,0,0,14,0,8,6,13,0,0,0,1,1,10,0
132,0,27,20,9,26,16,6,17,27,18,0,20,1,88,0,0,16,0,10,22,0,30,3,0,16,2,0,0,8,0,11
0,2,0,33,12,0,0,0,16,187,55,9,9,18,23,0,0,25,0,15,0,0,6,0,0,0,0,35,19,10,11,0
14,0,0,18,0,13,0,0,197,188,38,0,11,5,7,0,14,22,57,0,1,0,4,7,0,4,0,0,6,14,0,0
138,9,0,0,23,0,0,10,84,197,90,0,0,0,0,3,0,0,0,0,23,5,11,0,3,0,0,0,3,18,9,16
0,11,19,0,20,9,0,4,0,0,0,38,14,0,14,8,18,0,7,0,0,0,11,25,13,32,27,6,40,0,17,42
0,0,8,0,0,5,0,0,0,0,0,0,0,0,0,25,0,3,6,0,3,6,24,0,11,0,0,6,62,0,0,2
12,21,0,0,13,12,0,4,0,7,0,0,0,0,2,5,3,0,0,0,5,0,0,7,0,6,0,34,6,0,10,11
43,0,0,16,0,0,22,16,12,0,0,10,0,0,2,0,37,26,0,0,0,27,0,10,7,13,0,4,2,0,0,12
13,22,0,0,0,5,8,0,11,5,0,0,0,0,0,0,4,28,0,23,26,0,0,15,19,0,0,0,7,0,17,33
47,0,0,0,25,10,0,10,0,4,19,13,0,8,0,19,0,5,0,0,1,19,6,0,0,0,38,0,17,0,1,9
2,0,19,13,41,21,20,0,0,24,16,0,0,0,0,7,7,0,14,0,0,16,33,3,0,2,2,0,0,0,2,16
0,5,0,24,0,79,0,4,0,30,0,50,30,0,17,0,0,0,0,0,12,24,5,0,3,14,7,0,0,0,0,0
23,4,55,28,0,27,25,19,6,0,8,42,0,0,12,0,0,5,5,12,0,5,5,0,14,17,16,0,18,0,0,0
4,0,16,9,0,0,0,24,0,10,0,0,0,4,18,0,0,0,0,16,0,0,7,0,6,0,37,0,0,2,0,0
27,0,4,0,23,0,0,24,28,16,0,1,0,22,0,7,0,0,3,12,0,0,16,0,0,24,26,0,0,1,0,26
0,0,0,49,0,19,10,38,8,3,0,3,19,0,0,11,11,14,7,0,0,12,30,0,0,0,0,0,16,50,0,0
0,0,7,0,6,0,25,0,3,9,0,5,0,5,0,4,11,6,0,0,0,0,5,0,0,0,0,14,21,0,8,0
45,7,0,16,0,0,9,0,12,0,36,14,19,3,0,41,0,18,0,0,0,0,0,0,0,0,37,0,0,0,0,3
56,1,0,0,0,0,0,6,1,0,34,0,11,7,0,0,16,22,0,0,23,21,31,0,13,0,0,12,0,0,0,0
0,0,0,8,12,12,6,0,1,1,29,18,29,0,0,0,4,0,0,12,0,0,0,0,0,0,0,0,6,35,0,0
0,37,0,36,10,0,0,2,0,0,11,0,0,13,0,0,38,9,0,31,0,13,0,0,0,6,12,5,0,7,0,0
6,10,0,0,20,20,0,0,0,9,17,30,15,0,5,12,11,0,27,0,0,0,13,0,0,0,0,19,0,0,15,0
0,0,0,0,0,0,37,0,0,1,50,27,21,0,12,2,0,0,10,8,13,0,3,0,1,23,21,0,0,0,0,0
35,0,18,30,0,0,0,8,0,7,61,35,0,0,5,0,7,6,15,0,9,0,28,0,17,0,0,3,9,0,0,0
90,10,2,0,0,0,0,0,8,33,53,0,0,42,0,0,18,0,13,28,33,0,0,4,0,19,0,10,0,3,0,0
42,0,0,10,0,13,0,0,38,29,19,0,0,39,35,4,0,0,3,29,0,35,32,0,5,23,0,0,0,12,3,0
0,5,9,14,0,0,0,16,0,11,0,0,0,19,0,0,6,45,25,8,18,18,0,0,5,0,0,25,0,29,0,6
119,17,0,7,0,13,19,0,25,0,9,5,1,0,0,0,4,46,18,0,0,0,1,7,0,19,0,42,0,0,0,0
79,13,0,0,0,17,20,0,19,25,2,0,0,16,17,0,16,24,34,0,0,0,0,0,0,0,36,3,0,28,20,0
48,2,15,31,0,0,0,0,36,0,2,0,0,11,0,39,0,0,0,0,0,0,0,0,1,0,8,0,0,43,0,0
48,4,2,0,0,0,3,57,0,11,1,0,2,24,193,109,19,2,54,0,31,10,5,0,0,0,0,42,48,0,41,28
53,49,41,0,12,1,5,0,0,0,0,3,0,144,194,197,7,0,39,251,155,14,4,0,15,21,15,37,0,21,0,7
0,3,0,0,10,0,0,0,18,26,0,0,0,29,118,62,0,0,0,196,197,22,0,0,27,17,5,26,2,0,12,0
0,0,8,18,0,11,35,0,20,53,0,0,14,24,33,14,0,12,10,82,253,9,32,4,2,6,35,25,0,0,0,31
0,41,0,19,0,0,0,0,0,52,0,0,0,26,0,0,0,24,25,0,16,2,0,0,0,1,0,12,0,0,39,0
0,0,0,0,21,5,0,0,0,11,0,7,0,8,0,2,0,4,0,0,16,0,21,31,0,0,28,1,9,0,6,0
72,0,0,19,0,15,0,34,0,25,0,0,0,0,0,0,17,18,0,0,23,0,0,0,0,215,167,0,0,16,23,11
56,0,26,10,31,9,26,0,16,16,49,0,0,12,20,0,0,0,8,2,12,0,18,21,12,49,236,1,25,8,30,16
114,0,18,18,0,0,6,46,0,0,0,33,33,0,10,37,15,9,30,0,0,29,0,12,29,0,5,0,17,5,0,10
0,42,0,0,4,17,0,0,0,0,20,0,14,17,19,0,22,0,4,6,0,0,0,13,16,0,54,0,0,3,0,29
117,0,52,9,9,25,0,2,0,0,0,0,0,2,0,0,0,33,23,33,0,23,0,0,9,2,0,16,11,20,5,0
2,0,12,11,36,0,2,0,0,4,26,0,0,0,0,0,14,12,0,0,16,24,9,6,19,16,0,6,16,0,0,0
0,0,63,4,11,31,0,5,0,5,20,5,40,0,31,7,14,36,25,0,0,3,1,0,0,10,31,1,21,5,0,14
0,0,19,28,14,11,0,31,0,31,0,0,0,0,0,0,0,0,12,3,0,0,0,0,0,14,0,3,0,0,7,27
0,43,5,0,3,0,0,10,0,19,28,0,0,5,28,18,0,0,16,33,3,0,0,16,0,6,0,0,0,7,0,0
43,22,0,0,1,0,4,0,30,12,0,9,28,10,0,0,0,0,32,7,23,4,20,12,22,0,0,0,0,0,49,18
0,13,22,6,0,7,0,0,4,15,3,0,16,32,21,0,39,11,0,0,3,15,0,16,0,18,6,0,16,22,1,0
7,0,0,0,4,0,0,0,0,0,0,0,0,0,0,7,20,12,0,0,0,0,8,0,22,0,16,11,3,0,10,0
0,0,0,12,14,11,26,9,1,0,0,0,15,10,0,27,28,0,0,0,13,8,0,0,17,0,23,0,0,0,0,43
0,0,0,32,0,7,0,9,10,2,18,3,0,17,0,9,16,0,17,10,2,11,0,0,22,0,11,22,0,0,1,3
80,0,0,0,0,0,13,0,0,10,2,19,34,0,0,0,0,0,16,0,0,7,0,5,0,0,17,16,16,5,9,0
0,0,0,2,22,0,0,4,0,0,0,1,11,0,20,15,0,0,4,0,0,5,0,9,0,0,0,0,6,0,0,11
6,27,1,7,24,7,9,0,9,0,0,39,10,0,16,4,19,0,4,0,0,4,0,4,16,12,16,0,23,0,0,9
0,4,0,16,0,0,0,6,0,0,23,0,0,7,11,0,8,0,13,1,14,0,28,0,6,0,0,4,0,0,0,0
15,0,0,0,28,0,0,4,0,6,9,11,2,2,11,0,0,27,1,0,0,0,1,11,0,4,0,0,0,0,1,20
0,0,23,16,13,0,0,0,2,0,10,40,7,0,0,19,17,0,16,0,0,4,11,4,7,0,8,15,0,7,0,14
0,0,21,42,45,0,0,27,0,1,5,0,0,33,1,0,0,0,0,0,0,3,0,0,0,0,4,0,0,15,0,0
0,0,17,0,0,31,13,0,0,15,26,55,0,13,52,22,13,0,0,0,0,12,0,0,4,5,3,3,21,10,6,32
0,0,12,0,0,0,0,10,0,16,32,1,2,11,0,13,23,35,11,3,6,8,2,8,11,0,0,1,0,0,0,0
56,0,0,18,0,0,19,0,31,0,25,7,3,3,0,13,5,13,0,11,0,6,0,0,7,0,0,0,0,8,0,0
63,9,0,5,0,0,31,0,10,9,0,4,0,0,0,16,9,0,5,0,0,11,0,0,0,3,10,23,2,0,3,1
51,12,0,0,2,0,23,0,11,0,20,2,8,5,0,1,0,3,0,0,0,0,0,2,5,0,0,6,6,0,0,0
0,9,14,16,0,0,0,20,4,0,0,0,10,0,11,13,0,2,1,0,13,14,14,0,0,0,1,0,0,0,0,7
0,14,10,0,0,5,3,0,9,1,16,5,0,1,5,5,0,0,13,42,24,6,0,0,0,29,11,0,6,0,4,3
0,1,26,0,17,6,0,10,0,0,0,15,1,0,20,7,3,7,7,0,21,8,0,1,7,7,13,0,13,0,5,0
41,0,0,1,0,3,1,0,10,24,2,0,0,7,0,0,0,1,0,3,3,0,0,8,0,0,0,0,6,0,0,0
0,4,0,0,18,0,0,0,18,12,7,0,3,8,0,1,0,0,0,6,7,0,0,0,4,4,17,0,5,0,1,25
20,8,2,0,8,10,0,0,14,0,0,10,18,0,0,0,0,0,0,0,0,0,0,0,3,5,6,4,4,0,0,9
0,7,0,0,0,7,0,2,9,3,9,4,3,0,0,0,0,8,2,0,5,0,6,0,4,4,43,0,1,1,0,15
93,0,0,8,0,0,0,0,0,0,3,2,3,0,1,0,0,8,0,1,0,11,7,0,1,0,9,4,14,0,1,6
85,7,0,1,0,0,1,2,3,0,4,17,0,0,2,0,5,4,0,0,7,0,0,6,0,3,5,46,18,1,0,0
69,1,0,0,0,4,6,9,0,0,2,1,0,0,0,0,6,0,0,0,6,3,2,0,3,0,5,0,0,0,1,0
96,0,0,6,0,0,8,5,0,0,0,0,0,0,4,3,1,1,0,15,0,0,0,0,1,6,5,0,3,0,2,12
0,5,7,0,67,0,0,8,5,0,15,4,0,0,0,5,0,0,0,0,0,0,17,5,4,0,8,0,0,0,0,0
0,0,2,6,25,19,0,3,5,19,48,20,6,0,0,0,1,0,0,0,1,4,2,0,0,0,0,0,0,0,0,5
0,10,11,0,1,39,2,8,0,30,25,28,2,0,2,8,1,8,0,0,0,4,0,0,2,5,1,8,2,0,0,0
0,0,0,1,0,2,0,12,0,0,0,7,0,0,0,0,3,1,0,0,0,1,2,1,1,3,7,0,0,0,0,14
0,0,0,9,0,0,0,11,0,2,0,0,3,6,0,0,0,0,0,0,0,0,0,0,2,0,0,0,2,0,0,1
0,2,12,2,0,0,0,2,0,0,8,0,0,6,0,0,0,3,0,13,0,0,0,9,0,1,1,6,4,3,0,0
1,0,0,0,0,0,7,0,5,1,2,0,0,9,0,0,0,0,0,0,5,0,1,3,9,4,0,1,4,0,0,0
0,2,4,0,3,0,0,0,1,0,7,0,0,4,0,0,6,0,0,0,1,2,1,5,0,0,0,0,0,0,2,34
2,0,2,0,3,13,8,0,8,4,9,4,0,0,0,0,3,6,4,3,0,4,0,6,0,0,0,14,0,0,0,0
91,0,0,12,0,0,0,0,0,0,9,0,0,0,0,0,0,0,0,0,0,3,0,0,2,0,0,0,0,0,0,8
2,0,0,4,0,2,9,10,0,6,10,0,0,0,0,0,0,7,0,1,0,0,0,5,1,6,0,4,0,0,0,0
0,0,0,5,7,7,0,0,0,0,0,0,3,0,3,0,9,0,3,4,0,2,1,5,0,0,0,2,0,1,3,0
0,4,6,5,0,0,0,3,0,0,15,11,0,8,0,0,0,0,0,1,1,0,0,0,0,9,6,0,2,0,0,0
0,0,1,0,1,10,2,0,0,2,26,20,0,0,0,10,0,4,0,6,4,0,1,3,0,0,0,0,0,0,0,0
27,4,0,3,0,0,0,7,0,5,3,72,0,3,0,0,3,0,4,15,3,3,0,3,3,0,11,0,3,0,0,9
0,11,3,0,0,0,10,0,1,16,22,0,6,0,2,7,0,2,0,0,8,0,1,2,0,3,24,3,0,0,3,0
31,0,0,23,3,0,6,0,0,30,24,25,13,14,28,0,0,0,0,27,0,0,0,0,4,7,0,0,10,0,1,8
127,4,0,0,30,13,0,21,0,45,0,10,6,5,0,35,32,43,31,3,14,0,0,0,0,0,0,16,0,2,8,10
59,12,13,0,2,8,2,32,11,6,0,1,0,0,0,10,4,7,5,0,11,0,12,17,0,18,0,3,0,0,0,15
80,0,5,5,2,5,7,10,14,13,16,16,0,1,1,25,32,2,0,0,0,0,0,1,0,0,0,0,3,18,10,0
0,0,19,18,6,7,0,8,0,0,0,4,0,0,0,5,6,0,0,0,5,0,9,5,0,9,0,0,3,19,0,9
142,0,0,0,23,7,7,12,11,0,7,26,23,0,45,25,20,8,39,17,2,0,19,0,4,14,18,0,8,0,12,15
0,5,0,0,9,5,10,7,0,7,0,8,0,0,7,0,1,2,5,0,14,0,14,0,16,11,0,3,0,0,5,0
0,0,0,5,8,1,6,0,10,0,0,12,6,4,10,5,3,3,18,0,9,0,8,0,9,3,12,21,0,0,6,0
0,0,0,0,0,0,43,106,0,5,0,0,0,5,0,5,24,0,0,6,57,0,16,18,14,0,12,1,12,2,0,0
34,0,0,0,12,0,190,195,138,0,11,13,7,0,12,13,5,0,0,1,8,4,0,0,6,19,17,0,15,0,0,9
0,0,2,11,0,2,125,191,59,0,4,0,0,0,10,9,0,0,0,3,0,0,0,0,0,4,2,8,8,16,0,20
0,0,0,5,0,0,7,58,12,0,16,0,10,4,22,24,0,0,0,0,5,10,0,8,0,4,27,19,0,6,0,8
0,0,3,0,32,51,7,0,11,0,0,6,0,11,0,23,0,16,1,0,14,0,25,2,4,11,0,12,19,0,6,0
100,0,28,16,0,0,0,0,16,0,0,2,8,10,14,14,0,0,0,15,0,1,0,6,10,0,0,30,11,14,0,0
0,0,11,0,20,7,0,3,0,1,0,0,0,0,4,0,20,0,19,0,10,0,21,20,6,0,26,1,19,10,0,0
118,9,23,5,11,0,0,11,0,0,2,50,0,3,0,0,12,0,0,0,0,0,16,0,3,19,0,0,21,0,0,0
40,18,0,0,41,0,45,0,0,8,34,0,0,0,0,0,0,0,5,14,0,0,41,0,0,0,0,0,20,0,0,16
23,0,35,0,32,44,28,0,10,38,16,0,0,5,0,0,0,22,39,0,17,0,35,20,5,2,22,0,0,0,17,21
0,2,3,0,5,0,9,0,20,28,26,76,1,0,0,3,9,18,0,0,0,0,0,3,0,20,0,0,0,2,0,0
0,0,0,0,14,0,0,12,36,0,0,2,0,16,4,6,0,0,0,0,6,0,13,0,13,12,35,0,6,0,0,0
0,3,0,17,0,34,0,3,0,0,2,0,8,5,3,0,0,12,12,0,10,10,0,0,23,0,10,7,0,3,0,10
0,14,0,8,0,30,0,0,33,0,0,0,0,11,0,10,5,26,3,0,0,0,3,0,0,0,0,19,0,12,10,0
0,0,0,6,0,22,0,0,0,0,2,0,0,0,0,7,0,0,0,0,8,6,19,2,18,0,21,5,0,5,0,0
0,0,13,17,0,0,0,0,16,0,0,17,0,4,0,14,34,0,6,6,0,8,0,0,0,25,8,0,0,6,0,8
0,29,0,1,0,2,3,0,8,0,0,0,0,0,3,31,13,0,0,14,8,4,0,0,0,0,0,13,10,0,0,5
