72,9,22,4,4,0,4,0,0,4,7,0,11,0,0,0,2,0,9,0,0,0,5,7,7,0,1,5,0,12,0,0
0,3,0,0,0,0,0,0,0,3,1,2,0,0,0,0,2,0,0,0,0,2,0,1,7,1,0,0,0,0,0,0
8,0,0,10,0,3,0,0,0,0,0,5,6,7,7,0,4,0,0,0,0,1,4,2,0,0,2,0,0,5,2,0
10,14,10,7,0,0,0,0,5,12,2,0,0,10,0,0,0,6,0,0,3,1,3,16,0,0,0,3,0,0,0,0
10,4,7,4,0,0,3,0,7,0,20,29,6,2,0,0,0,0,1,2,0,1,11,4,0,0,0,0,0,0,7,4
0,0,0,5,2,7,5,0,0,2,29,27,0,1,12,9,0,0,9,5,5,13,11,4,5,5,0,1,0,1,1,14
24,7,8,0,2,11,3,0,6,0,24,0,3,27,4,0,0,0,0,2,48,0,10,0,3,5,8,2,0,8,3,18
27,0,5,0,4,0,0,8,0,0,17,13,6,33,9,1,0,0,0,4,0,3,2,0,4,0,0,0,3,1,0,1
0,2,3,0,0,1,0,7,0,18,23,10,18,0,1,27,0,1,0,0,3,2,0,1,0,0,0,8,0,0,4,13
125,6,8,0,0,0,0,0,6,0,2,0,0,0,4,0,0,14,0,1,5,0,0,0,0,0,0,0,2,7,0,0
4,1,0,0,0,3,3,0,17,0,5,10,4,0,0,30,0,5,0,0,17,0,2,4,5,0,0,1,0,3,8,7
123,0,2,2,0,0,0,0,0,0,0,8,0,0,0,16,0,6,6,1,32,0,2,1,0,0,0,0,0,0,0,0
84,4,4,0,13,0,0,0,0,2,11,3,2,2,25,4,0,1,41,53,22,4,11,0,7,17,1,17,7,2,0,15
128,1,11,0,6,0,5,7,0,0,0,8,8,3,20,9,24,2,0,0,1,0,16,15,14,19,0,1,12,0,0,0
57,3,0,0,0,0,0,21,1,0,0,7,1,0,0,0,5,6,0,4,3,11,0,0,0,1,14,5,7,0,0,26
27,5,8,0,0,0,16,0,0,0,0,3,2,0,0,0,6,0,0,5,0,0,0,0,0,6,8,0,0,0,0,0
0,8,0,5,22,1,0,0,9,0,16,5,2,5,0,12,0,0,0,0,3,0,0,0,13,0,0,0,0,8,0,0
19,1,0,8,0,0,1,0,0,0,0,6,10,0,0,0,3,3,0,4,3,0,0,0,5,2,6,0,0,0,0,0
0,0,1,0,8,0,0,10,0,2,0,0,0,16,0,0,0,0,7,12,0,0,0,2,9,0,0,0,0,7,0,0
0,0,11,0,8,0,6,6,0,0,0,5,3,0,2,0,2,0,4,2,1,0,10,0,0,1,0,1,5,1,9,7
0,3,0,1,0,0,0,0,0,0,18,16,0,7,7,0,3,0,0,0,0,0,1,1,7,2,0,0,0,0,9,0
61,0,1,0,0,14,0,0,0,1,16,0,0,6,3,3,0,2,0,0,2,0,0,2,18,13,65,0,5,0,0,0
0,4,0,0,7,0,0,10,6,3,0,16,0,0,0,0,5,13,10,4,0,0,2,0,0,1,0,0,5,5,7,0
39,0,2,0,43,0,0,0,0,8,9,2,0,5,1,0,3,0,2,8,3,0,0,0,0,9,6,0,0,4,5,0
75,8,0,9,27,21,0,0,5,13,51,1,4,0,0,1,0,0,0,0,2,0,5,2,3,4,11,5,0,1,0,0
43,0,0,1,0,0,0,2,4,4,10,55,0,0,3,0,0,0,0,0,8,0,0,3,4,7,0,2,2,0,0,0
50,5,3,0,7,3,0,0,0,1,0,0,0,10,0,0,0,0,0,2,0,0,0,0,0,0,0,2,0,12,0,0
13,10,16,8,0,0,0,1,11,0,11,12,0,0,8,0,1,4,0,0,6,0,1,2,6,0,8,0,6,4,3,0
33,5,15,0,3,0,12,0,0,0,0,4,0,0,4,0,0,2,0,0,2,0,0,0,6,5,2,3,4,5,5,16
0,0,3,0,0,7,1,0,0,0,0,0,0,6,0,0,11,0,0,7,12,6,3,8,0,0,0,3,2,0,5,0
2,0,0,0,0,0,0,0,0,0,1,6,3,0,1,0,0,9,0,0,0,3,0,0,0,3,8,0,0,1,1,0
5,0,11,3,0,0,0,1,0,3,0,0,5,0,0,0,0,0,0,0,0,9,0,0,6,0,2,10,2,0,0,0
48,0,0,0,0,0,6,3,2,6,5,0,0,11,0,0,0,0,1,5,6,0,6,0,0,12,0,5,0,0,0,19
0,4,3,0,0,0,0,1,6,0,1,1,2,0,0,11,0,3,1,0,3,0,0,0,3,0,0,0,0,1,0,13
0,5,0,0,8,0,13,0,1,0,5,11,0,0,6,0,0,0,3,3,0,1,4,0,0,4,6,0,0,2,9,6
3,0,0,3,11,1,0,0,0,0,4,0,0,0,0,0,0,1,0,0,2,0,4,0,0,3,0,1,0,0,5,11
1,0,6,0,4,10,8,0,3,1,43,4,0,0,0,0,5,0,3,4,1,0,2,4,0,0,3,0,0,17,0,9
0,0,1,4,0,0,0,0,4,0,42,59,0,0,0,1,0,0,0,0,5,0,7,14,6,0,0,0,0,0,0,0
20,0,8,0,0,1,0,11,5,0,19,1,2,7,7,0,5,0,0,0,62,0,0,4,0,4,0,0,0,0,0,13
12,1,4,5,16,10,0,11,6,2,0,21,8,32,0,0,0,0,4,10,2,2,0,0,2,0,8,0,2,0,0,3
96,0,0,0,0,1,15,0,0,11,21,2,21,14,10,41,16,18,22,0,0,2,0,0,0,0,3,3,4,1,11,8
0,0,0,6,3,0,1,10,0,1,0,6,10,4,0,13,0,5,0,0,4,7,6,0,13,0,11,0,3,6,0,0
34,1,0,0,0,0,0,0,0,0,0,2,0,0,0,39,16,0,2,3,0,0,2,1,0,0,0,0,0,3,0,14
108,1,4,5,0,5,4,0,0,0,0,0,0,0,0,35,16,0,0,9,2,0,0,7,0,0,8,5,0,0,0,28
90,0,0,1,0,1,8,9,1,0,0,4,0,0,21,11,8,0,44,0,4,2,3,0,5,4,8,2,0,0,0,3
121,0,0,0,0,0,0,8,0,0,2,5,1,0,7,5,0,0,17,0,0,4,0,0,0,9,6,0,0,0,5,2
34,2,0,0,2,0,7,12,0,0,0,0,0,0,6,0,0,0,1,0,7,6,10,0,0,3,0,3,0,0,0,8
0,0,0,0,4,0,7,9,0,0,0,1,0,0,0,0,1,0,7,0,6,6,1,0,0,4,8,0,0,0,0,8
0,0,3,7,14,0,0,1,6,0,17,0,8,1,0,0,0,0,0,0,6,1,0,0,18,5,0,0,0,0,4,7
0,0,4,0,1,0,0,23,5,0,7,13,12,0,2,0,0,0,0,17,1,1,3,0,16,0,1,1,6,1,5,0
0,0,0,0,3,3,5,0,2,0,0,0,0,0,0,0,0,0,0,0,1,0,0,0,8,0,0,0,0,0,0,0
16,5,0,0,0,0,0,0,0,0,0,0,3,0,0,1,0,2,5,0,4,0,3,0,0,0,13,5,0,1,0,0
102,0,0,0,4,1,0,3,0,0,22,24,0,8,0,2,7,0,0,1,4,0,12,2,1,0,5,0,0,2,2,0
0,0,0,0,0,5,0,0,3,8,6,7,1,0,0,0,0,0,0,0,0,4,0,6,21,4,72,1,0,0,0,14
0,0,0,0,0,0,0,1,0,0,17,24,2,0,0,4,0,0,0,0,0,0,4,0,4,0,0,0,0,8,0,0
37,16,0,0,41,7,7,3,0,0,46,1,3,1,0,0,0,3,0,0,0,0,0,0,0,3,0,0,6,1,0,0
0,1,17,6,23,22,2,4,0,24,52,0,3,0,0,0,0,2,3,0,0,0,6,13,1,0,0,9,0,0,0,4
0,2,0,14,0,13,1,2,0,29,18,74,3,0,7,0,1,0,0,0,6,0,0,9,6,0,0,0,0,8,0,9
31,0,1,0,0,0,0,0,0,0,0,0,0,0,0,0,0,4,2,2,3,4,1,0,5,4,0,0,1,3,1,0
0,0,14,0,0,0,2,2,1,1,0,0,0,2,1,0,0,0,0,0,0,0,2,0,0,1,3,0,0,0,6,17
95,0,14,0,0,0,1,0,0,6,8,8,1,6,0,0,6,0,0,0,0,0,0,0,0,0,0,0,0,0,0,6
0,2,2,0,3,0,0,0,0,3,0,0,6,0,7,0,0,0,8,0,1,0,3,8,0,0,0,0,12,4,4,23
0,3,0,12,1,0,5,0,3,0,16,0,4,0,0,6,0,0,1,0,0,0,0,0,0,5,0,0,2,1,8,12
4,0,2,0,0,11,0,1,0,4,1,6,0,0,1,0,0,0,2,10,0,0,6,1,0,0,14,0,1,0,0,0
59,3,0,0,0,0,0,6,11,0,1,3,0,1,3,0,0,4,1,1,3,0,1,0,0,6,0,1,0,0,1,5
0,3,0,0,1,0,3,0,7,12,14,6,9,0,1,0,0,0,0,4,0,3,6,0,4,0,6,0,2,0,0,2
2,0,0,5,0,0,0,0,0,2,0,5,0,5,0,0,1,7,0,0,2,0,0,0,6,0,0,0,4,2,0,0
14,0,0,0,2,0,0,0,0,3,0,0,0,3,0,0,1,1,2,0,13,0,1,0,1,2,2,10,0,2,0,12
0,0,1,3,0,6,8,3,0,2,17,2,4,6,4,0,0,0,0,0,1,7,0,0,0,5,1,13,0,0,7,0
0,7,6,0,3,0,15,0,0,1,27,73,1,0,0,0,8,1,8,6,1,0,7,0,0,4,0,0,5,0,3,1
0,0,2,0,0,0,1,0,0,1,34,4,1,0,1,3,0,0,0,0,79,0,0,0,0,0,0,0,0,6,4,0
0,0,0,3,0,0,6,0,2,6,1,20,0,25,7,0,0,0,2,10,3,1,0,0,3,1,0,2,0,0,0,11
92,0,10,8,0,0,6,2,8,21,28,12,31,0,0,41,5,9,20,0,0,0,1,0,0,0,6,1,0,5,0,6
0,0,1,0,5,1,17,3,5,0,15,3,6,0,3,11,0,12,0,0,0,14,8,3,2,12,0,0,0,0,0,18
5,0,0,0,5,5,0,1,0,0,6,0,0,0,0,26,23,0,0,0,2,0,0,8,6,6,6,2,3,6,1,0
0,0,1,0,1,1,6,0,17,0,11,0,3,0,7,33,17,0,0,1,0,0,0,3,0,0,0,9,0,3,8,9
0,5,0,0,0,0,0,7,10,0,5,0,0,9,2,8,8,3,41,0,0,6,1,2,1,0,0,6,0,2,12,0
0,0,8,5,18,0,0,0,0,0,6,7,6,0,9,19,5,0,0,0,0,5,0,9,0,23,12,0,1,0,0,24
0,2,0,0,0,5,0,0,0,2,5,0,3,0,0,0,0,5,16,0,12,0,19,0,5,9,0,11,0,0,0,0
42,5,2,0,0,11,0,0,12,5,0,14,0,0,0,2,1,3,2,0,24,0,0,3,3,0,2,0,0,0,0,1
1,0,0,0,21,0,0,0,0,16,15,15,0,0,9,12,0,0,0,6,21,0,0,4,21,7,9,0,0,0,0,19
4,9,5,0,0,3,0,9,2,0,0,2,0,0,1,0,1,0,2,12,12,0,0,0,28,6,4,0,0,0,13,13
22,0,1,0,0,3,13,0,0,7,6,0,0,4,0,0,0,0,0,0,4,0,0,2,6,0,0,0,2,2,0,38
8,0,5,0,3,0,3,0,2,3,0,0,0,0,8,0,12,0,3,0,0,0,1,1,7,0,0,0,10,0,0,0
0,0,0,5,0,6,11,5,0,0,20,22,0,0,11,0,0,0,0,0,0,0,0,1,0,0,0,13,0,13,11,0
0,5,0,0,7,8,9,0,13,1,14,15,0,0,3,0,0,5,0,4,2,0,3,0,42,2,80,0,0,1,10,0
0,0,0,8,2,19,0,2,0,2,31,25,0,14,0,6,1,5,8,9,5,0,0,0,0,6,1,0,0,5,0,20
0,2,6,5,38,1,4,0,10,0,40,3,7,1,3,2,0,1,0,5,0,16,12,0,7,0,0,0,0,0,0,0
132,13,1,13,39,16,0,22,0,18,19,32,19,0,0,28,0,18,0,0,0,10,10,19,0,4,21,0,0,9,0,0
0,0,14,0,14,32,16,0,8,55,0,70,3,1,0,0,0,0,7,0,14,0,16,9,0,23,23,0,0,0,0,33
17,4,13,7,4,4,15,9,0,12,6,18,5,0,0,4,10,0,0,0,2,5,18,0,12,0,13,0,22,20,0,0
11,21,0,0,0,11,13,16,13,8,12,10,28,4,0,1,0,0,6,0,0,5,0,0,0,0,0,0,2,4,0,11
14,0,0,14,0,1,4,7,34,0,0,0,0,0,20,0,11,9,0,11,12,0,3,0,0,19,0,0,16,0,0,31
0,5,0,0,0,18,23,0,0,0,5,0,0,10,5,0,0,8,7,0,3,0,5,16,0,0,0,0,6,0,5,16
6,0,0,0,0,6,0,16,0,9,10,13,6,5,3,0,9,0,2,18,0,0,0,0,2,7,0,15,1,0,0,0
4,1,0,0,13,0,0,7,0,4,0,0,4,21,0,0,8,11,2,0,0,15,0,1,7,5,0,21,9,6,11,0
10,0,10,0,4,0,7,0,0,0,0,11,0,0,0,0,19,26,0,0,0,0,0,32,10,0,24,17,0,13,10,0
9,0,6,7,0,6,0,3,5,0,32,0,32,0,14,10,0,4,42,0,0,0,0,18,0,0,11,0,27,3,3,0
8,0,27,0,14,0,0,0,0,16,0,5,0,66,0,0,6,31,9,11,26,0,22,0,13,0,35,7,29,20,1,0
10,27,0,0,14,0,14,0,0,5,0,0,1,16,0,6,13,0,0,0,2,0,0,0,0,3,0,18,0,0,1,8
0,7,0,10,0,12,3,0,44,0,0,36,13,0,39,0,0,23,0,0,9,0,0,7,2,12,8,8,2,0,0,10
0,11,18,32,0,5,0,5,0,0,2,24,0,5,0,0,0,0,25,5,0,20,40,11,2,8,0,0,0,18,0,11
12,0,0,20,0,7,0,4,26,0,0,21,0,11,0,28,16,0,0,5,55,11,0,0,3,0,0,34,20,0,10,21
82,0,0,6,0,14,0,0,25,0,0,5,44,32,26,4,19,1,0,16,0,5,39,0,10,7,0,0,0,2,0,47
48,21,13,5,12,20,27,8,0,14,25,0,6,13,77,62,0,16,28,0,16,6,0,0,14,0,0,7,30,23,33,13
29,0,28,0,0,39,12,0,22,0,3,13,24,0,188,183,8,1,0,1,0,15,0,0,0,0,0,0,0,24,0,0
77,3,22,9,0,6,29,0,0,11,17,7,0,11,138,196,0,0,1,11,0,0,28,0,0,13,1,0,0,0,0,0
0,39,0,0,14,10,13,0,73,44,0,7,0,7,37,26,0,1,2,1,27,183,92,20,0,0,9,0,12,0,26,35
57,0,38,0,13,27,12,0,85,0,0,1,0,0,11,0,20,27,60,0,0,71,12,3,0,3,13,35,0,0,1,41
9,18,0,0,11,9,0,0,20,0,0,2,0,28,28,0,0,14,20,0,32,0,0,0,0,26,0,4,9,37,6,0
0,5,25,0,0,6,0,0,4,10,0,0,0,0,11,0,0,0,4,0,7,0,0,32,5,2,0,25,0,0,0,1
0,0,0,0,13,18,0,0,0,8,0,0,0,10,1,0,21,2,0,0,1,0,0,0,6,12,0,0,11,0,0,0
30,43,0,0,9,5,0,0,8,0,34,7,33,0,31,11,23,7,0,30,17,0,13,1,8,0,0,2,0,7,16,0
0,0,42,0,34,0,1,0,15,0,8,0,7,0,0,5,24,16,0,0,0,0,0,0,49,0,41,0,0,0,0,0
0,16,23,0,0,25,20,0,31,18,9,0,0,0,0,12,0,5,3,0,7,16,38,11,24,8,0,0,14,27,30,0
0,0,0,17,0,0,0,0,11,0,0,6,7,0,13,6,2,0,3,0,10,7,14,0,22,5,16,14,16,0,6,0
47,0,0,5,0,9,0,0,0,0,14,40,0,0,0,0,0,53,14,26,0,8,24,0,7,7,0,37,0,0,3,22
48,12,0,0,0,0,0,0,0,11,7,0,0,0,0,0,15,9,33,27,11,0,0,4,27,9,90,15,8,9,3,0
0,0,0,0,17,9,0,26,1,0,10,16,8,2,0,0,34,0,0,0,17,0,0,4,0,0,0,30,30,0,7,0
29,18,14,0,2,19,13,16,25,1,22,0,32,0,2,0,18,0,16,0,6,0,15,3,0,1,0,0,2,4,6,0
0,27,0,11,13,0,24,26,11,17,44,16,0,17,25,12,18,0,0,0,0,0,8,0,22,9,9,0,0,17,4,13
120,11,35,11,0,23,0,0,0,1,0,26,0,0,0,3,0,0,0,0,0,11,26,13,5,0,24,0,0,0,1,0
69,0,9,0,13,0,0,15,5,0,7,8,0,0,13,0,0,0,0,0,0,5,0,0,2,0,0,0,0,5,7,0
0,2,27,0,33,14,16,0,4,4,0,0,0,0,0,0,3,2,1,0,0,0,0,7,0,0,0,0,0,8,0,0
25,1,6,1,0,0,0,0,0,4,0,1,1,0,0,7,0,0,1,0,0,0,1,0,0,13,7,4,0,0,0,0
0,0,1,1,0,6,1,0,0,4,0,7,0,0,8,0,0,0,4,0,1,0,0,0,4,7,12,20,15,0,0,0
0,4,0,9,3,8,19,0,6,0,6,0,0,0,0,6,7,0,0,0,8,4,7,10,0,2,0,6,16,11,3,0
0,6,0,0,2,6,16,0,5,5,4,0,0,5,0,0,0,0,2,0,6,2,0,0,1,1,6,0,0,7,5,18
73,1,0,7,0,18,7,4,4,0,0,0,0,4,3,0,6,0,0,5,0,4,0,1,0,0,0,0,0,4,8,0
0,0,0,7,0,6,8,12,0,0,1,0,0,0,1,3,5,5,0,0,1,0,8,0,5,10,0,4,0,7,0,6
0,0,7,9,0,0,0,20,1,0,0,0,0,0,0,7,0,0,0,0,3,3,8,0,0,1,0,0,0,1,0,17
4,5,3,8,5,0,0,1,0,0,1,0,2,4,0,0,3,0,0,0,0,0,0,10,0,10,0,0,0,0,2,2
0,0,3,5,0,0,0,4,0,0,12,6,0,3,8,9,0,0,0,0,4,0,0,1,0,11,0,0,2,0,0,10
0,0,1,0,0,0,3,0,2,0,28,52,3,6,0,14,0,0,0,0,0,7,0,0,0,0,16,0,0,0,0,0
25,0,5,0,0,0,9,1,8,10,0,0,0,7,0,18,3,6,0,2,35,0,0,0,0,0,14,0,1,0,1,11
0,0,0,7,0,0,0,5,0,9,0,0,0,30,28,0,0,16,14,4,16,0,0,14,0,1,12,0,0,8,0,0
118,0,0,0,19,9,3,0,0,27,0,0,0,14,0,38,1,22,39,0,3,0,0,7,0,0,3,12,0,0,1,23
0,0,17,4,10,0,14,7,37,77,0,0,0,1,9,6,0,0,10,4,0,8,3,0,0,0,0,0,0,0,7,0
80,12,0,3,1,9,2,0,109,41,2,0,0,0,1,14,36,0,1,0,0,6,6,0,3,1,1,4,0,0,6,0
88,2,0,0,4,0,0,0,48,143,7,0,0,0,0,11,2,0,0,1,0,0,7,12,0,0,0,0,0,10,0,0
91,0,14,1,0,14,0,0,5,1,0,12,10,0,6,0,13,22,66,0,0,0,0,0,0,0,0,17,0,10,2,0
0,10,0,0,0,0,0,5,0,0,0,0,0,0,0,9,2,0,19,0,0,0,0,8,0,9,0,0,6,3,14,14
72,3,12,0,0,5,0,0,17,0,0,0,3,13,0,0,6,0,23,9,0,0,5,2,3,12,10,36,0,0,2,0
6,0,6,0,0,0,0,0,8,0,4,8,0,8,5,3,3,0,7,0,3,3,5,14,0,14,0,8,0,1,0,0
0,0,16,0,36,10,11,2,7,0,21,0,5,19,21,23,12,0,0,10,12,0,0,0,0,0,0,5,0,0,0,5
25,0,5,0,0,0,0,0,0,2,26,8,13,0,9,0,6,0,5,7,0,8,0,0,11,10,0,0,0,0,0,2
43,0,13,0,7,0,3,6,0,7,0,1,0,7,14,4,0,1,19,1,0,0,0,6,3,6,20,0,4,10,0,0
0,10,15,10,0,0,1,0,4,0,3,0,5,0,0,1,20,1,0,0,0,3,0,0,0,0,0,1,0,3,0,14
0,0,14,0,0,20,0,5,0,29,22,8,19,0,11,6,0,1,0,8,12,4,15,7,0,5,11,39,37,0,14,1
89,9,16,0,10,17,4,0,2,13,0,0,0,0,0,0,0,0,0,0,0,0,0,7,28,0,54,3,19,0,0,0
19,0,0,0,1,12,0,0,0,0,10,38,0,0,0,0,0,0,18,9,0,11,0,0,0,0,2,8,10,0,3,6
4,0,0,0,36,0,0,0,0,0,22,0,0,4,6,0,0,0,3,11,4,0,12,0,0,0,17,4,4,5,2,0
88,0,0,0,23,19,11,9,28,36,22,3,0,0,6,17,0,0,0,0,0,0,13,3,0,0,18,0,0,22,5,0
0,31,9,0,19,0,0,0,0,22,14,0,11,0,19,0,24,0,7,3,4,4,10,0,0,0,16,0,8,3,7,22
0,13,0,0,16,9,16,0,0,4,6,0,0,0,0,0,0,5,22,2,0,5,0,5,0,2,0,4,0,0,0,9
8,0,0,0,28,0,5,0,0,0,0,1,1,0,4,0,0,12,0,12,0,0,6,0,1,3,0,0,9,5,0,5
0,14,17,1,12,7,0,14,4,0,0,0,0,2,8,6,15,8,0,0,1,0,0,17,5,0,13,4,0,0,11,0
0,0,0,14,0,0,0,11,0,0,0,0,7,1,13,0,4,4,0,0,0,0,0,6,0,0,0,0,9,11,0,0
0,5,0,10,3,1,0,0,0,0,0,13,14,0,0,0,0,2,16,0,0,0,0,0,9,4,12,7,13,0,11,7
3,0,0,0,0,2,0,15,1,13,9,2,0,4,4,0,11,0,0,9,0,0,22,0,0,0,0,0,0,0,6,3
54,0,4,11,0,7,0,34,0,0,0,22,0,0,1,6,0,0,0,36,3,0,0,0,0,19,0,0,14,0,0,0
10,3,0,0,0,0,0,0,0,6,0,2,0,0,0,1,0,0,5,16,0,0,24,0,7,0,8,0,0,0,2,4
0,16,0,19,0,24,0,3,0,32,0,0,0,0,0,4,0,0,0,0,10,0,0,0,0,0,0,0,8,0,0,0
0,32,0,0,16,24,13,0,1,9,25,27,7,26,0,0,7,12,31,0,0,0,0,3,0,17,3,0,0,22,0,0
19,1,24,22,0,0,1,0,0,2,0,14,0,11,0,0,0,0,7,9,8,0,9,10,0,0,0,0,0,13,14,13
0,0,0,28,19,7,0,8,0,0,83,61,14,0,0,7,13,0,0,0,0,17,21,14,0,0,11,14,11,0,0,2
0,0,26,13,0,0,4,6,8,10,36,7,0,3,0,8,15,0,17,0,48,0,0,0,0,10,2,0,0,8,4,2
31,0,6,0,16,0,21,1,0,0,23,29,0,39,4,0,0,0,0,14,4,16,0,12,28,0,0,0,2,5,0,0
0,12,0,0,5,0,0,24,14,21,10,4,6,10,13,27,42,10,14,0,21,20,35,0,18,0,38,18,22,0,16,0
102,18,0,0,0,10,0,0,0,0,0,16,0,10,6,28,150,30,0,2,6,11,0,5,0,0,9,1,0,9,8,0
0,6,0,8,0,0,0,17,13,19,2,0,0,22,0,0,234,3,0,20,10,0,15,0,0,0,25,12,0,39,10,13
0,0,0,2,0,5,11,18,0,52,4,0,16,1,0,11,34,0,6,0,0,16,0,0,0,19,0,2,15,0,16,22
120,0,0,0,0,0,0,10,0,0,11,0,5,0,0,9,0,0,27,0,0,23,0,7,0,0,0,4,0,2,0,20
0,4,0,0,0,4,0,0,12,0,9,0,9,0,9,0,7,0,13,0,0,7,4,0,0,0,5,0,0,3,9,0
0,0,7,0,4,0,4,0,0,1,1,0,0,0,0,0,0,6,13,0,0,0,5,8,5,10,0,3,0,2,2,0
6,8,5,0,11,19,0,0,0,4,3,0,0,2,1,5,4,2,0,11,32,0,0,0,0,9,0,0,3,15,7,0
0,0,0,0,20,2,3,0,7,5,16,0,0,1,6,0,11,4,3,4,23,0,0,0,11,0,0,17,0,0,0,5
0,3,13,0,0,0,0,0,0,0,7,0,7,4,7,0,13,0,0,0,5,0,0,0,16,0,0,3,0,4,0,3
20,0,0,11,0,0,2,0,0,10,0,7,0,0,1,0,0,7,11,0,0,3,15,0,17,1,5,0,4,0,9,0
25,8,0,0,12,0,0,2,4,7,4,0,0,0,0,0,2,7,3,0,0,1,5,0,2,0,0,0,0,0,4,0
85,0,0,11,1,0,0,0,0,0,23,22,1,3,0,0,4,0,9,0,8,8,11,0,0,0,5,40,28,1,5,15
0,2,0,0,3,1,8,1,14,0,16,1,0,0,0,2,0,0,1,0,0,3,0,4,0,0,58,0,0,0,0,0
0,0,0,1,5,3,4,0,2,2,16,15,7,5,5,0,0,2,2,0,0,0,5,0,3,5,7,0,1,0,0,0
0,3,0,0,56,0,0,0,2,0,35,0,9,0,0,10,0,0,12,13,12,0,2,0,2,0,0,0,2,3,0,18
0,0,20,1,17,9,12,0,9,16,20,24,0,0,0,29,0,0,8,0,5,3,0,13,18,17,0,0,3,2,4,0
0,2,21,6,0,14,0,10,7,17,16,24,0,0,0,0,0,0,0,0,0,17,0,0,29,12,0,0,0,0,0,0
0,5,4,0,0,11,17,4,0,15,0,1,0,2,8,1,0,9,0,6,0,3,1,0,0,0,6,0,9,8,0,23
2,0,0,11,0,5,3,0,6,0,6,20,0,0,12,0,0,8,0,0,0,10,0,1,0,2,2,0,0,0,9,14
60,0,10,3,23,8,0,0,0,2,0,17,0,0,14,0,0,0,0,0,0,1,0,0,21,3,3,17,3,0,0,0
0,0,0,0,16,24,0,0,7,21,0,0,0,0,0,0,0,0,0,20,7,7,28,0,7,3,0,7,0,0,6,0
1,0,0,11,1,0,0,16,3,2,1,0,4,22,1,26,0,1,0,16,11,0,0,16,3,16,0,0,0,0,0,0
0,0,0,17,9,4,0,0,0,0,19,10,0,0,0,0,16,0,3,0,2,0,0,0,0,0,0,0,0,23,0,3
68,11,0,19,0,0,5,0,0,0,10,0,0,0,6,0,0,0,0,0,0,6,0,0,0,1,2,0,0,21,0,0
11,0,7,0,16,0,0,24,6,0,5,9,0,0,12,1,0,3,12,6,0,0,4,3,0,5,0,8,0,1,8,0
16,16,7,0,0,0,0,9,1,0,0,1,1,0,21,9,3,6,16,0,9,0,13,0,0,0,2,3,6,6,5,0
8,4,6,0,0,20,0,21,0,0,0,0,0,7,6,8,2,9,0,0,0,20,1,0,0,0,8,3,0,8,0,19
12,17,0,0,0,0,0,4,0,0,31,5,0,0,0,0,16,0,0,0,0,9,0,16,0,6,30,0,10,2,21,43
18,0,11,0,23,0,3,3,13,24,30,46,6,0,4,11,1,0,22,25,13,1,5,0,0,2,0,0,1,12,0,6
0,0,0,4,0,0,0,0,33,0,33,32,29,10,19,42,0,0,19,0,86,0,17,9,0,3,0,0,0,24,0,39
73,51,2,0,3,0,8,32,0,19,43,0,8,23,11,130,189,11,24,0,0,21,2,2,26,35,0,7,16,0,20,0
140,0,3,14,0,0,0,0,1,22,13,0,57,44,0,187,190,0,11,9,19,0,19,3,0,6,0,0,6,3,0,0
3,0,32,0,0,5,0,4,40,22,0,0,0,12,0,122,200,0,9,8,7,13,3,0,18,23,0,0,18,0,20,0
0,39,0,0,18,34,22,0,0,15,7,0,19,0,18,11,12,20,25,0,2,0,124,131,0,7,17,8,7,0,23,0
0,0,29,3,3,12,10,7,0,18,0,2,0,0,0,0,6,0,4,0,21,13,47,99,0,0,0,10,0,0,8,22
0,42,16,0,0,45,13,0,0,9,0,0,0,0,11,8,0,0,52,0,0,0,161,23,0,0,0,0,0,5,0,3
133,0,15,0,0,0,0,0,0,0,16,0,0,0,0,31,46,0,0,9,0,5,0,0,0,21,7,0,0,5,27,24
52,0,21,23,34,27,23,21,18,12,0,3,0,31,0,0,0,0,2,16,10,6,29,0,0,0,0,0,0,54,0,0
0,0,26,0,0,17,16,0,13,5,0,10,0,16,0,0,0,13,0,14,0,0,0,10,0,13,0,0,11,21,11,7
0,27,0,39,0,0,37,36,11,0,0,1,0,0,0,10,0,0,18,21,0,0,0,0,0,3,50,4,0,22,0,0
29,6,0,0,20,12,0,0,0,0,0,8,0,0,0,0,0,21,7,0,0,35,16,18,0,79,223,12,0,19,13,10
76,17,0,0,18,18,0,0,0,15,2,0,0,9,34,0,0,0,23,0,16,0,0,10,0,0,37,14,0,6,0,7
87,0,19,29,15,0,0,8,22,0,32,11,0,0,0,22,0,0,0,0,15,0,17,0,0,0,0,0,0,7,0,0
0,27,0,0,0,5,18,0,10,0,6,13,0,10,0,27,0,10,0,13,0,1,0,0,13,0,23,28,84,8,17,23
107,8,0,2,31,0,0,0,31,0,33,0,21,0,0,0,0,0,0,19,16,0,1,23,31,0,50,0,0,7,0,5
0,37,17,0,0,34,0,17,0,4,19,0,0,32,2,0,0,3,0,0,19,21,34,27,13,0,0,16,0,0,0,0
41,0,0,13,0,7,0,0,0,8,26,0,0,0,3,0,10,0,22,0,0,0,0,8,7,0,16,0,13,16,0,0
0,16,15,0,0,10,0,26,0,7,9,32,6,0,10,0,0,5,0,0,0,6,34,10,0,0,0,34,0,8,7,5
0,11,16,27,0,0,0,8,8,11,32,41,0,0,5,0,8,0,0,5,0,0,0,0,0,0,0,0,30,0,0,26
0,0,42,46,6,0,1,14,0,0,0,0,0,0,7,0,20,0,0,21,0,10,4,0,16,20,29,41,1,5,0,54
0,0,9,6,0,2,0,0,0,9,0,0,0,0,8,39,0,0,0,2,0,29,10,0,9,0,27,0,18,2,0,16
0,0,0,0,0,0,0,9,4,0,13,0,6,0,4,0,7,0,1,0,0,1,0,0,31,0,0,0,9,13,2,0
0,3,0,20,0,9,9,0,0,3,10,0,4,11,0,22,0,0,0,0,0,0,0,0,5,11,0,0,0,0,0,3
3,0,3,11,0,0,0,1,0,6,0,6,8,9,0,4,17,0,0,0,11,0,25,0,4,1,7,0,0,19,3,12
0,0,19,0,5,13,0,19,13,0,0,16,7,0,0,4,0,0,0,0,7,0,22,0,13,12,0,0,12,0,0,16
39,8,1,16,0,15,1,0,0,9,6,3,1,0,4,0,0,0,5,0,5,15,0,0,6,29,0,8,15,0,0,0
16,22,0,14,0,0,0,0,0,0,24,0,17,0,0,15,3,7,11,0,0,9,4,6,11,0,5,11,0,0,0,14
12,0,0,0,7,0,14,18,0,0,26,11,39,0,0,0,0,0,0,0,0,0,0,5,13,0,0,2,0,0,0,0
35,9,1,3,19,10,6,0,0,0,0,0,0,0,0,13,1,0,17,0,0,0,0,0,3,0,0,0,10,5,0,0
0,7,7,6,0,0,0,0,0,10,10,48,0,0,6,23,0,0,0,0,13,6,0,0,3,15,36,0,11,8,10,0
3,0,6,0,6,4,0,0,10,16,1,17,20,30,35,0,0,11,12,0,0,0,0,7,6,18,0,20,0,0,3,0
30,0,0,0,0,0,12,19,0,16,11,2,7,13,0,0,0,0,0,20,74,10,0,1,0,0,9,0,0,0,0,0
65,0,0,0,15,0,0,0,3,0,6,2,7,14,47,0,0,13,5,9,12,0,0,0,7,8,0,0,5,2,9,8
0,0,13,0,0,0,4,0,0,71,36,0,0,15,19,22,13,1,9,0,16,3,0,0,18,10,0,0,0,33,2,0
0,0,0,0,8,11,0,6,101,190,98,0,0,6,13,0,16,0,4,19,11,0,9,0,5,11,0,0,0,21,0,10
37,10,3,4,13,16,10,6,48,191,43,0,0,14,2,0,0,11,0,14,0,0,0,0,0,0,9,16,21,0,16,0
0,0,0,0,4,4,3,0,10,14,82,0,1,3,10,52,3,22,0,13,0,0,0,11,0,0,0,0,9,5,0,41
101,9,0,13,0,0,0,0,14,21,12,17,2,0,4,0,11,34,40,33,0,0,0,19,0,0,8,8,0,4,0,8
0,0,6,0,6,8,0,32,0,0,0,0,0,3,0,0,4,6,0,0,4,0,0,15,21,1,23,0,6,34,4,0
0,0,18,0,0,16,6,14,0,0,0,23,2,14,10,0,6,22,2,7,3,0,7,20,15,14,37,0,20,0,0,35
0,0,17,7,33,5,7,6,0,8,0,3,0,3,0,0,0,0,0,0,55,0,1,20,0,9,0,0,0,1,13,0
82,10,0,11,0,0,0,12,3,10,0,0,0,2,1,0,13,0,0,4,8,0,0,0,0,1,7,31,16,0,0,28
0,3,0,0,31,4,0,0,7,21,0,19,36,10,0,6,15,0,0,2,0,10,6,0,0,9,8,4,23,0,0,0
20,13,0,10,0,0,0,41,6,0,29,12,0,0,12,0,0,13,0,9,0,2,0,0,3,0,0,5,30,0,11,0
0,0,0,0,10,21,0,8,0,0,12,19,8,7,7,7,18,12,8,21,0,28,0,0,0,0,0,5,8,0,0,0
54,0,0,3,0,39,15,29,8,0,24,27,0,0,7,4,5,0,2,0,6,0,0,18,0,10,9,28,21,0,0,4
0,1,13,14,10,38,29,8,0,9,26,9,0,0,0,0,0,2,1,5,0,19,0,22,0,0,84,8,14,0,0,28
16,12,0,0,0,17,0,0,0,0,32,12,14,1,3,13,7,3,3,0,3,9,0,2,0,0,0,4,6,0,12,16
61,0,7,25,50,0,28,3,32,0,65,3,12,0,11,12,0,0,12,0,8,4,12,0,20,0,14,0,5,0,0,32
80,28,3,3,12,21,0,0,28,19,33,26,0,1,0,20,0,0,2,10,0,0,15,0,25,0,1,0,0,16,10,16
28,11,5,15,4,17,0,0,0,13,18,73,0,5,0,5,0,13,0,0,0,4,0,22,16,0,0,0,0,11,4,14
0,0,3,7,0,0,0,0,0,5,13,14,0,0,13,0,0,0,16,0,8,9,1,0,0,8,0,0,0,0,0,5
15,3,29,0,29,10,5,0,15,4,0,0,1,1,5,0,0,2,9,0,0,6,0,0,5,8,0,0,0,0,3,0
0,9,11,0,0,0,15,0,0,0,4,1,3,0,3,5,0,0,0,0,0,0,0,0,10,0,0,8,0,0,7,0
0,18,2,0,3,0,7,3,0,9,0,0,0,0,0,0,0,10,0,0,11,0,0,0,7,0,1,14,0,0,0,0
0,0,5,0,37,3,0,9,14,9,0,16,15,0,7,1,0,18,0,0,21,0,20,0,0,11,23,0,9,3,14,0
0,31,16,0,33,24,9,0,0,7,0,14,0,0,8,3,17,0,0,2,0,0,0,1,0,2,0,0,8,0,19,0
98,4,0,0,35,6,35,0,0,18,0,8,0,0,8,10,0,0,12,0,0,0,4,0,0,0,0,9,19,0,0,2
67,27,0,0,0,0,21,0,0,13,4,0,0,0,3,0,0,3,0,20,0,2,0,16,0,0,0,0,0,5,0,14
13,22,17,0,22,7,10,4,0,0,34,0,0,0,12,0,13,0,10,17,7,0,9,0,10,15,0,0,5,9,11,15
16,0,0,19,5,0,0,9,0,0,22,0,16,4,0,0,0,9,0,5,0,15,5,0,0,0,0,0,0,0,0,0
0,0,0,0,0,54,16,0,21,0,15,24,1,9,9,15,0,24,0,0,32,14,0,0,25,9,0,9,0,11,24,0
0,0,3,22,0,7,0,4,1,8,50,74,0,0,20,0,0,17,0,0,6,0,0,2,7,0,0,0,2,5,27,0
0,0,4,11,39,98,0,28,0,21,0,11,9,0,10,23,11,35,35,24,20,7,0,4,7,0,0,0,0,5,14,8
8,10,48,0,0,15,2,0,10,0,0,28,0,8,13,201,18,0,11,14,8,32,0,17,0,5,0,0,0,13,0,4
107,0,0,16,11,34,37,0,0,38,10,11,1,27,0,208,145,187,10,0,1,24,0,0,0,0,0,11,22,0,0,0
17,0,0,0,0,0,29,11,0,15,0,0,0,7,0,176,172,17,4,0,0,13,0,0,0,0,18,0,0,8,4,0
0,0,36,21,0,0,0,29,11,2,42,30,0,0,0,0,0,9,2,22,19,0,30,149,0,19,16,2,10,0,0,0
0,10,14,9,21,4,13,1,7,34,20,0,0,0,0,30,0,17,0,14,13,0,71,135,46,7,0,5,0,0,20,0
63,48,14,0,2,0,0,0,7,0,34,0,4,0,25,24,0,0,23,0,5,0,0,6,7,1,3,0,3,9,45,0
0,0,0,0,27,32,0,0,10,3,14,0,34,26,12,0,0,21,34,4,6,0,24,24,0,11,37,9,36,1,0,0
41,0,9,21,23,0,5,0,0,16,19,0,0,9,4,12,0,5,0,11,0,0,0,0,10,0,25,23,26,0,14,0
79,0,0,0,31,0,0,15,0,0,10,0,0,0,0,1,0,2,0,0,14,4,6,0,4,0,0,0,1,25,0,1
0,0,24,5,0,5,0,0,16,0,11,6,0,12,0,0,0,8,5,7,0,5,5,0,2,23,4,84,0,12,0,1
76,8,0,7,5,0,37,0,0,7,20,0,0,0,0,0,0,0,7,5,1,0,0,10,0,1,67,46,30,4,1,5
80,9,4,0,0,0,0,8,0,0,4,21,0,2,12,0,16,37,0,10,3,0,5,8,14,0,82,25,10,5,0,0
51,11,10,0,14,0,25,0,3,8,0,4,0,22,6,0,13,0,13,0,5,0,0,9,0,0,0,0,0,3,9,0
0,0,13,17,0,8,8,5,0,3,22,27,0,0,12,0,1,5,1,1,0,0,0,0,0,7,0,6,42,2,8,0
0,12,0,0,0,0,13,0,0,3,6,2,3,4,0,1,0,10,21,0,0,7,6,1,20,14,68,2,10,8,3,0
14,0,0,10,0,0,0,6,3,0,32,33,8,0,0,0,6,2,0,0,0,1,8,0,4,0,19,0,0,0,1,1
0,0,0,3,8,1,0,12,3,3,42,1,2,0,7,8,12,0,0,0,0,3,6,2,0,0,0,0,0,9,0,0
0,4,4,1,0,8,0,3,8,27,32,9,0,5,0,0,0,2,0,2,4,0,2,0,0,8,11,10,6,0,0,0
114,0,10,1,3,20,0,11,1,28,16,26,1,5,3,0,6,0,0,0,0,16,0,0,0,0,0,0,0,8,0,5
2,0,15,9,0,6,0,0,8,7,0,0,0,25,0,0,0,0,0,3,6,1,5,10,0,0,0,0,0,12,0,0
0,6,12,0,29,16,7,7,0,0,5,3,4,7,0,0,14,0,8,8,19,1,17,0,0,1,0,0,6,9,0,0
0,0,12,0,15,0,0,0,0,8,5,6,0,0,0,0,5,0,0,0,0,0,13,0,10,4,0,0,0,1,2,0
0,3,0,2,0,2,1,10,22,0,0,3,0,1,10,17,0,1,0,0,7,11,0,0,0,1,9,0,0,0,10,43
4,4,14,0,0,0,16,0,2,2,0,0,0,21,20,11,0,2,0,18,0,15,0,0,0,0,0,16,0,8,0,7
16,8,0,0,8,0,0,2,0,8,0,0,9,0,17,14,17,8,11,0,6,0,0,0,1,0,15,0,27,3,0,2
90,0,0,0,0,23,16,0,14,0,0,0,0,17,0,0,3,7,0,0,0,3,0,0,7,0,0,4,12,0,0,0
0,0,0,2,0,4,0,3,0,10,5,0,0,12,0,0,0,0,0,0,0,0,17,16,12,0,4,16,28,27,0,0
21,2,0,0,0,11,17,1,0,10,0,1,0,16,1,0,19,9,11,13,16,4,31,4,10,9,19,0,8,5,2,0
2,0,0,7,0,0,11,15,0,18,33,38,2,0,0,10,1,7,1,0,0,0,5,11,10,0,36,9,0,0,0,0
8,5,0,19,11,8,8,5,2,0,40,16,2,4,0,16,10,11,5,0,0,0,4,15,0,5,0,0,33,0,7,19
0,0,4,3,11,0,0,2,0,10,0,58,13,37,9,0,10,0,0,0,20,1,22,5,0,3,0,0,18,5,0,1
13,19,0,0,16,11,10,7,0,4,3,20,14,10,0,1,7,8,0,0,53,9,0,0,0,8,12,35,16,0,7,0
0,0,0,2,0,12,2,0,13,0,14,0,0,17,7,0,0,1,0,0,0,0,19,3,28,3,18,4,7,0,0,0
81,0,29,11,0,0,5,0,0,96,109,4,0,2,19,41,4,21,0,3,8,0,0,0,0,10,4,8,8,0,21,0
28,0,7,0,18,0,0,0,0,185,184,49,0,0,0,27,0,0,12,0,0,4,11,7,0,0,0,10,8,0,1,0
121,0,0,0,11,0,0,0,1,42,232,12,9,0,5,55,29,0,0,2,0,2,1,23,0,0,9,5,0,0,0,3
58,5,0,0,0,13,0,0,7,0,8,0,33,13,0,7,0,0,0,3,0,3,1,0,2,3,11,0,9,4,4,0
92,1,0,0,0,1,3,8,0,0,9,0,7,0,0,24,12,1,58,0,0,0,0,10,3,4,26,0,0,5,0,18
0,49,0,6,0,0,26,0,0,3,4,0,0,0,0,24,0,0,9,2,2,3,5,0,3,19,0,0,4,14,0,0
31,0,0,20,4,0,0,0,0,2,17,0,3,13,9,0,18,4,0,0,0,16,0,1,0,0,12,22,14,16,4,0
38,0,0,0,0,3,1,0,0,0,0,0,0,11,0,0,0,0,9,1,0,0,9,0,0,3,0,6,0,1,0,8
49,6,0,0,9,3,0,0,0,0,0,41,0,0,0,29,11,0,0,0,28,14,14,0,10,0,0,3,18,7,1,0
0,0,29,42,36,0,0,0,0,0,20,1,0,0,0,0,25,0,0,0,0,2,9,0,9,0,13,101,131,105,3,0
0,34,20,9,0,20,4,39,0,3,4,0,0,27,18,0,42,3,0,7,6,2,0,30,8,9,34,191,38,54,21,0
85,6,0,0,37,4,19,0,0,20,17,0,5,13,23,0,0,14,0,5,0,0,0,0,0,0,0,105,16,20,9,0
142,0,0,25,40,20,15,22,0,0,0,29,25,2,0,7,6,15,0,0,0,0,0,0,3,0,0,21,23,0,8,0
117,10,0,8,0,6,2,0,0,10,0,8,0,8,1,0,8,9,0,0,0,0,0,30,0,3,71,0,16,2,20,7
57,3,5,16,9,0,1,13,0,8,33,16,0,0,3,0,0,20,1,0,17,0,32,0,13,23,26,0,0,0,0,32
57,4,25,16,41,4,22,0,0,20,13,0,0,0,0,35,0,0,0,0,0,37,0,12,0,35,0,18,0,10,0,2
34,36,3,0,16,32,7,2,0,31,17,40,12,0,4,39,14,0,0,0,4,9,11,9,0,25,7,0,0,0,0,20
0,5,0,0,29,15,18,8,0,36,0,0,8,0,23,0,0,33,0,43,33,0,13,0,0,0,4,0,10,0,6,51
105,0,0,0,0,30,25,0,4,0,30,4,1,0,16,0,0,0,23,20,0,0,34,3,0,16,0,11,6,37,0,0
13,0,0,0,30,0,27,0,25,28,0,13,12,0,0,23,0,4,13,0,14,0,15,0,19,9,23,29,6,0,17,0
0,2,14,0,0,0,14,0,5,0,4,12,14,16,10,0,6,0,26,10,25,0,5,0,0,7,1,21,5,0,4,0
0,0,13,0,17,4,7,0,22,0,0,6,0,0,0,0,0,0,0,0,0,1,23,23,9,15,0,0,0,0,0,16
35,0,11,2,0,0,30,1,2,10,9,0,8,2,16,3,0,0,0,0,10,1,23,17,0,0,0,35,5,7,7,0
18,0,0,0,0,0,0,0,0,0,6,0,23,0,0,20,0,0,0,14,0,15,0,6,2,5,0,0,1,0,0,4
71,0,0,0,0,10,3,0,11,0,3,0,7,5,1,0,0,0,27,17,2,0,17,9,0,3,9,0,22,0,0,35
20,1,1,6,0,0,7,19,0,4,14,2,2,15,4,0,0,8,0,1,0,0,0,9,0,2,7,0,4,0,0,0
0,5,9,0,0,5,4,0,2,0,11,0,6,1,0,0,5,0,10,0,0,10,0,0,1,4,0,7,2,7,1,0
3,10,0,0,9,0,5,0,0,1,0,11,14,0,0,0,0,0,2,4,0,0,4,12,0,12,0,2,0,0,0,14
0,12,7,0,0,0,0,0,2,0,30,4,6,9,5,0,0,5,0,21,0,0,0,16,1,0,0,0,26,4,13,4
0,0,10,0,0,0,16,0,10,6,21,29,0,3,0,0,0,0,0,6,0,8,0,0,0,0,0,0,0,1,0,0
35,0,0,0,0,0,0,9,0,0,10,0,0,0,0,0,0,8,4,8,49,0,3,0,0,0,0,0,25,17,9,19
77,0,0,0,24,25,0,9,6,0,8,149,0,0,0,0,20,13,13,6,8,35,6,8,1,8,21,3,17,16,17,6
116,0,0,1,0,0,1,16,5,8,196,196,33,0,12,62,0,67,0,0,23,16,0,0,3,16,9,0,0,0,16,9
71,0,0,26,22,0,0,34,6,0,225,137,21,0,0,11,0,0,0,0,5,3,24,0,13,0,34,11,0,0,0,0
135,0,8,0,0,13,0,18,0,20,8,40,1,28,0,11,1,0,3,0,12,0,0,0,0,11,0,0,0,1,0,3
65,0,5,0,0,5,6,16,1,0,0,23,23,32,0,63,24,0,0,0,1,0,2,0,91,34,4,0,0,11,0,12
0,20,11,0,0,1,0,0,5,4,26,0,25,2,7,11,0,8,44,0,0,0,12,16,0,12,4,10,0,4,23,21
0,0,12,0,37,7,19,0,24,0,27,40,12,0,22,14,10,7,34,0,0,7,0,0,12,1,29,13,22,1,0,25
0,0,0,0,3,0,0,4,3,0,28,22,0,0,0,7,7,5,4,0,26,0,9,2,2,0,18,14,0,0,5,6
56,0,7,5,17,0,0,10,17,5,0,0,16,16,0,3,0,0,3,0,67,0,0,0,2,2,0,7,31,0,0,0
0,1,5,11,6,0,6,0,0,0,18,2,5,0,3,24,0,7,1,0,0,5,0,0,38,0,14,0,8,0,0,12
17,0,0,0,0,17,0,0,0,9,5,0,4,21,0,0,16,0,19,0,10,2,16,17,0,0,0,0,0,0,5,0
63,0,5,0,0,0,26,0,2,0,12,0,12,0,0,12,3,13,0,0,1,6,7,11,15,0,0,0,0,13,7,4
51,0,32,0,0,0,3,0,0,2,12,50,0,1,0,21,0,0,0,14,18,4,29,0,11,4,35,5,0,0,0,0
0,0,6,21,8,17,0,0,0,12,0,3,12,12,5,0,0,9,0,0,2,9,25,0,0,39,10,3,10,0,12,27
59,0,16,4,30,0,1,10,18,0,20,0,0,16,0,3,0,0,0,14,0,0,22,6,14,8,67,11,0,0,6,0
0,0,2,5,9,10,0,2,2,2,32,0,10,0,0,0,0,0,0,0,0,8,6,5,0,0,5,9,0,0,16,18
48,0,0,16,59,23,0,0,6,0,14,18,5,13,7,11,7,5,17,0,0,0,8,0,24,15,9,0,9,0,0,16
0,18,0,0,35,4,0,26,9,11,13,9,0,21,13,0,0,0,0,0,0,3,20,11,0,6,23,4,0,0,0,5
81,11,0,0,22,33,28,0,26,49,12,53,20,0,0,21,19,0,0,0,5,0,30,0,0,1,0,0,0,0,0,20
38,0,10,9,0,0,0,0,0,3,15,0,0,0,6,7,13,7,24,0,0,0,0,2,0,0,0,12,0,0,1,17
19,0,5,5,0,0,27,21,0,8,0,16,21,2,0,0,0,0,0,13,8,0,23,8,4,0,0,0,0,6,3,0
49,0,0,0,8,0,13,0,0,12,0,0,0,0,0,0,17,0,0,0,0,0,0,0,5,0,4,2,0,3,0,25
10,3,4,0,9,2,0,0,20,0,0,21,4,3,0,0,0,0,12,28,0,0,5,0,4,0,1,5,10,7,0,0
0,0,0,0,30,10,0,5,0,4,0,0,0,0,0,0,0,4,7,0,12,0,5,2,21,16,16,0,9,0,3,0
0,0,1,3,0,3,0,7,9,24,0,0,0,0,8,8,20,12,18,0,0,3,0,0,16,4,14,9,2,6,0,0
80,0,0,0,0,0,0,0,0,14,0,16,11,0,31,0,0,0,0,6,0,0,0,0,5,0,23,12,27,0,0,0
0,0,0,0,5,4,0,11,5,4,0,22,4,1,0,27,30,0,20,0,5,11,0,0,0,14,19,12,19,24,0,0
0,0,0,10,7,0,0,28,0,11,0,6,9,0,0,26,0,0,10,0,0,0,15,0,17,9,22,0,0,0,0,38
0,39,18,0,0,0,0,0,0,6,0,1,0,10,7,3,12,0,1,0,0,0,0,19,17,0,3,0,4,7,44,0
8,0,0,0,0,0,18,24,0,0,23,53,0,0,0,0,13,1,30,0,0,0,0,10,0,0,30,5,0,31,1,3
23,31,0,3,0,0,0,6,21,0,47,23,0,0,0,28,0,0,11,0,1,0,1,0,0,7,0,0,3,27,18,39
61,28,0,5,26,18,17,2,0,10,17,6,0,51,0,0,0,0,0,28,51,0,0,0,13,15,0,27,10,28,0,0
70,10,0,0,0,1,0,0,0,0,51,29,30,0,21,17,16,192,197,83,15,12,2,0,7,3,0,0,5,6,0,3
0,0,0,6,1,0,0,0,10,0,19,78,11,13,0,21,16,60,194,75,2,0,1,4,5,0,0,0,0,0,0,0
0,0,0,0,5,16,0,17,5,6,0,3,0,6,5,50,4,85,134,99,5,23,4,0,0,9,23,17,0,0,0,28
0,0,1,0,4,1,0,0,0,0,19,0,19,1,0,16,0,0,0,0,1,0,1,0,19,84,0,22,16,0,7,23
0,0,0,17,0,0,14,3,0,0,4,0,0,11,0,9,0,0,0,0,0,0,7,5,17,24,0,0,0,9,0,8
0,30,3,0,0,25,0,10,0,4,8,19,9,1,2,24,3,0,52,0,1,4,27,23,247,25,8,0,0,0,0,0
143,3,16,5,0,0,0,38,0,7,0,12,0,0,20,0,8,0,0,18,0,0,2,17,0,0,3,0,5,0,24,0
22,0,4,1,0,0,1,1,23,7,0,31,0,0,0,0,4,0,8,0,0,8,30,6,5,0,0,0,11,24,0,1
53,0,0,0,21,17,20,0,21,25,31,0,5,0,0,0,5,7,0,0,0,10,5,24,0,0,0,0,0,21,0,0
0,0,26,0,24,27,0,0,0,6,0,5,0,1,3,0,0,0,17,0,25,2,0,0,17,0,0,12,22,0,0,7
50,7,1,29,0,0,1,7,0,0,0,6,0,0,0,10,0,12,5,12,2,0,8,0,13,6,0,27,54,12,0,0
21,7,12,0,19,0,0,0,0,12,13,1,31,0,0,0,9,0,0,0,0,0,0,16,10,8,0,2,9,0,0,18
77,0,0,10,0,0,0,0,23,0,0,9,4,0,0,0,0,3,0,24,1,20,0,0,4,19,0,0,1,0,0,0
0,2,0,2,0,1,0,2,14,0,33,0,0,15,0,0,0,0,0,15,0,0,14,16,9,0,2,66,49,1,0,0
0,0,6,28,2,4,0,7,0,0,25,37,0,14,16,27,0,0,0,0,0,0,0,25,4,0,47,20,14,3,0,0
0,0,0,3,12,6,0,3,0,13,0,16,0,0,0,2,0,9,0,0,0,0,5,10,10,0,5,0,0,0,0,3
19,2,0,11,72,11,0,0,0,4,11,0,0,3,0,0,0,0,14,0,6,0,4,0,0,1,0,1,0,9,4,0
0,5,35,3,33,0,20,0,25,17,36,0,16,0,0,5,0,0,8,0,8,0,31,0,0,0,6,0,4,19,0,0
0,0,6,15,0,0,0,0,3,18,7,43,0,0,0,8,6,2,4,5,0,0,1,2,0,10,0,4,0,0,5,0
0,0,17,0,0,3,8,0,0,0,0,0,0,4,0,2,1,0,7,0,0,16,0,0,8,13,21,7,0,0,11,23
0,2,8,19,0,0,4,13,0,0,0,15,5,5,0,0,0,0,1,27,0,0,13,0,16,18,23,3,0,12,10,8
49,0,6,5,1,13,1,6,0,0,11,0,3,0,0,0,0,4,0,0,4,0,14,0,25,0,0,3,0,6,0,8
0,3,6,12,2,0,0,16,6,11,0,0,9,16,3,9,0,0,0,0,8,2,0,5,2,1,2,7,0,0,0,0
0,2,6,2,0,5,3,0,12,0,6,0,4,0,0,3,3,0,10,0,8,9,0,0,0,0,0,0,4,0,8,8
24,0,1,0,12,0,7,7,0,0,25,0,0,0,0,13,0,0,0,0,5,8,11,13,13,0,0,3,0,1,0,0
74,2,8,4,1,7,3,0,7,0,4,10,0,0,0,0,0,6,0,15,12,2,14,2,15,0,14,0,5,4,0,36
19,0,0,20,8,0,0,0,0,0,22,9,15,0,0,14,0,0,0,10,0,8,27,0,7,5,22,22,0,0,0,12
12,12,0,0,7,0,0,11,0,0,5,9,0,20,1,0,0,0,7,0,0,0,8,8,4,3,0,0,0,2,2,36
0,0,0,5,29,0,16,0,0,8,29,18,17,0,11,0,5,0,0,0,11,0,12,0,0,3,18,0,12,19,0,0
16,13,0,17,0,14,0,0,4,0,26,12,0,0,0,0,0,6,4,0,6,1,0,0,10,0,10,8,3,0,0,30
0,0,0,0,0,0,0,11,0,0,31,16,0,0,0,0,5,0,0,9,1,13,0,0,11,12,0,8,0,9,5,3
63,0,0,8,5,11,0,5,11,0,51,0,2,10,9,0,4,10,6,7,46,13,0,0,0,11,0,6,8,9,0,0
59,0,5,8,19,0,0,18,0,16,2,0,42,24,9,2,0,0,0,8,10,4,1,0,2,4,0,0,0,0,0,12
79,0,0,24,0,0,0,4,0,13,0,85,132,6,0,17,12,19,38,0,10,1,0,0,0,2,11,0,0,2,10,0
48,13,16,16,0,5,0,0,0,14,0,156,107,3,1,10,0,16,2,0,0,0,0,0,0,0,0,0,0,2,0,0
0,0,20,0,11,7,7,0,0,0,0,193,49,26,0,53,43,2,7,2,31,4,13,0,4,3,10,0,0,0,0,9
0,0,0,5,4,1,9,1,4,16,0,10,6,3,1,16,8,0,2,0,3,2,7,0,1,8,0,9,7,0,3,4
0,16,0,0,16,8,0,0,8,0,0,6,3,13,0,0,0,17,56,6,0,0,8,1,10,2,13,5,0,0,1,0
142,10,9,21,9,0,0,0,0,1,0,0,0,0,0,6,28,14,39,0,11,0,11,0,9,29,10,0,0,3,12,1
0,0,0,6,10,0,0,7,0,0,0,13,0,1,0,9,0,11,5,0,4,0,13,7,18,8,0,13,0,2,5,0
0,0,37,0,1,29,6,0,2,15,26,0,0,0,16,0,27,2,0,17,8,0,0,0,0,2,7,0,0,16,4,0
59,0,4,30,5,0,21,9,0,0,0,0,0,10,0,0,1,2,0,18,12,0,0,0,0,0,0,19,0,0,0,0
10,28,0,1,5,14,0,0,0,0,0,7,2,21,4,0,10,0,0,0,0,1,0,12,32,0,36,2,16,0,16,22
0,18,0,0,0,14,0,0,0,10,0,0,22,2,8,0,0,0,18,5,3,0,1,0,0,0,9,1,5,0,5,0
18,4,22,0,18,13,14,17,21,18,8,8,0,29,0,2,0,5,16,4,5,5,0,13,12,46,8,2,19,10,0,0
0,2,0,4,0,15,8,3,8,0,0,20,0,0,0,4,0,0,1,15,0,7,0,5,3,11,2,71,16,24,8,13
0,0,6,1,0,0,3,30,0,0,26,28,0,0,2,16,0,0,0,35,2,0,5,7,8,0,84,25,0,0,0,0
29,0,0,20,5,17,0,0,0,6,17,3,7,0,0,0,0,0,0,4,0,0,0,0,0,14,0,6,0,0,0,0
0,1,1,0,81,9,12,1,2,0,20,0,0,12,0,4,0,0,0,0,12,6,2,14,3,0,2,24,0,8,16,0
0,0,4,14,16,33,13,4,5,20,33,36,0,2,0,0,17,17,0,14,0,1,0,0,1,19,0,25,0,0,0,0
0,0,18,15,0,18,11,30,0,45,29,0,19,11,21,13,0,0,4,18,21,0,20,0,14,36,15,0,0,29,0,35
0,0,0,0,0,0,0,57,0,0,45,32,6,0,0,0,21,0,0,20,0,0,0,5,0,18,2,0,0,0,10,34
6,5,5,17,0,28,0,22,0,0,15,0,0,23,9,2,2,14,0,12,9,0,0,1,1,1,0,0,0,0,0,0
92,7,43,0,7,0,0,25,20,0,18,2,0,12,6,0,2,0,4,14,0,0,0,0,5,0,21,6,0,1,0,30
0,7,10,12,46,0,0,0,6,0,23,22,10,12,0,2,0,0,9,27,16,20,0,0,0,0,0,7,0,13,8,0
0,0,0,18,16,0,1,0,0,0,12,0,14,0,0,22,0,0,21,0,0,28,31,1,0,7,0,0,0,0,0,14
0,46,16,32,0,0,11,9,0,1,0,7,0,0,5,25,0,0,29,0,0,0,18,32,0,0,0,13,0,10,0,31
84,0,5,0,25,5,14,25,0,0,18,0,19,8,7,5,13,31,0,0,3,0,20,12,0,0,1,1,4,5,0,0
0,16,0,0,0,0,0,0,0,0,0,16,0,0,3,7,0,0,0,2,0,0,7,7,0,0,12,0,0,0,1,0
2,9,14,29,0,27,0,3,0,0,2,10,0,0,17,15,0,0,29,0,0,0,0,12,0,0,1,0,0,4,0,27
0,0,1,0,3,3,0,17,0,0,25,2,0,18,0,4,19,0,0,2,0,0,16,0,4,26,0,36,0,0,5,20
28,0,0,0,0,8,2,0,5,0,23,39,0,11,0,0,9,9,0,4,0,18,13,1,0,0,0,0,7,12,2,19
0,5,0,0,16,13,23,0,0,0,51,46,0,12,13,19,17,7,18,13,19,0,0,4,2,2,2,8,0,0,0,0
0,32,4,9,9,8,0,20,7,0,11,0,4,0,0,0,0,14,0,0,26,0,16,23,0,0,11,33,8,8,0,22
11,14,10,10,3,16,15,10,29,18,11,42,0,26,7,0,4,0,8,53,0,2,0,0,2,4,0,0,4,0,0,4
64,14,0,12,14,0,0,0,0,51,7,23,41,0,2,0,0,12,0,28,0,5,0,0,0,0,5,0,0,0,4,3
0,0,0,1,0,16,0,0,12,13,3,0,23,9,6,0,0,20,29,7,11,1,16,2,21,0,13,2,0,6,0,0
75,2,0,2,0,7,8,0,0,0,0,1,0,6,0,21,17,4,1,0,4,12,0,3,6,0,0,0,0,2,0,0
22,0,8,10,17,0,0,0,11,0,4,0,0,0,0,24,0,9,0,0,14,0,0,8,110,56,10,0,0,1,0,3
144,11,0,0,0,0,0,0,0,5,0,0,0,0,0,2,14,0,21,10,4,0,0,0,4,9,1,28,0,0,3,21
53,0,0,6,0,0,0,13,15,2,9,0,2,0,0,5,0,0,13,0,0,2,5,1,0,2,0,0,0,0,0,27
13,0,0,9,0,0,0,0,0,1,0,4,0,0,0,5,0,0,3,0,0,0,7,0,0,6,7,0,0,0,6,53
0,0,7,5,0,0,4,0,0,0,1,16,0,0,11,4,1,0,0,0,0,17,19,11,0,27,1,6,9,5,0,0
0,0,8,2,14,0,0,10,2,6,23,10,4,0,3,3,0,5,0,0,0,13,2,0,0,8,9,5,0,8,0,0
0,25,0,0,0,0,2,0,3,0,0,0,2,0,5,0,2,3,0,20,17,0,0,4,1,0,7,0,8,7,21,0
0,7,0,0,5,8,0,0,0,0,0,0,0,2,0,3,0,13,0,0,10,0,0,0,8,1,0,16,0,0,1,24
0,0,0,0,0,5,0,0,3,7,0,0,10,11,12,0,13,0,0,9,0,0,0,0,10,0,0,1,29,0,19,9
0,2,0,1,12,0,0,0,4,0,24,18,0,0,5,0,0,7,0,0,6,0,0,0,0,0,9,30,34,0,4,0
0,2,10,4,19,0,3,0,0,16,9,0,4,0,0,2,0,0,10,6,0,7,0,5,0,0,64,1,9,3,0,0
0,9,0,1,0,3,1,2,0,0,43,9,0,0,0,0,0,5,0,1,1,8,0,0,0,12,2,0,3,9,0,0
0,6,3,0,37,0,0,0,0,0,31,4,0,0,0,0,0,0,10,0,5,4,0,0,0,3,19,0,0,10,0,16
57,2,8,3,29,32,1,0,3,17,3,19,0,1,0,0,1,0,8,4,5,1,0,0,0,0,22,0,4,6,0,0
68,21,0,7,5,19,0,0,1,31,11,61,5,0,0,5,0,0,0,0,2,0,13,0,0,0,0,0,0,5,19,2
0,0,5,0,0,2,8,0,1,0,0,0,0,0,0,0,2,3,14,0,1,0,12,2,0,0,0,2,0,0,5,0
10,0,21,2,5,0,4,0,2,0,0,1,0,0,0,0,0,3,0,0,2,1,0,1,0,3,0,0,0,2,13,16
44,0,0,0,4,0,0,6,5,0,3,11,4,0,0,0,0,5,2,0,2,0,0,0,0,0,3,0,1,0,0,0
5,2,6,0,7,13,4,2,0,0,1,4,7,2,0,9,8,3,5,0,10,0,3,6,0,0,0,0,2,0,0,0
0,0,0,2,0,0,1,0,5,0,4,0,4,2,7,3,0,0,3,0,0,0,9,0,0,0,0,0,0,2,0,13
3,0,0,4,0,2,2,0,3,0,0,0,0,0,0,2,6,6,0,7,0,3,0,1,0,2,3,7,0,11,12,0
78,0,0,3,0,0,1,7,0,5,2,0,0,0,0,0,0,0,0,1,10,7,6,0,0,0,5,0,0,0,0,2
9,4,0,0,5,5,0,0,0,0,0,3,0,4,0,0,0,5,8,4,0,0,13,3,3,5,0,0,0,0,1,17
1,5,0,4,11,0,3,0,4,2,0,2,0,0,4,0,4,2,0,4,6,4,0,1,3,0,0,0,0,5,0,0
6,4,3,5,0,0,0,6,5,0,23,10,4,10,0,0,1,0,0,7,0,0,0,0,0,5,0,7,0,0,5,0
19,0,10,0,0,0,0,0,0,0,29,7,0,0,0,5,0,0,8,0,7,0,6,0,7,6,5,0,1,0,0,0
11,0,2,6,0,0,0,5,0,1,48,84,0,3,1,3,2,0,0,0,0,5,7,1,0,0,0,10,1,0,3,17
0,5,1,0,4,1,0,0,0,2,0,0,0,0,1,4,0,2,0,3,35,3,6,1,6,0,0,1,3,5,4,5
30,1,4,12,4,3,0,1,2,16,0,40,2,17,25,7,6,0,0,2,8,0,4,0,0,5,9,0,0,0,6,2
0,4,11,0,14,4,0,0,0,3,10,0,18,11,3,29,20,29,17,6,17,0,0,0,3,0,0,3,14,1,15,0
0,0,0,0,5,4,0,12,3,0,16,0,22,0,1,23,1,7,0,0,7,3,9,4,0,0,7,0,0,0,0,0
0,0,3,0,0,0,0,0,0,1,30,0,0,0,0,34,34,1,0,0,0,0,0,1,0,0,2,0,0,1,2,0
0,3,0,14,0,0,0,0,0,0,10,20,0,0,0,22,0,0,0,8,0,0,0,4,1,8,3,0,0,4,0,0
103,12,16,0,17,5,9,0,0,0,0,0,0,8,0,2,7,5,63,9,5,1,0,3,0,0,3,9,4,0,9,0
0,0,0,8,4,16,0,0,0,3,2,2,0,0,0,4,0,0,16,0,2,1,10,0,0,25,4,0,0,7,0,17
71,0,14,0,0,0,3,1,5,11,0,0,0,0,0,0,0,2,0,4,8,4,20,0,0,3,4,0,5,0,13,4
0,0,6,13,0,0,2,1,0,0,0,0,4,0,0,0,0,5,0,0,29,0,13,0,0,9,0,5,3,4,7,0
37,4,9,0,8,6,0,0,0,0,16,0,0,4,0,0,0,5,0,0,23,0,0,0,0,2,0,0,2,3,11,0
0,0,0,0,4,0,0,1,0,0,2,0,0,2,1,0,0,0,0,6,14,2,0,0,8,5,0,4,4,0,0,0
1,0,0,0,4,4,4,0,0,0,7,0,0,8,7,0,2,0,0,0,3,5,0,0,11,7,0,0,0,0,0,0
35,0,0,6,6,0,17,0,5,1,0,0,7,1,5,0,0,13,0,0,5,4,4,5,0,14,9,0,18,0,0,0
4,0,0,5,1,0,0,2,0,0,23,27,4,0,0,0,5,0,0,6,1,2,0,0,1,2,1,57,66,0,5,6
0,0,0,9,0,7,0,11,0,0,7,1,0,1,2,5,0,0,13,0,11,2,6,15,7,6,82,0,0,0,0,3
0,0,0,0,0,0,0,0,0,0,27,24,0,12,0,0,0,1,1,0,9,0,0,0,0,0,17,0,10,7,8,11
0,0,0,0,29,15,10,3,8,0,28,0,0,0,0,0,3,4,0,3,4,7,0,5,5,0,0,21,6,13,7,0
73,0,9,9,24,34,10,0,0,19,10,0,0,11,0,0,0,0,13,1,0,0,0,0,12,0,0,2,1,10,0,15
87,3,13,0,3,21,0,0,0,30,14,57,0,8,1,0,0,0,0,0,7,0,0,6,1,11,2,0,0,7,0,0
0,1,10,0,1,0,0,0,0,0,13,6,11,0,1,0,0,6,0,4,0,0,0,0,8,3,3,0,0,0,5,0
1,0,12,2,0,0,0,0,0,0,0,0,6,0,2,0,0,2,2,0,0,2,6,2,0,0,0,2,0,0,0,25
0,4,2,0,0,1,0,5,0,0,0,0,0,0,3,0,3,7,0,7,6,0,0,6,0,0,0,0,0,0,0,0
0,1,7,0,0,0,0,6,0,0,0,1,0,0,0,0,0,0,2,0,0,0,0,3,0,0,0,10,0,1,0,0
0,0,0,3,0,0,0,0,0,0,7,3,4,0,0,1,0,0,0,2,1,0,0,0,4,0,1,0,0,0,0,22
0,1,0,4,0,0,4,0,3,5,6,0,0,0,5,9,0,1,2,0,0,3,0,0,3,0,0,0,7,3,0,0
64,0,1,0,0,1,1,5,1,11,2,3,0,2,10,0,0,5,0,0,2,0,0,0,0,8,14,0,6,10,9,0
0,2,0,0,0,0,0,6,0,0,0,3,1,0,0,1,0,0,0,0,3,0,9,0,0,1,4,0,0,0,2,4
13,2,0,5,0,0,0,0,0,0,5,0,0,0,0,2,0,0,2,0,0,2,0,0,0,1,0,2,0,0,0,9
0,5,2,0,3,0,0,1,4,0,13,0,0,0,2,8,1,11,0,0,0,3,0,6,2,0,4,0,0,4,0,3
4,2,0,0,0,11,0,0,1,2,27,1,7,2,10,0,0,0,1,0,3,5,0,0,0,0,0,0,0,5,0,14
0,0,0,3,0,1,0,0,7,0,50,87,0,0,0,1,0,0,0,0,0,5,0,4,5,3,14,0,2,0,9,22
30,0,0,0,17,0,2,8,0,0,16,6,12,0,3,4,0,3,0,0,4,0,5,3,3,12,8,13,3,0,0,16
46,0,0,1,1,1,5,3,2,3,8,16,0,9,37,0,0,0,4,0,1,0,3,5,0,0,0,0,7,0,2,0
0,6,4,0,0,0,0,0,0,3,21,0,21,4,3,48,0,37,21,0,16,0,0,1,0,2,4,0,3,2,0,0
147,1,2,2,8,0,0,0,23,0,13,0,30,1,0,10,0,26,2,0,0,0,2,0,7,0,0,16,0,4,0,7
0,0,0,6,0,3,0,1,0,0,45,8,10,0,0,34,32,6,0,0,0,6,0,4,0,0,7,2,0,0,0,11
120,5,15,5,6,5,0,0,0,4,15,16,0,0,0,39,0,0,3,5,0,0,2,10,0,7,0,0,0,0,1,3
0,5,0,2,0,0,0,0,0,0,24,7,0,7,0,1,2,0,57,5,0,0,0,0,0,0,11,3,0,0,0,21
0,1,5,2,0,0,0,0,6,0,7,0,0,0,1,0,0,4,15,1,0,2,0,0,0,16,0,6,0,0,1,0
48,0,0,13,0,0,0,10,10,1,0,0,9,4,5,6,0,0,3,5,7,0,14,0,0,5,0,11,0,1,0,26
0,0,7,1,8,6,1,9,0,0,2,0,2,2,0,0,0,1,0,2,26,0,0,0,0,0,30,1,3,0,1,0
0,0,0,3,15,1,1,0,0,0,14,0,0,0,0,0,0,0,0,1,0,2,0,0,0,0,8,0,0,8,1,18
46,0,0,0,0,0,2,6,0,0,1,0,0,0,0,0,0,0,6,4,0,3,0,7,12,0,0,7,5,7,14,9
18,0,13,0,0,1,20,4,12,0,7,7,0,2,0,18,7,0,6,0,7,0,1,1,2,2,0,0,2,0,0,21
25,6,0,0,0,0,0,0,0,0,3,0,0,0,0,0,0,0,5,0,0,2,1,3,8,29,7,0,34,0,0,9
99,5,12,0,7,11,17,0,4,7,16,16,0,0,0,5,3,1,0,0,1,7,0,7,4,0,0,48,48,3,0,10
0,5,15,0,3,0,6,0,2,4,12,0,0,1,5,0,0,13,6,3,6,2,0,12,6,1,59,0,0,4,0,3
0,0,0,10,0,6,0,4,3,0,44,22,11,0,3,6,0,0,0,0,0,22,9,0,0,0,1,6,0,2,0,16
21,9,0,8,46,0,7,0,6,3,41,6,0,6,2,0,0,8,0,2,2,0,4,0,7,0,2,3,0,1,0,0
0,5,13,3,28,17,11,0,0,11,9,17,0,5,5,1,0,6,1,3,4,0,9,0,0,11,0,2,2,3,13,0
106,17,5,0,4,18,0,0,0,17,16,55,0,0,0,0,11,3,0,0,0,1,0,0,6,0,0,13,0,2,0,0
81,0,0,0,0,0,0,0,10,0,8,6,0,1,1,9,0,0,0,9,8,0,6,0,3,2,0,0,0,4,0,0
7,5,8,0,0,12,2,0,1,5,0,6,3,2,5,0,0,1,1,1,2,0,0,2,0,0,0,0,3,2,4,0
40,1,0,5,10,0,0,0,0,0,0,7,0,0,0,0,0,9,0,0,1,0,7,0,0,0,9,0,9,0,4,0
0,0,4,0,7,0,1,10,0,7,2,4,0,0,0,0,9,0,3,0,1,0,0,1,0,0,0,0,4,7,0,8
0,0,12,0,1,0,2,3,0,0,3,18,0,1,0,0,6,0,0,5,0,0,0,0,0,0,4,6,2,0,17,2
0,0,0,12,0,0,1,0,0,0,0,5,0,0,3,0,0,2,3,0,0,0,0,1,0,3,0,0,0,0,0,9
66,0,9,4,6,1,6,0,0,2,3,14,4,0,9,0,3,0,0,0,3,0,0,5,2,5,8,0,3,0,0,8
16,6,2,0,2,16,5,0,8,1,0,7,0,23,3,6,0,0,0,0,2,0,0,0,3,0,0,0,0,0,5,15
5,6,0,3,1,14,0,12,2,0,0,5,0,0,0,0,0,0,0,0,5,0,0,0,0,7,2,4,0,12,3,6
0,10,0,7,9,12,0,6,15,1,0,0,0,0,3,0,0,8,1,0,0,5,0,0,0,0,0,10,8,16,0,0
3,0,0,13,0,0,0,0,0,9,0,12,0,5,0,0,0,6,6,1,1,0,1,0,0,0,0,6,0,7,1,1
30,4,5,7,29,5,0,1,1,0,48,85,0,3,4,0,0,9,0,4,0,0,0,6,0,6,0,0,0,0,3,0
23,5,3,0,1,1,0,1,0,0,30,5,0,20,0,0,0,0,0,8,7,6,0,2,1,0,0,4,4,2,0,13
63,0,12,0,0,3,0,0,0,11,11,28,0,19,40,0,0,0,4,0,0,2,0,0,0,5,0,3,8,5,0,12
0,0,0,6,9,0,0,21,0,2,23,11,21,0,0,46,0,26,24,0,16,3,16,0,7,0,0,5,0,6,0,4
53,2,5,0,2,0,2,0,6,1,11,0,28,0,6,21,8,26,8,2,9,2,2,0,6,1,4,3,4,0,0,4
0,0,0,0,6,12,0,0,0,6,44,0,15,3,0,10,33,0,1,0,11,3,0,2,0,0,3,0,0,3,4,13
0,3,0,0,0,0,1,19,0,0,32,19,0,6,0,32,9,0,0,5,2,0,0,0,0,0,3,0,9,5,8,2
0,33,16,0,0,15,7,0,0,0,0,8,0,5,0,1,0,0,49,13,3,2,0,0,7,13,27,0,0,1,14,13
94,0,3,16,0,0,27,22,0,5,0,0,1,0,0,0,13,0,4,0,3,0,0,1,0,40,0,8,0,0,0,2
0,0,18,0,0,21,5,0,0,29,1,0,0,0,13,9,0,9,0,1,0,2,2,9,0,16,0,0,2,0,21,13
0,21,0,0,26,25,22,0,24,0,0,0,0,10,0,0,10,0,0,11,11,0,25,0,12,0,0,13,0,0,0,0
0,11,0,12,25,30,22,7,20,0,31,0,0,12,5,0,16,4,23,0,38,0,4,5,11,0,0,0,0,19,8,9
52,11,2,0,18,41,0,0,5,26,17,0,18,0,20,1,22,12,16,11,6,23,9,12,8,0,18,0,5,0,9,39
0,1,14,0,0,0,0,29,0,3,0,16,0,0,10,0,0,0,0,0,3,6,0,22,8,0,0,0,11,0,11,1
39,38,30,0,28,0,0,27,37,0,0,0,0,0,0,27,0,0,5,0,4,14,0,2,0,3,0,0,46,25,0,0
40,0,24,40,0,0,16,0,38,0,48,0,0,12,10,0,0,0,5,11,0,0,0,0,16,0,3,33,61,0,0,0
0,0,0,0,24,8,13,0,0,0,0,0,0,0,0,0,19,0,0,9,0,17,0,19,20,2,47,0,20,0,11,47
2,0,0,8,0,8,0,0,19,0,33,0,0,5,0,16,7,0,0,0,0,7,2,0,0,15,10,0,4,2,0,0
18,6,0,7,38,0,14,0,0,0,12,0,0,0,0,7,0,21,0,0,10,7,0,4,0,6,4,0,5,0,0,0
0,3,27,11,17,7,0,8,6,6,48,17,0,0,0,34,0,0,4,0,4,6,14,14,0,0,4,1,7,9,0,11
0,0,0,33,2,0,2,7,0,34,24,27,20,11,0,0,0,0,0,9,5,1,19,0,2,4,0,19,6,0,0,0
43,12,8,8,8,0,0,0,0,0,0,0,30,0,10,0,0,6,0,14,3,17,0,0,9,18,0,15,0,0,0,1
0,7,0,0,0,0,16,5,0,10,0,31,0,21,2,0,0,0,1,9,0,0,0,0,0,0,0,0,0,0,24,0
0,0,0,23,16,0,0,0,12,1,0,27,0,14,0,0,0,0,0,13,0,1,0,0,0,6,0,0,8,3,0,0
20,15,3,0,6,0,5,0,0,5,0,0,0,9,0,0,0,0,0,0,21,0,25,0,0,5,0,0,0,3,0,0
0,3,0,0,0,0,0,13,5,19,5,3,21,0,0,0,0,0,0,7,0,4,6,11,0,0,15,11,0,0,0,0
0,6,0,0,0,0,0,3,0,3,8,4,8,0,6,0,0,11,21,6,11,0,0,5,2,8,0,0,0,0,24,26
81,6,0,8,0,0,0,9,4,16,42,0,31,0,8,0,0,6,7,0,14,0,0,11,25,0,16,19,8,18,8,0
0,0,0,0,0,10,0,10,19,19,15,0,13,0,0,0,0,6,0,10,0,3,0,13,0,0,11,0,3,0,2,5
15,26,0,0,0,3,7,7,16,7,0,0,0,5,0,0,1,0,0,0,0,18,3,4,10,5,0,0,0,4,2,11
0,0,0,0,0,0,7,15,0,0,3,3,0,9,0,8,14,4,2,0,8,6,0,0,4,0,0,13,1,7,19,12
27,0,0,0,0,8,0,11,0,13,9,36,12,0,8,0,26,8,15,0,1,18,0,0,3,0,0,3,0,0,0,0
0,0,0,0,0,0,0,25,6,0,7,62,16,0,0,0,5,0,2,16,0,8,7,0,0,16,0,26,0,0,12,14
60,14,0,0,0,0,0,14,0,0,39,14,0,43,25,35,31,11,0,0,50,30,29,25,22,0,28,0,0,0,0,0
0,0,37,2,0,0,0,10,36,0,22,0,0,41,35,0,4,23,4,36,4,0,0,9,0,4,0,0,0,21,0,0
0,0,2,10,3,0,1,0,6,8,18,0,7,0,0,79,53,55,0,0,7,26,16,0,10,0,0,0,0,6,0,0
43,4,10,7,0,0,12,0,11,8,0,0,23,0,0,59,100,123,22,0,4,0,4,5,0,14,0,0,0,16,3,0
74,0,0,4,0,0,0,0,4,92,147,0,0,7,0,32,249,38,10,0,0,0,0,9,0,0,0,0,0,3,0,13
57,7,0,8,0,25,0,46,7,96,59,0,10,5,0,0,0,10,0,14,0,16,0,0,0,0,0,0,22,1,1,0
0,0,0,8,50,9,38,0,12,43,58,0,0,7,0,0,21,9,4,14,0,12,0,0,0,0,0,5,3,3,0,0
0,1,3,0,18,2,0,0,0,2,6,2,18,0,6,27,20,0,12,0,15,0,30,6,0,26,0,6,14,0,0,16
20,7,7,0,8,4,6,0,0,9,6,0,0,2,0,13,22,15,0,0,0,6,30,0,0,0,3,12,0,17,0,10
2,0,9,8,3,32,0,0,0,0,0,17,19,2,0,12,0,0,0,0,16,0,2,21,0,0,0,23,13,0,0,9
89,16,0,0,31,0,26,16,7,0,0,9,0,19,0,0,0,15,12,0,7,0,0,9,0,13,5,16,9,0,25,0
0,0,17,6,0,28,0,12,0,4,0,6,0,0,0,0,24,0,0,0,26,13,21,3,24,0,0,0,0,0,4,0
0,0,0,1,0,28,6,19,0,0,11,11,6,0,0,1,15,0,3,19,0,0,0,2,15,0,0,0,0,15,0,0
0,0,0,14,0,11,2,11,0,0,13,0,0,0,0,0,35,0,0,0,0,0,7,4,0,0,55,4,21,12,0,10
0,0,0,0,1,29,0,0,0,3,0,11,0,17,32,16,9,13,15,25,0,23,9,0,0,66,52,16,57,0,0,0
0,0,0,0,0,0,0,0,5,1,41,0,0,0,0,0,0,17,0,0,0,9,0,12,51,0,90,10,65,0,1,8
7,0,6,15,27,0,2,12,26,0,41,0,0,0,0,0,0,4,40,8,5,0,24,36,5,0,0,0,0,8,19,0
0,0,7,5,14,3,0,0,0,5,34,0,2,3,17,5,2,1,0,13,0,23,0,0,23,0,16,8,4,3,4,25
0,10,39,20,4,0,0,13,11,45,39,0,39,2,7,41,22,3,17,0,2,11,6,12,0,0,18,6,16,0,0,7
107,27,0,0,0,22,0,1,0,56,16,12,14,0,7,0,0,0,4,8,12,2,28,27,12,0,25,0,0,21,11,16
24,0,7,5,0,11,11,0,0,5,3,16,0,0,4,25,0,24,7,0,6,0,0,0,26,0,0,27,0,0,1,0
8,12,12,0,11,1,5,0,0,7,0,0,24,0,22,0,13,0,0,16,6,0,0,10,0,0,14,0,16,0,17,0
0,0,7,4,1,0,0,0,9,17,19,0,0,0,0,0,4,0,0,0,15,0,0,14,28,10,0,0,0,0,13,45
8,18,13,0,0,17,0,0,0,12,19,0,8,9,16,0,21,0,3,0,4,0,3,6,22,11,0,0,11,4,0,0
3,0,0,12,0,23,0,0,21,6,10,19,2,17,3,0,0,10,5,0,21,0,0,4,0,0,0,0,5,7,0,17
18,0,0,4,1,5,0,51,0,10,15,0,0,0,0,0,0,13,0,0,0,0,0,37,0,0,1,0,17,0,0,0
52,0,7,0,0,0,0,10,0,0,7,0,0,9,0,0,15,1,8,0,6,0,1,1,9,8,0,0,9,0,10,0
0,0,0,0,3,5,20,0,0,11,0,0,0,0,0,0,0,0,1,3,0,0,0,6,12,8,0,0,3,11,11,0
0,0,18,0,8,0,20,12,12,0,12,0,5,0,5,0,22,3,10,13,12,0,0,0,1,0,0,0,0,0,8,0
0,10,0,1,0,0,0,0,3,0,0,8,0,0,0,1,0,0,3,0,0,0,0,8,1,2,0,0,0,0,9,0
18,0,6,0,0,0,11,13,11,0,21,14,0,8,0,0,2,0,0,10,5,0,0,16,0,0,0,6,10,0,3,26
0,0,20,3,11,0,0,6,7,2,44,57,0,0,0,0,6,0,0,14,23,3,0,16,0,11,0,0,0,0,0,6
0,0,0,11,0,0,0,0,5,18,42,0,0,16,0,0,0,0,0,0,24,0,0,3,3,0,0,0,0,5,6,12
59,14,0,5,3,0,15,0,16,0,5,37,8,14,45,4,3,0,0,0,1,0,0,0,20,0,22,0,3,21,13,0
81,9,0,4,0,12,0,2,2,24,10,8,7,0,0,5,19,84,16,0,0,0,8,11,0,17,0,0,5,0,12,0
71,6,0,0,0,6,0,20,7,0,0,245,188,59,0,8,13,31,0,0,8,2,0,0,0,7,2,4,11,9,0,1
0,7,0,0,16,0,0,29,0,30,0,9,187,119,0,13,36,0,0,1,16,0,26,0,21,20,4,0,11,0,17,19
40,0,0,8,0,10,8,0,3,47,12,30,241,11,0,52,0,2,0,0,0,0,0,4,2,0,1,16,5,0,0,0
0,11,0,4,9,0,22,8,0,7,0,4,11,0,0,0,11,0,27,6,0,0,0,0,1,0,0,0,12,12,6,0
141,25,26,0,4,17,30,15,0,1,0,0,4,0,0,0,45,9,31,2,0,17,0,16,0,39,17,6,0,0,0,0
0,0,0,18,0,1,3,0,0,13,22,22,1,0,0,0,0,0,4,0,0,0,0,16,24,17,38,0,5,1,0,0
50,0,0,8,21,0,16,13,12,8,16,0,0,4,0,18,0,0,10,18,35,0,4,0,2,0,17,8,6,0,0,15
0,6,0,0,17,28,0,12,8,20,10,1,8,7,0,6,0,8,0,0,8,0,8,12,0,0,24,0,4,16,1,0
0,9,5,0,18,0,17,16,0,0,10,47,12,0,0,0,0,2,0,0,0,0,20,11,0,0,6,12,0,0,3,8
4,0,0,0,0,18,0,0,8,0,14,0,7,0,4,26,27,16,10,0,16,0,0,7,0,0,10,10,136,0,23,0
112,12,10,0,0,23,0,4,0,0,0,0,3,0,0,0,0,0,0,15,0,0,0,6,8,22,27,2,51,0,0,0
0,0,6,0,25,0,0,19,20,0,24,37,16,14,4,0,12,0,0,26,0,0,5,0,18,30,0,6,44,1,0,9
0,25,12,0,0,0,0,3,0,6,4,0,23,22,8,4,7,0,0,5,0,11,0,0,0,0,110,19,0,0,15,11
40,0,1,0,0,0,0,0,0,0,55,0,0,19,3,0,9,0,6,0,7,0,1,9,0,0,2,11,0,0,0,0
49,0,0,0,0,39,0,0,0,7,42,0,17,14,8,1,32,0,18,3,9,0,0,21,0,12,0,0,0,0,0,0
0,12,26,10,32,41,0,0,0,19,3,0,0,0,20,2,5,0,0,0,0,0,0,0,25,1,4,0,0,0,8,0
0,5,0,6,1,0,13,0,11,46,32,13,22,0,2,17,0,0,0,4,16,0,0,13,10,0,0,1,1,0,0,0
118,2,0,0,0,5,0,0,0,1,0,0,0,17,15,9,1,8,10,0,0,0,0,13,0,0,3,0,0,3,20,5
0,0,0,0,0,0,0,0,0,4,0,27,0,0,0,14,0,0,0,1,1,19,0,16,0,0,0,3,0,12,0,0
10,0,20,0,9,14,1,0,0,9,25,22,3,18,3,0,0,0,0,0,0,0,3,12,0,0,0,0,1,3,0,3
0,0,0,3,1,0,32,10,0,0,0,7,5,0,5,0,0,0,0,0,0,0,0,0,13,6,0,0,1,10,0,0
0,0,4,0,11,0,12,11,0,0,7,8,7,0,4,9,17,0,5,0,13,0,0,0,0,0,0,0,0,0,5,19
0,0,0,0,0,15,0,2,0,23,12,0,0,6,4,18,9,0,0,0,3,8,0,0,0,0,0,0,0,8,8,0
94,15,31,10,16,0,0,0,28,23,19,24,11,0,26,1,0,11,0,0,16,0,0,0,12,46,0,7,22,0,18,0
28,20,0,0,0,0,1,0,0,0,10,0,13,12,10,0,0,20,0,0,7,4,19,0,5,0,0,0,0,16,52,0
25,0,0,0,0,0,8,21,0,10,0,3,0,4,0,13,0,5,9,0,0,7,0,0,0,6,10,0,12,0,0,21
0,0,0,10,0,17,19,4,0,3,0,30,0,2,3,15,6,0,16,0,0,0,4,19,0,0,0,0,39,18,22,0
69,0,0,0,52,1,1,3,0,3,0,32,5,3,0,0,0,2,0,2,0,3,0,0,6,0,25,20,23,8,0,0
0,32,21,19,0,0,13,23,12,6,6,48,4,0,0,0,0,6,0,0,7,5,2,0,0,0,0,1,2,0,9,19
0,14,8,7,5,0,0,27,0,0,0,0,0,0,2,13,0,0,0,0,36,14,0,0,2,7,0,21,4,0,0,0
53,0,0,4,0,9,20,4,0,2,41,15,9,36,3,0,14,0,3,0,0,8,0,0,0,0,0,0,0,44,10,0
112,0,0,0,0,0,0,0,17,48,11,12,0,0,0,15,0,30,8,10,23,0,31,17,0,0,0,12,20,3,0,0
106,6,2,0,22,0,5,0,0,6,0,13,0,0,0,16,0,28,1,193,196,30,24,14,0,0,31,2,0,0,16,11
0,0,0,15,1,0,0,9,4,0,35,27,24,36,0,17,0,0,0,196,197,51,0,7,15,0,25,0,0,0,0,8
35,0,0,0,0,0,16,5,15,0,0,0,48,0,9,0,10,0,0,136,193,0,0,4,0,80,29,9,0,0,21,14
148,0,0,0,0,0,3,0,0,3,0,2,0,0,0,42,3,0,62,0,0,2,0,0,12,125,228,0,31,0,0,22
14,0,8,0,0,0,0,11,13,0,0,5,4,0,0,0,0,8,0,7,0,0,13,0,90,130,249,16,0,36,0,0
0,35,0,0,0,0,0,0,0,0,0,20,0,0,2,3,22,19,0,0,9,0,0,27,0,84,18,14,0,8,25,0
0,32,0,0,0,10,3,0,0,9,0,4,0,0,1,12,0,0,11,1,0,8,0,21,0,5,0,2,25,11,5,8
0,0,9,53,28,0,0,8,0,6,0,0,0,8,0,0,11,0,34,0,0,1,4,3,0,0,0,26,30,39,0,0
0,34,1,0,0,0,0,0,25,0,1,38,0,14,22,0,0,25,28,0,0,14,0,0,23,3,74,2,23,7,17,20
0,0,11,18,3,0,3,11,0,0,8,0,0,0,19,17,0,16,0,0,0,1,0,0,0,0,44,34,32,0,6,0
119,12,0,0,0,50,0,0,0,0,2,0,0,0,13,0,32,0,10,0,4,0,0,0,0,12,7,14,58,18,7,15
0,0,9,25,39,0,10,0,0,0,41,34,0,5,0,0,7,0,0,5,0,7,0,34,15,4,0,32,52,0,0,2
110,0,10,0,36,9,14,0,0,0,12,29,4,32,0,28,0,0,9,0,0,0,0,0,28,10,54,0,0,0,9,5
24,0,21,32,0,0,14,0,16,24,3,10,12,0,9,2,0,8,31,18,0,47,0,1,11,0,34,16,3,0,0,6
33,0,0,0,35,0,16,26,45,0,39,29,14,0,0,23,0,0,0,0,0,2,10,0,0,0,0,2,10,0,0,19
0,37,19,0,27,9,29,0,15,8,35,24,0,17,14,25,0,0,17,3,2,5,0,0,0,8,31,0,0,0,33,41
0,4,0,6,68,0,0,53,13,25,31,22,0,23,1,0,0,7,7,3,0,2,11,4,26,20,0,0,0,2,0,15
36,26,25,5,2,0,32,22,8,0,0,12,23,0,0,16,1,0,9,0,0,3,0,0,0,0,27,3,16,0,0,0
15,0,7,27,4,0,0,18,0,0,0,11,0,0,0,0,12,8,0,0,8,2,4,0,0,0,33,0,16,0,0,13
0,0,18,2,0,0,0,0,22,1,19,0,6,5,0,1,9,0,0,3,13,16,15,9,20,0,31,0,0,9,0,0
18,25,5,0,0,0,2,0,0,11,2,0,0,12,0,0,0,0,8,4,5,0,25,1,0,0,0,9,7,0,0,0
23,0,0,2,19,0,0,9,0,2,0,0,0,10,9,0,0,0,3,0,0,0,0,7,0,0,17,10,4,7,3,0
25,17,0,0,9,21,4,3,6,0,0,19,0,0,0,4,6,9,0,11,14,0,9,0,0,9,0,3,0,0,0,0
