116,6,2,12,0,15,0,18,0,0,0,0,0,0,3,6,0,0,6,26,0,13,22,0,5,7,0,2,15,0,0,0
0,7,0,0,29,0,3,34,11,8,4,0,2,9,0,0,20,0,6,3,1,0,13,9,0,0,0,6,5,4,0,0
0,0,0,5,9,0,10,0,4,6,0,0,0,19,0,0,4,0,10,0,11,0,0,13,1,0,0,0,0,30,4,12
16,5,4,0,4,0,0,0,0,0,8,19,0,18,0,8,0,0,0,0,0,0,5,1,13,0,4,17,12,0,9,0
2,5,0,14,0,11,0,20,0,0,34,30,6,4,0,0,16,0,0,5,2,0,18,6,5,7,0,0,0,0,0,12
34,20,3,12,6,0,0,3,0,6,3,37,0,8,0,12,24,0,0,0,0,5,0,2,0,22,0,7,0,0,0,0
65,0,26,0,39,0,39,0,8,6,0,0,6,21,19,38,0,13,23,21,0,0,0,1,0,0,41,0,0,0,1,33
26,50,0,0,0,7,0,0,16,40,49,0,15,25,21,0,2,4,0,22,5,12,12,0,0,0,4,0,0,0,0,0
110,31,0,0,0,24,28,15,14,5,0,27,23,0,0,8,9,0,9,0,2,0,0,9,23,0,16,0,0,19,0,19
70,0,0,0,42,22,0,14,0,5,0,20,10,0,16,0,12,0,15,8,0,0,0,0,0,3,0,0,0,0,2,50
60,15,0,0,8,32,0,0,27,0,18,19,0,0,2,26,61,12,6,0,0,0,0,0,0,0,23,0,0,0,4,20
6,0,0,18,0,0,0,21,10,0,39,14,0,0,131,197,197,0,0,4,112,0,15,3,10,0,8,9,0,0,0,0
97,21,33,0,0,10,0,11,22,4,140,21,16,24,0,87,22,0,30,120,193,20,0,19,0,0,0,0,0,2,0,31
0,0,0,0,17,0,0,0,8,157,124,150,0,0,9,0,0,0,0,75,0,0,9,17,8,39,44,18,10,1,0,17
91,0,45,0,0,19,0,0,0,22,12,154,0,0,5,0,53,0,20,0,23,0,16,0,45,27,23,0,0,0,0,22
67,0,36,30,21,0,0,0,0,1,0,19,14,0,32,11,8,0,15,11,0,10,0,0,83,0,0,25,0,0,0,0
0,7,28,19,0,5,0,0,0,4,0,7,18,28,9,4,44,13,97,5,0,0,14,2,18,0,0,0,0,0,0,0
3,0,7,0,16,0,0,9,0,15,0,13,3,0,0,14,0,0,0,16,0,8,12,8,0,0,10,0,0,0,25,0
37,21,0,0,0,5,0,5,0,21,0,0,0,0,13,6,16,0,40,0,0,0,0,0,0,0,0,18,10,12,12,0
0,7,0,0,13,12,0,0,27,43,5,9,27,0,0,9,0,0,0,0,12,0,16,0,9,21,0,0,29,0,0,0
9,0,0,0,0,11,0,13,32,23,0,0,1,0,14,26,0,7,29,10,0,0,6,0,0,26,50,50,91,0,18,0
0,0,0,19,6,5,16,0,0,0,0,0,21,33,0,1,0,5,0,0,0,0,0,18,44,21,48,0,7,8,30,5
26,3,20,11,35,6,1,17,5,0,23,0,0,15,6,0,5,0,12,0,19,0,9,10,0,0,0,8,0,0,4,0
0,0,0,22,55,0,7,26,0,13,57,0,21,1,0,0,5,0,0,2,23,0,6,0,0,12,21,0,29,0,0,1
0,16,20,0,31,17,0,0,0,20,68,24,3,0,0,0,12,4,0,23,1,9,1,0,0,7,10,0,0,12,8,0
0,20,0,5,0,59,0,0,6,53,27,68,6,0,0,5,0,46,5,0,6,23,0,0,9,5,12,9,5,4,30,0
0,19,0,1,28,5,0,0,0,0,1,20,7,0,0,31,16,0,10,6,16,21,0,0,0,14,0,31,0,0,7,19
0,23,0,0,43,5,7,0,2,0,0,0,0,13,4,0,31,4,4,2,3,11,0,6,7,16,16,16,28,0,0,0
13,0,11,0,0,5,0,0,0,0,0,0,3,0,8,5,2,5,0,44,0,2,4,0,0,18,20,0,6,0,0,4
0,5,11,0,0,0,0,0,0,0,0,0,34,6,15,0,0,13,0,10,13,1,0,0,0,11,27,9,3,10,8,0
7,0,7,0,10,0,16,0,1,10,0,29,0,2,0,9,16,0,0,11,0,0,0,9,0,16,0,0,0,12,15,0
22,11,7,14,0,0,0,33,0,0,0,8,2,0,1,0,0,0,0,0,0,6,0,0,9,28,11,0,0,0,0,8
85,12,0,3,5,0,8,0,3,0,0,1,7,7,3,0,5,6,0,0,3,0,0,0,0,3,8,8,7,0,15,0
0,0,7,0,13,0,4,3,0,7,0,3,0,0,8,10,5,0,1,2,4,0,0,0,0,0,0,0,10,4,0,1
10,0,6,1,0,0,0,0,4,14,27,0,0,0,3,0,0,2,0,0,3,2,2,16,8,0,14,0,0,0,0,0
4,5,30,0,0,0,0,0,6,0,6,12,0,0,0,0,4,2,0,0,4,19,16,1,0,6,0,0,0,0,0,11
14,17,0,17,3,0,10,17,0,2,8,13,18,0,8,0,1,3,15,3,4,20,17,8,12,0,7,1,3,0,3,0
8,0,0,0,0,0,0,0,0,5,0,27,0,4,0,3,0,0,0,0,13,0,0,0,0,19,0,5,0,6,0,8
69,4,14,0,29,0,0,0,0,0,4,0,0,0,0,0,0,0,0,0,17,0,17,9,1,9,14,0,0,0,0,0
16,0,1,0,20,0,0,0,16,18,10,5,0,0,17,0,0,3,0,14,0,0,0,0,0,3,19,0,7,3,0,21
0,15,18,2,17,27,0,0,0,6,14,9,0,0,19,30,13,16,12,12,4,0,0,0,9,17,0,4,1,0,8,8
120,38,0,8,0,2,0,0,3,13,0,10,0,0,0,24,0,0,0,25,0,0,0,10,0,0,0,0,0,4,15,2
0,0,0,0,0,12,13,0,20,6,16,4,16,0,26,22,14,8,0,0,3,0,0,0,0,0,0,0,19,14,21,0
0,20,0,6,25,12,0,5,0,0,24,0,0,0,0,29,25,21,0,0,47,2,0,0,21,0,21,8,2,0,11,0
119,16,5,1,0,0,9,0,19,24,195,155,0,1,0,0,0,18,72,0,57,0,5,6,0,0,0,4,8,0,15,0
0,0,17,1,0,0,0,42,4,189,193,253,0,0,15,7,0,5,2,0,4,7,0,0,0,6,20,13,1,2,0,8
61,0,0,0,3,0,19,5,0,195,195,27,15,9,10,0,16,0,0,21,16,3,8,0,6,0,0,0,5,0,0,0
146,0,1,10,0,0,0,0,0,0,2,7,3,0,2,6,0,13,10,4,0,0,0,0,0,0,21,6,10,15,9,0
14,0,16,3,30,1,18,0,4,8,21,0,5,1,26,0,0,0,0,0,22,0,0,0,0,1,0,19,18,11,0,0
84,26,0,0,0,32,26,0,0,0,2,0,14,0,0,21,23,20,0,0,0,0,0,3,0,0,0,1,0,10,4,0
0,0,5,12,0,0,0,8,0,0,5,0,0,0,6,14,14,0,0,0,0,14,0,0,0,3,0,0,0,0,5,6
59,0,0,0,10,0,0,13,4,8,14,19,33,0,5,0,0,0,0,0,0,0,6,3,1,27,0,0,5,0,0,0
115,18,0,0,19,29,2,0,8,19,0,0,19,18,10,0,18,4,10,5,6,5,0,9,0,1,22,36,41,2,0,0
0,23,0,19,0,0,0,9,5,0,25,0,13,16,0,0,0,19,30,18,1,0,0,24,39,0,77,0,13,15,17,0
0,0,2,0,0,25,0,0,0,0,6,0,6,0,22,0,6,0,29,3,16,0,5,9,4,0,2,19,4,0,0,0
0,0,0,0,24,15,0,0,0,0,27,0,2,3,10,0,0,0,0,0,0,0,1,7,0,4,12,14,4,0,1,6
0,0,22,15,36,16,10,0,0,11,0,10,2,0,2,10,5,0,0,1,0,19,28,9,11,9,6,0,0,0,11,14
28,1,41,2,0,0,12,0,0,53,0,31,0,0,11,0,10,18,0,0,16,20,0,0,0,0,0,14,25,7,0,24
0,0,14,0,0,0,0,7,5,13,0,18,1,0,0,0,8,0,3,4,6,0,12,0,0,8,5,1,0,0,0,32
20,7,0,0,23,0,0,5,0,7,8,0,15,0,0,1,0,2,16,1,0,8,9,0,16,0,8,3,2,0,0,18
36,0,0,13,0,2,9,4,17,18,0,30,0,4,23,0,0,0,0,0,0,0,0,3,0,9,5,0,9,0,0,16
18,0,8,4,35,0,0,16,0,4,7,8,20,3,16,31,12,20,3,0,0,0,0,4,0,0,6,33,1,0,0,13
8,1,0,0,0,4,0,0,0,0,0,0,19,4,0,5,7,5,0,0,1,0,6,2,5,0,17,0,21,18,6,2
1,0,35,0,19,0,7,10,0,0,0,0,0,5,7,0,0,0,8,0,0,18,9,0,0,14,0,6,1,0,11,6
79,0,0,0,14,0,0,7,0,20,4,0,0,0,3,11,0,23,0,0,21,0,0,7,0,0,7,0,14,0,0,0
0,24,18,0,0,0,6,23,0,0,15,0,8,0,13,0,9,9,19,10,0,9,0,0,25,10,20,17,39,4,20,0
72,0,0,0,0,15,0,23,16,0,0,0,8,1,0,0,16,0,3,5,0,6,3,0,0,7,1,0,33,2,0,0
0,0,0,0,17,0,0,9,5,30,40,7,0,9,0,0,0,0,0,1,9,0,6,0,0,0,0,0,5,28,0,10
0,0,2,0,2,12,7,12,0,7,38,10,16,15,3,8,24,12,0,0,12,4,21,16,0,2,0,3,0,0,31,0
0,3,4,7,1,0,15,7,0,0,68,66,0,26,16,2,0,29,0,0,2,7,0,0,9,0,0,0,24,0,29,0
0,13,6,0,0,33,13,21,2,9,0,7,22,0,28,11,19,19,10,1,0,1,0,0,0,0,38,0,0,0,3,49
68,6,7,12,0,0,0,7,0,31,0,0,0,48,22,0,0,0,14,1,4,16,0,0,0,0,0,12,0,0,0,0
0,11,0,8,3,5,6,13,2,6,35,0,15,1,0,0,8,4,4,0,3,2,0,3,43,25,14,8,0,17,3,0
0,21,0,7,13,5,0,1,1,0,23,0,5,13,0,177,119,0,0,5,0,0,0,0,0,10,0,16,0,7,7,12
0,8,0,18,0,2,21,0,0,0,0,0,0,0,30,197,196,30,18,0,23,12,0,0,4,27,0,16,0,0,0,24
0,0,0,0,0,0,0,27,0,0,1,0,0,0,2,236,55,3,8,11,27,197,13,16,24,12,0,0,0,0,7,5
0,0,37,16,0,12,0,0,17,42,99,0,24,0,8,0,0,0,12,0,37,238,83,1,5,18,31,0,0,0,0,0
30,0,3,0,0,1,0,2,11,0,35,0,0,39,9,0,0,27,0,6,99,36,0,0,3,1,0,0,26,42,12,0
0,5,0,0,0,0,0,3,5,0,36,0,0,25,10,15,3,8,0,18,8,47,0,11,12,5,0,10,21,0,3,21
0,32,18,0,21,35,34,0,15,41,3,0,0,0,10,0,0,0,0,26,16,0,0,22,191,123,14,0,36,0,11,0
0,9,26,0,61,0,0,0,0,0,7,0,7,23,0,0,0,5,0,0,0,0,0,27,149,0,27,14,0,0,7,0
0,0,0,0,16,0,0,0,12,17,21,21,17,0,35,20,35,3,0,2,4,18,7,0,3,2,0,0,18,65,26,4
0,4,27,5,8,32,13,17,1,0,44,10,0,0,19,0,2,0,14,10,15,0,9,0,0,35,0,11,0,5,0,36
52,0,0,0,11,19,0,0,0,0,0,10,0,0,17,12,21,0,16,15,43,8,0,38,0,13,0,0,30,13,0,43
43,33,0,0,17,27,2,16,13,11,0,21,0,14,19,2,38,5,21,0,25,0,2,5,1,43,0,73,62,0,65,0
0,0,8,0,34,3,0,5,11,17,0,0,0,0,0,0,0,6,0,6,3,5,0,2,0,14,80,5,0,0,0,0
52,0,12,29,19,0,7,0,0,12,9,35,1,0,7,0,11,0,0,27,8,5,0,1,0,4,25,20,16,0,0,0
57,0,12,19,59,28,0,0,10,12,0,0,0,0,0,0,0,0,0,28,13,0,12,3,30,5,3,0,0,0,0,0
0,16,0,18,22,6,5,0,0,41,22,4,0,34,0,0,0,1,5,1,6,0,0,7,0,22,0,0,10,0,18,13
0,9,14,19,0,42,0,17,10,57,35,24,10,1,0,8,7,0,1,0,11,27,7,0,0,6,14,14,0,0,0,23
4,0,9,16,0,0,0,29,0,10,0,0,6,0,0,0,1,0,0,0,32,0,4,11,0,14,16,0,0,0,0,0
0,9,0,31,0,0,0,0,0,17,21,0,0,1,2,0,0,6,14,4,0,0,0,1,1,13,0,6,4,10,8,0
32,0,0,25,29,0,0,9,0,13,0,0,0,0,8,2,0,0,0,0,0,0,0,0,0,19,2,0,0,40,0,0
11,0,0,0,0,11,0,0,0,10,0,9,27,0,0,37,0,0,10,25,0,17,0,8,0,5,0,5,0,12,8,0
18,10,0,8,0,0,0,0,24,0,29,31,9,4,11,4,0,14,0,28,0,0,0,27,5,9,0,28,0,11,0,10
0,0,0,8,10,25,7,0,6,0,0,0,4,1,5,0,3,10,0,8,0,8,0,6,9,8,1,0,2,0,0,0
102,0,0,0,28,22,0,16,4,15,0,6,6,0,7,3,0,7,12,4,0,1,27,10,15,7,18,0,17,0,0,0
25,12,0,3,0,1,0,10,13,1,42,0,0,0,0,29,14,0,0,0,4,0,0,15,11,14,6,0,21,0,0,17
10,0,0,1,0,0,1,0,5,7,0,0,0,0,0,10,0,7,0,0,0,0,6,0,0,1,11,0,0,0,0,11
0,0,0,0,20,0,0,1,0,0,40,28,0,0,0,4,0,0,0,0,0,1,16,8,0,0,0,24,8,6,3,0
19,0,6,24,0,37,5,11,0,0,7,20,0,5,4,10,30,0,0,24,0,0,2,0,2,0,0,9,0,0,0,0
0,0,21,16,0,4,9,0,0,21,0,8,0,25,0,0,6,4,7,4,0,7,0,0,0,5,0,11,15,0,6,0
82,17,0,0,26,1,10,0,0,29,0,25,2,0,14,5,11,0,24,6,8,1,0,0,0,0,0,14,20,8,4,6
14,16,0,0,0,48,0,0,20,7,0,32,16,16,30,29,9,6,0,0,8,0,0,0,17,0,0,0,0,0,0,0
126,18,0,0,0,5,8,0,0,10,36,2,29,9,6,44,1,11,48,21,0,6,0,0,5,0,23,7,1,0,0,0
52,0,0,25,37,0,4,0,0,7,0,0,7,0,7,17,3,65,15,0,0,10,0,10,0,0,0,3,20,0,18,1
0,0,0,6,0,0,0,23,0,0,0,2,3,0,0,13,50,14,0,0,2,1,16,0,17,2,27,7,24,0,6,0
113,36,28,0,20,0,0,8,0,13,0,12,0,0,0,40,11,0,0,4,18,7,11,5,1,0,0,6,0,0,0,35
70,0,4,0,6,9,0,0,230,197,172,0,3,16,1,2,3,0,26,11,76,12,0,7,0,9,9,13,1,0,2,4
6,0,0,21,0,0,5,0,117,195,43,18,0,0,0,11,4,0,4,0,0,10,35,0,13,5,10,0,11,10,0,0
141,0,1,19,9,0,20,22,48,190,31,0,0,0,0,13,0,0,3,13,11,21,36,0,15,0,24,12,3,0,6,21
0,0,0,0,18,0,0,13,0,136,42,0,0,14,12,13,2,0,8,3,0,0,6,0,16,1,0,0,15,0,0,13
0,3,22,5,26,0,2,0,0,0,0,0,0,0,0,0,0,16,37,3,0,0,15,0,0,10,0,0,12,7,21,0
27,1,0,0,3,0,0,3,3,0,3,26,1,0,12,23,0,0,0,14,0,0,7,5,8,0,22,0,6,0,0,29
0,0,16,42,0,0,0,29,7,4,9,0,1,29,0,0,0,4,0,26,14,0,2,0,13,11,8,0,2,9,6,0
34,6,0,13,3,0,19,25,0,10,0,26,0,0,23,0,0,0,2,28,0,15,15,14,3,23,25,0,30,9,16,0
84,0,0,16,0,0,0,9,0,0,32,24,0,19,0,17,0,4,4,2,0,4,0,1,0,0,3,53,29,0,0,8
61,0,14,0,9,0,15,8,7,21,0,0,0,6,0,0,0,0,12,8,0,0,25,15,28,5,74,0,0,0,0,19
0,0,9,0,0,2,0,0,0,13,0,0,0,0,0,33,17,0,0,0,0,0,0,8,0,0,0,0,0,22,0,4
8,0,10,10,45,0,16,0,0,0,29,0,0,4,0,0,10,10,0,22,0,0,0,14,0,0,0,7,0,0,3,2
0,3,19,0,54,0,0,0,8,48,18,11,0,0,7,0,0,0,0,1,0,24,0,21,0,0,0,2,1,0,1,0
0,0,14,0,9,9,12,1,0,61,0,25,0,15,0,21,0,0,0,0,0,0,10,0,6,0,2,0,0,0,0,0
0,1,5,0,0,0,0,0,23,6,19,0,11,0,0,8,0,0,0,0,13,0,29,6,10,15,16,0,3,13,0,12
9,9,19,2,10,0,0,0,0,0,0,3,0,0,0,0,13,17,8,1,8,8,14,12,0,0,0,0,6,0,0,0
39,0,5,0,2,2,0,2,7,8,0,0,0,8,0,0,2,0,7,0,0,0,0,7,0,0,8,0,0,4,0,0
0,4,16,15,0,0,0,5,0,48,0,0,35,14,0,0,0,3,0,5,0,20,9,2,0,0,3,0,2,13,0,14
0,7,0,11,0,0,0,27,38,5,5,0,0,0,2,8,0,8,12,0,0,0,12,5,15,24,0,0,0,0,10,0
0,0,5,0,0,0,0,8,0,3,0,9,0,0,0,9,0,0,0,0,0,17,13,6,2,0,0,3,1,0,0,18
115,13,0,0,13,1,0,0,0,0,20,0,1,27,22,4,20,0,8,9,0,0,0,0,0,0,0,4,0,0,0,20
18,0,13,0,0,0,0,0,0,0,4,3,0,4,4,23,18,0,11,9,0,7,20,0,6,0,18,15,37,48,2,0
17,14,0,12,0,2,0,0,2,0,0,0,0,20,0,6,29,27,0,14,0,2,0,0,13,24,17,0,0,33,8,0
0,0,0,9,23,0,7,0,23,0,31,5,17,0,0,29,0,0,0,16,0,0,0,10,11,17,15,10,16,0,7,0
0,0,0,0,0,0,0,3,0,0,30,43,9,0,9,28,0,2,0,0,0,11,1,0,0,0,0,20,0,3,0,0
24,0,0,20,11,3,2,1,5,0,54,42,7,0,0,0,19,5,0,5,0,9,26,12,19,14,6,4,6,2,21,0
52,0,0,11,0,0,21,4,2,1,0,0,0,0,5,13,21,0,10,25,5,20,2,16,0,0,2,41,2,10,31,0
37,0,0,0,0,5,0,0,21,23,0,15,0,43,46,18,10,0,0,13,12,0,0,0,0,17,31,0,0,0,0,24
35,40,0,0,0,20,22,4,12,14,0,0,0,48,0,0,0,7,16,14,24,0,0,10,3,0,0,8,0,4,32,0
0,6,0,0,0,0,0,22,0,0,10,29,5,0,0,158,24,0,0,16,15,1,2,0,0,10,12,0,26,8,0,0
0,0,38,0,4,0,27,9,13,3,20,0,0,17,92,193,196,3,0,0,28,29,107,0,6,0,0,10,0,0,0,0
0,0,0,0,0,0,23,0,6,16,27,6,0,0,0,196,197,10,0,12,13,191,106,32,30,0,0,4,2,0,16,12
139,0,11,27,0,0,11,25,5,25,51,49,33,0,19,23,5,3,33,20,7,87,233,4,22,0,48,34,23,0,11,0
0,41,0,0,3,9,0,0,0,17,32,0,1,0,0,43,11,1,0,0,5,66,65,4,0,8,22,0,12,14,15,11
0,13,31,24,10,5,8,4,0,20,66,11,0,0,0,0,6,3,1,0,8,0,0,0,22,8,47,2,0,38,15,11
98,0,0,36,13,17,3,8,0,0,0,19,0,0,3,17,21,4,0,0,0,7,0,0,16,16,8,6,0,0,0,41
0,0,17,0,34,10,34,0,1,11,28,0,0,9,0,13,0,14,63,0,0,0,0,16,0,4,0,188,0,0,0,0
93,0,0,0,19,5,0,6,0,0,10,4,0,0,5,0,23,0,0,19,11,8,30,0,0,2,0,9,0,3,0,0
4,0,0,9,0,0,0,0,0,0,17,41,22,9,14,0,0,15,0,0,0,1,9,19,19,4,0,0,0,10,0,9
98,0,12,0,0,0,17,49,0,0,7,0,0,20,5,75,0,57,8,0,0,6,0,0,0,28,0,7,60,0,16,9
35,59,0,0,0,17,0,0,19,0,0,27,0,0,5,0,0,24,10,10,3,0,50,11,8,9,0,54,75,0,3,6
0,0,0,10,0,0,0,7,0,0,0,0,23,30,11,26,0,0,0,8,5,8,0,43,19,10,23,0,0,0,13,0
0,0,23,0,0,22,0,8,19,2,0,0,0,0,2,0,0,0,0,34,3,0,22,0,50,0,28,0,0,0,12,0
0,0,0,0,40,19,3,7,6,0,55,0,8,39,5,0,75,0,0,0,17,0,0,7,0,22,31,11,0,0,0,0
0,39,3,12,28,19,0,0,0,24,24,0,0,44,0,0,0,0,33,14,9,0,0,0,0,0,0,0,5,22,0,0
49,28,40,7,0,48,0,0,0,55,50,0,29,22,34,37,0,17,0,0,0,18,8,26,6,12,34,0,29,39,10,17
0,52,0,13,21,18,8,0,0,4,37,44,0,0,0,25,33,0,0,33,14,11,29,0,0,5,0,0,0,0,9,0
0,23,0,0,4,20,0,8,20,7,0,1,28,4,0,0,31,0,0,0,5,24,0,5,16,0,10,0,18,0,2,0
49,0,0,28,3,0,0,13,0,0,0,0,0,0,1,17,0,0,0,6,6,33,0,2,0,0,0,0,0,14,0,25
4,9,23,0,22,6,29,8,0,1,0,6,0,0,0,0,5,2,8,5,12,5,5,5,0,0,19,0,0,26,15,0
34,6,12,1,0,0,8,0,0,2,0,0,0,0,0,0,31,8,18,0,0,20,6,0,0,16,0,5,6,2,0,0
0,0,14,5,0,0,7,0,10,0,0,0,0,23,0,0,8,2,0,1,23,0,12,6,24,0,0,0,30,23,0,0
52,18,14,24,0,17,16,13,0,0,19,20,25,0,11,31,0,0,25,0,16,12,0,0,0,0,31,6,22,3,39,18
11,8,0,0,1,0,7,0,16,0,31,21,0,0,1,0,4,0,0,0,11,0,27,0,0,0,0,0,0,0,17,19
18,0,31,20,12,0,20,0,0,0,14,18,4,15,0,0,0,13,0,0,0,0,0,0,0,0,15,3,0,11,30,11
40,0,0,0,0,0,0,15,0,16,26,0,0,0,0,18,0,0,0,18,0,7,1,30,0,0,0,6,0,6,0,21
0,7,0,0,2,10,3,0,0,27,0,17,0,0,23,5,1,9,0,3,0,0,0,5,0,0,8,9,5,39,20,17
0,20,0,0,0,0,0,0,0,15,8,6,0,44,0,0,0,2,0,16,0,0,0,0,21,22,20,2,7,33,23,0
21,21,0,0,0,10,5,0,0,33,8,24,0,4,3,2,6,0,0,15,51,2,6,1,0,8,0,0,13,0,5,0
0,33,0,37,8,0,13,0,0,27,12,0,16,21,16,8,0,4,20,0,0,3,0,0,1,0,0,7,17,4,0,0
0,6,0,30,3,0,0,21,13,18,0,2,0,0,5,55,0,0,24,12,1,11,30,14,0,6,17,0,5,0,0,14
71,0,0,23,5,0,0,12,0,0,0,15,9,1,13,0,24,0,0,0,0,25,0,0,0,0,0,10,0,23,0,0
40,3,1,0,0,34,0,11,15,0,35,0,2,13,10,0,22,7,2,0,9,0,1,14,0,0,0,0,9,37,17,9
0,41,20,0,0,0,3,0,0,26,11,0,1,0,0,54,16,2,5,0,0,23,9,5,8,0,0,0,0,17,7,0
71,0,0,13,8,0,0,1,0,189,193,0,3,5,7,0,0,2,31,4,8,25,23,0,0,7,23,16,0,0,20,0
0,14,20,0,14,0,0,13,14,197,188,163,11,0,0,5,3,4,26,5,15,14,9,0,14,0,19,18,24,0,14,0
59,19,0,0,0,20,0,12,0,196,197,86,18,0,9,7,0,0,0,0,2,0,0,0,25,0,0,6,0,0,15,9
56,0,9,19,0,0,1,12,0,220,37,0,0,11,0,2,0,6,5,6,2,12,4,8,0,0,25,9,0,0,1,13
0,0,0,11,19,0,25,9,0,0,0,0,11,4,6,0,2,10,17,10,2,0,0,24,13,0,5,0,14,14,0,8
0,4,0,0,0,0,0,21,3,0,7,2,14,2,0,0,6,14,38,22,23,0,17,0,0,4,0,0,7,3,0,0
24,7,4,16,15,14,0,0,12,2,0,0,0,7,9,0,0,0,32,0,0,0,7,10,7,9,9,0,23,5,0,6
41,0,9,3,2,0,5,11,0,0,0,13,14,8,0,0,21,4,0,1,0,13,0,7,0,7,0,12,15,0,0,1
152,0,0,0,34,11,0,1,0,24,16,11,4,15,15,0,9,12,19,0,0,0,0,9,0,0,0,36,62,34,0,44
86,0,8,0,9,0,0,39,0,0,39,3,26,0,2,35,0,0,0,6,21,12,0,34,0,0,67,0,0,8,0,15
13,1,0,0,20,13,22,0,23,34,21,18,0,0,3,6,0,0,4,0,0,0,7,9,1,0,6,0,31,0,0,0
12,5,11,3,48,0,1,3,8,0,14,18,20,16,24,0,0,11,0,8,21,0,10,2,0,7,4,0,0,0,13,0
26,0,37,0,24,26,11,0,25,32,53,7,0,21,0,10,0,24,0,23,0,0,0,0,1,0,0,17,9,0,11,0
62,18,14,11,0,33,0,23,0,30,27,19,0,5,0,0,6,0,0,31,0,0,0,19,0,0,0,3,0,2,0,0
0,0,3,0,5,6,11,0,4,3,0,13,0,0,0,7,0,6,0,0,13,0,11,7,7,0,0,0,0,0,0,18
6,6,0,0,0,16,8,2,5,0,11,0,0,17,0,0,6,9,0,15,0,0,0,0,0,0,18,1,0,1,0,4
0,0,12,0,19,0,0,3,0,0,36,23,33,8,0,0,0,0,0,0,4,0,0,4,14,0,4,0,0,0,7,12
0,47,0,0,24,38,10,0,0,0,0,8,3,0,0,0,1,0,17,38,28,0,19,5,9,0,0,32,19,0,0,0
0,0,0,5,0,0,0,0,0,5,0,10,0,6,4,5,0,3,0,0,0,0,0,0,1,0,7,20,32,14,0,0
8,17,4,17,11,0,25,0,0,0,0,0,7,7,4,2,0,0,51,21,5,0,0,0,0,13,0,0,9,7,4,0
98,0,8,24,13,2,0,21,0,0,0,0,11,9,0,0,0,0,0,3,0,9,1,17,5,0,0,1,3,0,0,0
17,0,35,0,0,19,0,15,0,0,3,8,6,12,21,6,4,0,0,1,2,3,29,40,24,2,23,0,12,0,0,0
32,10,4,11,8,22,0,0,0,0,33,2,0,6,1,0,0,7,0,0,1,0,16,10,0,0,26,13,34,12,7,0
0,0,0,26,0,0,0,18,0,0,0,0,6,0,2,6,8,17,19,5,0,0,0,0,0,25,13,4,6,0,19,1
29,13,0,0,1,0,0,3,2,0,27,28,26,1,16,16,0,0,0,0,0,9,5,0,22,0,33,0,11,0,0,6
1,0,0,16,12,5,0,0,0,0,0,45,0,4,0,10,0,1,14,0,10,0,11,18,0,9,9,16,0,18,2,1
11,2,5,0,45,0,0,0,0,6,15,9,25,7,0,0,12,2,18,34,19,0,0,29,0,4,20,26,28,0,0,0
0,0,0,0,4,22,5,0,0,31,6,0,0,52,40,30,11,0,11,0,9,39,0,0,0,0,7,2,0,0,28,5
41,0,0,48,0,4,0,0,25,0,47,72,55,0,26,51,4,0,0,0,9,7,0,4,0,2,6,21,0,0,0,29
128,34,0,0,0,3,0,0,5,13,0,18,20,1,0,0,43,9,2,0,0,0,0,18,0,0,0,0,0,9,0,16
47,0,0,0,1,6,40,40,0,18,0,0,0,0,8,254,195,190,0,9,0,0,29,87,19,0,0,18,11,1,1,0
0,1,3,9,0,0,7,1,0,2,9,13,7,0,5,180,191,191,16,13,0,26,13,12,3,13,4,1,11,0,0,21
0,0,9,0,20,12,15,0,29,23,80,12,28,0,0,12,176,102,14,17,7,0,209,193,15,18,5,0,0,5,12,13
68,0,0,0,7,0,2,0,4,28,4,23,0,17,0,8,8,0,4,0,0,0,72,50,26,22,17,23,0,0,0,28
0,18,0,0,0,0,0,0,13,7,55,0,5,0,12,0,0,0,0,0,0,13,18,0,0,0,5,0,0,0,0,0
51,6,33,0,0,0,0,10,18,0,64,9,0,0,8,26,8,0,24,11,0,0,0,0,3,13,5,0,19,29,0,36
0,16,0,0,0,0,0,43,19,0,41,44,0,0,0,7,31,13,21,0,18,0,0,15,7,11,20,4,0,0,0,0
80,0,9,13,0,9,21,28,9,24,0,23,11,0,0,28,0,8,8,4,0,0,40,7,15,11,1,17,0,9,0,45
182,0,0,0,6,27,0,0,0,0,5,3,18,3,24,0,0,10,17,0,0,0,0,15,2,0,240,9,3,0,27,0
0,34,1,0,19,11,45,0,0,7,26,23,22,26,0,0,16,0,0,0,8,24,0,0,32,0,42,15,0,0,14,0
155,0,31,29,0,0,6,0,0,3,0,12,18,0,0,29,40,0,18,0,0,22,1,0,1,13,0,50,0,39,0,0
136,0,41,0,29,0,28,5,14,0,0,0,0,2,0,7,0,0,15,0,9,14,12,8,44,12,69,0,18,13,22,0
24,0,0,0,36,10,3,0,2,29,17,7,10,23,17,0,0,0,0,0,2,0,0,3,21,0,15,31,0,0,0,20
49,0,15,0,21,0,7,0,0,21,44,18,0,0,0,0,23,0,0,5,0,1,0,1,0,12,0,0,0,21,0,4
0,8,0,15,59,24,0,0,11,13,71,0,0,35,0,0,0,0,0,22,0,0,28,0,4,0,0,0,0,16,0,12
117,5,37,22,8,0,32,0,5,0,10,31,0,13,0,1,0,0,0,2,22,0,0,0,0,14,6,1,0,4,1,0
68,0,0,42,24,19,0,11,14,0,35,0,0,4,0,16,0,0,2,0,0,4,46,0,32,0,32,0,2,6,0,16
68,0,37,41,38,15,18,0,0,0,13,5,0,2,2,6,23,9,0,0,0,0,10,6,11,0,14,5,0,15,2,27
0,7,42,25,0,0,0,9,0,0,26,0,0,0,8,0,0,0,9,1,8,0,64,0,35,31,19,0,22,0,0,1
4,0,0,3,0,0,0,14,0,6,0,23,8,11,1,0,4,6,0,0,2,9,1,0,19,0,4,0,0,8,21,8
0,0,7,0,16,6,14,7,0,0,29,0,36,4,1,0,5,0,0,9,0,0,0,8,0,16,4,16,0,5,12,4
3,18,0,15,11,24,9,31,0,0,7,0,0,0,8,20,0,5,0,20,0,18,15,25,0,5,4,0,3,0,0,0
28,7,15,5,0,12,0,10,0,0,0,19,0,4,0,0,0,2,21,0,0,0,0,7,0,0,0,5,0,8,0,8
4,25,9,0,4,0,0,0,2,0,0,19,2,0,21,0,6,14,0,0,8,0,0,4,0,16,40,3,0,0,0,0
0,24,8,18,23,16,0,0,16,0,0,24,25,23,23,0,0,12,0,0,0,0,0,0,0,0,18,10,0,1,25,6
19,25,5,7,25,9,0,6,2,8,33,0,0,2,3,2,0,0,23,27,8,0,28,7,0,6,0,0,0,0,0,0
1,0,0,0,11,0,3,0,7,0,6,10,0,0,0,0,0,32,9,5,9,0,3,13,0,0,10,0,0,0,10,12
0,19,0,0,0,0,9,0,6,0,65,57,5,17,11,0,0,0,4,0,0,0,0,4,13,9,0,0,13,0,6,0
38,11,0,16,10,0,1,9,0,0,24,0,0,0,0,0,17,6,0,0,14,0,17,10,0,4,0,10,0,4,4,19
3,0,0,20,30,0,0,0,0,7,18,27,0,2,33,8,0,0,0,15,13,8,0,0,10,12,24,24,19,0,0,0
0,21,0,0,1,0,0,0,0,22,4,0,0,29,2,0,26,13,48,0,15,11,13,4,0,0,0,0,0,0,21,0
118,0,0,22,0,0,0,0,24,4,31,0,0,5,0,10,17,10,0,0,7,2,0,0,21,0,6,33,2,0,14,0
0,19,30,25,0,3,0,22,2,0,8,0,14,17,0,49,4,6,24,0,4,0,10,4,0,0,3,0,0,0,0,0
120,28,0,0,0,16,0,23,0,0,93,197,130,23,0,42,20,6,0,6,17,16,11,0,9,0,15,17,0,0,0,8
49,0,15,29,0,0,2,10,2,0,9,195,208,0,27,33,0,0,10,10,0,7,69,0,18,0,0,37,53,0,17,23
0,20,0,0,0,20,0,0,0,7,0,186,58,12,8,0,23,0,0,0,0,0,28,0,33,0,41,0,12,3,0,4
0,0,3,1,0,0,11,42,19,6,52,4,6,0,0,4,0,2,0,0,0,0,20,7,8,0,8,13,32,30,4,0
0,63,9,19,20,0,2,24,0,0,48,19,0,0,0,21,0,4,8,0,60,14,0,0,3,19,8,0,2,16,4,47
106,19,0,0,23,1,16,0,0,0,2,0,13,0,20,0,4,17,78,7,28,0,33,9,0,0,143,41,4,3,29,0
0,25,1,0,1,0,0,5,0,0,0,11,0,14,1,0,5,0,10,17,0,0,5,0,7,78,197,187,5,0,2,0
0,0,0,0,0,0,0,0,0,0,29,22,1,2,2,0,0,0,7,7,0,9,0,0,0,227,194,14,0,0,7,14
47,14,0,0,8,8,6,3,12,0,35,0,0,3,0,20,0,0,11,0,10,4,61,0,0,0,176,29,17,13,0,0
36,0,0,16,0,37,20,0,0,37,16,6,0,16,0,0,0,15,0,0,15,17,0,5,0,0,0,0,0,35,0,0
0,7,36,0,0,0,6,22,6,0,0,25,0,33,0,0,0,0,12,0,8,0,13,0,8,32,0,13,0,13,0,5
0,7,2,9,0,4,2,1,0,16,4,0,0,0,4,7,10,7,28,2,25,0,0,14,0,0,8,12,3,0,16,0
0,12,3,25,0,0,0,0,8,9,24,0,0,12,0,7,5,0,18,3,4,7,0,0,7,51,13,0,0,0,3,36
0,14,0,0,10,0,11,2,15,4,12,33,0,33,3,0,0,0,0,23,17,0,30,6,0,11,29,15,33,0,0,0
0,0,0,18,0,1,0,0,0,43,48,39,19,0,13,5,7,0,0,9,0,1,7,1,5,4,0,11,0,6,0,12
0,0,0,0,0,0,0,0,0,15,23,10,0,21,10,37,0,11,15,0,4,10,2,0,0,0,0,10,0,0,9,54
12,0,7,27,0,9,51,6,0,0,17,0,0,4,13,0,1,19,40,2,25,3,1,4,14,0,11,8,7,16,0,1
0,0,0,0,0,6,0,0,0,0,0,0,0,44,0,6,16,0,17,9,0,0,0,24,5,0,25,0,0,0,0,0
0,10,0,0,30,11,0,12,0,0,0,6,12,0,0,27,11,0,7,17,4,18,1,2,16,14,1,0,8,0,0,3
0,0,0,0,0,29,0,0,0,0,20,0,0,2,2,24,14,16,0,11,10,0,4,12,15,29,7,0,27,0,0,0
0,0,0,21,0,30,11,12,12,0,6,35,0,0,15,28,0,0,11,0,0,0,25,4,11,0,29,0,2,16,0,50
36,0,0,4,0,18,7,5,9,11,4,3,10,0,0,10,0,0,0,0,2,4,0,0,10,0,16,0,16,0,0,0
4,0,19,16,0,0,12,43,0,0,20,0,25,0,0,0,0,0,0,1,0,0,0,0,0,12,0,0,0,0,25,23
0,12,0,0,0,8,19,0,17,0,30,0,0,13,0,0,0,0,0,34,0,17,0,0,0,26,0,21,0,20,0,0
0,30,0,0,0,18,8,0,1,11,9,0,7,0,0,0,3,0,1,8,0,3,24,8,0,0,0,0,0,0,29,0
11,3,36,0,36,17,0,24,0,3,7,22,0,13,16,0,0,11,20,0,0,0,1,3,5,3,0,0,0,18,0,0
0,0,0,25,0,0,0,15,0,0,0,98,0,0,0,5,16,0,20,0,0,10,0,0,4,0,0,0,17,8,0,0
52,0,14,19,0,0,0,0,0,6,29,18,19,11,0,0,0,0,0,42,0,0,15,0,28,0,20,0,0,9,0,27
8,0,0,0,4,0,0,0,0,0,21,0,14,32,5,0,11,0,8,8,0,7,1,4,0,0,8,0,5,0,0,0
0,0,34,0,1,11,1,0,7,0,44,19,0,0,0,29,0,0,18,13,6,0,0,0,0,23,0,0,0,17,0,5
38,0,0,0,0,0,4,6,0,11,8,16,10,21,0,0,0,31,0,2,0,0,0,8,0,0,0,5,13,0,0,0
89,0,33,0,11,0,0,0,0,2,0,2,0,0,0,0,49,2,17,5,6,0,16,18,0,0,26,7,30,0,7,28
72,13,2,0,0,10,0,2,0,13,0,0,3,0,0,2,51,0,0,0,4,0,16,9,0,14,18,0,16,16,16,6
0,0,29,10,26,22,39,0,0,14,33,16,19,5,0,0,0,6,41,1,0,0,153,192,5,0,24,0,0,0,0,0
0,0,3,0,17,16,17,0,0,10,14,0,39,4,3,18,0,0,2,0,2,0,146,187,17,3,0,10,0,9,0,0
0,0,0,30,26,5,0,0,0,20,0,6,8,2,0,32,0,0,8,0,0,0,0,0,0,0,0,0,0,0,0,27
31,9,0,0,0,7,4,7,0,0,0,18,1,0,14,0,28,0,18,8,18,0,0,0,0,0,2,4,4,0,19,17
34,8,0,0,20,0,0,0,0,14,20,0,0,0,0,0,8,0,63,0,0,0,0,10,16,0,0,1,0,4,0,0
0,10,16,5,0,26,0,0,17,19,0,0,0,0,9,6,0,2,11,15,0,0,0,9,0,17,20,0,4,6,10,0
67,0,11,14,0,0,0,1,0,0,0,0,0,0,0,4,0,14,0,3,0,0,0,10,0,16,233,0,2,2,0,0
71,9,0,8,22,10,0,0,0,20,0,0,0,0,0,1,0,0,0,0,11,12,0,0,0,0,16,9,0,6,18,0
100,20,12,6,1,0,11,0,20,15,11,18,2,9,27,0,0,0,21,0,17,0,3,23,0,0,35,14,19,0,0,0
115,0,6,0,8,12,9,0,7,4,11,17,0,9,11,4,7,0,0,17,34,0,10,7,0,0,30,2,29,1,8,0
58,0,0,1,0,0,0,0,0,0,16,18,28,0,0,16,9,0,0,22,0,0,21,0,14,9,28,0,0,12,0,30
0,0,0,14,73,0,23,0,0,1,37,0,0,0,0,0,0,0,0,0,6,0,12,4,0,6,0,0,0,0,0,9
41,17,19,0,42,30,0,0,17,11,28,6,7,13,0,1,6,7,0,0,7,0,11,0,1,5,23,13,10,0,0,6
0,10,0,0,26,26,25,3,0,21,24,35,0,4,0,21,0,0,17,25,0,9,0,0,11,0,2,2,20,0,0,0
0,12,0,4,11,0,0,30,0,0,0,5,0,0,0,0,3,0,0,6,11,6,20,0,12,6,0,0,0,1,0,0
7,19,5,6,15,9,0,0,1,5,1,0,0,0,9,0,12,1,5,9,1,0,5,4,1,8,1,4,0,8,5,0
0,0,3,7,25,11,0,0,0,2,11,0,12,0,11,0,7,0,0,0,0,8,0,0,0,7,0,0,0,0,0,11
0,0,2,0,0,16,10,0,2,5,0,0,2,8,0,0,13,0,2,0,0,6,16,11,2,0,0,4,12,2,0,4
0,0,0,4,10,0,7,2,8,3,0,9,0,0,2,16,7,0,4,0,0,14,0,0,0,1,18,1,0,3,4,2
2,11,0,0,0,9,12,0,9,0,10,2,4,0,0,0,0,0,7,0,0,0,1,2,0,3,0,0,0,1,0,7
72,0,0,2,0,0,1,3,0,0,3,7,0,1,0,0,0,0,6,7,2,0,12,0,2,3,12,0,0,0,0,0
2,1,6,13,6,0,0,0,6,0,8,1,0,0,2,5,0,0,0,1,0,0,0,0,0,2,6,0,10,2,0,13
12,3,6,6,5,5,0,0,0,2,0,4,0,0,1,1,0,4,0,10,1,0,0,10,2,2,5,0,0,0,6,22
1,0,0,0,0,5,6,0,6,1,4,0,0,0,2,12,9,5,0,1,6,0,0,0,0,3,2,0,4,5,2,0
15,0,0,6,0,5,6,0,9,8,14,16,0,0,3,6,0,0,3,0,0,0,2,0,2,0,0,3,3,0,0,0
0,0,5,1,0,0,3,0,0,0,23,24,8,5,8,0,3,0,0,0,1,5,0,5,0,2,4,4,3,1,5,0
0,0,14,5,0,0,2,0,0,1,38,0,0,0,0,1,4,0,7,0,5,0,0,1,0,0,0,5,15,0,0,2
25,17,6,0,4,1,13,0,0,39,11,11,5,15,10,2,0,0,0,7,6,0,0,0,7,0,2,0,4,5,0,0
0,3,16,3,4,14,2,0,6,53,27,0,2,4,0,31,0,23,16,9,2,0,9,2,4,16,6,0,1,12,1,7
0,0,8,2,0,0,0,0,0,3,0,0,6,1,6,0,19,36,0,2,0,21,0,6,0,0,0,3,0,0,6,9
67,0,0,0,0,0,14,0,7,0,20,6,0,0,2,11,25,0,3,0,0,0,0,0,0,7,0,0,0,9,0,0
0,5,7,0,0,0,0,0,2,0,4,1,0,0,2,0,23,0,1,0,0,0,0,0,0,0,0,0,0,5,0,0
0,14,0,0,3,0,1,0,0,2,33,7,66,0,6,2,14,2,60,0,4,0,0,3,4,0,0,0,5,0,16,0
103,5,0,1,0,0,0,0,0,0,21,1,6,0,0,8,0,0,0,5,0,2,4,0,18,3,0,1,0,0,4,10
29,0,1,11,0,0,0,15,0,0,27,0,5,0,0,1,0,0,0,0,5,0,5,0,5,0,9,0,10,0,6,0
0,0,0,0,0,0,0,0,0,17,13,0,0,0,0,0,0,3,3,0,0,6,11,4,0,1,6,0,5,5,0,12
12,0,0,7,12,0,0,0,0,0,25,15,9,5,0,0,0,0,0,0,0,9,5,5,0,0,0,0,4,0,10,0
0,8,13,0,0,0,0,0,0,9,2,4,1,2,5,11,0,0,14,0,0,0,0,0,0,0,10,0,4,6,0,10
0,0,13,10,14,3,10,0,0,0,0,0,0,2,3,0,0,3,0,0,0,1,0,0,0,0,27,0,4,0,6,2
0,4,13,0,10,5,10,0,0,1,10,0,2,1,1,0,0,3,0,0,4,24,0,1,0,0,11,0,21,2,0,0
74,1,0,5,4,0,2,0,0,0,4,0,0,8,0,0,2,0,3,0,1,6,0,0,0,2,9,54,55,0,7,0
26,9,13,0,12,2,0,8,3,0,19,3,13,0,5,8,4,0,0,0,0,0,0,10,11,0,63,0,12,0,1,0
0,2,0,2,3,0,0,0,0,2,24,5,0,0,0,0,0,0,4,1,0,2,0,0,6,0,7,0,0,0,1,9
44,2,6,0,67,0,12,0,0,0,40,5,0,0,0,0,2,0,0,4,0,0,0,1,0,1,0,0,0,0,2,6
0,6,17,12,31,18,3,0,0,25,52,0,3,0,0,0,6,5,4,0,3,0,0,11,0,0,16,0,5,2,0,20
0,14,18,0,0,23,0,7,0,31,2,15,0,10,1,0,5,2,0,1,0,0,7,0,0,0,18,0,6,2,1,0
0,0,9,0,2,0,0,8,0,1,0,4,0,13,0,3,0,0,0,0,5,0,4,3,4,7,0,0,0,0,0,11
0,0,0,0,4,5,1,0,0,0,4,2,0,0,0,0,0,0,0,0,0,3,0,0,1,0,0,0,0,0,0,8
0,4,0,0,0,1,1,1,0,0,0,0,0,0,7,4,0,2,5,2,3,0,0,6,3,0,0,0,6,0,4,1
0,2,7,13,0,0,0,6,0,0,0,0,0,10,0,5,2,0,0,0,0,7,0,0,0,0,0,0,4,0,0,5
0,3,1,1,0,0,0,5,0,4,0,2,2,5,0,0,2,7,0,1,0,0,3,1,0,1,0,0,0,0,0,0
6,0,0,0,1,6,0,1,0,8,0,0,4,0,0,2,6,4,0,5,0,1,0,0,0,0,0,0,0,0,9,4
69,0,0,0,0,25,0,2,3,5,6,0,0,0,0,4,0,5,1,7,0,2,0,0,0,0,0,0,6,3,0,0
11,0,0,0,2,0,0,0,9,2,1,6,7,0,0,8,0,0,9,5,0,14,0,0,6,8,0,0,0,0,0,0
0,10,18,0,20,4,5,0,1,0,0,0,5,0,26,40,8,6,0,0,0,9,0,23,0,4,0,14,0,0,9,0
0,5,11,0,5,0,9,0,0,0,24,14,1,13,0,0,0,0,0,0,2,11,0,0,3,0,0,0,0,17,0,28
0,0,7,0,0,2,0,9,0,0,9,40,2,13,0,0,0,0,9,12,0,0,1,5,6,4,2,5,6,29,3,0
0,27,12,6,4,0,0,1,0,2,44,44,0,0,2,0,23,2,0,4,13,14,29,3,12,0,4,0,3,6,0,0
6,18,0,0,0,27,25,12,0,9,7,0,0,0,0,0,29,2,11,8,0,0,10,6,6,0,0,11,0,6,21,0
0,16,0,1,0,0,0,7,7,17,10,18,0,68,18,14,10,0,11,22,0,0,0,0,0,5,0,0,0,19,4,0
0,13,0,1,16,0,10,0,0,35,10,0,2,0,0,41,1,24,35,0,0,4,20,0,6,0,0,0,10,0,0,13
0,0,6,21,0,18,0,10,17,0,0,0,27,7,0,29,5,27,0,0,15,12,0,0,7,13,22,0,0,8,0,36
0,0,35,0,0,1,0,0,0,0,4,7,28,2,0,0,6,5,5,0,0,0,18,3,4,5,36,0,27,0,16,0
78,0,12,0,0,14,0,8,0,13,30,0,23,4,0,6,0,0,0,0,0,0,0,10,7,22,2,0,9,0,1,17
88,6,6,0,0,0,0,0,0,0,2,0,0,21,10,14,19,0,64,0,7,4,3,3,0,0,0,13,0,8,0,0
0,4,12,0,24,0,11,0,1,0,6,0,0,30,16,1,0,2,0,9,0,0,0,0,1,0,0,0,0,12,6,0
0,15,0,7,2,2,8,138,197,230,20,0,0,0,0,0,6,6,22,7,10,0,25,3,19,21,16,0,0,26,0,0
0,3,9,0,0,10,3,10,196,184,9,13,0,9,0,4,0,1,0,4,19,0,12,6,2,0,5,1,4,3,0,0
0,0,5,7,0,3,0,28,192,220,4,5,6,0,3,0,5,0,19,0,3,7,0,0,0,0,0,0,5,0,7,8
0,2,0,20,0,5,0,0,0,0,0,5,0,0,0,0,0,0,4,7,19,2,0,10,0,4,9,13,0,0,0,0
0,6,4,6,1,7,0,12,0,5,4,7,20,0,2,0,28,9,13,0,0,4,2,14,11,0,4,6,13,0,25,0
109,0,0,0,0,4,0,3,19,3,6,0,0,0,0,0,0,0,0,0,0,0,12,0,9,4,16,8,20,11,0,15
0,14,34,0,0,0,0,22,0,0,29,2,8,0,0,0,41,12,0,22,0,14,5,0,0,9,3,59,48,0,16,0
102,30,0,0,0,0,0,0,0,21,0,0,0,6,0,0,0,0,7,12,2,7,3,39,0,13,92,0,20,0,0,0
36,0,26,30,4,12,11,0,27,0,43,0,0,32,0,0,10,0,0,12,0,0,12,0,0,0,0,4,3,29,7,0
33,0,0,0,44,18,6,4,0,1,29,0,23,12,30,0,17,0,22,9,16,15,0,0,1,12,0,0,2,23,0,0
0,29,22,0,12,0,0,8,3,11,0,0,0,8,9,0,4,16,0,0,0,0,0,17,0,5,9,4,5,0,3,0
0,8,27,6,29,10,7,11,0,29,33,85,0,0,0,0,7,0,0,42,20,13,19,9,2,10,14,5,8,3,5,0
0,11,12,0,16,25,0,0,0,11,11,2,0,32,0,1,0,0,5,6,0,0,0,6,0,0,1,0,0,0,0,0
16,0,6,4,19,0,1,12,4,0,0,16,0,0,10,7,18,0,20,0,5,11,9,4,0,0,0,0,0,0,0,0
0,0,0,0,12,0,0,1,0,0,0,18,0,0,0,0,0,0,15,0,11,0,0,0,0,2,0,0,10,0,0,0
0,1,0,6,5,0,16,16,5,0,0,0,9,0,0,0,14,5,0,19,0,8,7,7,0,11,23,0,20,0,6,0
11,0,0,0,4,21,12,0,5,0,0,3,3,11,8,0,4,0,9,13,12,0,17,10,3,0,28,0,11,31,11,0
34,0,34,0,14,13,5,0,8,0,14,8,0,0,5,0,0,13,1,0,1,1,5,0,0,0,0,0,0,0,0,0
99,44,10,0,0,0,0,0,21,0,24,13,43,0,27,0,0,41,0,5,9,10,0,0,26,17,52,5,0,0,19,46
20,0,3,0,12,4,0,0,0,13,0,0,0,1,5,0,0,0,2,0,21,0,2,20,14,0,0,19,0,0,0,4
9,33,0,0,0,28,6,16,0,9,0,42,49,32,7,5,2,0,7,0,15,5,0,0,9,6,0,4,0,0,3,2
22,0,0,40,17,0,0,7,0,0,54,24,0,0,0,14,0,9,7,7,0,7,0,0,0,0,1,0,11,0,0,4
0,18,30,0,16,26,0,27,3,0,4,42,2,0,19,0,28,32,0,15,0,0,0,2,5,3,16,14,4,0,0,27
0,0,0,22,30,0,0,0,24,7,31,40,18,0,10,6,0,5,0,0,0,6,0,24,0,0,5,0,26,3,3,28
0,21,0,6,0,0,0,0,0,0,0,0,14,11,24,25,0,0,27,0,5,5,0,0,0,22,28,0,48,8,0,0
0,48,0,1,0,2,13,0,10,22,25,0,0,0,36,0,0,1,0,7,0,4,11,0,0,0,23,10,0,0,0,3
0,16,0,0,7,0,0,5,23,8,7,32,38,0,4,19,2,9,1,0,11,4,5,0,0,12,5,0,18,0,28,84
97,16,3,1,17,29,0,0,0,5,0,0,0,5,0,10,0,59,30,8,3,35,0,11,0,1,39,9,26,0,13,39
0,27,0,0,2,12,24,0,0,9,33,13,0,14,16,0,19,8,36,0,29,0,0,18,0,0,11,25,0,0,0,0
103,0,0,0,5,0,1,0,7,0,28,9,0,9,145,51,0,10,0,14,0,0,28,22,0,0,0,0,11,0,0,0
0,7,0,6,0,0,0,27,1,0,39,32,8,190,193,237,0,2,62,197,4,0,35,10,6,19,6,0,0,0,0,13
71,0,8,9,6,0,0,16,27,0,35,0,23,16,16,15,0,6,139,195,197,17,8,8,23,13,30,6,0,0,0,0
57,10,0,0,0,0,3,24,0,0,44,0,43,28,0,23,8,0,34,151,187,0,34,0,0,9,19,16,27,0,4,0
0,23,2,10,0,0,4,0,16,40,3,4,0,25,0,9,0,0,0,0,0,0,24,0,0,14,0,36,0,0,17,38
0,0,3,0,22,0,5,39,0,0,32,19,0,9,0,0,0,1,19,37,0,2,0,0,38,2,0,0,0,0,29,2
160,19,0,19,0,0,0,0,0,16,0,0,0,0,14,16,40,0,0,9,0,4,0,0,0,10,5,0,11,0,12,10
0,0,7,16,0,0,5,0,0,0,0,0,0,14,2,0,11,14,0,11,0,0,0,0,0,5,128,116,1,25,2,0
95,0,0,4,0,0,0,35,0,0,37,11,0,40,25,0,0,0,0,11,0,0,0,0,0,79,220,173,16,0,0,22
0,0,28,51,0,1,5,0,2,12,0,3,0,32,0,0,0,55,17,18,4,0,12,0,0,9,50,0,0,0,0,0
0,0,0,4,50,16,0,0,0,32,0,0,0,9,0,0,19,0,0,0,15,0,6,8,0,0,0,0,5,9,16,0
0,13,29,0,0,34,6,0,2,5,1,0,12,28,4,37,0,4,0,0,0,0,0,2,0,0,6,6,23,0,18,0
17,7,14,14,66,0,15,0,0,13,0,0,0,0,0,0,6,3,0,12,0,20,0,0,0,22,20,17,29,1,0,13
0,16,0,5,56,22,0,32,0,29,7,28,0,5,5,0,10,1,1,0,6,23,0,0,17,29,7,0,0,0,5,23
0,5,15,0,43,47,30,18,0,35,5,0,0,15,1,0,10,16,36,21,0,0,0,4,0,8,0,0,0,8,0,0
0,0,0,16,0,18,0,0,0,0,24,0,2,0,0,5,4,0,5,14,0,8,10,0,8,12,0,2,29,0,0,1
31,5,0,0,5,5,0,0,0,2,8,0,0,0,0,33,10,0,0,12,4,0,0,7,0,0,3,1,3,0,0,0
0,0,32,19,20,0,0,0,38,1,0,0,0,5,15,0,23,0,3,16,0,1,24,15,1,0,7,30,0,0,10,0
8,13,0,0,12,7,1,0,5,10,3,0,0,7,7,0,20,18,0,0,0,6,0,17,0,0,0,0,3,2,0,0
32,12,1,3,49,9,13,6,0,16,0,15,0,0,26,0,14,0,22,0,21,0,23,0,0,0,13,0,16,0,8,9
0,49,0,15,0,0,3,34,6,6,3,3,0,31,4,0,5,0,0,1,0,23,0,0,0,14,0,0,17,0,1,0
0,1,6,3,22,0,44,0,16,25,0,0,4,10,0,8,21,0,0,17,0,13,0,0,0,30,0,7,0,0,19,24
16,19,16,18,1,15,0,8,0,6,0,0,0,21,0,61,1,0,0,0,2,0,0,0,3,0,6,0,0,0,33,6
36,0,24,45,9,12,0,0,0,0,18,23,0,12,3,0,0,11,0,14,0,0,0,21,0,0,28,0,6,0,0,4
0,0,0,3,0,0,17,0,16,26,0,4,5,2,0,0,0,0,0,21,17,0,7,0,0,10,21,14,8,0,0,11
30,0,27,6,0,0,7,26,16,14,43,38,3,27,12,0,0,0,16,4,0,20,0,6,0,0,30,11,11,0,14,14
0,0,6,0,0,12,0,0,10,2,58,22,26,0,0,3,0,6,0,4,0,6,20,8,18,4,10,0,3,4,0,0
68,47,10,0,0,0,0,11,0,8,17,9,0,2,22,7,0,28,0,7,0,0,0,1,2,44,0,26,0,0,0,6
0,0,31,4,0,0,8,0,0,23,39,31,12,0,17,0,0,0,32,20,0,2,0,0,26,4,33,4,0,0,0,20
39,0,0,0,0,0,0,36,0,0,21,0,0,0,5,24,0,27,0,0,0,24,0,7,2,0,17,14,0,0,0,10
0,0,13,2,0,0,23,18,30,0,50,3,22,2,2,21,0,52,0,0,0,3,24,0,0,12,0,13,0,0,0,3
0,7,10,4,8,0,14,2,0,0,24,3,0,6,0,11,0,5,0,0,0,11,12,6,0,4,0,0,0,0,9,0
0,13,0,0,0,0,14,0,0,0,29,0,0,0,10,28,7,0,13,0,0,13,10,21,8,0,0,0,0,0,10,0
0,0,6,0,0,8,14,0,0,15,0,4,0,0,51,33,0,0,48,152,106,19,0,0,5,0,16,12,0,0,12,38
0,0,6,0,27,1,30,0,5,0,30,12,18,0,11,12,0,3,0,254,127,0,23,0,14,8,17,0,9,0,0,16
0,4,10,9,0,10,0,0,6,0,0,5,0,0,9,0,0,0,0,94,65,0,0,4,0,9,0,2,0,1,0,0
0,19,0,0,39,14,0,0,0,20,0,0,0,0,5,0,0,6,0,4,75,0,0,35,0,0,0,0,28,3,0,0
0,12,0,0,6,11,0,0,0,0,9,8,2,0,0,0,0,5,12,0,11,0,0,6,0,7,0,0,31,0,40,23
38,20,0,0,16,10,18,27,5,0,0,12,0,0,0,0,13,0,5,0,0,0,21,0,0,1,0,0,6,11,0,12
92,0,17,9,0,0,0,3,0,0,0,0,0,12,4,0,0,3,1,6,4,0,1,3,4,9,51,52,0,0,0,17
61,22,19,0,0,0,4,8,2,7,0,0,0,0,0,1,0,0,9,0,0,0,0,7,0,32,238,124,10,0,0,18
0,20,0,0,0,14,0,5,7,0,29,5,23,4,0,8,0,13,1,0,0,0,1,3,0,0,77,45,23,0,12,18
116,0,0,0,0,0,0,0,0,7,0,0,26,8,8,16,0,1,0,0,0,11,2,18,7,5,15,7,2,0,0,0
95,0,0,10,3,27,0,6,1,17,8,0,0,20,0,16,0,0,0,0,1,0,0,9,5,13,26,0,12,0,20,0
17,0,2,16,45,0,0,4,0,0,34,4,0,15,2,23,0,7,0,0,0,0,0,0,0,0,0,0,3,0,1,0
0,15,13,3,21,14,0,4,4,32,52,32,0,10,3,0,22,0,0,0,0,3,0,0,0,16,3,3,24,0,0,0
0,0,0,6,0,18,0,16,6,19,16,61,2,0,10,1,0,0,0,0,0,0,0,0,8,1,27,19,7,0,0,1
0,6,10,0,0,0,0,16,0,0,0,1,0,3,0,4,12,0,0,0,8,0,0,0,0,15,0,2,0,0,0,0
0,0,12,0,13,13,11,2,1,0,19,7,0,3,0,0,0,7,0,0,5,0,0,2,0,0,0,3,4,0,5,0
0,0,7,0,0,0,0,0,1,0,0,0,0,3,15,0,11,4,0,0,7,0,0,0,3,0,17,17,0,3,5,0
0,0,9,5,0,9,12,2,0,5,9,3,5,9,4,3,0,0,10,6,0,0,0,0,0,0,16,0,0,5,0,2
0,12,4,0,0,0,2,0,0,0,5,12,12,4,4,0,2,1,0,0,0,0,0,1,3,3,0,2,6,17,0,0
25,3,0,13,0,0,9,0,13,0,0,0,0,0,8,1,4,0,0,5,5,3,0,0,0,3,0,0,19,8,0,0
90,3,0,0,2,8,3,0,6,3,0,2,0,0,0,0,0,6,0,2,1,0,0,6,4,10,1,0,0,0,0,0
0,0,0,1,0,0,0,10,0,2,8,0,0,0,12,0,0,1,0,0,0,7,2,1,3,8,0,0,0,0,3,0
9,0,10,0,7,4,0,0,0,1,4,0,3,0,2,2,6,9,7,0,0,0,0,3,1,1,1,5,8,4,0,5
0,0,0,4,0,0,0,6,0,2,18,3,0,3,0,5,11,3,0,0,0,0,4,1,5,11,7,1,4,0,0,3
0,5,2,0,2,6,0,0,0,2,23,16,6,3,0,6,0,4,2,0,3,4,0,0,0,0,11,7,0,0,9,7
0,1,0,5,1,0,1,5,0,0,13,24,11,4,0,0,0,0,0,0,1,9,1,0,1,0,5,0,0,4,7,0
25,0,0,2,7,14,0,3,0,36,23,0,0,19,0,3,2,10,0,0,0,0,1,0,0,0,3,2,6,1,6,0
27,0,0,3,0,0,0,0,0,32,11,27,2,23,40,5,0,0,0,0,0,1,0,0,0,6,0,0,0,7,0,0
0,0,0,3,6,4,0,0,14,54,32,0,9,5,2,39,27,30,14,1,4,3,0,0,0,0,0,0,16,0,6,25
112,3,0,8,9,0,0,0,3,0,0,1,0,7,0,27,0,40,0,0,8,24,8,0,0,0,0,4,0,0,4,0
31,0,0,0,13,6,14,9,1,0,16,10,0,0,1,15,0,7,0,0,0,5,8,2,8,4,0,0,0,0,1,16
0,0,0,5,0,0,0,0,0,0,16,2,0,0,15,1,0,0,0,2,0,6,0,0,1,0,0,5,0,0,0,0
0,0,11,2,0,0,4,0,0,4,40,1,9,2,31,1,2,0,31,9,1,0,0,0,0,0,0,0,0,3,0,11
0,0,1,0,0,0,0,4,0,0,9,0,1,0,14,0,0,0,0,6,4,6,13,5,0,15,0,3,0,0,0,13
135,3,0,5,0,8,0,12,1,0,16,7,10,0,13,14,2,0,0,6,29,0,3,1,11,13,17,0,4,0,9,0
0,0,0,12,0,0,0,0,2,14,0,0,0,8,0,0,0,0,0,2,38,0,0,0,3,1,0,0,0,0,0,0
0,6,0,0,18,10,4,14,10,1,6,0,8,0,0,0,5,0,7,0,0,0,4,0,7,0,2,0,5,6,3,0
39,0,0,0,0,0,0,17,21,0,5,0,0,2,0,6,0,1,4,0,0,0,0,5,0,1,0,0,0,0,2,8
0,10,0,0,0,2,3,0,10,3,4,2,2,0,0,0,1,3,2,0,0,10,0,0,0,0,0,12,11,0,0,0
97,4,16,0,22,0,5,0,0,0,12,0,0,3,0,1,0,0,0,5,4,10,0,2,0,35,0,0,29,3,18,0
0,0,11,0,3,0,0,1,5,0,5,25,0,1,0,0,0,4,0,11,1,5,0,0,1,0,0,68,33,6,9,0
0,4,0,0,0,3,0,0,1,7,3,0,0,0,0,4,0,3,4,3,0,6,0,17,3,11,13,0,0,1,8,10
0,2,0,0,0,7,7,0,0,5,43,0,0,0,6,3,0,9,0,0,0,1,0,5,15,0,0,0,0,5,0,11
0,5,0,8,69,0,30,0,0,0,13,0,1,5,4,0,4,0,3,0,0,7,0,7,0,0,0,0,0,11,4,0
0,9,29,0,25,6,16,3,5,18,20,5,0,8,0,0,0,0,0,0,0,4,3,0,0,16,8,0,1,0,3,0
0,11,34,10,16,45,9,4,0,27,63,75,1,2,2,7,0,0,4,0,5,8,16,2,18,13,0,0,7,2,5,0
55,0,15,0,0,9,0,5,9,3,26,1,0,0,1,0,0,0,0,0,0,0,5,0,0,7,4,6,0,0,0,0
0,0,5,0,0,0,10,0,14,0,9,12,10,0,0,10,12,0,0,2,0,5,0,0,0,15,0,6,0,0,0,0
26,0,28,3,0,0,0,24,0,0,17,7,19,0,8,17,14,0,9,0,11,6,6,0,0,0,2,3,14,1,0,11
4,6,4,23,0,0,10,0,0,1,10,0,2,16,0,2,1,0,0,0,0,0,0,0,0,0,16,0,4,0,11,0
0,13,7,0,0,8,15,4,0,9,16,0,13,2,0,13,0,0,1,0,0,0,11,3,0,4,10,0,4,14,8,0
4,6,0,6,0,0,0,16,0,0,0,0,5,3,16,0,0,1,0,9,0,0,0,0,0,0,0,12,11,0,0,0
55,11,0,0,1,0,6,0,18,2,6,1,13,3,21,0,0,14,6,0,0,0,24,0,10,0,0,3,0,1,29,0
23,0,0,0,0,14,0,0,0,0,0,0,0,22,0,0,3,0,0,0,0,17,8,0,0,5,2,0,3,5,0,5
0,0,0,10,0,23,2,0,0,0,4,0,0,0,0,15,0,0,0,1,0,0,18,0,2,3,3,2,7,20,0,1
11,0,2,0,6,3,0,0,0,16,22,0,12,10,0,0,4,31,21,1,0,0,25,22,3,13,0,0,10,0,20,30
33,0,0,32,0,0,38,0,14,0,18,17,0,11,0,0,0,0,3,9,0,12,0,20,0,15,0,2,0,19,0,0
45,0,25,0,12,4,23,0,20,0,13,67,0,0,16,0,8,5,21,25,2,22,0,0,0,0,0,22,11,0,0,51
65,37,9,2,0,0,0,0,18,34,0,17,13,36,16,0,20,20,3,0,0,0,12,18,0,43,12,18,0,0,0,0
0,0,0,24,13,0,0,1,0,0,20,0,16,53,5,30,1,5,4,15,8,10,16,14,13,0,0,0,0,0,8,4
49,0,0,19,0,5,0,35,6,0,51,8,17,0,3,27,5,19,0,0,2,0,0,0,17,1,27,27,46,0,14,26
0,0,0,41,0,0,0,0,13,0,18,12,1,0,0,11,16,3,12,0,4,6,0,0,0,1,0,24,0,1,0,7
0,12,0,0,0,0,24,0,0,6,38,13,0,0,0,0,16,1,0,0,13,9,0,2,16,0,9,0,0,0,6,58
29,7,5,0,0,0,0,19,2,0,14,0,46,7,5,32,13,0,33,41,12,0,0,0,13,12,0,32,0,0,0,52
0,0,14,1,0,0,0,0,4,0,14,39,20,7,0,196,188,66,10,35,0,92,87,236,27,6,0,31,5,0,0,24
80,0,0,25,0,0,0,0,0,0,0,7,0,2,1,238,194,165,0,0,10,81,195,198,0,5,10,22,0,0,0,0
128,0,33,0,0,0,11,21,29,0,0,28,0,9,2,95,29,9,4,0,10,64,48,99,0,10,7,0,0,0,0,28
73,0,17,0,0,0,20,20,0,74,196,177,0,11,2,0,0,0,21,20,48,4,26,11,15,0,16,0,0,0,12,0
84,0,0,0,0,17,17,3,6,163,197,187,13,0,25,0,28,0,38,4,28,0,30,21,28,0,44,0,27,0,51,104
0,2,0,1,26,0,27,11,9,233,197,32,0,0,0,4,0,0,0,0,3,0,0,0,0,0,2,11,2,0,15,4
103,5,0,5,0,6,3,36,3,10,14,105,0,4,55,8,16,4,27,0,8,0,23,0,10,0,25,6,7,0,0,10
50,40,11,41,0,46,28,0,23,9,38,0,28,0,0,14,0,0,9,0,0,23,0,4,0,0,14,0,17,0,0,0
0,0,0,12,33,0,0,27,0,0,27,38,0,0,8,12,8,10,0,1,16,0,10,19,0,12,26,36,30,0,0,44
0,21,0,3,0,34,23,0,11,5,0,0,6,4,5,0,8,13,30,0,31,0,21,16,24,29,54,0,16,0,21,11
0,0,33,22,18,3,18,0,13,1,0,12,11,0,0,17,20,24,3,0,0,20,0,8,0,7,18,0,0,33,34,0
43,25,0,0,38,0,0,16,5,7,32,6,0,5,0,0,0,8,7,30,27,0,5,0,0,11,0,1,0,0,4,26
0,0,34,12,73,36,7,3,16,26,29,0,0,0,12,20,25,8,48,1,31,0,0,10,4,8,0,0,0,18,7,13
0,27,40,2,0,22,10,18,0,64,6,0,0,0,51,20,20,8,0,0,0,12,0,0,11,0,3,0,39,29,22,0
35,12,2,12,2,1,0,18,0,10,0,9,12,21,7,8,4,0,0,24,0,0,2,6,0,8,20,0,16,0,10,14
41,0,21,0,12,0,4,17,0,0,0,18,0,28,0,0,5,0,4,7,9,0,0,0,2,25,0,0,0,0,11,48
0,0,0,18,0,5,12,0,0,10,29,15,28,63,0,0,0,21,0,3,0,0,0,0,34,0,0,0,0,29,0,14
61,50,0,2,0,14,5,0,0,0,0,9,0,16,0,0,16,3,0,0,0,9,0,0,0,24,25,24,16,0,3,0
61,27,17,0,0,0,5,4,0,0,0,8,21,0,5,0,0,0,0,30,0,0,29,1,30,50,12,8,0,0,36,5
0,12,42,0,5,0,14,0,8,0,2,12,27,0,24,17,0,50,18,13,0,27,0,0,7,0,0,24,0,0,0,43
81,35,0,0,8,10,26,0,30,0,5,29,0,12,3,0,2,12,14,16,0,0,0,0,0,0,0,5,6,0,0,0
40,15,0,0,0,2,6,0,0,2,0,0,0,0,25,13,3,0,0,0,0,6,12,17,24,0,0,0,18,17,0,0
0,0,0,0,10,0,12,20,15,0,0,1,0,0,0,25,11,0,0,17,0,18,0,0,3,0,5,21,0,10,0,0
53,10,36,0,16,0,0,0,0,0,31,0,9,0,10,1,20,17,26,8,0,0,12,0,0,0,14,0,25,0,39,0
0,20,7,0,8,0,0,0,9,15,5,22,7,7,1,0,11,0,0,9,6,8,0,0,0,0,3,2,0,30,6,0
0,12,0,14,14,0,5,0,5,0,83,51,0,0,8,0,0,0,0,21,0,0,0,1,0,0,31,0,0,0,0,0
42,10,0,0,24,9,1,0,0,13,25,37,32,16,0,1,0,0,0,18,0,0,0,0,0,18,0,0,23,7,27,0
0,0,0,19,7,9,14,5,9,58,22,0,0,21,0,21,0,0,0,18,0,0,5,30,0,0,0,0,0,29,0,0
0,0,0,0,0,10,40,5,0,17,0,25,25,0,8,52,5,0,58,3,0,5,0,3,0,0,1,0,7,3,0,0
4,0,0,0,0,0,0,0,25,22,0,0,0,12,0,25,13,50,33,0,11,0,25,31,0,0,0,16,3,0,9,0
0,0,18,22,0,12,19,0,0,1,46,12,33,18,0,3,3,0,11,31,0,0,0,0,21,17,16,5,0,8,0,1
54,0,0,27,15,33,16,0,0,23,0,0,0,21,0,0,0,0,0,17,18,0,6,13,0,0,0,0,0,20,0,51
0,0,25,15,10,11,8,26,12,0,18,33,31,5,5,29,196,150,25,0,21,0,23,5,0,31,0,90,0,0,9,17
83,16,9,11,0,12,9,2,0,0,9,0,18,0,36,26,68,65,4,0,0,164,246,54,2,25,24,0,0,28,19,35
0,23,5,27,0,0,0,51,16,11,14,1,27,22,0,0,93,0,0,22,11,239,60,29,19,0,9,10,15,5,19,0
19,0,41,0,36,68,23,0,23,23,45,0,6,6,2,43,26,2,0,0,0,24,92,221,0,0,0,0,0,3,24,14
54,0,11,3,0,0,0,21,0,24,14,39,0,0,14,0,12,10,62,15,0,15,45,0,0,18,13,0,29,0,0,30
0,0,9,17,11,6,0,0,0,0,26,45,19,1,0,0,26,2,0,0,0,14,3,0,3,0,0,1,6,12,35,4
52,0,8,10,0,1,19,13,0,0,26,1,17,18,0,7,9,22,0,0,10,0,0,4,0,0,43,22,158,19,5,0
3,0,18,0,7,20,2,0,0,27,3,0,0,0,33,0,23,3,0,0,0,11,3,31,0,0,0,40,195,47,11,0
74,2,0,0,4,0,29,12,23,6,19,0,15,0,0,0,0,0,0,0,0,0,22,7,13,0,10,225,189,58,0,0
0,0,5,21,0,14,10,0,0,0,0,19,19,0,5,0,12,7,5,0,0,10,0,21,47,0,10,36,0,17,11,3
0,2,0,35,0,0,0,28,8,0,0,10,3,6,5,0,9,0,0,0,23,0,0,0,0,1,3,11,9,0,0,5
21,44,0,0,13,25,0,0,1,0,16,2,0,21,0,0,0,0,0,43,14,0,21,17,10,16,10,12,23,0,24,0
12,33,0,0,14,15,0,3,0,6,34,36,0,0,0,0,0,1,0,7,7,5,0,0,9,4,20,22,24,10,12,15
0,0,7,10,7,24,23,9,0,41,39,1,6,12,0,7,0,1,0,10,5,13,0,0,0,0,42,5,33,1,0,0
0,0,0,14,17,0,14,14,0,0,0,19,0,4,0,0,0,0,0,31,2,0,0,0,25,0,0,0,0,13,14,3
22,26,0,0,30,0,16,4,1,0,10,16,15,0,3,0,0,0,0,0,0,0,21,0,5,0,2,3,19,0,0,22
32,0,8,0,19,0,38,0,16,7,25,2,6,3,0,0,0,0,0,3,2,0,22,0,40,0,0,0,0,7,5,0
0,0,5,23,4,7,16,21,7,0,21,6,8,0,0,0,20,8,4,1,0,5,14,7,0,3,0,0,0,5,0,10
16,27,0,0,0,0,1,2,0,2,3,0,1,0,11,0,0,12,0,6,0,0,0,0,19,7,3,0,9,1,0,1
0,25,7,3,0,21,3,0,0,0,0,0,14,21,23,11,0,11,0,0,0,19,0,0,0,12,5,1,19,0,13,24
68,0,5,0,1,0,0,3,18,25,5,0,10,14,0,0,13,1,0,5,6,0,0,0,0,0,8,0,0,14,0,0
15,9,11,0,0,7,7,7,0,13,0,0,3,9,0,0,0,10,0,0,3,0,0,5,0,0,0,3,0,19,13,8
8,0,10,0,0,0,8,0,7,11,22,0,0,0,6,0,4,0,0,0,4,2,0,5,0,4,16,0,0,0,0,9
0,16,0,11,0,1,0,0,0,0,17,0,10,3,5,0,0,11,0,7,0,2,10,0,2,2,0,11,0,0,0,2
33,16,13,7,7,10,0,0,0,0,38,24,0,2,3,0,0,0,0,2,5,0,0,7,0,0,0,6,0,0,0,0
0,0,0,0,0,0,1,5,0,0,25,44,0,1,15,3,3,0,2,2,0,0,10,0,17,10,9,0,6,0,0,0
9,0,6,0,3,0,3,0,0,24,19,4,6,8,0,6,0,0,0,0,0,0,0,1,0,0,0,0,0,0,3,15
56,0,2,0,1,0,0,9,1,52,12,21,0,36,26,0,2,0,2,4,1,0,1,0,0,11,0,2,0,0,6,7
103,0,0,3,3,2,4,16,16,43,10,2,0,0,0,39,12,19,41,0,0,0,5,0,3,0,0,6,0,0,2,0
0,0,0,0,13,0,0,0,2,3,0,0,0,0,0,0,7,35,9,0,0,0,0,8,0,11,0,0,0,1,0,0
0,0,0,4,5,0,24,5,0,0,23,4,0,0,0,9,0,9,0,0,0,5,9,1,0,0,0,0,2,7,0,0
73,9,9,0,0,0,2,0,2,6,13,18,0,0,0,0,8,7,1,0,0,10,0,0,0,4,0,0,6,0,0,18
0,0,17,0,10,0,2,0,0,0,33,10,0,12,0,8,8,0,30,2,3,0,0,0,0,0,9,12,0,0,0,0
123,0,0,6,1,0,0,10,0,0,8,7,5,1,0,5,45,0,3,7,0,3,25,0,0,0,1,7,3,2,0,0
3,4,0,0,0,4,0,4,0,0,13,0,0,1,3,0,13,0,2,0,0,1,22,0,0,0,0,1,4,0,8,1
108,0,0,0,0,0,0,0,0,31,5,0,11,0,1,2,4,3,0,0,0,1,16,31,0,0,0,0,2,0,0,4
0,0,0,0,5,0,3,0,0,28,0,1,6,0,0,10,0,0,15,0,14,4,16,0,0,6,2,0,1,0,4,3
53,0,0,3,0,0,0,7,0,0,6,9,7,0,1,7,3,0,2,14,12,0,4,7,5,0,13,0,3,0,0,17
61,8,5,0,1,0,0,0,0,5,0,0,0,4,0,4,0,0,1,8,0,0,14,0,0,4,0,11,0,10,4,0
110,0,10,5,0,2,4,0,7,0,10,0,19,0,0,7,0,0,3,0,2,3,0,1,1,0,9,0,34,0,0,1
70,0,7,3,0,0,5,3,0,0,3,15,0,0,0,9,1,0,0,0,4,0,0,0,0,10,8,45,51,5,14,0
44,0,3,10,6,0,0,8,0,0,1,8,4,0,0,0,0,0,0,10,0,9,6,0,5,2,0,4,1,0,0,0
0,0,12,0,0,4,0,14,3,0,16,15,0,0,0,3,2,0,0,1,6,8,1,0,6,6,2,3,0,0,0,4
32,0,0,2,37,6,0,1,2,0,23,11,8,0,6,4,0,1,1,0,2,0,2,0,1,0,0,0,0,2,2,8
0,7,27,9,30,8,0,0,4,28,41,0,2,0,1,0,0,0,0,5,0,11,0,2,0,0,4,3,12,0,0,0
0,0,24,0,0,43,0,0,0,35,27,28,6,0,9,1,10,1,5,0,0,5,10,10,0,0,0,6,8,1,29,0
0,0,11,0,1,0,0,8,6,0,0,3,3,0,7,1,6,1,2,0,0,1,14,0,11,0,4,0,0,0,12,0
2,0,0,0,0,1,3,2,3,0,6,0,0,0,0,0,0,0,0,0,0,0,4,0,0,0,1,12,4,4,4,4
0,0,0,1,11,12,4,0,2,0,0,0,0,1,0,0,2,0,0,0,0,0,5,0,1,0,0,0,1,0,0,2
0,3,9,0,0,0,0,5,2,0,0,8,0,2,0,0,7,7,0,7,1,0,0,6,0,0,0,0,5,5,0,20
5,7,0,7,0,0,0,3,0,0,0,6,4,0,0,4,0,0,0,2,4,4,0,0,0,0,0,9,1,0,0,0
1,0,0,7,0,0,9,2,0,2,0,0,2,6,5,9,0,0,0,0,0,6,0,0,0,0,3,10,1,0,0,0
80,0,0,0,11,1,4,0,5,5,4,3,0,5,0,1,0,0,0,0,0,6,6,0,0,7,0,0,0,0,0,7
7,1,0,8,2,0,1,0,6,9,6,0,0,1,0,3,0,0,8,0,0,0,0,4,0,1,0,0,0,0,7,10
10,11,9,0,0,0,1,0,0,0,0,0,0,11,4,10,8,0,0,0,4,3,6,0,0,0,0,0,0,0,8,14
3,4,0,0,21,2,0,0,7,0,0,1,0,0,0,0,0,1,0,0,0,8,0,6,6,0,9,10,3,0,0,7
7,5,8,0,0,0,4,7,0,0,17,24,0,14,2,0,0,0,0,6,1,0,0,2,6,0,0,0,0,5,4,0
0,1,13,1,0,0,7,0,4,9,24,28,1,0,1,8,11,0,0,2,0,6,0,5,0,2,2,10,0,0,0,0
21,0,3,0,0,0,1,16,0,26,35,0,0,1,0,1,0,0,14,0,1,1,0,2,3,0,8,0,11,0,0,0
0,0,6,0,3,0,0,1,0,14,16,28,0,30,29,0,3,0,6,3,0,0,1,3,0,0,2,4,0,0,0,12
0,0,2,0,1,1,0,0,0,53,0,12,2,0,1,38,8,25,21,0,0,0,0,0,15,6,0,0,0,0,0,5
0,12,3,0,0,0,0,8,10,0,8,22,0,0,9,12,0,25,0,5,0,22,0,0,0,20,2,1,0,10,9,0
0,0,19,14,11,0,14,14,19,0,23,2,5,0,0,0,7,2,0,3,0,0,0,0,0,0,0,0,0,0,0,11
117,0,3,0,6,0,0,3,17,0,9,0,0,0,0,0,1,0,0,6,0,0,0,0,14,4,4,15,3,13,0,0
0,16,22,0,0,0,0,0,18,12,48,12,18,24,51,31,0,0,37,3,0,1,0,0,19,0,0,23,0,0,24,0
99,0,0,11,16,0,6,17,0,0,33,17,13,0,0,9,2,0,22,5,18,0,49,0,25,5,33,0,16,0,10,15
0,8,4,0,19,5,0,0,0,0,12,0,0,14,0,0,0,0,2,11,3,6,7,0,0,6,0,0,0,7,14,18
0,0,1,10,0,0,0,0,11,11,23,8,0,16,18,19,5,0,0,0,47,6,0,21,0,0,24,12,0,18,2,0
0,12,16,0,32,0,0,182,240,2,0,0,2,10,11,0,0,16,60,0,0,10,0,0,6,9,2,0,12,8,3,0
116,0,9,0,9,43,3,195,197,63,0,5,0,6,0,0,0,9,9,0,0,0,3,29,0,0,0,0,0,9,22,0
0,0,0,0,0,16,0,20,98,81,0,0,0,18,0,0,0,9,0,5,0,0,0,4,0,0,0,0,0,0,0,0
0,0,6,25,30,16,0,16,0,8,0,64,8,10,6,0,0,27,10,3,21,14,1,11,0,0,4,7,64,0,0,50
124,0,0,0,0,2,0,0,0,12,8,12,4,5,6,7,1,14,0,19,16,5,1,0,0,27,0,25,30,5,6,0
0,6,16,0,3,18,16,11,2,12,0,2,0,12,0,0,5,0,0,13,0,5,15,8,16,11,16,5,0,0,4,0
0,0,2,4,0,0,16,7,0,0,43,23,19,0,9,23,0,0,0,7,0,7,0,9,16,0,11,0,1,9,0,0
34,1,0,0,22,16,2,0,6,0,20,6,11,0,0,0,0,0,23,6,0,0,11,0,0,0,5,0,17,0,0,33
0,0,0,4,10,31,0,0,2,41,36,26,6,1,0,0,4,0,0,13,0,4,5,0,0,0,0,2,13,2,3,0
0,9,2,1,1,0,7,30,0,35,14,1,8,19,0,6,0,0,18,3,0,8,0,0,0,13,0,0,10,0,20,0
0,0,4,0,8,14,5,12,6,0,11,22,10,0,20,0,2,0,0,0,3,5,6,0,21,3,14,9,0,4,0,11
0,5,0,24,0,4,0,0,1,14,2,0,6,16,0,0,7,0,0,0,0,5,1,22,0,0,2,9,0,0,7,0
0,15,5,0,0,0,8,0,0,8,20,7,0,4,12,10,3,0,0,0,2,0,12,0,0,0,0,8,0,0,0,1
0,1,0,0,0,0,0,5,0,1,12,1,0,7,0,13,0,0,0,0,9,0,9,0,3,9,0,0,0,0,0,13
28,7,0,12,10,0,0,0,5,17,0,11,0,16,0,3,8,1,0,0,2,0,0,12,1,0,0,1,0,5,0,0
30,0,0,18,6,0,0,45,10,0,5,6,0,0,4,0,0,1,0,12,0,10,17,0,0,0,44,0,0,0,0,0
128,0,11,0,0,0,11,21,0,0,0,22,27,0,21,30,0,0,13,0,11,0,27,0,61,23,24,25,16,0,0,16
0,0,17,0,9,1,0,3,0,25,6,0,22,3,21,4,24,0,6,0,0,6,46,0,19,9,0,0,0,0,6,11
0,0,6,0,0,3,11,1,0,0,0,12,6,0,0,0,10,0,0,12,16,0,0,3,0,0,16,4,0,24,0,6
0,0,0,28,0,0,0,0,0,0,13,6,0,0,0,0,16,15,0,0,0,10,0,0,0,0,0,2,19,0,0,0
6,0,23,42,0,0,0,15,0,0,16,11,7,0,0,0,0,16,0,10,0,0,0,0,31,10,19,0,42,0,0,12
45,5,8,0,0,9,20,25,14,0,35,40,11,0,0,0,0,1,0,36,0,6,36,0,0,26,29,11,0,0,27,0
0,23,25,14,19,0,1,11,0,17,33,38,0,16,0,60,0,0,0,9,29,0,0,36,19,63,0,0,0,16,0,26
52,12,0,0,1,0,0,0,0,0,16,54,0,32,46,24,41,20,22,0,0,0,0,0,2,0,22,20,3,12,0,23
116,9,0,2,13,0,0,0,0,29,0,0,32,30,31,54,0,0,52,0,0,14,3,0,0,0,0,17,0,0,0,16
15,0,0,0,0,13,0,11,0,0,0,1,2,1,13,6,17,3,19,0,40,11,14,1,20,9,0,0,0,0,0,0
30,8,0,16,7,16,11,0,27,12,28,1,1,0,8,0,30,5,17,0,8,9,23,0,2,12,16,0,9,0,0,0
0,37,28,0,0,10,20,0,9,0,5,6,0,18,0,0,0,24,8,0,13,0,4,8,9,10,20,4,11,22,0,14
72,0,2,0,0,0,0,16,1,9,0,0,25,24,0,0,0,0,52,11,19,16,8,1,0,0,8,16,0,12,0,13
0,0,0,4,0,9,17,0,0,23,0,0,195,197,109,0,40,1,219,33,0,8,25,0,0,30,19,0,12,16,0,0
136,0,19,0,0,2,0,9,3,20,43,3,185,196,174,8,0,0,16,188,145,6,0,5,14,0,6,0,49,0,27,0
0,9,33,6,0,0,22,3,2,6,0,0,0,153,5,0,0,18,85,9,62,0,14,9,0,0,2,0,7,10,1,18
0,23,15,2,11,0,0,57,29,0,35,0,26,0,0,38,0,0,0,28,34,0,32,21,45,37,28,0,43,0,0,42
0,28,0,0,0,6,18,248,133,67,0,0,0,0,0,0,0,0,0,8,0,0,13,11,2,14,0,0,11,3,29,0
3,0,42,0,0,6,0,0,218,5,28,9,0,17,1,0,0,2,18,24,10,0,0,0,0,0,0,0,25,26,25,0
70,21,23,0,0,1,3,3,45,0,5,26,18,0,0,23,24,10,0,0,7,0,12,23,18,34,0,0,12,46,3,0
0,18,0,7,0,0,1,32,0,0,0,16,0,0,0,0,8,18,6,6,18,0,0,31,0,0,0,0,0,27,20,3
0,0,0,0,28,8,0,6,26,0,35,18,0,0,0,28,0,16,2,0,25,9,0,30,54,0,101,0,17,9,27,0
9,0,16,3,0,0,0,0,0,6,0,0,16,0,0,39,0,0,0,0,2,9,30,0,0,6,3,0,28,0,71,37
0,3,8,5,55,29,15,0,14,0,17,0,2,0,6,0,29,0,0,13,28,2,37,9,3,0,14,0,0,0,0,0
41,24,52,0,51,49,5,13,0,8,34,0,0,8,15,0,0,15,5,0,7,38,0,7,0,0,51,0,0,18,23,22
73,7,7,21,0,0,0,0,24,21,65,57,0,10,21,0,12,0,7,25,30,0,24,0,18,23,0,10,3,0,17,8
5,24,9,9,2,19,0,18,9,0,0,0,9,10,22,0,25,10,4,0,6,0,26,8,7,0,25,0,12,0,0,23
20,7,0,0,0,0,0,17,0,14,0,28,37,0,0,0,1,1,0,8,0,0,19,0,6,24,8,0,0,0,10,0
78,32,0,0,23,0,9,31,1,0,28,0,16,18,0,0,9,0,0,45,0,0,52,0,31,16,0,0,0,0,11,0
26,0,5,3,26,0,43,26,0,12,15,10,0,11,11,21,0,0,0,17,0,2,3,0,0,0,24,0,0,3,0,0
0,36,24,33,7,4,0,0,0,32,12,15,0,34,0,0,0,1,1,0,0,0,0,0,0,24,0,0,0,0,3,46
21,0,8,0,0,0,0,0,0,0,4,32,9,0,22,29,2,0,0,31,0,19,0,0,29,0,6,0,0,0,0,43
113,21,12,0,0,0,8,0,0,0,36,0,4,0,0,23,0,0,12,0,0,0,0,0,5,0,0,24,19,1,0,16
0,32,10,0,10,24,1,3,13,0,3,0,0,17,0,0,0,0,0,4,0,0,8,18,18,7,0,0,6,0,0,0
31,0,32,0,10,1,0,0,0,13,0,0,0,32,0,0,0,0,0,0,0,12,0,0,0,0,0,6,6,0,0,0
0,4,5,8,0,0,18,0,12,7,0,0,0,21,0,0,0,0,0,0,0,12,12,1,0,0,6,14,0,0,21,0
0,0,0,0,3,15,9,0,0,13,21,12,6,0,0,26,0,6,5,0,6,1,0,0,17,5,4,11,0,4,1,6
0,0,0,0,0,11,31,0,0,4,82,79,0,7,0,0,0,11,0,0,0,4,2,8,6,23,32,0,0,0,18,10
0,0,0,0,0,0,0,17,24,0,46,2,24,12,16,0,13,0,9,20,10,0,56,0,34,0,52,21,0,16,0,0
4,17,0,17,1,0,0,0,0,29,13,0,0,66,19,8,6,7,0,4,0,12,0,0,0,5,5,0,0,8,10,0
0,0,0,0,0,0,0,7,0,10,36,11,24,36,0,30,8,32,7,13,17,0,0,0,0,2,25,7,22,0,21,32
0,42,23,0,0,6,6,0,5,28,13,0,7,18,14,0,0,1,39,15,0,29,11,2,0,0,3,23,0,1,0,3
0,0,34,9,36,36,26,0,0,1,5,0,0,22,0,21,37,13,0,0,0,20,0,0,0,0,0,12,0,12,23,0
0,0,0,17,0,0,0,1,0,1,0,0,17,0,9,0,16,0,9,0,0,30,33,0,8,19,0,6,0,0,0,26
126,0,4,0,22,0,0,5,11,0,45,0,0,11,26,6,34,0,22,1,0,0,0,0,13,0,0,29,16,0,16,0
61,3,0,3,12,0,39,6,0,8,5,0,30,0,20,0,0,0,47,195,41,0,13,2,5,0,11,17,18,0,0,18
0,11,0,7,0,0,0,58,0,4,0,0,18,61,10,0,0,0,82,195,254,0,14,0,0,13,13,13,12,0,0,5
36,0,0,7,0,0,0,0,0,25,0,3,8,7,14,0,7,0,178,250,68,0,0,9,0,0,0,3,0,14,3,0
0,0,0,16,36,4,7,0,10,24,4,0,10,4,12,16,17,2,43,0,0,1,2,11,0,0,0,0,1,4,0,2
92,8,20,0,33,16,0,0,0,0,14,0,9,0,0,19,0,0,22,0,0,9,7,4,6,0,0,8,53,22,21,0
32,0,0,6,0,0,1,0,11,0,10,33,8,0,0,0,0,0,0,4,0,14,0,0,2,121,51,0,0,4,7,0
75,8,0,0,52,0,11,13,38,1,6,2,0,0,0,26,8,0,0,0,4,0,0,0,43,242,225,4,21,8,0,0
99,29,0,0,7,12,0,0,20,1,16,0,9,0,0,0,0,18,0,0,20,11,0,5,9,208,14,23,25,11,0,0
88,0,3,0,15,7,2,0,12,5,28,0,2,2,20,3,0,0,5,0,0,10,5,0,0,6,2,0,0,0,0,10
52,6,14,0,0,0,10,2,0,0,42,14,5,13,2,44,2,0,0,14,0,11,0,0,32,0,4,0,13,0,0,0
50,0,0,9,47,0,23,27,10,0,39,0,18,0,9,0,24,8,0,9,7,0,33,3,39,0,25,0,0,11,0,5
0,10,17,0,35,8,9,5,7,14,45,58,1,0,0,0,0,6,5,0,0,4,0,0,0,7,3,17,0,1,0,0
27,20,0,3,1,13,0,2,0,35,5,16,7,0,0,48,11,4,4,0,4,5,0,10,28,0,0,2,8,18,2,20
0,0,0,0,0,3,0,1,0,0,32,0,2,4,0,0,0,0,0,32,0,1,1,0,4,5,15,0,0,0,0,0
11,0,0,0,0,13,11,0,0,0,0,0,0,0,0,0,0,0,11,9,0,0,16,0,2,0,0,0,0,0,0,12
44,7,0,29,0,21,0,0,5,4,0,0,0,0,13,7,0,1,9,0,0,0,0,8,1,0,8,0,38,0,0,4
0,0,0,0,0,4,0,13,0,8,0,0,0,10,8,0,18,6,0,0,19,3,0,0,0,0,0,12,0,0,0,0
0,0,0,34,0,0,3,0,0,5,4,8,0,3,0,11,8,0,0,0,9,0,21,0,0,13,24,1,0,6,0,0
0,0,9,0,0,8,14,4,13,0,0,0,0,5,0,0,10,4,0,0,9,0,0,9,0,0,0,0,10,6,0,18
