51,0,0,29,0,0,0,4,0,0,4,11,0,0,0,9,0,0,0,31,4,0,0,11,0,0,0,0,3,1,0,13
5,14,16,0,0,6,0,0,0,8,0,9,0,16,0,0,0,13,7,0,5,0,10,2,0,0,0,4,7,0,0,0
37,13,0,0,2,0,0,0,0,7,0,11,0,6,0,0,0,0,0,12,5,0,0,10,0,6,3,13,10,0,16,0
14,0,18,3,26,0,0,0,0,2,0,16,0,0,5,0,9,0,7,12,11,8,5,0,11,0,5,0,0,6,0,6
7,6,0,0,0,0,7,0,6,6,23,62,0,16,11,7,0,14,0,0,0,25,0,0,0,0,12,0,22,0,0,0
37,4,0,0,2,0,0,19,10,0,18,45,0,0,0,0,0,0,12,0,4,8,25,8,5,12,0,5,20,7,0,3
49,28,11,0,0,0,0,24,0,12,0,0,9,0,11,0,8,12,9,12,65,0,0,12,0,1,0,14,0,0,7,0
18,0,0,0,5,41,19,6,2,9,5,11,7,0,18,0,26,0,17,11,0,0,0,5,0,0,4,0,4,0,1,5
0,0,0,0,6,0,0,0,0,8,25,0,17,143,27,0,15,0,4,0,28,0,0,0,0,3,0,9,22,20,0,0
0,0,0,1,17,5,0,0,0,0,0,2,214,189,96,0,1,9,2,0,7,19,2,14,0,9,0,0,13,7,0,0
0,18,0,0,0,0,9,0,0,7,37,0,233,190,7,3,8,0,5,2,10,15,0,0,17,0,0,0,0,17,9,13
0,6,0,1,0,0,10,0,20,0,16,0,60,211,9,0,10,13,9,10,0,0,1,7,0,19,10,0,17,7,2,0
129,0,0,0,0,10,0,0,10,0,0,0,13,3,1,5,2,0,41,0,0,0,0,2,0,0,10,0,8,0,0,0
0,0,19,0,26,0,0,29,0,8,17,2,0,3,5,0,0,0,23,2,0,9,24,4,5,25,2,0,0,1,0,0
61,0,3,0,21,0,5,0,10,4,0,0,0,6,0,0,2,0,5,26,4,0,0,21,0,0,1,4,2,0,7,0
30,5,0,0,0,4,0,0,3,22,0,0,0,21,0,0,0,0,5,10,23,0,0,0,16,10,12,3,0,0,0,27
0,0,0,0,13,0,2,23,0,0,11,0,0,0,0,7,0,0,8,8,44,1,0,3,2,0,0,0,6,3,10,7
35,0,0,14,2,0,0,13,0,0,9,0,5,0,0,0,0,2,0,0,0,6,0,0,0,0,11,33,6,0,6,0
89,0,9,0,0,25,6,0,0,0,0,18,0,0,8,21,2,0,0,13,28,0,0,0,1,10,10,0,13,0,0,17
16,24,0,0,0,3,9,0,15,0,14,13,9,8,0,0,0,7,28,0,34,0,12,5,0,0,11,0,63,0,5,0
0,8,0,8,0,0,0,0,0,0,21,26,0,0,8,16,0,2,0,6,2,16,0,8,10,2,22,41,51,26,3,8
94,10,13,4,4,17,0,0,4,7,4,0,0,18,18,2,27,0,0,26,0,6,17,19,41,5,87,23,23,0,0,0
0,0,0,23,25,0,0,6,0,0,32,0,0,0,0,0,34,0,11,0,3,0,10,11,6,13,15,28,0,0,0,6
0,0,0,38,26,0,0,9,17,12,24,0,30,0,10,16,5,0,1,0,0,10,0,0,0,0,0,0,0,2,0,60
0,0,14,29,26,22,0,9,0,1,0,12,0,0,0,0,18,0,21,11,7,18,0,0,0,0,6,4,0,0,0,0
0,8,21,0,0,19,0,0,8,30,0,5,8,3,12,46,0,13,26,22,0,1,0,15,0,0,0,35,0,0,0,0
91,9,17,0,14,0,0,8,0,1,0,15,0,4,30,0,0,0,0,0,0,2,24,1,0,1,0,0,0,10,44,17
2,9,11,24,33,30,0,4,0,3,6,0,0,24,6,0,0,0,16,4,11,4,0,27,0,0,0,0,0,21,0,0
0,11,33,22,18,4,12,0,0,0,0,25,0,23,0,0,0,7,3,0,0,8,0,8,0,0,36,7,0,1,0,0
5,27,10,2,0,0,0,0,0,12,13,18,3,0,0,6,0,0,0,0,3,0,0,0,21,1,33,16,0,0,5,2
0,6,11,0,0,0,0,0,30,0,4,12,0,1,0,10,2,8,0,3,13,6,0,0,0,0,12,6,25,0,19,10
16,3,0,9,0,0,4,7,2,14,12,0,0,16,0,0,0,0,14,3,0,21,0,0,0,17,19,7,0,0,0,16
30,0,8,0,0,1,1,0,0,13,6,6,0,2,12,3,0,25,0,10,0,0,2,8,11,0,0,0,0,10,0,0
0,0,14,0,0,2,9,12,12,8,0,2,0,0,0,0,6,3,0,22,1,0,0,0,0,13,0,0,0,0,0,14
3,25,0,0,0,0,0,5,2,0,0,0,0,12,0,0,1,6,0,0,0,19,0,20,0,3,0,5,0,0,0,21
7,29,1,0,0,24,4,11,0,23,17,0,2,3,0,1,2,0,0,5,19,0,0,0,11,0,0,3,20,4,0,13
11,8,7,0,41,0,0,9,23,0,2,32,0,0,6,0,0,0,0,0,0,12,0,0,3,6,25,9,23,0,3,2
25,14,6,0,1,0,0,0,0,24,35,67,0,16,0,0,0,6,2,0,0,15,0,0,4,0,2,16,2,1,16,0
0,8,0,1,0,0,0,14,9,0,19,1,3,0,0,7,0,10,2,0,37,0,0,5,0,0,14,0,0,0,27,2
36,7,11,5,0,3,0,8,1,0,8,33,0,14,12,0,0,0,0,2,0,2,0,10,1,0,4,5,0,0,0,28
0,0,0,17,0,0,1,0,1,17,29,3,7,0,5,33,2,37,0,9,0,38,0,5,0,0,0,2,0,0,0,0
109,0,0,34,0,0,0,15,0,0,2,0,0,3,0,26,0,21,1,0,55,4,14,6,0,0,5,0,0,0,0,16
0,14,0,15,0,1,0,0,0,0,3,0,0,14,14,35,0,0,0,14,19,0,13,0,6,0,0,6,0,3,0,9
0,1,0,8,8,1,8,0,5,12,0,19,0,0,6,1,0,0,5,0,4,0,1,5,6,0,0,0,0,13,0,0
0,5,0,0,0,0,20,0,0,0,7,9,3,9,0,0,0,0,68,7,0,0,0,0,9,22,17,0,3,11,0,2
135,5,0,8,2,0,0,7,0,6,4,0,5,7,0,0,0,0,0,14,0,1,9,0,0,13,8,0,3,1,0,0
0,22,9,1,0,16,0,0,1,2,0,0,2,3,2,5,0,0,10,2,0,0,1,4,0,5,34,2,6,3,17,0
0,2,5,0,0,3,3,0,6,0,3,2,0,4,0,9,8,8,0,0,6,0,0,0,0,0,3,0,0,0,0,9
0,5,6,9,6,0,2,0,0,2,9,2,0,3,1,0,0,0,2,11,23,20,10,0,9,3,0,21,6,8,0,17
62,0,3,2,0,4,7,3,0,0,0,7,3,0,3,21,1,9,6,3,3,5,0,4,0,0,20,41,0,14,0,0
0,0,0,4,0,10,2,2,0,1,0,7,0,3,0,1,0,0,2,5,5,0,5,0,4,0,2,0,2,2,2,30
38,0,0,4,2,0,0,1,11,2,8,0,10,2,0,8,0,0,0,4,0,0,3,5,12,0,3,0,34,0,1,47
60,0,15,0,5,0,13,0,0,11,24,30,7,2,0,6,0,7,0,0,4,1,0,1,0,0,0,71,48,3,5,0
0,0,5,2,0,0,9,4,0,4,13,0,6,5,2,4,8,3,13,0,1,0,0,24,0,2,55,9,6,0,2,10
0,11,6,0,3,0,0,0,25,3,35,12,12,11,10,0,10,9,0,5,0,0,9,10,12,2,29,0,3,0,6,0
65,16,0,0,48,3,10,0,0,0,32,0,12,0,0,17,0,0,5,0,4,0,0,0,0,14,0,0,5,14,0,3
0,0,2,3,18,4,7,0,0,47,49,3,0,0,0,0,0,13,0,16,4,2,0,3,0,3,7,0,2,8,0,7
118,0,0,10,8,0,24,0,0,18,9,30,2,0,0,22,0,4,16,0,0,0,17,0,11,12,0,0,0,0,0,21
83,16,22,5,55,8,10,0,12,11,7,0,0,30,1,0,3,0,26,11,14,1,14,5,0,0,0,25,0,0,0,0
0,0,3,0,20,3,0,10,2,0,0,0,6,12,0,0,0,1,12,0,12,0,11,0,0,6,7,0,13,13,0,0
53,0,12,0,8,0,6,7,0,0,0,0,0,0,5,0,18,18,0,17,2,19,0,0,0,0,0,0,0,0,0,0
0,24,3,7,21,0,6,0,1,0,0,0,14,28,0,0,8,0,11,0,0,10,10,10,0,0,2,0,0,0,2,0
0,9,21,0,16,2,7,0,2,0,0,2,0,0,0,0,0,0,6,10,7,21,10,0,0,1,3,6,5,0,26,0
11,6,1,17,0,10,5,0,0,12,0,3,0,7,0,12,0,8,0,0,3,0,6,14,11,0,2,0,0,4,16,12
40,11,25,11,0,0,16,15,0,15,9,0,4,3,53,3,0,6,0,6,0,0,9,12,0,0,6,0,14,2,25,8
16,0,0,33,0,0,0,22,1,0,0,3,7,0,0,7,0,0,0,6,11,7,0,16,0,4,0,4,0,3,0,41
0,25,0,0,23,0,0,55,1,11,6,28,0,0,0,0,0,17,0,24,0,0,6,2,12,0,39,0,0,0,0,10
0,17,0,8,0,0,0,8,19,14,10,0,0,0,0,0,20,0,0,0,5,0,0,28,0,4,13,4,0,7,10,0
0,4,1,0,19,24,0,0,22,2,37,46,6,21,0,0,1,10,9,0,16,0,0,0,0,10,0,0,0,18,33,0
0,0,0,30,12,0,29,30,18,0,25,25,6,1,0,0,0,16,0,10,17,0,13,5,0,11,0,15,0,30,0,0
0,9,0,28,0,0,9,13,0,0,27,0,0,19,11,37,0,22,0,19,62,0,0,12,4,1,0,24,9,0,0,0
4,17,5,0,3,10,15,10,15,6,4,13,8,0,23,0,0,0,31,10,0,0,0,18,0,0,6,0,16,7,8,0
119,3,0,13,0,0,1,0,0,24,26,0,1,16,34,38,0,0,7,4,0,75,70,0,0,2,9,0,26,14,0,0
0,36,0,0,0,0,0,25,0,28,14,0,15,70,209,0,9,4,17,4,21,192,195,0,0,0,0,8,5,6,28,0
0,0,39,0,25,20,0,0,9,0,34,0,10,50,71,0,11,0,0,8,10,189,142,0,0,7,0,15,0,0,8,71
129,0,0,0,0,0,8,0,0,0,0,21,0,0,0,0,36,9,0,0,16,54,0,0,0,12,137,35,0,2,14,0
0,0,37,8,14,0,0,0,8,5,2,0,0,1,0,19,14,0,45,8,0,5,0,2,0,89,15,255,20,0,0,26
95,0,0,0,3,3,43,55,26,0,3,9,14,0,23,7,0,0,0,22,0,18,53,0,12,0,160,3,0,7,0,0
0,17,0,0,0,14,0,0,5,8,0,0,0,6,14,0,17,7,10,0,3,0,20,0,16,5,57,4,20,0,0,14
12,5,0,0,14,0,0,0,12,13,7,0,0,8,21,9,8,4,5,17,11,17,0,0,17,6,17,0,3,0,0,0
0,9,11,0,14,0,42,8,0,0,0,0,0,0,0,4,6,0,5,16,2,0,13,11,2,0,0,1,15,13,0,0
0,0,21,26,0,0,12,0,0,0,0,0,0,0,0,0,2,18,2,10,31,0,0,9,0,11,0,0,0,3,0,0
0,0,3,0,0,0,0,0,0,2,0,2,1,0,0,0,9,3,0,20,0,0,0,5,24,6,29,26,22,1,0,0
38,13,7,6,0,0,0,0,11,19,3,20,12,11,0,0,10,0,0,11,0,37,7,3,8,23,17,1,34,2,0,0
3,0,0,0,10,3,3,7,21,16,6,42,21,19,18,40,0,4,26,2,2,0,5,0,32,1,33,42,76,27,0,0
36,0,0,0,52,31,0,8,4,18,0,0,0,0,0,0,7,16,14,15,0,0,0,11,24,0,63,2,0,21,36,0
0,0,4,34,0,0,1,19,0,3,20,6,0,0,0,4,0,0,0,0,9,13,8,18,21,0,0,0,0,9,0,0
2,0,0,0,54,0,6,0,0,0,14,11,7,0,0,0,0,24,2,0,7,0,4,0,0,7,19,0,0,12,0,0
0,3,20,0,14,0,0,0,23,1,32,29,0,0,1,0,6,1,15,0,0,0,3,21,0,0,21,0,0,0,0,16
0,12,0,0,26,34,0,0,15,19,31,23,0,0,0,0,3,13,0,20,2,0,32,10,0,0,0,0,16,0,4,2
0,0,48,0,0,0,51,0,8,15,0,0,0,6,24,0,6,17,10,0,0,0,1,0,0,0,3,9,6,0,26,0
56,38,10,6,11,0,1,0,0,0,0,0,1,3,0,14,0,0,2,10,0,0,0,13,6,0,0,0,30,22,11,4
0,0,0,0,0,0,17,0,0,0,26,0,0,4,6,0,0,0,0,0,6,10,20,0,0,23,0,3,14,0,16,0
0,0,6,0,15,9,18,6,3,7,0,0,30,23,0,0,0,0,16,5,0,0,16,9,3,0,0,0,17,34,16,0
39,0,0,2,25,3,9,0,5,13,0,0,0,5,0,5,2,2,0,0,0,16,0,0,0,0,22,0,1,15,9,0
4,0,0,0,36,0,1,0,0,0,0,0,32,9,8,37,5,5,3,0,5,0,0,0,0,3,28,0,4,6,5,0
58,2,4,0,5,8,0,1,0,0,10,0,0,0,0,0,5,0,0,8,0,0,0,1,4,0,0,4,8,0,0,21
0,0,8,7,1,0,0,8,0,0,14,3,5,0,0,4,0,1,0,0,0,10,0,0,13,0,6,6,0,3,4,0
4,0,8,0,3,0,0,6,0,1,0,0,0,3,0,0,9,0,0,0,0,14,0,2,0,0,7,0,0,8,0,27
8,0,0,4,0,10,0,0,0,0,4,1,0,0,0,1,7,0,0,1,0,0,0,0,2,0,0,0,0,12,13,23
1,16,13,0,4,0,0,0,0,0,27,0,0,0,0,0,5,12,0,0,3,0,6,12,2,2,0,0,5,2,0,0
0,0,0,4,0,2,4,5,0,0,37,42,0,2,0,0,0,0,0,7,0,0,1,11,1,0,0,1,0,2,0,3
35,7,5,6,28,0,7,6,5,1,19,3,0,10,0,7,0,0,0,0,58,3,0,2,1,2,3,0,0,1,0,14
0,6,16,0,13,4,0,3,1,3,11,39,1,0,27,4,4,2,13,0,8,12,0,5,8,0,5,0,0,2,0,0
0,0,0,1,0,5,0,16,6,23,16,2,24,40,1,35,16,27,35,0,11,0,2,7,0,0,4,0,4,4,0,0
0,2,2,0,12,2,6,0,15,4,0,0,6,5,2,13,5,25,5,0,0,13,0,1,0,0,0,0,0,8,5,0
0,3,2,0,0,4,0,7,0,0,0,2,0,31,10,28,38,9,4,0,7,0,0,0,0,3,0,0,0,0,4,9
0,3,0,0,0,11,3,0,0,3,5,3,8,0,0,21,15,10,0,14,2,0,0,5,9,2,39,2,2,4,5,0
95,17,0,7,13,0,0,6,0,0,0,5,0,0,0,59,0,10,23,0,2,2,0,2,8,0,28,0,0,3,0,1
0,0,0,9,0,0,0,0,0,12,2,0,10,13,1,33,0,0,8,18,9,16,33,0,0,39,0,13,0,2,0,32
83,15,26,0,34,8,10,0,24,6,0,4,0,4,0,0,0,0,0,9,0,0,32,4,7,0,21,0,11,0,17,18
70,12,6,16,0,8,5,11,1,3,4,3,9,4,0,0,0,14,0,0,10,12,8,8,0,0,3,0,4,0,0,0
80,17,0,0,35,0,0,30,3,8,0,10,0,14,0,30,27,6,10,0,5,39,2,0,0,0,0,20,0,0,15,8
0,12,14,0,25,0,0,0,7,22,0,0,0,14,16,24,5,0,17,0,1,4,0,0,30,0,0,0,3,8,24,0
0,29,10,0,0,0,0,0,0,11,40,0,20,0,20,0,7,8,5,0,2,0,4,17,7,6,10,0,12,0,19,15
0,21,8,0,20,35,16,0,45,15,48,13,10,0,0,22,0,10,46,15,0,0,0,1,8,20,0,5,19,21,6,0
97,0,0,3,0,0,7,0,0,0,0,34,1,0,0,0,0,0,6,0,21,2,18,0,32,0,0,50,19,23,0,0
0,0,11,19,0,0,11,2,19,6,0,7,0,0,0,0,8,0,22,1,17,0,14,0,3,19,66,0,0,18,18,0
0,0,15,7,0,21,5,0,0,0,26,8,0,0,2,20,0,0,12,0,17,0,32,9,7,4,0,0,0,0,0,0
0,23,0,31,49,14,15,7,0,0,24,0,0,0,8,0,9,0,1,0,9,0,1,0,0,8,0,5,12,7,10,0
0,0,24,2,39,0,13,19,0,0,6,0,14,0,0,0,25,0,32,0,0,0,5,0,0,12,0,11,4,0,0,15
67,25,25,0,0,1,0,0,3,11,5,11,0,0,0,43,0,13,1,0,22,0,0,16,15,7,0,0,0,8,0,49
0,0,29,23,2,3,0,4,17,0,3,24,0,0,24,18,5,0,0,0,4,3,0,0,0,0,0,12,0,4,0,0
0,0,0,0,3,24,0,0,11,0,10,8,0,0,20,9,0,13,0,0,0,0,0,1,0,1,5,1,0,0,7,24
0,0,20,9,0,23,19,0,0,26,11,0,9,4,0,0,0,23,0,0,0,0,0,25,0,0,1,0,0,0,8,9
0,0,0,3,0,0,7,10,11,0,1,0,0,4,19,40,1,0,37,5,0,22,17,0,2,0,7,10,6,0,0,8
0,0,0,1,13,0,0,0,11,0,39,0,0,0,0,11,0,0,0,0,0,3,3,1,0,3,48,0,0,0,18,0
34,15,0,0,0,15,10,11,0,0,23,0,3,57,0,14,10,0,0,0,0,0,3,0,0,0,11,0,0,21,0,9
46,0,21,2,10,0,16,0,0,2,0,0,0,22,0,0,0,0,2,22,0,0,25,11,13,0,7,14,1,18,0,0
27,18,9,16,0,20,0,0,0,17,0,0,0,0,16,8,0,4,0,0,9,6,0,4,0,0,17,16,0,2,3,0
0,2,3,19,0,0,0,0,28,0,13,2,8,3,7,5,4,18,0,11,9,0,14,3,22,0,25,0,4,0,0,0
0,0,9,19,28,32,14,0,18,31,16,4,0,12,0,0,5,0,12,0,0,3,0,0,0,0,0,28,18,0,9,0
2,13,27,0,32,23,0,0,0,1,32,22,0,0,19,0,0,0,0,21,0,0,0,0,6,0,1,0,12,0,10,14
16,0,9,0,0,0,13,12,0,4,88,76,21,0,0,7,18,16,8,0,0,0,0,12,14,17,0,0,1,0,24,4
44,0,14,0,6,0,12,48,3,8,26,0,6,0,0,0,10,0,0,0,2,0,8,20,10,0,0,0,0,0,0,5
36,0,16,20,11,0,14,16,10,0,38,34,0,46,2,0,0,0,11,0,0,33,24,28,1,0,0,6,19,0,0,41
117,0,16,18,17,0,0,11,0,0,0,23,52,11,12,13,9,26,27,0,23,0,43,0,22,0,39,0,1,0,9,0
67,0,0,0,14,0,1,11,0,11,5,0,22,0,10,5,12,29,6,0,0,87,64,48,0,0,0,5,0,0,8,9
0,0,2,0,0,0,0,0,0,0,31,11,0,0,17,0,25,8,0,0,6,187,86,0,2,0,0,4,0,19,0,0
0,0,4,0,0,22,0,0,0,3,0,22,0,0,13,15,0,7,6,0,0,11,2,9,0,17,42,98,36,0,0,13
0,0,0,0,0,0,0,9,0,6,0,0,0,17,0,0,0,0,22,9,0,0,0,0,0,13,42,0,7,0,8,16
0,0,0,0,0,4,0,0,4,0,13,0,0,0,16,0,0,2,0,0,13,0,24,0,0,9,0,0,0,6,13,0
72,0,25,39,27,0,3,0,0,0,5,5,4,7,4,0,0,12,10,0,3,13,0,0,9,0,0,0,12,0,0,0
35,4,0,0,0,0,0,0,1,0,0,0,0,12,2,0,0,11,4,11,24,0,0,0,4,0,8,4,4,17,9,0
0,16,13,0,29,12,3,3,0,4,0,7,20,0,4,10,3,0,3,0,5,0,0,4,7,0,0,1,12,14,0,7
27,3,7,0,1,0,0,0,3,8,0,2,0,12,0,0,0,0,2,0,0,0,5,7,26,5,0,13,0,0,3,6
85,3,7,0,0,0,0,0,5,9,0,6,5,4,8,0,2,0,0,0,12,0,3,4,16,0,2,0,6,2,8,12
31,1,5,0,0,6,0,0,0,10,0,0,2,8,0,0,0,5,1,0,1,1,0,0,16,19,0,0,51,0,0,0
0,5,8,0,7,10,6,0,3,4,22,23,0,7,7,0,7,3,0,0,0,4,0,6,0,2,5,29,44,0,0,0
73,0,2,0,9,0,3,3,0,0,0,2,2,3,0,0,4,0,0,2,0,0,7,7,0,0,57,10,7,5,0,0
63,0,0,0,1,0,0,0,0,0,0,4,0,3,0,0,0,3,1,12,0,0,3,7,0,0,4,1,5,0,0,10
56,6,7,2,50,7,0,0,0,0,21,5,0,0,0,0,0,2,0,5,8,0,7,11,0,0,0,0,0,6,0,0
0,10,23,4,25,18,0,4,0,17,35,15,0,8,0,0,0,0,0,1,1,0,0,0,0,0,0,4,0,0,10,1
0,0,11,1,7,2,4,0,8,27,29,58,7,0,2,3,0,0,0,0,0,0,0,2,7,0,0,1,5,8,0,0
61,12,14,0,0,0,0,0,0,4,0,0,0,0,0,0,0,0,4,4,0,0,6,0,0,0,6,0,1,0,11,0
4,0,28,0,7,0,7,0,0,0,0,13,0,8,6,0,4,2,0,3,0,16,3,0,1,6,0,3,7,0,0,0
0,13,13,1,9,0,0,7,0,5,0,0,0,16,10,0,2,4,0,0,0,1,0,1,4,0,0,0,0,2,0,19
3,0,0,8,0,0,6,6,3,0,0,9,0,0,3,8,8,2,0,0,3,8,0,1,0,0,2,0,0,0,0,4
0,2,0,8,0,0,0,0,4,0,13,0,6,4,0,0,0,0,4,2,7,2,0,5,0,5,3,0,0,6,0,0
10,0,8,10,0,0,0,3,6,0,9,0,0,10,0,4,0,2,0,0,1,0,4,3,0,0,0,0,5,2,2,0
73,0,11,0,7,0,0,0,0,6,0,10,0,9,3,0,0,1,0,9,0,9,0,0,0,28,0,0,0,0,0,0
0,0,0,4,6,5,2,0,19,0,0,0,20,0,0,11,0,2,0,1,2,0,5,10,0,7,3,16,19,0,0,6
41,0,6,0,0,7,0,0,0,0,9,0,0,1,19,10,0,0,0,11,1,0,3,0,3,0,7,0,0,0,13,0
0,0,8,0,0,3,13,12,0,5,33,5,0,0,4,0,6,8,11,0,6,0,15,0,11,0,0,0,0,19,16,8
0,0,19,0,20,0,0,14,0,0,44,19,0,0,5,0,12,0,17,0,16,0,12,0,0,0,10,0,10,17,0,0
0,0,21,0,0,0,11,0,0,7,49,19,0,0,15,0,0,0,14,17,8,5,3,4,8,0,0,2,9,0,13,0
0,21,31,0,0,0,0,38,4,2,25,0,0,24,0,9,0,0,0,0,33,0,5,5,12,2,13,0,0,29,9,0
41,0,0,0,23,5,0,0,8,0,13,58,0,16,22,13,2,6,0,8,0,16,0,0,6,0,0,28,0,0,0,0
76,0,0,9,0,0,6,0,0,22,14,4,0,0,0,12,0,3,1,3,13,6,15,0,0,3,0,7,0,0,0,0
106,0,5,7,23,0,0,21,0,0,0,11,0,0,39,231,37,0,19,14,0,17,14,4,18,3,0,1,2,0,3,0
0,0,0,0,0,0,0,16,6,18,14,0,23,17,214,158,195,4,0,0,0,16,23,0,0,17,16,0,0,0,7,0
0,0,6,0,11,0,16,3,0,2,13,0,0,16,168,174,145,1,0,0,0,0,4,3,0,0,24,1,7,5,0,0
0,0,3,8,0,7,23,0,13,28,0,0,0,0,0,51,0,1,32,0,0,0,13,0,6,17,0,0,0,0,22,0
114,0,0,17,0,0,0,24,4,6,0,0,10,1,0,0,23,0,13,16,8,17,23,0,0,0,0,0,0,0,2,0
0,0,2,8,0,45,0,5,3,18,0,4,0,0,37,0,0,0,0,5,0,0,11,18,6,0,0,0,2,0,32,12
42,0,12,0,16,0,0,22,0,3,8,0,4,16,21,13,16,13,0,7,0,10,0,0,2,6,0,7,17,0,0,0
0,0,0,0,9,1,0,0,0,0,37,5,0,0,0,19,0,0,5,10,3,0,0,0,17,0,0,13,14,0,1,0
0,0,0,14,0,10,0,0,10,0,33,0,7,1,28,0,7,10,0,10,1,0,0,11,1,16,17,0,10,0,11,10
0,0,0,12,0,0,1,0,0,5,1,9,3,5,0,10,0,2,2,0,0,5,0,0,0,0,0,19,0,3,7,19
11,0,0,9,5,0,0,0,2,0,45,47,30,0,0,33,0,0,0,0,12,0,0,2,4,20,0,0,40,0,6,0
29,0,0,0,0,8,0,3,0,0,27,10,19,0,23,1,13,38,7,0,0,0,0,4,7,3,0,114,32,1,0,0
26,0,3,38,11,0,0,0,0,0,0,13,3,0,0,27,0,0,0,0,0,8,0,22,29,6,49,0,0,0,0,0
22,0,0,0,0,0,0,34,0,8,17,3,0,7,0,0,0,0,0,1,9,0,0,0,18,4,7,11,10,3,0,0
0,9,1,10,43,0,0,0,0,18,37,0,6,0,0,10,9,0,18,0,23,0,12,0,30,4,0,0,3,14,0,22
0,7,12,0,54,5,6,20,3,57,51,0,0,21,0,9,6,2,0,11,13,0,17,2,0,4,0,0,0,0,0,0
0,18,11,11,1,18,0,0,16,43,29,36,0,0,0,0,3,0,0,9,5,7,0,10,6,0,0,0,16,20,0,0
37,0,7,11,0,8,1,0,0,5,1,6,0,0,7,0,16,0,5,0,0,14,24,0,11,6,7,0,0,0,0,14
25,5,0,0,7,0,0,0,0,21,0,0,0,13,5,0,0,0,2,0,12,1,8,4,0,0,10,0,0,4,5,0
102,6,0,0,2,36,19,0,0,12,11,0,0,38,0,4,22,0,3,0,24,0,17,3,0,8,3,0,9,0,3,3
16,0,0,0,37,4,1,6,3,0,0,15,0,0,0,9,0,0,15,0,0,7,0,0,0,0,0,7,0,0,0,10
1,0,7,5,22,3,0,7,33,5,0,0,0,2,3,0,0,0,0,13,0,9,0,11,15,0,0,0,1,0,3,8
0,32,4,38,0,0,0,23,14,4,0,2,0,8,0,0,2,0,3,0,0,0,17,7,8,18,0,1,0,12,0,19
0,9,0,0,3,0,0,0,5,0,27,0,0,0,0,0,0,13,13,3,36,0,6,0,14,8,0,4,19,0,0,0
0,0,0,0,20,4,2,4,0,0,3,7,0,0,1,8,0,21,0,16,15,0,0,1,0,0,0,0,0,0,0,6
0,0,8,6,0,5,0,0,9,0,0,0,6,2,12,0,6,10,2,0,0,1,0,0,0,0,0,10,3,0,6,0
0,0,0,3,0,0,1,3,6,0,1,0,5,0,0,0,0,0,0,0,0,12,0,0,3,0,11,0,0,0,0,5
0,0,0,7,0,0,0,7,0,0,11,1,0,0,3,0,0,0,0,1,1,5,3,0,2,0,2,0,0,0,0,8
10,2,1,0,1,0,5,0,0,0,39,69,0,2,1,0,12,0,0,2,0,5,0,5,0,0,4,0,0,0,2,14
40,2,0,15,0,0,0,0,0,1,0,0,2,18,0,4,0,0,0,8,57,4,16,0,3,12,0,2,1,0,0,0
0,0,7,0,0,17,6,0,0,14,8,26,0,20,28,2,0,0,0,0,9,5,1,4,0,7,0,0,0,0,0,2
87,0,1,0,0,0,0,0,0,28,18,9,3,0,3,45,0,28,10,0,1,21,6,0,6,0,0,0,5,0,0,7
0,4,0,0,0,10,1,0,6,0,2,0,5,0,0,4,0,26,6,5,42,17,0,7,13,0,3,0,0,6,11,9
14,0,7,0,1,0,1,5,2,0,0,0,0,0,6,48,23,7,0,0,20,6,3,1,0,0,16,0,0,0,7,18
0,8,0,1,1,0,0,6,2,0,14,20,5,2,0,23,0,0,0,6,0,0,4,0,7,53,33,0,0,0,0,5
0,0,0,0,0,7,1,0,0,1,3,0,13,4,0,16,1,0,46,0,0,6,0,0,0,10,8,9,0,0,18,4
0,0,17,3,0,0,0,0,0,9,0,4,4,0,6,0,0,3,7,0,0,0,0,4,0,19,9,0,8,8,0,0
0,13,0,0,0,16,3,0,3,3,0,1,1,8,0,0,1,1,6,0,0,0,16,8,0,0,10,4,3,0,4,0
0,0,5,0,4,0,4,0,5,0,8,8,4,0,7,9,0,3,0,0,4,0,11,0,3,0,12,4,1,0,0,0
0,0,3,2,9,1,0,6,0,0,10,7,0,2,1,0,0,0,0,2,0,0,4,0,21,0,10,0,0,4,0,0
0,0,0,0,0,0,0,0,0,5,0,8,1,4,5,0,1,0,0,7,0,1,0,0,9,0,0,0,0,0,0,10
36,0,6,0,0,1,0,19,0,0,0,7,5,0,0,1,2,0,0,0,0,2,0,0,8,3,4,0,3,0,0,0
58,4,0,0,0,3,3,0,0,0,0,12,8,0,0,0,4,0,8,0,19,0,1,5,13,10,0,0,54,1,5,3
0,12,0,0,0,0,0,6,0,0,21,9,5,9,7,3,0,4,1,9,3,3,5,0,13,0,7,55,48,12,0,0
83,0,0,3,10,0,3,0,0,0,0,8,0,5,4,6,0,1,0,0,3,1,0,18,1,0,62,5,3,0,16,0
0,9,0,0,0,18,9,0,12,5,41,13,2,0,0,0,0,2,0,0,0,3,0,5,0,0,16,3,8,0,5,0
0,0,0,0,20,2,0,0,0,18,35,0,0,1,7,11,0,1,1,2,0,0,0,1,3,0,0,0,14,0,0,8
66,0,6,5,35,20,8,0,6,19,55,16,0,0,0,0,0,0,0,0,2,0,0,4,0,11,3,0,1,6,0,0
0,20,4,0,4,11,3,0,0,32,20,32,0,2,0,0,9,5,0,13,0,0,5,5,0,0,3,0,5,2,0,0
0,3,0,2,10,12,0,0,0,0,3,6,0,0,0,1,0,0,4,5,0,0,0,5,0,0,0,0,0,4,0,16
0,0,7,0,12,6,0,0,2,0,2,0,0,1,0,0,1,9,0,0,0,3,3,3,8,0,4,1,0,7,0,0
55,6,0,0,6,0,0,14,0,1,2,0,0,1,2,3,4,10,0,0,7,0,0,0,0,1,1,0,4,1,0,0
3,0,12,0,2,0,0,0,0,14,0,7,0,0,0,4,5,5,0,14,3,0,3,0,0,0,0,7,0,0,14,0
0,0,0,0,1,18,0,0,3,0,0,12,17,0,0,0,0,5,3,0,5,14,19,2,0,0,7,0,0,0,0,0
41,0,0,2,0,11,0,0,0,9,4,15,2,16,0,0,12,0,0,5,0,2,0,0,0,0,0,0,0,14,0,0
19,0,0,16,31,36,0,0,5,0,19,16,2,0,16,4,9,16,0,0,8,0,0,22,17,15,4,1,1,0,14,10
13,13,0,22,0,8,7,9,0,0,20,8,0,0,0,12,0,0,0,7,1,0,26,0,7,1,20,0,0,0,0,14
0,10,0,3,0,33,0,9,16,0,24,0,0,11,6,10,2,0,28,0,0,0,0,11,0,0,0,20,0,41,0,0
0,0,13,15,20,7,31,24,15,8,0,18,0,15,0,12,4,18,0,3,0,0,0,0,23,0,3,9,0,0,23,48
0,6,18,0,13,25,9,4,17,12,0,18,0,0,0,4,2,16,12,0,0,0,0,11,6,3,0,0,0,6,6,0
0,29,17,0,7,6,22,0,19,9,0,72,0,0,0,0,12,8,60,0,36,0,0,0,0,0,0,23,5,11,0,26
0,0,0,6,0,0,0,8,26,0,25,0,0,0,0,37,0,0,0,3,0,29,11,10,0,0,13,10,0,0,6,2
25,0,0,36,0,2,6,4,0,0,38,13,0,19,3,0,0,0,0,49,0,0,6,0,16,0,0,12,6,0,0,35
0,0,5,3,0,0,8,0,0,31,7,0,16,0,0,43,0,33,22,8,140,0,22,3,0,11,5,0,6,6,3,0
0,24,3,0,4,8,19,0,5,8,0,0,0,0,0,26,7,41,20,16,192,95,15,18,0,22,16,0,5,10,13,0
0,0,25,10,0,0,0,2,0,0,0,6,0,7,16,5,0,10,0,148,196,144,11,0,0,0,4,0,0,10,2,0
0,6,0,0,0,0,0,0,0,0,0,32,3,4,27,26,0,0,0,4,100,6,212,125,4,0,0,6,0,8,0,14
101,0,0,0,0,0,0,0,5,8,0,0,0,7,0,14,0,0,41,0,0,0,141,132,0,21,12,33,0,3,8,10
0,0,2,29,30,17,16,1,26,1,10,0,0,5,0,0,0,0,10,25,2,0,8,0,0,0,0,0,0,0,0,0
0,6,0,1,0,5,0,0,0,0,0,0,10,0,0,0,0,9,0,6,0,0,4,13,0,5,0,0,12,0,0,14
21,11,31,0,0,0,0,23,0,1,13,3,25,0,0,10,6,5,0,0,19,0,8,0,0,4,0,14,0,0,9,0
0,0,16,1,31,50,1,17,2,0,4,14,0,0,9,22,0,4,0,0,3,16,0,9,0,0,0,10,4,26,0,30
53,20,0,17,11,5,0,0,23,8,0,0,0,9,2,0,0,18,0,0,6,0,0,17,0,0,5,0,0,15,29,9
72,10,26,0,25,0,18,37,3,0,0,17,7,0,0,0,26,0,12,0,23,6,20,0,13,0,0,2,8,0,0,0
0,26,22,0,0,11,0,0,0,0,7,7,0,1,13,14,16,0,0,10,0,16,0,11,1,28,0,0,19,21,0,0
84,4,0,0,0,0,9,10,0,0,39,3,0,16,11,3,0,5,8,0,0,0,0,3,8,33,18,70,70,6,13,0
23,0,0,17,0,0,13,18,3,0,0,1,25,0,4,16,3,11,9,2,19,14,16,0,41,0,57,27,0,0,16,0
0,2,0,21,0,0,0,1,0,18,0,9,0,4,0,14,0,0,1,0,12,12,1,0,0,0,0,10,0,0,12,0
0,6,10,0,48,0,9,0,0,19,17,0,0,0,0,0,0,0,9,1,7,0,14,0,0,0,5,0,5,0,11,0
0,0,26,41,40,30,0,0,2,23,34,8,0,4,5,11,0,21,12,0,5,6,5,0,6,1,0,0,0,0,0,6
0,14,0,4,14,0,2,0,0,44,10,11,26,4,6,10,3,0,0,0,0,37,0,0,22,0,0,7,15,0,1,2
0,4,0,0,0,0,0,7,1,0,10,0,0,0,16,0,14,9,15,0,0,0,22,0,0,22,37,0,19,13,28,0
35,4,10,31,0,20,0,0,0,0,16,4,0,0,2,9,0,8,22,3,0,7,28,18,0,4,18,18,3,0,0,0
24,23,0,0,28,27,30,10,7,0,0,0,2,14,0,8,0,9,7,4,9,9,4,4,0,6,0,2,0,0,7,15
28,0,0,0,3,18,0,0,1,0,0,6,0,0,0,0,0,0,0,0,6,5,0,6,16,9,0,0,4,3,3,3
2,4,0,11,0,0,0,5,0,1,2,0,16,0,0,16,0,8,19,0,7,0,21,0,4,12,40,0,0,0,0,14
17,0,6,6,6,0,0,19,0,0,0,0,0,0,0,0,0,0,0,1,2,2,0,16,0,0,7,7,3,0,0,0
81,0,10,3,8,6,0,1,0,5,1,1,4,7,0,5,0,3,0,0,3,0,0,0,0,0,0,0,0,0,6,14
0,0,0,0,4,0,0,0,0,0,0,0,0,2,9,0,0,0,4,3,1,0,8,0,0,9,12,0,0,0,0,18
11,0,3,0,0,1,0,0,3,0,0,13,0,0,0,0,0,0,0,0,0,6,1,0,0,2,9,0,0,0,0,0
1,0,11,0,0,2,4,5,0,0,0,2,0,0,0,0,0,0,3,6,7,4,2,0,0,5,0,0,0,0,0,1
1,0,5,0,10,2,0,0,4,0,21,1,0,3,0,2,0,3,0,0,0,4,0,0,0,0,7,0,0,0,0,0
3,0,0,0,5,0,0,3,0,0,42,26,0,0,0,3,0,0,4,0,5,4,0,0,7,0,0,13,0,3,9,8
20,0,2,5,0,0,1,0,0,0,12,0,0,9,0,7,0,3,7,4,64,14,0,7,2,0,0,0,0,0,7,0
29,1,0,0,0,0,0,8,5,7,0,20,2,23,0,14,0,0,3,3,4,2,0,0,0,0,5,11,2,0,9,2
0,0,3,4,0,0,0,0,0,2,0,0,13,14,0,36,0,23,10,3,8,0,0,4,0,0,0,1,0,0,0,1
70,0,2,0,6,0,0,0,10,2,8,3,9,0,0,19,0,8,9,5,0,9,15,0,0,0,5,1,4,6,0,0
94,0,3,4,4,5,1,0,8,0,0,0,0,1,0,60,39,1,3,0,6,0,0,5,9,0,6,2,3,2,11,0
72,0,5,0,3,0,5,0,0,0,0,6,0,0,0,20,9,0,0,0,0,0,8,6,2,0,0,0,4,0,4,13
0,0,0,16,0,0,0,0,2,0,0,0,0,5,0,0,8,0,45,8,0,0,0,0,2,0,0,0,0,8,0,0
103,8,0,0,0,9,0,2,0,0,6,9,0,0,0,0,0,0,23,0,0,0,1,7,3,0,0,0,1,0,2,23
0,0,0,4,0,0,0,0,5,0,1,6,3,0,0,0,0,0,8,7,0,0,5,0,0,0,10,3,0,0,0,3
40,0,1,5,2,7,0,7,0,0,0,4,0,3,0,3,0,9,0,0,31,2,0,11,7,1,8,0,5,0,2,0
0,6,0,0,15,4,11,0,0,0,0,0,0,2,0,0,6,3,7,0,31,0,0,4,0,0,0,1,3,4,7,0
34,0,0,0,0,0,0,8,3,3,0,5,0,0,0,0,5,3,0,14,4,3,0,3,7,0,5,0,0,0,3,0
0,0,0,1,3,5,0,4,7,5,0,0,0,0,2,0,0,2,0,0,3,1,6,0,0,7,0,0,0,10,0,5
55,0,1,0,0,0,5,7,3,1,0,0,0,9,0,0,9,0,0,0,0,6,1,0,11,23,0,0,36,0,0,0
46,0,0,2,0,0,0,0,7,6,25,41,4,0,6,5,0,0,0,0,4,3,0,0,4,7,4,65,33,5,0,18
83,1,9,8,12,0,1,0,0,0,2,4,0,0,8,4,1,5,0,0,0,0,0,8,0,3,54,4,0,0,0,0
0,0,0,0,0,8,0,0,0,0,0,19,9,0,0,2,0,0,0,0,0,2,5,0,0,0,7,0,4,0,0,0
0,4,12,0,23,6,16,0,0,4,26,6,0,10,0,0,0,2,8,0,0,0,0,4,0,1,0,0,4,0,0,19
21,2,12,1,28,26,7,2,1,6,37,1,3,0,0,7,0,0,2,5,0,0,8,9,0,7,0,0,0,8,0,0
0,18,7,10,0,12,0,5,7,17,16,44,0,0,0,0,0,2,0,0,0,0,3,4,0,1,5,0,0,13,0,0
67,0,3,6,5,0,0,0,0,0,20,7,0,5,0,7,0,7,0,0,0,0,0,0,0,8,0,7,7,0,12,27
17,0,19,3,0,0,0,0,5,6,0,1,0,14,0,0,12,1,8,0,0,4,9,0,0,4,0,0,3,0,2,6
0,0,11,3,6,6,0,0,0,4,0,0,0,0,4,3,0,0,0,0,0,2,0,2,2,0,0,4,5,0,0,6
0,0,4,8,0,0,5,4,5,0,4,5,0,0,0,0,0,0,0,0,0,0,4,1,6,2,0,0,1,5,0,0
2,0,0,0,0,0,1,0,1,6,7,0,9,9,0,0,0,0,4,7,0,2,0,2,0,0,0,1,1,10,0,22
0,7,0,0,0,0,0,8,0,0,1,8,3,4,0,1,0,0,0,0,0,4,0,0,0,0,0,10,0,0,0,0
78,0,0,0,0,0,0,1,0,7,1,4,2,0,3,3,2,0,0,2,5,0,0,8,0,0,7,0,0,11,5,5
13,0,0,5,0,11,0,6,5,0,0,0,12,1,2,9,0,3,0,4,7,0,0,0,7,0,4,0,1,3,0,0
7,0,0,0,0,0,0,0,1,3,1,0,0,0,0,8,0,0,0,4,0,11,0,0,0,6,0,5,0,0,0,0
3,0,0,1,0,0,7,0,0,0,17,0,0,0,0,0,0,0,1,0,0,6,0,2,1,0,0,0,0,0,1,0
5,0,0,0,4,3,0,2,0,2,30,16,0,0,0,0,0,0,8,4,1,0,0,0,3,2,2,0,7,0,0,9
0,0,0,0,15,7,2,1,4,0,48,71,3,0,0,1,0,0,0,0,0,0,0,8,0,3,6,0,1,0,8,0
0,0,0,1,0,0,0,0,0,7,0,0,0,11,0,0,6,5,0,0,75,0,0,4,0,0,0,0,0,6,0,0
0,0,6,0,9,0,1,3,0,14,0,29,0,0,16,5,0,3,0,0,6,0,0,9,13,0,3,0,0,6,3,0
0,0,2,0,0,0,5,0,4,31,6,5,17,4,0,37,3,28,15,0,5,4,4,0,3,10,0,0,2,0,0,0
0,0,2,10,0,0,0,0,0,0,0,0,2,0,0,35,0,23,0,0,0,13,0,0,0,4,9,1,4,0,0,4
92,0,4,0,9,0,10,18,10,0,15,16,4,0,0,35,38,0,8,7,16,0,0,0,2,11,11,0,3,1,0,11
0,3,12,9,3,0,0,7,0,6,0,15,1,0,6,20,6,0,0,0,0,0,7,0,0,7,2,0,2,0,4,13
97,0,8,0,6,0,0,3,0,0,6,4,0,0,0,10,12,0,36,8,0,0,1,0,0,0,27,0,1,0,0,22
0,0,2,18,0,2,0,1,0,1,0,0,0,0,2,0,4,0,0,1,5,0,0,7,0,0,1,9,7,0,0,16
0,0,7,10,0,0,6,2,0,0,6,6,2,0,0,0,0,0,4,4,0,7,13,0,3,9,9,0,0,0,0,0
0,3,6,0,0,0,0,1,0,0,0,0,4,0,6,0,0,2,3,0,22,0,4,1,0,4,8,0,0,2,4,5
4,2,4,7,3,0,0,0,0,0,13,4,0,0,6,0,8,0,10,4,17,0,0,6,0,0,6,0,3,2,0,0
33,5,3,0,16,4,0,9,8,0,9,0,0,11,0,0,9,8,10,0,9,11,9,0,14,2,0,0,6,7,0,16
0,10,0,0,3,12,0,15,3,0,0,9,0,1,3,6,4,0,8,0,10,6,0,6,13,0,7,0,8,0,1,0
0,1,0,0,0,1,0,0,0,6,4,0,0,0,0,0,0,1,0,0,0,0,0,4,8,33,7,0,58,0,0,0
6,0,2,0,19,0,1,0,0,5,10,28,0,6,0,5,0,0,3,11,13,0,0,4,3,9,14,59,25,2,0,10
53,2,0,0,0,4,3,4,10,0,10,4,0,14,0,0,0,7,3,0,8,0,0,4,3,12,55,0,8,0,0,10
0,0,7,0,0,10,3,0,11,7,9,27,0,7,0,0,1,3,4,2,0,1,0,0,0,0,0,5,0,2,0,0
35,3,2,2,20,0,6,3,9,0,38,0,0,2,0,9,0,0,0,2,0,0,0,1,1,0,2,1,0,0,1,3
85,0,12,2,19,33,3,0,10,23,59,0,6,6,8,0,0,0,0,0,0,0,0,0,0,0,6,2,3,0,16,0
107,19,7,4,0,9,0,11,0,15,16,42,2,4,5,3,2,0,0,6,0,0,0,0,3,5,0,0,0,2,0,0
117,4,7,0,3,3,0,0,7,2,13,9,2,0,0,0,4,1,7,0,5,0,11,3,3,4,3,11,6,0,1,6
0,1,1,0,3,0,0,2,0,7,0,0,11,7,0,1,0,0,2,4,0,0,0,0,1,2,0,0,0,8,0,5
0,5,5,0,0,5,0,0,12,3,9,4,0,0,0,0,0,0,0,0,0,0,0,4,8,0,4,5,0,0,6,1
7,4,4,0,0,0,0,0,0,0,3,0,5,0,2,0,1,0,6,2,0,0,0,2,0,0,1,8,3,3,0,1
15,0,8,0,0,8,3,1,0,0,2,0,0,1,0,0,1,0,0,0,8,0,0,1,0,0,0,0,0,0,2,13
0,3,3,0,0,3,2,0,0,1,0,0,0,0,0,7,0,0,3,0,0,0,0,8,0,7,1,0,4,0,13,26
62,0,0,0,0,4,1,12,0,0,6,2,0,0,0,0,0,0,0,7,2,0,9,0,2,0,0,0,0,5,10,0
3,5,0,0,0,0,0,1,3,1,3,1,4,0,2,0,6,0,0,0,10,0,4,0,3,0,3,0,5,0,3,3
0,0,2,2,1,0,6,3,1,0,0,6,0,0,0,4,0,1,6,4,2,8,0,1,2,4,0,0,0,4,0,10
4,0,0,2,0,12,7,6,13,0,5,0,0,0,0,0,0,0,1,0,1,0,7,0,0,4,0,10,3,0,2,8
0,9,0,0,0,2,0,0,0,0,26,1,0,8,9,0,0,7,4,4,1,0,0,0,0,9,0,0,1,0,6,7
18,0,0,5,7,2,10,12,5,0,57,102,0,1,0,2,0,0,3,4,1,0,3,2,0,0,0,1,0,0,0,11
33,7,3,3,0,4,0,0,6,5,16,0,0,4,3,0,0,1,0,8,70,7,0,0,2,3,2,0,0,0,22,0
0,0,6,1,0,0,0,0,5,16,0,16,0,28,37,0,0,0,1,0,10,0,0,2,2,0,0,0,1,6,0,0
0,0,13,0,0,0,0,0,3,32,36,0,19,2,0,32,0,22,8,2,13,3,4,0,4,0,0,1,0,8,6,9
113,5,0,0,6,0,0,9,18,0,14,4,4,0,0,24,0,18,0,3,6,13,18,0,0,0,0,16,4,1,1,0
0,0,0,3,10,7,1,3,1,1,35,4,0,0,0,31,21,3,0,0,10,0,4,0,0,0,0,2,0,5,3,0
0,6,7,4,1,2,0,3,4,0,28,13,1,0,2,31,0,3,1,1,0,3,0,3,0,3,0,1,1,0,4,0
0,0,0,0,0,0,0,6,0,0,16,7,0,1,0,0,4,0,56,11,0,0,0,0,0,0,16,0,0,0,0,0
24,0,0,0,4,0,2,4,0,0,6,11,8,0,0,6,0,0,0,4,0,4,1,0,0,0,19,12,4,2,2,2
13,2,0,0,0,1,0,0,0,0,0,0,0,0,0,0,0,0,3,0,0,7,9,0,0,1,0,0,2,0,8,0
19,0,6,0,3,1,0,0,0,2,0,4,0,10,5,0,0,0,0,2,26,4,4,0,1,2,3,2,0,1,4,12
0,4,0,1,9,0,3,0,4,0,10,1,0,3,0,0,0,0,6,0,13,0,0,2,0,0,0,1,0,8,8,2
26,5,10,0,7,7,0,0,16,4,0,0,0,9,9,8,2,4,2,2,3,11,0,0,12,0,0,0,0,0,3,0
0,0,0,0,0,0,1,0,0,6,0,0,0,1,0,0,0,0,0,0,7,0,0,1,2,0,3,0,0,0,1,0
38,8,1,0,5,0,0,0,4,3,6,0,0,0,0,0,0,0,0,0,1,1,0,0,2,33,0,0,58,1,0,24
52,4,0,0,0,0,0,0,4,3,20,19,0,0,0,5,11,0,0,2,2,0,0,2,0,2,0,58,38,5,8,18
88,0,0,11,5,0,0,1,0,0,7,0,5,0,7,11,0,0,9,0,0,2,0,11,0,0,61,1,0,1,0,0
39,0,0,6,0,0,0,0,0,0,0,24,0,7,3,3,7,0,0,7,0,0,1,0,0,6,5,0,10,0,0,17
13,0,0,2,37,0,5,0,0,0,23,3,9,0,4,0,2,0,0,0,0,0,0,0,0,0,0,0,5,0,0,8
0,0,8,1,21,21,5,0,0,12,49,3,2,0,0,0,0,0,0,0,5,0,1,1,0,4,0,0,0,5,7,0
0,14,0,7,0,13,1,6,0,19,11,49,0,6,0,3,0,0,0,0,0,10,2,0,0,0,1,0,0,3,0,11
75,0,0,0,0,0,0,0,0,1,7,2,1,0,0,0,0,0,0,0,0,0,5,0,5,4,0,0,4,0,0,15
5,7,7,2,6,0,0,0,6,8,2,8,1,0,5,0,6,0,0,0,0,0,5,0,0,0,8,4,1,0,1,6
0,0,0,0,2,3,0,11,0,1,5,4,0,7,0,0,0,4,4,3,2,3,0,3,0,5,0,0,0,0,0,14
0,0,3,0,4,0,1,9,8,0,0,9,3,6,0,7,2,0,0,10,10,2,3,1,2,0,4,0,2,3,7,19
0,8,6,0,0,13,2,0,2,0,0,5,0,9,0,5,13,4,0,0,1,0,0,0,11,0,0,0,0,0,8,31
0,2,1,0,1,0,0,0,0,1,0,4,2,0,4,1,1,8,1,4,0,4,3,4,0,3,0,0,0,0,0,18
77,0,0,8,0,1,0,16,0,0,16,9,0,0,7,21,0,0,0,6,5,3,0,0,0,16,15,2,1,0,0,9
6,0,5,5,12,0,0,14,9,0,4,3,21,0,7,0,5,0,0,7,0,0,0,16,0,0,0,0,5,0,0,9
51,4,0,0,0,0,12,14,22,0,17,3,28,0,11,0,5,0,6,9,17,7,0,17,1,5,3,0,25,11,2,25
32,0,10,14,8,0,0,2,0,19,22,0,18,10,0,0,0,12,0,0,0,0,0,0,0,0,0,0,0,0,0,1
26,0,4,0,20,0,0,2,0,0,0,19,0,10,0,0,0,3,0,11,15,0,10,6,0,0,0,0,12,2,0,0
18,0,11,1,27,1,13,0,14,0,37,57,0,0,6,12,9,0,1,0,16,0,3,11,10,0,14,3,0,0,0,5
40,3,3,0,0,0,0,9,7,0,16,4,6,9,11,3,32,0,9,0,104,0,0,0,9,0,21,2,0,14,16,0
0,14,5,0,18,0,12,0,10,14,0,0,26,22,20,27,0,6,0,0,12,0,0,17,0,0,3,0,0,11,0,14
0,0,16,0,16,1,0,0,0,18,0,0,0,66,4,12,9,13,2,12,0,19,0,28,0,0,0,11,4,19,23,0
1,0,5,0,0,9,0,0,13,0,0,0,26,15,0,188,131,0,0,4,0,9,1,0,0,0,11,0,0,9,2,0
0,0,0,12,0,10,9,1,170,55,25,0,0,0,0,14,11,0,5,8,14,16,0,2,15,3,16,12,30,2,0,0
56,26,0,5,0,0,0,125,195,197,14,0,0,0,0,38,0,13,22,0,0,0,5,0,3,0,11,0,0,4,54,0
116,49,4,26,20,0,1,33,190,195,0,8,1,0,5,11,16,0,45,0,0,0,7,16,0,0,14,5,25,0,22,17
74,16,0,0,0,0,0,0,182,104,0,0,0,9,6,10,0,6,0,1,26,6,0,10,0,0,0,18,19,0,11,41
74,0,32,27,27,0,43,11,0,0,11,0,0,0,0,0,22,0,0,19,19,0,1,0,8,0,0,5,1,15,0,0
0,0,35,4,0,1,0,0,17,0,13,0,12,26,7,0,2,32,2,1,0,7,5,17,0,0,11,0,0,0,18,5
34,0,23,0,20,19,0,29,12,4,8,0,0,1,0,0,9,0,0,0,48,5,0,0,1,0,0,26,0,27,0,0
13,16,0,0,1,7,0,17,6,0,29,0,10,0,0,29,6,0,0,0,1,0,0,0,31,18,0,0,13,0,19,19
0,0,0,0,0,13,0,7,0,0,0,5,0,8,12,0,4,12,0,14,14,8,0,0,0,0,0,3,15,0,20,23
0,10,19,0,15,3,0,0,30,0,49,2,5,10,2,0,0,0,0,30,7,7,0,0,0,40,0,5,67,0,0,2
6,0,0,15,0,8,0,0,0,0,0,28,11,12,0,0,13,0,33,13,8,0,0,4,4,59,0,16,50,5,4,36
0,0,0,7,0,0,0,18,17,0,0,10,13,0,0,0,0,8,0,0,0,0,0,28,8,3,61,4,18,0,0,7
0,0,0,29,0,0,0,0,0,7,44,0,31,0,0,0,0,8,0,2,0,0,6,3,5,11,16,0,0,0,12,0
0,0,0,0,28,0,28,8,0,0,42,21,10,0,0,0,20,9,12,3,0,0,0,22,11,0,0,0,12,4,11,0
0,2,22,16,19,0,0,4,0,11,2,16,18,21,0,0,0,1,11,4,4,8,14,4,10,5,7,0,23,0,3,24
84,16,6,7,7,7,0,28,25,14,7,80,0,10,0,0,0,0,0,9,0,3,7,0,25,8,5,5,0,13,0,10
0,7,11,0,2,11,0,0,11,0,10,0,0,7,19,14,16,0,16,0,18,0,1,0,0,3,9,12,0,21,11,34
9,0,32,14,8,3,4,9,4,0,0,0,5,9,0,16,0,4,0,0,4,0,0,0,1,0,0,0,0,7,9,0
44,0,16,0,11,15,5,0,4,15,16,0,0,0,0,16,0,0,0,0,21,0,0,0,3,8,2,0,19,8,1,8
0,16,0,0,23,5,0,10,0,18,0,0,0,24,0,0,18,9,0,17,0,0,0,12,0,6,0,0,0,3,0,6
1,5,0,4,0,0,0,22,7,0,11,18,7,16,0,0,0,9,0,0,5,5,2,4,5,0,0,4,1,0,0,10
0,0,3,0,0,0,0,16,0,0,0,9,0,0,1,0,4,0,6,8,0,8,0,5,0,4,0,10,2,0,7,1
76,0,0,0,0,0,0,0,0,0,1,4,0,8,4,10,0,3,7,0,13,10,0,5,0,1,0,0,5,0,0,29
0,0,0,7,9,6,7,2,4,4,0,9,0,0,0,0,0,1,0,0,0,0,0,2,0,0,2,0,2,2,11,0
1,2,4,5,4,0,1,0,0,2,2,1,0,1,0,0,0,0,0,7,0,0,9,0,0,9,4,9,0,2,2,0
10,0,0,7,0,1,4,0,2,0,0,0,12,0,0,0,9,0,6,5,7,3,3,10,2,0,0,6,0,8,0,0
0,0,1,0,0,0,0,0,0,0,0,17,0,8,0,0,0,2,0,3,3,0,1,0,1,0,3,3,1,0,0,24
21,11,0,21,0,0,0,0,1,0,43,85,0,2,0,12,0,4,6,0,0,0,3,0,0,0,3,4,1,0,0,14
3,0,9,2,0,3,2,0,4,1,38,0,1,7,4,11,5,6,0,0,34,5,6,0,1,6,0,0,6,0,0,29
0,0,0,0,0,6,0,4,0,6,11,40,0,31,8,0,0,0,0,0,0,0,0,6,0,2,1,0,0,0,4,0
0,0,1,0,0,0,1,3,0,9,19,3,20,8,1,33,5,24,5,3,5,0,7,1,0,0,0,0,0,0,17,2
0,0,3,0,0,17,2,8,8,5,0,2,3,4,6,22,0,6,0,0,0,12,1,1,0,0,6,2,0,0,0,0
0,0,0,3,0,0,5,10,30,0,31,14,4,0,0,37,26,0,0,2,2,14,3,0,0,5,9,0,3,0,0,0
24,14,0,0,0,1,2,6,6,35,16,6,0,1,5,25,7,0,6,0,4,3,0,0,0,1,10,2,17,1,0,0
0,10,7,2,0,0,3,12,8,2,0,0,0,1,0,0,0,9,57,15,1,0,4,8,0,0,9,3,6,7,0,7
124,0,0,6,0,2,0,5,24,0,0,0,0,0,0,0,10,0,8,0,3,0,20,0,3,8,0,6,0,0,4,0
90,0,0,0,6,9,8,0,25,6,0,0,0,0,0,0,8,2,13,3,18,0,25,6,0,0,0,0,0,7,9,0
45,5,13,0,0,4,1,0,0,2,0,0,9,7,4,0,3,2,3,9,29,0,9,0,0,5,0,0,3,0,12,10
37,0,6,17,13,2,12,3,10,0,29,7,5,1,2,0,0,0,0,3,2,1,1,6,13,1,10,7,10,0,5,0
0,3,5,3,0,7,0,0,0,1,0,0,0,0,0,0,0,5,5,10,0,4,6,7,27,0,0,0,0,0,6,9
0,0,7,0,0,6,0,0,0,5,0,1,0,12,0,0,7,3,1,0,6,0,0,17,3,1,3,0,13,10,4,11
53,0,0,0,0,0,0,10,5,0,13,6,11,0,5,0,2,2,2,0,0,0,0,0,6,39,13,11,71,0,4,2
49,0,0,10,2,1,2,0,0,0,22,22,0,0,0,0,1,0,11,0,0,4,6,0,5,0,2,55,32,0,7,17
0,0,0,0,1,5,0,3,0,0,4,0,0,5,3,3,0,4,3,5,0,0,0,13,5,0,66,2,0,0,0,0
46,0,3,1,1,4,7,0,0,0,10,7,0,0,0,0,0,2,0,0,0,7,5,7,0,0,0,21,1,0,2,6
8,0,0,1,24,0,13,1,0,0,29,14,0,0,0,0,10,0,0,0,0,0,0,0,0,13,1,0,0,5,0,0
0,0,13,8,29,15,4,2,2,23,13,21,0,0,2,0,0,0,5,1,0,0,14,2,0,0,5,5,0,0,0,10
0,16,11,0,7,0,16,0,0,24,13,40,0,4,0,0,1,0,0,9,0,10,6,0,5,6,0,0,0,0,11,0
32,0,6,1,0,2,0,6,0,5,9,0,0,3,5,0,2,0,0,1,0,0,11,1,0,6,6,0,0,7,9,0
3,7,15,1,16,0,0,1,8,2,2,6,0,0,3,6,2,4,3,0,5,0,7,0,0,8,0,0,0,0,1,0
0,0,0,4,0,2,0,10,0,3,0,0,8,8,0,0,1,1,3,1,0,8,0,0,0,0,0,8,2,0,3,2
9,3,0,0,6,0,0,9,5,0,2,0,0,1,0,0,11,0,0,0,0,0,0,2,8,0,10,0,0,0,0,0
0,0,2,0,0,0,0,2,11,10,0,7,0,0,4,0,0,0,4,0,0,5,3,5,0,2,2,9,0,0,1,0
0,0,0,0,7,0,0,0,0,2,0,0,0,6,2,2,3,0,7,0,0,3,0,0,0,0,0,8,6,0,0,0
71,3,4,0,0,4,0,0,0,1,0,0,4,0,7,4,0,0,2,0,0,1,0,2,0,5,0,0,0,1,5,0
0,0,0,6,0,0,0,0,1,0,2,0,3,6,0,0,0,0,0,0,0,0,0,3,0,0,0,0,4,0,0,2
4,0,0,0,6,0,0,5,0,0,0,0,0,0,0,0,6,9,0,2,3,0,3,0,0,2,0,1,4,0,0,21
4,2,0,3,0,9,4,1,0,0,0,0,0,0,0,0,0,6,5,0,0,0,6,6,5,0,0,0,0,0,9,11
0,1,7,0,3,0,13,0,3,2,4,0,2,2,0,3,0,0,5,0,0,0,2,2,0,0,0,16,1,1,7,0
0,0,5,0,0,2,0,8,4,0,39,97,3,0,0,3,0,5,0,0,0,3,0,15,1,0,0,5,8,0,0,0
0,4,4,0,0,0,6,0,4,5,33,1,2,25,0,8,0,2,0,7,61,0,0,0,6,0,5,7,0,0,0,11
0,9,0,4,9,0,0,0,0,1,11,31,0,33,0,5,0,0,8,0,2,0,4,1,0,0,0,0,0,0,0,11
0,0,23,0,0,0,3,0,7,20,13,5,33,0,0,44,0,27,12,0,7,0,1,1,1,0,0,2,0,12,0,0
0,2,0,1,0,0,0,8,11,0,3,8,28,10,0,16,0,23,7,7,17,4,2,0,0,1,0,0,0,0,4,0
106,0,0,0,0,3,0,0,5,3,28,0,11,0,4,9,37,0,5,1,0,20,0,1,0,0,0,0,1,0,6,0
0,0,10,0,0,0,0,5,0,3,27,0,0,0,0,16,7,0,0,0,0,0,0,0,0,2,0,7,0,0,6,7
74,6,0,0,2,3,0,0,5,0,16,1,6,0,4,4,6,3,54,0,0,0,2,4,6,0,7,2,0,1,0,0
0,0,0,9,0,0,3,1,5,6,5,0,0,0,0,0,0,0,0,2,0,3,5,3,0,14,0,0,0,4,0,0
0,1,13,3,3,0,0,1,4,0,0,12,0,0,0,5,0,6,4,0,0,1,0,2,0,9,4,0,0,5,3,0
14,5,0,2,0,0,0,0,0,2,0,6,0,9,3,0,9,0,0,4,33,0,4,3,6,0,7,0,0,0,5,0
71,0,7,0,10,8,2,0,0,0,6,7,0,0,0,1,0,0,0,4,14,1,0,8,17,0,0,0,7,0,12,3
0,2,7,6,3,2,4,0,8,1,5,0,0,9,0,0,0,0,0,3,12,14,9,8,24,0,0,0,0,5,0,0
0,10,5,0,9,6,0,1,0,0,0,0,3,0,10,0,3,0,0,0,6,0,0,2,13,1,0,1,4,0,0,20
36,0,7,0,7,6,13,1,0,4,0,9,11,0,0,0,0,9,9,0,1,0,0,3,23,18,0,6,67,0,11,16
0,10,0,9,0,0,0,0,0,3,11,25,0,0,0,11,0,7,14,1,0,5,10,4,0,0,1,70,41,0,9,15
0,7,11,4,17,0,11,17,9,0,9,12,0,0,15,8,1,0,0,6,3,0,0,7,1,2,78,0,6,1,12,5
13,0,0,0,0,0,0,0,0,0,22,12,5,0,0,0,3,0,0,0,1,0,4,4,0,0,13,1,1,7,0,20
0,0,0,0,34,0,6,0,0,2,47,0,16,11,0,0,1,0,6,0,4,0,3,3,0,0,6,11,0,9,7,26
72,2,0,6,26,20,14,0,0,29,16,25,5,0,0,0,0,5,4,15,0,2,0,0,5,7,2,0,0,15,0,0
0,9,3,3,0,11,0,0,4,38,17,55,0,4,0,0,0,1,0,0,4,0,1,0,0,0,8,4,0,0,6,0
97,0,0,0,8,0,0,0,6,1,3,5,6,1,7,3,4,0,0,0,0,7,1,1,0,0,0,6,2,0,5,0
0,0,0,12,3,0,0,6,0,2,0,4,3,0,7,0,2,8,1,0,0,7,4,1,5,0,3,0,1,1,7,6
0,0,0,0,0,0,0,0,0,0,0,7,0,0,5,3,5,0,0,2,0,0,0,5,11,0,0,2,0,0,3,0
0,0,0,0,2,0,0,0,0,0,8,0,0,1,12,3,0,0,0,0,0,0,0,5,6,0,0,6,0,0,0,21
11,4,1,0,0,0,0,0,0,0,0,4,0,6,0,7,0,5,10,4,2,1,0,0,0,1,4,0,3,0,4,0
7,4,3,0,0,0,2,0,1,6,4,0,4,0,0,0,0,0,3,0,0,3,14,0,0,0,0,0,0,0,9,13
86,15,0,0,0,8,6,3,0,21,0,0,0,0,6,0,0,5,26,18,16,9,0,0,0,5,0,0,1,14,0,6
0,7,8,0,11,10,18,8,0,0,0,7,9,0,1,0,0,0,0,6,12,3,19,0,0,12,0,0,10,4,4,0
0,40,3,18,37,0,0,10,4,0,0,0,0,19,0,0,0,6,0,9,17,0,7,0,0,12,2,0,5,18,23,24
11,0,14,0,2,11,8,20,0,0,0,4,24,7,3,13,0,27,11,0,21,0,14,0,11,16,22,2,15,0,1,0
5,0,25,0,0,0,34,5,5,0,18,30,2,18,16,0,12,4,29,0,31,0,1,2,0,0,0,0,10,0,12,0
39,21,26,0,16,0,0,0,0,9,1,32,0,0,22,18,0,1,0,0,1,0,0,0,16,0,0,0,0,0,0,0
60,16,12,0,0,0,13,2,0,0,0,0,0,5,3,0,0,0,0,0,55,7,4,0,3,3,0,0,9,18,6,0
0,27,0,0,0,0,2,1,9,0,13,4,0,8,0,15,0,0,0,0,16,12,0,0,5,8,23,0,23,3,0,22
108,20,21,0,13,0,0,11,0,25,32,12,0,16,238,189,16,0,26,5,0,0,0,7,0,13,2,9,25,18,33,0
28,14,17,0,0,34,3,4,14,14,0,0,5,10,195,197,130,18,13,0,0,5,0,5,0,0,0,0,16,0,0,0
112,0,0,26,6,7,0,0,14,0,33,0,7,6,193,197,135,0,10,6,0,4,0,0,6,0,0,0,0,22,0,0
0,18,0,0,0,0,0,0,0,0,10,33,4,24,138,42,22,17,0,16,11,9,0,0,0,11,13,14,0,0,13,24
78,0,19,0,0,0,13,12,7,0,0,0,0,0,50,38,6,2,48,0,10,0,9,0,0,0,54,0,11,0,22,0
0,11,0,0,0,0,0,13,0,0,0,19,13,4,38,0,13,3,0,6,0,34,18,0,14,25,31,0,14,0,0,32
0,5,0,0,0,0,0,0,4,6,0,0,0,0,0,0,0,0,13,7,11,11,27,0,13,14,16,0,8,5,0,0
0,13,4,5,0,0,0,0,29,0,0,12,3,5,25,0,4,2,0,0,0,7,4,0,0,0,10,9,3,0,8,3
30,10,1,16,15,0,7,3,0,1,18,0,0,6,0,0,0,0,1,0,16,0,25,6,29,0,10,0,0,4,0,4
11,0,0,28,0,0,0,30,10,10,0,8,8,13,0,0,0,0,0,4,0,18,0,1,8,0,0,6,12,15,2,0
0,0,9,7,26,5,0,8,0,0,0,16,0,0,0,12,0,0,3,11,0,6,0,2,7,0,22,1,17,0,0,0
0,0,0,0,0,0,0,0,6,13,11,2,0,0,35,0,7,0,0,0,27,0,0,0,0,29,0,4,43,7,6,0
0,0,0,0,8,20,0,0,0,5,3,0,0,0,3,0,0,0,0,0,16,0,17,0,0,0,0,51,43,0,10,16
0,10,0,0,28,0,0,0,0,0,16,0,9,0,20,39,0,6,27,0,0,0,0,34,0,0,62,12,18,1,3,10
0,0,17,6,0,2,4,0,0,0,0,10,0,4,11,0,17,0,0,6,2,0,35,6,9,0,32,0,1,1,0,9
36,9,1,0,33,1,0,21,0,0,25,8,26,0,7,4,0,0,0,7,5,6,0,0,0,0,0,0,1,1,0,1
79,5,17,0,31,4,2,0,0,17,54,10,0,24,3,0,0,0,15,0,7,17,0,0,0,0,0,9,5,10,11,11
96,0,4,18,33,20,7,6,4,40,21,0,0,0,0,0,14,0,0,14,9,6,0,2,5,0,0,0,0,0,0,32
0,8,9,2,5,0,4,0,0,0,21,0,3,0,0,10,0,6,0,0,6,0,0,7,5,0,23,1,7,0,0,0
16,0,0,0,0,4,5,1,0,0,13,1,0,0,0,0,0,0,1,0,0,10,11,6,0,6,25,0,0,1,8,0
0,0,0,0,8,3,3,3,0,1,9,0,1,7,0,0,0,3,5,7,0,5,4,2,0,0,0,0,0,0,5,2
4,11,0,6,1,2,9,0,16,11,2,3,0,3,4,0,7,3,9,10,0,0,0,2,4,0,0,3,4,0,3,0
3,9,0,0,0,0,0,0,2,3,0,0,11,0,9,0,0,0,0,5,0,0,4,0,4,1,0,0,5,0,8,0
0,0,5,0,3,0,0,0,11,0,1,6,0,3,0,8,0,0,0,0,0,0,5,0,1,3,0,0,15,6,0,0
70,0,0,7,0,0,0,0,10,0,1,0,0,0,0,1,0,0,0,0,3,0,4,0,3,3,3,6,1,6,0,12
0,0,1,0,6,0,8,6,8,0,2,5,0,1,11,0,5,0,1,3,2,0,0,0,0,6,0,0,0,0,0,0
0,0,0,5,2,2,0,1,1,0,7,0,0,3,0,0,0,0,0,2,2,0,1,2,3,0,0,7,4,0,0,12
4,10,0,0,3,9,0,0,2,6,7,17,4,9,1,0,4,1,0,0,0,0,0,10,3,0,0,0,0,8,0,4
13,6,10,0,5,0,0,0,0,0,7,6,0,0,0,0,0,0,0,1,5,0,0,0,0,0,0,0,2,1,1,3
0,0,1,12,0,0,0,0,0,0,40,52,0,0,0,1,4,0,0,6,1,0,0,0,0,0,1,0,0,0,0,0
6,1,5,0,2,1,1,12,0,0,35,3,0,12,8,2,2,0,0,3,79,1,0,0,0,0,0,17,3,0,7,14
0,0,0,6,0,0,0,16,1,9,9,51,5,16,16,1,0,0,0,5,0,0,3,0,5,6,0,3,0,0,0,16
86,0,0,0,0,0,0,0,0,12,0,7,17,7,0,31,7,16,17,8,3,0,1,1,2,6,0,0,0,0,0,0
75,6,0,0,0,12,0,0,3,7,0,2,26,0,4,2,7,20,0,16,0,0,0,0,0,0,0,1,4,1,0,0
54,0,0,8,0,9,0,12,0,0,34,0,23,1,11,9,29,2,0,3,2,30,11,3,0,0,0,0,12,0,1,12
0,2,0,0,5,0,0,0,3,12,17,0,0,3,0,26,11,0,0,0,0,0,7,2,0,0,0,0,0,3,10,7
48,0,0,0,0,8,0,0,4,0,5,0,0,7,0,14,2,0,44,5,0,7,0,0,0,0,14,0,4,11,7,0
0,0,0,0,0,7,0,0,0,1,1,0,0,0,0,5,0,0,9,0,1,0,4,0,0,8,12,2,0,0,7,1
28,0,0,6,0,5,4,0,2,0,4,1,0,0,0,0,2,0,3,0,0,0,11,9,0,0,11,0,4,5,0,9
19,0,1,8,0,0,4,12,0,0,4,3,8,0,0,0,0,0,0,0,33,3,0,0,16,0,0,0,1,0,0,14
0,0,0,1,13,0,0,10,0,0,19,5,8,0,2,0,0,0,0,5,13,0,11,0,1,4,1,0,0,0,4,6
0,0,6,0,0,3,0,0,0,1,0,2,0,2,0,0,0,0,0,7,0,10,0,0,28,0,1,0,4,0,12,0
0,0,1,0,0,4,11,8,0,0,0,6,7,5,3,0,1,0,0,2,0,9,2,0,11,3,0,2,3,8,9,0
40,3,3,6,4,0,0,0,0,0,0,0,0,0,5,3,7,0,8,7,0,0,12,0,0,50,0,0,46,0,0,28
1,0,4,0,0,0,7,7,10,0,30,12,2,8,0,0,0,0,0,4,0,5,0,0,6,12,15,70,42,6,2,7
0,0,2,1,0,4,0,4,0,0,6,3,0,15,0,0,7,0,0,0,6,2,3,8,12,0,61,0,0,0,4,3
35,0,0,10,0,1,0,7,0,2,35,19,0,4,9,3,0,0,9,7,0,0,0,1,1,0,2,0,0,0,4,0
49,5,4,0,26,0,12,0,1,0,38,0,0,0,6,0,0,0,0,0,4,3,0,0,0,0,0,2,0,0,0,10
0,0,1,8,26,15,0,12,0,13,34,14,8,0,0,4,0,0,0,5,7,0,0,0,5,6,12,1,7,0,0,7
0,21,11,2,2,11,0,0,2,24,22,52,7,0,2,2,6,0,3,0,2,8,0,4,0,0,0,0,6,0,0,0
30,0,0,0,0,0,0,0,5,0,0,6,0,13,0,10,0,0,2,0,0,0,0,1,0,5,1,2,5,0,3,0
4,0,0,9,0,0,0,1,0,12,0,9,0,0,3,3,0,0,2,0,4,0,1,1,7,0,4,5,0,5,15,0
0,0,9,1,14,0,0,6,0,0,0,6,8,0,0,5,0,0,2,2,8,0,13,4,0,0,0,0,6,3,9,15
0,0,2,4,0,0,1,0,9,2,0,0,1,0,0,5,0,0,3,9,4,0,0,0,0,3,0,0,0,0,0,0
12,0,2,1,0,1,1,6,0,0,0,3,0,0,0,0,0,0,0,0,0,6,0,6,0,2,0,0,6,7,16,19
0,4,4,6,13,0,0,14,1,5,0,2,4,2,3,0,0,7,11,0,0,0,11,0,0,13,0,0,4,6,0,0
73,0,0,0,0,2,0,0,1,0,12,0,0,9,6,0,0,3,0,0,0,0,0,0,0,4,0,0,0,6,0,2
0,8,0,0,13,0,1,0,9,0,9,12,5,0,0,0,0,5,0,0,0,0,11,0,3,3,9,5,6,8,11,0
4,0,0,0,0,1,0,0,0,1,0,3,4,6,8,0,1,0,0,2,1,3,0,2,6,1,0,0,0,0,0,0
0,2,0,5,0,11,9,6,3,0,13,34,0,0,0,2,0,3,4,1,0,0,0,0,7,0,0,0,0,0,0,2
0,0,0,0,0,7,1,3,0,12,29,3,0,0,9,0,0,7,2,0,11,0,0,1,0,3,0,0,1,0,0,0
6,5,0,0,0,3,0,4,3,11,39,88,0,0,1,0,7,1,3,0,4,0,5,2,0,6,0,0,3,0,5,0
25,4,8,0,11,0,0,2,5,0,25,0,0,10,0,0,0,0,4,1,67,7,7,5,0,4,0,0,15,1,12,2
53,5,2,4,12,0,0,0,11,18,0,56,3,23,0,0,0,1,0,2,7,1,10,0,0,5,0,0,0,0,0,11
119,7,1,0,7,1,0,0,0,19,7,13,26,0,3,37,11,24,14,3,12,1,0,2,0,0,4,0,4,4,5,5
117,0,8,0,0,8,7,0,0,7,1,0,26,15,0,0,0,21,0,0,1,20,0,2,0,0,6,5,6,2,0,5
0,0,4,0,16,3,4,0,12,0,43,3,15,0,2,8,30,5,0,0,0,17,0,4,7,0,1,0,0,1,4,0
124,0,5,0,0,2,2,4,0,14,31,0,0,18,0,20,3,2,0,1,0,0,0,0,0,0,10,0,4,0,6,0
131,4,11,0,6,0,0,0,5,7,12,12,0,5,0,14,0,2,48,12,0,0,0,0,0,1,4,0,8,0,0,24
0,4,0,7,2,0,0,0,7,0,0,0,6,6,6,0,0,4,0,5,0,0,3,5,0,15,9,0,0,6,2,5
59,0,13,10,0,0,0,3,0,0,8,4,2,0,0,10,0,0,1,0,0,8,6,0,3,5,4,0,0,0,0,6
39,6,4,4,5,0,0,3,4,0,0,7,6,0,0,0,0,1,11,0,26,0,7,0,0,1,0,3,0,5,0,12
0,6,0,1,13,0,0,3,0,1,16,6,9,0,0,0,0,0,0,0,5,7,6,0,0,10,0,0,2,0,0,6
0,3,8,8,0,6,1,0,0,0,0,0,0,0,2,0,0,3,0,0,0,2,7,4,8,0,1,0,0,2,0,0
2,7,8,0,2,2,3,9,0,0,0,0,0,5,0,0,5,3,2,12,1,2,0,0,3,0,0,0,13,0,3,0
43,0,0,5,5,0,0,0,0,0,6,1,0,0,0,1,2,0,0,0,4,8,0,0,3,44,5,2,64,0,0,6
73,0,0,0,3,7,6,8,0,0,29,20,1,0,0,0,0,0,0,10,0,2,0,7,2,3,0,72,43,0,0,0
0,0,9,0,0,0,4,0,3,6,9,0,0,2,0,0,1,0,0,9,0,1,6,10,0,0,65,10,0,0,0,0
0,6,0,0,0,2,0,0,4,0,37,29,2,0,1,3,0,0,8,2,1,0,7,0,3,6,14,0,5,0,0,2
0,5,6,0,23,1,8,5,0,0,34,6,1,7,0,2,0,0,0,6,0,5,3,3,3,0,5,3,5,5,7,0
0,4,12,5,20,22,0,0,1,20,21,2,2,4,2,0,0,0,0,0,4,0,3,0,6,0,0,0,0,0,4,10
45,17,7,2,8,11,0,0,2,27,17,53,2,0,12,5,0,10,0,0,0,7,0,5,0,3,3,4,6,6,0,0
0,0,3,8,9,0,1,12,0,0,8,1,0,0,1,6,0,4,6,0,5,0,3,4,4,2,0,0,0,0,1,17
0,0,0,0,1,0,0,5,0,0,0,2,0,0,0,14,0,1,7,0,2,0,11,9,3,6,6,0,2,0,0,0
0,14,0,0,0,3,0,12,6,5,4,0,0,0,8,0,0,0,7,15,0,0,15,0,8,4,5,0,0,0,0,11
0,0,0,27,1,0,15,2,0,0,0,0,0,0,10,18,0,9,0,0,0,0,0,0,7,0,0,16,27,0,8,17
0,8,8,16,0,0,4,42,4,0,4,0,0,0,0,16,1,1,0,0,0,11,0,0,8,0,6,0,14,24,0,21
0,0,0,7,0,0,2,5,0,0,5,0,0,0,0,13,0,0,0,19,18,0,6,5,0,0,0,5,0,0,0,9
55,24,0,0,0,0,0,14,0,0,16,0,0,0,0,0,0,0,0,1,0,12,0,0,1,19,4,20,12,8,3,0
11,0,0,6,0,12,0,0,0,0,3,0,0,9,4,41,4,0,0,0,0,4,3,0,1,0,16,0,2,17,6,8
18,2,0,2,2,17,0,0,0,0,3,0,0,3,0,0,0,3,0,0,19,30,0,2,0,0,0,0,13,0,0,0
25,0,5,0,0,2,4,0,0,1,0,49,16,3,0,0,1,1,6,10,0,4,0,5,5,4,8,0,0,0,3,0
28,24,9,0,17,6,5,1,0,13,0,9,0,22,19,0,0,7,6,0,0,0,9,0,0,1,0,0,0,7,16,0
1,0,0,0,10,0,15,7,13,1,25,72,0,0,8,0,7,0,0,0,0,1,19,3,7,9,2,0,6,1,5,0
0,16,0,0,12,0,13,0,0,2,45,10,0,19,23,0,0,0,0,1,0,0,0,0,0,0,0,4,0,2,0,12
9,0,0,21,5,0,13,0,4,26,19,30,0,43,33,29,0,0,6,5,5,1,0,0,0,3,0,0,3,0,11,0
77,0,0,0,7,15,14,0,0,23,12,11,0,0,22,82,19,4,16,14,10,0,6,0,23,18,6,0,7,0,0,0
71,0,3,0,0,0,5,0,11,0,3,0,0,0,55,73,0,0,0,0,9,0,3,1,0,0,0,0,0,1,8,0
137,0,0,20,7,0,16,4,5,8,2,12,0,22,15,17,13,0,0,0,12,0,0,2,5,2,1,0,4,7,0,23
0,0,1,2,24,0,24,4,0,0,2,3,0,0,0,5,0,0,0,0,6,0,18,0,0,0,14,2,0,0,1,36
85,0,0,0,0,0,0,1,0,0,2,2,0,0,0,6,4,0,46,0,3,10,0,0,0,0,0,0,0,2,4,0
0,0,5,0,4,0,22,10,0,0,0,0,0,0,0,0,0,4,14,0,0,0,3,2,0,6,0,7,0,0,5,0
0,0,1,7,4,0,1,6,6,0,0,1,10,1,0,6,0,0,18,0,2,1,0,4,0,0,11,0,0,7,0,0
18,0,0,11,4,15,0,3,0,0,8,0,0,0,8,0,0,7,1,0,0,4,12,3,5,7,0,5,3,1,0,9
0,8,0,0,5,6,0,0,10,2,14,3,0,5,0,3,0,0,0,0,26,0,0,1,0,0,0,0,0,0,0,0
24,0,6,3,0,8,0,3,0,0,0,0,0,0,1,3,7,0,1,3,13,0,5,7,9,7,0,4,4,0,0,0
0,11,0,3,0,0,14,10,10,0,0,0,0,0,0,0,0,0,0,4,7,0,0,16,0,0,0,6,0,1,0,9
37,0,0,0,0,0,0,9,0,0,4,0,1,0,8,0,0,3,0,4,0,0,9,0,18,32,0,0,59,0,7,6
17,2,0,0,0,8,1,0,5,7,31,20,3,2,0,0,0,10,0,12,0,0,0,0,10,29,1,50,43,3,0,3
0,1,0,3,1,2,6,0,6,1,8,0,1,8,0,0,0,3,0,0,1,5,0,3,2,0,75,4,0,1,0,0
0,0,0,1,0,0,0,6,0,0,16,12,9,5,0,0,0,0,0,4,1,2,9,0,0,1,11,0,6,0,3,0
0,0,0,4,0,0,7,0,5,0,23,3,0,0,0,0,5,4,13,7,0,7,9,3,3,1,11,0,0,0,12,0
62,2,2,0,15,16,0,3,0,17,22,9,0,1,14,0,0,7,0,0,0,0,0,0,9,8,0,0,11,0,17,2
103,13,0,0,1,17,2,0,0,25,14,45,5,0,13,0,6,0,10,5,0,2,0,1,0,0,0,0,5,11,2,2
0,1,14,3,0,0,2,0,0,0,3,7,0,0,0,0,0,0,0,4,0,0,3,1,7,7,0,0,0,7,3,10
4,1,10,0,2,0,0,0,0,0,7,11,0,0,0,4,3,4,0,1,6,0,0,0,3,0,0,0,3,0,10,20
0,2,16,0,0,6,0,6,4,0,1,0,6,1,3,0,0,1,0,0,0,0,1,0,0,7,0,0,1,0,0,0
5,0,7,4,7,0,0,0,0,6,2,9,0,0,1,8,0,0,0,0,0,2,2,2,0,0,0,1,0,9,0,0
0,0,0,7,0,5,8,4,0,0,0,8,8,0,0,1,0,0,0,0,0,0,3,1,13,2,0,0,5,0,0,0
1,0,0,0,0,1,0,0,7,0,4,0,0,7,0,0,0,0,1,0,0,3,0,0,0,8,0,0,5,0,3,0
66,2,5,4,2,5,0,8,0,0,7,9,0,8,13,2,0,1,0,0,3,0,0,2,10,0,0,0,0,8,12,0
5,0,0,0,4,6,5,0,1,2,0,0,0,2,0,0,5,0,0,1,2,4,0,0,0,12,7,0,0,2,6,0
1,5,6,0,0,3,11,2,7,0,12,0,0,0,0,0,0,0,0,6,0,0,2,0,9,1,0,0,1,5,0,0
0,0,0,4,4,0,6,13,3,0,26,2,0,0,0,8,0,0,5,0,1,2,3,0,0,0,0,0,0,0,0,7
6,0,0,0,0,0,2,0,7,1,22,0,0,6,3,0,0,1,0,0,0,0,0,0,2,5,8,5,1,0,0,7
0,0,5,4,2,0,0,0,0,0,45,67,0,0,0,0,0,2,0,4,2,0,8,0,6,0,6,0,1,0,4,0
5,0,0,6,0,0,0,0,4,0,34,10,0,11,0,0,0,2,0,8,49,8,0,0,4,0,0,0,3,7,0,0
30,0,0,0,4,1,0,7,0,1,14,12,7,17,20,0,4,5,4,0,2,0,0,11,0,0,4,0,0,0,0,0
0,0,0,3,0,0,0,0,2,9,18,0,16,4,5,34,0,29,9,0,8,0,6,0,1,0,0,5,4,3,0,6
138,0,0,3,0,0,0,2,1,0,2,0,5,0,0,0,0,22,0,0,0,2,0,8,0,0,0,0,3,2,0,0
44,0,5,0,7,1,4,0,4,0,16,3,0,3,0,22,34,20,3,0,0,0,0,7,0,0,0,0,11,2,8,0
120,10,4,2,0,0,0,0,18,0,23,4,6,0,4,40,13,6,4,0,26,0,0,5,1,0,11,0,8,3,10,2
0,0,1,0,17,6,3,7,4,9,29,0,2,13,4,6,0,1,41,0,2,0,0,8,0,0,20,0,0,3,0,11
0,0,0,1,0,0,0,2,0,0,0,0,0,0,0,0,0,0,6,2,3,0,0,0,0,16,3,3,2,0,0,8
101,0,1,10,4,0,0,1,0,2,5,18,0,0,0,6,5,0,7,0,0,4,19,0,0,7,0,8,0,8,0,3
7,6,0,1,0,0,0,2,0,2,0,0,11,0,13,2,1,1,0,5,25,5,16,0,8,0,0,3,11,5,8,0
83,0,0,0,0,0,0,4,0,0,9,0,4,0,0,0,9,0,1,0,17,1,2,8,6,0,0,0,0,4,5,20
47,0,0,0,0,0,1,0,0,0,0,4,0,0,1,0,8,0,0,2,9,11,0,0,0,4,0,0,0,3,9,10
59,0,2,0,7,0,13,3,0,6,2,0,4,0,0,0,0,1,0,0,3,1,0,0,8,5,0,0,0,1,0,4
28,0,0,17,0,4,4,0,0,6,18,0,13,0,1,6,0,0,0,2,4,0,0,5,4,20,6,0,40,8,0,0
56,9,0,0,0,21,0,3,0,0,21,21,0,12,7,5,0,5,0,5,8,0,0,0,3,0,0,51,43,0,0,3
0,3,0,3,0,0,1,0,0,0,20,0,12,1,0,6,2,0,0,1,0,0,0,11,6,0,75,7,0,0,0,7
0,0,0,8,0,6,0,0,0,0,3,14,3,0,0,2,0,3,0,0,0,0,0,0,0,2,4,0,0,13,5,0
23,0,5,0,10,0,1,0,0,2,15,0,0,0,0,0,0,1,1,0,0,5,0,0,0,0,0,3,0,4,7,0
0,4,18,1,30,19,0,7,0,23,17,2,0,0,1,0,1,0,5,0,0,0,0,5,0,0,0,2,5,3,5,0
94,1,0,1,18,16,0,10,0,4,10,48,0,0,0,0,1,0,0,5,0,5,0,0,3,12,0,0,7,1,0,5
0,0,16,0,0,0,2,0,0,0,0,0,2,0,1,10,4,1,0,3,0,0,0,5,1,0,0,0,0,1,9,0
0,0,5,0,0,0,0,1,0,0,3,6,4,0,0,5,0,0,2,0,1,1,7,0,4,4,8,0,0,0,0,14
106,0,6,1,2,5,0,0,0,0,6,0,0,0,4,0,0,0,0,0,0,0,8,1,0,0,0,3,0,0,0,8
0,0,0,0,0,0,1,0,1,8,0,3,0,0,4,0,0,5,0,0,4,2,0,4,2,4,2,0,0,5,2,0
0,0,2,0,0,0,0,0,0,2,7,9,0,0,0,0,1,0,0,0,0,0,1,0,0,0,2,0,0,6,0,14
7,4,0,0,9,4,6,0,1,0,2,0,4,0,0,7,2,0,0,5,2,0,0,4,0,0,0,0,0,0,10,0
68,3,3,0,0,0,4,0,0,0,0,1,0,0,0,0,0,0,0,0,0,0,0,0,0,0,0,4,7,0,0,21
6,5,0,1,1,0,1,8,0,0,2,3,0,0,0,0,5,0,5,0,0,0,0,0,3,3,0,0,15,4,1,13
4,7,1,0,10,7,5,0,2,0,6,0,0,5,1,0,6,3,0,0,0,3,0,0,4,4,0,0,4,1,0,0
0,0,10,0,0,0,0,0,2,6,7,3,6,0,0,0,3,2,3,3,9,0,2,0,1,2,0,2,5,0,11,0
7,1,0,3,0,0,7,17,0,0,14,0,0,0,0,8,6,0,0,6,2,0,0,0,0,5,0,3,3,0,13,12
0,4,0,1,0,7,14,0,6,0,44,55,0,4,0,0,0,0,3,0,1,7,1,0,1,0,2,1,9,1,10,0
30,0,0,5,0,0,0,0,10,10,40,0,0,15,2,0,0,1,0,1,52,4,0,3,0,13,6,0,0,1,0,37
27,4,1,0,0,2,2,0,4,2,0,18,0,36,10,4,0,1,0,2,4,0,0,1,2,1,0,2,10,3,8,0
52,3,0,0,0,7,10,1,0,12,25,0,27,0,1,44,2,28,7,0,5,0,0,9,0,0,0,0,4,0,8,10
0,4,4,0,0,0,0,0,3,0,0,6,7,0,1,0,0,24,0,0,0,17,0,4,2,0,0,4,6,8,0,0
0,4,7,0,0,0,0,0,7,5,2,2,4,0,0,9,34,8,2,7,0,11,0,1,0,0,0,0,3,0,0,1
114,0,7,0,0,0,7,0,3,0,0,6,0,2,0,2,12,1,2,0,0,0,0,0,4,2,1,0,5,0,8,11
97,0,13,0,0,6,0,0,0,3,27,0,0,6,0,7,7,2,54,6,0,0,0,0,0,4,14,0,0,3,3,0
0,0,1,18,0,0,7,0,4,0,1,0,0,0,0,10,0,0,11,10,7,2,23,0,5,22,0,0,6,4,2,4
0,10,0,2,0,1,0,0,0,0,0,0,0,11,2,0,8,0,5,0,0,0,8,0,0,6,0,0,0,9,0,0
0,0,1,4,13,0,0,0,0,0,0,5,0,5,0,0,0,0,5,0,29,0,13,2,0,0,0,0,0,0,0,0
63,0,3,0,5,0,0,0,0,0,8,0,2,0,0,0,0,0,0,0,23,12,0,0,0,0,4,0,0,0,0,5
6,0,5,2,0,0,10,1,9,0,3,10,0,0,5,0,6,11,0,9,3,12,10,4,18,1,0,1,0,0,0,17
0,0,1,0,0,0,3,2,0,0,4,0,1,0,7,0,3,0,2,0,0,14,0,1,0,0,1,0,0,0,1,4
76,0,3,3,2,0,0,0,10,5,13,17,0,0,0,14,0,5,8,0,1,8,0,0,7,27,10,9,64,0,0,16
0,0,0,1,0,9,0,3,0,7,20,16,0,0,0,4,0,0,0,0,1,4,3,0,0,0,3,65,51,14,0,4
0,0,7,0,11,0,0,16,0,0,4,21,0,0,0,0,0,6,0,0,0,13,0,1,0,0,52,21,0,0,0,4
42,0,32,1,15,0,0,6,0,2,16,27,0,0,8,0,8,0,0,4,0,4,2,0,0,3,16,0,0,0,0,0
64,0,6,5,11,0,1,0,7,0,20,1,0,0,0,0,0,2,0,13,4,9,6,0,0,0,0,12,0,9,4,1
0,0,0,0,0,12,0,0,2,20,0,4,0,0,0,26,0,0,0,0,0,0,0,4,4,4,3,9,0,0,0,43
0,3,0,30,0,25,0,51,1,0,18,14,0,0,0,31,0,0,20,0,0,0,0,12,5,5,51,0,0,0,0,2
0,2,0,0,2,21,0,3,5,5,9,0,0,13,0,0,0,0,0,11,0,14,0,0,0,15,0,0,17,0,9,7
8,0,0,0,0,0,0,4,12,20,0,0,0,9,4,0,24,1,11,1,17,0,0,4,17,0,14,0,10,3,0,0
0,11,15,0,0,0,0,10,0,17,29,0,0,15,12,20,0,0,9,2,0,3,19,11,0,0,14,0,0,15,13,18
1,2,0,12,0,0,29,20,0,0,18,0,7,9,0,0,6,1,0,5,21,0,19,0,21,16,0,3,0,0,0,5
0,19,8,0,7,14,0,0,13,0,1,0,14,0,12,14,1,11,5,2,12,8,0,11,0,5,4,3,16,0,14,1
40,0,0,21,0,3,18,0,0,0,0,0,8,15,0,0,6,2,0,2,19,11,2,0,11,6,0,8,25,0,0,0
