66,0,0,2,0,0,0,0,0,3,21,0,12,10,5,5,0,3,0,0,2,6,10,2,5,0,3,0,2,0,0,4
8,10,0,0,8,0,0,0,0,0,3,0,0,4,7,0,0,0,0,0,0,0,2,0,2,0,0,0,5,2,6,10
4,1,3,0,3,0,7,2,5,0,9,8,1,0,3,8,1,1,0,3,5,0,2,0,0,4,13,10,4,0,0,0
9,2,0,3,1,0,3,0,0,0,10,8,0,0,0,1,0,0,0,6,0,0,8,0,2,0,0,2,0,0,0,11
9,0,0,5,0,0,0,3,0,0,33,0,0,0,0,5,0,6,0,0,0,0,0,0,0,0,0,6,0,0,1,3
21,4,1,6,2,0,0,6,0,0,59,71,0,1,0,0,0,1,0,0,0,4,0,6,0,0,0,5,0,0,0,2
0,0,0,0,8,0,2,12,0,13,2,8,0,21,0,0,0,0,0,5,4,1,0,2,0,0,8,1,0,3,17,35
0,5,0,0,0,10,29,2,0,29,13,0,0,58,10,7,0,5,0,0,0,10,0,1,1,7,0,0,0,0,0,0
0,0,0,0,0,0,0,48,7,1,16,6,4,13,6,0,0,0,10,0,0,4,0,5,0,0,0,0,11,10,17,4
110,3,5,6,0,0,0,3,4,0,0,1,0,0,0,9,0,6,6,0,0,32,5,0,3,0,0,0,4,3,0,11
0,13,6,3,0,1,25,9,23,2,0,4,1,13,0,11,0,0,8,14,6,5,0,2,1,3,0,7,1,9,0,0
54,23,1,0,0,2,17,194,6,0,14,0,0,0,0,0,29,0,0,6,4,0,0,0,0,0,0,0,0,9,1,0
0,0,0,6,0,0,1,117,0,0,31,3,0,0,3,5,0,0,71,0,0,0,7,11,5,0,1,0,0,0,0,12
124,12,0,8,10,7,13,13,3,0,8,16,0,0,0,4,0,0,0,3,0,0,13,13,0,12,11,0,0,9,0,0
31,0,0,8,2,0,5,31,2,1,0,4,0,4,16,0,0,5,4,0,5,8,11,16,5,0,5,0,0,3,9,10
120,0,0,0,1,0,11,1,16,0,0,3,4,12,2,0,0,12,7,0,0,10,0,4,2,4,0,0,0,15,0,0
0,0,13,8,22,0,13,0,1,21,9,0,0,2,0,12,0,0,0,0,6,18,8,0,0,0,0,0,0,3,0,0
0,2,0,0,0,0,0,0,0,0,0,17,3,0,18,0,6,0,3,1,22,0,0,10,2,0,5,13,0,0,7,1
34,0,10,0,4,3,0,0,0,6,22,3,0,0,0,0,0,0,5,4,0,0,0,8,0,4,1,0,0,3,0,0
93,10,0,15,0,4,8,0,18,1,24,0,0,0,0,0,0,0,11,0,0,0,4,7,9,8,3,0,1,0,12,0
0,0,0,18,12,0,16,29,11,0,13,31,0,0,0,4,0,1,0,0,0,0,0,0,0,0,28,73,40,0,4,0
52,0,26,7,12,5,14,5,5,0,4,0,12,1,5,0,12,6,25,9,6,0,0,0,0,0,57,0,0,0,1,4
49,3,2,13,0,4,0,0,1,0,0,5,4,5,0,0,0,0,15,6,0,0,0,4,0,0,0,8,14,0,0,4
37,0,0,0,50,15,25,28,0,0,15,11,0,0,0,0,0,0,3,0,2,14,6,0,20,0,0,16,9,0,6,5
0,7,21,0,31,41,0,0,0,33,9,20,0,4,0,0,0,0,0,2,0,5,0,7,0,0,14,0,11,1,14,16
0,6,11,0,0,31,2,6,0,15,0,8,0,0,5,13,0,5,4,0,7,0,0,11,0,0,0,7,0,0,0,0
0,0,0,10,0,0,0,0,0,0,12,2,23,9,0,0,0,0,0,0,3,0,0,0,21,0,1,0,27,17,0,4
0,0,0,9,0,0,2,8,0,0,0,7,12,14,6,4,0,0,13,0,0,2,0,0,2,0,3,19,0,1,8,1
0,12,0,0,16,7,0,0,0,9,8,0,0,6,0,0,6,0,0,26,2,11,10,0,0,0,0,18,0,0,15,0
1,0,8,0,3,20,32,0,13,11,0,0,0,10,0,0,0,8,0,0,0,1,0,0,0,0,0,14,2,2,12,3
0,0,7,0,3,8,3,0,0,0,0,3,7,4,7,19,0,0,0,0,16,0,0,0,2,1,9,29,0,17,1,13
27,7,2,32,6,0,0,7,20,0,0,16,0,0,0,0,0,0,3,0,6,0,18,13,0,0,37,11,0,19,0,0
88,0,0,16,0,0,0,3,5,9,24,3,14,0,0,14,0,3,0,0,0,0,7,0,0,0,0,0,0,0,0,0
2,21,1,1,0,22,0,0,4,0,14,5,0,4,4,0,6,6,5,0,24,0,0,14,7,0,19,16,28,0,6,0
0,0,0,12,0,0,14,0,6,7,0,2,0,4,0,0,9,0,7,0,0,0,0,0,16,2,0,17,0,0,0,11
31,0,51,14,34,26,9,0,3,11,0,0,38,23,0,0,19,0,3,32,0,4,8,0,0,5,0,0,0,0,0,0
0,0,25,4,0,4,0,0,0,3,0,14,0,14,0,14,0,0,6,0,6,12,13,0,0,11,0,0,0,0,22,0
0,0,23,19,9,2,17,13,44,1,27,115,0,0,0,4,0,0,0,18,0,0,3,19,0,0,6,0,0,0,18,2
0,0,21,0,30,12,0,0,0,28,0,0,0,0,11,3,0,13,0,14,23,0,0,17,0,0,0,0,0,0,0,0
8,39,0,0,21,0,12,23,0,0,19,53,14,0,10,0,16,2,0,12,4,0,0,43,0,0,6,0,0,13,0,39
0,8,13,0,54,4,33,19,33,0,20,0,10,22,14,0,30,0,66,30,19,7,30,0,1,20,19,0,3,0,0,0
0,21,0,0,10,0,0,0,10,2,0,19,0,139,195,198,9,0,0,0,5,12,33,0,0,4,0,0,0,14,10,0
30,0,13,10,18,8,0,0,17,0,0,0,0,154,195,197,0,0,10,4,0,57,20,0,5,0,11,0,0,19,17,34
0,37,24,0,1,32,0,0,0,4,0,18,9,0,153,0,0,14,0,0,93,88,184,11,9,16,0,0,1,9,0,11
115,0,0,19,0,0,0,251,186,13,59,0,11,0,0,31,0,0,24,9,16,204,116,11,32,22,16,0,0,0,0,17
0,27,22,0,9,8,18,198,188,6,0,0,27,9,0,0,0,15,35,10,0,68,38,0,0,0,9,0,39,30,0,6
0,0,0,0,0,6,0,194,190,11,3,0,21,26,0,0,9,19,23,6,13,13,25,3,16,0,4,0,32,31,0,0
29,3,37,0,0,0,0,57,69,0,39,0,0,3,13,17,0,16,0,5,4,0,0,12,3,0,0,0,4,32,0,0
0,38,0,0,43,47,0,0,15,0,12,43,0,7,0,0,0,0,72,0,16,0,0,27,0,5,2,0,0,0,30,7
46,17,0,0,24,15,17,17,3,0,0,0,0,0,0,0,0,24,0,0,0,0,0,4,0,25,94,35,0,0,0,0
66,19,22,0,2,0,0,36,15,23,20,18,20,9,0,0,0,0,29,45,12,0,6,14,0,28,197,189,30,0,12,0
0,7,20,33,0,0,0,22,0,0,0,16,24,21,14,4,0,5,22,0,4,28,19,18,0,0,154,26,0,0,10,0
0,15,0,0,0,14,22,0,0,16,0,0,0,10,0,0,23,0,33,31,13,7,0,4,0,0,0,0,0,4,32,0
0,0,9,3,78,0,26,0,0,13,28,0,0,7,0,11,0,0,16,0,5,11,5,0,0,2,55,17,5,0,0,0
20,0,4,0,9,6,0,0,6,0,31,0,0,0,7,0,22,18,5,6,0,0,0,0,0,0,50,20,7,0,24,17
0,0,1,0,23,0,14,6,0,24,0,18,9,0,32,11,4,0,14,3,9,0,0,13,0,16,0,0,24,0,28,27
5,44,15,0,76,24,0,0,0,31,21,41,12,21,25,35,28,21,21,26,42,0,0,5,11,21,24,0,25,0,32,0
47,7,62,17,0,13,0,8,0,19,6,12,0,0,0,0,0,0,16,0,8,6,0,20,0,12,0,1,0,3,20,26
0,13,1,25,0,0,44,0,0,0,0,0,0,0,2,0,0,0,5,0,3,0,0,14,11,1,23,1,24,13,0,0
5,4,0,0,0,32,0,6,13,14,0,3,19,3,0,0,0,0,18,9,0,14,11,0,1,9,35,17,0,6,0,47
0,0,2,8,41,0,0,0,7,8,16,2,1,0,0,7,19,0,0,22,0,0,0,0,9,13,8,16,14,0,0,0
0,21,0,0,0,8,8,2,0,15,13,12,18,4,26,20,2,0,13,16,0,0,12,8,0,0,0,8,15,0,5,12
4,0,1,5,53,10,5,0,7,0,0,0,5,24,0,3,0,0,2,0,0,15,1,0,19,0,0,0,26,0,0,0
10,16,0,19,34,6,0,0,0,0,0,26,1,0,0,20,9,15,11,11,21,0,0,0,24,0,9,23,0,0,0,25
16,0,20,0,31,0,0,15,5,4,3,0,0,0,0,0,0,0,0,6,25,0,0,0,3,0,0,10,9,3,0,7
9,2,14,0,0,0,19,0,15,0,16,35,11,37,5,0,0,0,0,6,0,0,9,0,0,6,17,21,17,0,12,29
12,0,37,8,39,0,0,16,14,0,0,9,0,5,0,11,28,0,28,6,38,16,0,0,11,0,6,0,0,0,12,25
6,42,38,16,0,0,5,0,17,0,0,17,0,0,0,0,8,0,0,1,0,11,0,0,0,0,0,0,48,0,13,50
0,0,24,0,0,0,9,8,6,0,23,38,43,0,0,0,0,0,0,0,19,0,28,0,18,19,10,0,0,0,0,0
0,0,0,0,13,0,1,0,0,0,0,85,0,1,0,0,0,0,0,0,4,5,0,0,0,0,3,9,0,16,0,0
0,0,0,22,0,0,0,15,6,2,9,0,0,17,0,0,11,0,0,2,21,3,7,0,0,8,0,32,0,0,0,25
19,0,2,0,0,34,0,0,23,0,0,25,25,0,24,9,0,5,8,3,5,8,4,0,13,0,0,0,9,0,6,0
0,0,0,0,77,50,0,0,0,22,0,8,0,16,34,0,9,5,0,6,36,0,30,48,0,0,0,0,12,42,0,0
0,35,24,0,0,51,3,0,21,6,0,0,0,65,197,190,0,6,0,3,5,36,51,2,19,4,48,0,32,0,0,55
43,0,13,0,16,10,14,4,0,11,0,0,8,37,195,190,6,4,15,0,0,43,0,26,0,0,5,0,0,2,5,0
0,0,0,0,0,0,0,0,43,10,39,2,2,0,219,54,12,5,0,0,192,197,198,13,0,0,0,0,0,2,6,0
59,26,30,15,0,13,5,62,226,28,33,0,2,0,0,62,0,0,31,10,229,177,78,0,7,0,0,11,0,2,0,69
0,0,60,16,63,2,5,25,52,2,0,6,1,0,0,0,0,0,19,0,29,146,38,3,22,0,59,7,15,0,0,0
0,16,10,27,13,0,5,25,10,0,33,0,0,0,4,0,7,5,4,0,0,2,11,0,9,14,8,30,5,13,0,11
79,23,0,0,0,23,0,15,12,23,0,0,6,29,13,0,0,8,17,0,0,15,0,11,4,0,17,0,0,5,0,0
0,0,0,42,16,0,0,28,23,0,0,0,0,0,0,0,0,1,10,23,16,0,36,0,0,30,1,0,0,6,0,48
0,0,0,3,9,8,1,0,31,12,0,0,25,6,0,0,0,0,2,20,0,4,7,0,0,0,37,0,0,0,0,14
34,3,4,13,0,6,24,9,27,13,21,0,5,11,0,4,6,0,28,21,10,0,0,0,0,183,191,90,5,0,16,20
31,16,12,0,0,0,4,9,32,25,0,0,0,17,11,0,16,0,0,13,0,0,0,16,0,190,189,55,0,2,0,20
0,0,25,0,0,0,0,8,33,0,15,39,16,12,34,0,0,0,3,0,4,12,11,0,32,175,54,17,28,0,0,14
45,16,0,0,0,8,0,0,1,23,0,0,6,8,0,0,0,2,0,16,0,8,0,17,0,2,0,0,0,2,11,14
29,0,31,21,0,12,6,0,0,0,34,6,0,0,14,28,6,0,13,12,13,0,25,0,22,10,0,11,17,0,0,10
75,0,0,3,29,0,13,3,0,14,6,0,0,0,0,0,7,0,0,3,17,6,22,0,6,0,11,5,3,20,0,24
4,69,0,0,62,34,0,13,5,29,0,34,2,5,16,0,37,14,15,0,19,0,0,0,0,24,0,0,24,37,0,0
0,0,0,43,0,0,9,7,19,11,26,72,0,0,0,1,0,0,8,0,0,17,16,0,0,0,0,21,0,7,0,0
57,0,0,34,18,0,0,23,2,2,0,24,0,0,0,0,1,0,9,16,0,23,13,23,0,0,0,0,11,9,25,0
1,8,1,10,17,38,4,16,0,2,14,0,11,4,0,0,0,0,0,0,0,0,7,23,15,1,11,0,0,0,31,32
0,10,0,0,0,0,14,0,45,17,13,0,33,12,0,0,0,1,0,13,6,7,0,4,0,0,0,0,0,15,0,26
27,16,17,9,30,0,36,17,19,0,47,13,21,0,0,14,15,2,0,0,8,14,0,0,7,0,22,11,0,0,10,0
0,23,0,0,17,6,15,0,0,0,0,0,0,19,28,0,7,19,15,0,0,0,0,13,0,11,4,0,0,6,0,0
0,0,4,10,7,0,5,0,13,1,0,0,0,0,0,0,0,1,16,11,0,14,24,11,0,0,18,0,4,0,0,0
95,0,0,0,19,0,0,20,9,23,0,5,24,0,0,14,0,0,0,20,6,0,14,23,0,5,0,17,21,18,17,0
10,0,0,8,0,0,1,0,0,5,0,16,0,0,36,12,0,0,0,0,30,0,4,0,8,0,5,7,0,0,0,0
0,0,14,0,0,0,16,5,0,0,20,26,0,7,0,5,0,15,0,19,21,13,9,0,14,5,16,16,0,0,6,7
47,0,66,19,26,26,29,1,5,10,9,2,15,12,12,8,0,0,0,24,0,17,6,0,9,0,18,0,0,3,0,0
0,11,0,0,6,18,0,13,13,0,26,26,0,9,2,0,1,14,0,21,16,5,0,0,0,0,0,0,0,0,0,13
9,0,14,0,0,14,8,0,3,2,89,30,13,28,22,1,0,2,5,0,1,11,1,14,0,0,0,10,2,0,0,0
23,0,24,23,24,0,0,14,11,13,7,0,0,10,0,5,0,0,0,14,7,14,34,0,0,7,0,55,14,0,0,47
0,1,0,0,0,0,0,0,22,13,21,49,26,4,50,0,16,20,5,0,0,7,0,16,0,0,16,15,0,0,0,4
13,5,3,0,0,28,0,0,17,44,39,10,21,42,0,63,0,0,33,14,0,10,0,0,0,15,0,0,0,0,10,36
93,0,2,36,13,2,0,0,0,9,0,4,0,0,104,0,0,13,22,8,0,59,7,7,20,7,0,0,0,6,0,0
70,8,0,23,0,27,7,15,19,3,0,0,5,51,0,0,27,20,5,6,27,0,0,1,0,10,11,0,0,0,29,41
0,7,0,0,3,0,2,31,9,0,0,0,2,2,22,7,25,0,21,13,18,50,13,0,28,9,21,5,0,0,14,2
0,0,0,0,0,0,0,8,20,5,19,6,0,7,8,0,7,0,36,0,44,223,31,0,0,5,2,2,0,18,0,0
0,22,0,1,0,0,19,7,6,1,0,12,9,0,12,0,0,27,14,0,54,31,0,1,0,5,11,7,0,5,16,0
44,39,13,2,0,0,1,12,0,0,3,32,0,0,0,32,4,0,6,0,0,10,26,4,12,25,5,0,2,5,19,51
0,0,9,4,0,0,37,0,10,42,0,21,0,0,0,18,2,0,4,0,14,0,32,0,14,0,0,0,0,0,0,22
69,21,0,4,6,0,0,0,20,0,17,0,25,3,18,5,0,0,40,0,30,0,15,8,37,0,0,0,19,14,1,0
0,7,0,4,16,2,0,20,12,0,0,0,0,0,0,0,0,0,0,21,2,27,5,0,0,14,11,53,9,4,5,16
0,0,7,0,29,4,0,0,0,0,6,5,16,10,0,0,10,13,19,4,0,12,0,8,4,43,0,90,9,0,0,0
11,13,0,0,0,31,0,0,7,0,15,15,10,0,0,0,1,0,0,0,0,10,0,2,0,29,13,2,16,0,13,17
59,11,1,5,0,0,16,0,10,0,13,12,5,0,22,1,0,4,6,5,4,9,0,3,0,21,17,31,0,0,5,0
48,0,1,12,5,25,0,2,0,0,0,13,0,0,5,0,22,0,21,12,0,11,0,0,23,13,0,2,0,6,7,0
0,0,0,0,2,0,0,0,1,0,33,8,0,6,0,8,1,2,11,12,0,0,0,3,21,10,0,0,0,16,0,0
59,0,8,16,80,0,5,10,6,0,11,0,0,8,0,5,0,0,0,9,0,7,10,0,2,0,0,5,5,3,10,0
0,17,23,0,43,0,1,0,0,51,22,1,0,9,0,0,0,13,0,0,0,0,7,0,5,0,0,0,8,0,17,16
0,2,5,7,6,23,0,0,0,31,17,12,1,0,0,0,0,0,0,6,0,9,0,0,0,0,0,8,11,3,20,0
0,1,3,2,0,0,0,0,0,3,8,0,4,0,0,0,2,0,10,0,0,5,0,1,0,0,10,0,0,4,5,1
0,0,0,0,0,0,0,12,7,0,0,14,0,0,0,0,1,1,3,2,0,0,0,0,11,0,8,0,0,0,0,1
0,0,10,4,0,9,6,0,0,0,0,6,0,11,0,0,0,0,0,10,0,5,0,0,1,2,1,0,6,8,1,0
0,7,0,0,0,0,10,11,17,0,0,7,7,0,0,0,8,0,0,8,8,13,0,9,0,0,0,0,1,4,4,6
9,0,0,3,5,0,0,6,4,0,9,8,0,9,3,0,4,0,0,2,0,0,0,3,4,2,0,0,6,0,0,16
0,0,0,0,10,10,0,0,9,0,11,6,1,0,0,4,5,0,0,0,5,0,0,3,7,8,0,0,0,2,0,11
71,0,0,0,0,10,4,2,4,0,16,11,1,0,0,0,0,0,0,0,0,5,17,0,9,0,8,0,0,0,0,0
2,0,0,6,5,0,6,16,8,8,0,0,1,0,3,0,0,0,8,5,0,8,0,2,6,11,4,0,3,0,0,0
0,0,4,9,9,1,1,2,6,0,2,5,14,9,0,16,0,0,5,6,0,0,0,0,6,0,0,0,6,0,0,0
0,0,7,4,0,0,0,2,3,0,11,0,0,8,0,0,11,0,9,3,0,0,9,7,0,0,5,0,7,1,7,0
0,14,0,0,0,0,0,2,9,0,13,27,0,14,7,0,0,0,8,0,12,0,0,4,0,11,2,0,0,0,11,0
28,0,5,0,19,0,0,0,0,5,32,129,0,0,5,2,0,0,7,4,2,0,0,1,0,10,2,1,5,19,0,1
0,0,26,0,22,0,0,0,0,34,14,0,0,33,4,0,8,8,0,0,0,9,8,0,6,2,9,6,7,0,0,20
0,0,0,0,0,0,0,7,0,37,24,18,18,22,0,0,0,0,1,0,0,0,8,2,15,16,10,0,0,3,0,0
0,36,0,0,6,13,2,2,16,17,13,2,0,34,0,45,34,3,28,0,15,0,0,14,0,0,0,0,3,0,16,0
0,0,0,3,0,6,0,3,0,0,0,0,0,0,0,5,0,3,0,0,0,24,0,0,5,2,8,1,2,7,6,0
0,0,5,14,6,1,0,3,0,0,8,0,7,16,3,34,36,0,1,0,0,12,0,0,0,1,0,0,13,0,0,13
0,0,9,0,0,0,0,0,1,0,16,16,12,8,0,12,6,0,0,0,0,4,0,2,0,0,0,0,5,8,0,0
0,21,1,0,0,9,0,0,18,7,0,0,0,31,14,15,18,0,77,18,20,1,0,0,0,0,2,0,16,24,2,10
36,7,17,0,18,0,10,3,18,15,0,0,0,12,5,0,0,3,11,0,17,0,13,0,8,0,32,9,8,0,15,14
80,3,0,0,0,6,0,51,3,13,0,0,0,24,0,1,8,0,0,4,16,0,0,0,10,2,28,0,4,0,0,18
0,4,0,6,7,0,0,226,190,0,1,1,0,1,7,0,0,0,0,14,0,0,0,2,0,6,7,3,0,0,0,0
107,0,0,8,0,3,5,167,42,36,0,0,0,6,9,0,7,13,0,0,0,0,0,8,4,0,3,0,30,0,0,10
2,14,0,0,0,2,0,1,0,1,0,0,0,0,7,0,0,9,0,6,0,0,0,8,3,5,3,2,11,1,11,3
0,0,12,5,0,1,0,0,5,0,5,6,0,0,1,5,0,0,0,0,0,0,26,0,7,0,0,1,0,3,7,0
142,0,0,4,0,3,0,0,0,7,16,0,8,9,0,0,0,20,0,0,0,13,3,8,16,0,6,6,0,0,0,0
0,0,0,8,2,0,12,0,0,10,0,0,0,0,4,15,0,0,23,10,17,0,10,7,17,33,12,25,29,0,0,39
0,8,0,0,0,20,0,0,17,10,25,8,0,8,0,4,0,0,0,13,0,0,0,17,16,0,75,5,29,0,0,20
0,4,17,11,0,10,4,0,0,0,29,0,0,0,20,0,0,3,0,8,2,10,11,4,6,0,10,0,6,0,0,0
0,0,0,7,43,0,10,3,0,0,32,0,0,2,0,26,0,0,0,0,18,0,0,0,0,0,0,16,7,5,27,7
11,0,22,21,39,6,4,10,1,15,0,21,0,31,0,6,0,0,7,20,18,0,14,0,0,2,0,16,0,9,0,8
0,21,17,9,24,0,0,3,20,0,37,11,22,8,31,0,22,10,6,0,0,0,38,9,11,21,16,7,27,9,24,0
42,0,12,0,0,13,0,0,0,10,23,0,2,0,3,3,0,0,0,0,27,0,8,0,1,19,0,0,0,19,0,1
20,0,6,19,9,0,0,13,18,0,0,0,6,0,0,0,0,0,10,6,0,0,8,2,0,6,0,0,17,18,0,0
0,0,14,16,8,0,8,30,3,0,6,41,0,4,0,1,0,4,0,14,0,8,0,0,30,8,33,22,0,16,0,0
0,15,0,0,24,13,5,0,16,0,28,4,0,23,16,0,18,11,22,0,0,0,0,8,0,1,0,0,0,17,0,9
24,28,0,19,0,0,11,0,0,0,0,8,0,0,0,9,0,3,0,0,11,0,0,4,5,9,0,0,0,0,9,0
0,0,5,0,0,21,0,0,15,0,0,37,12,0,4,2,0,0,11,0,0,0,13,17,5,0,0,0,18,0,0,0
128,0,25,0,9,14,0,0,0,0,35,0,5,12,27,0,40,0,0,0,12,0,0,0,11,9,0,23,25,0,0,0
0,0,0,10,39,0,2,16,0,0,0,17,0,29,0,43,0,14,0,17,6,0,1,8,3,21,0,0,0,4,0,0
0,41,0,0,17,4,16,0,12,0,12,6,34,1,22,0,0,34,0,22,0,0,0,0,0,24,6,10,0,8,15,2
0,0,0,8,14,0,0,20,3,0,7,24,0,0,10,0,23,0,8,20,0,3,0,19,0,10,0,0,0,0,0,0
29,0,0,0,0,14,0,0,1,16,10,20,25,8,14,3,14,13,2,7,0,0,8,0,23,0,0,0,23,0,5,0
27,0,5,0,0,0,0,11,16,12,52,94,0,0,1,5,0,1,9,0,1,24,0,0,11,8,0,0,0,0,1,0
49,0,0,4,0,31,8,0,16,27,0,0,0,23,13,0,0,30,33,0,26,1,0,47,5,12,0,0,0,25,31,31
8,0,1,25,5,0,0,8,0,0,10,0,0,82,0,0,0,0,4,10,2,2,0,0,0,0,0,26,2,0,2,0
54,0,16,0,0,20,0,16,9,0,3,16,21,6,44,31,0,0,67,16,16,14,0,0,10,0,19,0,26,0,25,29
0,39,0,0,0,40,0,0,19,7,12,0,0,0,9,0,2,0,26,0,5,0,29,0,0,14,0,18,0,1,38,0
0,5,0,18,0,0,22,0,6,3,5,0,0,0,0,8,0,0,0,0,0,16,0,5,22,0,36,0,18,0,0,25
0,1,26,0,51,5,31,22,17,0,0,17,0,0,0,0,0,9,12,0,16,0,17,5,3,0,0,8,0,0,27,0
72,0,6,6,0,19,0,0,49,3,2,0,26,255,193,197,0,0,27,49,85,16,0,0,1,0,13,0,0,29,16,0
2,0,0,0,0,0,23,14,32,8,0,19,0,27,190,196,0,12,39,36,239,0,47,0,18,2,0,0,5,0,0,0
113,0,0,16,19,0,14,92,190,32,7,0,0,16,203,28,0,0,6,5,191,116,3,0,10,0,12,0,10,0,0,18
75,0,10,14,25,0,28,80,178,11,26,16,0,8,0,0,0,1,0,137,250,1,5,0,0,0,16,0,0,13,0,0
41,7,17,0,3,0,0,16,32,0,2,0,0,3,0,5,9,1,0,0,7,19,0,0,0,0,11,1,17,3,2,0
0,0,8,0,21,3,10,10,25,14,0,0,0,2,0,0,0,5,0,0,21,0,0,5,29,0,0,0,16,0,0,9
0,0,0,0,38,0,13,12,21,4,0,0,0,0,0,1,1,0,11,0,0,0,0,11,0,0,0,0,0,34,0,0
0,11,0,0,0,0,0,30,0,9,0,55,0,14,1,22,7,0,7,0,0,1,0,11,0,71,0,36,17,0,0,10
94,0,0,0,0,28,16,11,0,14,0,27,0,5,18,0,18,0,0,0,0,6,0,15,189,143,48,20,64,0,0,4
0,0,12,12,0,0,23,0,0,11,6,0,12,16,0,0,4,19,0,3,0,0,0,0,159,42,0,28,0,0,19,3
0,0,0,0,0,55,0,0,0,0,0,3,0,0,23,8,7,0,0,0,0,16,2,11,0,0,20,11,0,38,18,24
45,0,0,11,27,0,14,10,20,0,53,0,16,13,29,0,0,0,0,10,0,0,5,0,0,0,25,0,11,2,0,0
18,51,27,37,34,0,0,0,7,20,9,0,5,0,0,0,12,0,21,0,0,0,10,0,0,1,13,10,9,0,0,0
88,28,39,18,0,0,0,14,12,27,6,27,2,1,0,9,29,25,39,0,0,9,6,0,0,19,0,12,0,0,0,20
58,20,0,0,0,42,17,0,8,10,7,0,0,12,22,0,10,4,42,0,29,22,4,0,0,0,15,19,19,52,0,0
0,8,9,0,22,0,0,0,0,0,0,0,6,6,0,0,0,7,15,6,5,0,0,13,0,0,0,0,0,0,0,0
55,0,3,0,49,5,0,28,19,6,0,0,0,4,0,12,7,5,0,5,0,0,1,0,0,25,0,0,0,1,0,0
9,26,0,0,0,0,0,3,1,12,21,14,0,0,21,4,11,0,0,0,5,0,0,13,0,1,10,1,0,15,18,35
45,8,0,6,27,0,8,21,2,0,0,11,1,9,0,0,0,0,0,5,0,18,31,2,9,11,0,12,0,0,0,39
4,14,6,0,0,2,0,0,0,0,1,0,0,0,0,1,13,0,0,0,0,0,0,5,0,0,0,0,0,18,0,12
89,13,18,17,0,0,0,1,16,2,32,35,0,19,0,0,4,3,3,16,0,2,0,0,21,26,0,0,18,0,0,3
15,7,0,0,0,0,0,3,0,0,16,4,4,0,10,9,0,9,11,0,20,1,0,11,16,0,9,6,0,0,0,9
0,0,0,0,2,0,0,0,7,4,0,0,0,0,0,14,0,12,0,1,4,0,0,0,0,8,2,0,0,5,0,0
0,5,12,0,0,7,12,0,6,4,10,8,0,3,6,0,3,11,0,0,25,26,27,0,0,0,0,5,10,0,5,6
0,20,8,5,12,0,2,1,3,1,7,0,0,7,9,0,0,5,0,2,0,0,0,0,0,16,0,0,0,0,1,1
23,0,9,0,4,0,0,0,0,16,21,56,18,0,2,2,0,0,0,0,0,0,0,0,0,0,0,8,5,6,11,0
41,8,0,0,13,1,0,0,0,0,12,0,0,8,7,0,5,0,1,18,60,11,0,16,3,6,7,4,1,0,2,6
0,0,0,0,0,7,10,0,6,11,0,0,12,42,5,4,0,0,0,0,0,3,0,0,0,4,0,0,0,0,0,4
0,0,0,17,4,0,0,17,14,17,13,4,8,3,8,36,5,18,48,0,6,0,0,10,7,0,0,0,1,0,3,0
115,14,4,0,0,17,0,0,8,4,0,0,0,0,5,5,5,34,7,16,7,0,0,9,0,5,0,0,2,0,1,7
0,1,11,0,1,8,20,7,0,1,0,0,0,0,0,6,8,1,6,0,11,8,0,8,0,0,0,9,0,0,0,0
112,0,10,5,0,2,18,11,0,6,4,0,0,0,0,0,5,0,0,0,0,0,3,11,0,2,15,0,0,0,9,0
0,2,0,1,0,2,5,0,3,0,24,0,0,14,7,20,14,1,1,11,0,3,0,9,3,7,0,0,10,3,10,17
75,0,0,0,10,0,17,8,5,0,23,5,0,1,7,0,0,9,1,0,64,0,10,0,11,0,28,8,8,0,0,0
108,3,4,0,0,13,0,1,0,1,6,0,0,0,16,0,5,4,0,3,21,0,0,0,0,2,10,0,1,0,2,1
24,1,9,0,9,0,0,4,47,7,8,2,18,7,10,4,17,6,0,2,36,7,3,6,6,0,0,1,0,2,8,8
0,3,0,0,15,0,2,0,27,4,0,19,0,0,3,3,9,2,0,4,4,0,0,4,16,3,0,8,0,0,1,0
35,5,0,0,1,0,0,8,0,0,10,15,0,0,5,1,6,1,6,3,0,0,3,3,0,4,2,0,3,0,3,6
6,0,0,13,10,0,6,8,8,0,7,0,0,0,0,0,2,6,9,0,6,0,5,6,2,3,0,0,1,5,0,0
73,0,0,0,0,0,0,2,0,0,6,0,0,0,0,4,6,2,0,3,0,4,7,5,0,1,4,0,32,0,0,8
11,12,0,7,10,0,0,0,11,0,9,9,0,0,0,0,9,0,0,0,0,0,0,4,16,14,20,23,33,0,0,0
81,1,1,0,2,11,0,6,7,3,0,0,4,9,0,1,0,0,0,3,2,0,13,6,23,0,48,0,0,7,10,0
80,0,3,0,0,6,0,3,0,0,16,22,21,0,12,5,0,2,0,0,0,1,6,4,7,0,24,8,17,0,4,0
0,0,0,0,60,3,8,9,2,2,10,0,1,8,7,0,17,15,2,5,5,0,0,6,4,6,0,0,1,3,5,0
0,1,18,13,25,15,2,0,0,32,17,7,0,7,0,2,0,7,1,6,0,0,0,0,6,0,10,0,6,9,0,0
0,0,0,9,0,11,0,14,0,17,37,19,0,0,0,0,0,7,0,0,0,0,1,0,0,0,0,2,0,2,0,5
0,5,3,1,4,11,3,0,0,1,0,0,0,0,0,0,0,0,5,4,4,0,0,8,0,0,0,0,0,4,0,0
11,0,0,0,0,0,7,0,0,0,0,2,5,0,1,0,1,0,0,6,0,4,1,0,1,0,0,7,3,0,0,11
41,0,0,1,0,0,4,7,0,0,0,0,1,4,0,0,0,0,4,3,0,0,5,4,6,0,11,6,0,0,16,6
0,2,1,0,0,0,5,3,0,0,0,0,0,1,1,0,0,5,0,0,0,1,2,3,0,0,0,0,2,2,1,0
3,1,4,3,12,0,5,4,0,0,0,0,0,6,0,0,8,0,0,0,0,12,0,0,3,0,0,0,0,0,0,0
0,0,0,1,4,12,0,3,0,6,0,0,0,3,0,0,0,0,0,3,2,0,0,3,0,0,2,0,0,8,0,0
90,0,0,3,0,0,0,12,0,0,2,1,0,5,0,0,0,9,0,6,4,0,0,3,2,3,0,6,1,0,0,7
8,0,0,0,0,0,0,0,0,9,4,0,0,3,0,0,2,0,0,5,4,0,0,5,0,0,1,1,5,0,0,0
4,7,0,0,1,2,1,0,0,1,8,0,0,0,0,0,6,0,2,0,0,0,0,0,0,0,0,5,6,0,0,4
0,4,0,11,5,0,0,6,4,0,16,14,0,0,0,0,0,0,0,9,4,0,8,0,3,2,4,4,6,0,19,7
0,0,0,3,0,0,1,13,0,0,26,20,0,0,7,0,4,0,2,0,5,6,0,0,0,0,0,0,0,0,0,8
0,0,7,2,0,2,5,0,0,0,29,75,0,0,0,0,0,0,0,0,0,1,4,6,0,9,2,0,0,0,1,0
0,0,8,0,0,0,0,0,2,10,11,7,0,6,0,11,0,0,0,7,0,2,0,0,0,0,4,1,6,6,0,0
40,8,0,0,11,0,4,5,9,40,15,0,0,35,14,0,0,0,0,8,5,0,0,1,0,0,0,0,11,0,3,2
59,0,6,0,0,0,0,29,0,15,0,17,3,12,9,30,16,25,32,3,3,0,0,1,0,0,0,0,0,17,0,0
32,0,2,13,1,0,0,0,0,3,8,0,4,0,0,19,5,28,0,9,6,6,0,0,0,0,0,1,0,2,0,0
0,0,0,0,2,3,28,8,11,6,2,0,1,0,0,10,1,0,0,0,3,2,0,2,0,0,0,0,0,0,0,0
125,0,0,0,0,5,3,0,0,10,1,0,0,9,0,0,0,0,4,5,0,0,0,12,0,0,0,0,0,14,5,0
0,0,10,5,16,0,17,10,22,0,23,0,0,4,0,0,0,0,71,3,5,1,6,0,1,0,4,5,0,0,2,11
64,2,0,5,0,0,0,0,15,0,0,0,7,0,0,2,4,1,0,0,22,0,0,0,4,11,0,1,0,0,2,37
19,0,16,0,0,11,0,45,11,3,6,0,0,0,0,8,8,0,2,11,28,3,11,0,2,0,0,13,0,0,0,34
0,11,9,0,0,0,0,0,0,3,8,0,2,0,6,3,7,12,6,0,13,0,0,19,0,0,5,0,4,4,4,0
0,0,0,0,17,13,17,7,40,0,30,4,15,14,0,0,9,14,28,6,13,0,12,11,35,3,0,2,28,3,0,0
0,1,0,0,0,0,4,0,30,10,1,0,0,15,19,17,9,0,6,0,1,0,0,8,5,14,0,0,1,0,0,0
101,0,12,7,16,4,16,0,10,0,26,2,0,7,0,4,18,9,1,0,0,1,6,1,0,0,0,0,3,9,6,0
60,0,0,19,14,13,3,0,1,16,0,0,0,0,8,7,3,11,0,0,0,4,0,0,0,0,4,3,12,17,3,0
100,30,15,0,0,5,0,0,13,0,48,11,19,7,13,0,4,15,0,0,0,0,0,10,1,7,17,12,42,2,12,4
0,0,0,0,0,20,0,7,9,0,4,17,0,0,2,0,0,0,15,3,18,25,0,20,23,0,93,18,18,0,0,5
52,0,0,0,0,5,0,0,0,12,53,0,0,0,0,1,6,3,0,2,1,14,0,0,0,0,9,0,7,0,7,14
0,0,0,4,54,0,4,6,5,0,27,17,0,0,0,17,5,11,0,0,27,9,27,0,7,18,4,0,3,0,0,28
7,8,14,19,9,3,0,17,25,5,38,8,0,0,0,0,7,4,0,7,0,6,16,4,11,0,10,0,0,0,0,7
0,0,24,15,3,16,4,13,0,31,19,12,17,5,0,0,0,6,0,0,8,0,0,0,17,2,8,0,0,7,11,1
0,0,7,10,8,8,0,0,0,11,0,0,11,0,0,8,0,2,0,0,6,0,8,0,0,1,0,22,0,0,8,2
0,0,0,8,0,0,3,3,0,5,3,0,0,18,3,0,0,0,10,0,0,0,22,0,0,0,0,0,10,0,14,0
0,0,32,1,18,0,0,25,26,0,22,0,0,0,0,18,0,0,12,4,6,0,0,0,0,0,0,0,0,0,0,10
4,0,0,3,3,0,10,7,0,4,0,0,0,2,9,15,0,0,0,0,8,4,2,0,0,1,16,8,0,3,0,1
0,2,0,3,0,0,0,7,0,8,21,0,16,0,4,17,4,0,0,0,0,4,3,6,0,16,19,0,5,0,0,30
22,9,0,5,0,0,0,22,0,0,5,0,11,19,0,0,0,4,0,17,1,13,8,0,12,4,4,7,0,0,0,12
95,0,13,0,20,13,0,0,0,0,0,0,2,0,0,0,0,0,3,0,0,20,16,0,0,8,0,18,35,13,0,28
0,19,17,0,0,0,16,0,0,0,6,0,0,7,13,10,9,0,25,25,0,0,18,16,0,0,17,24,0,0,6,0
56,0,0,21,0,0,1,0,10,11,11,0,29,0,16,0,3,10,0,12,0,0,0,14,0,1,31,0,1,0,0,42
0,2,20,0,0,0,9,0,3,0,20,10,0,0,4,0,0,0,9,10,2,0,0,0,0,0,0,0,4,17,4,0
46,0,2,10,4,8,16,13,0,35,57,24,22,0,8,17,0,6,0,0,0,0,11,0,0,15,0,6,0,0,14,1
0,48,19,0,32,0,24,0,0,0,31,32,0,0,0,0,0,0,32,0,10,0,16,4,0,39,12,3,9,0,3,24
42,0,3,36,11,0,31,25,22,14,43,0,0,25,0,0,0,0,29,12,25,0,11,0,0,13,0,0,0,0,0,0
69,0,16,0,4,0,11,8,20,24,25,18,23,0,1,22,0,0,1,1,0,9,3,0,0,0,0,4,9,0,17,0
0,0,0,13,0,19,14,0,20,9,0,0,24,194,116,23,0,0,5,0,6,0,4,2,0,0,0,33,0,0,0,0
67,0,32,0,34,2,0,7,1,0,3,3,226,196,197,1,12,17,114,78,12,4,13,0,0,2,3,0,0,2,2,0
0,16,6,0,16,19,0,0,83,195,154,15,39,196,254,2,21,39,197,146,1,11,0,21,0,0,0,0,10,9,1,0
0,0,10,14,5,0,0,0,18,85,18,0,27,13,32,0,23,92,212,187,15,5,4,4,5,0,17,0,0,17,0,17
0,3,36,12,0,6,0,18,19,0,11,28,5,37,27,40,0,11,169,72,18,0,27,0,2,3,0,0,0,28,6,0
24,20,0,0,0,0,10,19,8,9,0,0,0,6,0,6,0,0,14,0,0,4,31,18,8,43,57,0,13,9,14,10
0,17,0,0,2,14,1,24,0,0,0,0,0,0,5,0,17,2,33,35,8,0,0,13,0,25,0,7,0,0,19,0
86,0,0,0,0,18,8,3,51,26,38,0,23,7,12,7,0,0,0,0,26,29,21,3,14,18,15,0,9,9,0,7
69,8,2,13,21,3,0,11,0,0,13,10,26,0,3,8,0,0,0,6,27,0,0,0,0,0,19,22,24,9,29,51
6,26,0,0,0,1,0,0,18,0,9,11,19,15,4,8,24,0,23,4,27,0,0,0,12,5,6,0,6,0,23,0
0,0,9,0,6,20,30,0,0,24,28,0,0,0,0,19,27,0,8,8,35,0,26,20,2,24,0,0,0,0,4,42
0,0,0,18,38,0,1,21,8,0,0,20,0,0,0,0,0,16,0,0,0,23,1,0,0,0,4,0,35,0,3,0
116,34,0,4,0,5,0,0,0,0,10,30,1,0,4,25,0,0,20,1,21,1,13,9,23,22,0,0,41,0,0,33
91,28,26,0,0,26,3,0,0,0,16,0,18,6,24,0,0,0,0,4,16,1,0,24,34,44,54,0,0,30,1,10
67,3,0,0,5,23,0,11,0,0,13,2,0,14,13,31,8,2,0,0,0,5,5,7,7,5,31,19,21,0,12,46
0,22,1,0,53,0,0,20,0,0,42,11,0,3,23,0,25,24,0,0,0,7,0,15,0,0,15,0,21,16,39,2
0,0,12,0,29,16,0,0,0,25,52,16,19,8,0,13,13,11,0,1,1,0,0,0,0,17,0,9,2,15,39,0
0,4,19,8,23,0,0,0,23,38,0,64,8,0,20,0,0,0,0,28,0,21,0,17,17,28,0,10,0,22,20,13
0,1,16,0,0,0,0,32,22,0,0,28,22,0,16,16,0,0,0,0,12,0,0,2,8,0,0,0,0,0,0,37
1,0,0,18,0,0,0,27,2,0,0,12,0,6,0,0,1,6,31,28,23,0,19,0,7,16,23,19,0,0,7,0
0,19,0,1,0,0,0,0,5,0,10,0,5,1,0,0,2,0,0,2,17,10,0,0,0,2,16,26,3,4,0,0
0,4,20,8,0,0,4,0,16,0,13,0,3,20,20,26,12,0,0,11,1,0,0,11,10,0,0,3,0,0,39,0
0,0,24,0,0,0,14,19,0,0,22,7,0,5,0,17,0,0,8,0,16,17,0,0,33,14,0,0,0,0,7,22
0,1,0,17,0,0,21,4,0,0,0,7,0,15,7,5,0,0,1,0,0,12,9,17,0,0,0,14,0,0,10,6
99,0,1,4,8,0,0,0,0,4,10,0,5,32,0,0,24,4,0,2,3,0,20,4,6,0,0,18,0,0,0,0
40,0,10,0,0,0,0,0,0,27,0,0,0,14,0,0,0,0,0,0,0,0,0,32,4,0,0,0,0,15,7,0
0,0,0,15,0,0,0,0,19,0,0,0,1,0,0,0,4,3,0,0,1,11,6,6,0,13,10,34,7,0,0,19
42,11,0,0,0,22,8,0,3,24,43,1,0,0,0,0,0,0,20,5,0,11,7,0,1,1,0,18,6,25,25,4
0,0,24,5,8,14,0,12,0,0,8,23,17,0,0,6,15,9,12,8,0,21,16,0,0,5,0,0,0,0,0,8
17,0,0,0,23,22,20,0,0,21,0,16,10,5,7,0,1,25,7,10,0,0,22,6,19,0,22,0,0,23,20,20
0,0,8,0,0,0,9,0,25,9,14,4,22,0,16,3,0,0,16,0,66,28,0,0,0,18,25,16,36,0,0,40
0,0,0,9,0,0,0,0,0,34,0,0,0,24,0,0,0,0,0,0,13,7,0,0,9,5,26,3,5,4,13,0
16,32,0,31,13,0,0,0,0,20,23,0,0,175,102,7,0,2,32,0,2,2,0,0,0,0,0,0,5,26,9,36
0,2,0,10,16,0,0,0,7,0,7,0,20,8,9,17,0,14,26,2,5,37,0,9,24,0,38,0,27,3,11,0
0,0,0,0,0,0,0,0,3,0,48,11,9,40,2,16,0,9,70,190,0,5,2,0,10,0,29,22,7,38,18,0
0,0,0,12,0,0,5,13,0,48,0,18,1,10,0,5,7,20,46,137,6,7,14,16,0,0,9,4,0,0,0,6
0,39,24,34,10,0,37,10,55,0,0,25,0,0,0,13,15,5,68,17,10,0,0,0,0,0,16,8,0,9,12,0
107,0,0,0,14,5,25,0,0,14,0,0,15,10,0,0,0,12,7,32,0,20,20,0,16,0,29,17,0,0,12,0
81,0,0,3,0,1,4,37,13,27,26,31,30,4,0,0,0,0,12,16,0,22,22,0,16,0,0,0,0,0,0,77
112,0,0,0,0,2,6,10,3,0,28,0,25,0,3,0,0,4,0,6,12,7,60,179,2,3,0,6,0,0,17,0
74,0,13,0,11,0,0,6,6,0,29,9,0,2,0,0,0,0,3,0,0,7,96,134,55,0,0,4,11,0,8,0
0,0,0,2,0,0,19,22,0,31,0,0,0,9,8,1,0,14,12,0,3,11,0,7,0,21,3,0,0,19,0,0
49,0,21,14,0,24,0,0,0,23,0,0,0,0,0,24,0,0,7,0,0,18,0,0,0,22,0,0,0,32,3,14
31,0,0,0,0,7,0,0,0,0,7,0,0,17,0,0,0,29,5,8,8,22,32,0,28,2,24,0,40,0,4,11
0,8,0,0,18,0,12,13,0,0,28,4,0,0,0,0,11,2,0,0,1,0,0,0,0,31,0,19,37,0,0,0
0,16,0,6,42,22,0,29,0,0,11,0,3,0,1,0,12,12,0,0,27,0,2,0,15,0,59,0,0,0,10,0
0,0,1,29,1,0,0,5,0,0,0,11,0,1,0,10,8,0,0,16,20,7,0,0,0,4,5,35,0,0,0,0
0,0,3,0,48,0,29,0,17,32,38,0,25,15,0,0,0,4,0,14,0,5,17,0,20,0,25,1,24,0,1,0
0,30,29,0,10,24,3,19,2,42,63,17,6,5,12,0,0,6,0,0,0,0,10,7,1,1,0,9,8,0,0,0
0,0,35,0,8,22,0,3,6,43,36,0,0,0,0,0,8,0,0,0,0,0,0,3,14,0,11,0,15,0,33,0
28,0,2,13,0,0,4,15,0,0,23,23,11,3,0,0,0,0,5,11,13,0,6,0,5,22,7,1,0,0,13,26
20,13,43,0,0,8,5,0,0,7,0,2,0,0,0,14,0,0,10,0,24,10,24,6,13,21,0,0,31,0,0,13
0,0,11,6,0,0,0,5,20,0,0,5,30,0,0,0,1,0,18,5,9,5,1,0,0,1,0,13,0,0,16,0
0,4,14,0,0,0,19,0,15,5,11,0,24,4,0,7,0,0,6,0,2,0,2,0,0,0,0,13,5,15,16,7
0,0,16,7,3,20,1,9,20,8,0,0,0,0,10,0,0,5,13,0,0,8,0,0,2,0,27,24,0,0,0,0
0,10,13,16,4,0,33,0,0,19,0,25,21,7,24,0,20,18,9,10,18,5,0,11,1,12,3,1,20,0,13,12
51,0,0,3,0,0,0,33,0,0,0,32,20,0,0,0,0,0,0,0,0,13,0,0,18,21,3,2,0,0,8,0
4,0,20,10,0,0,33,0,10,5,18,0,15,0,8,8,3,11,0,0,0,2,21,2,0,8,28,19,22,0,14,41
0,0,16,14,0,0,9,15,0,0,0,0,2,16,17,0,9,1,0,6,2,23,0,0,0,0,11,5,4,0,22,0
7,0,0,0,14,13,0,0,3,0,22,0,6,0,0,0,6,22,2,0,1,0,0,31,0,0,0,0,21,30,0,0
0,0,0,0,0,0,14,17,10,0,0,18,7,19,0,10,0,0,0,0,0,15,0,0,0,0,0,6,0,0,0,48
25,0,0,0,0,2,0,0,0,0,0,50,0,3,13,19,1,0,0,0,5,4,13,14,3,0,10,14,0,6,2,0
87,22,3,0,0,12,0,1,0,2,61,0,0,22,0,1,10,28,0,18,0,0,0,0,0,12,0,20,17,0,11,0
0,0,3,20,41,9,0,0,23,25,5,33,0,0,218,0,0,23,0,21,16,7,0,1,0,16,0,13,11,29,0,0
0,0,0,0,24,11,7,0,0,44,14,9,0,128,197,189,30,0,8,29,6,11,0,0,0,13,0,0,5,0,7,29
40,0,0,11,13,0,0,21,16,191,54,27,13,21,196,198,16,0,34,51,0,18,0,18,0,0,0,9,0,1,4,0
95,35,4,4,9,19,0,0,241,188,192,21,0,9,128,63,0,5,193,198,12,7,0,0,18,3,0,10,0,8,10,12
86,0,0,28,45,0,0,0,5,118,21,0,0,0,3,12,13,12,62,123,0,0,0,0,0,6,0,0,0,0,0,50
134,0,28,27,21,0,10,23,0,13,0,0,2,0,20,8,0,0,112,30,0,0,0,0,0,14,0,0,32,32,3,0
123,26,1,0,38,0,47,0,50,0,18,2,0,11,2,0,0,9,0,12,0,2,12,0,8,6,26,0,31,3,39,0
0,0,43,11,0,27,0,0,0,0,0,24,0,0,15,0,6,14,0,0,10,43,38,0,0,0,4,0,9,14,41,0
0,13,0,6,11,6,0,4,25,0,0,0,25,17,0,0,0,0,0,0,0,0,0,227,58,7,0,0,19,0,0,0
21,0,0,0,0,0,0,11,0,0,22,0,0,5,0,0,0,33,17,4,0,0,8,199,0,0,0,34,16,0,2,0
0,0,11,5,0,8,0,1,0,3,0,0,5,9,0,4,0,11,16,0,6,15,29,6,26,0,28,30,1,0,0,0
0,0,18,27,21,0,15,0,12,0,29,0,18,0,17,0,12,0,0,0,0,0,16,0,0,22,0,0,12,0,0,14
115,0,14,0,9,14,2,0,0,34,22,7,22,0,1,0,0,2,0,24,0,20,16,9,1,17,0,20,40,0,0,0
0,0,0,1,3,0,0,3,0,24,8,6,0,0,11,16,50,14,17,3,39,0,0,13,0,72,0,36,35,2,0,16
127,0,0,15,0,0,0,9,16,0,0,11,0,0,0,18,0,0,0,0,0,0,2,2,70,0,37,12,0,0,1,25
33,2,10,33,0,0,13,0,0,18,0,0,0,11,0,5,0,22,0,1,0,0,10,3,0,5,0,20,0,0,0,9
0,25,0,0,24,18,8,0,0,0,0,0,0,14,0,0,0,0,0,0,5,6,2,0,0,0,24,0,16,9,0,0
0,31,4,0,5,43,0,0,0,24,26,11,0,14,3,0,0,10,0,39,0,0,0,0,13,17,4,0,34,17,27,0
0,39,0,0,0,37,0,0,20,11,42,63,26,9,20,6,0,27,0,0,0,0,18,21,17,0,0,0,53,8,55,0
0,21,0,0,0,0,4,8,3,7,19,0,8,3,57,13,0,0,27,0,9,0,26,0,4,5,0,0,0,10,22,13
20,9,24,0,14,17,8,33,0,0,0,20,0,0,22,16,0,11,5,0,0,0,21,0,0,6,0,9,0,12,21,10
47,0,12,7,12,0,16,0,0,0,10,4,2,1,0,9,30,4,13,0,7,5,6,0,0,0,0,0,0,42,0,0
0,4,26,5,0,0,0,41,15,0,9,1,31,0,0,0,2,0,4,10,13,13,7,0,16,23,36,2,0,0,0,36
0,42,0,7,0,0,0,9,0,0,1,0,0,13,0,12,0,24,0,17,0,8,2,16,1,13,0,14,0,0,0,26
0,20,7,16,0,3,9,27,8,6,10,0,0,0,1,11,4,10,0,0,2,1,0,0,2,0,13,5,0,1,0,49
108,11,0,4,0,0,0,7,0,7,4,0,0,19,13,0,5,0,0,16,9,0,13,0,3,0,5,4,5,2,0,5
11,31,14,7,20,9,4,0,0,16,8,0,3,0,0,0,0,0,17,3,2,0,4,20,0,0,0,0,5,16,0,27
0,0,13,0,19,19,0,0,19,0,4,37,8,0,0,0,14,5,3,4,6,19,5,0,11,0,0,0,0,0,0,2
0,0,0,0,0,0,0,3,3,0,0,0,0,4,0,0,3,0,0,0,14,0,0,0,13,7,0,0,0,5,21,0
0,0,0,11,13,8,7,11,0,0,48,12,13,0,12,0,0,36,0,0,6,0,24,18,4,0,30,37,29,0,1,2
49,4,22,5,9,0,18,0,10,0,29,53,23,15,0,0,10,30,6,15,16,1,0,0,0,10,4,0,2,0,4,2
8,0,7,0,0,0,0,0,0,21,0,0,0,11,1,23,0,0,0,0,5,13,8,6,7,6,0,0,0,0,0,5
0,18,3,0,0,33,11,0,28,31,0,7,44,2,42,20,8,0,12,5,0,0,0,12,18,0,0,0,10,9,0,26
85,23,0,0,34,4,26,1,35,36,12,0,20,26,184,197,13,0,34,8,9,0,15,0,19,25,0,1,0,0,35,5
0,0,26,0,12,0,0,7,14,17,0,0,0,0,30,0,0,0,0,0,11,12,7,8,20,20,22,5,0,0,3,0
0,0,37,0,42,31,13,0,26,7,21,1,0,13,13,26,0,2,196,186,1,7,0,10,7,6,4,5,26,29,10,13
0,16,0,13,2,0,6,21,14,52,19,0,0,0,10,0,4,1,209,95,17,0,0,5,4,5,13,2,0,10,0,32
72,32,0,0,4,0,0,13,0,0,0,12,0,0,0,0,0,26,52,3,14,0,0,0,0,36,0,0,0,0,21,0
0,8,30,17,53,0,0,41,0,0,0,7,0,24,0,0,0,0,11,6,0,0,43,0,0,1,21,0,0,13,0,0
105,0,34,12,33,4,29,2,24,15,5,0,0,0,7,29,0,10,0,0,0,0,0,12,7,0,11,0,22,6,1,18
106,0,0,0,4,27,2,0,0,46,13,12,2,0,0,6,0,0,13,5,0,0,16,162,247,0,0,0,0,0,0,0
15,1,0,10,55,0,10,0,0,5,0,0,0,0,0,9,6,0,0,5,2,0,41,241,33,0,0,0,6,17,0,0
0,7,34,0,44,0,5,6,0,0,0,0,14,0,20,27,27,0,3,20,0,6,0,0,0,7,10,13,9,0,14,0
0,0,21,0,6,8,16,0,16,11,11,22,0,0,0,0,0,21,8,0,5,11,12,1,9,4,0,0,0,0,0,0
53,0,0,57,0,0,20,0,0,22,0,2,0,25,6,0,0,0,11,0,15,0,0,0,0,0,0,31,29,0,5,0
111,28,0,0,0,12,0,0,0,0,26,3,0,22,11,15,6,26,0,0,0,0,0,10,0,7,10,0,39,3,0,0
0,0,0,11,0,0,0,0,0,0,0,0,0,0,2,11,12,0,18,0,0,12,0,12,0,0,45,3,0,0,3,0
65,10,13,1,6,7,5,13,10,14,6,8,0,3,0,1,0,0,4,20,22,0,5,16,0,0,5,30,0,0,12,3
0,7,6,0,62,0,43,28,0,4,6,0,0,15,0,0,9,0,0,10,0,16,0,16,14,1,25,23,0,0,13,0
0,0,40,25,28,0,21,0,5,7,28,18,15,0,0,0,0,10,0,0,0,0,0,0,15,0,17,27,21,0,0,0
0,0,50,0,11,24,8,0,0,48,15,44,10,5,13,0,0,2,21,0,4,0,0,1,0,8,17,0,2,10,0,0
16,0,10,4,0,0,1,0,0,0,0,7,0,0,0,5,0,4,0,0,22,12,0,19,13,0,35,0,17,0,0,1
0,0,0,16,4,0,0,0,2,0,6,6,0,0,5,6,26,4,0,0,0,6,0,0,3,0,0,0,12,0,0,16
32,3,2,0,11,0,0,0,0,0,0,7,0,9,0,0,1,0,0,29,17,0,0,0,4,23,20,0,0,0,15,15
0,6,0,0,5,16,12,2,7,6,0,3,0,6,0,0,0,21,0,9,0,10,16,0,0,0,0,0,0,1,0,18
0,0,1,0,0,0,0,0,11,2,0,0,16,0,8,13,34,8,1,20,13,0,0,0,7,12,0,0,12,7,2,0
0,0,0,4,2,0,0,20,1,3,2,3,0,0,0,12,10,2,0,16,0,0,0,0,7,0,0,8,5,0,0,0
96,1,7,0,0,1,0,11,0,1,11,2,8,12,5,0,7,0,7,1,0,0,0,5,4,0,4,0,3,0,8,1
3,0,12,0,4,0,0,0,5,4,0,0,0,11,2,0,2,2,1,0,3,0,0,0,0,0,1,0,0,0,0,0
1,11,2,0,0,0,2,2,0,0,0,0,12,0,3,3,0,7,0,1,1,4,2,3,0,6,0,0,0,2,9,0
0,0,1,0,6,0,5,2,5,0,27,0,7,0,4,0,8,6,0,3,0,0,0,6,0,0,0,4,8,0,0,1
0,10,0,0,0,3,10,15,8,0,34,39,0,0,9,4,0,5,0,0,4,7,4,0,0,0,0,0,0,2,0,2
19,1,0,0,12,0,3,0,5,6,17,80,0,0,0,0,6,9,0,14,0,0,0,0,0,0,1,2,4,2,0,19
0,8,6,0,0,0,0,0,0,22,16,0,0,0,0,0,12,3,0,0,0,2,11,0,3,0,0,20,0,2,0,0
0,0,0,16,4,0,0,7,0,40,0,2,0,14,0,4,0,0,5,5,9,0,0,0,4,14,0,0,6,0,0,0
0,0,0,0,0,6,0,1,0,21,17,6,2,0,0,0,0,29,36,7,0,1,0,0,0,5,0,12,6,0,4,16
121,0,0,13,19,0,0,10,30,0,0,3,0,0,1,0,0,21,0,9,0,0,0,0,0,0,0,0,3,0,0,0
37,3,0,0,0,0,14,0,21,0,30,0,0,2,0,0,0,0,0,6,3,5,0,0,0,0,0,2,3,1,9,0
116,2,3,1,6,2,8,0,17,2,14,0,3,0,0,26,20,2,17,0,0,0,0,0,1,0,7,4,6,8,0,0
115,19,4,0,0,0,3,1,0,3,60,0,6,5,7,0,22,8,91,21,0,0,0,3,0,0,0,3,7,11,25,0
0,10,4,1,2,4,0,0,0,0,5,1,0,3,0,0,5,2,6,0,0,1,11,0,0,3,7,0,1,5,2,0
0,0,0,1,0,0,0,4,0,0,27,0,0,0,4,0,0,0,4,1,2,0,23,0,0,1,15,1,2,0,2,24
101,0,13,0,9,5,0,4,0,0,0,2,2,0,0,18,0,2,3,0,27,4,20,0,10,7,0,1,0,0,0,13
0,0,0,19,13,0,11,4,6,0,18,8,20,0,13,13,19,11,0,0,35,7,13,0,15,3,0,0,0,0,4,1
70,0,0,14,0,10,5,13,0,0,0,0,0,4,0,0,0,0,4,6,13,0,14,18,15,0,0,0,0,7,0,0
0,0,4,3,0,10,0,0,0,0,17,0,0,0,0,1,2,0,10,14,0,0,0,0,16,8,7,7,0,4,3,27
103,0,0,0,0,7,0,0,0,1,43,0,0,0,3,0,0,0,0,0,8,0,0,3,0,49,23,0,62,0,0,23
103,0,11,0,13,22,10,16,8,5,10,35,3,0,0,0,0,0,9,4,11,4,16,0,8,0,19,70,43,0,2,0
54,2,34,2,0,2,0,3,0,0,0,0,0,0,5,8,17,0,6,9,0,0,0,11,24,16,65,0,0,0,0,0
73,11,0,0,0,5,4,0,0,7,14,20,2,17,1,9,4,1,0,0,0,0,0,0,0,0,0,0,0,5,9,14
0,0,11,20,26,0,16,0,7,19,23,0,9,0,0,0,20,0,20,0,0,13,0,0,6,7,0,9,0,13,36,19
3,5,29,24,31,0,13,16,0,21,8,24,0,17,0,0,13,0,10,25,0,0,4,0,2,0,0,0,0,0,4,12
32,0,19,3,0,7,0,0,0,17,16,12,0,11,0,2,0,26,5,0,7,0,11,11,15,3,6,0,14,0,7,0
28,0,0,7,0,17,0,0,0,0,6,0,0,0,3,0,0,0,0,1,7,7,6,0,0,0,0,16,2,1,0,0
0,0,0,9,0,3,0,27,0,16,6,0,0,5,0,4,3,0,0,1,0,0,0,0,10,0,0,29,0,0,0,1
0,6,32,8,0,3,0,0,0,9,0,0,0,18,0,0,0,10,0,2,0,9,22,0,2,0,0,5,18,17,5,0
2,0,0,9,7,0,0,1,3,15,0,0,0,1,0,0,25,0,15,0,12,14,17,0,1,3,0,0,0,17,3,0
0,13,0,0,0,0,0,0,0,28,4,17,0,29,20,0,0,0,0,11,0,0,12,7,5,0,0,12,11,0,6,7
0,0,0,0,0,2,0,0,0,17,0,0,0,5,0,11,17,14,0,16,0,0,0,0,14,22,7,0,0,0,9,20
73,9,0,4,0,0,13,0,20,0,8,23,0,0,20,0,30,0,0,4,3,5,3,0,0,18,0,8,0,0,0,0
0,23,0,0,0,0,0,3,0,0,0,10,28,0,19,7,0,6,0,0,6,0,0,33,0,0,0,7,0,24,0,0
13,0,0,0,0,10,5,8,0,2,58,12,0,0,0,26,0,0,0,0,14,3,27,12,24,15,20,9,10,0,0,13
0,0,34,0,1,3,9,22,16,8,29,0,5,11,9,0,0,0,0,23,8,0,0,0,1,28,0,44,37,6,0,0
0,0,38,28,0,0,0,30,3,22,1,18,25,15,1,0,4,7,0,0,0,31,0,0,0,0,20,0,16,5,0,0
18,49,0,14,0,17,0,0,35,0,0,29,0,2,140,41,12,0,0,0,0,27,0,0,5,13,0,5,2,10,8,0
131,0,27,17,0,0,9,67,7,71,11,18,2,95,197,191,1,0,1,45,36,0,26,0,22,7,0,24,28,0,0,0
0,0,13,23,38,0,0,0,54,32,0,4,10,110,196,197,0,0,12,0,0,22,0,0,0,0,0,31,0,7,4,0
134,0,5,2,0,0,0,25,105,190,74,14,0,51,224,47,0,6,19,144,187,12,4,0,0,0,0,0,10,7,0,4
0,15,4,0,0,31,28,0,49,153,83,1,0,0,0,15,0,0,0,238,190,119,23,10,0,0,32,4,1,0,0,0
0,13,24,0,0,31,3,0,0,9,1,17,26,0,21,13,27,27,15,73,145,0,0,11,0,0,0,4,43,0,3,42
0,0,25,4,0,12,0,0,15,0,0,0,0,10,0,0,0,13,3,0,12,7,32,3,23,0,8,43,14,28,0,0
0,11,1,7,0,0,0,37,0,29,8,0,2,16,16,26,0,0,48,57,4,0,14,0,0,0,5,0,35,0,31,20
110,0,0,0,0,0,0,0,0,0,0,0,0,37,0,0,14,16,0,0,15,7,0,15,0,0,5,28,0,0,0,33
0,0,39,0,0,0,9,22,20,0,28,10,9,6,0,0,16,0,32,20,24,32,9,0,142,29,0,17,0,0,13,25
0,7,22,0,46,25,13,0,24,40,14,1,19,0,0,26,3,0,0,0,0,12,0,23,196,235,0,0,0,0,0,18
0,0,0,19,11,0,32,16,11,7,32,17,0,0,0,0,0,7,62,0,0,0,37,0,30,1,4,0,19,2,0,0
12,4,0,5,20,11,13,23,8,0,7,0,28,0,0,0,10,0,0,2,0,5,0,4,0,16,7,0,23,5,0,0
86,46,0,0,0,45,0,3,0,0,7,12,0,8,0,11,21,0,21,35,0,0,0,0,0,12,4,35,0,0,5,40
12,0,0,0,0,0,0,0,0,0,3,0,0,0,0,20,0,5,0,0,0,18,0,11,0,17,0,0,1,28,4,5
0,0,0,6,0,32,4,6,7,0,5,23,0,0,0,0,0,13,0,0,0,0,1,14,0,17,0,0,22,0,0,45
0,12,9,22,4,0,0,26,11,0,19,38,7,6,2,0,0,14,5,36,15,0,4,0,10,22,34,0,16,0,0,0
0,0,17,0,20,6,3,11,8,16,33,6,33,0,16,7,37,6,0,0,19,0,0,6,6,0,0,25,13,0,0,25
30,2,12,0,32,13,23,0,0,3,23,0,14,0,2,27,0,10,0,0,0,7,15,9,14,5,0,21,5,0,0,0
23,0,10,32,41,22,12,0,0,3,25,0,11,8,0,0,0,0,0,4,0,5,10,6,0,30,19,8,0,31,0,0
49,9,0,22,36,60,0,15,40,0,5,35,0,23,6,3,0,13,0,7,0,4,0,0,0,4,0,0,0,0,0,16
15,11,0,7,10,7,0,18,14,0,0,1,19,3,0,0,36,0,17,0,11,0,0,2,10,0,0,35,0,26,0,0
0,7,0,14,0,32,0,0,5,32,0,0,0,16,0,0,20,4,18,0,0,10,0,11,0,0,0,5,5,13,0,0
0,0,0,0,0,0,2,18,32,0,1,24,12,0,13,0,0,0,0,0,0,0,0,0,0,18,0,0,0,12,15,0
0,39,0,0,53,8,20,0,15,0,6,0,0,6,0,0,0,0,0,0,0,0,1,5,4,0,0,0,22,12,0,16
31,8,0,6,8,18,17,9,0,0,7,0,48,0,0,2,20,11,3,0,10,12,0,0,18,0,0,0,0,14,33,0
43,0,0,18,0,3,0,2,0,0,20,0,21,2,16,0,14,13,29,0,9,0,0,31,0,28,0,0,0,27,17,18
68,0,16,22,0,0,0,0,0,12,0,0,0,0,0,16,0,0,0,8,18,21,10,0,0,10,0,0,0,16,0,7
0,0,7,26,0,0,0,0,0,2,0,0,25,0,0,0,1,0,0,0,24,4,0,1,5,15,0,0,15,5,1,41
0,9,1,0,0,7,0,11,18,0,6,17,3,2,7,14,0,21,0,0,0,37,0,21,21,0,0,4,0,8,0,0
5,7,0,1,0,0,0,11,0,0,0,0,0,9,0,0,6,1,6,0,9,0,5,14,6,0,0,0,2,0,1,8
1,0,26,0,34,4,0,0,30,0,6,0,0,19,0,24,5,0,0,0,0,10,10,5,0,0,0,0,5,0,0,20
1,1,0,14,0,0,8,3,2,0,22,3,0,10,176,22,0,0,23,0,0,2,9,0,7,0,0,0,17,0,0,0
0,0,0,0,8,0,28,0,19,10,29,3,22,40,58,71,4,0,38,12,15,0,6,11,20,0,4,0,0,34,8,46
0,23,0,4,0,11,12,27,9,54,46,0,0,16,55,14,22,0,5,16,0,0,0,5,0,13,0,0,0,0,17,7
88,0,8,19,0,0,2,0,20,28,0,5,0,0,0,0,0,0,27,173,187,226,0,25,0,0,0,5,0,10,0,0
55,21,3,4,0,30,5,36,35,10,0,0,21,18,25,4,0,0,16,107,195,227,10,0,0,0,22,0,21,0,21,31
0,16,0,4,0,12,0,0,17,0,59,26,27,0,17,3,18,32,0,14,148,0,14,7,19,0,33,0,19,0,0,14
0,0,0,27,0,0,0,41,0,0,0,9,0,0,0,55,6,0,0,0,0,0,10,0,0,0,0,4,0,0,0,0
103,32,11,3,0,17,0,12,2,0,21,0,32,10,18,10,0,8,41,53,27,0,9,0,0,0,36,12,25,26,4,0
0,0,24,14,0,0,0,0,13,46,28,1,0,0,0,20,6,0,0,0,0,0,16,20,2,4,7,16,22,0,6,4
95,0,0,18,0,0,10,47,16,0,13,28,0,0,0,10,0,0,0,2,4,5,22,5,187,192,37,0,0,0,6,21
42,0,0,7,0,0,0,19,0,0,6,16,5,5,16,11,9,0,28,0,41,0,32,11,188,89,27,0,0,0,13,27
0,8,6,18,11,0,9,17,4,2,5,1,0,0,5,2,2,0,0,0,0,1,0,0,0,0,15,0,0,1,0,0
58,9,0,26,0,0,0,2,6,0,16,0,2,0,11,0,0,0,10,0,3,0,5,18,27,4,4,0,0,20,0,0
0,0,0,0,0,34,0,9,18,13,0,6,23,0,7,14,0,7,10,3,0,0,0,5,15,0,19,10,0,15,1,0
120,11,0,0,0,0,0,26,6,0,7,14,8,0,0,13,0,1,0,0,0,0,0,12,3,0,0,10,49,0,0,0
0,0,19,0,0,0,0,29,0,1,0,0,17,6,12,8,0,0,0,10,3,11,0,0,7,16,4,28,29,1,22,2
0,0,8,0,8,20,35,0,0,0,0,0,0,0,0,5,8,7,11,0,0,7,19,0,20,0,48,7,0,22,0,0
0,0,0,0,0,0,0,3,0,0,24,7,0,0,0,20,0,21,0,0,0,12,0,0,2,0,0,13,0,0,0,22
13,0,14,3,24,0,6,8,0,4,29,10,6,20,17,0,21,1,8,0,4,8,0,6,9,0,6,0,33,16,17,7
0,0,14,0,21,9,0,0,3,41,14,0,0,8,7,0,0,0,0,8,0,0,18,0,17,0,13,0,14,0,0,0
0,19,33,2,0,0,0,13,0,36,21,3,0,0,0,0,2,12,11,0,0,0,0,0,0,0,0,0,8,0,8,0
0,4,0,14,5,0,25,0,4,1,18,0,0,0,0,0,4,0,0,0,12,4,3,0,0,0,0,11,5,0,0,0
0,8,0,0,0,15,0,0,0,0,1,13,0,0,0,0,17,0,13,0,15,0,0,10,0,0,0,0,0,9,0,0
40,0,0,0,0,0,0,0,0,0,2,31,0,14,0,0,6,6,0,10,7,1,0,11,14,0,3,6,22,0,0,1
0,6,0,1,10,0,1,0,0,2,0,0,1,5,2,12,0,0,7,6,0,0,0,0,0,13,0,0,0,4,0,9
0,26,0,6,17,0,0,3,0,0,8,12,0,10,3,0,0,0,13,33,8,0,0,0,0,14,23,7,0,2,0,0
0,0,14,12,7,0,0,10,10,0,8,4,1,0,11,17,4,6,0,0,0,1,0,0,14,0,0,0,0,0,0,12
119,8,1,1,0,4,0,16,0,4,10,1,0,2,0,0,0,2,0,2,0,0,4,0,0,0,0,0,5,6,0,0
6,0,14,6,9,0,0,0,10,12,5,6,0,22,0,0,0,8,9,3,9,4,4,0,0,0,7,10,0,0,0,0
0,2,2,0,10,1,6,0,0,0,10,0,0,1,0,0,0,0,4,1,9,0,3,0,4,5,0,12,0,0,4,8
0,4,7,0,0,1,0,3,0,6,0,3,0,3,4,5,0,1,0,0,0,0,2,1,0,0,0,0,0,6,0,17
0,0,0,1,0,17,0,0,0,2,0,13,1,9,6,0,3,0,4,0,0,10,0,0,0,0,0,5,3,8,0,6
23,10,0,0,0,0,1,0,10,8,22,97,6,9,6,0,7,0,0,0,0,0,0,0,0,10,3,12,4,7,8,0
75,0,0,0,13,1,0,0,0,4,16,0,0,20,8,0,0,1,0,0,0,0,10,6,3,0,2,7,0,3,0,2
44,0,4,8,0,0,0,6,5,33,0,2,0,11,51,0,10,0,4,0,5,4,0,1,5,0,0,12,0,0,0,0
62,18,1,0,0,9,0,0,0,27,4,0,24,10,8,36,2,0,14,10,16,0,0,6,0,8,0,0,0,7,10,0
103,0,0,2,9,1,0,2,12,0,0,3,0,0,0,0,10,0,0,2,3,14,0,0,0,0,0,4,0,0,4,4
0,0,6,6,0,9,5,0,6,0,11,1,7,2,0,1,0,0,0,0,25,6,5,6,2,0,6,0,0,0,4,10
0,0,0,0,7,0,1,0,0,0,26,0,0,8,0,0,0,0,4,0,8,14,6,0,0,5,2,7,3,4,8,4
0,1,5,4,11,0,0,11,0,0,38,0,0,0,0,1,0,4,77,4,9,0,0,3,8,0,29,13,7,0,0,0
90,0,0,0,0,12,36,0,0,16,0,0,0,2,0,2,0,0,6,9,0,0,0,0,0,0,0,0,8,12,5,0
49,0,9,2,0,0,27,14,3,3,15,6,0,0,0,0,0,0,0,0,2,10,10,6,17,0,0,0,0,0,1,0
135,3,0,0,29,0,0,0,11,5,5,0,10,3,0,0,6,0,7,2,40,0,0,5,0,1,2,0,12,3,0,0
0,0,0,0,13,7,0,1,2,12,8,0,5,2,7,0,1,0,13,7,15,4,0,0,16,0,1,0,6,4,12,0
35,0,0,5,4,0,5,16,2,0,3,1,4,0,0,1,0,0,2,8,15,0,9,0,17,14,4,0,0,0,0,10
117,0,0,10,1,5,0,22,0,0,31,11,0,0,0,0,0,0,0,0,0,11,0,9,0,0,0,2,0,0,0,7
92,15,11,0,18,18,0,0,1,3,17,2,1,8,0,19,10,0,9,5,0,3,0,0,6,44,0,0,48,14,3,6
0,0,0,0,0,1,0,0,3,0,16,16,11,2,0,1,6,4,6,0,1,1,0,7,0,0,14,53,44,3,7,0
0,0,0,20,0,0,3,11,0,0,0,5,0,2,0,3,0,0,0,13,6,5,7,1,11,0,63,7,3,5,5,9
0,4,0,3,0,0,3,0,0,1,0,0,4,2,0,2,0,0,0,0,4,6,0,1,1,4,9,15,0,0,0,0
48,0,3,0,23,0,27,1,0,0,17,11,0,1,2,10,0,0,1,7,0,0,8,0,5,0,12,0,4,3,0,0
0,17,31,4,26,37,0,0,0,30,16,13,23,12,0,0,10,0,0,14,9,0,0,1,9,0,0,9,5,6,0,0
0,0,29,16,0,0,1,0,16,38,33,31,0,0,0,24,0,0,0,0,8,9,0,5,3,0,0,0,0,2,0,13
31,5,0,0,4,2,0,1,3,15,0,11,12,8,6,0,0,6,12,7,5,0,0,0,0,0,1,0,0,0,6,0
20,5,0,0,29,2,0,3,0,15,16,0,0,0,0,2,0,0,0,0,0,0,1,0,7,7,0,0,0,0,0,0
0,13,5,0,0,6,6,13,5,8,8,0,0,7,0,0,0,1,0,0,0,0,0,2,0,10,3,0,8,0,1,26
18,0,25,0,0,8,0,0,12,19,0,4,14,14,7,0,4,0,0,0,0,13,0,29,0,0,0,0,5,0,0,13
0,0,1,0,8,0,3,0,0,12,0,5,0,0,9,0,0,0,0,0,0,0,2,0,8,0,14,0,1,0,0,9
0,12,8,0,3,0,2,2,11,0,0,5,0,14,0,0,9,0,0,9,0,0,0,2,0,2,0,0,7,2,0,0
43,0,10,43,0,0,19,5,8,4,0,0,0,0,3,11,0,12,24,16,7,7,18,0,29,0,0,14,22,0,0,19
8,12,0,0,0,0,0,6,0,21,0,0,0,9,9,14,3,18,0,18,16,0,9,0,0,7,0,13,7,0,16,12
17,0,16,6,6,8,11,0,23,14,9,6,24,1,16,1,25,0,0,0,0,16,0,5,1,8,0,0,0,2,8,0
6,0,0,0,14,0,0,0,29,0,19,0,4,10,0,12,7,11,12,19,6,0,17,29,0,0,0,0,0,0,0,0
52,0,0,23,13,0,8,0,41,35,140,49,12,0,138,198,194,7,0,0,0,44,16,0,0,18,0,11,0,0,0,9
60,0,15,9,37,0,35,17,17,173,197,14,0,0,51,198,191,5,7,0,18,0,25,0,8,7,0,0,13,8,0,0
40,2,14,34,46,0,5,38,0,187,192,19,6,5,12,191,163,0,0,0,98,18,104,0,8,20,13,0,0,0,0,0
118,19,2,29,0,0,25,8,0,243,21,6,12,35,11,22,28,0,0,0,55,220,84,8,5,0,0,0,0,0,9,0
19,9,0,0,4,22,20,5,23,0,83,13,0,0,0,46,7,0,0,25,32,112,35,0,18,6,0,0,0,0,14,30
42,23,0,0,0,9,0,0,5,0,19,7,10,17,9,1,0,0,0,0,0,4,0,0,0,0,13,0,22,0,22,8
0,0,6,0,0,0,13,30,0,0,0,32,0,0,0,5,1,0,0,0,13,0,2,0,1,40,0,20,0,8,0,4
0,13,0,12,21,0,17,13,6,0,36,3,0,22,0,37,0,8,28,1,15,41,4,0,0,26,43,0,11,0,0,0
0,2,0,13,2,12,0,0,13,28,0,9,0,62,17,0,6,0,36,75,7,0,21,0,0,24,10,0,0,20,0,8
94,41,0,0,6,0,7,0,0,7,0,0,0,0,0,12,0,0,19,2,15,5,29,0,0,12,6,9,0,2,38,17
0,0,37,3,7,67,0,7,0,0,5,8,4,0,0,6,12,0,11,4,8,0,0,0,10,0,0,0,3,0,0,0
0,11,11,0,11,0,0,2,32,5,45,0,0,13,14,0,5,0,2,0,16,0,21,20,0,5,0,5,21,7,0,0
0,18,0,0,48,10,0,0,0,0,7,0,0,22,12,0,8,34,72,0,13,0,0,40,27,0,17,8,6,0,7,0
0,0,21,29,29,0,0,0,0,12,0,6,0,0,36,14,20,0,5,0,8,0,0,0,0,11,0,22,0,0,0,0
78,0,0,6,0,0,0,0,0,0,24,17,0,0,13,0,14,0,0,0,4,0,0,0,12,0,0,0,0,0,0,10
115,21,6,19,0,34,37,0,0,0,14,2,0,0,14,3,0,38,76,23,0,24,0,9,4,18,4,5,31,48,13,0
0,9,0,48,21,0,0,0,0,0,22,0,0,10,0,8,23,0,11,0,0,8,0,0,0,25,0,12,9,1,0,51
0,0,0,27,0,0,4,16,25,0,5,0,18,0,0,15,0,0,15,25,25,0,31,16,61,28,107,0,10,0,10,26
0,3,0,3,0,0,0,3,0,9,4,0,28,11,0,0,0,0,0,0,2,0,0,0,0,0,0,0,0,0,1,8
0,0,0,11,0,25,3,4,18,0,16,0,0,0,0,0,25,0,0,0,12,0,14,9,2,13,0,0,0,0,13,12
0,0,28,0,33,0,24,0,6,40,6,0,21,0,2,0,11,10,12,0,0,0,0,9,0,0,48,0,8,0,0,0
0,0,22,53,32,0,27,30,18,0,27,85,0,0,0,37,0,0,0,0,0,0,10,0,41,12,0,24,0,30,20,25
0,0,1,8,0,0,0,0,0,0,20,8,0,33,9,39,0,16,5,0,4,12,0,57,0,0,17,7,0,0,0,0
69,0,0,0,16,0,0,0,27,0,0,22,0,0,6,3,0,2,35,3,0,0,16,0,15,0,0,29,34,0,0,0
0,39,7,2,0,0,16,0,1,10,25,0,0,13,0,20,31,0,16,0,0,0,0,0,33,5,12,0,27,9,5,8
0,0,0,26,15,0,11,7,6,0,0,18,19,0,1,17,24,4,0,0,20,14,7,5,3,9,0,6,42,5,0,44
0,0,0,20,0,25,0,0,0,0,0,0,0,3,16,19,37,0,9,25,0,0,0,0,12,0,0,5,0,4,0,8
0,17,0,16,46,0,4,0,0,0,0,2,54,22,10,0,0,0,0,0,8,0,0,0,0,6,26,3,0,0,0,29
52,12,37,6,16,0,10,0,0,0,0,0,0,3,1,0,20,0,11,2,0,0,0,0,0,0,0,0,0,0,0,20
0,19,5,0,0,39,20,22,0,0,16,0,0,7,0,0,2,0,4,0,0,0,10,0,8,0,0,0,0,0,3,13
42,0,8,0,3,8,0,0,0,18,0,0,10,5,0,0,0,0,5,32,2,5,7,4,0,6,0,5,2,0,16,9
0,22,0,0,0,38,18,0,0,16,0,0,0,22,1,0,0,9,13,0,0,0,0,0,0,0,0,18,0,0,1,0
0,9,39,4,5,15,28,0,34,0,42,26,0,21,22,196,197,4,6,3,11,38,54,0,42,2,41,38,24,0,9,26
0,0,0,0,1,37,0,0,0,8,52,57,31,0,10,197,198,0,0,25,12,10,54,0,0,1,0,0,0,7,24,43
0,59,14,0,0,0,0,9,0,0,56,0,18,0,0,10,0,0,0,35,81,108,172,8,0,0,10,0,6,0,0,0
86,0,17,0,16,5,19,0,19,23,54,0,37,0,17,71,7,20,0,0,196,188,191,14,27,0,6,19,4,0,0,0
77,41,0,0,0,20,0,0,16,53,36,0,35,4,17,0,11,3,0,6,210,139,69,6,17,0,43,6,44,12,29,0
0,2,0,0,0,0,0,0,0,0,0,0,21,0,14,7,0,0,0,2,0,59,27,12,8,7,0,0,0,0,0,0
0,0,0,0,26,0,21,0,0,17,38,0,27,5,13,0,21,26,0,0,0,0,18,7,0,11,0,11,27,4,0,8
130,42,0,0,17,0,13,5,0,0,0,0,2,29,16,0,13,27,0,20,0,0,1,2,0,0,0,0,0,0,31,0
0,0,0,2,0,27,11,0,0,3,15,10,0,0,0,16,8,0,49,60,6,0,0,0,0,124,4,18,0,0,0,0
128,6,3,0,0,33,0,0,6,10,10,0,9,0,4,0,3,0,0,28,0,0,0,8,160,184,22,0,0,15,0,23
0,0,0,21,0,0,24,54,0,0,5,0,0,18,4,16,0,3,0,0,0,12,11,0,149,13,10,6,18,0,6,1
28,0,0,47,2,11,0,4,0,0,34,19,0,14,0,7,0,0,17,23,0,0,33,0,12,39,0,14,5,0,0,0
0,28,0,0,11,7,0,0,0,0,15,10,2,8,16,0,27,0,54,25,5,0,0,0,0,12,0,0,12,5,29,44
96,0,0,1,6,26,0,0,5,0,4,11,0,0,3,0,0,0,3,0,13,4,8,12,0,0,0,0,0,0,0,3
92,83,21,39,0,0,20,31,0,0,0,12,12,0,2,0,1,0,0,0,0,2,39,0,4,4,0,8,0,0,1,26
0,0,0,32,16,0,0,13,6,0,23,2,0,16,0,37,0,0,0,3,0,22,16,0,19,16,0,0,5,0,2,6
0,32,3,44,39,0,1,17,38,4,0,24,0,0,0,22,0,0,0,0,0,15,6,0,7,0,4,66,39,16,0,4
0,0,12,4,12,0,0,0,0,9,0,0,0,5,0,24,0,17,5,0,8,20,0,28,72,0,31,0,0,0,16,8
0,16,0,12,0,48,0,0,0,33,30,7,35,0,1,6,1,0,15,0,0,0,0,25,9,0,0,0,0,1,0,0
32,0,0,3,44,10,16,7,0,0,29,24,17,0,3,18,14,16,0,0,0,13,18,25,0,0,0,0,0,16,9,54
0,25,10,33,32,0,0,23,0,21,58,6,3,0,0,27,11,0,19,12,19,0,22,0,15,30,7,16,21,0,7,23
18,0,11,0,0,0,0,13,0,5,35,43,0,35,0,0,9,1,1,0,0,0,0,0,11,23,17,34,19,3,11,15
26,0,41,0,13,10,12,0,0,4,5,14,20,0,11,0,0,14,0,1,0,17,7,5,0,0,23,19,3,0,2,15
21,0,0,0,35,0,3,3,0,0,33,0,2,4,6,0,0,9,3,3,0,0,0,10,0,0,0,0,0,16,0,5
0,25,25,0,0,4,0,0,0,6,0,0,0,23,18,0,11,17,0,0,0,0,14,20,28,0,13,0,10,0,23,0
11,0,4,34,41,0,0,2,7,0,0,0,0,17,15,14,14,0,11,21,0,14,32,0,0,0,28,0,13,0,0,0
5,0,0,23,5,0,6,18,0,15,0,5,9,7,15,0,7,0,21,0,0,12,0,17,12,7,21,0,0,0,9,40
0,0,16,0,18,7,1,0,0,0,6,0,6,13,3,1,0,0,0,0,0,0,14,0,11,52,0,0,43,0,0,5
91,5,0,0,1,0,0,4,3,1,5,6,0,0,0,0,0,1,1,3,2,5,9,0,1,7,0,2,6,6,0,0
2,0,0,8,0,0,10,0,11,0,0,4,9,1,0,0,0,7,0,0,4,0,0,3,8,0,3,1,5,0,0,1
0,0,4,1,17,0,0,0,8,0,5,1,0,0,0,5,0,2,0,0,0,6,2,1,0,0,0,0,0,0,0,13
0,23,0,0,0,8,14,0,2,0,40,0,4,7,5,4,0,0,1,0,0,0,1,0,0,0,0,1,1,1,0,32
0,13,8,0,0,6,6,0,0,0,0,19,6,0,0,2,0,5,0,6,5,0,0,6,0,7,0,0,0,0,16,0
0,0,9,0,0,0,0,0,1,2,21,69,0,4,9,2,0,1,3,0,0,0,3,6,0,7,14,0,0,19,0,0
14,2,13,6,0,0,0,8,1,0,25,6,0,0,0,0,0,4,0,0,0,5,17,0,0,9,16,6,5,0,0,0
0,1,0,0,11,19,6,0,8,47,1,4,0,0,0,0,0,7,0,0,3,5,2,0,0,2,7,0,5,2,0,5
118,0,0,11,0,9,11,8,0,12,31,1,0,0,0,0,0,0,13,27,8,11,0,0,0,3,0,0,0,3,0,0
0,3,0,15,0,0,0,0,8,3,1,0,4,0,6,4,0,6,0,4,4,8,0,8,0,0,0,7,5,0,0,26
43,0,0,9,0,0,5,4,6,0,0,0,3,5,0,4,0,0,0,0,0,21,0,0,0,0,0,9,1,0,0,0
0,0,0,1,0,0,1,0,9,0,39,0,2,3,0,26,0,3,0,4,0,0,0,2,0,1,0,0,10,0,0,3
0,0,0,0,16,3,0,0,0,8,16,0,0,3,4,21,3,10,80,8,1,1,0,12,7,0,5,16,2,0,0,0
0,9,8,0,0,0,0,0,0,11,22,0,23,8,2,0,3,0,5,0,0,0,26,3,0,1,13,9,0,11,1,0
31,14,0,7,0,0,0,9,0,1,0,0,0,23,0,1,20,0,22,15,22,3,0,3,0,5,0,10,0,11,10,1
44,8,0,10,0,0,0,4,0,3,0,0,0,7,3,0,4,0,0,1,35,1,0,1,0,1,0,0,0,21,8,24
0,6,0,0,0,11,0,0,6,2,7,0,0,0,1,0,0,4,7,1,2,0,14,12,0,0,0,0,0,0,0,0
0,3,13,0,0,0,0,0,0,0,6,5,0,5,0,1,0,3,5,0,0,20,8,0,8,2,5,0,0,0,0,10
88,0,0,0,21,11,13,0,9,8,0,0,5,0,0,4,0,0,9,18,5,6,6,0,0,7,0,0,0,11,0,32
92,0,4,0,0,0,8,17,7,0,30,13,16,4,0,1,0,0,0,14,4,0,18,4,4,10,16,0,40,1,5,16
91,5,0,7,2,9,2,0,0,0,33,24,8,2,0,16,7,1,9,0,2,0,9,0,0,3,0,74,30,0,0,36
108,0,35,4,0,0,0,0,0,0,22,9,1,0,2,2,0,0,0,3,1,0,12,16,0,0,49,13,3,11,6,0
0,0,16,7,0,0,0,0,0,5,27,0,0,17,1,0,0,3,0,0,0,15,0,0,0,0,1,0,0,3,0,0
0,0,15,16,37,0,25,3,0,1,11,10,0,3,0,0,0,0,0,0,0,8,13,0,0,0,1,3,0,5,0,0
0,0,14,0,23,16,4,0,0,61,26,17,0,0,1,8,5,0,0,1,0,0,0,0,1,3,0,0,0,0,0,0
0,10,0,14,0,39,0,5,4,40,23,48,0,0,0,3,0,2,0,0,1,0,0,11,0,0,9,15,6,0,0,18
66,24,4,32,18,0,0,7,2,0,28,0,3,14,15,0,4,10,5,0,0,0,1,10,0,4,0,6,10,0,10,0
4,0,0,12,0,0,5,9,0,0,0,0,0,2,0,0,0,0,0,0,0,0,13,0,4,0,0,0,0,0,0,0
0,6,23,6,6,0,3,8,0,0,21,0,0,0,13,2,2,0,7,7,2,0,15,0,2,8,0,0,9,8,1,0
15,0,0,12,0,0,1,0,0,2,10,0,2,5,8,3,14,0,0,9,0,2,0,0,9,0,3,0,0,0,5,0
2,2,0,0,8,0,9,8,0,8,11,9,5,0,0,8,6,1,2,7,11,0,0,0,7,0,0,0,0,11,9,6
15,0,0,7,0,0,0,16,0,0,0,0,0,5,0,0,6,3,18,0,0,0,0,0,0,0,20,9,0,14,5,0
128,0,0,0,25,0,29,0,0,0,0,0,0,0,37,0,0,16,7,0,34,4,0,0,19,3,0,0,31,7,0,0
12,0,14,0,27,21,0,0,6,0,2,14,0,18,0,15,2,0,20,0,0,0,11,24,0,0,0,16,13,34,8,3
11,40,9,0,4,14,16,28,14,0,0,0,0,0,15,0,11,0,0,0,2,11,17,0,22,0,0,22,0,0,20,5
34,0,2,6,0,6,23,8,0,10,14,16,0,11,0,8,4,0,2,12,6,13,10,0,0,0,6,0,0,6,12,2
0,26,0,2,0,0,0,6,0,21,45,42,0,13,0,0,0,6,7,11,0,0,13,16,0,0,0,6,0,0,0,0
6,0,0,0,0,0,0,0,5,2,40,9,12,27,0,10,0,31,0,0,11,0,0,3,17,0,16,0,15,0,8,45
112,8,0,0,15,0,2,16,0,64,6,24,3,18,197,188,23,6,31,16,54,0,0,0,0,4,3,7,22,19,8,0
33,0,0,0,0,0,0,17,0,35,13,15,0,40,189,191,0,0,23,0,0,0,0,13,0,0,19,8,5,23,0,29
0,13,0,6,0,2,0,0,14,197,50,9,5,0,150,99,7,0,0,11,73,250,0,0,0,0,13,10,20,0,0,29
0,31,0,0,6,21,0,4,42,196,133,10,8,1,17,13,0,30,0,0,117,197,0,12,10,0,7,27,0,0,6,0
0,12,0,0,10,0,0,2,1,33,174,0,4,24,0,0,15,6,0,6,61,13,0,0,17,0,0,24,12,17,30,0
83,3,19,0,0,0,15,0,20,0,0,0,0,2,0,0,0,3,0,5,0,0,0,0,9,0,0,1,0,16,7,0
0,0,0,0,12,0,0,0,0,21,27,0,8,0,5,6,11,26,47,12,22,0,9,21,0,31,0,0,0,0,2,43
101,0,7,18,8,0,6,28,79,23,8,0,14,10,0,0,16,0,0,0,0,35,33,28,0,0,69,7,40,27,6,0
74,0,0,20,0,0,0,1,0,0,71,4,15,0,0,29,0,0,0,17,0,32,28,0,0,18,14,0,0,0,17,0
0,11,5,0,24,0,7,29,2,5,36,32,0,0,0,22,0,0,0,0,13,4,0,0,0,21,33,0,32,0,6,0
0,0,10,0,2,17,0,0,0,3,14,0,8,0,44,31,1,6,0,0,4,11,20,0,0,0,20,0,0,0,0,0
0,0,0,0,0,33,25,2,0,16,0,0,10,0,0,0,0,27,18,10,0,5,0,4,0,8,0,15,2,25,8,20
0,0,0,39,28,0,0,0,0,11,0,5,0,27,0,0,0,0,16,5,0,15,8,0,0,16,0,17,0,0,0,0
0,24,0,0,0,27,0,0,0,0,48,0,7,0,23,0,9,2,0,0,0,22,7,5,32,0,23,0,0,0,7,0
94,0,12,22,16,0,0,0,0,12,17,18,9,0,0,5,0,0,37,0,0,0,0,5,0,0,6,0,32,24,0,0
97,0,0,0,0,9,17,3,0,2,6,20,9,37,0,38,0,0,0,0,0,0,8,0,35,19,53,0,1,0,0,0
0,22,0,0,0,15,0,0,0,14,24,0,0,0,0,0,0,14,0,12,11,0,0,6,0,0,0,35,6,25,19,0
65,0,25,0,44,0,40,4,43,0,39,15,32,0,0,7,7,3,0,0,14,12,31,0,22,0,0,0,9,0,5,0
0,0,23,0,22,0,8,24,0,36,27,19,0,0,0,0,0,1,27,33,0,1,0,8,6,0,0,0,32,24,9,3
0,5,62,0,0,0,0,20,7,39,0,60,6,0,2,48,0,26,0,0,0,19,13,23,0,0,0,2,0,0,0,0
0,0,9,19,0,0,20,19,21,0,2,17,17,0,0,0,0,4,0,18,35,0,36,1,0,3,0,0,0,0,0,4
0,0,0,0,0,17,0,0,12,0,0,13,0,0,0,0,0,8,0,1,0,0,0,10,6,0,0,0,0,0,0,0
21,0,37,0,43,11,8,24,11,0,3,0,0,12,2,0,0,0,0,18,14,4,0,25,8,0,0,18,0,6,16,0
33,0,22,17,0,0,0,17,12,10,7,0,0,2,0,0,11,9,5,0,0,17,19,0,24,0,0,0,0,0,0,4
1,0,3,0,0,0,40,0,0,0,0,22,1,0,0,6,0,19,0,7,0,0,0,3,1,0,4,28,0,0,0,27
0,29,27,0,0,0,0,0,0,0,0,0,0,16,7,0,15,5,27,0,0,0,0,11,12,0,9,0,13,22,20,0
