0,5,0,0,6,0,0,4,0,0,10,5,0,0,13,0,3,0,3,0,3,1,0,0,2,0,0,2,5,2,0,11
2,0,0,0,8,5,0,0,0,0,3,0,0,0,0,0,2,0,0,1,0,0,1,0,0,0,0,0,1,0,0,11
3,1,0,2,7,0,0,0,0,0,0,0,1,1,4,0,3,0,0,0,0,0,0,0,0,4,0,0,0,0,5,10
4,0,0,0,0,0,0,0,0,3,0,0,0,13,3,0,0,0,4,12,0,3,0,0,0,0,3,0,4,0,0,4
4,6,0,3,0,1,2,0,0,4,0,0,0,0,0,1,0,0,0,0,5,0,0,2,0,0,0,0,2,0,9,0
0,0,0,3,5,0,7,2,1,6,0,0,0,0,2,0,0,0,3,2,0,1,7,0,3,5,0,0,0,9,8,10
0,7,0,0,0,4,3,0,4,5,0,0,0,11,0,0,0,1,6,0,0,0,0,8,0,0,0,0,0,6,0,24
0,10,7,0,4,0,0,0,0,0,0,0,0,4,44,0,0,3,0,3,0,0,3,7,0,6,5,4,0,2,0,0
3,0,3,2,0,0,0,0,0,0,2,0,0,0,8,0,0,0,8,4,0,1,1,2,0,0,0,0,0,4,6,0
2,0,0,4,0,3,0,0,0,0,0,0,0,0,1,4,1,0,0,0,0,0,16,2,0,1,0,0,0,0,6,9
8,0,0,4,9,0,2,14,5,0,0,5,9,0,6,0,0,0,0,0,0,0,0,0,0,3,7,5,1,0,0,0
0,0,0,0,8,1,3,0,0,9,0,0,0,0,0,2,0,4,0,0,0,0,0,6,0,0,0,0,0,5,0,0
13,1,9,2,0,0,2,0,2,0,0,4,0,6,1,0,0,0,46,1,0,0,2,0,0,0,0,7,2,0,2,0
0,5,3,8,0,0,14,6,5,0,3,0,0,0,3,0,0,7,4,1,1,0,0,0,2,0,0,0,0,6,0,5
5,3,0,0,0,4,1,0,0,0,0,0,6,0,0,3,3,4,6,0,4,0,0,3,3,0,0,0,3,0,0,4
0,10,0,2,11,3,0,0,0,7,2,0,0,5,0,5,3,0,0,0,1,4,0,0,0,0,0,3,9,6,1,0
0,4,0,0,0,0,10,1,2,4,9,11,0,0,1,7,0,0,0,0,0,3,0,3,0,4,0,0,5,12,0,3
0,4,0,13,0,12,10,0,0,0,0,4,0,0,0,0,0,0,0,4,0,0,0,1,7,7,4,0,0,0,0,4
1,0,0,0,6,0,4,0,13,0,0,14,0,4,0,0,0,0,3,0,0,3,12,3,0,0,3,0,9,11,7,0
0,0,6,3,0,0,0,5,0,0,0,19,10,0,10,0,5,0,8,0,0,4,1,0,0,0,25,2,5,0,5,0
0,1,16,0,8,0,1,0,0,1,2,2,4,0,0,9,4,0,9,2,0,0,0,2,0,0,8,7,0,0,0,11
0,6,0,0,1,5,0,2,0,0,0,0,0,0,0,0,0,5,5,5,0,0,5,2,0,0,0,2,0,0,0,0
0,0,0,9,0,8,0,0,0,0,0,0,6,0,0,2,0,0,0,5,0,0,0,4,5,0,4,0,7,0,0,6
0,1,1,0,0,0,0,0,0,0,0,0,0,4,10,0,14,3,0,0,0,0,1,0,0,0,2,0,10,0,7,0
0,2,0,1,16,12,0,0,0,0,0,5,1,4,5,0,0,0,5,0,0,0,0,0,0,0,0,0,4,2,4,7
2,0,12,0,5,0,6,7,8,0,6,6,5,7,0,0,2,6,0,8,0,0,0,0,0,0,15,3,0,18,2,16
0,8,0,0,8,16,2,0,0,0,0,0,0,0,0,6,0,0,10,0,0,3,4,2,1,2,3,1,4,0,0,0
3,4,1,0,3,3,11,0,0,9,0,0,0,2,0,2,2,4,5,6,0,7,0,0,1,0,0,6,0,0,1,13
0,1,0,4,0,0,18,0,10,0,4,6,2,3,0,0,1,0,0,0,0,0,0,1,1,0,6,0,0,1,0,0
3,0,3,3,12,5,7,3,0,0,0,1,0,5,3,6,4,0,1,2,2,2,0,5,0,6,0,0,0,0,3,0
6,10,11,0,3,4,0,4,0,0,2,13,3,0,0,0,2,0,0,2,0,0,4,0,0,0,12,0,11,0,0,0
0,0,0,1,0,0,0,10,0,0,7,3,1,0,0,0,1,0,0,10,0,5,0,7,0,5,1,0,0,0,0,9
8,1,0,0,2,0,0,5,0,0,0,0,0,1,5,3,1,1,0,0,6,6,0,0,0,9,3,0,0,2,0,0
3,0,0,10,0,0,0,3,0,0,0,0,14,2,3,0,1,0,0,0,0,4,5,0,0,0,0,0,0,1,1,6
0,0,0,3,0,0,0,4,0,0,5,0,0,0,2,0,4,0,4,0,0,0,1,0,0,5,0,3,0,4,5,8
0,1,0,1,0,1,5,0,0,0,7,0,5,0,0,0,2,0,0,0,0,0,5,5,0,7,6,10,0,1,2,0
0,0,9,0,0,0,5,0,4,0,0,0,6,0,2,7,0,0,0,0,5,10,0,0,12,4,0,1,0,0,9,0
0,0,0,9,11,0,2,1,0,1,0,1,0,0,0,1,0,0,0,0,0,0,4,0,4,3,0,0,1,8,0,5
0,0,8,0,0,2,0,0,3,2,4,0,0,0,4,0,13,0,0,0,2,0,0,8,0,0,0,0,0,1,0,0
0,4,4,0,4,3,5,0,2,2,0,0,2,0,18,2,0,1,0,0,0,9,0,2,1,6,0,0,1,0,0,0
25,10,0,10,15,0,0,0,0,3,0,0,1,0,0,1,2,0,11,0,0,1,0,0,1,0,3,1,0,0,15,10
4,0,0,0,0,7,0,0,0,2,0,0,0,0,0,0,4,6,6,0,0,0,0,7,0,0,7,9,0,0,1,2
0,0,0,1,0,0,12,0,1,0,0,1,0,3,0,1,0,0,5,0,2,0,0,0,0,0,3,0,8,0,0,0
0,0,12,0,4,9,0,0,3,5,9,2,0,0,0,3,5,0,0,4,4,0,0,1,0,0,0,6,0,0,0,9
4,4,1,5,0,2,7,0,1,0,0,0,0,6,0,5,9,0,28,0,2,0,0,3,8,0,0,13,0,11,0,19
7,0,7,2,0,0,0,7,0,3,0,7,0,2,0,6,2,0,1,2,1,2,5,0,6,4,0,0,4,0,0,0
0,0,8,6,1,0,8,6,0,0,13,8,0,6,0,7,0,0,5,4,4,1,1,3,0,0,2,1,4,3,0,0
0,0,5,0,6,12,3,0,8,0,0,0,2,0,6,0,2,0,0,7,6,7,0,0,4,5,2,0,0,0,5,0
0,0,0,6,0,5,0,0,0,2,1,0,0,0,0,9,0,1,0,3,0,0,0,0,0,0,0,13,0,3,0,16
4,7,0,3,18,0,17,0,0,4,0,1,0,6,0,0,3,0,1,0,11,0,1,0,0,0,0,3,0,0,0,0
5,0,0,0,5,0,0,4,1,0,0,7,0,0,5,0,0,0,2,0,1,0,0,0,0,0,0,9,1,9,1,16
7,2,0,9,6,0,0,7,0,0,8,3,0,1,0,1,0,0,1,0,0,12,12,0,0,1,2,0,0,0,0,0
0,2,0,0,0,0,0,0,6,5,0,9,1,0,0,0,5,1,0,0,0,3,0,5,0,3,3,0,0,5,0,9
4,0,0,9,0,0,3,13,4,0,0,5,12,0,0,7,0,0,0,2,0,0,2,0,11,8,8,0,7,1,10,0
0,0,0,0,0,0,20,13,0,1,10,3,0,0,0,0,5,0,5,5,0,0,0,2,0,0,0,0,0,0,1,8
8,0,13,0,0,6,5,7,0,0,0,8,0,0,5,3,0,0,0,3,3,0,4,2,0,0,0,0,8,7,0,0
0,1,0,0,7,0,0,0,0,0,0,0,4,0,0,0,5,4,0,0,2,0,0,0,0,0,0,3,0,0,3,6
3,0,0,4,3,4,10,0,0,1,0,0,0,8,8,0,0,0,2,0,0,13,0,6,0,0,1,0,0,0,3,0
0,1,0,5,0,0,0,10,11,0,4,9,0,0,0,5,0,0,0,0,3,0,1,0,8,3,0,5,0,0,1,0
0,0,0,2,0,2,0,0,2,1,0,0,0,5,0,9,0,0,11,0,0,0,0,0,0,0,0,0,0,3,12,0
14,0,2,0,0,0,4,4,3,0,0,0,0,0,0,0,2,0,0,0,0,0,0,0,1,0,6,0,6,0,3,5
9,0,0,0,0,7,7,8,7,5,4,0,0,0,0,13,12,11,0,2,1,3,0,0,0,0,9,0,0,0,0,6
0,0,0,0,0,17,0,12,4,0,0,5,0,2,0,3,0,10,0,0,0,5,0,8,0,0,2,0,0,0,0,0
4,8,10,0,0,0,0,4,0,4,6,1,6,1,0,0,0,0,0,0,6,0,0,3,0,0,0,0,0,0,5,7
6,0,2,21,0,0,10,0,3,3,5,0,2,0,7,0,0,4,0,0,0,0,8,3,0,7,0,1,9,7,0,6
1,0,0,0,0,0,1,0,9,0,4,0,2,0,0,2,0,0,0,4,0,10,0,0,2,2,0,0,13,0,0,21
0,0,0,4,0,3,0,0,1,6,5,6,4,0,0,0,0,1,0,4,2,0,6,6,0,0,6,0,16,0,4,0
0,0,12,0,13,0,0,3,3,0,0,3,4,4,3,0,2,0,0,7,0,0,0,0,0,0,0,3,0,3,4,25
6,6,1,0,0,6,9,8,0,7,1,0,0,0,0,0,0,5,6,0,2,0,3,1,7,0,0,0,7,0,0,0
7,0,0,0,9,0,16,2,4,0,0,0,0,0,0,1,4,4,6,10,5,2,9,3,4,0,8,3,0,2,6,0
0,0,0,0,5,3,13,8,0,0,0,0,0,5,5,0,2,8,10,0,5,1,0,0,0,0,0,0,0,5,0,0
0,0,1,0,0,0,7,11,0,1,0,0,0,2,57,0,7,0,0,0,0,0,0,0,1,1,0,0,4,0,6,0
0,0,0,0,0,0,1,3,0,5,12,0,8,7,1,0,0,4,11,11,2,0,0,0,0,0,10,0,0,1,6,7
0,5,5,0,0,4,0,0,11,0,9,3,4,0,0,0,0,0,0,8,0,0,0,0,0,2,2,0,0,5,15,0
0,0,9,0,12,22,9,0,13,0,4,5,0,0,2,2,9,0,0,3,0,2,0,4,0,2,0,1,6,0,0,0
0,11,2,0,0,6,0,2,7,9,4,0,5,8,0,0,0,5,0,0,3,6,13,2,0,0,0,6,0,4,5,16
0,0,0,2,0,0,0,3,0,7,0,0,7,2,0,0,8,0,35,0,0,1,3,0,0,10,2,0,0,2,0,27
0,0,0,0,0,8,0,0,1,0,1,0,9,8,0,0,0,0,4,1,0,5,3,5,13,0,0,2,0,0,0,0
10,16,9,6,12,0,9,0,0,1,0,0,0,8,5,0,4,3,8,10,8,0,0,5,5,3,7,4,7,0,2,0
0,2,6,3,0,10,2,0,0,0,5,0,8,5,0,0,5,0,4,0,0,1,0,3,1,0,4,4,0,0,0,0
25,0,0,0,1,7,0,0,0,3,0,1,3,3,5,0,0,2,0,0,2,6,0,5,6,0,0,0,0,0,0,0
0,2,0,0,8,11,0,0,0,0,0,1,0,2,0,0,0,0,0,0,0,2,0,0,0,4,0,0,7,0,0,10
3,2,0,2,0,0,0,0,0,4,0,0,1,0,1,5,5,0,0,0,0,1,0,0,0,3,2,0,3,0,0,15
6,1,11,5,9,0,7,2,0,0,7,0,5,0,1,13,7,4,2,0,11,0,4,0,0,0,11,0,0,0,5,0
28,7,0,0,0,6,1,0,0,0,0,10,5,0,3,0,4,0,3,3,7,4,0,4,5,0,0,5,0,0,0,5
3,4,2,5,0,0,0,1,0,0,0,6,0,0,7,2,0,0,0,0,0,7,0,0,5,1,1,0,0,1,0,0
9,2,0,5,2,1,5,0,8,3,7,0,3,11,0,0,4,6,4,0,2,1,0,0,0,0,3,4,10,0,3,0
4,5,0,0,0,0,0,0,0,3,0,0,0,9,0,0,1,0,0,0,4,0,0,9,0,3,0,1,5,6,5,0
0,0,0,0,0,0,4,1,0,0,0,0,0,0,1,13,2,0,2,4,0,0,1,0,0,0,0,0,1,6,6,13
4,6,0,0,0,2,0,8,14,0,6,0,0,0,0,4,4,0,0,0,0,3,3,1,4,4,4,0,0,2,0,23
1,11,0,5,4,0,17,12,1,3,0,0,2,6,0,5,4,0,0,5,4,0,4,3,4,0,3,8,9,0,6,8
0,0,2,5,3,3,0,9,6,4,0,0,4,0,1,0,0,0,1,0,1,0,0,1,0,9,0,0,0,1,0,0
2,1,3,1,11,0,4,3,1,0,1,2,0,0,2,0,0,0,1,0,6,1,1,3,0,0,0,6,4,9,5,0
0,0,11,2,0,0,0,1,0,0,0,0,0,0,0,10,0,0,0,1,4,2,0,7,4,0,5,0,1,0,0,2
0,1,10,0,1,2,0,2,0,3,0,5,1,0,3,0,7,0,6,0,4,4,1,0,0,0,4,2,3,0,9,0
1,2,0,0,0,4,0,1,0,0,8,0,3,0,7,0,7,0,0,0,0,0,0,2,0,0,0,0,0,0,4,6
0,2,13,1,0,3,2,2,0,2,0,11,0,0,5,0,0,2,0,9,0,0,0,11,0,0,0,0,4,0,0,0
0,2,0,0,7,0,0,0,6,0,1,4,7,0,0,0,0,5,9,0,0,5,5,4,0,0,0,0,1,0,5,0
0,1,0,0,0,0,0,0,2,3,0,2,0,0,0,0,0,1,6,0,1,4,0,0,0,0,6,0,0,0,1,14
0,6,4,0,8,7,0,0,0,0,0,1,0,0,0,0,6,10,11,0,0,0,0,0,0,0,0,0,0,9,0,0
0,9,0,0,5,12,7,0,0,1,0,0,0,0,7,0,4,3,3,7,3,0,0,2,0,0,0,0,6,0,5,0
8,1,4,2,0,0,0,0,0,0,0,0,0,0,0,12,2,0,0,5,0,7,0,0,2,3,11,0,0,0,0,0
0,0,0,2,0,0,0,15,11,0,7,5,6,0,0,10,9,2,0,0,0,5,0,0,0,6,2,2,0,17,6,10
1,0,0,0,13,8,0,0,0,0,0,5,9,0,46,7,0,0,0,0,0,0,0,0,6,0,0,9,1,0,0,0
0,11,0,0,0,3,8,0,2,8,0,0,0,0,5,0,5,0,0,0,7,0,2,0,0,2,0,0,0,0,6,0
0,0,0,0,0,0,0,0,0,1,2,0,0,0,0,0,12,0,1,0,0,0,1,0,4,0,0,0,10,0,2,0
0,0,3,0,0,1,4,2,6,5,0,0,0,2,1,0,0,0,0,1,1,0,0,0,0,0,0,0,1,0,0,0
7,0,0,0,0,0,8,14,0,0,0,13,0,0,2,7,0,1,0,7,0,0,0,0,3,5,13,14,6,9,0,7
27,0,13,3,22,0,0,5,5,13,12,0,1,4,0,2,0,0,29,4,0,0,3,0,0,0,16,0,0,4,0,6
0,0,0,0,0,4,0,0,4,5,1,5,0,0,11,0,0,0,9,0,0,4,0,6,0,4,0,0,0,12,11,6
0,0,4,1,0,0,0,0,0,6,0,0,7,0,0,0,3,0,2,1,0,6,0,0,0,4,6,0,0,4,0,0
0,8,6,0,0,1,7,0,0,0,0,0,0,2,1,4,5,2,1,2,2,2,0,4,4,0,0,0,10,0,4,14
0,3,0,0,0,3,0,0,0,2,0,0,0,6,0,0,7,7,8,1,3,9,6,8,0,3,16,1,3,0,2,0
3,0,2,0,2,0,4,1,0,0,0,0,0,0,0,0,0,0,0,1,1,3,1,0,0,0,2,2,0,0,0,8
3,0,0,0,0,4,0,1,0,0,0,0,0,0,0,3,5,1,0,0,0,0,0,0,0,0,0,0,3,4,0,9
5,0,2,4,0,0,4,0,0,0,8,0,4,0,0,0,3,0,1,0,0,0,0,8,0,0,0,0,3,0,0,0
0,0,0,0,2,7,0,0,0,0,0,14,11,0,4,0,0,4,3,0,10,0,10,0,0,0,0,0,9,0,0,8
0,0,0,1,0,0,0,11,1,0,0,6,0,0,0,4,0,0,0,1,0,0,4,1,0,0,0,2,1,0,0,20
0,4,0,0,0,7,0,0,1,0,0,2,0,0,0,0,1,0,0,0,2,7,0,0,2,0,0,9,0,0,0,0
5,0,0,0,0,0,11,0,2,4,0,0,12,9,1,0,2,1,0,0,0,5,0,0,4,0,11,0,0,0,10,3
0,7,0,3,13,0,0,2,0,0,16,0,1,8,0,0,0,0,0,8,0,3,0,4,0,0,7,0,2,0,0,0
7,0,6,5,4,0,5,0,0,5,0,4,2,4,3,4,0,0,0,0,0,5,1,0,0,0,0,1,0,0,0,28
5,0,17,0,0,13,0,0,0,0,0,0,2,0,0,3,0,7,0,11,0,0,5,0,1,2,0,6,0,0,7,0
0,2,0,0,0,0,3,0,0,2,5,0,0,4,3,0,5,0,0,5,4,0,2,0,0,0,0,0,8,6,6,14
0,4,0,0,0,0,0,8,5,0,0,1,0,7,5,0,5,7,4,0,3,0,0,0,1,0,10,0,10,0,11,9
0,0,0,8,0,0,9,0,1,0,0,0,0,0,0,0,0,1,0,3,2,2,9,0,0,0,0,9,1,8,1,0
7,7,0,0,0,0,2,1,1,0,0,0,3,0,0,7,0,3,1,2,6,0,0,0,0,0,0,10,2,4,8,0
1,0,6,0,0,9,0,10,6,9,6,0,0,0,9,0,0,0,1,2,5,6,0,0,0,4,0,0,4,0,0,19
0,0,0,0,5,0,7,0,9,0,1,0,3,0,2,0,0,1,0,0,0,0,0,0,1,4,0,9,5,0,0,17
0,5,0,13,0,0,6,4,2,4,0,0,4,1,2,0,6,5,2,0,2,2,0,0,0,0,0,0,0,0,0,0
0,0,0,1,6,0,0,0,5,1,0,13,0,4,0,0,0,2,2,5,0,2,12,3,0,1,8,0,0,10,0,12
0,2,9,0,0,9,6,0,0,3,4,0,2,0,0,1,5,0,0,0,1,7,1,1,0,0,0,0,11,10,21,37
1,13,20,0,0,9,2,0,7,0,0,0,0,0,0,0,0,0,7,1,0,0,6,0,8,7,9,1,0,0,0,0
0,0,4,0,0,0,5,0,8,0,0,0,2,1,3,1,2,0,0,0,0,0,0,3,0,0,0,0,0,0,0,0
0,14,0,0,0,2,0,3,0,10,9,7,1,0,6,0,0,1,0,0,2,4,0,2,3,0,0,0,0,0,0,12
10,0,0,0,5,11,5,0,0,0,7,0,0,11,22,0,9,0,2,0,0,0,0,0,0,0,0,5,6,0,0,11
8,3,0,0,4,0,2,0,4,0,2,0,0,2,0,0,0,1,7,10,5,2,5,0,0,2,0,0,0,7,0,0
0,3,0,0,0,0,4,0,7,11,0,0,0,2,5,2,1,0,0,0,0,6,12,0,0,0,0,1,0,0,0,0
2,0,0,3,0,0,0,0,8,0,0,0,0,6,0,6,1,0,0,0,6,0,0,5,2,0,0,0,0,0,3,0
0,0,3,0,0,21,8,1,4,2,12,0,0,0,0,11,0,3,0,2,1,0,0,8,0,0,4,0,0,0,0,0
13,10,0,0,0,11,0,15,10,8,4,1,0,2,0,0,0,0,32,0,0,0,0,0,0,2,10,0,0,0,5,0
6,0,0,0,8,4,0,0,2,5,16,0,0,0,9,7,0,0,2,4,0,2,0,0,0,3,2,0,0,3,2,9
9,0,0,4,0,0,1,3,0,1,0,0,5,0,0,0,1,0,0,0,1,0,0,0,0,1,10,5,3,0,0,7
1,6,8,0,2,0,17,0,12,0,0,0,0,0,0,0,4,1,5,7,0,0,2,1,0,3,0,0,0,0,5,0
6,0,0,0,0,0,0,0,0,2,0,0,7,0,0,0,3,2,0,0,0,0,0,0,0,2,5,0,0,4,0,0
0,13,0,4,1,0,4,0,0,8,2,6,0,7,0,0,0,4,0,6,5,3,1,1,0,0,7,2,1,3,8,1
2,0,7,0,0,6,3,0,1,6,0,0,6,7,2,2,0,4,16,0,8,0,0,2,0,0,1,0,0,9,3,7
0,0,6,13,10,0,2,9,2,0,6,3,0,0,9,0,0,0,0,3,3,0,0,0,0,1,11,0,0,14,0,0
0,0,0,10,8,0,2,9,6,2,0,5,0,6,0,0,14,0,4,0,7,6,7,0,3,0,5,7,0,1,0,0
0,0,0,0,2,13,0,3,10,0,0,0,0,0,0,0,7,6,4,2,0,0,5,0,0,0,0,0,0,1,0,19
0,0,0,0,0,0,0,1,0,0,1,2,0,0,5,0,12,0,0,0,0,0,0,0,0,0,0,1,7,0,0,0
2,0,16,0,0,0,0,0,0,4,2,2,0,1,5,0,2,0,0,0,1,0,0,0,0,0,0,0,1,0,3,4
12,0,0,0,10,8,14,2,0,0,0,0,0,0,0,2,0,0,0,2,0,2,0,0,0,0,0,3,0,0,0,2
0,5,6,9,0,12,1,6,2,3,0,0,0,0,4,7,0,0,0,2,0,9,2,8,0,7,6,6,0,0,0,0
3,0,0,8,0,0,0,0,8,0,1,0,0,0,0,0,4,4,0,0,0,0,3,0,0,11,5,6,0,0,4,10
0,14,3,1,0,0,1,0,0,0,0,0,0,0,0,7,0,0,0,0,0,0,3,2,0,5,7,6,1,0,0,0
5,0,0,0,0,10,2,3,0,0,0,0,0,0,1,10,5,7,0,0,0,0,0,3,0,0,0,0,0,0,0,0
1,0,6,3,0,0,1,0,0,4,0,0,4,9,0,0,0,2,0,0,0,0,0,4,0,1,1,0,2,0,0,6
0,0,0,2,0,8,5,10,7,0,1,4,0,5,0,3,2,1,5,0,0,3,0,6,0,3,0,5,0,0,0,0
0,0,0,0,5,6,0,0,0,0,16,3,0,0,0,0,0,5,0,5,2,0,0,1,0,0,0,3,0,0,0,5
0,0,0,0,24,0,12,0,16,0,17,0,16,0,5,0,0,0,0,11,9,0,0,5,0,20,0,0,18,0,0,0
9,9,0,0,4,1,0,0,31,0,7,19,10,0,0,0,16,0,0,0,0,0,26,4,0,0,0,4,0,2,0,0
0,1,0,6,0,16,6,0,0,0,0,0,0,0,0,0,0,6,0,0,0,13,26,4,8,0,19,7,0,0,0,0
10,0,0,0,0,8,0,16,36,0,14,14,6,3,11,4,0,0,9,0,7,5,1,0,0,0,0,0,0,0,0,29
8,0,13,12,0,0,4,0,0,0,5,0,0,0,6,2,2,0,0,0,0,14,0,8,0,9,21,7,0,0,0,0
3,0,0,24,0,0,4,92,197,187,0,0,0,5,0,15,7,11,1,6,0,1,0,0,1,5,18,2,0,7,0,0
0,0,14,0,0,0,17,76,198,192,0,6,5,0,0,0,0,3,12,7,0,1,1,0,0,2,0,6,7,13,6,6
41,0,0,11,0,0,0,23,126,20,0,23,20,9,15,0,0,3,0,3,11,2,0,0,3,1,0,0,0,10,0,0
0,0,13,0,40,0,37,0,0,5,4,9,30,0,13,17,15,9,13,0,12,2,0,3,0,0,0,2,0,0,18,8
0,2,7,0,24,0,11,48,0,0,15,0,12,0,3,0,1,0,0,0,0,0,0,15,0,2,14,0,4,0,0,0
6,14,0,0,0,0,24,0,0,17,0,25,0,6,2,6,18,0,2,1,0,7,0,16,7,0,0,11,0,0,1,0
6,11,0,4,0,6,9,0,1,8,0,0,13,0,0,0,5,0,0,6,5,0,0,5,0,0,0,8,0,14,26,0
19,10,18,0,0,0,0,0,52,3,9,0,10,16,3,0,3,0,31,0,0,0,0,11,16,1,32,0,26,16,0,7
0,0,3,10,0,0,0,0,0,42,4,0,0,1,3,9,0,0,0,4,2,0,12,1,6,0,0,16,0,4,0,6
0,4,0,0,16,24,0,21,0,0,0,0,0,9,0,0,7,35,0,0,0,1,0,1,0,0,18,0,0,4,11,3
16,18,21,0,0,19,32,15,45,0,0,0,14,1,2,0,0,0,11,14,4,0,11,0,0,0,0,0,0,10,0,2
0,17,0,1,15,0,0,41,0,0,0,0,2,9,0,0,8,5,6,5,0,12,25,0,3,0,31,10,19,10,5,12
4,21,0,16,48,32,4,0,8,0,0,19,0,0,18,9,0,7,20,0,0,0,0,0,0,0,0,0,0,0,0,34
0,0,0,0,0,0,0,0,7,0,0,0,11,9,3,1,1,1,7,0,2,2,5,2,0,2,0,17,0,9,0,0
0,9,0,0,14,14,20,0,0,16,0,7,8,11,0,2,0,0,0,5,0,4,0,0,0,1,29,32,1,0,4,3
3,19,0,0,20,0,36,0,0,3,0,0,0,21,0,0,0,0,0,0,0,19,0,21,0,0,18,0,0,0,19,0
0,6,11,0,27,0,0,0,0,53,19,23,0,22,3,0,8,1,2,0,6,0,9,0,0,5,1,4,0,1,1,21
19,0,0,14,13,0,0,8,0,6,19,0,7,8,6,0,12,0,0,0,0,3,2,0,5,7,0,0,7,3,25,0
24,0,13,4,5,0,0,19,32,31,0,22,31,1,0,7,1,0,2,0,0,12,0,7,0,5,11,0,0,0,3,1
0,0,0,16,0,0,23,0,7,0,10,0,14,7,0,0,0,0,0,0,0,0,0,0,0,2,0,0,0,5,0,7
18,0,24,0,10,9,7,123,2,0,0,0,0,0,0,0,0,13,0,26,0,1,0,12,0,0,0,0,13,0,0,0
1,41,9,7,14,9,0,0,0,12,0,0,26,8,0,15,4,0,4,0,0,7,0,9,1,5,3,6,0,0,16,40
0,8,12,0,0,0,0,21,0,18,13,0,26,0,0,11,0,6,0,2,21,8,15,2,10,0,11,0,0,36,0,27
11,0,0,0,11,0,0,0,37,4,11,11,0,0,0,0,1,0,0,0,18,18,0,13,0,0,0,0,0,2,0,3
15,1,5,0,0,8,0,0,7,0,0,0,0,0,7,0,2,0,0,0,0,0,0,5,1,3,0,0,0,15,7,10
6,0,0,0,11,0,47,0,0,0,3,6,3,0,21,0,9,0,3,17,16,13,4,10,28,0,2,9,6,0,0,11
1,1,0,0,0,0,0,0,9,28,0,0,2,0,16,24,0,13,0,5,0,0,21,0,0,7,0,0,1,3,0,11
0,0,13,0,23,19,1,0,0,0,13,0,2,5,11,12,0,0,0,0,7,16,18,0,3,0,0,12,17,16,0,0
0,9,3,0,1,10,0,0,19,17,27,0,0,13,0,0,2,24,0,6,10,6,7,23,19,0,0,0,0,0,24,0
10,0,0,0,13,12,11,0,0,2,0,7,3,5,0,0,0,5,0,0,0,0,0,3,0,18,7,4,5,6,7,0
0,19,5,10,1,0,0,0,0,0,0,0,4,10,0,0,0,15,0,9,11,6,8,0,0,0,0,0,0,5,0,0
12,6,16,0,0,0,0,13,0,0,23,0,0,13,15,10,14,0,0,0,6,11,0,0,5,0,0,6,6,7,7,11
12,23,17,6,16,30,8,164,196,139,1,0,0,0,3,7,0,9,9,0,9,0,0,17,0,0,0,0,3,0,2,0
0,0,0,2,0,0,0,245,187,3,0,0,0,15,0,3,0,0,0,2,0,0,0,4,4,0,0,0,0,0,0,0
21,0,0,0,0,41,31,0,107,41,0,0,0,0,0,3,1,0,7,0,11,0,0,12,3,0,10,1,0,4,0,0
4,7,0,0,19,14,0,2,16,0,0,0,0,0,15,0,0,0,4,0,6,0,0,0,17,0,16,0,4,0,0,0
0,16,0,0,0,0,0,45,35,48,0,37,0,5,0,0,11,6,6,0,9,0,16,12,0,0,3,18,0,6,14,0
0,0,11,17,0,0,0,14,25,0,0,0,0,0,12,0,3,0,0,0,10,9,0,0,8,7,8,0,0,0,0,8
0,5,0,4,2,9,0,0,1,0,3,28,0,4,0,4,0,0,6,7,0,14,0,0,0,9,5,1,0,0,0,6
0,9,0,0,9,20,26,0,25,0,0,5,14,1,17,2,0,0,50,0,11,0,0,0,8,0,7,0,13,0,8,2
0,0,39,25,0,0,19,0,45,25,1,0,12,8,0,0,0,0,12,0,0,7,0,0,0,0,12,0,0,19,0,0
0,5,0,0,21,25,19,0,51,0,22,0,11,0,0,9,1,25,9,0,2,8,8,2,0,0,0,3,0,0,14,16
0,0,9,0,0,0,2,0,0,0,21,0,0,0,0,0,7,4,0,1,0,8,0,0,0,9,0,0,2,0,0,0
0,0,0,1,17,0,13,21,0,21,6,0,0,0,1,0,2,0,0,0,3,0,21,0,0,0,1,0,0,3,0,0
0,0,0,8,0,0,20,27,0,38,0,8,0,12,0,14,7,0,5,0,0,0,0,0,5,12,0,0,0,0,0,12
9,15,1,12,0,0,0,17,0,0,0,6,0,0,0,11,11,0,0,0,0,16,3,0,8,7,14,0,7,24,0,0
1,1,0,0,0,0,0,48,3,22,0,0,3,12,4,0,2,1,6,2,10,0,0,0,0,5,16,6,12,8,0,0
0,0,0,0,0,0,4,0,14,0,0,0,0,1,6,0,8,0,0,0,0,0,17,0,5,0,0,3,5,20,0,21
8,23,0,0,0,0,0,5,36,0,0,0,1,13,0,0,6,0,12,0,13,0,0,2,0,13,6,1,14,0,5,21
0,0,15,1,25,0,0,0,0,1,0,0,1,3,0,0,0,0,13,0,12,2,40,8,17,0,44,0,0,0,0,0
9,16,0,0,0,0,0,0,0,3,0,0,0,2,0,0,12,0,1,0,0,6,0,4,2,0,6,0,10,2,0,0
7,0,0,1,0,5,0,0,11,2,4,7,3,1,0,0,6,1,0,13,0,0,10,0,3,0,16,0,0,1,0,0
0,0,0,18,19,0,12,0,32,4,0,5,0,0,0,0,0,4,0,5,0,3,0,0,6,0,0,1,10,4,14,9
0,6,0,14,38,0,0,0,14,17,0,0,0,3,0,0,0,5,0,1,0,0,0,5,0,0,0,3,0,16,6,6
0,0,0,3,15,0,19,4,0,0,0,0,0,4,0,0,0,1,4,0,7,7,1,0,0,9,0,0,0,1,0,0
11,1,1,0,10,0,11,5,0,2,0,11,0,7,9,11,0,7,0,1,0,2,3,0,0,0,4,0,0,0,0,0
0,10,11,7,0,0,0,0,17,0,5,16,4,5,0,6,7,0,3,6,0,0,2,9,0,0,4,17,1,0,0,1
1,2,6,8,12,0,0,0,3,0,0,10,0,0,9,4,0,1,0,6,1,0,9,2,0,5,0,0,0,2,0,0
0,3,0,0,0,21,12,0,9,2,0,7,0,0,3,0,0,2,0,7,0,0,0,9,0,0,0,0,0,0,0,0
0,8,0,0,0,2,16,3,11,0,9,0,4,3,6,0,7,2,2,12,8,5,8,9,1,11,0,2,1,6,7,0
0,0,1,9,3,1,0,0,0,0,0,0,0,0,1,0,1,0,0,0,0,0,0,0,0,0,0,4,0,3,0,12
2,3,0,5,0,0,1,0,10,0,16,0,3,5,8,2,0,0,0,0,0,0,14,0,2,0,6,0,14,0,14,4
0,0,5,0,0,0,3,0,0,3,10,0,0,0,2,10,0,0,0,6,0,0,0,0,0,7,0,0,0,0,0,2
9,0,11,2,8,0,0,7,0,0,0,0,5,0,3,7,0,1,0,8,0,0,0,5,0,5,1,3,2,0,3,0
0,0,9,4,2,0,1,0,0,3,5,0,4,0,0,0,5,0,9,0,1,4,0,0,2,3,0,8,5,0,4,2
0,0,2,11,0,0,0,0,0,0,6,0,4,11,1,7,6,2,0,0,0,0,0,1,5,4,0,4,12,9,12,0
0,0,14,0,0,14,7,0,1,11,2,0,2,5,8,0,0,0,0,0,3,0,3,1,0,5,7,12,0,6,20,11
3,3,0,0,38,0,2,0,3,0,0,0,0,0,6,4,5,0,11,1,2,0,0,0,2,0,12,9,5,0,18,0
0,0,11,6,1,1,4,0,5,3,0,6,1,0,6,10,0,0,0,0,3,2,0,0,1,6,0,0,0,3,0,2
5,2,0,7,0,5,0,0,4,0,5,0,0,0,0,0,0,0,0,0,3,2,7,0,8,2,14,4,0,3,0,3
0,0,1,0,14,23,0,0,7,0,0,0,0,0,0,1,0,5,1,0,0,0,16,0,3,0,0,0,7,8,0,0
0,3,0,3,0,0,4,0,0,6,0,0,0,11,3,0,9,4,38,0,0,7,0,0,0,0,0,9,4,0,3,1
9,0,17,12,0,11,0,1,0,0,0,5,0,0,0,2,0,0,0,5,0,0,0,0,0,5,0,0,0,0,1,0
0,0,0,0,0,0,10,0,11,4,0,1,0,0,3,10,2,0,5,0,0,0,0,0,0,4,0,3,0,0,0,5
0,0,0,3,0,0,0,1,2,0,0,1,0,1,0,0,5,0,2,0,0,0,0,3,0,0,0,5,3,0,0,15
0,0,0,7,0,0,3,0,0,1,0,0,0,0,5,0,0,0,9,0,0,0,0,9,0,0,0,3,0,0,0,3
2,0,8,0,8,0,0,0,3,0,1,9,0,0,0,0,5,0,0,0,0,0,0,0,2,5,0,0,0,3,0,20
5,0,0,16,0,0,9,0,0,0,0,0,0,1,2,0,2,0,2,3,0,2,0,0,0,0,0,6,0,0,7,0
1,8,0,4,0,0,0,3,14,0,0,0,0,2,1,0,0,0,4,0,0,10,0,3,0,4,0,0,10,18,0,0
0,0,18,0,0,4,8,0,0,4,0,3,12,0,0,12,4,2,0,0,0,0,0,0,9,3,2,0,0,0,3,3
0,0,0,0,2,9,2,13,3,2,0,6,0,0,8,0,0,0,0,0,0,4,0,0,0,0,0,0,7,0,1,4
0,4,0,0,0,0,3,2,0,0,3,0,0,0,4,7,5,1,0,2,0,0,0,1,0,0,0,7,8,0,1,13
3,0,2,3,6,3,0,12,1,0,10,7,1,0,3,0,0,3,0,0,0,1,4,0,4,0,0,2,7,0,0,0
3,0,11,0,1,5,0,0,0,4,0,0,0,0,0,2,0,0,0,2,0,4,2,2,0,0,0,0,0,14,0,0
11,0,7,0,0,0,0,3,0,0,0,0,0,9,3,0,5,0,2,0,0,2,0,0,0,0,0,0,3,2,8,18
0,0,4,2,3,0,4,0,4,0,0,0,0,0,0,0,0,0,0,3,8,2,0,2,0,0,6,0,0,7,0,1
0,5,9,0,5,0,0,1,3,0,0,3,0,6,0,2,3,0,0,0,9,0,7,10,0,0,0,0,1,0,9,0
0,0,7,0,0,0,0,14,0,10,12,0,0,0,7,0,0,0,0,0,0,4,0,3,3,3,5,0,7,0,1,21
5,4,9,1,3,0,7,0,0,1,0,0,0,6,0,0,0,5,0,0,0,3,0,0,0,0,0,2,6,9,0,4
0,0,5,0,10,0,3,2,15,0,7,0,2,16,6,0,2,3,0,0,0,0,2,0,0,0,5,0,0,0,0,10
0,3,0,0,0,0,0,1,0,4,0,5,0,0,0,0,1,12,1,2,0,0,0,4,5,0,0,0,2,5,5,0
3,6,3,4,0,0,6,0,0,0,0,0,0,0,5,0,1,0,11,0,0,0,7,0,0,0,8,0,0,0,0,0
1,0,0,2,5,0,0,10,0,4,0,1,0,0,2,5,0,0,5,0,0,5,0,1,2,4,2,2,3,0,0,0
0,12,18,0,0,5,0,0,0,0,4,5,0,0,1,3,0,0,0,3,0,4,3,0,0,0,5,1,0,0,0,0
2,0,0,9,0,2,8,11,7,5,0,0,0,0,6,0,2,0,0,2,0,4,0,8,0,0,0,0,3,0,0,0
0,8,0,0,0,2,0,0,0,6,0,3,5,4,0,1,5,2,0,0,0,0,4,0,0,1,0,0,0,0,0,0
0,0,2,0,0,0,1,0,1,4,0,0,0,0,7,0,0,0,2,0,0,11,1,0,0,0,0,0,2,0,0,14
0,1,0,5,0,2,0,6,0,0,8,4,0,1,0,4,0,0,0,1,1,2,7,1,4,0,0,9,8,0,8,0
0,1,7,8,0,0,3,17,4,0,7,5,1,1,6,0,3,0,0,4,0,0,3,0,0,0,4,1,10,0,0,3
0,2,1,0,0,0,0,0,4,5,4,0,0,0,2,0,0,0,0,0,0,0,0,1,0,9,0,0,1,1,2,0
0,3,0,0,7,0,13,10,2,0,0,5,0,0,0,3,0,0,0,0,0,12,0,3,0,7,0,2,0,2,0,9
0,0,0,4,0,0,9,0,0,0,0,0,0,0,0,2,0,0,0,0,3,0,0,0,4,1,8,11,0,0,0,10
0,8,0,5,0,0,5,0,9,0,0,0,0,0,0,0,0,4,3,0,0,0,0,0,0,0,0,0,5,0,6,0
0,0,0,0,0,0,8,9,0,10,4,0,0,5,0,0,0,0,36,9,6,3,1,0,0,11,0,0,0,0,0,11
0,0,0,4,3,2,6,0,2,0,2,0,0,1,5,4,5,0,3,0,0,0,3,12,9,0,4,0,8,0,0,0
0,0,0,0,7,0,4,0,7,5,7,0,0,0,3,0,6,0,11,4,0,0,6,0,0,4,0,0,2,0,0,1
1,0,4,7,0,0,0,0,0,0,0,0,0,0,2,6,0,0,0,0,0,7,1,0,2,2,0,0,0,0,0,9
4,0,0,0,0,0,0,3,5,0,7,1,0,0,2,1,0,0,1,5,3,8,4,15,0,1,0,0,0,3,0,0
5,6,0,0,0,0,0,0,0,5,3,0,0,4,0,0,0,0,1,4,0,0,7,0,0,4,16,1,0,0,0,3
0,0,4,0,6,2,0,0,0,4,5,0,0,0,0,0,3,0,0,2,0,0,0,10,0,2,0,0,0,0,3,0
0,0,8,5,0,0,11,0,0,5,2,1,2,0,0,1,0,0,0,0,0,11,0,1,0,0,0,0,0,0,7,13
0,7,16,0,2,4,2,0,0,0,3,0,9,0,6,0,7,0,0,0,0,0,0,0,0,8,2,2,5,5,10,0
0,0,11,0,0,0,0,0,0,5,0,5,10,0,0,2,0,0,0,0,2,0,0,0,1,8,0,0,8,7,5,0
4,0,0,5,16,0,0,0,0,4,0,0,3,0,0,0,4,0,5,0,2,0,13,0,3,3,0,0,0,1,1,19
0,0,0,0,0,1,0,2,14,3,15,11,0,1,0,0,7,0,0,6,8,0,6,0,1,5,0,0,0,0,0,0
4,0,1,1,2,0,0,0,0,0,0,2,0,0,0,0,9,0,2,0,0,0,0,0,0,0,0,0,1,4,0,11
3,4,10,3,0,7,7,11,0,2,0,0,0,0,2,0,0,0,0,0,1,2,0,1,0,0,0,4,0,0,17,0
16,0,0,2,6,11,0,3,4,3,0,22,0,0,8,4,0,1,0,1,0,0,4,0,0,6,7,0,0,0,1,7
0,0,3,1,0,0,0,1,0,4,0,0,0,3,2,2,0,0,0,0,0,1,10,0,0,0,4,2,0,0,3,0
4,0,0,4,0,2,0,0,0,0,11,1,3,7,3,1,0,7,0,6,0,5,0,3,1,4,4,0,1,11,6,0
0,14,17,2,0,0,2,4,2,6,13,0,9,8,0,0,0,11,7,0,1,0,0,0,0,9,0,6,1,0,0,13
0,4,5,6,14,0,0,0,0,2,0,9,2,0,0,0,0,0,0,0,0,3,0,1,4,0,0,1,3,0,0,0
3,6,0,0,0,0,0,4,3,0,7,4,1,0,3,0,0,0,0,5,0,0,0,0,0,0,12,0,0,0,0,7
15,10,0,0,0,3,2,8,0,0,7,7,2,6,7,0,7,0,14,0,0,0,0,0,0,0,0,6,0,0,0,0
0,0,6,0,12,1,0,3,0,2,1,1,0,2,0,0,0,3,0,0,1,4,0,0,0,3,3,1,3,0,5,0
0,0,0,0,4,0,4,4,0,0,11,3,0,3,0,3,0,2,0,0,1,0,4,0,6,0,3,0,0,0,0,8
0,0,0,0,9,1,0,2,9,0,3,0,1,0,3,0,2,2,0,0,3,2,0,3,9,1,0,4,1,0,8,29
0,0,2,0,5,3,0,2,1,0,0,0,3,10,2,6,0,3,6,0,0,0,8,0,0,0,2,0,0,0,10,0
0,0,6,3,6,13,0,0,8,6,0,0,0,0,0,0,5,2,3,0,7,0,9,4,0,1,0,0,0,8,7,10
0,0,1,2,1,0,0,0,0,1,0,0,0,6,0,0,0,1,0,4,0,0,0,0,0,2,2,0,0,2,0,0
0,16,0,8,0,0,0,0,2,0,12,0,0,0,9,0,7,0,3,0,2,0,0,3,0,0,0,0,4,0,0,0
7,11,9,0,0,14,0,0,0,0,2,0,0,0,0,0,0,0,0,4,0,0,0,0,0,7,0,0,1,0,0,6
0,0,0,12,0,0,0,0,3,2,0,0,0,0,0,0,0,2,11,0,4,0,4,4,4,2,4,3,0,0,3,0
0,4,1,0,0,4,0,0,0,3,0,5,0,0,1,0,1,0,3,0,0,0,0,0,0,2,0,0,9,4,0,0
0,8,0,2,0,0,1,5,0,0,14,5,0,0,0,0,7,2,0,0,0,0,0,0,1,0,2,2,0,0,0,0
14,4,0,0,5,0,3,2,0,0,8,2,0,0,0,0,0,0,41,0,0,0,0,0,0,6,0,5,0,4,8,7
0,0,0,8,4,0,0,1,7,0,0,3,9,0,0,0,0,0,7,11,8,0,5,0,0,0,3,4,0,5,7,0
3,0,0,0,2,0,0,0,3,0,0,6,1,0,0,0,0,3,4,0,6,1,0,8,3,0,8,0,12,4,0,5
0,0,0,11,0,0,0,4,0,8,0,8,0,0,0,2,0,0,0,3,0,0,0,0,1,0,0,2,0,0,0,14
9,0,10,10,4,0,18,0,4,0,0,0,0,0,0,0,0,6,0,4,0,0,0,0,0,6,0,0,0,0,1,0
4,4,0,0,11,0,0,3,17,0,0,0,12,2,0,0,0,0,0,0,5,8,0,0,0,0,0,12,6,0,7,0
0,0,0,4,0,0,7,0,4,6,0,0,0,2,0,0,0,0,0,1,5,0,5,2,0,1,0,0,0,0,0,3
0,0,0,0,0,0,3,0,0,0,3,0,0,0,2,0,0,0,0,0,8,3,1,0,5,1,0,0,2,5,3,0
0,0,3,1,0,0,0,1,0,0,6,3,0,5,5,5,0,0,0,0,0,0,5,0,0,0,0,2,0,3,3,0
0,0,0,8,0,2,0,12,0,0,3,16,1,0,0,6,0,0,0,0,1,0,0,6,0,2,1,0,0,7,0,0
0,0,10,3,0,0,0,0,0,7,4,2,0,0,4,0,0,0,0,1,0,0,0,0,0,0,4,7,0,0,2,0
0,0,0,1,0,4,5,0,0,0,2,0,0,0,1,0,0,0,0,0,0,0,0,7,6,0,0,0,0,0,0,0
0,0,0,5,3,7,0,0,0,5,0,4,0,0,0,0,6,0,3,0,0,4,0,8,0,0,0,5,2,0,1,0
0,0,4,0,0,6,0,0,0,0,6,0,0,0,0,1,0,0,2,2,0,0,14,0,6,0,6,0,0,0,0,8
4,3,3,0,0,2,0,0,1,5,0,0,0,8,0,0,0,2,0,0,0,2,0,0,2,1,0,8,0,0,1,5
1,2,15,11,2,3,7,14,0,0,0,0,0,0,0,0,3,0,9,0,6,0,0,4,0,0,0,0,4,1,0,3
0,2,0,3,0,0,0,0,0,0,1,3,0,0,0,0,1,4,4,4,0,0,3,0,2,0,0,1,0,0,0,22
0,2,0,0,4,0,0,0,0,2,3,0,0,0,0,8,0,1,0,0,0,0,0,0,0,4,9,0,0,4,0,0
0,13,2,0,0,3,0,2,3,0,0,0,0,6,0,0,0,0,0,0,0,0,0,0,0,0,0,0,0,0,2,0
3,0,0,2,0,5,0,0,0,0,0,0,1,1,0,0,0,0,4,0,2,0,0,0,0,4,0,1,2,4,0,0
6,0,6,0,14,7,0,3,0,6,0,0,0,5,0,0,0,5,6,0,0,5,14,0,0,0,7,2,0,0,0,0
1,0,0,4,0,0,13,5,5,0,8,0,0,0,5,0,5,6,4,0,1,0,0,0,4,3,0,4,11,0,0,16
0,3,0,0,0,0,5,0,10,4,0,7,0,2,7,4,0,5,0,5,0,0,0,0,0,0,5,4,1,8,3,0
0,0,0,9,0,0,0,4,1,0,0,4,5,0,7,0,0,0,2,0,0,7,0,0,0,0,3,0,5,4,1,0
0,3,4,2,4,4,0,3,7,1,0,8,0,0,0,5,0,0,0,1,3,0,3,0,0,0,0,0,0,0,4,1
1,0,5,0,0,0,1,0,0,6,0,0,0,4,0,0,2,0,0,1,0,1,0,0,0,0,0,1,2,3,1,0
5,0,0,12,4,6,0,7,4,3,0,0,0,0,0,0,0,0,3,1,4,0,0,7,0,6,0,2,0,0,0,5
5,0,0,0,0,0,6,0,2,8,0,1,0,0,14,0,0,0,2,0,1,1,3,0,0,0,0,0,6,6,0,1
7,2,0,5,5,0,3,9,3,0,0,7,13,4,7,0,0,0,0,0,1,7,0,0,4,0,5,4,0,0,1,1
0,0,0,0,0,1,0,0,5,0,0,4,1,3,2,4,2,2,0,1,8,2,0,0,0,1,7,0,0,1,0,0
0,7,2,0,0,0,2,6,0,0,0,9,4,0,0,0,0,0,0,2,0,0,0,0,3,0,0,4,6,0,0,1
1,3,6,0,12,0,0,0,0,0,0,10,6,0,0,0,0,2,0,8,0,0,0,0,0,2,0,0,0,1,10,0
0,6,6,0,0,1,2,7,10,0,0,0,0,0,0,0,0,3,54,0,0,0,0,6,0,0,1,0,0,2,0,0
0,2,6,0,0,0,0,0,1,0,4,8,0,0,0,0,4,0,2,3,0,0,0,0,0,0,0,0,15,1,0,0
0,8,0,6,3,1,7,0,8,5,0,3,0,0,0,0,4,0,2,0,1,4,4,3,0,1,0,2,0,4,0,0
6,0,13,0,0,1,2,3,5,3,8,6,3,0,0,0,0,1,6,0,0,0,3,7,11,2,0,0,0,0,4,0
12,0,0,1,1,0,0,0,0,0,0,0,0,10,0,0,11,0,0,0,0,4,0,0,0,2,0,0,11,0,0,8
0,1,1,13,0,16,0,4,5,0,0,0,2,0,1,0,0,0,0,0,6,5,0,0,0,0,0,0,8,0,1,0
0,0,11,8,8,1,1,0,0,5,0,0,0,0,0,0,3,0,1,0,0,0,7,0,3,0,0,13,5,0,0,0
0,0,0,0,17,1,1,1,0,6,0,0,2,0,0,1,8,0,0,0,0,10,0,0,3,0,0,6,3,0,0,10
0,7,0,5,0,12,0,0,4,2,8,0,3,5,0,1,2,6,8,0,0,0,1,5,7,0,6,10,0,0,6,4
12,0,0,0,0,3,0,7,1,0,0,0,0,0,0,1,0,4,4,0,0,0,0,3,0,4,0,8,0,7,0,0
1,0,0,0,0,0,0,10,4,0,4,0,0,5,9,0,0,0,2,5,1,0,1,5,0,1,0,0,6,0,0,0
0,2,0,3,3,2,0,4,0,0,0,0,1,0,1,0,3,0,0,0,9,0,1,0,0,10,0,1,0,12,0,4
0,6,12,1,14,12,9,0,0,1,0,0,0,1,0,0,0,0,0,0,0,10,0,2,0,0,0,7,0,0,0,9
0,5,2,0,0,4,0,0,0,0,0,6,1,0,0,0,9,0,0,4,6,0,0,0,0,0,8,4,0,7,0,0
0,0,0,5,0,0,0,0,1,0,10,7,0,1,4,0,0,6,0,0,0,2,0,8,0,4,0,7,0,1,3,16
4,0,0,7,17,0,0,3,0,0,0,1,0,0,0,11,0,0,8,1,0,0,3,0,0,0,0,0,0,0,0,10
0,7,0,0,19,3,10,0,0,9,4,0,0,1,0,0,0,3,0,0,0,2,0,0,0,0,0,6,0,3,20,0
0,2,0,2,0,0,0,0,0,0,0,0,0,0,4,0,0,5,0,0,0,3,0,0,0,0,0,0,8,4,2,0
0,0,2,1,0,0,1,0,9,0,0,3,0,0,6,0,0,2,0,0,0,0,7,0,0,0,0,1,0,0,0,22
4,3,0,9,0,0,0,0,0,0,0,0,2,0,0,2,0,1,0,0,2,3,0,1,0,3,0,4,3,0,0,0
3,6,0,0,0,2,0,0,0,0,0,0,0,0,0,0,0,4,0,2,2,0,8,0,0,6,17,0,0,0,0,0
0,0,2,5,0,6,0,1,0,3,0,0,0,6,0,0,0,0,0,0,0,1,0,0,0,0,0,5,0,0,0,4
0,0,0,0,7,4,3,0,0,6,0,0,13,0,0,0,5,0,0,2,2,0,0,2,0,1,3,0,0,0,0,11
7,2,4,0,11,0,2,19,0,0,0,8,0,6,0,0,6,1,0,0,3,4,1,2,0,0,3,0,0,0,0,0
0,7,5,0,0,2,3,3,0,5,1,0,0,5,0,0,0,3,4,0,2,0,2,0,0,1,6,1,2,2,6,0
0,9,3,0,1,6,4,0,0,0,0,7,12,0,0,10,1,0,0,4,8,0,0,0,7,0,9,3,0,0,5,0
0,0,7,0,3,0,7,0,0,0,0,0,3,0,13,7,0,0,0,0,5,1,0,0,0,4,0,0,0,0,0,2
0,0,0,0,0,0,0,5,7,3,2,0,0,0,13,0,4,1,0,2,0,0,0,0,0,3,7,0,0,0,0,8
0,2,0,6,0,0,0,2,1,0,0,11,0,1,0,2,0,0,0,1,0,0,4,12,5,1,5,6,0,0,0,10
0,6,2,1,0,1,0,0,0,5,5,2,2,0,1,0,0,0,0,0,8,0,4,1,0,1,12,5,0,0,1,0
1,0,2,17,9,0,4,8,5,1,6,5,1,0,4,0,0,0,0,2,5,4,6,0,0,5,5,0,2,0,0,9
7,0,3,9,18,0,0,6,0,0,0,1,1,0,3,3,1,2,0,0,4,2,0,1,5,6,0,0,1,0,0,4
0,0,3,3,3,0,0,2,8,1,3,0,0,0,0,0,0,0,42,0,5,4,0,0,0,0,0,1,0,0,0,12
3,0,5,6,4,0,0,5,0,0,3,0,0,0,5,6,2,0,0,0,1,0,0,0,3,0,6,4,12,5,3,6
17,13,0,0,0,0,10,0,9,12,3,0,0,3,2,0,1,6,3,0,5,2,0,7,0,0,0,0,8,0,1,3
0,0,0,5,0,0,0,1,2,0,0,3,0,0,0,4,0,1,0,4,12,0,10,0,5,7,1,17,0,0,0,13
3,2,5,7,0,0,0,0,1,2,0,3,0,0,0,0,0,0,10,2,1,0,2,0,4,9,0,0,3,0,4,0
4,8,12,3,0,0,3,2,0,0,3,0,11,0,0,0,2,0,1,0,3,0,0,2,0,0,0,0,0,1,0,0
0,3,1,0,4,11,0,0,2,1,0,0,3,0,4,6,2,6,2,0,0,2,0,4,0,0,2,0,0,0,0,0
2,0,0,9,6,0,0,5,0,0,14,4,0,0,0,5,0,0,0,0,0,8,0,0,3,0,5,0,2,0,0,0
0,0,0,0,0,0,10,0,0,3,9,0,0,0,0,0,0,0,0,0,0,0,14,7,1,0,2,0,0,5,12,0
0,0,0,7,0,0,0,0,1,1,3,0,1,0,7,1,0,4,9,0,2,4,0,6,2,3,0,0,1,0,0,12
0,5,0,0,10,2,0,0,0,1,0,3,0,0,3,0,5,2,1,5,3,0,0,1,3,0,0,0,3,0,5,0
3,0,0,8,1,3,2,17,0,0,10,2,0,0,2,0,0,0,0,0,0,0,0,0,0,0,10,6,0,7,0,2
0,8,5,0,0,2,0,0,0,0,3,0,0,0,7,4,0,0,0,0,2,0,0,0,0,2,0,0,0,2,0,0
3,0,0,0,21,1,0,0,7,4,0,0,0,0,3,0,0,7,2,0,0,0,7,0,6,0,6,0,0,0,0,12
0,13,7,5,0,12,1,0,3,2,0,0,6,0,0,0,0,0,0,0,4,0,7,8,1,0,4,5,0,0,0,0
0,0,0,17,13,0,0,3,0,0,0,3,0,0,1,6,0,0,0,5,1,7,6,0,5,0,5,8,4,6,0,0
0,0,5,0,2,14,6,0,0,0,2,0,0,0,0,1,0,10,4,2,2,1,0,2,0,0,3,0,2,4,0,0
3,0,0,0,0,0,0,0,7,0,3,0,3,0,0,0,0,0,0,0,0,0,0,0,0,0,0,8,0,0,0,0
0,0,9,0,12,0,7,0,4,1,0,0,0,2,0,0,1,6,8,1,2,5,0,4,0,0,4,0,0,1,5,0
0,1,0,2,0,0,0,5,0,0,1,4,0,0,0,0,1,0,0,0,0,3,0,0,1,4,11,0,0,1,0,6
11,0,0,24,0,0,15,0,1,0,0,35,2,0,13,0,6,15,0,12,0,15,1,0,0,1,0,0,7,0,0,0
4,7,0,0,12,18,6,0,13,2,0,10,0,48,36,0,0,0,0,0,0,11,2,0,0,0,0,6,3,0,0,0
11,11,2,0,10,13,0,0,4,12,0,0,57,5,9,0,6,0,4,11,13,0,0,5,0,6,24,6,14,0,11,16
6,0,0,0,0,20,0,0,0,0,0,20,0,39,53,4,12,6,13,12,5,3,4,9,1,0,0,0,0,0,9,0
8,0,0,0,0,7,0,0,4,1,7,20,0,0,37,0,11,0,0,0,0,10,0,0,9,19,0,11,6,0,0,2
0,0,0,0,0,0,0,0,0,17,18,2,0,0,14,0,5,7,0,21,0,0,21,8,5,0,27,0,0,2,0,0
1,4,0,5,0,2,8,0,0,15,0,0,23,0,0,4,14,0,0,9,4,2,4,11,0,0,0,0,0,14,4,0
0,0,0,0,0,0,0,0,6,4,0,0,8,0,40,9,0,19,0,0,0,3,0,0,0,0,10,0,0,0,0,1
5,14,0,5,6,0,13,0,0,0,0,7,5,0,0,6,13,5,7,0,3,13,0,0,0,3,1,16,14,0,13,13
2,14,0,6,0,12,0,9,5,0,13,5,1,0,0,0,24,0,0,0,2,0,0,0,0,13,0,1,0,0,5,6
8,0,6,5,0,0,0,0,1,0,0,14,19,44,0,10,0,0,0,0,0,4,0,0,0,9,0,14,0,0,4,0
0,0,4,0,5,0,5,0,0,0,9,0,118,197,188,0,3,11,22,0,2,0,3,0,0,0,0,0,1,0,0,0
0,7,2,8,3,0,8,0,0,0,0,0,151,190,190,0,0,0,24,0,0,0,0,3,2,0,2,0,8,0,0,0
0,0,6,6,2,7,23,0,7,0,0,0,0,117,167,3,15,11,0,0,2,1,0,9,0,0,0,0,0,25,11,0
0,11,0,41,0,0,0,0,0,13,20,0,0,10,0,23,5,14,0,0,0,0,21,0,3,16,3,3,7,0,0,11
8,0,0,0,0,3,3,5,1,0,0,0,4,0,0,36,0,0,1,0,0,1,13,0,0,3,5,2,10,0,0,0
0,0,10,0,0,2,0,0,13,0,0,0,13,45,8,12,8,3,0,0,5,5,0,28,0,0,12,0,0,0,1,0
7,0,0,0,9,0,13,23,0,6,0,28,14,24,16,4,0,0,0,1,17,0,7,0,4,0,0,5,0,1,5,0
16,5,0,0,6,0,13,0,4,9,3,0,16,51,0,33,0,1,0,0,0,13,0,0,8,0,5,0,9,2,0,14
0,0,11,38,29,16,5,20,0,0,25,0,22,4,0,0,0,20,0,0,0,6,0,6,2,0,9,0,7,2,0,0
26,9,0,0,0,8,8,0,0,16,0,0,15,0,0,0,0,0,0,4,0,0,4,1,0,7,0,9,1,0,0,0
0,0,0,0,0,12,11,0,0,11,1,0,0,4,0,48,9,26,8,0,3,0,0,0,7,0,0,0,5,0,0,0
0,0,0,0,24,0,0,0,14,13,0,22,15,0,15,0,0,30,0,0,30,0,23,14,0,16,0,13,0,0,10,24
0,0,0,0,0,20,0,0,0,11,0,0,0,5,9,2,0,7,0,0,0,0,0,0,0,0,0,0,11,0,9,6
0,0,13,20,19,0,0,0,0,0,0,0,0,54,25,0,8,4,0,0,16,0,0,12,0,12,0,0,14,0,11,17
1,0,0,0,0,14,0,5,13,0,0,11,0,57,0,10,3,0,0,3,0,0,0,9,0,20,13,0,0,7,16,0
7,10,16,27,0,0,0,12,16,0,0,44,9,0,0,12,16,0,0,23,0,16,0,0,13,2,7,0,0,0,0,9
0,4,2,0,1,7,0,0,17,0,16,0,0,0,0,0,5,0,3,7,0,0,0,4,0,8,11,0,0,0,16,8
12,12,18,0,0,0,0,0,0,16,0,4,0,0,23,20,0,2,0,8,0,14,0,0,0,0,17,15,0,0,7,7
6,0,0,0,0,17,0,29,0,0,24,0,0,7,31,1,0,3,0,3,0,0,3,1,0,0,0,0,7,0,0,2
10,0,2,0,0,0,0,0,0,18,11,32,52,0,0,0,0,0,0,0,0,0,11,0,5,0,4,18,16,0,23,0
0,0,27,1,0,0,25,6,19,0,16,36,15,0,5,8,2,7,0,0,16,0,27,0,11,0,0,0,0,0,2,6
2,5,3,13,0,0,0,0,8,7,0,0,0,3,31,0,16,0,2,0,12,10,0,13,0,6,8,10,24,0,5,0
0,0,0,0,0,8,0,0,0,3,3,0,21,0,0,0,12,0,8,0,0,2,18,0,0,0,0,0,0,0,23,6
6,0,0,0,0,12,18,0,0,0,4,0,42,0,0,3,3,0,0,0,1,4,0,13,16,0,0,0,5,0,0,0
0,0,1,0,0,2,0,0,0,8,16,1,0,0,0,3,1,7,0,0,0,0,5,2,23,0,3,0,0,16,0,0
20,17,29,3,20,1,5,0,0,9,2,0,0,21,50,0,17,18,7,0,4,2,6,2,2,0,3,19,15,0,17,0
0,0,15,7,5,1,4,0,0,1,0,0,0,0,7,5,13,3,10,14,2,0,18,1,0,0,2,6,0,0,6,0
0,0,0,3,0,28,0,0,0,2,17,0,0,0,0,0,0,6,1,17,1,0,0,2,0,11,0,0,0,7,0,0
5,7,0,11,0,3,0,1,0,16,22,38,0,38,0,0,15,6,0,0,0,1,8,14,0,0,3,0,0,0,6,0
22,0,1,6,0,0,17,12,0,6,0,16,5,0,16,34,16,12,19,0,4,0,0,0,0,6,13,0,2,0,9,19
0,5,0,0,0,7,35,0,18,1,16,0,15,0,8,0,3,3,0,0,0,0,0,0,0,5,7,0,0,11,9,0
0,0,0,27,0,4,7,21,0,0,0,0,11,14,20,0,13,5,18,0,0,0,0,12,0,7,0,3,0,0,0,5
1,0,0,1,11,9,2,4,0,0,3,0,0,192,113,21,3,0,11,0,0,4,0,0,0,0,0,0,1,9,0,0
27,17,0,4,17,0,0,0,0,1,0,0,17,193,35,7,5,8,3,0,0,7,0,0,7,5,0,0,0,0,3,28
0,8,12,0,0,7,9,7,14,6,16,9,0,94,10,8,0,0,0,1,0,0,3,3,0,0,6,3,8,5,16,9
0,0,2,0,0,2,10,12,0,0,3,7,2,0,0,12,12,3,0,16,0,2,5,4,0,0,5,16,0,0,0,6
16,25,0,13,22,2,0,0,0,2,20,0,0,6,0,0,5,0,1,10,0,0,0,3,2,0,0,0,0,0,3,0
19,7,0,0,0,0,0,35,0,2,0,26,2,29,3,25,17,0,3,0,0,0,0,9,6,0,3,0,4,15,3,5
1,8,0,17,0,0,0,15,3,0,19,9,30,0,5,6,12,0,0,8,0,10,0,0,0,3,20,13,0,8,3,18
0,0,0,0,0,8,4,0,8,5,0,9,0,3,0,16,0,10,0,0,4,0,0,0,2,0,0,0,0,0,1,0
10,0,11,11,0,16,0,0,7,0,12,0,0,0,65,17,0,7,0,3,4,0,0,6,2,0,18,8,18,6,8,6
9,0,7,12,11,0,0,0,0,0,0,0,0,0,0,0,0,0,0,9,13,0,0,0,3,15,0,1,0,14,0,0
0,24,12,0,16,11,0,7,0,0,5,18,7,0,9,10,15,4,0,0,0,4,0,3,20,0,18,0,35,9,19,0
0,0,0,0,0,0,0,13,9,0,0,3,3,38,0,0,0,6,0,11,10,2,7,0,0,7,3,0,0,0,0,0
0,0,0,0,7,0,0,5,8,0,14,0,0,6,5,0,20,0,0,17,0,0,8,0,2,0,0,0,0,0,7,0
0,11,0,0,0,4,15,2,0,10,5,0,12,0,4,13,7,0,0,18,8,0,0,0,8,3,12,4,7,0,2,5
7,0,3,16,15,0,11,5,14,9,0,9,0,7,0,10,0,6,0,9,0,1,11,15,0,1,6,0,18,0,0,28
0,0,0,9,0,7,5,13,0,3,0,0,9,0,13,11,0,3,0,1,0,0,5,0,4,2,4,0,0,0,0,3
0,2,0,10,6,0,2,0,2,0,0,0,3,1,0,0,0,1,1,3,0,0,0,0,0,3,0,1,0,1,6,1
1,0,0,1,0,0,0,14,6,0,4,6,1,0,0,0,0,5,0,0,0,2,11,0,3,0,11,3,0,0,5,7
1,2,8,4,0,0,11,9,0,4,0,0,0,4,6,4,0,0,2,5,0,0,0,0,18,20,29,7,0,0,7,9
0,0,0,0,0,5,9,3,0,11,0,0,0,0,2,3,4,0,0,0,0,0,12,0,1,0,0,0,0,0,0,12
0,0,0,0,1,0,3,0,0,0,7,6,3,0,0,0,0,3,0,3,0,0,0,1,0,0,0,1,0,3,0,10
4,0,7,0,14,0,0,2,7,0,0,0,1,0,0,0,2,0,1,5,3,2,0,8,0,1,0,0,0,0,0,15
2,0,5,0,3,0,0,6,0,0,0,0,0,5,0,0,5,0,1,0,2,0,1,1,0,1,0,0,0,8,1,4
3,0,5,0,4,17,8,1,0,4,0,8,0,0,0,7,0,4,1,0,1,10,0,0,0,9,1,0,0,0,0,2
0,0,0,1,0,5,11,0,4,0,5,0,0,0,4,2,10,2,1,0,2,1,2,0,0,2,5,0,5,0,0,2
0,0,0,0,0,0,0,6,0,0,0,2,0,4,0,5,0,1,0,5,1,0,3,0,1,0,0,0,0,4,0,0
1,7,0,2,4,0,0,4,0,0,2,0,0,0,0,0,9,0,0,0,1,0,3,6,0,4,0,0,0,3,5,10
0,0,0,0,0,11,0,1,4,7,16,0,0,0,2,0,0,2,0,0,11,0,2,0,8,0,0,0,0,0,0,8
6,0,11,2,0,0,0,0,0,0,0,0,0,5,0,0,0,2,0,0,0,2,0,0,0,2,7,3,0,4,0,0
5,0,0,0,2,0,5,13,5,0,0,7,0,0,0,0,0,0,6,2,0,2,3,0,0,1,9,0,0,1,0,0
0,0,7,0,2,2,12,0,4,0,0,0,0,7,0,0,0,0,8,3,2,0,0,0,2,0,4,3,0,0,7,0
0,2,11,0,0,4,2,0,8,0,0,0,0,2,0,6,5,2,5,0,0,4,5,0,0,0,0,1,0,0,0,18
4,0,0,3,8,0,1,0,0,0,10,0,3,0,5,3,1,0,4,0,0,0,0,0,0,0,0,1,0,2,0,1
10,0,3,0,0,5,0,5,7,0,2,2,1,2,3,0,0,0,13,0,9,0,0,2,0,2,1,0,3,0,3,8
0,0,0,0,1,0,12,2,11,3,5,0,0,0,0,2,0,0,10,0,0,0,4,0,0,5,12,0,0,0,0,19
4,0,0,2,14,1,0,1,0,0,0,0,5,5,0,0,0,0,3,2,5,3,0,0,9,0,0,0,0,8,0,1
0,0,2,0,5,0,8,0,1,0,1,6,0,0,4,2,6,1,5,0,0,0,6,7,0,0,8,2,6,0,0,0
16,7,7,0,0,9,0,0,5,0,1,0,0,0,5,0,0,0,3,0,0,0,0,0,0,0,0,0,0,1,0,0
2,0,0,0,0,0,0,2,0,1,0,2,0,8,0,0,1,5,0,0,2,0,4,3,0,0,0,0,0,2,0,0
0,0,13,3,1,0,0,0,0,0,0,0,0,0,1,3,0,0,1,0,0,0,0,0,0,0,0,0,0,0,0,0
12,0,11,4,9,0,5,0,0,3,3,0,0,0,0,0,0,0,0,2,0,0,9,0,0,7,0,0,0,0,0,0
11,5,0,0,0,0,0,0,2,0,1,4,0,0,1,3,0,0,0,0,0,0,0,1,3,0,6,0,0,0,8,5
0,0,0,0,1,0,0,4,9,2,0,0,0,0,0,0,0,0,2,0,0,3,0,0,7,1,2,0,1,0,2,0
1,0,0,7,5,0,5,8,0,0,7,9,2,0,1,0,0,6,1,0,1,0,10,0,0,0,0,0,2,2,0,8
0,9,0,0,10,0,3,0,0,3,0,0,0,9,0,0,4,0,5,0,0,6,4,0,1,3,0,0,7,0,16,0
0,2,2,0,0,0,3,0,0,0,0,2,0,0,2,3,7,1,0,0,0,0,0,0,5,2,0,7,7,3,2,22
3,0,0,3,4,0,0,0,1,0,16,0,5,0,2,14,5,1,0,0,0,0,0,0,0,0,0,0,2,5,1,0
0,0,0,5,0,1,0,2,2,5,0,0,2,4,0,0,3,2,0,0,0,3,0,1,2,0,0,0,0,0,9,2
0,0,5,0,0,3,3,2,0,0,5,10,8,0,5,0,4,0,0,0,0,5,12,8,4,0,4,0,4,0,7,0
3,0,7,4,0,0,2,12,0,0,0,0,0,1,3,0,2,0,0,0,6,0,0,0,0,0,0,0,0,0,2,13
3,0,0,1,0,0,0,1,4,5,0,6,0,1,8,0,3,0,0,1,0,2,0,0,0,2,0,0,1,9,1,0
0,0,1,0,0,0,0,0,0,1,6,0,0,0,0,8,0,2,0,6,0,4,0,0,0,3,0,1,0,0,0,3
0,2,0,4,0,0,0,0,1,0,1,1,0,0,0,2,0,0,0,10,0,8,0,10,0,9,0,5,10,13,3,18
0,1,0,0,3,0,1,11,0,7,0,4,7,0,0,3,0,0,2,0,4,2,0,0,0,0,0,0,1,0,0,0
4,0,3,0,12,0,0,0,2,0,0,6,4,11,3,0,4,2,1,0,4,0,0,0,6,2,0,0,4,0,0,18
4,0,4,0,5,7,0,0,0,1,0,6,0,2,0,5,0,0,0,5,0,1,0,2,2,9,14,0,0,2,0,0
2,5,0,0,10,0,0,3,1,6,0,0,0,0,0,0,0,0,1,1,0,0,0,2,0,0,11,0,4,7,2,5
1,0,0,0,0,5,10,0,2,0,1,4,0,0,4,0,8,0,0,0,6,3,0,0,8,0,4,0,0,2,0,0
0,2,11,2,8,6,0,0,3,3,8,4,8,0,4,0,10,6,2,0,3,0,0,0,3,2,0,1,2,0,0,10
0,12,0,2,0,0,0,1,0,1,5,0,0,1,3,0,0,0,0,0,0,3,0,0,0,0,0,0,0,4,0,14
2,0,7,0,0,7,2,4,0,0,3,5,0,0,0,0,0,0,0,1,0,0,0,2,0,0,11,8,7,0,2,5
18,3,0,11,0,0,0,6,0,3,4,4,0,0,0,2,0,0,10,6,2,0,0,0,0,0,9,0,0,1,0,0
2,0,0,4,0,0,0,6,0,0,0,0,0,0,3,0,6,5,3,0,9,0,1,0,2,0,1,0,0,0,1,0
0,2,3,0,0,0,4,5,0,1,0,2,1,1,5,2,2,0,0,0,3,1,0,7,0,0,0,0,11,1,0,4
0,0,0,0,0,7,3,0,8,0,0,5,0,0,5,0,0,3,0,0,0,5,0,0,1,1,0,7,0,0,0,4
25,0,0,0,5,2,2,0,7,0,0,7,0,0,0,0,0,3,18,4,0,3,1,5,0,0,0,0,0,3,2,18
6,4,0,0,1,0,4,0,0,0,0,0,0,7,0,0,6,0,13,11,0,0,3,2,0,0,1,1,0,9,5,0
0,12,0,0,10,4,1,3,0,0,0,4,0,0,1,3,3,0,6,0,1,0,0,0,0,4,7,0,3,0,0,0
1,0,0,0,0,0,0,4,6,1,0,0,0,0,2,1,6,3,0,6,0,0,9,0,0,0,0,5,2,0,0,12
22,0,2,4,0,0,0,0,0,0,1,0,0,0,0,4,0,0,2,0,0,0,1,2,0,2,1,2,0,6,4,2
0,0,0,6,0,0,1,0,0,2,4,0,0,0,0,2,0,0,0,0,6,6,0,0,0,0,0,0,0,1,3,0
2,5,5,0,2,2,0,0,0,0,0,0,14,0,1,0,0,1,0,0,0,0,0,4,0,0,0,0,8,0,5,0
0,8,0,8,13,5,0,0,0,0,0,6,0,0,0,0,4,2,6,1,0,0,14,5,6,0,2,9,0,1,0,24
0,3,5,0,0,0,8,0,8,0,0,37,0,0,0,15,5,0,0,0,2,0,8,0,0,0,3,0,1,5,0,0
0,11,1,0,0,0,1,0,1,10,0,0,0,13,0,0,0,2,7,2,0,2,0,0,0,0,0,1,0,0,0,0
0,1,1,0,9,1,0,0,0,0,0,5,0,8,0,0,0,0,0,0,1,11,2,4,4,0,11,3,4,0,2,0
0,3,8,2,0,0,3,2,0,0,0,0,4,0,7,1,0,0,2,0,0,0,0,1,0,0,0,0,0,3,0,0
0,12,0,0,3,0,0,6,0,4,0,1,0,5,0,4,0,2,5,0,4,0,0,0,0,6,1,0,3,0,6,0
3,9,0,4,9,0,0,0,11,0,0,0,7,4,3,2,8,0,0,3,2,0,0,0,0,0,0,8,0,6,10,10
5,0,0,0,0,0,0,0,1,2,0,0,0,0,0,0,2,0,0,0,4,0,13,0,0,0,0,0,0,0,0,0
0,1,1,0,0,10,1,2,2,0,0,4,0,0,4,0,0,0,0,5,0,4,0,0,0,5,17,0,0,1,0,0
7,4,0,0,0,5,0,0,0,0,6,3,2,0,0,3,3,7,2,0,2,3,8,2,0,9,1,0,0,0,0,0
0,0,0,2,0,0,0,4,0,0,4,6,5,4,1,6,0,0,0,0,4,7,0,0,2,0,9,0,0,2,0,10
0,1,0,0,0,0,2,5,3,0,11,0,0,1,0,0,0,0,7,1,5,0,2,0,0,8,0,0,1,3,10,5
0,2,6,0,7,0,0,0,10,3,0,0,1,7,0,0,0,0,0,4,0,0,1,0,0,3,0,0,0,0,0,0
0,0,0,0,27,1,9,6,7,8,0,3,1,3,0,4,8,5,0,3,1,1,0,4,0,0,1,0,1,0,4,0
0,0,0,0,0,7,7,0,0,0,0,0,0,4,1,0,3,0,0,0,0,0,0,7,0,1,0,5,0,13,0,0
0,0,0,1,1,0,4,7,3,4,3,0,0,8,0,2,0,4,0,2,1,6,1,0,0,0,5,0,0,0,4,7
5,0,0,3,0,9,0,5,4,4,3,0,0,0,1,0,1,1,1,1,0,0,4,4,0,11,4,1,0,0,0,0
3,4,2,0,0,5,7,0,0,0,0,0,0,0,0,0,4,0,5,6,0,0,10,0,0,0,9,0,3,2,5,0
1,4,12,1,4,2,0,0,11,0,5,2,4,0,0,3,0,2,0,4,0,0,16,4,0,0,7,0,0,0,11,1
0,0,1,0,7,0,10,0,0,2,0,0,0,3,0,0,0,7,1,0,3,2,1,0,0,0,0,0,0,0,0,6
0,0,3,1,5,6,2,0,5,0,0,0,0,0,8,4,1,0,0,3,0,0,0,0,0,3,0,2,3,0,5,0
4,3,2,6,0,0,0,0,3,0,3,5,0,12,0,0,0,4,5,5,2,0,0,0,3,0,0,0,2,0,1,0
3,0,0,8,1,0,0,5,3,0,3,13,1,0,2,8,0,0,0,0,0,3,0,0,0,6,14,2,12,0,0,18
0,0,0,3,6,2,0,0,3,0,6,10,7,7,9,1,0,1,0,0,0,0,0,6,2,0,0,0,0,9,0,0
0,3,9,10,21,0,0,6,0,8,0,0,9,1,0,2,0,0,0,0,0,1,1,0,4,5,1,0,0,1,0,0
5,0,0,3,12,0,6,0,0,0,0,0,0,0,0,0,5,0,20,0,0,2,0,0,0,0,0,0,0,0,0,1
1,7,2,1,1,0,6,0,0,2,0,0,0,0,0,0,4,1,0,0,0,11,0,2,0,0,0,0,0,2,0,0
0,0,6,6,1,0,0,8,0,0,0,2,0,0,0,0,6,0,2,1,0,0,7,0,0,0,0,0,5,0,1,4
0,1,5,0,12,4,0,8,0,3,0,7,1,1,0,5,0,1,0,1,0,0,3,0,3,1,0,2,0,0,1,0
0,1,0,0,0,0,0,4,4,9,0,12,0,0,0,0,0,0,0,1,0,0,0,1,0,0,10,0,6,0,2,0
6,0,6,0,11,0,16,13,0,0,0,4,0,0,0,8,1,0,0,0,0,1,9,6,0,9,10,5,0,1,0,3
2,0,1,1,0,0,0,0,0,3,0,0,0,10,0,0,0,0,0,0,0,0,1,0,0,1,0,7,0,5,1,0
0,0,0,6,18,6,0,9,3,0,0,3,0,0,0,0,3,10,0,10,3,2,10,0,0,10,0,0,0,11,0,0
0,0,8,3,6,3,1,0,0,0,0,38,0,0,0,0,0,0,6,0,0,0,3,1,1,0,0,0,13,5,0,0
0,0,0,0,0,0,2,5,0,0,2,2,0,0,0,2,1,6,3,0,0,0,0,3,2,0,0,0,3,0,0,29
0,0,0,0,9,1,2,0,0,3,0,0,0,0,0,3,0,2,6,0,3,8,0,5,0,0,0,0,0,2,5,0
1,0,0,0,4,0,0,0,0,7,0,0,0,0,0,0,0,0,1,0,2,0,13,0,4,0,0,10,0,0,9,0
0,0,0,0,12,2,0,6,5,3,4,0,0,0,6,0,0,1,0,0,0,0,0,9,0,4,2,0,0,0,3,0
0,0,0,0,0,0,12,0,0,0,17,0,2,6,9,12,0,0,7,0,0,0,4,0,5,16,0,0,0,0,12,19
2,0,0,11,3,0,0,0,0,0,0,1,0,0,0,6,8,5,6,0,0,0,0,0,0,0,0,0,0,0,0,9
0,0,0,0,0,0,0,0,7,0,0,0,5,0,0,0,4,0,0,0,0,2,0,5,4,0,1,17,3,0,4,0
0,0,0,9,16,5,2,0,0,5,8,3,1,0,0,5,6,0,0,0,0,0,0,3,0,0,0,0,0,1,0,17
0,0,0,5,0,0,2,1,0,0,3,0,0,3,0,1,0,0,10,0,0,0,12,1,0,0,1,0,3,2,12,0
2,0,0,15,0,0,0,5,0,0,2,0,3,0,4,0,0,0,0,0,0,2,0,0,0,0,3,0,0,6,0,0
0,4,0,0,1,0,0,12,0,0,4,0,5,0,0,0,0,0,0,0,0,0,0,0,0,0,0,4,0,1,0,16
0,1,0,1,5,0,0,0,2,0,0,8,0,0,6,7,0,5,4,0,0,1,0,0,3,0,1,0,4,0,3,0
5,8,6,0,0,0,0,7,0,0,11,0,0,1,0,0,4,4,0,0,7,1,0,0,0,0,0,14,1,9,0,0
2,0,17,2,0,0,0,0,9,0,0,0,0,2,0,7,0,0,0,0,0,0,9,6,0,0,0,6,0,4,0,0
0,0,0,7,0,0,0,6,0,2,4,0,0,0,4,1,0,0,0,3,1,0,0,1,4,2,0,0,0,2,0,2
0,0,0,0,0,10,8,0,3,2,0,0,0,8,7,0,6,0,5,1,5,2,4,12,9,0,0,0,0,0,9,0
3,0,4,0,10,8,7,0,0,2,0,0,0,1,1,0,0,2,5,0,0,2,0,4,0,0,4,3,0,0,0,13
0,0,4,5,0,1,0,13,0,14,4,7,4,0,5,2,0,0,2,0,1,0,0,0,0,0,11,0,0,0,2,0
10,0,10,0,3,4,11,6,0,0,6,3,0,3,5,0,0,0,1,0,3,1,0,4,3,0,5,0,2,0,16,14
0,1,0,3,0,0,0,10,4,0,0,10,3,0,2,0,3,5,0,0,0,6,0,0,0,3,4,0,7,0,0,0
0,0,0,5,0,7,0,0,2,7,0,0,0,4,0,0,0,0,2,1,0,2,0,3,1,0,10,0,3,2,0,0
2,0,2,0,14,0,5,0,0,0,0,1,0,0,2,0,2,12,0,0,0,3,4,0,0,9,4,0,1,1,0,9
0,9,0,8,0,1,12,9,0,4,2,0,11,7,0,6,6,7,7,0,1,0,0,12,4,0,3,0,0,0,0,0
0,1,0,0,2,1,0,9,6,0,0,0,4,0,8,0,0,0,31,0,0,1,3,0,0,6,0,4,0,3,0,4
0,0,0,0,0,1,2,0,4,3,4,2,0,1,0,1,0,4,4,0,0,7,7,7,0,0,4,0,0,2,6,9
0,0,2,0,1,6,2,8,0,0,5,8,2,0,0,0,1,0,4,4,0,0,0,1,0,0,17,0,15,0,0,0
0,0,1,3,0,0,5,12,11,3,0,10,2,0,3,0,2,0,0,3,0,4,5,6,2,2,3,0,0,0,9,0
0,5,0,0,0,1,5,0,0,6,14,10,0,14,0,0,0,1,8,0,0,0,0,0,0,0,1,3,0,3,4,1
4,0,0,0,0,0,3,1,0,0,0,0,5,0,0,0,0,2,0,0,0,0,0,2,0,0,0,0,0,0,0,2
6,5,0,0,0,1,0,0,0,8,0,0,11,0,0,0,0,3,5,0,0,0,0,0,5,0,0,0,2,4,0,0
2,0,21,4,11,0,0,2,0,3,0,6,4,0,2,6,0,0,0,0,3,1,0,2,0,0,9,0,4,5,8,17
3,0,0,6,0,0,0,7,3,0,0,28,0,10,0,0,0,0,0,0,0,3,0,0,0,0,1,4,6,4,0,0
0,2,2,0,14,0,3,0,2,0,0,3,2,0,5,0,8,0,14,6,0,0,0,1,0,0,1,0,4,0,0,1
0,9,0,1,0,0,0,0,4,0,5,5,0,2,1,0,1,0,12,0,3,0,1,2,0,0,0,1,0,0,8,0
0,4,12,0,12,0,1,3,0,0,4,0,1,0,6,0,0,0,12,0,6,9,0,0,0,0,0,20,6,0,0,0
2,0,3,9,0,0,0,10,0,0,3,0,0,2,2,3,0,0,0,0,0,5,0,0,0,0,0,0,0,2,0,23
0,0,5,0,0,0,0,1,1,0,8,8,0,5,2,3,0,0,0,2,0,0,8,0,0,2,0,5,2,0,3,26
0,0,3,2,0,5,1,0,0,0,10,0,0,9,6,2,9,0,0,7,0,0,0,0,1,0,0,0,0,1,0,0
0,0,3,0,0,3,1,0,3,5,4,0,0,0,0,0,10,0,0,3,2,0,6,0,0,1,0,4,0,0,4,2
0,0,0,6,16,0,3,6,1,2,0,0,4,0,0,0,5,1,0,6,3,0,6,0,0,0,0,0,0,0,0,1
0,1,10,0,18,10,10,0,3,0,0,0,0,2,8,0,8,0,6,0,6,0,9,0,0,6,3,0,0,3,1,0
9,0,7,1,23,3,0,0,17,0,9,0,0,1,0,0,2,0,0,0,1,2,0,5,3,0,4,0,0,0,9,0
3,1,0,0,0,1,8,5,0,5,0,0,0,0,0,0,0,0,1,3,0,1,6,2,0,1,0,0,0,2,9,0
0,0,4,0,0,0,12,0,0,13,11,23,2,5,0,0,142,0,0,0,15,0,0,0,24,15,21,0,0,7,0,20
10,0,19,21,0,0,0,28,0,7,19,31,5,1,30,4,26,0,0,10,0,16,0,0,0,0,11,0,15,0,0,0
0,27,0,9,0,0,20,0,0,0,0,0,0,0,11,0,20,0,4,9,12,0,0,0,0,0,38,7,1,5,0,9
4,0,0,5,3,1,0,18,26,0,0,22,0,0,15,0,4,0,0,7,0,0,0,0,19,0,5,0,2,17,0,0
4,0,0,0,21,1,0,0,0,10,21,4,0,0,8,6,0,0,0,2,0,6,19,0,0,2,17,0,7,0,0,0
2,13,14,12,19,0,0,0,0,0,0,4,0,13,13,0,0,13,24,3,12,2,0,1,3,0,0,4,9,3,0,0
11,8,0,0,1,7,12,17,23,0,0,0,0,0,75,0,31,0,0,1,0,11,0,0,2,21,10,0,16,0,0,0
10,0,8,0,25,0,0,16,0,0,29,1,0,16,0,0,0,0,0,1,0,0,0,0,0,0,0,0,4,0,7,8
21,0,0,0,0,2,11,12,7,0,9,0,14,1,10,0,19,1,11,4,8,13,0,2,0,2,0,0,7,13,19,8
4,28,11,0,9,0,18,0,0,0,13,1,12,12,0,0,12,13,16,9,3,0,0,0,2,12,0,0,13,0,9,2
27,0,10,25,29,0,10,0,12,0,5,0,0,11,3,0,0,0,0,17,0,1,20,0,0,0,0,0,5,2,0,0
17,0,6,0,10,0,6,2,18,4,2,0,6,0,10,20,0,10,0,0,0,0,2,0,1,0,11,0,0,2,0,0
4,0,2,2,0,0,0,10,3,0,0,30,2,1,0,38,0,0,26,0,0,0,16,5,0,13,26,13,16,0,0,20
0,7,0,10,0,0,3,16,14,12,0,0,0,14,21,0,4,0,12,0,23,0,3,4,0,8,0,0,8,1,0,0
23,0,5,1,0,0,0,14,0,0,0,0,4,0,23,21,239,65,10,5,0,16,0,0,0,1,5,0,0,0,1,9
1,4,2,0,0,1,0,0,7,5,0,16,0,0,14,70,197,187,1,0,0,2,0,0,0,6,1,0,0,0,0,0
29,0,19,16,9,0,0,4,2,5,15,9,0,0,0,66,197,189,0,0,0,2,5,1,7,0,4,0,4,4,0,3
0,0,16,0,3,2,0,13,7,0,0,12,5,18,0,0,20,24,0,3,0,16,11,4,0,0,3,0,5,1,0,0
29,0,2,0,17,25,20,1,17,16,0,0,0,11,10,0,0,0,0,0,0,8,0,0,0,0,0,4,10,1,5,11
6,0,0,0,38,35,0,0,0,9,0,2,0,3,0,0,10,0,0,0,0,0,0,0,6,1,0,0,8,1,5,9
0,4,0,1,1,0,27,6,8,0,0,19,14,24,0,0,0,0,7,4,7,0,0,0,0,0,0,20,1,0,0,0
5,3,2,0,0,0,0,0,0,18,0,0,40,0,2,11,4,21,0,0,0,8,1,16,2,6,0,1,0,0,7,0
28,0,0,16,1,2,0,0,0,0,30,19,43,10,1,0,42,0,0,0,0,0,10,0,9,4,35,0,17,0,1,20
0,0,12,1,0,0,0,0,4,3,4,8,14,0,0,28,3,7,12,6,0,9,2,0,0,16,0,10,0,5,0,18
27,0,0,0,0,8,18,0,18,11,29,0,19,16,0,0,3,0,0,0,1,0,0,0,2,0,24,0,0,0,0,23
0,20,11,19,8,0,16,35,0,0,2,24,0,11,0,37,0,0,0,11,3,0,0,0,0,14,0,8,0,0,0,0
0,0,0,0,0,0,0,4,29,16,8,17,13,16,5,0,0,31,8,0,0,0,0,0,0,0,0,10,0,16,0,0
0,12,0,0,0,0,9,0,0,0,0,0,0,0,0,0,8,0,3,8,0,1,0,7,0,0,0,0,0,0,0,8
0,4,0,0,4,0,1,15,14,0,4,0,0,0,2,0,25,0,15,0,0,2,0,8,0,5,1,13,3,0,3,0
0,4,10,5,0,16,0,39,3,5,0,0,7,13,0,3,0,0,0,0,0,2,27,19,0,7,0,4,0,0,0,2
5,0,0,21,8,0,13,0,0,2,0,7,39,10,0,0,39,28,6,16,19,17,0,0,0,0,0,0,0,13,0,0
10,0,4,4,9,11,4,3,0,4,33,0,1,0,0,3,0,0,0,5,2,13,0,0,1,0,7,9,0,0,0,7
0,4,9,0,0,17,10,0,23,2,16,10,0,0,0,2,0,0,0,0,8,2,0,0,19,0,20,0,4,0,9,6
0,0,14,3,30,7,0,0,0,16,16,0,20,0,15,0,5,2,0,0,0,0,0,6,19,3,11,0,0,0,0,0
0,0,10,14,0,0,0,0,0,0,0,0,13,16,0,0,21,9,7,8,21,0,0,0,0,13,0,4,0,2,0,0
0,0,0,0,21,27,0,14,0,0,2,0,10,21,0,13,0,0,9,0,14,0,2,4,8,0,12,0,6,24,9,0
14,0,6,14,0,0,17,42,0,4,11,0,6,0,34,9,0,0,3,5,0,0,10,28,10,6,0,0,0,0,0,10
0,3,11,0,0,0,0,0,0,11,0,0,0,3,2,0,0,8,5,1,0,0,26,0,13,0,0,0,0,0,17,2
17,27,0,0,21,2,3,5,13,7,0,0,0,7,0,0,0,32,0,0,0,0,16,5,0,6,32,20,0,0,0,3
8,7,0,0,8,0,0,15,0,12,21,1,2,0,3,17,16,0,0,8,0,0,23,2,0,12,18,0,2,5,0,3
0,0,0,0,2,9,6,0,0,18,0,0,4,34,0,19,10,0,0,2,0,3,28,6,0,1,3,22,17,0,7,16
0,0,0,0,0,0,0,1,0,0,20,0,0,8,0,0,0,0,0,0,0,0,28,4,16,8,7,0,0,1,0,1
0,0,0,0,12,0,0,4,8,5,0,0,0,0,4,0,38,5,0,12,23,19,0,5,0,1,1,4,2,0,5,0
0,12,0,0,0,0,0,8,0,0,11,0,13,13,0,21,0,11,10,0,3,0,0,0,8,0,9,7,0,0,12,0
4,2,21,12,13,0,0,15,0,6,0,11,0,0,10,0,4,0,28,0,0,0,0,0,0,2,7,3,0,0,13,3
0,0,0,1,0,0,0,0,14,0,14,5,0,7,0,0,0,6,11,5,3,0,12,9,0,0,8,12,3,8,7,0
0,0,0,0,0,0,0,0,0,0,0,0,0,0,0,10,22,24,12,18,0,0,0,8,0,0,0,3,7,0,4,0
0,0,5,0,17,0,5,11,0,0,7,7,14,6,4,3,4,53,5,0,8,0,7,0,0,0,0,8,0,0,0,6
16,0,0,1,0,0,11,0,0,0,0,27,1,0,0,16,7,123,1,11,0,19,0,9,0,4,5,16,0,3,0,31
20,0,0,0,0,0,1,0,19,0,1,0,0,0,0,0,2,14,0,1,0,0,2,6,4,8,0,6,0,0,0,5
0,0,11,5,7,8,14,1,22,4,0,3,0,6,1,0,5,10,0,12,0,7,2,0,1,0,3,0,2,6,0,0
4,6,9,0,0,0,0,0,4,0,9,0,0,3,0,13,0,0,0,0,8,0,25,8,0,0,0,0,10,2,0,1
0,8,0,0,3,5,3,11,0,0,18,34,3,0,0,0,7,0,0,0,0,0,0,6,0,0,5,0,7,0,0,5
0,0,0,1,0,7,0,8,0,8,25,0,0,10,0,0,0,0,0,5,9,14,7,18,3,0,0,0,1,14,0,0
0,6,0,6,12,14,0,19,0,0,1,16,0,0,0,0,12,0,0,4,4,0,2,0,0,1,0,2,0,0,0,6
0,0,9,2,5,9,4,0,3,0,0,0,0,4,3,0,0,0,0,1,0,0,1,9,0,0,0,7,2,9,0,4
0,0,7,6,0,0,1,3,5,0,0,1,0,1,2,13,0,8,5,3,8,0,0,4,0,0,7,0,0,4,3,0
0,0,0,8,2,0,0,0,7,7,1,0,0,9,0,0,0,0,5,0,0,0,2,0,0,4,0,0,0,2,0,0
2,6,12,1,6,2,0,6,0,5,0,0,2,0,3,0,0,0,0,6,0,3,0,0,0,8,6,0,3,0,1,2
0,0,0,0,4,1,9,5,1,4,0,0,8,0,0,12,6,0,2,5,0,0,0,1,0,0,7,0,0,6,9,0
3,0,0,13,0,0,0,2,2,0,0,0,0,0,3,10,2,0,1,5,5,2,6,0,0,0,0,4,0,0,0,0
0,9,4,0,0,7,0,1,0,4,0,0,0,0,0,0,0,6,0,0,0,0,13,3,0,0,3,5,3,0,0,1
1,1,0,0,11,7,7,0,0,1,0,10,2,0,2,3,0,1,0,1,0,0,1,0,0,0,1,0,4,0,1,0
0,5,0,2,6,11,2,1,4,0,0,0,0,0,0,5,1,4,0,9,10,4,0,5,0,5,0,0,5,12,6,0
