0,2,4,0,1,6,0,0,8,3,9,0,0,0,0,7,1,1,0,2,2,0,0,0,2,2,12,0,0,0,8,0
0,0,0,0,0,0,15,0,0,7,0,4,7,0,0,0,0,0,0,1,0,0,0,0,0,0,0,0,0,0,1,4
0,6,5,0,0,3,0,0,6,0,0,0,0,9,6,0,0,3,8,0,4,0,5,0,0,2,0,0,0,0,0,8
0,6,0,0,0,10,11,7,0,1,0,0,4,0,3,0,1,2,1,3,1,0,0,5,0,0,0,0,9,0,4,0
0,0,8,0,0,2,0,1,5,0,4,0,0,2,0,0,2,0,2,1,0,5,3,0,0,4,16,0,0,0,0,9
0,0,8,2,11,8,0,0,10,0,0,0,0,0,0,0,6,0,0,2,0,2,10,0,5,0,0,0,0,0,0,0
4,0,1,0,21,8,3,5,0,1,2,13,3,0,7,8,11,4,0,0,0,4,0,0,6,12,10,0,0,0,0,28
0,0,0,1,0,0,3,2,0,3,0,0,6,3,1,6,6,3,0,0,0,0,0,0,0,3,0,0,0,0,0,14
0,2,3,0,0,2,2,0,0,5,0,0,0,2,0,1,0,0,2,4,7,3,1,0,0,0,0,0,0,0,0,5
0,2,5,0,11,3,12,0,0,0,1,0,1,0,5,0,0,0,0,0,0,0,5,2,4,6,11,0,2,0,0,0
0,0,1,7,0,0,0,6,0,0,7,0,9,0,0,0,2,0,4,6,2,0,0,0,0,3,0,0,1,0,0,21
6,14,1,0,23,5,6,0,5,0,0,7,2,0,7,0,6,0,0,0,5,0,2,4,0,4,0,0,9,0,16,0
0,0,0,0,0,7,0,10,8,3,12,0,1,0,0,0,0,0,30,0,0,2,8,0,1,4,8,0,5,11,0,0
0,7,8,0,0,0,1,7,1,0,3,0,5,0,5,0,0,0,2,0,3,0,8,0,3,6,1,8,0,1,3,0
3,4,0,2,8,0,7,7,0,0,4,0,0,6,0,0,0,1,4,3,1,2,7,0,2,8,19,1,0,0,0,16
3,0,0,0,11,0,0,7,9,0,5,5,4,0,2,0,0,1,0,0,0,2,1,0,0,5,0,0,0,0,0,3
1,0,5,0,6,0,1,0,0,4,1,0,0,0,0,4,6,0,0,9,0,4,0,8,0,0,0,11,0,0,2,0
5,0,0,1,2,4,0,5,0,3,0,0,0,0,6,3,0,2,0,4,2,4,0,1,0,1,0,0,5,3,0,0
0,1,2,2,0,0,0,9,0,0,0,0,0,0,1,0,4,2,3,0,8,0,0,0,0,4,0,0,0,0,0,0
0,0,1,1,0,0,1,0,0,4,1,0,0,1,0,4,0,0,0,2,0,0,6,0,3,0,0,13,0,7,2,0
0,4,8,0,6,0,12,4,4,2,0,8,0,0,0,1,0,4,4,0,0,0,0,2,0,0,6,2,0,2,3,17
0,0,6,0,1,5,0,4,0,0,0,1,0,5,0,3,1,0,0,0,2,0,0,0,0,1,0,0,1,3,0,1
7,0,0,0,0,0,10,7,0,2,8,1,0,0,0,0,2,5,0,0,0,0,0,8,0,0,0,0,0,0,1,8
0,5,1,0,2,0,0,2,1,0,5,10,0,0,11,0,12,1,6,2,0,11,2,0,5,1,1,2,6,0,1,0
0,2,2,12,0,0,0,16,0,3,1,0,6,6,1,8,0,0,4,0,0,2,0,3,5,0,3,0,2,0,0,0
0,1,0,1,0,0,3,3,0,0,0,5,0,4,0,10,6,7,0,1,0,2,0,0,3,0,0,0,7,0,8,16
0,2,8,0,0,3,0,0,5,0,0,0,10,4,0,7,3,5,2,5,0,2,0,0,0,2,0,0,3,0,2,4
0,3,0,0,0,6,2,7,7,2,4,7,0,9,4,0,0,0,0,2,1,0,0,0,3,0,2,0,0,0,0,5
0,0,8,1,1,0,8,3,4,4,0,0,0,0,0,0,0,9,4,0,0,0,2,0,4,5,0,0,0,12,0,0
0,0,0,5,0,0,0,4,11,0,0,2,0,0,0,0,2,0,3,0,0,0,0,0,1,7,0,0,0,13,0,0
0,5,0,1,0,4,0,11,3,0,1,0,0,0,3,0,0,0,2,0,1,0,0,0,0,0,10,0,0,0,0,2
7,0,1,0,0,0,8,0,0,5,2,0,0,3,0,0,1,0,0,0,0,0,5,0,0,0,0,0,0,6,0,0
0,4,12,1,0,2,7,0,2,0,10,3,0,0,0,0,1,0,0,2,4,0,5,0,3,0,0,0,9,0,3,3
9,1,0,10,2,13,0,0,0,0,2,0,0,0,1,0,8,1,0,0,0,0,2,9,7,1,2,0,0,0,0,11
4,0,4,0,9,0,4,0,0,0,0,0,0,7,0,0,0,1,6,0,0,1,5,2,0,4,0,0,1,0,0,0
5,7,3,0,20,0,7,1,0,0,3,0,0,4,9,0,7,1,5,5,0,0,0,0,0,0,3,0,0,0,0,0
6,0,0,0,0,6,6,16,4,0,1,0,0,3,0,3,0,0,0,1,0,0,3,5,7,0,0,7,1,0,0,0
0,0,0,0,0,0,0,0,5,0,0,2,0,11,0,0,0,3,0,0,0,0,10,2,0,0,8,0,6,0,0,0
0,6,4,0,0,13,0,0,0,0,0,14,0,0,8,0,4,0,1,0,4,0,16,10,0,0,0,0,0,9,0,0
9,0,3,0,0,0,0,0,0,3,0,10,0,0,2,0,5,0,9,0,2,0,6,0,11,5,2,0,7,13,6,12
0,0,3,10,0,9,16,10,0,0,14,5,0,0,1,0,1,5,0,0,2,0,0,2,0,0,0,7,0,0,0,0
8,10,0,0,9,4,0,4,1,0,0,8,0,0,22,14,0,7,0,0,0,0,0,6,0,8,0,0,0,6,0,7
5,1,0,5,21,1,0,0,14,2,18,1,0,56,0,17,0,0,0,0,9,0,0,0,0,0,1,10,0,0,0,0
6,0,0,0,1,12,1,0,13,5,9,9,6,0,3,8,0,0,7,0,10,16,10,0,6,0,10,0,0,1,0,0
18,6,0,0,0,5,6,10,0,1,0,27,5,32,193,0,9,0,25,0,0,0,5,0,1,0,0,10,10,3,14,8
14,0,0,0,8,0,3,10,4,9,0,4,1,196,197,128,10,1,23,0,0,0,0,2,0,0,5,0,0,0,5,0
0,5,0,0,8,6,0,0,4,5,0,11,17,20,108,0,0,9,10,0,9,0,0,7,0,0,5,2,5,9,0,0
0,0,0,2,6,0,25,5,11,0,0,20,2,8,23,6,16,5,0,0,0,3,0,0,6,1,3,6,5,0,0,0
11,0,0,0,0,12,0,35,0,14,10,33,18,7,0,0,7,0,0,0,6,0,15,0,3,0,0,0,5,0,0,0
0,0,15,11,0,1,0,0,0,25,0,20,0,0,0,0,9,14,0,0,0,2,0,0,0,7,0,0,0,0,3,0
6,8,15,17,13,0,0,1,16,0,10,0,0,0,16,5,0,15,13,21,10,10,0,8,0,12,10,0,0,13,0,0
7,1,16,0,0,10,0,0,12,1,0,6,0,15,5,11,0,0,4,0,0,9,0,2,0,0,0,3,2,4,0,1
3,14,7,12,0,0,0,0,5,0,0,0,15,0,0,0,12,17,0,0,6,0,0,0,7,0,0,3,9,0,3,9
0,0,0,0,14,2,19,3,3,0,0,0,0,0,33,0,0,2,0,0,0,0,10,2,13,6,0,0,4,0,26,0
8,0,0,0,0,0,10,0,5,14,0,9,0,0,0,0,8,14,7,13,0,0,0,9,0,0,5,5,0,6,0,0
6,0,8,7,21,2,0,0,0,0,6,0,0,0,0,16,17,11,9,0,12,12,0,0,0,7,0,0,0,0,0,12
5,0,0,9,8,7,6,2,0,10,0,13,0,0,0,1,2,7,0,0,0,0,1,0,0,0,0,13,0,0,4,0
0,0,19,7,0,0,0,0,7,16,19,1,0,38,0,3,1,9,3,9,13,0,6,13,8,7,13,12,0,1,0,11
1,18,3,3,35,0,0,0,7,0,0,27,0,3,0,16,1,0,2,3,0,0,0,2,0,9,0,0,0,4,0,9
4,11,9,0,0,0,0,0,0,0,2,2,0,27,0,0,0,7,0,4,9,0,13,0,0,0,0,0,0,7,1,8
0,0,10,11,0,3,3,4,5,2,0,10,0,0,0,0,9,0,0,6,0,0,6,0,0,0,7,0,0,0,0,7
0,9,0,11,14,0,0,0,19,6,11,19,0,0,0,11,0,14,0,3,0,4,0,3,0,0,0,5,7,0,0,7
0,0,0,17,0,10,0,23,0,3,0,18,16,6,34,0,0,0,5,9,0,9,9,0,3,6,0,0,0,0,2,0
0,37,4,8,0,0,0,0,0,3,9,41,0,0,16,28,16,3,0,0,2,9,0,0,0,2,14,3,3,0,0,0
4,5,0,12,0,14,17,0,0,12,1,11,5,32,10,0,15,0,8,1,19,0,0,0,0,0,13,17,0,15,0,0
0,29,27,0,25,12,7,0,20,5,0,5,8,16,0,0,16,16,1,13,16,0,0,0,0,0,0,0,21,4,0,0
0,0,12,0,10,0,31,7,16,0,11,1,2,2,0,3,2,6,1,3,0,0,0,6,0,17,0,0,0,0,4,24
0,9,0,0,0,0,17,9,0,8,0,2,3,0,0,16,0,2,0,10,1,14,0,0,0,0,0,0,0,0,0,0
0,0,24,0,36,22,9,0,0,3,0,11,0,0,55,5,0,0,5,0,0,0,0,0,0,0,0,12,18,18,11,0
32,14,2,5,19,0,0,17,0,0,0,0,16,6,0,0,11,1,9,0,6,1,8,0,0,0,0,0,6,0,0,0
0,0,14,0,6,12,14,0,16,0,15,42,0,0,5,13,0,0,3,0,12,1,0,0,0,0,0,0,0,7,0,0
0,0,0,3,0,0,0,0,0,1,0,12,7,34,0,13,29,0,0,0,0,4,0,0,8,0,8,11,6,0,0,0
8,0,18,9,10,1,13,1,23,10,24,0,0,0,25,0,1,0,3,21,8,0,17,7,3,0,11,23,7,2,0,0
21,0,0,0,0,16,17,0,0,14,29,38,8,0,0,29,0,0,0,0,9,9,0,0,5,0,0,2,6,0,9,19
14,4,0,19,0,0,0,5,2,9,8,9,0,0,5,2,0,10,0,0,0,0,0,0,11,0,0,11,0,0,0,0
16,0,0,0,26,0,0,0,0,2,0,0,0,11,29,20,0,7,0,16,4,10,0,1,0,4,18,0,13,0,8,0
0,23,0,6,0,0,0,0,0,0,1,6,13,0,18,0,2,6,1,0,10,1,0,0,5,7,10,0,1,14,21,0
8,2,17,31,0,17,0,0,0,11,6,0,0,198,187,5,1,2,13,3,12,0,0,0,0,2,0,0,0,2,26,0
0,8,0,14,0,0,5,0,10,2,23,5,0,36,100,10,0,0,0,3,0,1,1,0,0,4,0,1,0,0,0,0
0,1,0,0,3,0,0,0,3,0,9,0,0,0,0,0,2,0,3,6,23,3,2,0,7,0,13,0,0,0,9,8
0,1,0,0,6,2,6,2,6,0,14,11,0,14,16,16,3,20,0,0,3,1,0,0,0,0,3,2,0,0,1,16
9,0,0,4,19,0,9,16,0,9,1,8,4,23,1,20,0,19,5,0,3,10,0,0,0,9,0,8,23,0,5,6
0,0,0,0,0,9,7,11,0,0,0,1,12,0,0,0,11,0,3,0,4,0,0,0,1,13,1,4,7,0,4,0
4,0,0,0,0,0,0,4,0,8,1,8,3,65,11,0,0,0,5,2,5,12,12,5,2,5,3,0,4,0,10,0
9,0,0,0,0,0,0,0,13,0,17,13,9,1,0,0,0,4,0,6,3,0,5,0,0,2,1,16,0,0,0,2
0,4,0,18,0,0,0,0,0,6,14,0,0,13,20,5,0,12,4,8,9,2,0,7,13,0,11,3,0,4,0,0
17,0,0,0,16,6,0,0,0,13,22,0,0,0,0,0,11,13,20,0,10,0,0,0,0,0,29,2,0,0,0,1
5,0,0,0,0,0,0,4,4,4,24,0,12,44,0,0,0,0,13,0,0,4,7,11,10,0,0,2,4,11,0,0
0,5,2,0,0,2,0,0,0,5,3,0,0,0,0,0,7,25,0,4,0,0,0,6,12,4,3,0,0,0,0,0
0,0,17,0,6,4,0,10,0,0,2,0,0,0,18,0,0,0,14,0,0,5,0,0,0,3,21,9,0,0,2,24
0,0,25,0,0,0,0,0,0,9,4,0,0,0,6,0,0,16,4,5,0,0,0,1,0,0,16,13,10,2,0,0
0,0,9,0,8,16,0,33,0,0,0,0,0,7,6,0,9,2,24,0,0,8,3,0,0,8,0,1,0,14,0,0
0,0,0,5,0,1,19,21,0,2,5,28,9,0,13,0,0,0,0,2,8,11,19,3,0,0,0,0,0,0,0,0
0,0,0,17,2,7,0,7,0,0,6,16,0,0,0,0,6,2,0,6,0,0,1,0,0,3,0,0,0,10,4,14
7,0,8,0,0,0,0,0,0,0,4,0,0,15,21,0,1,0,0,3,4,0,25,7,0,0,0,4,0,10,0,0
14,12,6,0,0,10,0,7,0,17,8,14,8,0,0,0,0,0,10,0,0,0,0,0,1,0,0,5,4,0,0,0
0,0,3,5,0,0,8,0,0,0,0,5,0,0,2,0,2,0,1,0,2,2,5,0,0,6,5,8,0,8,1,0
0,2,9,1,0,12,1,0,6,2,0,3,0,0,0,9,6,0,0,7,7,0,0,7,1,0,0,0,0,2,0,0
0,0,9,0,0,17,0,4,5,8,11,0,0,7,0,8,0,8,6,6,7,0,0,9,0,0,0,0,0,3,0,2
0,0,0,3,0,0,1,0,0,6,0,0,0,0,0,0,9,0,0,0,5,0,2,0,0,1,5,0,0,3,7,0
0,3,4,0,10,0,5,0,0,0,0,5,0,13,2,0,0,3,0,0,1,1,1,2,0,0,0,3,2,0,1,0
5,5,0,0,4,0,0,5,1,2,4,0,0,0,0,0,1,4,1,3,7,0,5,0,2,6,6,2,0,6,6,1
0,0,10,2,0,4,1,0,0,3,0,0,0,4,1,0,3,0,0,0,3,0,0,0,0,0,0,0,0,0,0,0
0,0,0,0,4,0,0,0,0,0,10,3,6,2,0,2,0,3,2,0,8,3,2,4,2,2,5,0,0,7,0,4
23,0,0,10,9,7,0,0,0,2,0,3,0,1,0,0,6,0,0,0,0,0,0,0,0,1,7,0,0,0,0,4
3,2,0,3,0,0,0,6,0,1,20,1,0,0,3,0,0,0,0,9,8,3,0,1,0,0,0,0,4,0,0,0
4,6,8,0,0,7,8,0,5,8,4,0,0,2,3,0,5,3,9,0,0,0,0,4,0,10,0,0,0,1,5,0
1,14,3,0,0,0,0,0,0,0,0,0,0,0,11,6,1,2,5,8,3,5,0,2,0,14,0,0,0,5,17,7
0,0,0,5,4,1,0,0,0,0,0,0,0,4,0,4,0,5,0,0,5,5,5,1,14,3,2,4,2,0,0,10
15,2,0,1,7,0,1,0,0,0,0,0,3,13,4,0,4,0,2,3,0,3,2,3,9,3,0,0,0,0,11,3
12,0,0,7,0,0,0,0,0,7,0,0,2,0,1,6,1,1,0,4,0,10,0,0,3,1,2,5,0,0,0,6
6,4,0,0,0,0,0,0,0,0,2,0,0,0,0,0,6,6,0,0,0,0,5,0,4,0,0,2,4,3,0,5
1,0,3,12,9,0,4,0,0,0,0,2,0,0,0,0,5,3,3,0,0,0,10,0,0,0,0,0,5,6,0,16
5,0,0,7,0,0,5,5,0,0,0,8,1,0,0,0,0,0,0,0,0,0,0,0,6,3,2,9,1,0,0,0
0,11,0,0,0,0,3,0,7,0,1,0,2,6,0,0,0,1,0,3,7,0,4,2,0,0,6,10,0,0,4,0
0,3,2,6,0,1,7,10,0,3,0,1,0,4,0,7,0,9,0,7,9,10,2,0,0,7,9,1,4,0,0,2
6,0,0,0,0,0,1,0,0,0,0,0,5,0,0,6,6,5,0,0,0,1,0,12,2,0,0,0,0,0,0,12
10,0,3,0,0,7,7,4,4,0,0,0,0,6,0,6,4,0,5,7,4,2,0,0,0,10,0,0,0,0,0,0
5,0,0,12,6,0,5,2,0,0,0,0,0,0,4,0,0,0,0,2,0,4,0,0,0,0,3,7,0,1,4,0
0,0,0,8,0,0,0,0,2,2,4,0,4,5,0,7,0,0,3,2,4,6,0,0,0,1,0,0,0,0,0,5
2,0,0,0,7,8,7,0,0,6,0,0,4,2,0,0,0,1,0,0,0,1,0,2,0,2,0,5,0,0,0,13
0,0,0,1,7,0,0,17,0,4,0,0,0,3,0,0,0,0,5,0,0,5,0,6,0,0,0,4,1,0,5,0
0,0,2,4,0,0,0,6,0,0,15,8,0,5,2,1,5,0,5,1,3,0,5,0,8,4,0,0,9,0,0,0
0,4,0,7,3,16,7,0,5,5,12,10,0,0,0,12,0,1,0,0,0,0,0,0,0,0,9,2,0,0,0,4
4,2,0,0,0,0,0,0,8,0,0,0,0,2,0,0,0,0,8,0,0,0,0,0,1,10,0,0,0,0,0,3
4,1,9,6,0,0,0,1,0,2,0,0,6,0,2,0,0,0,11,2,0,0,4,0,4,2,0,0,1,0,2,0
0,8,0,0,0,0,0,22,1,8,0,1,5,0,0,1,0,0,2,0,0,2,0,0,14,0,0,1,4,5,0,0
0,1,1,0,0,2,7,7,4,3,3,0,3,2,0,7,0,0,0,0,3,0,8,0,0,2,0,0,4,2,0,6
0,0,2,8,16,0,1,4,0,0,2,9,0,2,0,4,3,2,0,1,0,0,0,0,0,0,12,0,0,0,0,0
1,1,7,6,5,10,0,0,1,0,0,0,0,3,4,0,7,8,8,4,8,0,5,2,2,4,8,0,8,0,6,8
2,2,6,0,0,8,1,0,6,9,5,0,0,1,0,0,0,0,0,1,0,0,5,0,0,0,3,0,2,0,0,0
9,0,0,0,0,4,7,0,4,1,0,0,2,2,0,0,0,0,0,0,0,0,0,0,2,3,4,2,4,0,0,20
0,0,0,15,2,0,2,2,3,0,0,0,0,5,0,2,0,0,7,8,10,0,0,2,0,0,6,0,0,0,2,0
0,0,9,0,2,6,14,2,0,10,0,0,2,8,4,2,0,0,4,2,4,11,6,7,0,0,0,0,0,0,0,0
9,0,0,6,3,0,0,5,0,6,0,5,0,0,0,0,0,0,6,1,1,0,9,0,4,0,0,0,3,0,0,0
0,0,0,0,0,6,8,0,0,5,0,2,7,0,0,5,5,0,6,0,3,0,0,0,0,2,0,0,0,3,10,3
0,1,6,0,8,7,4,0,5,0,0,0,0,4,0,0,1,3,1,0,0,5,4,6,3,0,3,0,1,0,14,5
0,0,0,0,0,8,3,10,3,8,0,1,0,1,0,0,7,0,10,1,0,3,2,3,0,0,0,1,0,4,0,0
0,0,0,3,0,0,3,0,6,1,0,3,14,2,0,0,3,3,1,2,0,0,0,1,0,2,0,0,4,5,0,0
0,14,4,5,0,0,0,0,0,0,5,0,4,0,0,0,0,0,0,6,0,0,2,3,1,9,0,0,8,0,1,18
10,6,0,0,2,7,0,14,0,0,3,0,0,0,0,6,0,0,8,0,1,7,4,0,0,5,0,0,2,7,0,14
6,1,12,7,0,11,0,0,0,0,0,0,0,6,0,0,0,1,6,0,0,0,0,0,1,0,8,0,0,0,7,5
0,7,8,0,11,0,0,0,0,1,0,0,0,1,5,2,0,0,6,1,4,0,6,0,0,0,0,0,0,7,1,12
0,0,6,8,14,0,0,11,0,0,0,7,9,0,0,0,0,3,4,1,2,0,9,7,0,0,2,3,4,0,0,2
0,0,8,11,0,0,12,2,0,0,0,0,0,0,0,5,0,1,7,0,0,0,0,0,0,7,19,0,5,0,2,0
0,0,0,7,0,0,0,6,0,0,0,1,0,0,2,6,0,3,0,2,0,9,0,0,0,4,0,0,0,1,0,0
8,0,19,3,0,2,3,0,3,0,14,13,9,0,6,8,6,0,0,0,0,0,0,0,0,4,0,0,0,1,0,0
0,0,0,0,0,0,3,0,4,3,0,0,1,2,0,0,0,8,0,0,0,6,2,0,0,0,3,0,0,0,0,8
0,1,8,0,0,0,0,5,5,0,9,0,0,0,4,16,0,0,0,6,0,0,0,10,0,0,0,1,6,0,0,0
0,7,2,0,9,2,10,0,1,3,0,0,0,3,0,3,4,0,2,0,3,0,10,0,0,0,0,0,0,8,0,0
0,0,13,0,0,5,0,1,0,0,0,7,3,0,0,0,5,1,5,0,2,0,0,0,2,0,0,12,0,0,2,4
0,1,0,4,3,4,0,0,0,0,0,1,0,1,0,2,1,0,1,1,6,0,0,3,0,2,0,0,7,8,0,0
0,5,3,2,0,0,6,4,1,1,0,3,5,0,0,5,11,1,0,0,4,0,0,2,0,0,14,0,0,1,0,12
0,12,7,6,5,6,0,6,0,4,0,2,0,0,5,0,0,0,0,3,1,3,1,3,3,1,0,0,0,11,0,0
5,1,12,10,0,0,0,7,0,0,0,0,0,10,0,0,0,0,0,2,0,0,0,0,3,0,0,2,0,11,0,0
2,4,7,1,0,0,0,0,0,0,1,0,2,0,0,0,4,0,8,0,0,0,6,3,1,0,2,0,0,0,0,16
0,0,0,0,2,7,5,5,7,0,0,0,0,0,8,1,0,2,0,0,1,0,7,0,2,0,0,0,7,0,0,0
3,5,0,7,4,0,2,9,0,0,0,0,0,0,0,0,0,0,2,1,4,0,1,0,3,6,0,7,2,0,0,4
0,0,5,7,0,0,0,0,5,1,1,0,3,3,7,0,4,0,0,0,0,0,3,0,0,0,0,2,0,3,3,2
4,2,0,2,0,0,3,0,0,0,3,0,0,0,7,2,12,0,0,0,4,2,5,0,0,0,6,0,4,0,0,12
0,0,0,7,0,0,0,4,0,0,0,1,0,0,0,5,0,1,0,0,0,9,5,4,0,0,1,1,0,0,0,0
0,7,0,0,0,0,6,2,1,1,0,0,0,2,0,4,1,0,0,8,0,6,4,3,0,1,0,0,0,2,3,0
0,0,1,0,0,0,0,2,7,7,4,6,0,1,0,0,2,0,0,4,0,0,0,11,0,0,0,0,6,0,5,7
0,5,5,0,6,0,13,6,0,6,5,0,0,4,0,0,0,2,0,0,0,0,0,2,0,0,0,0,0,0,2,14
0,0,0,2,0,0,2,6,3,0,0,0,0,3,0,0,0,0,0,3,4,0,0,1,0,1,0,2,0,12,0,0
3,6,0,0,1,0,1,0,1,3,0,0,0,0,0,0,1,0,0,0,5,10,0,0,0,0,0,0,6,0,3,0
3,9,0,0,0,3,0,0,2,8,5,9,3,7,0,8,8,0,0,0,0,0,0,0,6,0,0,0,0,1,0,3
0,0,7,7,0,0,7,9,6,0,0,11,0,0,0,0,4,3,2,5,0,5,4,0,0,1,14,0,6,0,0,0
17,0,0,0,7,6,0,0,0,7,0,0,0,4,0,0,3,0,4,0,0,3,0,2,0,1,0,0,0,0,3,0
3,0,0,0,0,0,0,0,2,5,0,0,0,0,0,0,0,2,0,3,5,7,4,5,0,4,0,0,2,0,0,0
0,0,2,8,0,0,0,0,5,1,0,0,2,0,2,0,1,0,4,0,0,0,0,0,0,0,2,0,1,2,0,1
2,9,9,19,7,19,0,2,5,1,0,0,0,0,0,0,2,9,4,0,2,0,0,0,0,0,0,0,0,0,0,0
0,0,2,3,0,0,0,0,0,4,0,1,0,0,0,5,0,0,25,6,4,6,0,0,14,0,15,0,0,0,5,2
0,4,0,5,0,2,0,0,3,0,0,2,0,16,0,5,0,2,2,0,0,2,0,3,0,0,0,0,0,0,16,0
13,0,0,4,2,0,4,3,0,0,1,8,1,0,0,0,3,0,5,1,0,0,0,0,0,0,5,4,0,0,13,8
0,5,2,0,0,5,0,0,5,1,7,15,4,0,0,1,0,0,0,0,3,6,1,0,0,4,0,6,5,0,4,0
0,0,0,1,0,0,0,5,0,0,0,0,0,0,0,0,0,0,5,0,0,2,2,0,5,3,2,0,0,0,6,0
14,4,6,4,3,0,5,0,1,0,0,0,0,7,2,0,4,0,0,0,0,0,1,3,0,3,0,12,0,0,0,0
2,5,10,0,0,3,0,0,6,0,7,3,0,0,0,0,2,1,2,0,0,1,1,0,2,3,3,9,0,0,0,0
0,0,0,2,1,0,10,1,0,3,8,0,1,0,0,0,0,0,0,8,0,0,12,0,13,12,0,0,0,0,0,12
0,4,0,0,8,0,0,0,9,0,13,0,0,2,9,2,5,2,0,9,1,0,5,9,3,0,1,3,0,10,7,6
0,1,0,2,23,0,5,6,0,0,0,0,0,0,0,0,4,0,0,2,0,1,0,2,0,3,1,0,0,3,0,0
0,0,0,0,7,0,1,0,1,8,11,1,7,0,6,0,0,0,0,0,0,0,0,9,0,4,0,0,0,3,3,10
0,3,0,0,9,0,4,4,0,5,0,0,2,5,3,0,0,0,0,3,0,4,0,0,0,1,0,0,0,8,0,0
0,1,0,0,0,0,5,0,0,2,5,0,4,16,2,0,0,0,6,9,6,1,14,1,0,0,0,0,0,4,11,5
1,0,0,0,0,3,0,1,0,0,0,0,2,0,5,0,4,0,3,0,0,0,0,4,0,0,0,5,0,0,0,0
10,0,4,0,2,0,6,0,3,0,1,2,0,0,0,0,4,0,5,1,0,0,0,3,1,3,9,0,0,2,10,0
4,3,0,3,3,8,2,1,4,1,0,13,0,0,6,0,1,2,0,0,4,0,0,0,1,0,8,10,8,0,3,0
0,1,0,17,0,4,0,0,0,1,4,2,0,4,2,16,0,0,0,1,1,0,0,0,0,0,0,1,3,0,0,0
10,3,0,0,0,0,2,0,0,3,0,0,0,0,14,0,1,0,5,0,6,0,0,0,0,0,0,0,0,4,2,0
0,1,0,0,0,6,12,0,0,0,6,0,0,0,0,1,0,0,0,2,0,0,0,0,0,0,0,0,0,7,0,0
2,0,0,0,1,0,0,0,9,0,0,2,0,0,0,0,0,2,1,0,3,0,1,0,0,0,0,1,0,0,8,8
2,0,0,0,5,0,0,6,0,2,0,0,0,0,0,5,0,0,0,0,8,0,0,0,4,0,0,0,0,0,4,13
0,6,0,5,9,0,0,0,3,9,7,0,0,8,3,0,1,5,12,0,0,0,3,4,0,0,0,5,6,12,0,29
4,0,0,0,0,1,8,0,0,4,0,0,0,0,5,0,1,0,0,0,0,0,0,0,0,0,0,0,4,0,1,0
5,2,0,1,0,0,0,6,0,6,8,0,0,0,3,0,0,0,0,0,1,0,4,0,0,2,0,0,4,7,5,0
0,0,0,0,10,0,0,0,6,9,2,0,0,0,0,0,0,0,1,0,2,0,0,0,2,0,0,0,0,5,4,8
3,14,8,0,0,2,1,0,0,0,0,0,10,0,0,7,0,0,0,0,5,0,0,0,0,0,0,2,0,0,0,0
9,4,0,6,6,0,0,0,0,0,0,0,0,3,0,6,7,0,0,0,0,4,1,4,0,0,13,0,5,0,7,3
0,0,7,0,0,6,0,0,1,6,0,0,0,4,1,0,0,0,4,2,1,0,10,4,0,16,4,0,0,0,0,0
0,1,5,0,0,0,0,0,0,2,0,3,2,0,0,0,0,4,10,5,6,0,7,0,2,0,0,14,0,12,0,0
0,5,2,1,1,0,0,0,0,6,4,0,1,7,0,1,0,9,0,0,0,3,0,0,0,0,0,8,0,0,0,4
1,0,0,4,5,0,0,6,0,0,0,4,5,0,0,0,0,0,0,0,0,0,0,0,1,0,9,5,6,0,0,1
0,2,0,0,8,0,1,0,2,2,3,10,0,0,8,0,0,0,2,13,0,0,0,0,0,0,3,1,0,0,10,26
12,3,14,6,0,5,0,12,0,0,0,0,3,2,2,0,0,0,19,0,0,0,1,0,5,0,11,1,0,0,3,0
13,0,0,6,0,0,0,8,0,0,5,0,0,5,0,2,6,0,6,0,0,6,13,3,0,0,0,15,0,0,5,0
0,0,6,1,6,0,0,0,0,12,0,0,0,4,8,4,0,2,0,1,0,0,0,0,0,0,8,0,6,3,2,0
7,0,4,2,0,0,0,2,0,3,1,0,0,0,4,13,5,0,1,2,3,0,0,0,0,3,0,2,0,0,0,0
0,0,0,0,0,0,1,0,0,0,0,2,5,6,0,11,10,0,6,0,0,0,2,1,0,0,0,0,0,5,1,0
1,0,13,0,0,17,2,0,0,0,0,1,1,0,0,0,0,0,0,0,0,0,0,0,0,6,0,3,4,8,0,0
10,7,0,0,0,0,11,16,0,0,0,1,3,2,1,12,0,6,0,0,0,9,0,2,0,4,10,0,14,0,0,0
0,0,10,0,0,0,2,10,0,0,13,0,7,3,1,7,1,11,0,0,0,1,0,0,0,0,0,0,0,0,0,7
5,6,1,0,0,2,0,0,5,4,9,0,0,2,0,0,7,2,5,0,2,0,14,0,0,3,0,0,3,4,4,0
0,4,0,11,0,3,4,1,0,0,2,2,1,0,0,0,0,0,0,0,5,1,1,5,0,0,11,3,4,0,3,0
0,0,1,1,6,0,0,10,3,0,0,0,12,0,0,8,0,0,0,5,0,10,0,0,3,0,12,0,0,1,0,0
4,0,0,1,0,0,0,1,0,0,0,13,0,0,0,0,1,2,0,0,1,4,4,1,0,0,0,0,0,0,0,10
0,2,1,0,0,7,0,7,0,6,0,0,0,0,1,0,1,5,0,0,4,0,0,0,0,8,0,11,0,7,0,0
2,3,0,0,0,4,8,3,0,5,0,0,1,0,3,0,0,0,1,3,1,4,0,0,0,0,0,6,4,5,0,4
0,0,14,12,0,0,1,1,0,0,2,6,0,10,0,0,10,0,0,0,3,5,1,0,0,0,0,0,0,1,13,0
8,5,0,0,4,0,0,1,0,0,12,0,0,1,0,2,3,0,0,0,0,2,0,4,0,1,1,0,0,0,0,0
5,0,0,0,0,0,15,0,12,0,2,6,6,2,0,0,0,0,0,4,3,3,3,0,6,6,0,2,0,6,6,0
2,1,1,8,7,5,0,1,1,3,0,0,0,0,2,1,6,0,0,0,3,0,0,0,0,0,0,0,0,0,2,13
1,2,5,0,2,3,2,1,0,6,0,2,0,0,0,0,0,3,0,3,5,0,6,0,2,0,0,0,7,0,0,18
0,0,0,1,7,7,0,0,0,0,8,1,1,0,0,7,2,0,0,0,0,0,2,1,2,0,0,0,0,2,0,0
0,5,0,0,4,0,0,11,0,3,6,0,1,6,5,0,5,0,0,6,2,0,0,0,2,0,13,13,0,3,4,0
0,1,0,1,0,3,0,0,4,3,6,0,4,3,0,2,6,8,0,4,0,0,0,0,0,0,16,0,3,4,4,0
1,0,2,4,0,0,0,1,0,0,4,1,2,0,4,0,2,0,4,0,0,0,1,0,0,0,0,0,0,0,0,0
3,0,0,7,0,0,4,4,8,6,4,0,0,0,0,0,3,0,1,0,6,0,0,0,0,0,0,1,1,0,0,7
0,6,0,0,14,2,0,5,1,0,0,3,0,0,8,3,0,2,8,0,2,0,13,3,1,2,7,7,3,0,6,0
2,0,10,7,5,0,0,1,5,0,0,0,0,4,0,0,2,0,0,0,2,0,3,7,5,2,0,0,0,9,0,0
2,1,8,0,0,0,3,0,4,7,0,0,4,4,0,0,4,7,0,0,0,2,0,0,0,0,1,0,0,5,7,2
0,0,8,0,0,4,11,0,7,4,0,12,1,0,0,3,0,0,0,0,0,0,0,5,2,0,12,0,0,0,12,0
0,0,0,0,0,0,3,0,2,0,0,0,2,0,1,1,3,0,5,0,0,1,0,3,0,0,17,0,0,0,0,13
0,0,0,5,0,0,0,0,5,0,0,2,0,0,0,0,0,1,1,0,13,2,0,5,1,0,0,0,0,4,6,0
0,0,0,0,8,7,0,0,0,2,0,0,4,4,0,4,0,0,0,7,0,0,5,0,0,6,0,4,0,0,0,0
4,0,1,2,0,0,0,0,2,2,6,0,2,0,0,0,9,1,0,4,0,0,0,2,0,0,4,4,0,6,3,0
0,7,2,0,0,0,0,10,0,4,3,13,5,0,3,19,8,0,9,0,1,0,1,3,0,2,6,0,1,0,16,0
9,0,0,5,0,0,0,0,0,0,3,0,0,0,0,0,1,1,5,0,0,0,0,3,0,9,5,1,0,0,0,0
3,0,0,0,0,0,3,0,0,0,0,3,0,1,0,0,0,0,3,0,0,0,0,0,0,2,0,0,0,0,0,2
0,0,3,5,0,4,4,0,5,0,0,0,0,0,2,0,0,0,0,0,1,0,0,7,1,0,0,0,0,1,0,3
0,0,15,1,0,6,7,1,0,8,0,0,0,0,0,0,0,0,3,0,0,0,0,2,1,1,0,6,0,0,8,0
1,0,11,0,2,5,3,0,0,0,2,0,3,1,5,0,3,7,4,0,0,0,2,5,0,0,6,0,3,7,0,0
4,0,0,0,6,6,7,7,1,1,0,4,1,0,6,0,0,2,0,3,0,0,4,0,0,0,0,0,0,3,0,0
0,0,2,3,9,0,9,8,0,1,0,0,0,14,0,0,0,2,0,4,0,9,0,0,0,0,5,0,2,0,0,13
8,0,4,2,5,2,0,7,1,0,9,14,0,0,0,3,7,4,0,0,0,0,7,0,0,9,0,9,0,0,0,5
0,0,4,0,6,0,0,10,0,7,0,0,5,0,0,8,0,0,0,0,0,0,0,0,4,0,1,0,0,0,0,0
12,4,3,3,0,0,2,0,4,0,0,2,2,1,0,1,12,3,0,3,0,0,0,1,0,4,2,1,0,0,7,8
0,2,0,9,0,4,7,0,0,0,2,0,0,0,0,4,0,2,2,2,0,0,0,4,2,0,0,5,3,0,4,0
0,0,0,0,0,0,0,0,0,0,0,0,0,8,0,1,0,4,0,0,0,5,0,4,0,4,6,6,3,0,17,0
0,0,7,0,0,1,3,0,0,0,1,5,0,0,1,0,12,1,11,0,0,7,0,0,0,0,8,4,0,0,0,0
1,0,8,3,7,0,0,0,0,0,1,0,9,4,0,0,5,7,0,7,1,0,4,2,0,0,0,0,1,0,12,0
7,0,0,0,0,0,0,0,0,1,9,3,3,10,0,0,5,0,7,0,0,0,0,5,3,2,0,0,4,0,0,0
1,3,0,2,0,2,0,7,6,0,5,3,0,0,0,4,1,4,0,1,3,0,0,6,1,2,5,0,0,0,0,4
0,0,0,1,0,5,3,0,1,3,2,0,0,7,0,0,4,2,0,0,0,1,6,4,1,0,3,6,0,6,0,1
4,0,1,4,4,0,6,0,2,0,0,0,0,1,0,5,0,0,0,0,0,6,0,0,1,0,0,0,3,0,0,0
1,0,3,0,9,0,0,0,1,1,4,0,0,8,0,12,3,0,0,3,0,0,0,0,0,4,0,0,0,12,0,0
0,0,0,17,0,2,0,0,0,0,4,8,8,0,0,0,1,1,0,0,9,0,13,0,10,0,7,0,3,0,3,0
0,0,0,0,1,2,16,0,0,3,4,0,4,0,4,2,3,0,0,0,1,0,0,0,0,0,0,0,7,0,4,0
0,0,0,0,0,8,2,3,0,0,6,0,2,0,7,15,3,0,0,0,0,0,7,3,0,2,0,0,0,7,0,12
0,9,0,0,0,0,6,5,0,4,12,0,0,0,3,5,2,1,0,5,5,0,13,5,0,2,2,0,0,8,14,0
1,9,8,13,0,0,0,7,0,12,0,0,0,0,4,0,2,2,2,0,0,5,0,0,2,0,0,1,10,5,10,0
0,0,0,3,0,0,4,2,4,0,2,1,0,0,0,5,0,0,3,1,0,1,3,0,0,0,0,0,0,0,5,0
5,3,0,3,0,0,0,0,0,8,1,0,0,2,0,0,0,0,8,0,0,3,0,4,3,0,0,0,9,0,0,0
1,0,5,1,0,10,1,0,1,0,0,1,0,0,0,16,0,0,10,0,0,1,0,0,0,1,0,0,0,14,3,0
0,0,0,11,13,0,0,7,0,0,0,6,0,0,0,2,2,0,9,0,0,1,0,3,0,0,0,0,0,0,0,0
0,0,6,0,0,0,0,0,0,3,6,1,3,0,1,0,0,0,0,0,0,1,7,1,1,5,1,0,0,4,0,8
0,0,4,0,8,0,4,0,0,1,3,2,0,4,0,2,0,1,0,6,0,0,7,4,0,0,0,0,0,0,0,0
0,3,0,0,8,3,0,0,0,4,9,0,0,0,0,0,2,2,0,0,2,0,0,0,10,0,0,8,6,2,0,12
0,6,7,0,11,0,0,0,10,3,0,0,0,1,0,0,0,7,24,2,0,0,0,0,0,0,0,1,0,9,0,0
2,0,0,0,0,0,4,1,5,0,1,1,6,0,7,0,1,0,1,0,1,0,5,7,4,0,8,4,10,0,0,2
0,1,0,0,0,0,5,8,0,1,0,0,0,0,0,0,0,1,12,2,0,0,0,0,7,0,0,0,0,0,0,0
4,0,0,0,0,4,4,0,0,3,0,2,0,2,0,0,2,1,2,8,10,0,0,0,1,0,7,0,0,0,0,10
5,6,2,7,0,1,0,2,7,8,7,1,0,0,0,5,0,0,2,0,5,0,5,4,0,3,1,0,0,7,4,1
0,0,0,9,2,0,0,0,1,2,0,0,0,1,0,7,0,0,2,0,0,0,0,0,2,2,0,0,0,0,0,0
0,3,4,2,1,4,0,0,0,0,1,6,0,0,0,0,0,4,0,1,2,0,0,2,0,0,0,5,9,0,2,7
5,4,3,0,0,4,0,0,2,5,0,2,0,3,5,6,2,0,0,0,0,7,0,0,0,0,1,6,2,10,0,20
5,0,0,0,6,0,8,0,3,3,0,0,6,4,0,0,3,4,13,2,0,0,0,5,1,0,0,0,0,5,0,0
0,2,0,0,0,0,0,2,0,4,0,0,0,6,0,0,0,0,0,0,0,0,1,2,0,1,0,4,9,10,13,3
0,6,0,0,7,3,0,6,6,0,0,0,13,0,5,0,5,2,0,7,0,0,0,0,0,2,0,0,0,1,0,18
0,0,0,0,0,3,1,2,0,0,0,3,0,0,0,0,0,0,3,3,4,0,0,6,0,0,0,0,3,14,0,0
7,5,0,0,0,5,0,0,0,0,5,0,0,0,0,5,0,6,0,0,0,6,4,0,0,0,0,4,0,4,0,0
0,0,0,0,2,0,0,3,6,0,0,3,0,0,5,0,6,0,3,1,2,2,0,0,3,0,5,0,10,0,1,0
4,0,5,0,0,0,1,0,1,0,0,10,0,0,0,0,0,2,0,0,0,0,11,3,0,2,1,0,0,0,10,0
0,5,0,0,0,0,13,0,0,8,3,0,2,3,0,0,3,0,6,0,0,0,1,0,0,3,0,3,6,0,0,0
0,10,0,2,2,4,4,0,0,0,0,1,0,0,0,0,7,0,2,4,6,0,0,0,2,0,3,9,6,3,0,0
1,0,18,4,0,1,0,0,3,5,0,0,0,0,0,4,0,0,0,0,0,0,0,3,0,5,3,0,0,0,0,1
5,9,0,0,1,0,0,0,0,0,0,0,0,0,0,5,5,0,0,0,0,0,5,0,1,2,0,0,11,1,5,0
0,0,0,7,3,2,9,11,0,0,0,1,0,6,1,0,0,0,4,0,0,6,4,1,3,0,3,0,0,8,0,0
7,6,11,5,14,0,0,16,8,7,3,5,0,0,17,6,0,7,10,0,0,0,6,13,0,7,0,0,0,5,12,0
1,0,0,0,24,0,0,0,0,10,6,0,0,0,21,14,0,0,0,0,10,0,0,0,0,2,0,0,0,1,0,0
0,0,0,0,0,6,0,0,0,10,0,17,0,31,0,3,7,11,8,7,0,0,0,7,0,0,0,0,0,2,10,2
0,0,0,9,7,0,0,0,0,2,6,16,5,2,11,0,4,0,0,4,0,0,0,0,8,7,1,0,6,0,0,0
0,12,9,5,0,12,0,0,0,0,9,0,24,21,0,0,0,0,1,0,3,11,0,2,0,0,4,0,7,1,0,0
11,0,0,8,5,0,0,3,10,11,5,14,12,0,0,0,1,0,5,6,12,1,0,0,7,0,4,7,9,7,4,1
13,0,0,15,23,0,0,0,0,8,0,29,12,0,4,12,0,8,0,6,0,0,0,6,2,0,4,5,1,0,19,40
0,11,0,4,0,0,0,15,0,0,17,0,0,10,0,2,6,4,0,0,4,6,10,0,15,0,17,5,5,0,11,0
0,1,1,7,0,16,0,0,0,0,5,0,4,0,0,2,0,4,4,0,4,11,13,1,0,0,2,5,0,0,0,7
1,2,0,3,0,0,1,19,0,0,6,0,2,8,4,18,0,13,0,10,1,0,18,0,0,10,0,1,19,0,0,0
0,3,0,0,0,2,4,13,11,0,17,4,34,0,0,3,4,7,0,7,11,0,0,0,8,6,0,0,4,0,0,0
0,0,2,6,0,0,0,34,6,0,0,8,2,0,22,2,0,4,2,13,0,4,0,0,23,12,0,0,1,0,0,11
5,0,0,0,7,10,2,10,14,0,6,0,28,17,1,17,0,0,12,0,0,0,3,0,2,0,0,0,0,0,16,18
4,0,1,7,18,0,9,0,0,11,1,11,5,0,0,0,11,0,0,0,1,0,0,6,0,2,0,1,0,6,0,11
0,14,1,0,12,0,0,33,20,1,6,0,16,0,20,7,5,0,0,0,1,12,0,0,0,6,0,5,0,0,0,1
0,25,0,0,0,2,14,0,8,8,6,0,0,2,0,0,0,0,0,5,6,0,6,8,0,0,8,3,14,2,8,0
0,5,0,0,0,8,0,9,3,0,1,0,3,14,3,0,0,0,3,0,0,0,7,0,0,0,3,0,0,0,0,3
4,18,0,0,0,12,1,0,0,0,7,0,30,0,18,3,16,0,0,0,0,0,4,10,7,10,17,6,0,0,0,5
0,0,10,5,20,0,1,27,12,3,11,11,0,0,0,4,0,6,0,24,0,0,0,3,2,5,12,0,1,7,0,9
0,0,17,0,21,4,10,2,0,0,0,0,0,88,0,0,14,0,0,0,0,7,0,0,6,0,18,0,21,0,3,3
9,12,0,0,0,6,0,0,0,7,6,0,0,197,197,0,13,3,3,0,0,18,0,2,0,18,17,0,0,0,6,6
0,0,0,0,0,1,1,12,14,10,16,5,0,196,197,0,0,0,3,4,3,0,0,4,0,0,0,0,0,0,0,0
22,0,0,0,4,1,1,0,0,4,0,4,0,0,19,10,3,5,0,3,0,18,13,0,0,4,0,12,11,5,0,5
10,2,2,0,26,10,12,0,22,0,0,10,5,10,9,0,6,8,3,3,0,0,29,0,9,6,20,0,1,0,0,0
0,22,0,0,0,3,0,12,0,0,0,3,7,19,0,28,0,2,0,0,0,6,3,0,3,14,19,0,0,9,4,0
8,21,22,4,14,0,0,0,0,0,0,0,0,52,112,6,3,0,0,0,0,11,0,0,0,8,21,12,8,0,4,0
1,6,6,0,0,39,0,0,7,4,0,2,0,4,23,8,0,5,14,0,0,0,0,0,0,0,0,16,25,4,0,22
0,0,0,0,5,4,1,1,0,12,0,0,21,3,26,0,13,3,0,4,0,3,0,0,5,0,12,23,6,0,9,0
0,0,0,11,13,24,5,3,0,0,0,0,0,10,4,2,8,0,0,0,18,9,7,16,2,0,0,8,0,9,0,0
0,1,7,20,13,0,0,1,0,0,8,0,0,0,0,6,12,13,0,0,0,3,0,2,0,0,1,4,0,2,0,7
0,0,20,0,8,5,3,7,0,0,19,0,6,0,0,0,0,0,0,0,0,2,0,2,0,0,6,8,9,0,0,8
6,8,10,25,13,15,24,6,2,0,3,0,14,91,0,0,0,8,2,0,2,5,28,8,0,18,0,0,0,0,0,31
0,0,0,0,0,0,11,13,1,0,0,8,5,0,0,3,0,0,0,0,0,4,0,0,0,0,0,0,19,4,0,19
0,9,0,0,13,26,0,0,1,6,0,0,0,0,10,8,3,0,0,0,0,0,0,3,0,10,1,3,0,9,7,0
0,3,0,0,0,8,0,0,0,0,0,12,9,0,0,13,12,0,5,0,3,0,0,0,3,0,0,3,0,9,2,16
10,0,20,14,0,12,4,0,3,4,4,0,0,32,0,8,1,6,0,10,8,2,0,0,5,2,9,0,3,0,11,11
9,4,1,8,0,0,12,6,0,3,0,2,0,2,26,8,19,9,13,0,7,6,7,3,0,0,8,0,0,0,5,0
0,2,12,0,33,3,0,0,3,13,0,3,2,0,5,4,5,6,13,0,0,0,0,5,8,0,6,0,7,0,3,6
0,0,2,0,0,8,0,5,0,3,3,6,5,10,0,4,0,3,0,0,0,9,0,2,0,0,1,10,4,0,0,0
0,4,0,0,15,2,18,0,8,0,14,1,4,0,0,24,11,0,0,0,1,0,0,7,0,0,0,0,0,6,7,1
11,6,0,7,0,0,29,0,0,0,1,1,20,13,21,0,0,4,31,6,0,0,0,0,7,3,0,0,2,0,22,11
26,3,0,0,0,6,11,7,13,0,6,7,0,0,0,14,5,2,0,0,0,14,7,0,11,2,0,0,0,0,0,0
0,0,0,1,0,5,0,15,0,6,6,0,0,5,0,0,0,0,0,11,0,2,0,0,5,1,2,0,6,0,0,6
0,0,0,0,0,0,0,10,16,0,0,2,28,3,5,0,3,0,0,3,0,0,18,0,0,9,27,3,0,5,0,17
0,0,0,0,25,0,17,6,0,0,0,7,0,0,2,3,0,6,26,5,4,0,0,0,0,3,0,1,0,11,0,0
0,0,10,18,6,0,0,0,0,0,13,10,5,0,20,12,4,0,0,0,0,0,0,0,0,6,8,0,6,0,0,1
0,13,5,1,12,3,0,0,9,3,1,13,0,0,0,0,2,0,3,0,4,0,4,2,0,0,6,4,17,6,7,0
1,0,8,0,0,5,13,4,15,1,0,0,0,0,0,0,0,0,5,5,1,1,7,2,6,0,10,7,0,6,2,0
23,0,0,6,6,5,0,11,0,3,0,3,0,0,5,2,0,0,0,0,4,1,2,0,5,5,0,2,0,2,7,0
4,0,0,5,0,0,1,0,0,0,0,0,9,0,12,0,0,2,0,0,0,0,0,0,4,10,10,0,0,8,0,0
10,0,11,0,8,4,0,0,8,7,9,2,2,3,0,1,3,1,0,0,0,1,0,0,2,0,7,0,0,0,1,3
0,0,0,2,27,0,1,8,0,1,0,0,0,0,3,13,1,6,3,0,0,8,4,11,0,0,6,2,0,5,0,8
4,5,0,0,1,0,8,1,0,0,0,0,0,35,2,0,5,0,5,0,1,0,1,0,0,0,0,11,4,0,0,2
13,0,10,4,6,0,0,10,0,0,0,1,0,27,6,7,0,1,0,0,0,0,2,0,6,0,1,0,0,5,0,9
20,0,24,8,15,0,3,0,1,0,4,2,0,33,1,0,0,0,0,0,0,7,0,0,0,0,0,0,2,0,0,6
12,3,9,6,2,0,0,0,0,7,3,1,3,0,10,0,0,2,0,1,2,5,0,0,0,0,3,0,0,1,1,0
3,0,0,0,0,0,8,0,0,0,2,0,5,4,5,9,0,0,0,0,3,2,0,0,0,0,0,0,3,0,0,4
0,0,6,0,0,0,9,0,0,0,0,0,0,0,0,4,0,5,4,2,3,0,0,6,3,0,1,0,0,9,3,0
7,3,13,0,0,3,17,0,0,3,5,13,3,0,5,0,6,0,9,0,0,2,5,5,0,0,9,1,3,1,0,15
0,0,0,1,4,5,4,0,0,0,0,0,0,0,0,0,0,0,0,0,7,0,0,0,1,0,0,0,0,0,0,0
2,5,0,1,0,2,0,0,0,4,0,0,0,6,4,8,0,0,0,0,0,6,4,6,0,1,0,3,0,5,4,0
0,0,0,2,0,0,4,11,1,5,1,0,0,3,0,0,0,1,0,4,9,0,0,3,0,4,0,0,0,1,17,13
2,0,10,1,0,2,9,20,0,0,0,8,0,0,0,5,0,0,3,1,6,0,0,0,0,4,0,2,0,0,0,0
0,0,0,0,0,0,0,0,0,0,0,5,0,11,0,0,0,8,1,0,4,0,8,0,0,5,0,2,3,0,0,11
10,2,8,5,0,0,0,0,5,6,0,0,4,6,5,0,1,5,0,7,0,1,0,0,1,1,4,0,8,0,0,0
0,1,0,0,0,0,0,0,0,1,0,0,1,0,3,8,0,0,0,7,9,5,0,4,0,0,5,1,4,0,0,0
0,2,0,0,0,4,0,10,0,5,0,0,0,3,3,0,4,0,0,0,1,1,0,0,0,0,0,8,0,9,0,4
0,4,1,0,2,13,3,0,11,4,10,0,6,0,0,0,0,6,0,0,3,0,4,5,7,0,9,0,5,2,10,0
0,0,0,3,0,2,4,0,1,3,3,0,0,0,2,4,0,0,1,2,0,0,5,0,0,0,5,0,0,0,0,0
0,1,6,0,0,0,0,2,6,7,0,0,2,9,6,0,7,2,0,0,4,0,0,0,0,9,0,2,0,3,0,0
0,0,1,11,0,0,0,6,0,0,0,0,7,0,0,0,0,0,0,8,7,0,0,0,0,5,0,4,0,0,11,8
0,0,0,6,0,3,0,1,0,0,0,0,0,0,0,0,0,0,0,6,0,1,6,0,0,0,0,0,0,8,0,2
20,4,9,1,3,2,3,0,0,0,0,2,0,4,0,0,0,0,4,2,2,5,1,0,0,4,0,5,3,0,1,11
8,0,0,0,0,0,1,7,0,1,0,1,0,4,5,0,2,6,0,0,9,0,1,0,6,1,6,0,0,0,0,0
5,0,4,2,0,0,0,0,4,7,0,0,0,4,0,8,0,0,2,0,1,0,7,0,0,0,0,0,13,7,0,0
0,0,9,0,0,0,0,2,3,3,0,0,0,5,0,0,0,0,1,0,0,0,7,0,0,5,19,4,1,0,3,3
13,0,0,9,0,0,0,0,2,0,0,3,0,0,0,2,3,6,22,0,0,0,3,4,0,0,0,0,0,0,0,2
2,0,0,1,1,4,9,7,0,0,0,0,0,0,3,10,5,0,10,0,5,0,0,0,0,1,0,0,0,0,0,7
7,7,0,5,0,0,2,0,3,0,0,0,0,0,0,0,0,0,1,0,3,0,0,0,0,3,1,5,0,3,8,0
5,4,0,5,8,9,6,0,2,0,5,6,8,0,0,0,5,0,0,0,0,0,8,8,1,9,0,0,0,8,0,3
0,0,0,0,0,0,0,0,6,0,0,6,0,3,0,11,0,2,0,2,0,4,0,0,0,0,0,0,0,7,3,0
0,2,0,0,0,7,0,0,0,5,0,0,0,0,0,0,1,0,4,1,0,0,3,0,0,0,0,1,7,0,5,0
2,7,2,0,0,0,0,8,0,0,6,0,0,0,0,0,0,0,0,0,2,0,2,0,0,0,8,0,5,0,10,10
0,4,16,0,5,6,7,0,0,0,0,3,4,6,1,0,0,0,0,0,9,6,0,0,5,0,0,0,2,0,0,0
0,0,4,2,0,0,0,0,0,2,0,6,0,1,0,8,1,0,0,0,0,0,6,0,0,0,0,0,0,0,2,2
19,0,5,0,0,0,0,2,0,0,0,0,2,4,9,0,0,9,1,0,0,0,0,6,0,0,2,0,0,5,7,2
26,0,18,9,16,0,6,4,9,3,9,2,3,32,0,0,1,0,5,0,0,0,0,4,12,1,10,0,6,2,7,7
3,0,13,0,12,5,0,0,0,6,0,11,7,1,0,0,0,0,0,0,0,6,1,0,0,2,0,0,0,0,0,22
0,0,0,4,0,0,2,0,0,2,0,1,1,5,0,6,0,1,0,2,2,0,0,0,0,0,0,0,0,2,0,0
0,0,6,0,15,0,0,4,1,0,0,0,0,0,0,3,0,6,0,5,0,0,0,12,2,3,0,2,4,4,13,12
0,0,0,0,0,0,0,0,0,0,3,7,0,0,0,0,1,0,0,0,0,0,0,7,0,0,0,0,3,5,0,21
5,5,2,0,1,0,0,0,0,1,2,0,0,4,0,0,0,1,3,0,0,0,0,0,0,2,0,0,0,3,2,0
5,0,0,3,2,0,2,0,0,0,4,11,0,0,0,11,0,4,0,0,0,0,0,1,0,4,0,1,2,0,0,0
0,0,0,1,0,3,0,5,0,5,0,0,0,0,0,0,5,0,4,1,0,0,0,0,0,0,2,0,0,0,7,15
6,0,2,2,0,6,0,6,4,7,0,0,0,1,0,0,2,0,0,8,4,0,7,3,0,1,0,0,9,0,3,0
6,0,0,0,8,0,7,7,0,2,0,0,0,0,0,0,0,0,0,0,0,5,0,0,0,0,0,1,0,0,5,0
0,0,0,0,0,1,0,2,0,0,0,4,0,0,0,0,3,2,1,0,0,8,2,1,0,4,5,3,0,11,2,17
0,2,3,0,1,0,3,1,5,5,0,0,0,5,0,0,0,0,0,0,0,4,4,0,5,2,5,6,0,0,0,0
10,0,7,0,0,0,0,0,8,0,0,0,1,0,0,4,0,0,0,0,0,0,0,0,1,0,4,0,0,1,2,0
5,0,1,0,11,0,2,0,0,4,0,1,5,0,0,1,0,3,0,2,0,1,6,0,1,0,1,2,0,0,4,0
0,9,0,2,0,0,5,0,6,10,0,33,6,0,12,31,7,0,0,1,0,0,3,0,0,0,0,9,0,0,2,6
0,23,2,8,0,11,0,3,1,0,0,41,0,0,7,0,11,7,5,2,13,0,0,0,0,1,3,0,1,0,13,0
0,9,0,4,0,0,0,0,0,0,0,96,0,0,0,11,5,7,0,0,3,0,0,0,0,9,0,2,1,0,0,1
12,1,0,3,0,0,0,5,0,0,36,10,0,16,0,2,0,7,8,0,1,0,0,0,0,4,0,7,0,2,4,0
0,7,7,0,8,0,3,0,17,3,0,0,6,14,11,12,17,0,0,0,0,0,0,24,0,12,0,1,2,0,22,0
8,16,23,0,8,15,0,0,0,0,28,0,10,0,7,11,16,0,0,0,0,0,5,10,11,0,18,9,0,4,0,0
7,16,0,0,31,17,10,0,4,7,0,6,0,0,0,0,0,0,8,12,7,8,5,0,0,0,0,0,17,0,5,0
9,0,2,0,8,1,0,5,0,0,30,0,0,21,0,0,12,0,0,4,0,0,19,0,4,0,0,5,6,3,12,17
0,0,0,5,0,0,5,10,1,14,0,0,23,19,10,0,0,15,38,3,4,8,0,0,0,10,0,6,0,0,3,0
0,0,0,0,0,0,16,4,0,7,0,0,63,22,37,2,2,0,9,11,0,0,34,13,0,0,4,8,0,1,13,0
0,14,12,0,0,2,0,7,0,0,0,0,0,6,0,0,2,0,2,0,16,0,12,1,0,0,0,16,7,1,1,0
3,0,0,0,14,0,0,21,9,0,4,29,0,8,8,0,3,15,0,0,0,14,13,0,4,0,16,0,0,0,4,0
26,0,0,0,2,0,25,0,0,0,0,8,0,21,0,0,0,5,2,0,0,1,23,0,0,0,6,10,0,0,0,0
0,0,0,1,0,16,0,0,4,0,7,1,14,1,0,0,4,7,0,5,7,0,0,16,0,5,13,9,21,0,18,2
1,19,0,0,0,11,0,0,0,9,0,1,1,0,3,0,7,11,0,0,0,0,0,10,0,0,0,0,0,2,0,2
0,7,0,11,5,5,0,6,0,46,12,154,23,0,9,0,15,19,3,0,0,5,24,11,0,14,0,0,0,0,0,7
10,0,0,0,16,3,0,8,0,0,67,198,187,41,5,0,15,2,0,4,0,0,18,0,0,1,9,1,1,0,0,1
33,12,12,0,18,14,0,1,0,0,112,198,188,8,0,8,10,8,7,0,0,0,2,16,0,0,6,0,9,2,0,18
45,0,0,2,0,0,0,0,0,0,18,41,25,7,0,0,0,0,2,0,0,2,0,0,0,0,33,5,12,0,6,12
0,0,25,0,0,0,0,3,13,6,0,0,0,0,0,0,0,4,5,0,0,17,0,0,3,17,2,11,9,0,0,0
0,0,0,0,19,0,0,0,0,23,0,0,7,12,0,16,10,14,7,16,0,0,9,0,0,4,0,0,0,0,8,0
0,1,7,4,0,0,13,24,16,0,35,40,0,0,0,7,0,7,9,20,0,8,0,0,0,16,0,0,8,7,1,0
0,0,0,0,23,0,0,0,51,0,23,8,107,0,0,0,0,0,10,10,0,0,18,0,17,20,0,8,1,0,0,0
0,10,12,0,0,9,0,0,0,6,0,44,1,28,0,0,0,0,0,0,0,0,0,12,4,0,0,0,0,7,13,0
0,14,15,5,0,0,16,12,11,3,0,0,0,10,4,11,0,6,0,0,0,7,0,0,1,3,21,0,10,8,0,0
1,0,0,21,0,14,0,0,10,4,3,0,20,18,8,0,7,17,11,14,0,0,8,6,0,11,23,9,22,0,0,0
10,14,0,8,0,11,25,18,0,5,0,1,11,6,3,0,0,0,0,5,11,13,0,0,2,13,55,0,23,0,0,0
9,26,3,0,0,33,0,0,0,0,12,1,0,9,36,9,0,2,11,0,2,0,1,0,11,13,0,19,13,0,16,0
0,0,41,10,0,0,0,45,0,0,1,64,0,0,0,0,0,0,0,0,0,0,0,0,0,25,25,0,0,0,10,0
0,14,4,0,2,0,0,0,0,1,0,0,0,16,0,0,12,0,17,8,33,7,0,0,3,1,4,0,7,12,12,0
5,0,17,0,0,0,2,0,0,26,0,0,0,0,0,27,10,16,3,14,2,0,0,0,10,7,0,0,10,4,1,0
0,0,10,0,0,12,5,25,12,0,6,36,0,0,0,6,7,0,0,0,0,9,0,14,7,2,0,0,0,0,0,5
0,4,19,0,4,13,43,0,0,11,7,64,0,0,1,19,0,3,0,0,10,8,7,0,18,2,4,0,0,0,0,4
5,0,0,4,47,9,0,0,23,9,3,5,15,21,0,0,0,10,0,5,0,0,1,7,18,5,0,4,3,2,8,0
0,0,10,0,14,0,2,0,2,0,0,0,0,3,0,0,10,3,2,13,0,0,4,0,0,0,0,9,0,0,3,0
8,0,23,0,19,0,16,0,0,0,3,51,30,0,4,11,0,0,0,9,6,17,4,0,6,0,13,0,0,0,0,0
14,8,4,0,9,0,0,0,0,23,0,0,29,14,0,1,12,0,0,20,0,1,0,0,0,7,0,0,0,1,1,0
0,7,0,12,0,0,0,17,37,0,21,4,0,8,17,0,0,5,18,5,18,10,0,0,5,0,5,16,0,14,12,4
0,14,10,0,0,0,0,0,4,17,1,0,0,0,0,0,16,0,13,1,0,20,5,5,0,0,0,0,0,0,32,0
14,5,21,0,0,0,0,0,1,0,27,0,0,14,18,0,18,0,0,5,0,0,4,0,0,8,6,11,3,0,3,6
0,9,0,0,6,0,0,0,0,0,0,75,0,10,3,3,6,0,8,0,1,6,0,3,1,0,0,0,0,0,0,3
16,11,14,0,37,9,0,0,0,14,0,34,0,0,0,0,15,11,15,0,0,2,10,4,0,11,18,1,0,0,0,13
15,0,4,6,20,0,14,8,0,0,0,0,0,5,0,6,6,3,2,13,4,3,30,0,0,0,6,0,0,2,2,0
0,7,0,18,0,0,7,16,0,0,0,0,20,5,0,0,0,7,0,14,0,0,0,2,4,0,2,0,16,3,4,16
30,8,7,0,0,0,13,1,1,0,2,0,1,0,0,1,8,8,5,0,0,9,0,2,0,0,27,0,2,0,0,0
0,0,0,17,0,0,0,0,0,26,0,0,0,3,3,23,8,0,0,0,0,8,0,0,0,0,0,0,0,11,0,0
0,0,0,4,0,0,0,0,4,11,20,20,0,19,0,13,0,0,0,0,13,4,8,4,10,0,6,0,7,0,0,0
0,0,5,0,22,0,0,0,0,12,8,41,0,0,0,0,5,6,0,0,0,2,0,7,7,0,20,0,0,1,0,5
0,0,0,17,0,0,0,5,0,0,0,109,195,20,1,6,1,0,3,0,0,0,15,2,0,2,0,12,10,0,0,13
0,0,0,16,0,0,1,0,3,0,18,83,9,0,10,0,0,0,0,0,6,0,2,6,3,3,12,0,13,6,0,16
14,0,0,0,0,0,1,0,10,0,23,25,6,5,13,0,3,1,0,0,0,0,2,5,0,13,6,0,12,0,3,0
0,1,0,11,0,0,0,0,4,0,0,9,0,0,7,24,5,0,0,6,0,0,2,0,0,10,18,10,3,0,4,0
18,0,0,0,0,0,6,0,7,0,32,0,0,0,0,0,0,0,0,0,16,0,0,8,0,0,0,8,0,0,10,0
0,3,11,0,5,25,16,0,2,2,0,10,0,0,7,0,0,2,20,1,4,5,0,0,0,15,19,0,0,14,0,0
13,3,13,0,3,0,0,0,9,0,0,3,0,0,0,0,0,0,0,4,6,2,11,5,0,11,2,13,0,0,0,0
1,13,0,6,6,8,14,7,4,6,6,0,0,0,29,17,0,3,2,1,0,5,0,3,0,8,0,9,0,0,0,0
0,0,0,7,0,0,9,0,11,5,0,0,0,0,22,0,0,0,0,1,0,6,10,13,0,12,1,0,0,9,0,0
0,0,5,3,6,12,0,9,3,0,12,0,46,0,10,11,0,12,5,0,14,0,0,3,0,0,7,0,0,1,0,0
1,0,0,0,6,0,0,0,4,0,0,12,7,0,0,0,0,0,0,0,0,0,4,0,7,0,9,0,6,0,0,0
0,5,0,13,6,13,0,4,0,0,0,0,1,0,0,0,0,9,0,3,0,0,3,0,4,0,0,0,1,0,0,0
0,0,16,0,0,0,11,0,18,0,0,0,0,0,1,0,0,0,0,4,0,0,0,0,0,10,0,0,0,0,0,1
5,2,0,0,9,0,0,0,2,0,0,0,11,11,0,4,1,0,0,3,0,0,7,0,0,5,2,0,0,0,0,4
5,0,2,0,0,0,2,2,4,0,0,8,3,0,5,0,0,7,4,7,0,0,4,3,0,0,4,5,1,0,0,0
0,0,3,4,2,1,6,0,8,1,6,0,0,0,0,2,0,0,0,0,0,4,3,4,1,1,2,0,5,0,0,10
0,0,10,0,0,0,0,0,0,0,0,0,0,0,1,0,0,0,9,1,4,1,0,2,3,0,0,4,0,3,11,0
14,0,2,0,0,2,0,0,0,9,0,0,0,5,0,3,8,1,8,0,0,0,14,0,1,0,8,4,10,0,0,0
4,13,14,3,6,0,7,10,8,6,0,13,2,0,0,1,8,0,2,5,0,0,5,14,2,2,0,12,0,2,7,0
0,0,4,14,0,0,0,15,6,1,9,4,2,10,2,0,0,2,0,2,0,0,0,0,0,0,0,7,0,0,0,5
0,0,13,0,0,2,8,5,5,0,0,6,0,0,0,0,0,0,3,0,1,3,8,2,0,3,5,0,2,0,0,25
0,0,8,1,0,0,2,0,9,12,0,0,0,6,1,0,0,3,3,2,0,0,0,2,0,0,0,0,0,0,0,18
5,0,0,0,7,13,0,0,0,0,5,14,0,0,0,5,0,3,0,0,5,0,1,0,0,8,0,0,3,0,0,0
0,5,13,2,0,3,0,0,0,2,0,0,0,1,0,0,1,0,0,5,0,0,8,0,0,0,3,8,3,1,0,0
0,7,4,0,12,0,9,0,1,0,0,0,0,0,0,0,4,3,46,1,2,0,9,7,0,0,0,0,8,5,2,0
0,3,0,1,0,6,5,0,3,0,3,0,0,0,3,1,0,1,0,0,0,0,0,1,0,4,3,4,0,0,0,3
0,0,6,4,0,5,2,0,0,0,7,0,0,0,0,5,0,0,1,0,0,0,2,0,0,4,6,0,6,0,0,4
0,3,0,0,14,1,2,0,0,3,0,0,0,6,0,6,5,0,2,2,0,0,0,0,0,0,0,0,0,10,11,9
0,6,5,0,14,0,0,2,8,0,14,0,0,3,0,0,0,0,8,1,5,0,15,1,0,6,0,0,2,6,0,7
0,3,0,0,0,2,0,0,0,0,2,0,1,2,0,1,0,0,0,0,0,0,5,12,0,2,0,0,5,0,0,0
0,0,5,5,0,0,5,0,0,0,1,0,0,0,0,0,0,2,0,0,0,0,0,0,0,4,0,0,1,5,0,5
0,3,4,0,0,0,0,0,0,5,0,0,0,4,0,2,0,3,0,1,0,0,1,0,0,2,1,3,0,0,1,0
0,2,0,0,13,3,6,0,1,0,16,2,2,8,0,0,0,0,5,14,2,0,7,0,2,5,0,0,0,1,9,0
0,0,0,0,0,0,15,3,1,0,0,0,0,4,0,4,9,2,0,0,0,0,0,2,0,0,0,0,0,0,13,16
0,7,0,0,10,5,10,3,7,1,1,2,3,0,0,2,0,0,0,0,0,2,0,0,0,0,10,1,0,0,0,0
4,0,0,3,3,0,4,0,4,0,4,3,0,6,0,0,9,2,0,0,0,1,0,0,4,8,0,0,3,0,0,21
0,0,0,8,1,0,4,15,9,0,5,6,2,0,0,0,0,0,0,2,1,7,2,0,0,0,1,0,5,0,0,0
0,6,0,7,0,8,0,0,0,0,1,0,0,6,0,0,5,2,0,0,3,0,0,2,0,0,6,1,1,0,0,11
5,0,0,0,0,3,8,0,5,0,1,1,0,2,0,0,0,5,1,0,7,0,0,0,2,0,0,8,0,0,0,8
0,2,6,0,5,4,3,0,3,8,0,0,1,0,0,5,0,7,0,0,4,0,0,0,0,0,10,1,5,0,0,0
5,7,7,0,0,0,0,9,0,2,0,7,3,0,10,0,4,0,0,0,0,0,3,0,0,1,17,4,0,0,13,2
0,3,0,0,0,0,6,0,0,0,0,0,0,0,0,0,0,3,3,0,0,0,5,0,1,2,0,0,0,6,1,0
0,0,4,0,4,1,4,0,2,0,10,3,9,0,0,5,3,0,0,0,0,0,3,0,0,0,0,0,0,0,1,0
0,0,0,13,0,0,3,0,0,0,6,0,0,7,2,0,0,0,0,0,0,4,0,0,0,0,2,9,7,3,0,20
0,2,6,0,3,0,3,4,0,0,0,5,0,0,0,0,0,0,7,1,2,4,1,2,1,0,0,2,0,0,1,10
0,0,1,0,0,0,0,2,0,2,2,0,0,3,0,5,4,0,0,0,0,0,0,0,0,0,2,0,1,0,1,0
8,5,7,0,0,0,0,11,6,1,1,2,0,0,8,0,0,0,2,7,0,0,0,0,0,0,0,0,1,0,5,2
0,0,3,0,7,3,2,17,8,0,4,7,0,0,0,1,0,0,0,0,0,4,11,0,0,3,0,0,2,0,0,0
0,0,0,0,0,0,0,0,1,0,0,0,4,0,0,4,0,9,0,2,3,0,1,10,0,0,2,1,4,7,5,0
0,1,8,1,0,5,0,7,0,7,3,1,0,0,4,0,0,0,0,0,2,4,0,0,0,0,0,0,1,0,2,9
0,0,6,0,0,0,7,10,7,2,4,1,9,0,0,0,1,1,0,0,0,0,0,6,1,0,4,1,0,7,4,0
0,0,5,0,1,0,3,0,0,6,0,4,0,2,2,0,0,3,3,3,0,2,0,4,0,0,0,0,1,4,0,0
16,9,5,0,9,2,1,0,0,6,1,0,0,0,4,7,1,0,7,0,3,1,0,0,0,7,0,1,6,0,0,0
0,0,0,0,6,3,0,5,2,2,0,0,7,0,0,0,5,2,0,0,0,1,7,0,0,0,0,0,1,4,0,0
0,0,3,4,0,0,0,0,1,7,4,12,1,0,0,1,4,1,0,3,3,0,0,1,7,0,0,3,0,10,0,0
0,2,16,0,0,4,3,8,0,0,0,0,0,0,0,0,4,0,0,3,0,0,1,0,0,1,7,0,0,5,0,0
0,0,4,12,5,0,0,0,2,0,0,0,0,4,0,0,2,0,50,0,1,2,3,0,5,5,5,0,0,0,0,0
3,0,6,0,6,0,0,0,13,0,4,9,0,5,0,0,1,0,1,0,0,0,0,3,0,0,4,5,0,0,13,0
6,0,0,0,0,0,0,0,11,1,0,0,0,0,0,2,1,0,4,0,0,0,3,0,0,0,0,0,0,3,5,0
2,9,0,0,5,0,1,0,0,0,0,0,8,3,0,0,0,0,0,4,0,0,7,0,0,0,0,0,0,0,0,0
0,7,3,0,0,0,3,0,8,0,8,0,1,6,0,0,0,0,0,2,3,0,5,2,0,4,0,0,0,4,0,8
8,0,0,0,0,0,0,0,2,1,1,0,0,0,1,9,0,0,2,0,0,0,0,0,0,0,13,0,1,2,0,0
0,4,0,12,3,0,0,0,0,1,2,0,0,4,1,0,0,1,8,0,0,1,0,4,0,0,0,4,0,10,0,0
12,4,0,0,0,2,0,3,0,2,0,0,0,6,0,0,1,0,0,7,0,0,2,0,1,1,0,0,0,0,1,20
14,0,14,0,13,4,0,0,8,0,4,7,4,1,0,1,0,1,0,5,0,0,18,0,4,1,0,0,3,0,0,0
8,1,0,1,0,9,0,9,0,10,0,3,0,0,0,0,0,0,7,0,0,2,0,4,0,0,1,12,0,0,15,8
0,6,4,0,0,0,0,0,0,1,0,0,0,2,0,2,0,0,0,0,6,5,2,3,3,0,3,0,0,0,4,2
9,8,0,0,0,0,2,0,0,1,0,4,0,0,13,5,9,0,0,0,1,0,3,0,1,0,0,14,0,2,0,17
0,2,0,0,0,20,2,3,2,0,0,0,0,0,0,0,4,2,6,14,8,0,10,0,0,3,2,0,0,0,2,0
6,0,0,2,0,0,0,0,0,1,0,3,0,1,0,0,0,0,1,2,0,6,0,0,0,1,4,0,0,0,7,0
3,0,0,0,6,0,0,0,9,0,4,0,2,3,0,5,0,0,5,0,0,1,0,0,0,2,0,0,7,0,0,9
2,0,0,0,2,11,0,11,0,9,0,2,1,0,7,0,2,1,9,4,0,0,0,7,0,0,1,0,2,0,3,0
0,4,9,0,13,0,0,5,0,0,0,0,0,6,1,0,2,1,0,1,0,9,0,0,0,0,0,11,7,0,0,0
0,0,5,1,0,0,0,0,1,0,4,0,0,0,2,0,1,0,4,0,5,0,0,0,0,0,0,0,0,4,0,23
0,0,0,1,0,2,0,3,0,0,0,0,1,1,5,0,0,5,0,0,0,0,4,0,3,0,10,3,0,0,0,0
3,0,3,2,0,4,2,0,1,0,0,0,0,0,2,8,8,2,4,0,0,0,0,0,0,1,10,0,4,1,0,0
3,0,0,9,2,0,0,2,0,0,6,0,1,0,10,0,0,1,0,0,0,0,0,5,0,11,0,0,0,0,0,0
0,6,0,0,0,0,0,0,0,1,2,0,0,0,1,4,0,0,3,0,0,4,5,0,0,0,0,0,0,0,9,4
6,0,4,3,0,0,6,0,0,0,1,3,0,0,0,5,0,0,0,0,0,0,5,1,1,2,0,0,0,0,3,0
0,0,0,5,0,0,0,6,0,3,9,0,0,0,3,0,0,0,0,5,1,2,7,0,2,4,13,11,0,0,0,4
0,0,1,2,0,0,6,6,10,0,5,3,0,0,0,0,0,1,0,0,4,0,7,2,3,2,0,0,2,0,4,0
0,0,0,0,0,0,0,0,3,6,0,0,1,1,2,7,0,6,2,0,2,0,0,1,0,0,0,0,0,0,0,19
1,0,8,0,0,0,3,11,0,8,9,3,2,0,0,0,0,0,1,0,4,0,12,0,0,7,19,1,10,0,0,0
3,9,0,0,1,0,0,1,0,0,0,9,2,0,0,2,1,0,0,3,2,3,4,0,0,2,0,9,0,0,0,0
0,0,0,0,4,0,16,4,0,0,4,2,2,0,0,0,0,0,8,0,4,0,0,0,0,0,0,4,0,0,0,0
0,0,1,7,1,4,0,14,0,0,11,1,0,3,2,0,0,0,1,0,2,0,0,0,0,0,0,11,2,1,0,0
7,8,2,0,0,0,1,0,0,0,8,4,0,2,0,0,0,5,0,0,1,5,0,3,0,0,0,0,0,0,3,0
1,0,6,0,17,12,6,14,0,0,0,7,0,0,0,0,0,0,6,5,3,5,7,0,2,3,0,2,9,0,8,17
0,3,5,0,0,0,13,0,3,5,0,0,0,5,0,0,0,0,9,0,0,0,3,2,0,0,0,2,0,0,5,0
0,0,0,0,1,0,0,7,10,0,2,5,1,0,2,0,2,4,6,0,1,0,1,0,2,0,6,0,0,0,0,9
0,1,0,0,0,8,0,1,0,0,0,0,8,5,0,3,0,10,5,3,0,2,1,0,2,0,0,0,3,0,0,4
1,0,0,3,10,0,0,4,2,0,0,5,3,0,0,0,3,2,0,0,6,1,0,0,5,4,5,4,4,0,0,0
0,0,0,0,0,0,0,17,6,8,0,0,0,0,0,7,0,1,0,0,0,0,6,0,0,4,3,0,0,0,0,9
3,0,2,0,0,0,0,0,0,1,0,0,8,8,0,0,3,0,2,0,1,2,0,0,0,0,0,1,0,10,14,10
0,0,2,3,0,0,0,0,0,0,0,3,0,8,0,0,0,0,0,0,1,0,7,0,0,0,4,4,0,0,0,0
1,0,0,0,5,3,0,3,5,0,1,8,0,0,4,6,2,1,5,0,3,5,0,0,2,4,5,3,0,0,0,16
0,7,8,0,12,4,8,3,0,0,6,0,1,7,10,0,0,3,0,2,6,0,1,2,0,0,0,9,1,2,6,0
24,6,2,0,6,5,0,5,0,0,0,0,0,0,0,0,0,0,5,0,5,2,0,2,0,0,5,0,0,0,3,0
0,2,0,0,0,0,0,0,0,0,0,3,4,0,0,11,3,0,0,0,0,2,0,2,0,4,0,5,0,0,0,2
2,0,0,0,0,0,5,4,0,0,0,5,0,0,1,2,0,0,0,2,0,0,0,0,0,0,0,0,3,0,0,0
0,2,0,0,0,0,0,16,13,0,3,6,4,0,0,0,0,0,0,3,0,3,0,0,1,3,1,4,0,3,0,0
0,0,7,0,2,5,0,1,0,10,0,4,4,0,0,0,0,0,1,3,0,0,0,5,10,2,0,4,2,2,0,17
0,0,8,2,5,1,11,0,0,0,4,1,0,2,0,5,0,0,0,2,4,2,0,2,1,0,0,0,1,6,0,0
0,4,0,0,0,10,3,0,0,0,6,0,0,0,0,0,7,3,4,0,0,0,0,5,1,2,2,1,0,0,4,31
6,0,0,2,7,0,9,0,0,0,0,0,0,0,0,0,0,0,1,0,2,0,0,0,2,2,0,0,1,2,9,0
10,4,0,0,0,0,0,0,0,7,0,5,0,0,0,0,11,1,0,0,0,0,0,0,0,0,3,0,0,0,4,0
0,0,0,0,0,0,0,0,0,0,0,0,0,3,0,1,0,4,0,0,0,2,0,2,2,4,2,9,0,6,3,0
0,6,7,14,0,2,12,4,0,0,0,1,6,0,4,0,2,0,4,0,0,0,12,0,9,0,0,8,4,0,0,0
0,4,5,0,5,0,2,0,0,3,1,0,0,0,0,1,0,0,1,1,1,0,0,0,0,1,1,4,5,0,1,0
2,0,9,6,0,0,0,0,2,0,0,0,0,0,0,2,0,5,0,3,1,0,0,5,0,0,0,0,0,0,14,0
0,5,5,0,0,0,5,0,0,0,5,5,0,0,0,6,0,0,0,0,0,4,2,2,0,0,1,3,1,7,0,3
0,0,4,9,5,0,2,0,0,4,9,0,7,0,3,10,3,0,2,0,3,0,0,2,1,0,3,3,0,0,3,0
2,0,0,0,0,0,11,0,2,8,4,3,0,1,0,0,0,0,4,2,0,0,9,0,2,0,0,0,0,6,1,5
0,0,1,0,3,0,1,4,4,1,0,0,0,0,0,0,0,4,4,8,0,5,8,14,0,0,11,0,0,0,16,9
0,0,0,2,0,0,2,0,0,0,0,2,0,0,2,4,2,2,0,0,0,0,0,8,2,0,8,7,0,0,7,0
1,0,0,0,0,0,0,0,1,0,5,0,0,5,0,0,0,0,0,2,0,0,8,0,0,0,2,0,0,1,4,0
0,2,0,10,0,1,2,4,10,0,18,2,0,6,0,2,5,3,4,0,0,0,0,2,0,3,2,2,7,3,7,7
2,3,4,3,18,0,0,5,3,0,7,0,0,0,0,0,0,6,2,0,5,0,0,1,0,5,8,2,3,7,0,0
0,0,0,0,0,0,0,0,0,0,0,9,0,6,0,3,0,0,0,1,3,4,9,10,2,0,0,0,2,0,5,8
0,4,6,0,0,0,13,0,7,2,2,0,0,4,0,3,2,0,5,0,0,1,4,0,0,0,4,3,8,11,0,7
0,2,16,0,5,0,0,5,0,0,6,7,10,0,0,3,0,0,13,4,0,0,5,0,5,4,15,0,0,3,1,0
0,7,0,1,0,0,0,0,0,0,1,0,0,0,0,0,1,0,10,0,0,0,0,2,0,0,0,0,5,0,3,0
8,0,2,1,0,0,0,0,0,0,9,3,0,7,0,0,0,0,4,0,3,0,0,0,0,0,0,0,0,0,0,6
0,0,0,0,7,0,3,0,0,2,6,0,0,1,0,0,0,6,1,0,1,2,3,2,0,0,0,8,0,0,0,17
0,5,0,0,5,0,0,0,0,2,8,0,0,0,5,5,0,6,0,0,2,2,5,2,0,0,0,0,0,3,0,0
0,0,5,0,3,0,4,0,6,0,3,5,0,0,3,2,0,5,1,0,1,0,0,0,0,0,0,0,2,0,0,22
0,4,9,0,0,0,8,0,0,0,0,0,0,0,4,2,5,1,0,0,0,0,0,3,0,0,0,5,0,2,0,0
7,0,1,6,11,4,13,0,0,0,5,0,0,0,3,11,0,1,1,0,1,0,0,0,6,0,0,0,0,13,4,26
2,1,0,6,0,0,0,11,0,0,0,19,0,0,1,0,0,0,0,8,13,0,12,1,2,4,9,0,0,3,12,0
0,0,2,1,0,6,0,5,4,3,0,2,0,0,3,0,0,0,0,0,5,0,0,8,1,0,1,0,0,0,0,5
0,4,0,0,12,0,0,0,0,10,5,8,0,4,0,1,0,0,1,0,0,3,5,0,0,0,0,0,8,9,6,5
0,2,0,0,3,4,3,7,0,0,3,1,0,0,0,2,0,0,0,0,1,0,9,2,0,0,2,5,8,0,10,15
1,0,0,1,4,1,6,6,0,0,0,5,0,0,0,0,4,2,0,0,2,0,8,13,12,6,7,0,0,0,10,0
0,0,0,4,0,3,0,0,0,0,0,0,0,5,0,0,0,0,0,0,0,0,0,3,0,2,0,0,0,5,0,19
1,0,0,0,0,8,4,8,7,5,0,0,2,0,0,0,8,0,0,3,0,2,0,3,7,10,0,5,3,6,0,0
0,10,1,4,0,0,11,0,0,0,8,5,0,7,0,2,0,6,1,0,0,0,0,0,5,0,0,0,1,0,1,12
0,3,8,0,7,0,9,0,0,4,0,0,0,2,0,0,0,4,6,0,0,0,0,4,0,0,0,0,0,1,1,0
0,0,0,0,0,1,0,4,0,0,0,2,0,0,0,4,0,0,4,0,0,0,0,0,0,0,0,0,0,0,3,6
0,3,0,2,0,3,0,6,3,0,0,6,2,0,0,0,0,2,0,2,2,0,1,0,0,0,3,0,0,0,12,0
0,0,2,0,0,0,0,13,0,0,0,2,0,0,0,0,0,0,0,0,0,10,0,3,0,0,0,2,0,2,0,0
6,0,0,3,0,5,0,3,5,0,0,3,0,0,0,1,8,0,2,0,3,0,0,0,0,0,2,0,0,2,1,0
5,0,5,0,1,0,0,0,1,5,0,0,0,0,0,0,0,0,0,10,2,1,3,0,0,0,3,0,0,0,5,0
5,0,0,4,2,1,2,0,3,7,10,8,2,0,0,0,2,9,6,2,0,2,0,3,0,0,0,0,0,6,0,3
0,4,0,0,0,0,3,0,0,0,0,0,0,5,0,4,0,5,0,1,0,0,0,0,0,0,0,0,0,1,0,0
2,0,0,0,2,2,2,4,3,1,1,0,2,3,0,3,0,0,0,0,0,2,4,0,2,4,0,1,0,3,0,0
6,4,0,4,0,0,0,0,5,5,0,1,0,0,2,0,1,0,1,0,1,1,0,5,0,0,0,0,0,0,0,0
1,4,3,0,0,0,0,0,2,1,0,0,1,0,0,0,0,0,0,0,0,2,0,0,1,9,3,0,10,0,0,0
0,2,0,2,0,0,3,9,0,0,11,2,5,0,0,1,0,2,0,0,1,0,7,1,1,0,1,0,5,0,0,0
0,3,0,0,0,6,1,0,9,4,2,0,0,3,0,0,1,1,0,0,0,3,2,1,0,3,0,0,4,0,3,0
0,0,1,0,5,0,0,5,2,0,4,0,0,1,0,8,7,4,0,0,3,1,0,2,0,0,0,3,0,4,2,6
1,7,0,0,11,1,5,4,6,0,9,0,1,3,0,4,0,0,0,5,0,0,0,6,5,0,9,2,0,0,0,11
0,0,1,0,0,9,0,0,0,0,0,8,0,0,0,9,2,6,0,3,0,3,9,5,0,0,0,0,0,7,0,10
0,0,0,0,10,0,0,0,0,1,0,0,8,3,3,0,0,0,16,6,0,0,7,9,1,0,1,0,0,0,0,0
1,0,2,1,0,0,2,3,0,3,0,2,0,0,0,0,0,0,5,0,0,12,0,0,0,0,0,0,1,0,0,7
0,6,0,0,0,8,0,0,0,2,9,0,7,1,0,0,8,8,7,0,0,0,0,3,0,0,1,0,8,0,2,0
1,7,0,0,4,0,0,0,0,0,0,0,0,0,3,0,6,2,2,0,1,0,0,0,0,1,0,0,0,0,1,1
21,0,0,0,0,0,0,0,0,0,0,12,0,0,0,0,5,0,0,0,2,7,2,0,0,2,3,0,2,6,0,7
6,6,4,1,3,0,0,4,0,0,0,15,0,0,2,0,2,0,2,0,0,2,6,0,0,0,0,0,0,0,10,0
0,5,0,0,3,6,0,9,1,0,0,3,2,0,4,0,0,0,1,5,0,0,4,0,3,16,6,0,2,16,15,19
0,2,0,0,0,0,6,0,8,0,10,7,4,3,0,0,0,0,3,1,3,3,0,0,3,1,0,0,0,6,12,0
21,0,3,0,5,1,7,0,3,0,3,5,0,0,0,5,3,3,0,0,0,2,0,1,8,0,7,1,0,4,0,13
0,2,5,10,0,0,2,7,0,0,0,6,0,0,1,0,0,1,0,4,0,0,0,1,4,0,4,2,0,0,1,8
0,0,0,5,0,0,0,3,0,0,1,0,2,0,0,0,2,1,0,0,0,5,0,0,1,0,6,8,0,0,2,0
0,0,0,9,0,0,2,1,0,0,6,1,5,3,4,0,4,4,2,0,0,3,2,0,9,0,9,0,3,0,0,0
1,0,5,6,3,0,1,2,4,0,1,1,0,0,0,0,9,0,1,1,3,3,3,7,0,0,8,2,0,0,0,3
0,4,0,7,9,0,0,6,4,8,0,0,3,7,1,0,0,0,0,0,1,10,9,0,0,1,0,9,0,0,0,10
6,0,0,7,11,0,2,0,0,0,22,0,0,0,8,0,3,0,2,4,4,6,4,0,0,0,8,1,0,0,2,0
0,0,0,0,0,0,0,0,0,1,8,0,2,9,6,6,2,0,0,0,0,0,8,6,2,0,13,0,0,2,5,0
3,0,0,0,0,0,2,0,1,0,2,0,3,0,0,8,0,5,0,0,0,5,0,0,0,0,0,0,0,0,0,8
3,4,0,1,0,0,0,4,4,0,0,0,2,0,4,0,0,3,0,0,1,1,4,6,0,0,0,0,0,1,5,0
2,0,1,0,0,6,4,0,0,2,0,0,1,0,0,4,0,0,1,0,0,4,2,2,2,3,2,6,0,9,10,20
0,3,3,0,1,0,3,0,2,9,0,4,0,6,1,0,1,0,0,0,1,4,0,0,0,0,0,0,1,8,2,0
10,4,3,0,21,0,25,15,9,14,0,0,12,0,16,0,0,0,57,4,0,16,4,8,0,0,8,7,10,0,0,0
1,4,5,4,3,0,0,0,0,4,14,0,0,10,9,0,16,0,18,17,9,0,2,12,0,13,0,8,0,0,0,0
10,28,13,0,34,7,36,3,3,0,3,1,5,0,13,21,15,6,0,4,12,0,0,0,20,0,12,6,7,0,5,0
8,4,11,0,14,0,26,1,0,13,28,7,1,9,0,30,0,10,0,0,0,6,9,13,8,0,8,0,0,1,0,1
0,0,2,0,0,5,0,6,1,0,0,19,0,4,0,0,0,0,22,0,11,5,0,0,0,9,3,12,0,0,2,10
4,11,0,14,33,0,0,0,0,4,3,0,7,0,0,38,13,0,17,0,16,0,0,0,10,0,0,16,16,0,0,0
0,0,13,0,0,12,0,0,17,0,0,2,12,0,20,12,31,80,0,38,0,1,0,0,0,4,12,0,0,0,0,3
0,11,0,0,0,58,0,1,18,11,6,2,2,0,15,0,0,0,0,0,0,0,13,18,0,12,0,0,1,0,0,0
34,0,1,0,11,0,2,0,24,0,7,4,1,0,0,13,0,16,0,19,0,1,10,0,8,0,0,0,0,0,0,11
0,3,0,0,1,13,12,0,0,0,0,0,0,2,0,0,26,0,0,34,10,1,0,0,0,2,1,10,6,0,0,0
22,0,0,6,0,0,0,0,9,0,2,1,0,0,17,12,0,1,0,0,0,2,7,0,0,0,8,6,0,0,0,15
0,2,2,0,0,0,0,0,0,0,0,0,12,0,0,6,0,5,0,16,0,0,0,0,0,8,0,0,5,0,3,10
0,1,0,6,0,0,10,0,5,3,6,0,0,0,9,0,0,16,21,0,4,0,10,0,0,5,0,3,0,16,8,0
3,6,0,0,30,1,22,13,0,6,0,0,0,14,0,11,0,12,59,37,0,0,0,0,0,0,0,11,0,0,0,3
0,0,0,0,0,9,0,0,0,9,0,12,0,0,0,14,0,0,0,0,0,0,6,11,3,0,0,13,0,0,0,7
0,8,0,14,19,4,1,0,1,0,5,0,0,5,0,24,22,18,0,0,8,2,13,0,5,21,0,8,0,7,0,0
0,0,3,0,0,0,8,0,0,0,0,0,0,11,0,0,0,24,0,0,1,0,0,11,0,0,17,0,9,7,0,9
6,0,0,0,0,0,0,13,7,10,8,0,1,0,0,4,29,17,0,4,0,0,7,0,0,3,0,0,6,0,12,0
0,0,7,0,1,27,0,0,6,11,0,0,0,0,1,24,52,0,0,7,13,0,0,4,0,0,6,0,14,0,0,13
1,9,0,3,13,0,0,5,0,2,0,0,0,2,7,0,23,9,9,19,0,12,0,6,0,0,0,0,0,7,11,4
0,12,6,1,1,0,5,0,0,6,20,14,10,0,18,0,31,0,0,39,0,4,0,8,0,0,10,0,3,6,0,0
1,0,0,0,0,4,0,18,0,0,3,11,1,0,0,30,36,34,0,12,0,13,0,0,0,0,0,0,0,0,6,13
12,0,10,0,8,37,17,0,0,7,0,0,12,4,0,20,6,0,0,0,0,0,14,13,5,0,14,0,0,0,6,7
0,5,5,0,5,9,0,0,1,7,8,0,0,0,0,0,4,0,194,109,0,0,0,11,0,0,0,14,0,7,9,0
0,3,0,0,6,9,12,0,0,0,0,4,9,0,0,0,0,146,196,197,0,0,0,0,2,4,0,0,5,0,6,0
0,10,0,5,9,2,6,0,3,1,0,0,3,5,0,0,17,199,196,197,6,0,0,4,2,3,0,14,0,7,0,6
0,4,0,0,39,0,20,19,22,0,7,18,13,0,21,7,0,0,169,38,0,8,0,0,2,2,47,0,14,0,0,4
0,19,9,0,24,13,17,0,0,0,12,6,10,0,0,7,5,0,1,1,10,2,5,6,0,4,0,1,0,20,0,0
4,0,0,8,0,0,1,0,0,0,0,12,0,0,4,1,0,16,9,4,0,0,0,9,0,0,0,4,0,0,0,4
0,0,0,0,9,0,0,28,26,15,26,0,0,0,21,0,0,0,0,42,0,2,0,9,0,0,8,0,7,10,13,11
3,0,0,0,5,0,0,0,0,0,7,18,7,0,0,9,4,55,0,0,1,0,19,3,11,4,0,0,0,0,0,1
6,0,2,7,21,3,0,0,0,14,0,0,11,14,0,4,48,0,0,5,0,0,0,0,0,29,1,0,0,0,0,5
