0,0,0,8,0,0,0,0,3,1,22,8,0,6,0,0,20,0,0,0,0,0,4,0,0,3,15,0,2,0,0,23
0,0,0,24,9,0,0,0,0,0,0,1,17,20,0,0,29,9,0,0,0,0,16,0,0,11,7,9,7,0,5,0
1,0,9,0,12,0,0,0,0,0,1,0,0,4,0,0,0,5,7,0,0,0,9,12,8,0,0,0,0,7,0,3
28,0,3,6,6,0,8,7,20,0,0,7,42,0,9,0,0,0,3,23,0,0,0,2,6,0,0,0,0,10,0,0
11,0,4,3,0,16,0,0,0,0,0,0,2,0,0,4,20,10,10,11,0,7,20,9,0,0,16,9,0,0,0,0
7,0,0,0,0,0,0,0,0,0,4,0,24,0,17,0,0,0,40,40,10,0,0,9,0,0,9,3,0,0,12,0
5,0,10,4,1,6,6,29,0,17,0,10,0,21,0,4,0,0,22,23,2,13,16,0,0,2,0,17,0,0,0,0
0,25,13,17,11,0,0,0,0,0,22,0,8,16,0,0,26,30,0,0,0,0,0,0,0,8,10,0,6,5,13,4
0,0,2,9,0,0,0,0,0,3,0,3,0,27,0,5,16,0,14,0,8,8,10,2,0,0,0,0,1,0,17,27
10,0,16,1,2,0,0,14,16,11,18,0,1,0,7,23,9,22,0,23,2,0,15,8,0,0,6,0,10,6,0,0
0,0,10,0,0,12,0,35,9,7,0,0,0,0,9,0,8,0,7,17,22,0,5,2,0,9,0,0,0,4,4,0
0,9,9,0,4,29,0,0,0,17,0,0,0,0,1,0,12,20,23,17,28,0,0,0,0,7,0,0,0,0,12,2
12,7,13,0,7,0,5,12,13,14,15,0,3,5,0,0,0,0,49,1,0,0,14,0,7,0,25,0,12,1,30,4
16,0,26,0,0,0,0,0,0,0,0,8,0,0,11,159,248,0,0,0,0,4,0,0,0,0,0,1,0,0,1,0
14,0,1,0,12,0,0,3,4,6,3,0,6,3,215,192,196,0,4,0,0,5,0,0,0,0,0,2,0,0,0,6
6,0,0,10,0,0,0,18,7,0,0,9,0,0,27,197,140,2,12,4,2,4,21,0,12,0,0,9,1,1,0,0
0,25,18,0,4,7,1,0,0,9,0,2,7,1,12,4,10,0,1,0,6,0,0,9,0,0,3,0,13,0,0,22
0,1,0,0,13,0,0,0,0,0,5,0,0,1,25,17,0,0,0,0,0,0,17,9,0,0,14,9,4,0,19,7
2,31,0,0,0,11,0,0,0,25,0,1,0,10,0,12,0,17,0,12,7,0,29,0,0,21,0,0,0,1,15,0
7,3,0,0,12,0,29,25,10,2,0,25,16,0,0,9,0,0,23,0,3,0,40,0,13,21,0,0,0,0,0,4
0,0,28,0,6,0,0,0,0,0,0,0,0,22,18,0,1,0,2,0,6,0,19,0,5,0,17,9,0,4,4,5
0,0,0,0,0,0,0,0,6,1,0,33,0,0,0,0,19,0,0,11,0,0,0,1,0,0,6,0,0,7,0,0
7,0,6,0,0,0,0,0,0,0,1,0,0,0,0,0,4,22,14,14,2,0,0,0,0,5,21,0,3,5,0,25
0,15,27,2,10,9,16,6,12,10,0,14,12,0,17,33,0,0,1,8,0,0,0,11,0,19,0,0,0,0,2,5
0,10,0,0,0,4,0,7,4,0,10,0,5,0,2,5,1,8,0,0,0,13,0,1,0,0,7,0,11,0,0,0
1,8,0,2,15,2,0,0,18,7,2,10,23,0,130,0,0,0,0,1,0,0,0,0,0,0,0,19,0,1,7,0
4,0,7,15,13,25,0,0,19,10,0,0,18,0,45,0,42,0,2,12,0,0,2,3,0,0,0,0,0,19,5,0
2,0,10,16,0,0,0,13,0,0,0,0,0,10,11,50,0,2,11,0,0,1,0,0,15,7,9,0,0,0,3,29
0,2,0,0,1,0,5,12,0,0,0,0,49,0,19,31,8,6,1,0,0,1,0,6,0,8,0,12,0,5,5,18
0,0,11,0,50,9,0,0,14,0,0,6,0,0,0,21,0,24,0,0,2,0,0,0,9,8,14,5,6,10,0,0
0,9,0,0,0,10,0,5,4,0,0,0,27,0,12,10,16,0,0,9,0,0,0,0,0,0,0,0,16,0,0,12
0,6,0,8,0,14,13,5,0,5,0,0,2,18,4,0,0,23,24,24,9,0,0,0,0,0,0,0,0,0,11,0
5,0,0,1,15,16,4,0,5,5,0,7,19,7,0,0,0,4,0,0,9,0,1,4,0,0,0,0,0,0,5,5
0,5,0,1,9,0,0,0,14,0,0,26,13,0,12,0,0,0,0,0,0,6,0,12,0,0,13,0,0,16,0,9
0,0,6,0,40,37,30,0,3,8,1,0,0,5,0,0,0,3,10,0,6,0,1,2,0,2,1,0,0,0,3,0
6,2,0,0,31,0,0,3,0,4,11,3,0,1,3,5,0,2,21,11,0,0,0,0,2,0,16,0,0,0,5,0
3,0,4,17,0,3,8,0,0,11,0,7,0,0,13,24,0,3,0,0,0,0,0,0,0,0,14,0,0,0,12,1
0,4,0,4,0,4,0,0,0,14,30,5,20,0,24,0,0,8,1,0,0,23,6,0,0,1,0,0,0,0,0,0
12,0,0,0,0,0,11,0,1,1,0,0,0,0,0,0,7,0,0,0,0,0,0,5,14,8,0,3,0,0,0,15
4,0,0,8,0,8,11,4,2,0,0,22,0,0,5,0,3,0,4,0,1,15,0,6,8,0,0,1,0,0,0,0
0,2,0,0,0,0,0,35,16,7,0,0,10,4,1,6,0,0,1,0,0,2,18,10,9,0,12,12,0,0,2,0
0,0,0,5,0,0,1,2,0,10,0,14,6,7,0,0,0,4,5,0,7,0,11,0,0,1,13,4,0,0,16,8
8,0,2,0,21,0,14,17,0,0,0,10,2,0,2,6,25,6,10,17,0,0,0,0,0,0,0,0,10,0,9,0
0,0,0,5,0,0,0,12,0,7,0,10,22,2,0,0,0,0,0,9,10,9,2,13,0,0,0,0,0,0,0,0
4,8,0,16,0,17,0,0,0,6,1,20,0,0,0,0,18,7,39,0,0,4,2,4,7,9,0,21,3,0,2,19
12,3,15,6,0,14,0,17,0,0,7,4,0,0,0,93,239,7,20,7,3,0,0,0,8,0,0,13,6,1,2,0
13,2,0,0,3,2,0,0,0,7,0,0,8,0,5,58,188,0,5,0,3,0,0,3,0,0,0,0,0,12,0,0
22,5,17,0,0,0,0,0,6,3,11,0,0,0,0,29,9,0,3,0,6,0,16,0,5,1,11,0,2,1,0,0
0,0,2,3,0,0,6,0,0,0,12,0,0,0,8,0,27,4,0,0,0,15,0,0,8,3,19,0,0,0,6,0
1,17,0,0,1,0,0,0,0,0,0,13,0,8,0,37,0,7,0,0,0,0,0,0,2,0,0,0,0,11,12,0
2,0,0,4,0,27,3,0,0,9,0,0,5,13,15,14,0,13,26,1,5,0,0,0,3,4,0,0,0,0,5,0
0,5,12,8,0,0,8,4,0,0,0,0,1,0,0,20,0,0,2,0,0,3,0,8,4,0,0,2,2,4,0,9
0,13,5,1,2,0,7,0,0,4,0,0,20,3,3,0,0,4,1,0,1,0,0,2,9,0,3,5,0,2,0,0
3,4,6,1,8,23,7,0,0,0,0,0,0,0,4,0,12,1,0,8,6,11,5,0,6,13,12,5,0,4,0,0
13,0,17,0,5,19,12,0,3,7,0,0,11,0,1,11,7,0,0,0,0,0,0,10,0,0,0,0,8,14,0,0
0,12,0,0,0,11,0,0,0,1,0,7,0,0,0,0,16,0,6,0,0,6,0,0,0,4,0,2,0,0,4,0
0,0,4,0,7,0,2,0,4,0,6,0,4,0,2,0,0,8,10,2,7,0,0,7,0,0,0,0,0,0,8,23
1,5,0,0,9,0,1,0,11,0,0,2,0,6,4,22,3,0,0,2,1,0,4,0,0,10,0,0,3,0,0,24
0,13,1,0,0,8,0,0,0,2,8,0,0,0,0,0,0,0,12,0,7,0,0,0,0,1,17,0,0,4,0,5
0,0,0,0,10,0,14,0,5,7,0,5,0,0,0,4,0,3,3,0,8,2,7,2,4,0,6,12,6,5,0,12
9,0,4,16,12,0,18,2,10,8,0,0,4,0,13,0,1,7,7,0,0,0,6,3,0,5,1,0,4,0,1,0
0,5,0,16,1,0,2,0,0,0,13,0,10,0,2,1,0,0,8,0,1,11,0,0,0,0,26,11,0,0,0,0
8,0,0,6,0,0,14,8,3,0,2,0,0,8,0,9,0,3,0,3,0,2,5,1,0,0,0,12,14,0,0,0
8,0,0,4,0,7,0,0,9,5,0,0,1,5,0,1,2,0,0,4,0,3,0,4,0,0,0,0,0,0,0,0
4,0,4,0,0,0,0,5,5,8,5,1,0,8,11,1,6,4,2,3,2,0,0,0,0,2,0,1,0,0,0,0
0,2,7,3,8,0,15,0,0,0,0,3,0,6,0,0,1,2,0,5,6,6,5,0,2,1,4,1,5,3,4,5
0,6,0,0,5,0,0,2,0,0,3,2,0,0,0,15,5,5,0,0,5,3,0,1,0,4,0,0,0,0,0,0
0,7,0,0,5,1,0,0,2,1,13,0,0,0,1,6,0,1,0,0,2,0,1,8,0,0,16,7,0,1,0,13
6,0,0,1,4,0,4,6,5,0,0,4,1,0,0,7,0,0,0,0,0,0,3,0,0,5,0,0,0,0,0,9
0,4,0,0,0,2,1,0,2,6,1,0,4,0,1,0,0,2,0,0,0,0,0,0,5,0,0,0,0,4,4,0
0,0,0,0,2,7,2,0,0,0,0,0,0,0,5,0,0,0,9,0,5,0,1,4,0,0,0,0,0,1,0,0
0,0,6,2,4,0,7,0,0,5,0,0,0,0,16,7,0,0,8,1,2,0,3,1,2,6,0,0,2,0,6,13
0,0,3,0,0,0,4,1,0,0,0,5,0,0,6,0,4,0,11,0,5,0,0,3,10,0,0,2,2,0,10,0
2,0,0,0,6,0,0,0,6,0,10,8,3,1,0,5,5,0,2,0,0,0,0,3,0,0,2,3,8,0,4,0
0,0,14,6,6,0,2,0,0,0,0,2,5,0,0,3,8,0,0,5,0,0,0,0,0,0,0,0,7,0,0,8
0,0,6,0,0,0,0,0,0,0,5,5,0,0,0,8,0,0,0,0,0,0,2,0,5,8,0,2,8,0,7,16
0,0,0,0,0,0,0,0,0,4,0,0,0,0,0,0,0,0,37,1,2,0,5,0,0,4,0,3,0,0,0,3
16,5,2,3,1,0,0,0,0,0,0,7,0,0,0,0,3,3,8,2,0,0,3,0,0,9,0,3,3,0,0,11
39,9,0,0,0,0,2,0,0,3,3,3,0,0,0,0,4,7,0,0,6,0,3,0,0,0,0,7,0,0,0,0
0,0,0,5,0,3,0,0,3,1,1,0,2,0,9,0,0,0,13,0,0,0,3,0,0,0,13,9,0,0,7,13
0,0,2,8,4,3,4,1,7,0,0,0,1,0,0,0,0,0,0,0,0,2,3,0,0,0,0,0,5,4,0,0
8,0,0,0,2,0,1,0,3,0,0,1,0,0,0,4,0,0,0,0,0,2,0,1,8,0,0,0,0,2,0,0
4,0,9,0,2,0,0,0,0,0,6,0,2,3,0,0,0,0,0,12,0,0,0,0,0,0,0,0,4,0,0,0
3,0,0,1,13,0,0,0,0,8,1,0,0,5,8,0,0,0,14,0,1,0,2,7,0,0,0,3,3,0,0,0
0,4,5,0,7,9,0,0,0,0,0,0,10,0,1,6,0,0,0,0,0,1,0,5,0,0,3,0,0,0,0,0
0,0,10,3,9,0,4,0,2,0,1,0,0,0,0,0,0,3,0,0,1,1,10,0,0,0,0,0,4,8,0,0
0,2,0,0,0,0,0,0,0,0,0,8,4,0,0,0,1,0,1,2,3,4,9,5,0,0,0,2,0,0,7,0
0,0,5,0,0,4,1,0,0,0,0,14,9,1,0,0,19,0,0,0,10,0,0,0,7,9,2,7,5,0,0,13
0,1,0,3,0,0,12,8,10,0,5,1,0,3,0,0,0,0,0,0,5,0,11,9,10,0,0,0,0,1,0,5
0,0,0,0,6,0,2,0,12,9,5,8,6,0,3,4,0,11,0,1,0,0,5,4,0,0,12,3,13,0,0,0
0,0,0,1,0,0,2,1,1,0,5,0,0,0,3,0,1,0,2,6,0,3,7,2,0,0,5,4,0,0,6,8
1,2,9,0,0,2,5,0,2,0,0,3,3,0,0,5,0,5,4,0,0,0,2,0,0,0,0,11,0,0,1,3
10,0,4,1,6,0,0,0,0,5,0,0,0,0,0,8,0,0,3,1,13,2,0,6,0,0,0,0,0,4,4,6
0,0,0,16,0,4,0,0,1,0,0,0,0,4,0,6,3,0,0,0,0,0,3,0,0,0,0,0,0,0,0,0
1,8,1,1,0,4,0,0,0,0,0,0,9,4,0,1,0,0,0,0,0,0,0,3,0,5,0,0,0,0,6,17
0,0,0,0,0,8,0,0,1,0,3,0,4,0,0,0,2,0,1,0,0,0,3,0,0,4,4,0,1,0,0,0
4,0,0,0,6,2,10,0,0,6,0,6,5,0,3,0,4,0,0,5,0,0,12,0,0,0,4,0,0,0,1,15
3,7,7,0,8,5,4,0,0,7,1,0,9,0,11,3,5,0,3,0,1,0,0,0,0,0,4,0,3,0,0,2
1,0,0,0,8,1,0,0,1,3,4,0,1,0,0,0,0,0,0,9,0,0,6,5,0,0,0,0,2,0,0,5
9,1,2,3,0,0,0,0,0,4,0,0,0,0,0,3,1,0,0,3,0,4,0,5,0,0,0,0,14,7,0,0
0,0,9,1,0,1,2,5,0,0,8,3,3,0,0,0,0,0,0,0,0,0,0,0,0,0,1,0,0,0,0,0
3,0,15,0,0,4,0,0,3,0,2,7,0,0,1,0,0,0,0,0,0,5,5,0,0,0,5,1,6,5,6,0
0,3,14,10,0,0,0,6,0,0,0,4,1,0,4,5,0,2,4,0,10,3,0,12,2,0,0,8,3,0,5,11
0,0,0,0,12,0,5,0,0,0,22,4,9,1,9,5,1,0,0,0,4,5,0,0,1,0,0,0,8,10,0,0
26,5,18,0,2,0,8,3,5,1,0,0,0,0,3,0,0,4,6,0,0,4,4,0,1,0,0,3,0,0,0,0
0,5,0,0,12,6,7,9,3,10,1,0,0,5,0,0,2,5,1,0,4,2,0,6,0,0,3,0,6,0,4,0
0,0,4,0,0,0,0,0,0,4,0,0,3,0,4,0,5,0,0,4,6,2,0,0,0,0,0,0,0,3,0,14
0,0,0,0,0,0,6,1,0,0,0,0,0,0,0,0,0,0,0,2,0,0,1,2,0,0,0,3,0,0,14,2
0,0,9,2,16,0,11,0,0,2,0,3,0,0,0,0,0,5,56,3,4,3,0,0,3,1,6,0,5,0,0,0
0,1,4,0,0,1,0,5,0,0,0,0,0,0,0,3,0,0,11,5,0,0,0,3,0,4,0,0,3,0,0,27
29,9,19,2,0,0,6,8,0,0,0,14,0,2,10,5,8,1,12,0,3,1,2,3,0,0,0,0,0,0,0,0
0,0,0,0,0,0,0,0,0,1,0,0,0,0,0,5,1,0,1,0,3,2,10,0,3,4,8,0,1,20,0,0
0,0,0,8,4,0,4,0,0,1,7,3,0,4,0,0,2,0,4,0,0,0,0,1,2,0,10,2,5,0,3,0
2,7,0,3,0,0,15,15,7,1,5,0,0,5,0,0,0,6,0,8,0,0,2,0,3,0,11,5,0,4,7,0
0,5,4,0,4,3,0,0,0,1,0,0,2,0,0,3,7,0,0,4,0,0,0,2,0,1,0,0,5,2,0,9
0,0,0,0,0,1,2,1,2,0,0,0,0,0,0,2,0,0,0,0,1,0,6,0,4,0,1,0,0,1,0,0
4,6,5,7,0,0,0,0,0,1,0,2,4,2,3,0,0,0,0,2,0,2,0,18,0,0,2,0,2,0,2,0
0,0,0,1,0,0,3,7,5,0,0,4,0,0,0,6,1,0,0,0,7,12,0,8,2,0,4,3,0,0,0,0
0,0,5,1,0,0,6,0,0,5,0,1,9,2,2,1,4,0,5,0,3,1,0,0,0,0,4,7,0,2,0,0
0,0,11,9,0,5,1,9,4,0,6,4,9,2,0,5,0,0,0,0,0,0,7,1,4,0,11,0,0,0,0,0
4,0,0,0,0,0,4,0,1,0,4,0,0,0,0,0,3,0,0,0,8,4,0,3,0,0,0,2,0,3,0,3
1,0,8,0,0,0,4,7,0,0,0,0,0,0,2,4,0,0,0,0,4,0,1,0,7,0,1,0,0,3,13,0
0,4,0,0,0,0,0,0,0,4,0,4,1,0,4,3,0,0,0,0,0,5,0,3,0,0,0,0,0,0,0,4
0,0,2,6,7,2,0,0,0,0,0,1,0,0,0,0,0,0,0,0,0,0,0,0,6,0,1,0,6,8,5,0
0,0,0,1,0,0,0,9,1,0,3,3,0,3,0,3,5,0,0,3,0,0,0,0,0,0,0,0,0,0,0,9
2,0,0,3,1,0,11,0,0,3,0,7,0,0,0,0,3,3,0,0,2,3,4,0,0,0,0,0,0,0,0,7
5,0,4,0,0,6,9,0,8,4,4,0,0,0,0,4,0,4,0,0,2,0,4,2,0,0,2,2,0,1,0,0
0,0,16,4,0,0,0,4,0,2,3,0,1,0,0,4,0,2,3,0,1,0,0,1,0,5,6,13,2,0,2,11
3,11,0,0,0,0,6,0,2,0,6,6,0,0,0,2,0,0,0,3,0,0,1,1,0,0,0,4,4,0,0,6
0,2,0,0,3,2,6,3,0,3,7,0,3,6,0,0,0,0,5,0,0,0,0,0,0,4,0,0,6,0,3,0
0,0,0,1,0,0,4,0,0,0,9,3,0,3,4,6,0,4,0,0,3,2,0,0,0,0,8,0,0,0,0,8
0,0,11,1,0,0,0,14,0,0,0,6,0,0,4,2,5,0,0,0,5,6,1,0,2,0,1,2,4,0,0,0
0,2,0,1,2,5,1,3,0,0,4,7,0,0,7,0,0,0,0,9,0,4,9,0,0,2,8,0,0,0,3,6
2,0,1,0,0,0,0,2,6,0,0,6,1,0,0,0,5,0,0,0,0,0,5,3,0,0,14,0,0,0,0,9
0,6,3,0,0,0,3,0,2,2,3,2,10,6,0,0,1,0,0,4,0,2,0,0,0,0,2,3,0,2,0,31
9,0,4,0,2,0,0,0,0,5,5,0,0,11,8,0,3,0,0,4,3,0,0,0,0,0,1,0,0,7,6,10
7,1,17,0,0,0,1,3,9,0,4,0,0,2,4,0,0,4,0,8,0,3,14,6,4,0,8,0,0,3,0,2
5,0,1,0,0,2,0,4,0,1,0,0,2,0,9,2,7,0,1,0,5,8,0,0,0,0,0,2,9,0,1,0
3,6,2,10,13,0,0,1,0,0,4,0,0,0,1,0,0,3,7,0,0,0,7,0,5,0,5,0,5,0,0,0
0,10,0,0,0,0,2,0,0,5,7,0,0,0,5,0,0,0,0,5,2,0,0,4,0,3,1,0,0,3,0,0
0,5,0,0,0,9,4,0,0,4,0,0,11,0,3,0,6,0,53,1,9,0,10,4,0,0,0,2,0,10,4,0
7,7,8,0,0,9,0,2,0,2,0,0,0,0,1,1,0,0,12,0,1,0,2,6,2,2,1,0,0,0,0,0
21,0,6,0,18,0,1,0,0,0,0,3,0,0,0,11,1,0,7,0,0,1,0,0,3,0,0,0,0,8,1,0
0,0,0,2,0,0,3,8,0,1,7,2,0,0,7,7,0,1,0,0,1,6,0,1,0,0,0,0,0,3,0,0
4,1,1,1,0,3,0,0,0,9,0,1,0,10,6,0,1,0,4,0,0,4,0,6,0,0,0,0,1,2,0,6
5,0,0,8,1,0,1,0,0,1,0,0,0,0,0,0,5,4,3,0,8,2,2,0,2,0,0,0,1,0,0,0
0,0,2,4,11,0,3,7,8,3,0,0,0,0,0,0,0,4,0,3,1,0,0,6,0,0,0,0,0,0,17,0
15,0,6,0,6,0,5,9,0,0,3,7,0,0,0,0,3,0,2,2,0,1,0,0,0,0,0,5,7,0,0,0
0,2,0,0,0,3,8,0,0,1,0,0,3,0,4,0,3,1,0,0,4,0,1,0,0,7,0,0,0,0,4,2
0,3,0,5,9,0,0,0,0,1,11,0,2,3,0,0,0,0,0,9,0,0,0,0,1,2,0,7,2,6,1,0
8,6,4,3,0,3,0,0,2,0,0,4,0,0,0,2,0,0,0,0,5,0,1,4,1,1,0,1,0,3,3,15
0,0,0,0,4,0,3,6,0,1,0,4,0,0,1,0,0,0,1,6,0,0,6,0,0,0,0,4,9,0,14,3
0,3,0,7,16,0,2,2,1,2,18,6,11,0,0,0,0,1,0,0,0,0,0,6,0,7,0,4,7,0,3,0
9,2,0,1,3,0,0,2,6,2,0,0,0,2,0,0,0,0,0,2,4,8,0,0,0,1,0,0,3,0,0,2
0,0,0,0,0,6,3,0,0,1,0,2,0,0,4,7,0,2,0,2,0,0,0,3,1,0,0,0,0,0,0,18
0,0,0,0,0,5,1,7,10,1,0,0,0,13,7,0,0,0,5,4,0,1,17,4,0,5,1,0,0,2,9,6
6,0,0,0,0,0,0,1,4,0,1,7,3,0,0,0,0,0,0,0,3,0,0,10,1,4,0,0,0,0,0,9
0,0,0,0,0,0,0,8,0,0,0,3,1,3,5,0,3,5,0,0,2,9,0,0,0,0,0,0,0,0,0,0
0,0,13,0,15,4,13,0,4,0,17,15,4,0,0,8,3,0,4,0,3,6,0,2,3,2,0,4,5,0,2,4
0,0,3,8,0,0,2,0,0,0,0,0,0,0,0,0,0,6,0,2,0,0,0,2,3,3,12,0,0,0,0,0
6,6,0,0,25,3,8,0,0,0,0,0,8,0,0,0,12,0,10,7,2,0,5,0,0,2,5,0,0,0,5,0
2,4,0,0,0,11,0,0,0,0,3,0,0,0,1,8,0,0,0,8,7,0,0,0,5,7,0,2,6,5,0,0
0,1,3,0,0,0,3,0,0,0,4,3,0,1,0,6,2,0,0,0,9,0,4,0,0,2,0,0,2,4,3,0
0,0,2,0,0,0,0,0,0,0,0,0,2,0,0,2,7,0,0,0,5,2,0,0,0,0,1,1,0,0,0,0
0,0,0,6,0,0,1,3,2,0,0,5,0,1,0,1,0,0,0,2,3,0,5,0,4,0,2,0,0,3,0,1
2,0,0,0,0,8,0,1,0,0,0,5,0,4,0,0,0,0,0,0,0,3,0,0,2,4,5,0,0,0,7,0
3,1,1,0,0,5,2,6,0,5,0,1,0,4,0,5,6,3,1,0,0,0,0,7,3,0,9,0,0,0,8,31
0,0,6,8,13,2,1,0,0,0,5,0,7,0,3,5,0,0,5,0,0,1,1,3,5,0,0,12,0,0,4,0
0,0,1,0,7,7,0,0,1,7,0,0,0,0,0,0,0,3,2,0,0,0,0,1,0,0,11,1,12,0,12,11
0,12,7,2,3,5,2,4,0,1,7,0,0,0,3,0,0,0,0,0,0,0,2,0,0,2,0,0,0,8,3,0
1,4,13,0,1,0,2,0,0,0,0,0,3,0,0,0,5,0,0,0,4,0,0,0,0,0,7,0,0,0,0,0
4,7,4,0,4,0,4,4,7,0,0,0,7,0,0,6,0,0,3,0,1,7,2,0,0,1,2,2,1,0,0,7
9,0,0,6,1,0,0,9,0,0,0,2,0,0,0,3,0,0,35,0,0,1,0,0,7,1,8,4,5,0,0,0
0,0,3,0,2,0,8,0,0,0,0,1,0,0,2,0,0,1,4,0,0,0,2,0,0,5,0,0,0,4,0,12
31,0,1,5,0,1,0,10,6,0,10,8,0,2,8,3,0,0,11,0,0,0,7,0,0,0,8,0,0,0,0,25
0,0,0,0,8,0,0,5,4,0,1,5,0,0,5,7,7,0,2,2,1,0,0,0,0,3,7,0,3,0,2,9
3,7,6,0,0,0,1,4,0,3,0,0,0,2,2,0,6,0,0,1,0,0,0,0,0,0,0,0,0,1,6,0
0,0,5,0,0,0,0,0,7,0,0,0,2,0,0,7,0,0,0,2,0,0,0,0,0,0,5,9,13,4,6,13
0,0,0,1,0,0,0,0,0,0,13,0,2,0,0,0,0,0,5,4,5,0,4,0,0,2,0,0,0,5,0,7
0,16,0,7,0,0,0,0,1,2,0,0,6,0,1,0,0,0,0,0,0,0,5,0,0,0,0,0,0,0,0,2
2,2,0,0,5,0,0,9,6,0,0,5,0,0,0,0,0,0,1,13,0,3,3,0,3,0,14,9,8,0,0,2
0,7,0,0,6,0,6,7,5,1,0,0,8,3,2,0,0,0,3,3,0,0,1,0,1,0,0,1,1,8,0,16
0,3,0,0,6,3,0,0,1,9,5,4,0,0,2,0,5,0,0,0,0,0,4,0,0,0,2,9,0,0,10,0
0,0,3,0,9,0,0,0,5,1,0,0,0,0,0,3,0,0,3,0,7,6,0,9,0,0,0,0,3,8,0,0
0,0,6,0,2,5,2,0,8,4,0,10,0,4,0,0,2,0,0,0,0,0,0,9,0,0,0,0,0,0,0,4
0,0,0,0,1,0,2,0,12,6,0,0,0,6,0,4,5,4,0,3,0,1,0,0,0,0,0,0,0,1,0,0
0,0,0,0,0,0,7,4,0,0,0,7,0,0,0,8,3,0,4,0,2,0,0,0,0,0,7,5,6,0,0,5
0,0,5,0,1,0,4,0,0,6,1,9,4,0,0,1,8,2,1,0,0,8,0,1,0,0,0,0,4,1,1,1
0,0,4,7,3,5,0,6,0,0,5,1,0,0,2,4,0,0,0,0,3,0,0,0,0,0,0,0,3,0,10,0
6,2,0,0,12,0,1,0,0,0,3,0,0,0,4,0,0,0,0,4,2,1,6,8,5,0,6,0,1,0,6,0
4,0,2,1,6,0,1,0,5,2,3,0,0,0,0,6,1,0,3,4,2,1,0,0,2,3,4,4,0,1,0,0
0,0,0,0,0,0,1,4,0,9,5,0,0,1,0,3,0,0,4,0,0,3,0,0,0,0,0,0,0,5,0,0
0,0,0,1,0,0,6,0,10,2,1,5,0,1,0,0,0,2,0,1,6,1,8,0,0,0,7,0,0,1,1,28
2,1,5,0,0,0,0,0,0,1,8,0,5,3,7,0,0,0,5,5,0,0,1,6,0,0,0,0,2,0,0,0
0,0,5,1,0,0,11,0,1,9,0,10,9,2,5,0,0,1,2,0,4,1,12,1,0,0,1,5,4,0,7,0
0,0,0,0,10,6,0,3,0,0,6,1,1,4,0,0,0,0,0,0,0,0,0,0,0,0,0,1,0,7,0,18
4,0,3,0,0,7,0,0,0,2,10,0,5,0,0,0,0,1,0,0,0,2,0,2,0,11,0,0,4,0,1,0
4,0,0,0,0,0,0,0,0,0,4,0,4,0,9,0,9,0,0,0,0,0,1,0,0,7,4,3,1,0,15,12
0,0,1,6,0,0,0,9,4,4,0,0,13,0,4,5,6,2,3,0,0,4,0,5,3,0,0,0,9,6,7,4
3,8,0,0,10,8,3,0,0,0,0,0,0,0,2,0,10,0,0,0,4,0,7,2,0,2,20,0,11,0,0,0
28,0,3,0,0,1,9,3,0,0,0,8,0,0,0,10,0,0,14,0,6,0,0,1,0,0,0,0,0,0,5,0
0,0,7,0,0,0,0,0,2,0,0,2,3,4,0,0,0,0,4,4,2,4,7,0,3,0,0,0,2,9,0,0
7,5,2,0,2,0,1,0,0,0,2,0,2,4,1,0,0,0,0,0,0,4,10,2,0,3,13,7,9,0,0,15
0,0,0,0,0,0,0,0,0,6,0,3,0,0,0,0,2,0,0,2,0,0,14,0,0,2,0,0,4,0,14,28
12,0,2,10,0,1,0,6,9,0,0,0,0,0,0,0,0,0,29,1,0,0,5,4,1,0,0,0,0,7,11,0
0,4,0,10,4,0,0,2,0,0,4,0,0,5,0,6,2,0,7,0,0,0,0,0,0,3,0,0,0,2,0,27
35,0,0,11,0,0,0,0,2,3,0,0,6,0,1,4,7,0,3,0,2,0,0,0,0,7,0,7,0,6,11,0
0,0,0,9,0,0,0,6,0,0,9,0,0,0,8,2,1,4,0,4,7,0,1,0,4,2,5,0,0,0,0,13
3,0,0,9,0,0,2,0,0,0,0,1,0,0,0,2,0,2,7,0,0,6,7,5,0,0,5,9,2,2,5,9
0,0,0,11,0,0,5,4,9,3,0,4,0,0,3,4,0,0,0,0,2,0,0,0,3,0,9,13,7,9,0,0
0,8,0,0,0,6,0,5,4,0,1,0,0,4,0,0,3,0,0,3,0,2,0,0,0,7,5,0,2,6,12,21
0,0,0,4,0,0,6,0,3,0,5,0,6,0,0,2,7,0,1,0,2,3,0,0,3,0,10,3,6,7,0,4
0,0,0,0,4,0,5,0,0,5,10,0,1,0,0,7,7,0,0,1,1,0,2,0,0,0,0,6,1,1,0,2
2,5,0,0,0,3,0,4,0,0,6,6,5,0,4,0,0,0,1,0,0,0,0,0,0,6,0,0,0,15,4,0
2,0,0,5,0,0,3,0,2,2,0,7,1,0,0,2,0,1,0,0,0,7,1,10,0,2,0,8,0,5,10,3
0,2,0,7,2,0,2,0,6,0,6,4,0,6,0,6,0,0,0,0,0,0,0,5,0,0,9,0,7,0,0,0
0,0,0,0,0,1,9,0,0,3,1,0,5,2,1,0,0,2,0,2,0,0,0,0,0,11,5,1,0,0,0,2
0,0,2,3,0,0,0,0,7,0,0,3,0,0,0,1,0,4,0,8,0,1,0,7,8,0,6,0,0,0,17,0
0,0,7,0,0,0,3,0,0,0,0,11,0,4,0,1,4,3,0,0,6,2,0,0,0,0,5,0,0,0,15,7
0,0,0,3,10,8,0,1,0,3,0,2,0,2,4,0,0,0,0,3,0,0,0,2,0,1,0,0,0,0,0,0
0,0,0,0,0,0,2,0,0,1,0,0,0,8,0,0,1,0,6,4,4,0,1,1,1,5,0,0,0,0,0,0
0,0,5,0,0,8,0,0,0,7,0,0,1,0,0,8,7,0,4,2,3,0,0,1,2,0,1,0,6,4,0,0
8,7,0,0,1,0,8,0,0,0,0,0,0,0,0,0,1,0,0,12,4,2,7,0,0,0,6,0,3,0,0,4
0,7,0,2,0,0,2,0,0,0,0,0,7,0,0,2,0,8,0,1,0,0,0,0,1,0,0,9,0,4,7,8
4,0,1,0,0,0,0,0,5,0,2,0,0,0,0,0,5,2,0,0,0,0,0,0,0,0,0,3,0,0,0,3
0,0,8,0,7,5,6,1,0,0,0,0,15,6,0,0,16,0,7,5,3,4,14,0,0,0,7,9,0,0,6,7
0,4,1,0,3,0,0,10,0,3,0,5,0,4,0,0,3,0,2,4,3,4,0,5,0,0,0,0,0,0,5,0
0,0,0,1,0,3,3,0,0,0,2,0,0,0,2,0,0,3,0,4,0,0,9,3,2,2,0,0,0,2,0,9
0,0,0,0,2,2,3,2,4,0,0,4,7,0,0,1,3,0,2,1,5,0,0,7,0,0,0,0,7,0,5,0
0,0,0,0,0,8,0,0,13,1,1,0,4,0,0,0,2,0,0,3,0,0,4,0,2,0,0,0,0,11,5,13
0,0,7,8,2,4,0,1,0,2,0,0,0,6,2,0,10,0,0,0,0,7,0,0,0,0,0,0,0,0,0,5
6,0,9,0,11,9,1,0,5,5,0,1,5,0,0,6,7,1,0,4,4,4,1,0,0,2,1,0,0,0,0,1
20,0,0,5,0,7,0,8,0,0,2,0,4,2,0,7,0,0,7,1,1,0,9,0,4,0,8,0,0,8,0,2
0,0,0,0,7,0,1,11,5,6,6,6,0,0,7,0,2,0,5,0,0,0,0,3,0,0,0,0,6,1,3,12
2,0,0,3,0,0,0,6,9,1,0,1,0,2,0,0,0,0,1,4,3,0,6,0,3,4,13,0,2,0,2,19
0,4,0,8,11,0,0,5,0,5,0,3,0,0,4,6,11,6,2,2,3,0,12,0,0,0,0,0,0,0,0,0
0,0,0,2,0,0,1,0,0,0,0,0,5,0,0,2,5,0,38,0,0,4,0,0,2,0,0,3,0,0,0,16
6,0,0,1,16,0,12,0,7,0,0,0,8,3,0,0,0,3,3,0,5,2,0,3,8,0,7,0,9,0,6,0
0,1,0,0,0,0,18,12,9,4,5,0,0,2,2,8,0,0,0,0,5,11,4,1,1,0,1,2,0,14,0,0
1,8,0,0,0,0,0,1,0,3,0,4,4,12,8,7,0,0,0,0,0,0,4,0,2,0,8,0,2,0,6,0
0,0,6,10,9,10,4,0,4,2,0,1,2,0,5,1,0,0,0,7,4,0,0,4,4,0,0,0,0,0,0,8
2,0,6,0,0,8,0,0,0,2,4,0,0,3,6,0,0,0,0,0,0,5,0,0,1,7,2,4,15,0,0,0
4,3,9,0,4,1,6,0,0,1,0,0,3,7,0,0,4,1,4,0,0,2,4,3,1,0,2,0,0,0,4,0
0,6,0,0,27,8,2,0,0,0,0,0,1,0,2,0,10,0,11,0,4,6,0,0,8,0,0,12,5,0,0,0
4,0,0,15,0,1,0,0,0,0,15,0,2,0,0,0,11,0,5,1,0,7,4,5,0,0,0,0,0,0,7,6
7,8,0,0,3,0,0,0,4,4,0,6,0,0,5,2,0,0,0,0,0,0,3,0,4,0,0,0,0,1,0,0
0,10,1,0,0,0,0,0,0,5,3,7,3,1,0,7,0,0,0,0,0,1,7,0,9,1,1,9,0,8,0,0
0,0,0,0,9,0,2,11,1,0,5,1,13,3,5,0,3,3,8,4,0,0,0,1,7,5,2,0,2,0,3,0
0,0,0,0,0,2,0,0,0,7,3,3,0,0,1,0,0,0,0,0,0,0,0,5,4,3,0,0,0,4,0,9
7,3,3,7,0,0,8,5,0,0,0,9,4,0,0,0,4,2,0,6,2,5,0,0,0,5,7,0,0,3,0,22
0,0,3,5,12,0,1,0,17,12,0,0,5,18,0,0,0,0,0,5,0,0,0,0,0,0,2,0,2,10,0,0
0,2,1,9,0,2,12,3,0,0,11,0,3,0,0,3,22,0,0,0,16,3,14,0,11,10,0,0,0,0,0,6
0,11,0,0,0,0,0,37,36,7,20,0,0,0,0,16,0,3,0,7,0,8,0,10,6,5,5,0,22,1,3,0
2,12,0,0,0,0,0,33,0,1,21,11,0,1,0,9,0,0,6,0,0,0,0,5,0,6,0,0,10,3,0,0
3,5,0,0,6,2,34,0,50,0,0,0,0,3,0,1,9,0,0,2,0,4,6,0,0,6,0,0,0,0,0,4
0,0,0,0,0,3,0,0,0,0,0,2,5,0,20,5,3,10,0,0,0,2,0,0,1,10,17,7,0,0,0,6
7,3,11,0,0,16,0,0,0,0,0,0,0,7,2,0,14,2,3,1,0,0,0,16,0,12,2,8,0,10,10,0
20,0,0,6,0,0,0,3,5,6,0,7,0,0,0,12,0,9,4,0,2,13,30,5,4,0,0,4,3,0,0,0
1,4,0,0,0,9,27,27,3,8,0,0,0,2,7,0,0,0,8,5,0,9,4,5,6,3,1,0,0,0,0,25
3,6,0,0,0,0,0,0,0,0,4,0,12,0,18,0,0,1,14,4,1,0,0,0,0,0,0,0,12,0,9,7
2,0,19,0,17,0,0,0,0,0,14,3,0,0,7,9,0,0,1,11,0,0,30,6,9,0,0,0,0,3,20,2
3,4,0,0,0,0,13,0,13,0,14,0,0,0,0,4,0,7,0,2,3,8,3,7,0,5,14,0,0,0,0,0
2,0,0,0,26,0,0,78,54,0,0,1,17,0,0,0,6,0,5,7,6,10,0,8,0,1,0,17,0,13,0,26
8,0,23,6,23,24,20,6,25,19,21,0,0,3,0,0,5,1,27,0,10,0,20,4,16,6,0,0,0,0,0,0
0,0,2,0,19,0,26,0,0,0,0,0,0,5,0,0,0,6,11,16,9,8,12,5,0,11,0,0,0,3,0,8
3,0,0,12,16,0,0,4,0,0,34,0,23,2,3,4,0,0,0,13,0,2,19,0,0,2,0,1,0,0,0,0
0,0,0,0,0,0,0,197,191,7,0,19,0,5,1,0,0,0,0,0,0,7,0,0,0,6,0,6,0,0,0,14
0,1,24,0,0,0,10,198,187,12,5,0,10,0,14,13,0,0,7,0,0,0,16,10,0,2,0,0,0,0,0,0
1,0,0,7,3,25,12,174,119,5,5,0,0,32,1,9,22,0,23,9,0,4,11,0,0,3,0,0,3,8,0,0
25,2,0,3,0,0,0,12,4,0,12,12,8,0,7,1,0,0,0,0,0,1,7,6,0,0,4,1,0,0,0,1
5,14,12,9,25,0,2,0,12,8,4,1,4,0,16,4,9,0,0,5,2,0,7,4,0,0,0,1,6,0,7,0
8,0,2,2,22,0,0,0,24,0,0,7,6,0,12,0,0,0,0,0,1,0,4,0,7,0,11,9,0,1,0,0
12,22,15,0,0,3,14,19,0,16,14,4,0,0,1,0,0,7,10,7,0,0,2,18,0,7,0,0,28,0,0,0
0,16,0,13,0,0,23,1,5,5,0,0,28,0,9,0,8,16,0,13,0,0,0,5,0,15,0,9,14,4,16,15
0,13,9,0,0,0,16,0,52,0,0,0,0,0,2,19,3,6,3,10,20,0,0,0,0,16,0,7,2,10,0,0
0,0,6,17,0,0,0,0,31,0,0,11,10,4,0,13,8,1,4,0,0,0,16,5,3,0,0,28,0,10,0,0
1,0,0,0,10,19,0,11,0,7,0,0,0,0,13,2,0,0,3,29,0,0,0,0,0,11,0,0,3,20,0,0
0,0,0,0,6,9,6,0,17,0,11,0,8,0,5,8,0,0,1,1,0,0,0,13,0,0,0,0,11,24,0,4
0,4,0,0,0,8,0,0,0,0,2,4,0,3,3,0,0,0,0,4,4,0,3,0,0,9,16,12,0,6,0,1
3,4,0,2,0,0,2,0,0,0,0,18,5,1,0,9,0,8,8,0,6,5,10,3,0,16,21,0,0,0,0,2
22,0,0,2,0,0,0,3,0,0,0,10,0,8,0,0,0,0,0,1,0,0,3,11,0,6,22,0,0,0,7,17
9,1,0,13,0,0,1,33,0,34,26,0,10,10,0,0,7,0,0,0,0,1,0,1,0,0,0,4,12,0,0,0
0,17,17,1,0,0,10,16,18,17,0,22,0,4,0,0,0,5,18,0,0,6,10,9,0,3,11,5,0,0,0,0
9,0,0,7,13,11,0,23,25,30,7,13,0,4,3,0,0,0,10,6,9,2,0,0,5,0,0,0,1,0,1,8
6,2,1,0,0,0,11,0,0,0,0,18,4,1,0,8,0,0,0,10,4,2,4,4,3,3,0,0,0,0,3,11
0,0,0,0,5,0,0,0,0,5,0,0,0,4,0,6,0,0,0,4,0,16,0,0,0,0,0,16,0,5,0,0
0,3,0,0,0,0,0,0,0,0,0,33,8,2,7,0,0,9,9,1,4,0,10,2,2,0,4,0,0,7,2,8
0,10,5,0,3,0,0,0,11,0,1,14,2,1,1,2,0,0,0,12,0,9,6,0,0,10,0,1,13,0,0,11
0,3,0,0,12,18,5,0,0,0,0,0,0,0,2,8,11,0,0,0,0,0,8,1,0,5,23,0,13,10,13,0
0,0,14,0,11,7,0,4,1,0,11,0,0,0,0,0,4,11,0,3,27,20,1,0,0,0,0,4,0,0,1,0
2,4,13,8,4,17,0,31,0,0,10,0,0,0,0,0,0,5,0,8,0,0,8,0,0,5,0,0,0,0,6,9
3,19,5,0,16,16,0,0,11,8,0,11,7,4,9,0,29,0,0,0,0,0,0,9,9,3,12,0,10,2,27,18
0,4,0,0,0,0,0,23,8,2,0,0,0,0,4,0,2,0,1,5,0,2,2,0,0,0,0,3,7,0,0,8
0,0,6,11,13,9,10,0,0,0,6,0,0,10,0,0,14,0,0,0,1,0,3,0,0,0,0,10,4,0,0,3
3,0,13,0,25,5,3,20,0,4,0,29,8,0,0,0,9,11,0,12,7,0,0,0,0,0,7,0,0,7,0,0
0,0,24,0,0,0,0,0,25,0,8,0,0,0,0,16,0,0,0,1,3,12,13,0,4,0,0,0,0,7,0,7
26,3,10,0,0,0,0,0,0,0,0,0,0,0,0,2,3,0,3,0,0,6,0,19,0,0,0,5,8,0,0,18
6,9,2,0,3,0,0,0,0,1,5,0,2,0,6,0,2,0,9,0,0,7,12,0,0,2,2,3,0,0,0,0
22,7,0,5,0,0,0,3,0,0,5,2,9,0,5,8,0,2,0,13,0,9,0,0,0,0,0,0,4,0,0,0
4,0,4,7,0,0,3,12,0,6,0,0,7,7,0,0,0,0,0,0,0,2,0,5,8,0,1,0,0,8,0,0
0,2,7,0,0,0,0,8,9,0,0,0,0,0,4,2,9,3,30,3,0,0,0,14,0,0,11,12,0,17,9,0
0,4,8,0,0,5,0,0,0,7,8,0,0,0,3,12,0,0,2,0,0,0,0,2,2,9,0,0,16,0,12,42
26,4,1,0,0,8,0,0,3,1,0,0,6,0,0,0,0,0,2,2,0,0,0,0,0,0,18,0,2,0,2,0
0,1,0,1,8,0,3,7,8,1,0,1,4,2,0,7,0,0,0,0,4,6,4,0,2,0,0,11,6,0,0,22
0,9,0,0,0,0,7,1,2,0,0,0,14,0,4,0,2,0,1,5,1,11,0,1,9,13,0,1,0,0,0,4
0,7,0,0,22,2,0,0,0,0,2,5,0,2,0,7,2,7,4,3,0,7,13,2,1,0,0,2,0,0,0,4
0,0,12,0,13,0,7,0,7,0,3,0,0,3,0,0,0,6,8,3,5,0,0,8,0,4,0,1,4,0,2,0
0,0,0,0,0,0,0,0,4,1,0,0,6,0,0,0,0,0,2,0,0,0,0,6,4,6,0,0,0,0,0,0
3,5,0,0,0,1,5,0,3,1,0,3,0,0,0,4,0,0,0,0,0,0,0,5,8,0,1,3,3,0,3,0
11,0,0,0,6,7,0,1,0,3,0,7,0,0,5,0,2,0,6,0,2,0,9,0,2,6,1,1,0,1,13,9
7,0,0,0,0,2,1,13,10,0,2,0,8,5,2,2,4,0,4,0,5,0,0,0,5,0,0,0,0,0,0,7
0,0,3,6,5,0,0,0,3,0,0,1,0,7,2,0,6,2,10,8,3,0,5,0,0,10,0,0,2,0,0,3
0,0,0,0,0,0,0,5,0,1,0,4,0,5,5,0,3,5,0,2,7,2,0,0,0,2,0,0,0,0,8,0
0,0,0,0,0,0,0,0,4,2,0,0,1,1,0,1,2,2,0,0,1,5,3,0,0,0,2,0,1,0,0,4
8,5,0,4,0,1,0,0,0,0,0,5,0,0,11,0,3,0,1,1,0,4,0,0,0,1,0,12,0,0,0,6
1,0,6,11,10,0,4,8,2,0,0,0,0,7,0,0,4,0,5,0,8,1,14,0,1,0,2,0,3,12,0,0
3,2,0,2,0,0,0,0,3,0,0,4,0,0,0,2,0,0,0,1,0,0,0,0,0,2,0,0,2,5,0,0
0,7,6,0,2,3,5,1,0,2,5,9,8,3,0,0,3,0,4,0,3,3,0,3,0,0,0,6,0,5,0,0
0,0,0,6,0,0,0,8,0,0,0,8,0,0,0,6,0,0,0,0,4,0,2,0,1,0,0,10,8,1,8,6
0,6,0,0,0,1,0,0,2,0,6,0,6,0,2,0,1,1,0,4,0,0,6,0,6,0,0,0,0,1,3,0
0,0,0,2,0,0,0,0,0,6,0,0,0,1,6,0,0,0,0,6,0,0,1,2,0,0,4,5,5,3,1,0
0,0,0,0,1,0,0,2,7,0,2,0,0,1,0,0,3,5,4,9,3,0,2,0,0,2,1,0,2,0,2,4
7,0,6,0,13,1,7,10,0,0,0,3,2,0,3,2,0,0,0,0,0,0,2,0,0,0,0,0,0,0,3,0
0,0,0,0,3,13,0,0,0,10,1,0,0,0,4,0,5,0,3,0,4,6,3,2,0,0,0,0,1,0,0,4
1,0,8,0,14,6,0,10,6,0,0,4,2,0,0,0,4,0,1,0,0,0,0,1,1,0,11,0,0,0,0,0
0,7,9,3,5,0,0,0,0,2,0,6,0,0,0,8,0,0,0,0,0,1,0,0,0,1,5,0,0,6,0,0
0,0,0,0,0,0,0,1,0,4,0,0,3,0,0,0,0,14,5,0,0,2,6,4,1,2,7,0,0,0,0,5
2,7,0,1,8,0,0,8,3,0,4,6,0,0,0,0,0,0,0,0,0,0,0,4,0,0,0,0,16,3,0,9
33,0,0,2,1,0,5,10,1,0,1,0,7,0,13,4,0,3,0,0,0,0,2,0,0,4,0,0,8,0,0,0
0,2,5,0,0,0,3,6,5,0,0,10,2,0,0,3,0,1,2,0,2,0,2,0,5,0,3,3,0,4,4,0
0,0,0,2,0,7,2,0,3,0,0,4,0,2,0,0,0,0,0,0,0,8,1,3,0,4,12,0,1,0,0,0
16,3,0,0,0,0,0,3,1,1,0,0,0,0,0,0,1,0,0,1,1,0,3,2,0,0,0,0,8,0,0,0
0,0,5,0,2,0,0,0,7,0,3,9,4,5,0,0,9,7,27,1,0,0,0,0,1,1,5,0,0,0,3,5
5,0,0,12,21,0,0,0,2,0,0,7,0,1,0,0,7,2,10,2,3,0,0,0,0,5,0,4,0,0,0,2
0,0,0,5,0,2,10,1,0,1,0,0,0,1,0,1,0,0,6,9,0,0,0,2,0,8,0,0,3,1,1,0
5,0,9,0,0,0,2,0,0,0,0,0,4,0,0,0,0,0,0,2,0,0,2,4,0,0,0,0,2,0,1,0
8,1,0,0,0,0,3,0,0,0,4,7,7,0,0,0,0,0,0,2,0,3,0,0,0,0,0,0,0,0,0,3
0,0,0,0,0,10,6,7,8,0,4,10,3,0,7,3,0,0,0,3,2,0,0,4,0,5,2,0,0,0,0,0
0,3,4,0,0,3,7,0,2,4,0,0,1,0,0,0,0,1,0,0,0,1,3,0,3,5,8,0,0,0,0,2
0,2,0,7,6,0,0,5,4,0,0,0,0,7,0,0,0,0,1,0,1,0,0,0,0,2,0,4,2,0,5,0
2,0,3,4,7,10,0,0,0,4,0,0,8,7,0,0,3,4,3,0,0,1,3,2,0,3,0,0,0,1,0,0
0,2,0,0,0,6,0,0,0,2,1,0,8,0,1,5,2,7,0,0,0,0,5,0,0,2,0,0,0,11,0,0
0,0,0,3,7,0,0,6,0,0,0,0,0,0,2,17,5,0,0,0,0,0,6,0,0,0,0,0,0,0,0,0
9,0,12,0,0,0,0,0,2,0,0,4,0,0,0,1,0,0,2,0,0,5,4,0,7,2,2,0,0,0,1,2
0,0,9,0,0,8,2,0,7,0,8,9,3,0,3,3,7,3,0,0,0,0,4,3,0,0,0,0,0,4,9,0
9,5,8,0,0,0,0,6,1,2,0,0,0,8,2,0,0,0,0,1,0,0,0,0,0,0,0,0,0,9,0,0
4,0,0,2,2,0,7,2,3,0,0,8,0,2,0,0,0,0,0,5,4,3,5,0,2,0,9,0,2,1,0,5
0,0,0,2,6,0,0,0,3,0,0,4,0,6,0,0,1,0,0,0,0,2,10,4,2,0,0,1,1,0,0,0
0,0,0,2,3,0,0,0,3,0,0,0,1,6,0,3,0,0,2,0,0,0,0,0,1,0,0,0,7,0,0,12
0,3,0,0,0,4,0,0,6,3,0,1,7,0,0,0,5,0,0,0,4,2,0,4,3,0,0,0,8,6,0,0
0,0,6,0,11,3,1,0,0,4,11,0,0,0,7,3,6,0,0,4,0,1,0,2,4,8,6,0,8,0,0,7
0,0,0,13,13,1,2,2,3,0,0,0,4,0,2,0,0,0,3,0,0,0,2,8,0,4,13,3,0,0,2,16
0,0,0,0,0,12,0,3,1,6,12,0,1,1,5,0,3,4,0,0,1,0,0,0,0,0,1,0,0,0,11,16
0,0,9,2,5,0,6,0,0,0,0,3,0,0,0,2,1,7,0,0,3,1,0,1,0,0,0,5,5,16,0,8
3,1,0,1,6,0,0,0,0,0,0,4,4,0,0,3,1,0,0,1,1,0,0,0,0,0,0,10,0,0,5,4
0,6,0,5,0,6,2,0,3,4,0,3,0,0,3,12,0,0,0,4,0,0,0,0,1,0,6,0,0,0,0,0
0,0,0,8,0,0,0,7,1,0,0,0,4,0,0,0,2,0,0,0,0,0,0,0,0,2,7,0,5,0,0,4
0,1,0,5,5,0,0,5,0,0,7,0,5,0,0,0,3,0,0,0,2,0,4,2,2,0,10,6,4,6,0,0
0,0,8,0,8,0,3,0,0,0,0,0,2,0,1,3,0,5,5,0,5,10,0,0,0,0,0,7,0,4,0,11
0,0,0,0,0,0,0,0,4,0,0,3,0,0,8,0,0,8,0,0,0,0,0,0,0,0,0,0,0,0,4,0
14,0,7,1,0,8,11,0,0,7,1,0,1,0,2,4,4,0,12,2,0,0,0,4,3,3,0,0,0,0,0,0
0,0,0,0,1,0,0,0,0,1,0,0,0,0,5,0,1,2,0,1,0,7,0,3,2,0,11,0,0,10,11,0
1,0,11,1,0,0,8,0,0,10,16,0,0,0,0,0,0,0,0,0,0,0,0,1,0,0,2,0,5,4,0,0
1,0,0,0,4,3,0,6,0,3,7,0,0,0,4,0,2,2,7,5,0,5,15,2,1,0,0,5,10,0,1,0
25,4,4,0,0,0,3,4,1,0,2,9,0,0,0,2,4,0,32,5,0,0,2,0,0,13,0,0,0,9,0,0
0,6,0,0,0,7,1,5,0,0,8,8,5,0,0,5,0,2,9,0,0,0,0,0,0,1,10,9,0,1,2,8
0,8,0,0,4,3,0,0,5,5,0,2,0,5,1,1,0,0,2,0,0,0,3,3,0,0,4,0,0,0,5,0
0,0,8,8,2,0,0,0,0,0,5,12,1,0,0,0,0,0,0,6,0,0,0,7,6,2,7,3,2,9,12,0
0,0,3,4,9,6,0,2,0,0,4,0,0,0,0,0,0,0,0,0,0,5,5,0,10,1,0,0,0,0,0,20
0,7,0,5,0,1,0,0,3,0,3,1,4,7,0,4,0,3,0,0,0,0,0,2,0,0,8,4,1,0,0,0
5,1,0,16,4,4,6,5,0,0,6,2,1,2,6,0,0,0,1,5,3,6,9,4,1,4,9,0,8,0,2,5
6,0,2,0,0,0,0,7,6,0,0,0,3,0,6,3,0,0,3,1,0,0,0,0,0,0,6,0,0,0,0,0
0,0,2,0,0,0,0,0,5,0,5,0,0,0,0,9,5,0,0,1,6,6,3,2,0,0,0,0,6,6,4,0
0,3,0,0,0,8,0,6,1,0,1,9,1,0,1,9,0,0,0,0,5,0,7,0,2,10,1,14,6,0,0,1
0,0,0,5,0,1,0,0,0,1,0,6,1,1,4,1,0,0,2,2,2,1,0,0,0,2,0,3,0,8,1,0
0,0,1,4,2,0,0,5,0,2,0,0,3,4,0,3,9,0,3,0,2,0,0,0,0,3,4,0,0,0,0,0
0,0,4,0,12,0,0,0,8,0,0,6,3,7,0,0,0,0,0,8,4,0,0,0,0,6,7,0,3,0,0,0
4,0,6,1,15,2,0,9,14,0,11,1,8,0,0,0,0,0,0,0,9,0,2,0,0,0,0,9,0,0,0,0
0,8,7,0,8,0,2,0,1,4,0,0,0,0,0,0,0,8,2,0,0,5,1,0,0,0,0,0,7,18,0,6
2,0,0,0,2,0,0,5,1,0,0,0,3,0,0,0,2,0,4,0,5,0,1,4,0,0,1,0,2,0,4,6
0,0,0,0,0,0,0,0,0,0,0,3,6,0,0,2,0,0,1,5,0,0,4,2,0,0,0,0,0,6,6,14
2,0,6,0,0,0,0,2,0,2,2,4,2,7,0,0,0,0,3,3,0,0,0,10,4,2,1,2,0,4,9,0
3,0,2,0,2,0,1,2,5,0,0,5,1,0,1,1,6,1,4,0,0,5,3,0,3,0,1,0,0,4,0,0
0,0,0,0,0,0,0,7,0,0,0,0,0,4,0,0,5,3,0,4,1,9,2,0,0,5,2,2,0,0,0,0
0,0,8,0,0,0,4,12,0,0,7,0,0,0,0,6,6,3,0,0,6,0,2,0,0,0,2,3,0,0,0,0
2,1,3,0,0,0,3,0,0,0,13,5,4,0,0,0,0,0,0,0,1,0,0,1,0,0,7,1,0,11,2,0
0,0,0,11,10,0,4,0,8,0,0,0,0,0,2,7,0,0,2,0,0,3,0,4,0,5,2,0,1,0,0,0
0,17,3,0,0,0,0,2,0,0,0,0,0,3,0,0,6,3,5,3,0,0,1,0,0,3,0,0,0,0,0,0
0,9,0,0,5,0,0,0,9,4,1,7,0,5,0,2,0,0,0,0,0,4,0,0,0,0,0,0,0,0,0,0
5,2,0,0,7,0,4,2,1,2,2,7,5,0,3,0,2,0,0,0,0,0,0,4,1,0,2,4,0,0,0,15
0,0,0,1,2,0,0,7,7,0,6,0,0,2,0,0,0,0,1,0,4,1,0,0,0,0,0,0,0,0,3,0
1,0,0,0,4,3,0,0,12,0,0,4,0,0,0,8,0,2,0,0,0,0,0,0,2,1,0,6,5,0,0,0
17,1,0,0,0,10,0,0,0,6,0,3,0,3,0,0,0,0,6,0,1,0,0,4,1,0,0,0,0,0,0,0
0,0,0,0,9,2,0,0,1,0,2,8,0,0,1,1,0,2,3,0,0,0,0,2,0,0,0,0,1,0,0,16
0,7,0,4,0,0,7,0,5,1,0,0,6,0,0,3,1,1,0,0,7,3,6,0,1,0,3,12,0,8,0,0
0,0,0,0,2,9,0,0,0,6,0,0,0,2,2,0,0,0,0,0,0,4,0,2,0,0,0,0,0,2,0,0
0,5,0,0,17,0,5,0,0,0,0,0,0,2,0,9,9,1,36,4,0,0,3,0,2,0,0,0,0,0,0,0
7,8,8,4,12,3,0,0,0,0,0,7,0,0,0,2,0,0,6,2,0,0,0,0,0,0,3,0,0,0,3,17
0,0,0,4,0,0,2,0,8,5,0,0,0,0,0,7,6,1,1,0,0,2,6,0,0,0,14,7,0,0,0,13
3,0,2,0,0,4,4,0,0,6,0,0,2,0,8,0,9,0,8,0,0,0,11,2,0,4,0,0,10,0,10,17
0,0,0,2,0,1,2,16,6,4,3,5,4,1,5,3,2,3,0,4,8,0,5,0,2,0,4,0,0,1,0,0
0,3,3,0,0,0,5,4,0,0,0,7,5,0,0,0,3,0,0,0,0,0,1,0,0,8,2,0,0,8,0,0
0,2,0,0,0,0,8,0,1,0,1,0,8,0,1,0,2,0,0,0,0,5,9,0,0,0,0,0,5,0,0,2
4,3,0,0,3,0,0,13,0,8,0,4,8,0,2,0,2,3,2,0,0,0,0,3,1,5,0,0,4,0,0,0
5,0,1,1,0,7,0,8,0,2,0,2,0,0,0,4,0,0,0,0,0,0,0,0,2,1,0,0,0,0,1,0
6,0,0,2,0,1,0,0,5,1,0,0,0,0,0,1,0,0,0,7,2,0,1,0,1,0,0,0,0,0,2,0
1,3,12,0,5,8,0,0,2,3,4,0,3,10,3,0,1,0,3,7,2,0,3,0,0,0,6,0,1,6,0,0
0,7,0,3,0,0,0,0,8,5,0,0,5,13,0,0,2,0,0,0,0,0,0,0,2,0,0,3,10,4,3,0
2,7,0,4,0,0,5,10,9,0,10,0,0,0,0,4,4,0,4,0,4,0,14,0,0,1,0,0,0,0,3,9
0,3,2,0,15,0,0,0,0,0,7,1,4,4,3,0,3,0,5,2,0,1,0,0,0,0,0,5,10,6,0,0
1,1,8,5,0,1,0,0,0,0,0,0,0,3,1,0,0,1,0,6,0,0,1,0,0,9,4,7,0,3,0,0
0,0,0,5,0,2,0,0,3,2,7,0,5,3,7,3,0,0,0,3,0,0,0,0,0,0,0,0,5,0,1,9
7,0,5,0,4,0,3,0,5,0,0,0,0,0,1,1,2,2,0,5,0,5,6,0,3,5,0,0,0,8,1,0
0,8,0,0,3,5,0,3,0,1,0,2,2,0,2,1,0,0,0,0,0,3,9,2,1,0,5,0,1,4,0,0
8,0,0,12,6,0,0,0,0,1,0,0,0,0,0,0,2,0,1,1,0,0,6,0,6,0,0,5,0,14,0,0
5,6,6,6,0,0,0,0,0,4,2,0,3,0,0,2,0,1,0,1,0,5,0,0,0,1,0,0,2,0,9,31
2,6,0,0,5,0,5,0,5,1,0,0,7,0,4,0,0,0,0,1,4,0,0,0,0,0,4,0,0,0,0,10
3,3,1,0,1,6,0,0,3,0,0,10,11,7,2,0,5,0,0,5,0,0,0,0,0,5,12,3,8,0,0,0
16,0,0,0,12,8,0,0,1,0,3,0,14,0,11,0,6,0,4,5,0,1,3,0,0,0,7,0,1,0,8,2
0,0,0,0,7,0,0,7,2,1,0,5,2,0,1,9,4,0,0,9,4,2,0,4,0,0,0,2,0,0,2,0
0,0,0,8,2,1,1,2,4,0,0,5,2,0,2,0,2,0,0,0,0,0,0,0,0,7,16,7,6,3,0,0
0,0,9,0,0,0,4,10,9,0,0,5,0,0,0,11,1,0,6,0,3,1,0,0,0,4,0,0,6,0,0,0
11,0,1,0,2,0,0,0,0,0,0,0,4,5,8,1,4,0,0,0,0,8,0,0,0,0,0,9,0,0,1,14
0,1,0,0,0,0,9,0,6,0,0,2,0,0,0,0,0,0,1,0,7,3,0,1,2,2,0,0,0,0,0,0
26,13,0,3,0,0,0,3,0,0,7,0,0,0,1,0,0,0,4,0,1,0,0,0,0,0,0,4,3,0,0,16
3,0,0,2,0,0,0,2,0,0,0,8,0,0,0,0,0,0,0,0,0,0,1,0,3,0,6,0,0,1,0,9
0,0,0,1,0,4,0,0,0,0,0,0,0,2,0,7,0,0,0,0,0,10,0,7,0,2,0,0,2,4,0,7
3,0,0,5,0,11,0,0,0,7,0,0,0,0,11,3,0,0,4,1,0,0,0,3,0,0,0,13,4,4,0,4
27,0,0,4,0,10,0,0,0,0,0,2,0,0,4,0,0,4,32,0,0,0,0,0,0,0,0,4,2,6,0,0
9,0,13,7,21,2,0,0,0,0,0,12,1,0,0,0,1,0,12,6,0,0,3,0,0,5,0,9,0,0,0,1
13,0,10,8,0,0,0,0,0,0,4,0,3,0,0,2,0,0,3,0,0,6,0,0,0,0,0,7,0,0,0,0
11,0,0,0,0,0,5,0,0,0,1,4,0,1,0,3,2,6,0,0,7,0,0,0,0,0,12,3,0,2,0,6
6,0,2,0,14,0,0,6,3,0,6,14,3,0,3,6,1,2,2,0,0,2,0,0,2,0,5,0,0,8,15,5
1,0,0,0,6,0,1,0,2,0,5,0,0,4,8,2,0,0,7,0,0,2,0,0,0,0,0,6,0,2,5,0
1,0,0,11,4,0,0,0,0,3,0,0,0,12,0,0,5,0,0,6,0,0,2,0,0,0,0,0,0,3,0,2
0,0,3,1,0,1,0,2,0,0,6,1,0,4,0,0,0,0,0,0,0,0,1,0,0,0,3,9,4,4,7,0
0,6,0,0,4,0,3,0,0,1,0,0,0,2,0,0,2,0,1,0,3,0,3,0,0,0,3,0,3,5,8,0
0,9,0,0,0,0,3,3,0,0,0,1,0,0,0,4,0,2,0,0,0,0,7,7,0,2,0,0,0,0,7,0
0,0,6,0,0,0,4,11,1,0,9,10,3,0,0,5,2,0,0,0,9,0,4,4,2,2,5,12,0,0,0,1
0,0,0,0,0,5,1,0,0,0,0,0,2,0,0,0,0,0,3,0,0,0,2,0,0,1,1,0,0,0,2,0
0,0,0,0,2,8,7,0,0,1,0,0,0,0,0,1,0,0,4,0,3,0,0,0,0,0,0,0,2,2,0,15
0,0,3,4,0,0,6,4,0,2,3,0,0,3,0,0,0,0,6,0,0,0,0,0,6,1,1,0,0,0,2,0
3,5,0,3,10,0,3,18,11,0,0,2,0,0,0,0,0,0,4,3,2,0,2,5,2,1,1,0,0,0,0,0
3,0,0,0,0,0,3,0,1,2,5,0,0,4,0,0,0,0,0,0,0,1,0,0,0,0,0,0,8,1,0,0
0,0,0,0,1,2,0,0,0,4,5,0,5,0,2,0,0,0,4,0,0,0,1,0,3,1,4,0,0,0,0,0
4,7,4,5,0,0,0,10,0,0,0,0,6,0,8,4,2,0,8,1,0,0,1,1,1,3,0,0,5,2,0,8
8,3,0,0,0,0,0,0,2,12,3,0,0,0,13,0,7,5,3,0,0,0,0,4,0,0,0,0,0,0,9,0
3,3,0,4,0,6,0,5,0,0,0,5,0,0,0,0,0,0,0,0,2,4,2,1,0,4,0,0,2,0,4,2
1,0,6,0,0,1,0,3,1,0,1,4,0,6,0,0,7,6,0,0,0,7,0,12,0,0,19,0,12,10,0,19
6,2,3,0,18,0,0,0,10,0,2,0,1,1,0,3,0,0,8,0,0,0,0,2,0,0,0,5,0,0,0,0
0,0,0,0,0,0,0,1,0,0,4,0,1,0,4,0,10,0,0,2,0,1,2,0,0,0,10,0,0,1,0,9
5,4,0,1,0,1,7,2,0,7,0,6,0,4,0,8,0,1,2,0,0,0,0,0,0,0,0,2,13,0,1,0
3,3,8,0,0,1,0,3,7,0,0,0,0,3,1,1,0,0,0,0,3,0,3,7,3,0,5,0,0,0,0,0
6,0,0,10,8,0,0,0,0,1,3,0,0,0,0,0,0,0,0,12,4,0,3,0,2,0,4,0,1,4,9,0
0,6,4,0,0,0,0,0,0,0,0,1,1,1,15,0,5,0,2,4,0,0,0,0,1,7,0,14,0,4,0,0
0,0,0,5,0,12,0,0,9,4,9,2,1,0,4,0,0,0,0,0,5,0,0,4,0,1,0,4,2,0,0,13
22,2,8,6,1,0,0,0,0,0,2,0,0,0,0,9,0,7,3,0,1,3,0,2,0,0,0,5,1,0,0,0
0,0,0,2,0,0,1,0,6,0,2,16,7,2,1,6,0,2,0,0,6,0,0,0,1,3,1,3,0,0,0,0
0,0,0,0,0,0,0,0,0,0,4,3,0,7,0,2,0,0,0,0,0,0,5,0,1,3,3,0,5,0,2,0
0,2,0,0,0,3,6,0,0,0,1,0,0,0,0,8,4,4,0,0,2,0,0,0,6,0,2,0,0,0,0,4
0,1,5,6,0,0,0,3,2,0,0,0,3,0,0,0,0,0,31,0,0,5,9,2,9,0,4,0,0,0,0,0
0,4,8,0,1,7,0,0,5,2,0,0,0,0,0,3,0,6,2,0,0,0,0,4,0,0,0,0,0,5,0,0
12,6,0,0,0,0,0,5,0,0,0,0,0,0,1,0,5,0,5,1,0,0,0,0,0,0,1,0,1,12,5,0
0,15,0,0,3,0,2,1,0,0,1,1,9,0,0,15,2,1,0,3,0,1,0,4,0,6,0,0,0,0,0,0
0,3,10,6,0,0,1,4,0,4,4,0,0,0,0,0,0,0,2,0,2,0,0,0,7,0,3,3,12,2,0,0
12,0,0,5,0,0,4,3,2,5,8,0,0,0,0,2,6,0,1,0,1,5,0,0,0,0,0,0,0,0,0,11
9,0,5,4,0,7,0,0,6,0,4,4,9,1,3,0,0,0,7,0,0,5,0,2,0,2,1,0,0,0,0,26
0,0,9,0,0,5,0,0,2,0,0,0,0,0,0,0,0,2,0,0,0,2,0,1,0,0,14,0,0,0,0,26
1,0,0,6,10,0,0,8,0,10,0,0,0,0,0,0,0,0,0,0,3,0,0,0,0,0,6,7,0,0,0,0
7,0,0,0,8,0,5,0,0,1,1,0,0,0,2,0,13,0,0,0,0,4,0,5,0,0,0,3,0,8,0,0
8,0,0,7,0,2,0,0,6,0,0,2,11,0,0,0,4,0,4,0,2,0,14,2,0,4,0,0,2,0,0,3
0,0,0,0,0,0,0,0,1,4,0,0,0,0,11,0,4,6,2,4,0,10,0,4,2,0,7,2,5,8,15,9
3,1,0,2,0,0,3,0,0,0,7,2,0,0,0,0,2,0,0,0,0,0,7,12,3,0,0,0,0,3,0,5
15,8,10,0,0,2,4,0,6,5,7,1,0,3,0,0,10,0,10,5,0,0,0,0,0,3,5,10,5,2,10,0
0,10,0,0,2,6,0,0,1,0,0,3,5,0,2,4,0,0,0,0,0,0,0,0,0,0,5,0,10,5,4,0
6,1,2,4,6,0,0,2,0,5,0,1,0,0,13,12,0,1,1,0,0,6,0,0,0,0,0,0,0,0,0,4
6,7,0,0,0,7,0,0,0,0,17,0,8,6,2,0,0,0,0,9,7,0,0,0,0,4,0,0,2,0,0,4
0,0,7,0,0,0,12,14,0,0,0,10,16,0,0,0,0,0,6,0,6,18,0,3,3,0,15,9,0,0,6,0
0,0,0,6,5,0,6,12,1,0,0,3,0,17,9,0,0,8,0,0,0,5,0,0,6,0,31,10,3,0,0,1
1,14,2,2,0,0,0,0,0,0,0,51,2,0,0,13,0,0,2,0,0,0,0,5,3,3,0,2,3,8,1,0
26,0,20,16,30,12,0,27,1,3,11,0,0,12,0,0,0,21,16,13,13,10,0,0,6,8,9,0,0,0,2,0
0,0,0,5,0,0,0,0,0,42,0,0,10,0,0,0,6,4,0,17,0,5,6,0,0,0,0,0,0,0,0,0
0,12,1,0,0,0,10,11,30,0,5,0,0,10,0,14,1,0,0,0,1,0,0,0,10,1,0,0,7,0,0,5
4,1,0,10,0,0,0,21,0,12,46,1,1,0,0,7,0,5,0,0,0,0,14,0,0,0,19,25,7,0,0,0
14,0,8,0,17,0,0,0,0,0,0,0,24,0,6,13,21,0,6,0,0,6,1,0,1,0,1,0,5,0,1,0
13,0,0,0,0,0,12,14,35,0,33,0,0,0,0,2,3,0,7,5,1,6,10,8,0,16,0,0,12,18,0,0
2,3,13,0,36,0,0,6,0,39,0,23,30,12,0,17,5,0,12,15,0,14,25,0,0,0,0,7,21,12,0,0
0,0,0,17,0,0,15,0,0,7,10,40,19,0,0,0,4,0,9,2,14,10,4,0,15,11,0,18,0,0,0,11
50,0,0,27,19,0,0,0,11,13,36,0,4,0,0,0,0,0,4,2,0,0,0,0,0,0,7,16,0,4,0,0
6,0,2,13,0,0,23,8,0,0,0,4,7,4,24,0,0,5,2,0,0,5,3,2,9,1,13,0,0,4,0,0
2,0,0,0,18,0,1,0,16,0,0,4,0,0,0,0,0,0,20,5,0,0,0,0,3,7,7,13,15,6,2,30
3,0,0,2,0,0,16,6,0,0,0,33,0,0,5,11,0,8,8,10,0,0,0,0,0,17,0,0,4,0,0,12
0,0,0,25,0,0,0,0,5,8,8,0,7,11,0,0,0,6,25,15,25,0,7,6,0,0,0,1,0,0,0,14
0,0,6,2,0,0,0,0,0,0,0,0,0,3,0,10,0,0,1,3,18,19,21,0,2,0,7,7,4,0,0,5
0,0,5,12,1,0,0,0,8,3,22,14,27,0,0,32,0,0,0,3,6,0,0,0,27,9,11,12,25,6,6,13
1,15,12,0,6,4,3,0,3,40,191,1,0,9,0,0,17,2,0,7,1,0,0,0,0,5,8,0,0,0,16,0
0,0,0,12,0,0,0,10,1,238,191,196,24,0,11,1,0,0,0,0,0,7,5,0,0,0,0,0,0,1,0,0
0,4,0,0,0,1,7,13,0,0,76,12,60,0,16,15,18,0,0,0,11,0,5,0,0,2,8,5,0,7,0,0
50,0,12,0,0,0,4,0,25,0,0,0,22,0,0,4,6,7,0,0,2,0,9,10,0,0,3,0,5,0,0,0
10,0,0,0,10,0,0,31,0,16,0,0,11,14,14,25,0,0,0,8,0,17,0,0,0,5,0,0,0,0,0,22
0,3,9,0,0,0,16,19,18,0,0,0,16,0,0,7,0,0,0,0,0,5,7,9,0,0,14,18,14,0,8,0
26,22,0,0,0,1,13,0,11,6,0,0,1,0,2,8,0,0,4,1,0,11,0,0,0,0,13,1,0,0,0,0
1,0,7,0,0,10,13,0,0,4,42,14,0,0,0,21,22,0,5,0,27,0,16,21,9,0,0,6,6,0,0,0
0,0,21,5,28,9,13,0,24,0,0,12,0,0,0,0,0,8,20,0,0,1,0,0,1,0,0,0,0,12,2,0
0,0,26,5,0,0,0,4,5,0,0,0,0,0,0,0,0,0,0,0,0,18,11,5,0,0,30,0,2,15,0,0
13,0,26,7,25,1,7,11,22,28,0,0,0,0,11,0,17,5,0,0,0,3,11,0,0,11,22,0,0,0,0,0
1,0,3,10,9,0,7,0,0,7,0,14,35,14,2,0,0,0,6,3,3,0,10,9,0,0,0,0,0,0,8,0
8,0,7,0,0,0,3,2,0,1,11,0,0,14,0,0,0,0,21,4,0,0,0,0,0,0,7,0,0,4,0,22
0,0,0,0,0,7,1,0,0,4,32,18,26,0,2,0,0,0,0,0,4,6,0,0,8,0,14,0,0,0,0,8
0,0,8,9,7,8,0,0,0,0,11,12,0,4,15,0,8,0,0,0,0,0,0,0,2,0,0,0,0,0,0,0
0,0,0,4,5,0,7,7,14,0,36,14,33,8,7,5,10,10,0,0,0,22,10,0,8,0,0,1,0,0,3,0
11,0,0,0,0,3,0,1,13,4,17,0,0,0,0,0,0,4,15,0,0,0,4,0,1,20,0,0,0,0,0,0
0,0,0,0,4,0,22,19,0,1,3,0,6,0,2,0,0,0,0,3,10,0,2,3,4,0,6,6,14,2,0,3
27,0,2,18,0,0,6,3,2,4,8,0,0,6,11,7,5,0,9,5,4,0,0,0,11,0,40,0,3,0,0,0
4,5,0,5,0,5,0,11,26,12,0,8,0,2,0,0,0,9,4,3,0,17,0,5,0,6,0,0,0,1,2,0
0,0,0,0,10,2,0,0,0,5,44,8,26,0,0,6,10,14,0,0,0,0,5,16,0,0,8,18,0,0,0,9
12,15,0,0,0,13,0,0,23,0,6,6,19,0,0,0,0,5,0,3,0,0,0,10,0,10,15,12,4,0,7,0
0,3,0,13,0,13,10,0,0,0,10,9,0,0,0,0,14,9,0,8,13,12,11,5,0,0,0,0,0,3,0,1
0,1,17,0,0,0,0,0,19,0,4,0,15,0,7,3,0,2,1,0,14,4,0,17,0,0,0,2,7,0,0,0
0,0,1,16,1,0,7,0,23,19,24,0,2,8,0,1,0,3,0,0,0,0,0,11,0,0,0,15,0,0,0,23
0,2,0,2,0,0,11,0,0,7,0,1,5,0,0,0,0,0,7,14,0,0,0,2,0,0,13,0,8,0,6,4
0,7,1,0,19,0,0,2,1,0,7,0,6,6,2,6,0,10,16,8,0,0,16,1,16,0,0,0,10,0,4,9
5,0,5,0,0,0,3,19,3,0,0,9,9,0,5,7,0,0,10,10,0,8,25,0,0,4,14,0,12,0,18,0
0,2,21,3,0,0,13,0,0,0,20,29,18,0,0,0,18,0,0,11,22,10,0,0,11,0,12,3,0,0,1,0
27,1,7,0,13,10,32,0,8,18,34,0,0,6,0,0,0,5,2,0,0,0,0,4,5,6,26,7,0,0,10,0
0,0,0,0,5,0,0,7,0,0,23,0,23,0,7,4,0,2,2,7,0,0,0,0,0,0,3,2,0,3,9,3
0,0,2,6,0,0,16,0,10,2,0,21,0,1,0,0,0,0,5,16,5,4,6,6,0,0,0,6,0,0,0,31
0,0,0,0,0,1,12,0,0,13,221,37,8,0,7,6,2,0,0,0,0,8,0,0,0,0,0,6,3,2,3,7
6,0,14,9,1,0,0,0,8,0,112,26,5,0,0,7,0,3,0,0,0,0,16,1,10,6,0,1,2,0,0,7
0,0,14,0,0,0,7,2,0,0,4,0,0,0,0,4,0,2,0,2,0,16,2,10,0,0,2,0,3,0,0,0
0,1,16,4,21,17,4,0,3,0,29,13,26,0,0,16,0,2,0,0,0,3,0,0,8,0,0,5,0,0,0,0
6,0,0,0,0,5,1,18,0,5,0,0,15,3,8,8,11,0,17,7,6,16,0,8,0,0,0,0,4,7,4,0
0,0,1,7,16,0,16,0,0,0,36,6,0,7,0,4,0,2,0,18,0,0,18,0,0,0,9,0,0,0,0,10
9,0,3,0,0,7,0,0,0,5,5,1,0,1,1,8,0,0,8,0,4,3,2,0,2,6,7,0,0,0,3,17
4,11,0,0,4,8,0,0,7,0,5,0,0,0,0,0,6,0,6,0,0,0,5,0,2,0,0,2,0,0,0,0
0,8,0,0,0,7,7,0,0,7,5,2,1,0,4,0,0,7,6,5,0,0,11,5,0,0,6,0,0,1,0,0
2,7,12,3,13,0,3,1,0,0,0,4,0,0,0,0,0,2,4,8,0,0,12,1,0,3,5,0,7,0,0,22
0,0,0,0,2,11,0,0,0,0,6,0,0,0,1,5,1,0,8,4,0,0,3,3,2,2,12,0,0,0,0,14
7,4,10,1,0,0,7,10,5,0,13,0,0,0,0,0,0,0,4,0,0,5,8,0,0,0,0,0,0,0,5,0
9,0,0,0,11,9,0,0,0,0,0,2,5,0,0,5,0,0,1,4,0,0,2,0,0,0,0,0,1,0,1,4
0,5,4,0,0,0,0,2,3,0,0,3,3,0,7,0,7,0,0,0,0,0,0,0,0,3,0,0,1,0,7,0
1,5,5,2,0,0,4,0,6,0,0,0,0,1,0,7,0,0,0,0,1,0,4,4,6,0,0,0,0,4,4,10
2,0,1,0,4,0,0,7,2,0,0,9,0,2,0,5,5,5,3,0,0,0,5,0,0,0,0,0,1,0,0,3
1,0,0,0,0,2,6,0,5,3,0,0,0,0,0,2,3,2,0,1,0,4,0,0,5,0,3,0,0,3,6,0
0,0,9,0,0,0,0,0,5,4,0,0,0,2,0,0,0,0,0,12,0,2,3,6,0,0,0,4,0,8,16,0
3,3,4,6,0,1,2,0,0,0,9,2,0,0,2,0,0,0,0,9,1,0,2,3,0,9,0,0,0,0,5,0
11,2,0,0,10,0,0,0,0,3,2,4,3,0,2,0,0,1,0,7,6,0,0,9,2,0,6,0,0,6,0,0
1,0,0,0,0,0,0,3,0,6,0,0,0,1,0,6,3,0,2,0,5,0,0,1,3,0,0,0,0,0,0,0
0,0,1,2,3,0,0,6,6,4,0,5,5,4,0,0,7,0,0,4,0,0,7,1,1,0,0,0,0,0,0,0
0,3,14,3,0,0,5,0,2,5,0,0,2,2,3,1,7,8,7,0,3,0,0,3,0,0,0,0,0,2,0,4
5,0,0,0,0,0,7,12,12,9,0,5,7,0,2,8,0,0,0,0,1,6,0,1,0,0,1,0,0,6,6,11
0,3,4,2,0,6,0,2,0,0,0,0,0,0,0,0,0,0,0,0,3,0,0,0,0,0,0,0,0,0,0,5
0,4,0,8,0,2,0,3,0,4,4,0,7,3,5,0,0,0,0,0,0,5,4,0,0,2,0,5,2,0,0,4
0,5,0,0,1,5,0,9,4,3,0,0,4,0,0,5,0,0,0,0,3,8,1,2,0,0,15,4,0,0,11,0
0,0,0,0,0,3,0,0,0,0,0,7,4,0,0,6,4,0,2,1,5,5,8,0,9,6,13,0,0,0,0,5
0,9,0,7,0,3,0,8,0,1,0,0,0,2,0,1,0,0,0,3,1,1,0,0,3,0,0,0,12,0,5,7
0,0,0,0,0,0,2,1,3,0,2,3,5,11,0,7,4,0,44,0,0,5,6,0,0,0,0,0,2,0,0,0
5,8,0,0,0,4,2,0,4,0,0,0,0,6,0,0,2,0,0,0,0,0,0,4,0,5,0,2,14,1,0,0
0,0,1,7,0,0,3,13,0,0,4,0,0,4,0,0,0,0,4,5,0,2,0,2,7,0,0,7,0,7,8,0
0,0,0,0,0,3,0,2,2,0,0,1,2,3,4,0,0,0,0,0,4,0,0,0,0,0,0,7,1,0,12,0
8,6,0,1,0,0,6,0,0,0,7,10,5,0,0,0,0,4,0,0,0,5,0,0,3,0,0,0,0,0,0,0
24,0,0,0,0,0,2,0,1,0,0,2,4,0,0,0,3,0,0,5,0,0,0,0,0,8,0,0,0,0,0,0
0,0,0,5,0,0,2,2,9,0,0,0,3,0,10,12,7,0,4,2,2,0,0,0,0,2,0,0,0,0,0,8
0,9,0,1,0,0,3,1,0,0,3,2,7,0,6,0,8,0,0,0,2,3,9,0,1,0,1,1,3,0,2,0
1,3,10,3,0,0,1,0,0,0,2,0,0,0,0,0,0,0,0,3,0,1,0,5,0,6,0,0,0,0,0,0
1,0,7,0,4,0,1,12,0,7,0,0,0,7,0,2,1,0,1,0,0,1,0,0,0,8,0,0,1,0,0,16
0,14,1,0,0,0,0,16,1,0,3,0,4,0,2,6,0,0,1,0,1,8,4,0,0,0,0,0,0,0,2,0
0,3,0,4,0,4,2,0,0,0,0,0,4,5,2,0,2,4,0,0,0,0,6,0,1,0,8,0,12,0,9,6
5,13,0,0,0,0,0,11,0,0,1,0,0,0,0,0,6,1,0,0,0,0,0,0,0,0,0,1,0,0,14,20
0,0,9,2,12,0,0,0,0,0,0,1,0,2,0,4,3,2,0,5,0,2,1,0,0,0,0,0,5,0,5,28
4,16,0,1,0,0,0,0,0,0,5,7,2,0,0,3,0,1,0,0,0,0,0,1,5,0,5,4,17,13,0,0
4,0,6,0,5,1,2,0,3,0,0,9,0,0,1,0,0,0,6,1,7,0,7,0,0,0,1,0,4,4,7,0
0,1,6,3,0,0,0,9,4,0,1,9,0,0,2,0,0,0,7,0,6,0,6,1,0,0,6,0,0,2,0,1
0,0,5,3,0,0,10,8,0,4,2,0,8,0,0,0,3,0,0,1,0,0,1,0,9,3,0,2,0,8,1,0
0,0,7,11,0,0,5,11,3,0,0,0,1,3,0,0,0,1,0,0,0,0,0,0,2,5,4,6,0,1,0,0
7,0,0,0,7,7,1,0,6,0,0,0,0,7,1,1,0,0,2,6,2,0,8,0,1,1,0,8,3,0,0,1
0,10,0,2,0,0,0,0,0,4,3,0,5,13,0,0,3,0,0,2,4,0,0,0,0,0,5,0,6,1,3,0
3,0,6,2,0,4,4,0,0,0,6,0,0,0,2,0,0,0,0,0,1,0,0,0,7,0,0,0,6,0,0,11
3,4,0,0,4,3,3,0,0,1,12,0,0,2,0,0,3,4,0,0,0,1,0,6,4,0,0,5,0,0,16,6
0,0,0,0,8,6,0,11,1,0,0,0,0,2,2,0,5,1,0,3,4,0,11,0,8,0,0,0,0,1,0,0
2,2,0,1,0,0,2,8,1,0,0,0,2,0,0,0,0,1,0,0,0,3,0,0,6,0,10,2,0,0,2,1
11,0,3,0,6,3,3,0,0,1,3,0,7,0,0,0,2,5,1,0,0,0,0,0,0,0,0,0,0,5,0,0
0,7,0,0,9,0,0,1,0,0,0,0,1,0,0,0,0,2,4,0,5,0,0,4,0,6,17,2,2,16,0,0
0,3,9,2,0,0,6,0,3,0,0,0,4,0,8,0,0,3,0,0,9,0,0,1,0,0,1,5,0,4,0,10
34,0,3,0,0,7,0,0,3,11,0,0,1,8,5,0,3,0,13,0,0,0,0,7,0,0,0,0,0,1,8,0
6,7,0,0,0,0,1,0,0,0,0,1,0,0,4,0,0,0,1,4,5,0,1,2,2,2,5,3,5,1,7,0
5,0,0,2,0,0,2,0,7,0,0,2,0,0,0,0,0,0,1,0,10,0,0,0,0,0,0,0,0,0,0,0
0,0,7,2,0,8,2,5,0,1,0,15,3,0,3,0,2,0,2,0,0,1,4,7,0,0,0,0,0,0,7,17
10,0,0,0,0,0,5,4,0,2,0,0,6,0,0,0,2,4,31,5,0,0,0,0,7,3,3,0,7,7,0,0
20,0,8,0,0,0,0,4,0,3,6,0,0,2,2,2,0,0,0,0,6,0,11,0,3,0,0,0,8,0,0,0
18,1,6,6,0,13,0,1,3,0,1,1,0,2,4,0,0,2,5,0,3,0,0,8,0,0,9,1,3,1,0,6
1,6,2,0,0,0,0,5,3,0,6,0,1,4,4,1,1,0,0,0,2,2,0,5,0,5,0,0,0,0,0,12
3,0,4,4,5,0,7,4,0,1,5,8,1,0,0,0,1,4,3,2,2,3,6,0,0,0,0,3,0,0,0,4
0,0,1,0,0,1,0,0,0,4,1,5,13,0,0,6,0,0,0,4,0,0,0,1,0,0,0,2,6,0,5,0
8,0,1,0,17,1,0,0,0,0,4,1,0,0,0,4,0,0,0,4,0,0,0,3,0,0,6,0,0,2,0,5
3,0,0,0,1,0,0,0,0,0,9,2,0,0,5,4,2,4,0,3,3,0,0,0,0,1,7,0,9,0,0,0
0,5,2,2,2,0,0,0,2,0,5,7,6,0,1,0,0,1,0,0,0,0,0,2,0,2,0,1,3,0,16,8
3,0,0,5,1,12,0,0,0,0,0,2,0,0,0,0,0,0,4,7,0,0,0,5,0,1,0,0,0,0,0,0
0,2,3,1,0,0,0,0,11,0,0,5,0,1,4,4,0,0,0,0,2,0,0,2,0,0,0,0,4,4,1,0
2,1,2,0,0,0,0,0,0,6,0,0,0,0,1,0,4,0,3,2,1,0,0,6,1,0,0,0,0,4,0,0
0,0,3,1,0,0,8,2,0,0,0,1,0,0,0,8,3,0,0,3,4,0,4,3,1,0,0,3,1,0,0,20
0,0,0,2,0,0,0,3,0,4,0,0,0,1,0,0,0,0,0,0,0,0,0,1,0,0,0,0,0,7,13,0
0,0,1,0,1,0,0,7,5,8,3,12,0,0,0,0,2,0,0,4,5,0,0,4,1,1,0,0,0,4,3,12
0,9,0,0,0,4,4,0,1,0,0,2,0,3,3,0,0,0,0,0,2,0,1,0,0,1,1,2,0,0,9,0
0,1,0,0,2,0,0,0,0,2,0,0,0,3,7,0,1,5,0,0,0,1,0,0,2,0,6,2,10,0,0,1
2,3,1,8,3,2,4,0,0,0,11,0,7,1,2,0,0,0,2,0,0,5,0,0,8,0,0,0,10,2,8,0
0,0,0,0,7,0,0,0,4,0,6,0,4,0,9,0,2,0,0,2,0,4,0,0,0,9,0,0,0,0,0,3
0,0,0,5,0,6,2,0,2,0,3,0,0,1,0,0,0,0,9,0,0,0,0,0,3,3,0,0,0,1,0,13
0,1,0,0,7,0,9,0,9,0,0,3,1,2,7,9,0,2,2,0,0,0,11,6,0,0,2,0,0,0,0,22
0,3,0,0,0,0,3,0,0,7,0,3,0,0,1,0,0,0,0,0,4,0,0,0,6,8,9,0,0,2,12,14
2,0,5,6,0,0,1,8,9,0,0,0,3,1,4,0,5,0,8,0,0,0,10,0,0,2,3,5,0,0,8,3
4,0,0,6,3,0,5,3,7,2,0,0,0,0,0,0,0,10,0,3,0,4,2,0,0,0,1,0,0,0,0,0
0,1,6,2,9,0,0,0,0,4,0,0,0,4,4,4,4,0,5,2,4,0,0,0,0,0,0,10,0,0,0,0
3,0,0,3,3,0,0,3,5,0,2,0,0,0,4,0,0,0,10,2,1,6,0,0,0,3,0,0,4,3,0,6
4,0,0,12,0,0,0,0,0,0,5,0,0,8,5,3,1,3,0,0,1,2,0,0,0,0,5,0,9,0,0,17
0,4,16,0,1,1,0,0,0,0,0,3,0,6,0,3,2,0,2,0,1,0,8,4,6,2,3,0,1,0,3,7
13,4,18,0,0,7,10,0,0,1,0,0,0,0,0,0,4,2,8,0,4,2,4,0,0,3,7,0,0,0,6,0
1,0,0,0,6,8,0,3,1,0,5,1,0,0,0,1,2,0,0,0,1,0,0,2,0,0,0,0,0,0,0,6
5,4,0,3,3,0,2,0,0,0,0,0,0,7,0,0,7,5,2,0,3,0,2,2,0,0,6,0,14,0,8,3
6,0,11,0,23,7,1,6,6,2,14,0,0,0,0,1,3,0,0,0,2,3,0,0,4,0,0,0,5,1,0,15
20,7,3,0,0,0,3,0,4,1,0,0,3,0,4,4,4,0,33,0,4,0,2,0,0,0,0,0,12,4,0,4
10,0,5,1,0,0,9,0,0,0,7,4,0,0,0,0,0,0,2,0,0,5,0,1,0,0,0,2,0,6,2,0
10,7,5,0,17,5,0,0,2,0,0,0,0,4,0,0,0,0,13,0,0,0,0,0,3,5,1,6,0,0,0,2
0,0,1,8,0,0,1,0,0,0,4,0,0,1,0,3,0,0,0,0,1,7,0,2,0,2,0,10,7,10,0,11
0,0,3,0,13,10,4,0,2,0,0,0,6,0,0,4,5,0,0,0,0,5,5,0,0,0,9,0,1,0,0,5
0,0,0,0,1,0,1,0,0,0,10,0,9,5,2,0,0,5,0,3,3,6,0,2,4,6,0,0,0,0,4,0
0,0,4,2,0,0,4,0,0,0,1,6,6,0,4,0,0,6,0,0,0,1,0,3,6,0,0,0,1,0,0,6
7,10,20,0,6,3,15,7,8,0,3,8,0,0,4,6,0,2,7,8,1,0,4,0,0,0,0,0,0,0,2,0
0,5,11,3,0,0,0,0,0,15,1,20,0,0,0,2,0,0,0,0,0,2,1,2,0,0,0,6,6,6,0,3
9,2,0,0,13,3,2,4,0,0,4,0,0,0,0,0,0,0,5,0,4,1,6,0,0,0,0,11,0,0,0,0
0,0,0,0,0,1,0,0,0,0,0,0,1,5,2,3,0,2,3,0,0,0,0,2,0,0,0,0,0,0,17,0
1,0,8,0,0,2,5,5,9,0,6,12,0,0,0,0,0,0,1,3,7,1,8,0,0,0,1,4,0,0,3,1
0,8,0,3,0,0,3,0,3,0,0,2,5,0,0,4,0,0,0,0,0,0,0,0,2,1,0,3,0,7,11,5
1,3,0,4,4,7,3,6,0,0,4,0,1,0,7,0,0,0,3,8,0,7,2,0,0,0,0,0,15,0,0,0
0,0,6,0,0,12,2,0,8,0,4,0,7,4,5,0,0,3,0,9,0,7,0,3,0,0,0,0,0,8,15,0
4,0,0,2,7,0,3,1,0,0,8,0,5,4,3,0,4,0,4,8,5,3,6,1,0,0,0,0,4,0,0,7
1,0,0,0,0,2,0,5,0,0,3,2,0,0,0,1,0,2,0,2,0,0,2,3,3,0,0,0,0,0,0,0
3,2,0,0,0,0,0,0,0,1,5,5,0,0,0,0,9,0,6,0,0,4,2,0,0,0,0,0,0,0,2,0
0,1,0,2,10,0,0,5,0,0,0,0,0,5,0,0,0,0,0,0,0,4,0,0,0,1,0,11,0,2,0,0
0,0,0,0,5,0,0,0,11,0,0,5,0,0,0,1,0,0,0,0,0,0,0,0,0,5,0,1,0,0,9,0
