9,0,6,0,0,0,1,0,7,0,6,0,0,9,0,6,8,5,0,12,0,2,0,0,0,7,0,0,0,9,7,0
8,0,1,6,2,0,0,0,7,0,7,0,4,0,0,0,0,0,1,4,0,2,1,3,0,2,1,1,0,5,15,4
0,11,2,0,15,7,8,0,8,5,5,0,0,0,0,0,3,0,2,0,4,2,5,0,0,0,17,6,0,8,4,15
0,0,0,0,0,0,5,0,1,2,0,5,0,0,0,4,0,2,0,4,0,0,0,0,7,5,0,0,0,9,3,19
0,0,5,4,0,3,4,5,0,0,2,0,0,0,2,11,5,0,0,0,1,0,5,0,0,0,0,0,1,0,0,0
5,4,6,0,0,0,0,1,0,0,0,0,0,7,0,0,0,0,0,0,1,1,0,0,0,6,0,0,0,0,0,0
0,0,0,0,0,0,0,0,0,0,4,3,5,2,0,0,0,0,0,0,0,1,0,4,0,0,0,0,0,2,2,0
0,16,0,4,11,0,13,0,0,0,0,7,0,0,0,9,0,0,0,1,0,5,0,0,6,0,5,4,0,0,5,10
8,7,0,10,8,0,0,0,0,0,0,13,5,9,0,0,3,5,17,4,6,7,0,0,0,3,6,9,10,7,0,13
0,10,3,4,0,2,0,0,5,0,0,0,7,7,0,0,0,2,5,0,14,0,0,0,1,5,14,0,0,0,16,0
0,0,0,6,2,0,0,10,0,0,8,0,0,12,0,0,2,2,0,0,7,0,4,0,5,0,0,0,0,0,0,0
1,0,7,2,0,0,3,11,3,0,0,6,2,0,0,0,0,0,0,6,5,0,0,1,0,0,1,0,0,18,0,0
13,7,0,7,4,6,4,8,2,9,4,9,0,0,0,0,10,2,49,0,3,0,3,9,0,2,0,0,0,2,0,0
0,11,16,8,3,0,0,1,0,0,6,0,0,7,0,0,0,0,5,6,6,0,7,0,6,0,4,0,4,0,0,8
2,0,0,6,0,0,0,7,2,4,0,0,1,0,0,5,0,0,0,0,0,0,0,0,6,0,0,3,0,0,0,0
0,7,4,0,20,0,14,0,0,0,3,0,0,0,0,0,0,1,0,0,0,10,0,0,0,0,0,2,5,0,0,20
1,11,2,1,1,9,4,9,0,0,0,9,10,0,0,0,0,6,0,3,8,4,0,0,0,0,8,0,4,0,0,12
0,0,7,0,0,0,3,2,0,0,0,7,0,0,0,6,0,3,0,0,0,0,0,0,0,5,4,3,0,0,12,0
0,0,3,2,1,8,0,0,0,5,7,0,1,0,9,0,0,0,0,0,0,2,0,1,0,0,1,0,0,0,0,15
3,7,0,1,9,0,2,10,0,0,0,3,0,0,0,0,1,6,6,7,1,2,4,2,3,0,15,17,0,0,10,3
6,0,0,10,7,0,0,0,6,5,8,6,2,5,0,1,0,3,9,0,2,0,11,1,3,7,0,0,0,10,9,0
0,0,1,0,12,0,11,0,7,0,0,0,0,0,0,9,0,0,2,3,1,10,0,1,8,3,18,0,0,0,0,0
0,0,13,0,1,7,4,0,5,8,0,0,6,0,3,1,2,4,1,0,0,0,1,0,0,0,0,8,4,0,0,0
0,0,1,0,0,0,0,4,0,0,2,2,2,0,1,4,0,4,0,0,2,3,2,5,0,6,0,11,0,0,0,0
1,0,0,0,0,7,0,0,7,0,0,0,0,1,0,0,1,0,0,3,0,5,0,0,0,9,6,1,0,0,18,24
0,0,2,0,0,0,0,3,2,0,1,0,0,1,0,6,0,3,0,4,0,0,0,0,0,1,0,0,2,1,0,0
0,0,0,0,0,10,0,0,0,2,0,4,0,0,0,1,5,0,3,0,3,2,0,1,0,5,0,0,0,0,0,0
0,0,0,4,0,0,0,4,0,3,0,8,0,0,0,1,4,0,1,4,0,1,0,1,0,3,10,6,0,0,0,0
5,0,0,5,0,2,2,1,7,0,0,12,0,10,2,0,0,7,0,0,0,0,0,0,0,0,6,5,0,0,0,6
3,2,0,0,1,0,0,0,6,1,0,0,0,0,0,4,0,4,2,0,0,1,0,1,5,0,0,0,0,0,12,0
4,0,16,0,2,5,0,0,9,1,0,0,7,0,0,4,3,0,0,2,2,0,0,5,0,0,0,4,9,0,6,0
0,0,0,12,0,0,0,3,0,0,10,0,0,0,0,0,0,8,1,7,0,0,0,0,0,0,0,2,0,0,2,25
0,7,0,0,0,7,0,0,1,0,0,0,0,2,0,0,0,0,0,0,0,0,0,0,0,0,0,0,4,5,12,3
7,0,0,4,0,7,0,5,0,0,5,5,1,11,12,0,3,0,0,0,0,2,0,0,1,2,0,0,0,13,0,0
0,4,0,8,0,0,0,0,0,0,1,0,4,0,5,3,0,3,0,2,0,0,0,0,0,0,0,0,0,0,1,21
0,0,2,2,5,0,0,0,0,0,1,5,4,0,6,3,0,0,3,6,0,3,6,0,6,5,19,0,12,0,0,0
0,6,0,0,0,2,0,0,0,0,0,5,0,14,1,0,0,0,0,0,1,2,0,1,0,2,0,5,0,0,0,0
0,3,0,4,0,0,2,0,12,0,0,0,0,0,0,0,0,0,1,0,2,0,0,5,0,0,0,2,0,0,15,9
1,0,3,0,3,0,6,5,3,0,0,6,0,0,0,8,10,0,0,12,4,8,0,0,0,2,0,0,2,16,0,8
0,0,0,7,3,0,0,8,0,0,0,3,1,0,0,0,0,0,0,0,0,0,7,1,0,0,0,3,0,0,0,0
26,3,6,0,3,2,1,0,9,0,0,0,6,7,0,0,11,0,4,1,1,0,5,9,7,5,4,2,0,0,0,5
0,3,2,0,0,12,0,5,7,0,0,0,8,0,3,5,5,0,0,0,0,0,0,7,0,0,0,0,0,0,0,0
0,10,1,5,10,0,0,10,0,2,0,0,1,0,7,0,0,2,1,4,0,1,0,0,0,0,5,0,0,0,0,13
5,6,0,0,3,9,1,0,0,0,0,0,1,0,6,4,0,5,0,0,1,0,0,3,4,0,0,0,0,12,1,15
23,0,0,6,0,2,0,8,0,0,0,0,0,3,1,0,0,7,47,0,0,0,0,0,0,7,1,0,0,0,1,0
0,0,9,0,6,4,0,0,0,0,0,0,5,1,0,0,0,3,12,0,1,0,0,0,13,2,15,1,0,9,0,0
10,0,0,0,5,0,0,5,1,2,1,10,4,0,0,4,4,0,12,0,0,0,10,0,0,1,0,13,1,0,0,17
0,0,8,0,0,0,0,0,4,4,0,3,1,0,0,4,0,0,7,1,1,8,2,0,0,0,0,4,0,0,6,5
0,3,0,17,0,8,0,0,2,0,0,8,0,0,0,0,3,0,0,0,2,1,1,0,5,0,0,0,0,9,0,0
0,0,5,7,2,0,5,3,0,0,0,0,0,0,2,0,11,2,0,1,6,0,1,0,0,2,0,5,5,8,0,0
6,0,2,0,0,0,0,0,0,3,0,0,0,2,5,0,3,2,0,0,0,0,0,2,4,4,1,9,0,0,11,0
7,2,0,0,23,2,0,0,3,11,0,0,0,0,1,1,4,1,1,0,0,0,0,0,0,0,9,2,0,0,11,5
0,0,7,10,0,0,5,0,11,0,5,7,3,0,0,2,0,0,0,0,0,4,6,0,0,4,0,0,0,0,0,6
0,0,3,0,0,0,2,0,0,0,0,4,1,0,0,0,0,4,0,0,0,0,5,0,6,0,0,0,0,0,0,4
5,0,2,0,3,0,0,12,12,1,6,7,3,4,0,8,0,0,0,0,1,0,0,0,0,0,4,13,2,0,0,24
2,0,12,0,0,0,2,1,3,0,0,3,0,0,0,0,2,1,0,7,9,0,0,0,4,0,4,0,0,0,12,7
0,0,0,13,0,0,0,13,7,2,6,1,0,0,0,15,0,0,0,0,0,7,8,0,0,0,0,2,7,0,0,0
0,4,0,2,6,6,3,0,0,0,6,0,1,3,0,5,0,3,0,0,0,0,0,9,0,8,0,0,5,6,2,0
3,3,17,0,5,3,0,0,0,4,0,6,0,0,5,0,7,0,0,1,0,1,8,0,0,2,5,0,0,7,18,0
0,6,1,2,3,3,0,0,4,0,8,0,1,5,6,0,0,3,0,0,0,0,1,5,6,0,0,0,0,3,0,11
0,0,0,4,0,0,0,3,3,0,1,0,1,5,0,0,0,0,0,1,0,2,0,0,0,0,0,0,0,4,0,4
0,0,1,0,0,5,3,3,7,0,0,0,0,0,0,0,3,0,0,4,0,0,7,1,0,0,0,0,0,1,7,3
0,1,8,0,7,0,0,0,6,6,6,0,0,3,0,0,6,3,0,0,0,2,2,4,0,1,2,0,7,0,2,0
0,0,0,0,0,0,0,0,4,2,0,7,0,8,0,0,1,6,0,0,8,2,1,0,1,0,0,0,8,0,3,0
0,0,0,0,0,14,0,0,8,0,3,2,0,0,0,0,5,1,0,1,5,0,0,1,0,1,0,0,0,0,17,0
0,1,0,0,7,6,0,0,1,0,0,0,4,4,2,0,4,1,5,4,1,0,0,0,3,5,10,0,0,0,21,9
0,3,0,0,7,0,3,0,15,0,11,0,2,0,6,1,6,0,2,0,15,0,0,7,3,3,1,0,1,4,0,17
0,4,0,0,0,0,2,0,0,9,0,0,3,7,2,8,0,2,2,2,0,0,0,2,2,4,8,0,7,0,10,0
1,0,3,8,0,0,0,0,0,0,0,2,1,20,0,3,0,1,0,4,0,4,3,0,0,0,0,11,11,6,1,0
0,0,0,5,0,0,4,0,0,0,3,3,4,0,0,1,4,3,0,2,0,0,2,0,4,1,0,0,0,4,0,15
0,0,0,0,0,7,0,0,2,0,0,0,0,0,2,7,0,1,0,1,0,11,0,0,0,0,0,0,9,6,12,0
0,2,13,0,0,1,4,0,0,0,0,0,0,0,2,3,0,0,0,1,0,0,0,5,0,0,1,0,6,0,11,2
0,0,0,2,0,0,0,0,0,0,5,0,2,0,0,0,8,0,5,0,0,3,0,0,1,1,0,1,6,0,10,1
6,0,3,0,0,0,0,9,1,0,0,0,4,0,1,0,0,1,0,0,2,2,2,11,1,10,0,0,0,5,2,15
6,0,3,11,0,0,3,4,0,0,1,0,5,0,0,0,0,0,0,9,0,1,0,0,2,6,0,1,0,0,0,2
0,0,1,1,0,1,0,0,1,0,0,0,0,0,0,2,0,4,6,2,0,0,1,0,0,1,12,0,5,0,7,24
22,4,0,6,4,14,2,0,0,0,3,1,1,0,0,0,5,2,52,0,3,14,0,9,0,5,12,0,0,3,0,17
0,4,6,0,6,1,5,0,0,1,0,0,0,0,0,0,0,1,15,0,0,1,4,1,0,3,6,0,5,0,12,3
0,2,2,0,2,0,3,0,8,0,0,2,0,0,1,0,7,2,9,0,0,2,1,1,0,0,0,0,2,0,0,0
0,4,6,4,0,0,0,0,0,0,5,0,2,8,4,1,0,2,0,7,0,0,0,6,2,1,3,0,1,0,2,0
8,11,0,0,0,4,0,0,1,0,2,5,3,0,0,6,0,0,0,0,1,1,0,0,2,0,0,0,0,0,9,9
0,0,6,0,0,1,0,0,1,3,0,0,2,5,3,0,0,1,2,0,1,3,1,10,0,0,0,0,0,6,0,4
0,0,0,0,0,3,0,2,9,0,9,7,5,0,8,1,0,8,0,0,0,0,0,0,0,9,4,0,1,0,0,0
6,1,5,8,4,2,0,1,7,11,0,7,0,0,1,0,1,2,11,0,2,1,0,0,2,0,9,0,0,0,0,18
0,2,0,0,1,3,4,1,0,3,0,12,0,5,6,0,1,0,5,1,0,1,0,1,2,4,0,6,3,7,3,17
4,0,8,0,0,0,0,5,9,4,0,8,5,0,0,0,3,0,0,1,0,3,0,0,0,4,0,6,0,0,10,0
1,3,1,0,1,5,3,2,0,5,0,0,0,4,0,0,0,0,3,0,6,0,8,0,0,0,0,1,0,0,12,0
6,0,0,3,6,2,0,1,0,0,0,0,0,0,0,3,0,0,3,0,1,0,5,0,0,0,2,0,0,6,2,0
0,2,0,0,0,0,0,0,0,0,0,7,0,0,0,11,0,6,2,0,0,0,0,0,0,0,0,1,0,0,4,0
0,16,0,4,5,1,7,3,0,0,0,4,2,0,1,12,0,0,1,7,0,3,5,4,0,0,0,7,1,0,0,9
7,5,11,0,0,1,0,0,0,0,0,5,0,0,3,3,3,4,2,0,3,7,8,3,1,0,3,0,4,0,4,2
0,0,0,0,0,0,0,0,5,0,2,14,1,0,0,0,0,0,0,8,0,2,0,0,0,2,0,0,2,0,0,4
0,0,4,0,4,0,0,0,2,2,0,6,0,0,4,0,0,3,0,4,3,11,0,1,0,3,0,0,0,5,1,0
2,10,1,3,0,0,8,0,0,0,0,0,0,0,0,0,0,1,0,0,4,9,0,0,2,0,0,0,1,0,0,3
0,4,4,4,12,0,4,0,0,2,0,0,4,0,3,0,3,0,8,0,7,1,8,2,0,1,0,0,6,0,0,17
10,0,4,1,0,2,0,0,0,2,5,0,0,0,1,0,0,0,0,0,3,0,0,0,0,0,5,0,0,0,0,27
0,0,16,10,0,11,8,6,0,0,0,0,0,0,18,11,0,0,3,0,0,9,0,0,0,0,36,0,1,3,0,10
0,2,9,0,5,0,5,5,0,0,8,5,4,0,8,0,0,0,0,1,0,0,11,0,0,0,0,0,0,0,0,0
0,5,3,0,0,0,0,1,0,0,0,19,0,0,21,1,0,0,8,0,6,0,0,11,21,1,0,1,1,5,14,0
7,0,0,20,0,1,10,16,0,0,23,0,0,0,34,0,0,0,1,13,0,0,23,0,11,0,0,2,3,0,5,0
0,16,0,2,24,6,0,0,0,0,8,0,0,19,5,3,0,5,16,27,0,0,2,0,0,8,4,0,0,8,3,0
0,25,24,0,0,15,33,0,5,0,0,0,0,0,8,0,11,0,8,0,0,0,0,5,0,0,0,0,3,0,0,0
0,4,0,0,13,0,16,14,0,6,0,0,2,0,15,0,64,63,22,0,7,0,19,0,0,0,0,16,9,3,7,9
0,0,0,23,14,0,0,11,7,6,3,0,0,18,0,2,129,0,0,0,0,0,15,0,0,0,0,12,1,2,12,9
3,8,0,24,0,3,20,0,0,4,0,0,0,23,0,0,27,0,17,0,43,0,21,17,0,24,0,0,0,15,7,6
0,0,4,7,0,0,27,30,3,2,0,6,0,2,0,0,6,3,4,0,0,0,0,4,0,0,0,0,0,0,0,0
3,0,7,2,6,0,16,0,0,0,0,0,11,0,16,11,0,0,21,9,0,11,0,5,8,0,5,0,0,0,9,0
11,26,10,22,0,0,29,5,6,0,4,0,18,3,0,7,25,1,1,6,6,0,0,0,0,0,8,0,0,7,4,5
19,0,10,2,0,0,0,19,11,0,0,16,0,0,5,0,19,0,23,0,22,0,24,11,6,1,23,0,0,1,0,35
0,23,15,0,25,20,17,3,0,0,0,0,3,0,48,22,19,0,16,1,15,20,0,0,0,18,0,6,0,0,11,0
0,2,0,0,8,5,11,12,1,0,10,0,1,0,24,0,43,0,0,0,43,6,19,4,12,11,0,1,0,0,22,19
6,0,0,29,0,0,0,0,6,0,5,0,11,0,0,0,0,0,0,5,11,12,8,9,9,7,0,1,0,19,0,4
20,8,4,12,0,0,21,0,0,26,0,11,9,0,0,0,0,0,0,12,0,0,0,5,0,0,9,28,10,0,3,0
5,0,14,1,22,20,6,8,0,1,0,0,27,0,0,0,0,0,0,0,0,0,1,14,14,0,21,0,11,7,6,0
0,0,2,4,0,0,0,24,10,15,0,8,29,0,1,0,26,0,1,6,0,2,3,0,0,0,25,9,12,13,0,13
31,0,16,2,0,0,3,0,0,2,0,0,26,4,0,103,193,198,0,0,0,0,0,0,0,5,13,0,0,3,8,0
43,0,0,0,12,18,7,0,14,0,0,18,0,0,0,150,192,197,0,0,0,2,5,11,1,0,0,12,0,0,8,0
0,0,0,7,0,0,0,6,2,0,0,5,1,2,0,0,197,231,0,12,0,0,5,0,15,4,0,5,0,5,0,0
1,0,0,5,2,0,0,0,0,10,0,0,0,0,19,2,0,17,5,0,4,1,5,8,0,5,5,7,26,0,0,25
0,13,13,0,0,17,4,9,11,0,0,1,11,0,13,0,25,0,0,0,0,6,13,0,0,0,7,4,11,0,0,15
2,0,5,2,2,0,13,7,0,0,0,0,6,0,0,6,6,0,12,0,0,0,2,0,1,9,18,0,16,0,4,44
1,0,0,39,11,0,0,21,0,0,0,0,0,0,0,0,17,0,0,11,0,0,19,1,9,6,0,8,14,0,4,6
0,13,7,0,0,4,8,0,3,1,0,11,3,20,1,0,6,9,8,0,0,4,2,3,1,10,13,13,0,0,3,19
0,16,0,0,22,5,16,0,0,7,19,0,25,4,8,16,0,54,0,0,0,0,10,0,0,0,41,0,21,7,0,0
0,24,0,12,0,0,0,5,0,4,0,0,12,0,0,14,0,25,7,0,12,17,0,2,0,0,26,13,9,0,11,0
10,0,0,6,14,0,9,19,15,0,25,35,1,0,0,23,0,0,0,7,20,0,16,0,0,4,0,10,0,0,0,11
0,0,2,2,0,17,18,0,0,0,20,16,0,0,19,0,14,0,9,11,0,10,0,1,1,0,16,0,0,7,0,0
1,0,0,3,7,0,0,0,0,0,35,13,16,2,0,0,19,8,25,0,6,0,0,15,20,0,40,0,0,8,0,0
3,1,5,0,5,3,2,0,4,2,4,0,0,0,3,10,0,0,7,3,1,0,3,0,0,0,0,0,4,0,1,5
13,2,1,0,0,0,1,0,2,0,2,5,0,1,0,0,0,7,0,1,0,0,4,0,0,0,1,0,0,0,0,16
2,0,8,0,0,10,0,0,0,0,3,10,3,0,2,4,2,1,3,0,0,0,2,0,5,0,23,1,3,0,0,0
0,0,0,5,0,0,0,0,0,0,0,1,0,0,0,7,10,3,3,0,6,0,0,4,0,4,0,0,4,7,0,7
1,0,0,3,0,2,0,0,1,0,0,3,0,1,4,0,4,0,0,0,8,3,0,3,0,0,4,0,0,0,0,0
0,0,0,9,0,5,8,0,1,0,5,2,4,4,0,1,0,7,4,0,1,3,0,0,1,1,5,0,0,0,0,4
0,2,1,7,0,0,1,0,0,0,7,0,0,2,0,0,0,0,0,13,8,0,12,2,0,3,11,0,0,1,0,0
0,0,0,0,8,0,6,0,6,0,1,4,1,0,0,0,0,0,0,0,2,0,3,0,0,0,0,0,1,0,0,0
18,0,0,0,7,0,0,0,0,0,1,6,0,4,0,0,3,0,6,4,0,1,0,2,2,2,3,0,4,3,2,12
11,1,0,4,9,5,0,9,0,0,0,0,0,0,6,0,2,0,5,0,12,1,3,0,2,0,0,2,0,5,0,2
3,6,0,0,0,6,1,0,3,0,0,0,0,4,0,0,0,0,0,0,0,0,13,0,0,5,0,0,0,0,3,0
9,1,2,0,0,4,1,0,0,4,0,0,0,0,0,0,4,0,3,0,0,6,2,0,0,4,0,0,17,0,1,0
16,0,11,0,0,0,0,0,0,4,0,0,8,2,2,0,0,0,51,0,0,2,4,1,0,5,6,0,0,0,14,9
0,9,0,0,8,0,0,6,6,0,0,0,0,1,0,0,0,0,5,2,4,3,4,0,0,0,2,0,2,5,3,2
0,0,0,0,0,0,0,5,8,0,0,3,0,0,0,0,3,2,7,1,6,0,0,0,0,0,1,11,0,1,0,0
0,7,0,0,0,4,12,0,2,0,0,7,0,1,0,5,0,0,0,2,9,0,2,0,0,1,1,0,4,0,2,0
0,0,3,1,0,0,0,11,1,0,0,8,0,0,0,0,0,0,1,0,0,3,0,1,0,0,0,0,0,17,10,1
5,0,0,0,0,0,0,0,5,0,0,11,11,0,3,4,0,0,6,0,2,11,11,0,0,8,2,0,0,0,3,0
0,0,5,0,0,7,0,1,0,0,0,5,0,0,2,0,0,0,0,4,0,0,10,1,8,0,0,1,0,2,0,1
0,2,0,5,0,0,0,0,12,0,11,3,0,0,0,0,7,0,0,0,10,0,4,0,4,0,0,1,0,0,0,0
17,2,0,0,0,5,0,8,3,8,0,8,0,0,0,1,2,21,0,0,0,0,0,7,0,0,0,8,0,0,2,4
0,2,3,0,7,0,5,0,2,6,0,0,0,2,0,0,0,2,0,0,0,0,0,0,0,3,0,7,0,0,0,0
0,5,0,0,5,2,0,0,0,0,1,0,0,0,0,0,0,8,1,0,1,0,0,0,0,0,0,0,6,2,0,7
5,0,0,0,0,1,0,0,0,0,0,1,0,0,0,2,7,0,0,3,5,0,12,0,2,0,10,3,8,0,0,0
0,0,1,13,0,16,6,6,0,0,1,1,0,0,0,0,0,0,0,6,0,3,2,0,0,0,14,1,0,1,8,7
0,0,0,3,10,0,0,3,0,1,0,0,0,0,3,0,0,0,2,0,0,0,0,0,0,0,8,0,9,0,0,0
0,0,0,2,2,0,0,0,5,0,0,0,0,3,7,0,1,0,3,5,3,2,12,0,7,2,3,0,0,2,6,28
6,0,6,0,0,0,0,4,0,1,0,0,1,6,0,0,1,0,0,2,0,0,4,4,3,4,0,0,0,0,0,4
0,3,0,0,0,1,1,0,6,1,0,4,7,0,1,2,1,1,0,1,0,2,3,0,0,0,0,0,4,0,0,9
0,7,9,0,0,0,0,7,0,9,1,5,4,8,4,2,3,5,10,0,0,0,0,0,0,0,0,4,0,15,0,0
2,0,0,3,0,0,1,5,0,0,7,4,3,0,0,3,2,0,3,0,2,0,4,0,0,9,6,0,0,0,19,0
2,14,5,0,5,0,0,2,15,0,0,8,4,6,0,6,0,2,0,0,0,0,0,0,0,0,3,0,0,3,0,12
2,0,0,0,0,0,2,0,12,0,1,14,3,0,0,2,0,0,7,0,0,0,2,9,0,7,6,0,0,0,0,1
0,3,5,1,0,0,1,0,0,0,0,11,0,1,3,0,5,0,2,0,2,3,1,0,0,0,0,0,4,0,0,11
0,4,17,0,0,0,0,2,0,1,0,0,5,1,0,6,4,0,0,8,0,0,3,0,0,4,0,0,0,2,4,0
0,0,3,0,0,2,0,0,5,4,6,0,0,0,6,2,5,0,0,0,0,0,5,4,0,1,1,9,0,5,3,0
0,6,0,7,9,0,0,0,6,3,4,4,0,0,2,0,1,1,2,5,0,0,0,0,0,0,2,0,12,0,5,0
0,3,0,0,0,1,0,0,0,0,1,0,0,0,4,0,4,0,3,6,2,0,0,1,0,0,4,0,0,0,2,0
5,0,15,0,6,2,5,0,4,0,0,0,0,0,2,0,4,0,1,0,0,0,0,0,0,0,0,1,0,0,0,24
0,8,0,0,6,4,6,0,0,0,0,0,0,0,5,0,0,0,0,4,0,0,0,0,0,0,13,3,5,2,9,0
0,0,3,0,0,7,0,0,5,1,0,0,1,0,0,2,0,6,13,0,0,4,0,1,0,3,1,0,2,0,6,10
3,5,5,0,0,0,0,0,0,0,0,2,0,0,3,2,12,0,0,0,0,0,0,0,0,0,3,0,0,0,4,0
6,0,9,7,0,7,0,3,3,0,5,3,0,0,0,0,0,2,0,0,2,0,0,0,4,0,0,0,0,0,4,13
0,3,0,0,11,0,0,0,7,0,0,0,1,1,0,1,0,0,2,0,1,5,0,0,0,2,5,0,0,7,1,0
22,0,12,0,9,12,1,0,0,7,0,0,0,0,0,0,7,1,45,0,0,0,1,9,0,4,7,3,0,6,0,0
0,5,0,0,0,1,0,12,0,0,0,7,0,0,7,0,7,0,10,0,0,0,6,0,9,1,4,0,0,0,0,10
0,1,0,0,0,0,2,2,0,0,0,0,3,0,0,1,0,0,5,0,4,7,0,0,0,0,0,0,0,0,10,6
0,0,0,0,0,0,0,0,1,2,0,5,0,1,1,3,0,0,0,4,5,5,0,0,0,1,0,4,0,4,0,1
0,0,0,0,11,3,2,12,3,0,9,3,3,0,0,4,8,0,0,4,0,0,5,0,0,5,0,8,6,0,0,7
0,0,0,1,0,0,6,0,0,0,0,0,2,0,1,0,3,2,0,0,0,5,0,0,0,0,19,0,11,0,0,0
0,0,0,0,0,0,0,0,0,0,7,3,0,0,5,1,0,2,0,0,3,0,0,0,0,0,0,0,0,0,7,1
0,0,0,0,6,2,0,6,0,4,10,0,0,0,0,1,3,0,0,0,0,0,0,0,3,5,4,0,4,0,4,0
0,8,4,0,2,2,5,0,0,1,0,0,0,0,0,0,0,0,0,4,0,0,9,0,0,0,10,1,0,0,3,9
0,11,6,0,11,0,0,1,6,2,0,0,0,4,1,0,5,0,0,0,4,0,0,9,0,0,0,0,0,0,10,8
3,0,4,1,0,0,0,0,0,0,0,3,0,0,0,0,6,2,1,0,0,0,3,0,2,0,0,6,0,0,0,1
2,9,0,0,2,7,15,0,2,0,0,0,0,0,0,0,0,9,1,0,0,8,2,0,0,3,0,6,0,8,0,0
0,0,0,0,0,2,1,4,1,2,0,2,2,0,7,1,4,1,0,5,4,6,10,0,0,0,0,0,0,0,17,4
0,0,0,6,0,0,0,0,1,1,0,0,4,8,0,0,0,0,0,0,0,0,0,0,8,4,3,0,0,0,9,11
0,0,16,0,5,0,0,0,0,5,3,2,0,0,1,7,6,2,0,8,2,0,0,1,0,7,0,4,0,0,4,0
0,3,0,0,0,0,5,0,0,2,0,0,0,0,0,2,10,2,0,0,9,0,0,0,8,0,12,0,1,0,8,0
0,12,7,1,0,0,0,8,3,1,0,0,0,0,0,0,0,0,0,1,0,2,3,0,0,0,13,0,4,0,0,0
4,0,0,0,5,1,0,2,0,0,0,0,0,0,0,0,0,2,8,0,0,3,3,0,0,0,0,0,0,1,0,0
0,0,3,1,5,1,0,0,0,0,0,0,0,0,6,1,8,1,0,0,0,0,1,0,0,0,2,0,2,0,0,0
0,0,0,0,0,1,5,0,5,0,5,2,0,1,0,3,1,0,3,0,2,0,0,7,0,6,6,4,1,1,0,0
0,0,0,10,0,0,4,1,0,0,0,1,0,0,4,0,0,0,0,3,1,1,3,8,1,6,7,0,5,0,4,0
2,0,2,4,0,0,0,0,3,1,0,0,0,2,0,6,0,0,0,0,0,1,0,3,1,0,3,4,0,0,0,0
4,7,3,0,9,11,0,0,0,0,0,0,0,0,0,0,3,5,2,0,0,0,0,0,0,0,0,0,9,0,1,0
0,2,1,1,0,1,0,0,3,0,0,2,3,0,0,6,0,0,6,1,1,0,3,0,5,0,12,0,10,0,4,0
8,3,0,0,11,0,5,0,7,0,9,4,0,0,0,8,0,0,0,1,0,0,3,4,0,0,0,7,0,2,0,0
0,0,0,8,0,0,0,6,5,0,2,0,0,6,0,0,4,1,6,6,5,0,8,0,0,2,0,0,0,0,8,23
0,0,0,1,0,0,0,2,1,0,1,0,0,3,5,0,3,3,2,0,2,5,0,6,2,0,0,3,7,0,0,1
0,9,4,9,0,0,4,0,2,0,2,0,11,8,0,3,4,0,4,0,3,4,8,0,0,0,9,3,0,0,0,9
13,3,3,3,8,0,2,17,4,0,1,0,0,0,4,2,10,2,6,0,0,2,0,0,0,2,5,0,0,0,0,7
0,0,0,2,1,0,0,12,0,0,2,7,0,0,0,10,0,0,0,0,2,11,4,0,4,0,2,0,0,1,0,0
0,0,0,0,0,0,0,1,0,0,2,6,0,0,0,0,0,3,3,2,2,0,2,0,0,0,0,0,2,0,0,19
1,6,0,0,2,0,7,2,5,0,0,2,3,0,0,5,10,0,0,7,1,0,3,0,0,0,0,11,4,0,1,0
9,0,0,3,0,0,0,4,3,0,7,0,0,4,4,0,0,0,53,1,4,0,0,8,4,0,5,2,0,4,8,6
0,11,0,0,1,9,7,0,5,10,0,3,0,5,0,0,0,6,15,1,0,0,0,2,0,0,0,0,0,9,0,2
22,0,0,7,0,3,4,3,5,0,8,0,0,0,0,0,1,0,14,0,0,0,9,6,0,0,0,0,0,0,0,0
0,3,4,8,0,0,0,0,4,5,4,4,0,0,0,3,0,0,0,0,0,3,4,8,0,0,3,0,5,5,0,3
7,7,3,0,0,0,4,0,0,1,0,0,2,0,0,0,0,6,2,0,0,8,3,0,0,1,0,6,3,0,3,0
0,4,10,4,2,0,5,18,10,0,1,0,0,0,1,0,5,1,0,0,0,5,0,0,0,0,1,8,0,0,0,0
0,5,0,4,0,0,0,0,5,0,8,0,0,0,3,0,2,3,0,0,0,8,0,0,0,4,7,0,0,0,1,5
0,3,6,0,5,10,3,0,0,0,0,6,9,0,5,0,0,4,0,0,0,0,4,4,0,4,0,3,0,2,0,0
1,7,7,0,4,0,0,5,2,0,0,8,0,0,3,6,0,2,0,5,0,1,0,7,2,0,16,0,1,18,0,2
2,0,2,9,0,0,7,0,6,0,5,5,5,0,1,0,0,0,0,0,0,0,17,0,2,0,4,0,0,0,0,0
0,3,3,4,1,0,4,1,5,0,3,0,0,0,0,0,0,0,0,0,0,0,0,0,3,1,0,0,4,0,0,18
0,0,17,2,6,0,0,4,0,0,8,3,4,0,0,2,0,0,3,1,0,0,9,0,0,0,10,3,0,0,8,0
2,1,1,7,0,0,0,0,0,0,5,0,5,0,0,1,0,0,0,0,6,0,0,4,0,2,0,0,0,1,8,0
0,8,0,0,0,0,0,0,4,0,0,0,0,0,0,0,9,5,0,3,0,0,0,0,0,5,18,0,1,3,0,8
0,0,0,1,0,0,3,0,4,0,6,0,9,0,0,0,0,0,0,0,0,0,3,2,0,0,5,1,0,0,0,0
3,0,0,0,1,0,0,7,0,1,7,0,0,0,0,0,7,3,0,0,4,0,11,0,2,0,0,0,1,0,0,0
0,3,4,3,0,8,6,4,0,0,0,0,2,6,0,4,4,4,0,0,0,0,0,0,0,1,4,0,0,0,0,0
0,1,0,2,4,2,0,0,7,1,0,0,0,5,9,12,0,0,0,0,1,0,6,5,0,4,0,0,4,11,0,1
0,2,12,0,7,0,0,7,0,5,0,4,0,0,3,3,3,0,0,2,0,3,0,3,0,2,1,1,0,0,1,0
0,0,0,2,7,0,0,0,0,1,0,0,0,2,0,4,9,7,0,0,0,4,2,1,0,0,0,0,0,0,0,5
0,0,0,6,0,2,3,8,0,0,0,0,1,0,0,0,0,0,0,0,0,0,0,0,0,6,0,12,0,0,11,20
0,7,0,0,0,4,8,5,13,0,0,6,0,4,0,4,0,5,0,1,0,0,0,0,0,1,2,0,4,0,0,0
0,6,0,0,0,2,8,0,3,1,0,4,0,0,0,4,0,4,0,0,0,6,0,2,0,0,6,0,0,3,0,0
1,0,0,0,0,0,5,0,0,0,5,0,0,0,4,0,3,0,0,0,0,0,2,7,0,0,12,0,0,2,11,0
1,0,0,4,0,0,3,0,3,0,0,6,0,0,0,0,0,0,0,2,0,0,10,1,0,2,0,7,0,0,0,0
0,0,0,0,0,0,0,2,0,0,0,0,0,0,0,0,2,0,0,0,2,3,4,0,0,2,0,0,7,0,0,9
0,0,0,0,0,0,0,0,0,4,0,7,0,0,0,1,2,0,0,0,6,2,0,2,5,5,6,0,0,7,1,0
0,3,1,7,0,0,0,0,9,0,0,0,0,5,0,3,0,0,0,0,0,0,0,0,2,0,0,5,1,8,0,9
0,0,0,1,9,0,7,3,4,0,0,1,0,0,4,2,0,1,4,9,0,0,2,7,2,0,0,0,2,13,5,13
0,3,0,0,3,0,7,7,7,0,0,1,0,0,4,1,1,2,3,0,0,0,0,0,1,8,6,0,4,5,5,0
0,4,0,2,21,8,0,0,9,6,7,13,4,0,0,3,2,6,0,2,0,0,0,0,0,3,8,0,0,1,7,0
0,4,0,1,0,7,7,6,0,0,0,2,0,3,0,0,3,5,0,2,0,2,0,0,7,4,11,0,0,0,5,7
0,0,3,6,0,0,3,13,0,0,0,6,5,0,1,0,0,4,57,0,6,3,0,0,0,1,16,8,0,2,0,9
0,0,0,0,3,0,0,0,0,0,16,4,1,0,0,4,0,0,8,3,0,0,0,2,2,1,1,0,0,2,1,0
0,2,2,6,1,0,0,0,0,5,3,7,0,9,0,0,0,0,3,3,0,0,4,0,3,0,0,8,5,0,0,0
0,0,0,0,0,0,0,0,1,0,0,4,6,0,0,0,0,8,0,4,0,1,0,0,2,0,0,5,11,0,0,0
0,0,3,5,0,0,0,12,4,0,0,0,0,0,0,0,3,0,1,0,3,11,1,0,0,0,0,7,6,0,0,2
0,0,1,5,0,0,1,11,2,0,3,10,2,0,0,6,0,0,0,0,0,3,1,0,0,0,2,0,0,0,0,3
5,0,1,12,13,0,0,14,5,0,2,0,0,3,2,0,2,0,0,10,2,0,0,9,7,0,6,12,7,0,11,3
1,0,8,9,29,5,6,1,9,0,0,0,0,3,10,0,1,8,59,0,0,20,0,0,0,0,12,13,0,9,0,0
16,10,1,8,4,0,0,6,8,0,12,6,5,0,1,0,3,9,197,195,0,0,4,0,0,2,2,0,2,0,2,10
51,5,0,0,18,4,7,0,15,3,0,4,24,4,3,0,0,13,196,197,3,0,0,0,2,0,0,0,0,9,0,0
37,2,0,0,10,10,4,24,6,0,0,0,0,0,0,0,5,0,217,110,6,3,0,4,0,0,6,9,3,0,0,21
0,8,0,5,30,0,8,0,12,5,0,0,1,25,3,0,7,0,16,29,0,0,13,0,0,0,0,15,1,0,0,4
3,11,0,0,9,4,0,0,0,11,0,0,0,0,0,19,0,0,0,27,5,9,5,0,8,4,0,0,0,0,0,0
27,13,18,0,10,35,17,0,0,0,21,0,22,0,8,0,0,0,0,10,0,0,0,0,0,15,0,0,0,14,5,0
0,0,0,2,0,34,0,0,5,0,14,31,18,10,11,24,0,0,1,32,0,4,0,10,0,19,25,3,14,7,0,0
0,0,19,18,0,0,3,0,16,0,10,0,0,6,0,0,0,14,26,26,0,5,19,2,0,0,0,7,0,0,1,0
0,4,0,9,0,15,11,0,1,0,0,10,0,8,14,12,26,21,28,0,0,11,0,1,2,4,3,4,8,0,0,0
0,24,0,6,12,13,14,0,0,3,16,21,0,0,9,0,18,0,34,16,4,0,1,19,0,0,0,0,0,16,10,7
0,8,2,4,14,0,0,0,0,0,0,0,0,0,0,0,5,2,0,13,0,0,0,0,0,4,13,0,9,1,13,0
10,0,0,0,0,0,0,0,0,0,0,3,0,2,0,0,0,0,0,0,0,1,1,8,11,0,0,4,9,2,0,3
7,0,17,6,0,40,0,0,3,4,0,0,1,0,33,7,0,3,0,0,0,0,0,13,0,3,5,5,11,0,0,0
0,0,1,0,0,5,2,0,5,0,0,0,0,0,0,16,0,2,8,0,0,0,5,5,2,0,0,0,2,0,0,0
3,4,0,0,0,0,0,28,6,0,0,0,3,0,0,0,0,0,0,39,0,12,18,0,5,6,0,1,0,0,6,19
0,0,0,0,14,0,0,0,10,0,0,35,18,16,17,7,3,25,0,0,0,35,25,1,0,7,48,10,0,0,0,0
0,4,0,0,17,0,0,0,0,1,9,0,0,12,0,0,0,0,0,61,0,12,0,0,0,0,37,23,9,0,4,0
12,1,0,0,0,18,0,0,15,27,25,0,8,0,0,0,4,0,0,0,0,0,18,9,0,0,1,0,7,4,5,0
0,0,0,6,0,0,0,0,0,0,0,11,14,4,30,0,0,18,55,22,0,16,0,0,23,0,0,16,0,13,0,11
0,14,9,0,8,0,0,0,0,2,0,0,0,2,0,0,20,0,16,44,13,15,33,9,0,0,25,0,1,0,0,0
0,0,0,0,19,12,8,3,10,0,0,0,0,0,0,22,26,30,2,0,0,0,3,20,1,0,0,0,0,11,16,13
10,0,31,1,0,0,0,14,12,0,1,3,0,0,0,1,0,3,5,0,9,6,0,16,0,0,0,4,0,0,0,32
0,9,0,13,0,0,13,20,20,13,36,0,0,33,0,0,0,0,28,36,0,8,0,17,0,10,0,0,3,10,0,8
31,0,15,0,5,0,13,5,2,0,0,0,22,0,2,0,0,21,0,27,0,0,0,3,0,4,0,0,3,0,3,0
34,0,0,2,4,18,16,0,0,0,0,6,0,28,12,0,0,0,16,0,37,0,41,26,7,17,0,0,0,1,0,5
5,3,6,0,19,8,14,0,0,0,0,0,3,9,0,0,29,48,9,1,0,0,17,5,0,0,21,5,11,22,37,8
0,0,13,0,0,0,0,0,0,8,0,9,4,0,4,12,0,0,0,21,0,0,0,0,0,0,0,0,11,0,6,10
0,0,16,0,23,0,0,0,11,0,17,21,0,0,0,0,0,0,7,15,2,0,0,13,0,0,0,11,0,17,4,0
4,0,0,9,0,0,0,0,10,0,20,33,6,0,0,3,0,0,20,0,0,3,4,2,5,5,0,0,0,0,0,15
9,0,25,0,0,2,0,6,4,0,11,0,0,16,3,0,0,15,3,19,7,0,0,0,0,3,0,0,0,0,0,9
4,0,0,4,0,0,0,6,1,2,14,0,0,0,2,0,0,0,15,3,0,0,0,5,6,16,0,0,22,0,0,0
13,2,12,2,0,13,27,0,14,0,0,0,10,10,2,10,0,0,192,183,5,0,10,0,7,5,0,1,0,7,0,9
12,28,0,0,0,1,0,0,0,0,0,0,10,0,8,0,8,13,191,229,13,0,0,0,0,0,0,0,0,17,0,15
46,0,0,0,0,15,0,3,2,0,0,6,4,0,10,8,0,10,126,54,0,5,29,0,5,14,2,0,9,0,10,9
51,0,0,0,0,4,13,21,18,3,0,2,6,0,10,20,0,0,113,67,0,17,4,0,0,1,24,7,3,0,0,0
0,0,2,12,24,11,7,13,8,0,4,15,0,6,1,0,0,0,0,40,12,0,3,0,0,0,2,4,4,0,0,43
0,0,6,1,0,0,8,0,12,0,0,7,0,0,3,0,0,0,21,34,0,0,0,4,0,0,12,0,0,0,0,0
0,0,0,0,0,18,27,0,0,0,0,17,0,1,16,2,0,1,20,12,30,0,2,0,0,8,1,5,9,0,7,20
0,1,25,0,0,0,5,6,5,6,0,0,0,0,0,0,0,0,0,23,0,0,0,0,4,0,10,0,3,0,0,12
3,13,7,0,14,16,6,3,8,16,8,1,0,0,11,0,2,0,0,22,0,0,0,3,15,0,0,0,7,5,0,11
6,17,7,0,0,28,0,0,7,0,8,0,0,0,0,8,1,5,0,0,18,2,0,0,0,4,11,0,0,0,11,5
7,9,0,18,0,0,6,0,23,0,12,22,0,4,0,0,0,0,0,76,0,10,0,10,19,19,0,0,11,5,0,12
8,20,0,0,26,50,22,0,12,0,0,15,12,0,9,0,0,0,0,35,0,0,15,5,10,0,38,4,5,0,7,14
12,0,24,8,26,8,0,0,0,0,0,0,3,4,0,0,0,0,40,0,5,8,1,7,0,14,0,0,0,5,13,0
7,0,1,0,0,0,14,8,0,0,0,5,0,0,0,0,0,2,6,0,0,8,0,0,0,0,0,0,0,1,14,16
16,0,6,0,0,0,2,13,8,0,0,16,0,6,6,0,12,17,22,14,8,0,0,4,1,0,0,10,0,0,7,0
5,17,0,0,0,12,0,0,0,8,4,6,0,7,0,0,6,7,0,2,2,0,8,0,1,0,0,11,0,0,0,0
11,0,5,3,9,25,0,13,6,0,3,6,0,0,2,0,0,0,0,0,0,0,0,6,0,0,29,4,9,0,1,0
0,0,0,5,22,12,12,18,0,0,0,8,0,0,2,3,0,0,0,2,0,0,0,6,6,2,0,31,12,0,6,20
0,0,4,2,0,7,0,4,4,2,0,0,0,0,2,2,0,0,0,0,11,1,6,0,0,7,3,1,5,0,0,0
0,0,0,12,4,7,8,0,10,0,0,4,6,0,0,10,0,0,0,2,1,0,4,0,0,0,0,17,0,1,0,0
7,0,0,16,0,0,0,1,0,8,7,5,6,0,1,3,0,0,0,11,2,0,0,0,7,0,5,9,4,2,8,0
12,0,0,4,7,0,3,0,14,0,3,3,3,7,0,1,0,0,3,0,1,4,0,0,0,3,0,3,0,0,0,5
6,2,0,8,0,0,0,0,2,0,0,2,0,0,0,0,4,0,0,0,0,0,7,3,8,3,9,2,0,0,6,0
5,9,4,0,30,4,0,0,4,4,10,0,0,0,0,0,0,0,0,0,3,5,0,0,0,0,0,5,0,0,17,8
0,0,5,6,0,4,3,6,2,2,5,0,3,0,0,0,0,0,0,7,0,0,3,0,0,0,1,0,0,5,0,0
0,4,0,0,0,7,8,0,0,5,0,0,0,3,2,1,0,5,27,8,0,0,0,3,0,0,0,0,3,0,0,5
5,0,3,0,2,0,0,0,5,1,0,2,4,1,0,0,0,0,4,0,9,3,0,2,0,1,10,0,5,13,0,0
0,0,7,0,0,1,1,0,2,0,0,7,2,1,6,0,2,1,8,3,0,3,0,0,0,0,0,4,0,0,0,13
0,5,0,0,4,8,0,8,0,0,0,0,5,0,2,0,5,9,0,0,0,0,1,0,1,4,8,0,6,1,0,6
26,4,2,0,0,4,0,0,0,0,10,0,0,0,0,0,0,0,0,5,0,1,0,0,0,1,3,0,6,1,1,0
2,0,0,0,0,5,0,0,0,7,0,2,0,0,0,4,1,0,2,7,2,0,3,3,0,3,0,1,0,4,0,13
3,0,0,12,0,3,0,4,0,0,0,0,6,0,0,9,0,0,0,0,3,0,0,0,1,6,0,8,0,0,0,0
0,2,0,0,0,0,0,4,7,0,4,11,3,0,2,7,0,5,0,0,0,4,6,0,1,0,19,0,0,0,0,9
28,0,0,13,4,0,0,3,0,0,4,4,6,0,0,1,0,3,0,27,0,0,1,6,0,4,0,0,4,4,5,0
0,5,4,1,12,10,0,5,4,5,0,0,4,10,1,0,0,0,51,3,0,0,11,2,1,0,0,0,1,0,0,19
37,7,13,0,0,2,0,0,1,0,0,0,0,0,0,0,0,2,41,2,2,1,0,4,2,7,0,0,8,2,0,0
3,0,0,0,12,0,1,8,0,0,1,6,0,0,1,5,0,0,0,0,2,0,0,0,0,0,0,0,0,0,9,0
3,0,0,13,3,0,2,0,0,0,0,0,0,0,0,0,2,0,0,0,3,8,1,0,2,0,0,6,1,0,0,0
0,0,0,0,0,0,0,3,2,0,3,0,0,11,0,6,1,0,0,0,0,0,0,0,0,6,3,9,0,0,0,0
2,0,7,0,13,0,0,1,0,3,0,0,0,0,7,2,0,0,5,0,3,0,3,1,1,0,0,0,3,6,0,0
0,0,10,5,0,0,0,0,5,3,2,10,5,0,1,11,0,0,2,2,0,3,0,0,0,0,8,12,0,0,0,0
0,0,2,4,2,6,0,0,7,0,0,3,0,1,3,4,0,9,0,5,0,0,0,0,0,1,0,0,0,0,0,3
0,3,0,0,0,0,0,0,2,0,7,5,3,6,5,1,1,1,0,3,0,0,0,5,0,0,0,3,0,3,7,0
0,1,0,5,10,0,0,0,4,0,0,0,0,0,6,7,0,1,0,0,1,0,0,0,0,0,0,0,0,0,7,13
7,0,11,0,0,0,0,0,1,3,0,0,7,0,0,0,0,2,0,0,1,0,0,0,3,3,1,0,0,1,0,13
0,3,2,3,3,0,0,4,0,2,1,8,0,5,0,0,5,0,0,0,0,2,8,6,0,0,11,9,0,4,5,10
2,1,1,0,10,4,3,0,2,0,5,0,2,0,0,0,0,0,0,0,0,0,1,0,12,8,0,0,0,3,0,14
2,0,0,3,0,0,5,2,0,0,6,4,7,0,0,0,0,2,9,6,0,2,0,0,0,0,0,6,0,0,0,11
0,0,0,5,0,0,0,12,0,2,1,4,0,0,3,0,3,0,0,0,0,2,0,0,1,0,0,0,3,5,0,2
2,0,0,0,0,1,0,0,0,0,0,1,3,0,0,0,6,0,0,0,0,0,0,2,2,0,5,0,0,0,3,5
0,7,0,0,0,0,5,0,0,0,0,0,0,0,2,0,3,3,2,0,4,0,7,0,0,0,0,2,0,0,1,11
9,1,0,1,10,2,0,0,7,0,0,1,2,0,0,6,0,0,0,0,0,0,8,0,0,2,0,0,3,0,4,2
0,0,0,1,1,4,0,0,2,0,4,0,0,0,0,0,1,0,1,0,0,6,0,0,0,3,0,0,0,14,0,9
0,0,0,0,0,0,0,9,0,2,0,0,0,0,0,4,4,3,3,0,0,6,3,0,7,6,0,0,0,0,0,12
5,0,0,3,0,0,7,2,7,0,4,6,0,0,0,0,0,0,1,4,0,0,2,2,0,0,4,0,0,14,0,0
0,0,12,7,0,0,0,0,0,0,0,0,0,3,0,0,0,0,1,0,4,0,0,0,0,1,0,0,0,0,0,0
0,0,0,0,0,0,0,0,0,2,6,16,0,5,0,2,0,0,0,3,0,0,0,0,4,0,0,0,0,0,0,0
12,0,0,8,11,4,0,0,0,0,1,0,9,0,0,1,7,0,51,0,0,0,0,0,1,0,0,6,0,8,0,16
22,0,0,7,0,0,1,4,0,0,5,2,0,0,0,9,3,0,14,1,0,3,0,0,6,0,0,0,0,2,0,3
0,7,3,0,2,0,7,0,0,4,1,0,2,4,2,9,2,4,1,0,0,0,0,0,6,0,0,4,2,0,1,0
2,0,7,1,3,0,0,0,0,0,2,13,4,2,1,0,0,0,1,0,0,0,1,8,0,7,0,0,3,2,0,6
0,0,0,9,0,0,0,9,4,3,0,0,0,3,0,5,0,0,0,0,0,0,8,0,0,0,6,0,5,0,4,12
0,0,0,5,0,0,0,4,2,0,0,0,7,0,0,0,1,0,0,7,2,7,0,0,0,10,3,2,1,5,10,7
2,6,1,1,7,1,6,0,6,0,6,0,0,0,0,2,10,0,0,0,0,2,0,0,1,0,0,0,0,0,0,0
0,0,11,0,0,0,0,7,0,2,3,0,11,2,0,1,6,0,0,0,0,0,0,0,2,0,0,0,7,1,16,5
16,0,1,0,6,4,0,0,0,0,0,2,0,0,0,0,0,2,0,0,0,0,0,0,0,4,4,1,4,0,5,7
24,0,9,0,5,4,0,0,9,0,3,4,0,0,7,8,2,0,0,0,0,0,2,0,5,0,7,7,0,0,0,5
6,0,2,2,14,0,13,3,2,1,0,3,2,0,0,11,0,0,0,1,0,0,6,1,0,0,0,0,0,8,0,15
10,0,3,5,10,0,8,0,0,0,0,0,0,0,0,0,2,2,0,6,0,0,1,0,0,0,0,0,0,0,0,0
0,7,0,0,0,1,8,4,7,0,0,0,2,6,0,0,0,0,0,0,0,2,4,0,0,5,2,0,0,0,6,3
2,10,0,5,9,1,9,8,0,0,7,0,0,13,2,0,1,3,7,0,4,2,0,0,13,0,0,0,0,0,0,0
4,0,0,5,0,0,3,0,4,1,0,0,0,10,0,0,2,0,5,0,0,0,0,5,0,5,0,4,0,5,0,0
0,0,7,0,1,0,0,5,5,0,0,0,8,3,0,2,0,4,0,0,0,3,7,3,0,0,10,0,0,0,0,3
0,0,8,3,5,0,0,0,3,5,7,0,0,4,0,0,0,0,0,4,0,1,0,0,0,0,0,0,0,0,0,0
1,0,0,7,1,5,3,0,0,2,9,4,4,3,0,0,0,0,2,0,1,0,0,0,7,0,0,3,0,0,0,0
0,4,1,0,0,0,5,0,4,5,0,0,0,4,0,0,0,0,1,0,0,1,0,0,0,2,0,7,0,1,12,2
0,0,0,2,0,0,2,7,0,0,0,5,0,2,0,0,0,0,4,4,0,3,0,0,0,7,0,1,0,1,0,9
0,0,0,0,0,1,10,3,1,0,0,0,2,0,0,7,0,0,5,0,4,5,0,0,1,3,1,1,0,6,0,3
0,0,3,3,2,6,0,1,4,0,5,1,0,2,0,0,0,1,0,0,0,2,0,4,0,2,0,0,0,6,6,7
0,7,0,0,5,1,0,5,0,0,0,0,0,0,0,0,2,0,0,0,0,0,0,0,0,5,0,2,0,1,6,0
0,1,0,0,8,0,0,0,1,0,0,6,0,0,6,0,5,7,7,0,0,3,0,4,0,2,3,2,0,0,5,0
6,0,0,7,0,0,4,0,2,0,5,7,0,0,0,1,1,0,0,1,0,0,0,2,0,0,0,0,6,4,0,3
5,0,0,7,0,4,0,4,0,0,9,6,0,0,6,5,8,0,0,4,0,0,4,0,5,0,2,0,2,0,5,0
0,0,3,2,3,0,1,0,0,0,2,7,0,1,0,0,0,0,0,0,2,0,5,3,0,0,0,1,1,7,4,1
1,0,0,0,0,0,5,3,0,0,3,6,0,0,0,0,2,3,0,0,2,5,0,0,10,0,0,0,5,1,0,0
13,1,0,6,0,5,5,0,2,2,5,0,1,0,0,0,4,0,9,0,0,0,12,0,0,4,0,0,1,0,11,19
0,0,0,5,0,0,0,4,0,0,10,0,0,0,6,0,0,0,4,1,0,2,0,2,0,0,0,4,0,4,0,0
0,1,5,4,0,0,0,1,0,0,0,0,1,0,2,0,3,0,0,3,0,0,9,0,4,0,0,0,0,0,5,11
0,0,0,3,4,0,0,0,0,0,1,1,2,7,0,0,0,0,5,0,0,2,0,0,0,0,0,11,5,0,2,0
12,0,0,10,0,0,2,0,0,2,0,0,0,0,0,0,0,0,35,3,0,5,2,0,3,0,4,2,0,0,0,0
0,7,0,0,0,6,7,1,0,0,1,5,0,0,0,0,0,0,8,9,0,2,0,7,0,2,0,0,0,0,0,0
0,12,8,6,0,0,0,3,0,0,0,0,0,8,0,0,1,0,0,3,6,0,0,1,0,0,0,2,5,1,6,0
0,2,0,0,0,3,0,4,5,0,3,5,0,0,5,2,0,0,0,0,0,3,3,0,0,2,0,3,0,1,0,0
0,10,0,0,0,0,14,0,5,4,0,0,4,0,7,0,0,0,12,0,4,0,2,0,13,7,0,0,0,2,0,5
0,7,0,2,3,2,1,0,2,0,3,0,0,0,1,0,0,0,1,0,0,0,10,0,2,0,0,0,0,0,5,0
0,0,0,0,0,0,0,3,0,2,0,6,3,0,1,7,0,0,6,5,0,0,0,0,0,0,0,5,0,0,0,4
0,8,0,0,0,0,0,7,6,0,2,0,4,4,0,0,6,0,1,0,2,9,0,0,0,0,0,11,0,0,0,18
0,1,2,8,0,0,12,3,8,0,4,0,0,0,2,0,0,1,0,5,0,2,7,0,2,1,0,0,4,0,0,0
25,0,10,7,5,0,0,0,2,0,6,4,0,0,0,0,0,0,0,2,7,4,4,0,0,7,4,4,1,0,0,26
0,0,7,3,0,0,3,0,2,0,0,0,0,0,0,0,0,0,0,0,2,1,2,0,4,0,0,0,14,0,0,0
1,0,0,1,5,1,0,1,5,3,0,5,6,1,6,0,2,3,6,10,0,0,0,14,0,0,0,0,0,4,0,6
0,0,12,0,0,0,0,0,1,8,8,0,8,4,3,0,0,0,0,2,0,0,0,10,2,0,3,0,2,5,10,0
7,0,17,4,3,0,11,5,1,0,9,5,0,0,0,0,0,0,4,0,10,5,10,6,5,6,0,0,1,0,0,17
3,4,0,0,1,9,0,0,6,5,1,4,0,1,0,7,0,1,0,0,0,1,0,8,0,0,0,2,1,5,0,1
2,0,1,0,0,0,0,0,10,0,1,0,6,0,0,0,0,0,1,2,0,0,5,0,1,0,12,0,0,0,10,1
0,8,0,0,0,0,0,3,0,0,2,10,1,0,0,1,0,0,6,2,3,1,6,6,2,3,4,0,8,0,9,6
0,0,4,7,7,0,0,0,5,0,0,0,2,0,0,3,0,0,0,5,4,0,6,1,1,0,1,4,0,0,0,0
8,2,0,0,10,0,0,0,2,3,0,0,1,0,0,0,0,0,0,0,1,1,0,10,0,0,5,0,1,0,0,9
0,0,5,7,0,6,0,6,5,0,4,0,0,0,4,0,5,0,0,0,2,0,0,8,5,0,0,0,0,0,4,7
0,4,0,0,0,2,0,8,0,0,0,0,7,0,2,4,0,5,5,0,0,0,0,0,0,3,3,0,6,2,3,0
0,0,1,0,5,0,0,6,0,0,1,3,0,0,5,9,6,0,0,0,6,2,0,0,0,0,0,0,0,11,0,7
0,0,11,7,0,0,0,19,0,0,11,6,5,0,0,1,0,0,0,0,0,0,3,0,0,8,17,0,8,0,0,6
6,0,3,2,0,0,0,5,6,0,5,0,3,0,0,3,0,0,0,0,0,3,0,0,0,4,3,0,4,0,8,10
0,9,0,0,0,7,0,0,0,1,0,0,5,0,0,5,0,0,0,2,0,0,2,0,0,0,2,9,0,7,0,0
2,11,0,10,2,6,6,0,0,0,0,2,0,0,6,5,8,0,0,0,6,0,0,0,1,3,0,0,0,0,0,0
4,0,0,0,9,0,4,2,0,0,0,2,0,3,0,8,4,0,0,9,0,0,6,2,4,5,15,0,0,4,0,17
0,0,0,0,0,0,0,0,10,1,10,0,0,7,3,0,3,4,0,3,0,0,0,5,0,0,9,0,0,0,6,0
0,0,0,0,0,4,0,3,0,0,0,1,0,0,0,0,9,0,6,4,1,0,0,0,5,2,6,0,0,0,2,0
2,1,6,2,0,0,0,0,4,1,3,0,0,0,1,0,0,0,0,5,4,1,3,0,0,0,0,0,0,0,0,7
0,0,0,4,7,0,4,6,0,3,8,0,11,0,1,3,0,0,0,0,0,1,0,3,7,0,7,0,0,0,7,0
0,10,0,1,1,1,0,0,2,0,0,6,0,0,0,0,3,0,0,1,0,0,0,0,0,2,0,0,0,0,0,13
28,7,3,0,0,3,3,1,0,0,0,0,2,2,0,1,0,0,40,0,5,0,0,0,0,2,0,1,0,0,0,6
0,3,0,0,9,0,0,0,2,5,3,0,0,2,0,10,0,0,0,0,1,0,4,1,7,0,16,0,0,0,0,0
21,0,4,6,0,0,0,5,0,1,0,4,0,3,0,0,0,2,6,3,0,0,10,6,0,0,0,8,0,6,1,0
1,4,0,1,0,2,3,0,0,4,1,0,0,0,1,0,0,0,0,7,0,0,0,0,2,3,0,0,8,0,0,0
3,0,6,1,15,6,0,0,11,0,0,0,0,0,0,0,0,0,3,1,0,0,0,2,0,0,0,1,0,0,0,0
0,0,0,0,14,0,4,11,0,0,0,0,0,8,0,0,0,0,0,0,3,0,11,3,5,0,0,0,0,3,0,17
0,0,0,3,1,0,0,0,2,0,5,4,2,0,0,0,0,0,0,5,0,1,0,1,1,1,0,0,0,5,0,1
7,2,16,0,1,3,0,0,0,0,10,4,0,1,0,0,1,2,0,2,0,0,0,0,0,0,0,4,6,2,0,0
0,0,0,5,0,1,0,0,0,7,0,0,0,4,4,0,9,0,5,0,3,1,5,0,0,0,6,2,1,8,0,10
0,1,0,0,9,0,0,16,4,0,5,6,3,0,0,3,0,0,3,0,4,0,0,1,0,4,2,11,0,0,12,0
0,4,0,2,10,0,0,4,0,0,1,0,0,9,0,0,0,0,1,0,0,0,0,3,0,2,10,8,0,0,0,0
0,0,2,2,0,0,0,0,0,0,2,4,1,1,0,12,0,0,0,0,0,2,0,0,0,0,0,0,0,0,0,11
0,0,0,0,9,0,0,0,0,0,0,1,0,0,9,0,0,0,4,0,0,1,10,2,0,0,14,3,0,0,1,0
0,0,0,4,2,0,1,0,7,0,0,5,0,0,0,1,0,1,2,0,1,0,5,0,0,0,0,1,10,0,0,0
0,0,3,0,0,0,0,3,0,0,0,0,4,0,1,0,4,0,0,0,0,2,0,0,0,1,6,11,3,0,0,17
8,0,0,0,1,8,4,0,7,1,0,2,0,0,0,0,0,0,0,0,0,0,1,0,0,5,0,0,0,1,7,0
0,0,0,9,0,0,4,1,0,0,0,0,0,6,1,0,0,0,1,0,2,1,0,0,0,0,0,2,7,0,0,0
0,0,0,0,0,0,0,0,0,0,0,1,1,6,1,0,1,2,0,2,0,0,0,4,0,0,9,0,10,3,1,0
0,6,1,0,8,0,0,12,5,0,0,1,1,0,0,12,0,5,6,0,0,0,13,5,0,1,0,0,0,0,3,1
6,0,4,0,0,1,2,0,0,0,4,7,0,0,4,1,0,3,0,3,1,2,3,0,0,2,0,0,9,7,0,13
0,0,0,1,5,0,0,9,0,0,0,0,0,0,0,0,16,0,6,0,3,0,0,0,0,0,0,2,0,0,6,0
0,3,0,0,1,0,0,10,5,7,1,0,0,4,0,0,3,0,0,1,0,0,0,0,0,2,0,0,5,0,0,8
5,0,2,0,0,0,0,0,0,1,0,6,14,0,2,0,0,0,6,0,1,3,0,1,0,0,6,8,0,0,0,0
0,0,4,0,4,4,0,0,5,0,0,5,8,0,0,1,7,2,0,0,0,3,0,0,0,0,0,0,0,0,0,10
2,0,0,9,3,0,6,0,4,0,2,0,0,0,0,3,0,0,0,0,0,0,0,0,2,0,0,8,2,4,0,0
0,0,7,3,0,0,2,6,4,8,0,6,0,0,0,0,0,2,0,1,1,0,3,1,7,0,0,0,0,0,8,0
0,0,0,0,9,5,0,0,0,0,0,2,0,0,0,8,6,0,7,4,0,0,0,0,2,0,11,0,0,0,13,5
6,2,0,0,1,0,0,0,0,0,0,3,2,0,2,0,1,0,7,3,0,0,2,0,4,0,0,0,3,0,6,0
1,1,2,0,0,0,0,8,0,0,6,2,0,0,7,0,11,4,6,0,5,2,0,0,0,0,5,2,0,4,0,1
2,1,1,7,0,6,0,0,4,1,0,6,5,7,0,0,8,3,0,0,3,2,0,1,0,7,0,0,0,0,0,0
0,0,0,13,12,0,1,10,0,0,10,0,2,1,1,0,0,2,0,4,2,0,0,0,0,0,2,0,0,0,9,0
2,8,0,11,9,0,2,1,1,2,1,0,0,2,12,0,0,0,5,3,1,0,0,0,0,1,14,0,0,0,8,0
0,0,0,8,0,2,0,0,0,1,0,0,9,10,0,0,0,0,33,0,0,0,0,10,1,0,0,1,0,8,8,0
1,0,1,3,0,0,5,0,2,2,0,2,0,2,1,3,0,2,8,3,0,0,0,1,0,0,0,0,3,1,0,0
16,4,1,0,0,0,0,5,7,0,0,0,0,0,0,0,0,0,4,2,0,1,0,5,0,2,0,0,2,0,0,1
0,1,9,2,0,0,0,5,4,0,0,7,5,0,0,3,3,3,9,0,0,5,0,0,2,0,0,3,0,0,0,3
0,6,0,0,8,3,8,0,10,0,0,3,0,0,11,0,8,4,8,0,1,0,0,4,0,0,2,0,13,2,1,0
0,9,0,3,0,0,0,4,3,0,0,0,0,3,0,1,0,0,0,0,0,4,3,10,0,0,1,0,0,8,0,0
0,0,0,0,10,1,1,3,8,8,0,0,0,0,0,0,0,0,0,1,0,4,5,6,0,0,5,6,0,5,0,3
0,2,6,1,2,0,0,0,0,0,0,0,0,8,0,0,0,0,0,0,0,0,0,0,5,1,0,0,0,0,0,5
0,0,0,0,4,0,0,0,0,8,0,0,0,1,0,2,0,0,0,2,0,0,0,7,0,0,0,0,2,1,11,0
9,0,6,0,2,0,9,5,3,0,0,4,0,0,1,0,1,0,0,3,1,2,0,0,0,0,0,2,4,0,0,1
2,0,8,0,0,0,3,6,5,0,0,2,1,0,2,0,0,0,0,3,0,0,3,0,0,0,0,0,0,5,0,0
0,0,7,0,12,0,0,0,0,0,1,0,0,0,5,4,0,0,0,2,4,3,4,1,0,1,7,0,0,0,0,2
4,4,0,0,4,2,6,0,4,8,8,3,0,0,5,8,1,4,1,0,2,0,9,2,6,0,0,0,0,0,1,7
6,0,0,6,7,0,6,0,4,7,2,2,0,3,0,0,0,1,1,2,0,0,0,4,0,7,0,3,0,6,0,0
0,0,0,0,4,0,0,1,6,0,0,0,0,0,0,1,0,0,0,3,0,0,0,0,0,1,1,7,0,0,6,0
0,1,0,7,0,0,6,0,0,0,2,4,0,0,0,1,0,4,0,3,3,0,2,0,1,0,0,0,0,0,0,9
0,0,5,0,0,0,1,3,2,0,2,0,0,0,0,0,0,1,0,3,0,3,0,2,2,0,0,0,0,5,0,0
0,3,3,0,0,0,0,0,4,9,5,0,1,0,4,2,6,1,0,0,0,0,0,0,1,1,8,0,9,5,0,0
0,6,4,2,4,1,0,0,7,0,0,0,3,6,0,10,8,0,0,0,3,0,4,0,0,0,11,0,0,6,0,3
6,2,0,0,0,17,0,0,0,0,4,0,0,0,0,5,1,3,1,0,4,6,0,0,0,3,0,0,0,1,0,0
0,0,0,4,4,0,5,9,1,0,7,0,74,18,0,0,0,16,0,19,0,16,0,2,0,0,0,5,20,14,20,0
10,0,0,0,0,29,0,26,9,2,22,0,17,31,2,1,9,0,0,0,0,16,0,0,0,7,13,0,15,0,1,0
0,6,24,29,19,0,0,29,0,14,17,0,0,0,10,0,0,0,0,0,3,4,3,0,0,0,4,0,2,4,0,4
14,10,0,0,8,6,1,13,0,0,0,14,22,0,0,14,0,4,0,0,20,0,40,16,0,0,25,20,4,10,5,0
0,0,0,0,0,0,31,0,0,0,28,11,0,0,0,0,0,14,14,17,16,3,0,0,0,17,26,0,3,6,0,0
6,0,2,0,10,1,20,0,1,0,0,16,0,1,0,0,0,13,17,0,2,4,6,2,0,3,0,10,29,0,32,0
11,0,3,0,5,0,7,3,0,16,7,0,13,0,0,0,0,13,0,0,0,0,4,19,10,14,9,13,4,14,0,0
11,12,0,0,0,1,0,2,0,0,9,15,0,0,0,0,0,0,0,18,5,0,0,0,0,6,11,0,7,2,0,20
0,7,0,0,0,0,0,0,10,0,0,23,28,0,17,11,10,0,0,10,0,0,1,5,9,0,18,0,11,0,0,0
0,0,4,2,0,0,0,22,10,0,0,0,0,33,0,0,19,0,10,0,3,0,0,10,5,14,9,10,0,6,12,0
0,14,23,0,15,25,0,24,0,0,23,0,49,0,0,21,0,4,10,8,0,17,0,0,6,7,0,12,0,35,0,3
9,3,0,17,14,6,0,3,0,7,0,0,6,19,8,0,0,0,9,0,0,7,0,0,0,0,0,0,0,5,0,0
24,6,0,1,0,0,0,9,0,0,0,17,0,5,0,0,0,0,16,14,21,17,1,0,2,0,0,3,16,0,0,8
0,42,0,0,21,0,27,0,7,0,5,0,0,16,0,0,11,20,22,3,0,0,12,0,0,0,8,0,0,0,15,0
4,0,0,2,0,0,0,21,18,0,0,6,0,24,11,0,3,9,1,1,0,0,0,0,11,3,0,10,1,0,0,1
8,0,0,0,4,5,9,0,18,0,0,0,0,3,0,0,0,0,7,0,3,14,0,13,0,0,0,0,3,0,0,0
20,0,19,17,10,1,0,0,0,0,6,0,0,0,2,8,10,0,0,0,8,0,0,10,0,14,19,7,0,0,0,0
0,7,16,0,12,0,25,20,11,0,10,0,0,0,21,8,0,12,0,10,13,4,0,3,0,0,8,0,3,1,1,7
0,26,0,7,0,7,0,5,9,0,0,0,41,15,0,0,3,0,0,4,1,12,0,0,0,0,5,0,7,0,23,0
0,0,0,0,0,36,1,0,0,6,1,9,189,72,3,0,0,7,0,0,0,0,0,14,0,6,0,8,1,0,0,14
25,1,0,0,0,8,0,0,0,0,0,69,85,126,0,0,6,7,0,5,4,6,0,0,0,4,0,12,0,0,0,16
16,12,0,27,0,1,0,0,0,0,10,0,59,113,24,0,4,7,0,17,0,8,14,0,14,5,0,8,4,0,0,0
0,1,12,12,0,1,0,0,0,0,0,21,11,8,0,5,0,0,1,13,0,0,3,9,0,0,6,2,11,11,0,0
5,0,0,0,0,0,0,0,2,0,21,7,32,3,10,1,4,6,11,0,9,7,0,2,8,9,8,10,23,0,0,0
0,0,0,24,0,0,0,0,0,0,2,0,0,0,13,7,11,0,0,0,0,0,0,0,0,0,0,0,7,2,0,0
24,0,18,0,0,23,0,18,5,0,2,0,11,9,3,12,0,4,0,1,13,9,0,0,0,2,2,0,4,0,3,7
0,2,3,0,0,0,2,0,0,0,23,0,0,0,25,4,0,12,3,0,6,3,0,0,2,0,0,0,19,3,0,0
4,0,7,7,3,0,14,0,0,2,0,0,0,18,10,0,14,2,0,0,0,0,0,0,0,0,0,24,6,0,12,1
0,6,1,0,0,18,0,0,14,8,3,0,0,13,2,0,0,0,16,14,0,10,1,13,0,10,18,6,0,0,5,17
0,0,0,2,4,2,0,7,0,5,0,12,11,0,5,0,0,5,5,1,0,0,27,0,3,0,9,0,9,3,0,0
3,3,7,4,0,2,0,6,0,0,0,0,0,16,2,6,6,4,9,4,1,15,0,0,2,2,11,0,7,1,3,3
10,5,10,25,0,0,7,12,10,0,10,0,15,14,0,6,9,9,0,9,7,0,14,7,7,11,0,0,8,1,0,0
4,1,13,0,7,2,0,0,3,6,0,5,2,4,0,0,0,1,0,4,0,2,0,0,0,1,0,0,0,0,7,0
0,0,6,0,10,1,0,0,7,0,6,0,1,0,0,3,0,0,0,2,3,0,0,0,0,13,13,0,0,0,8,10
0,2,6,0,5,14,0,1,0,0,0,0,0,0,0,0,11,1,6,0,5,0,0,3,5,11,13,3,6,0,9,0
0,0,0,0,0,0,2,0,0,0,0,0,1,0,0,0,0,4,0,0,1,0,7,2,0,4,5,4,0,5,0,5
3,0,2,0,4,0,0,1,3,9,3,8,0,0,0,0,7,5,0,0,1,0,2,0,0,2,0,0,2,0,0,0
0,0,0,14,2,2,1,15,0,1,15,5,0,0,0,0,0,0,4,0,0,5,4,3,0,0,9,0,0,3,0,0
0,12,1,0,0,0,0,2,0,0,0,5,0,0,0,0,7,3,2,0,0,5,9,0,0,2,0,0,0,0,0,0
10,2,0,2,0,2,0,0,0,2,1,0,5,0,4,0,4,0,4,0,1,0,0,0,0,6,5,0,4,9,2,0
2,0,1,6,0,0,12,0,0,4,6,0,0,0,0,0,0,2,4,0,3,3,7,0,5,0,5,0,11,9,6,4
4,7,0,2,10,9,0,0,2,0,7,0,8,0,0,0,0,1,3,8,0,0,0,1,0,2,16,0,3,0,0,0
0,0,0,9,0,0,0,5,0,0,0,0,0,8,0,9,0,3,0,0,0,0,3,0,0,3,0,0,4,0,1,2
4,14,0,8,0,0,0,2,2,1,4,0,0,0,3,0,8,0,0,0,0,0,2,1,0,0,0,0,8,0,0,0
26,1,0,8,0,3,0,0,0,0,1,0,3,12,2,11,0,0,43,10,7,0,0,0,2,1,6,0,0,7,0,3
0,0,0,10,0,0,0,0,0,0,3,0,0,0,0,0,6,0,1,0,0,4,0,0,0,0,0,3,0,0,0,28
0,3,0,0,13,4,0,8,0,2,0,0,0,3,0,0,1,4,11,0,0,1,1,8,0,0,0,1,5,0,0,18
0,0,0,0,0,6,0,0,0,0,0,0,0,3,1,0,4,0,3,8,0,0,0,0,0,7,16,0,3,0,0,0
7,6,0,0,0,0,0,0,0,0,1,0,0,1,0,1,0,3,0,3,3,0,0,0,0,0,15,0,2,0,0,4
5,0,0,0,0,0,1,0,1,0,7,1,3,0,4,0,0,0,0,7,0,8,0,0,4,0,2,4,1,0,0,0
0,2,0,0,0,0,0,4,11,6,0,0,0,4,0,0,0,0,4,0,6,4,0,1,0,0,0,0,0,6,0,0
0,0,4,0,0,0,0,7,0,0,0,0,6,29,1,0,0,4,6,4,1,0,19,5,0,0,12,2,6,0,10,0
16,0,0,0,0,0,0,1,1,0,0,14,1,48,0,0,0,0,0,0,2,3,0,3,0,0,0,0,1,0,0,0
6,0,0,0,0,2,6,0,0,1,7,9,29,8,0,0,0,6,0,4,0,0,9,2,3,2,0,1,3,2,10,0
42,0,7,15,11,0,7,2,5,2,1,4,4,9,0,0,0,0,0,0,6,0,0,4,3,0,0,0,0,4,0,17
7,7,0,0,0,0,0,0,0,0,0,0,0,0,0,0,6,0,0,0,0,1,0,0,0,0,3,0,0,0,12,0
0,8,8,9,7,2,0,13,0,0,5,0,0,3,0,0,0,0,5,0,0,0,14,0,0,0,0,1,8,0,0,13
0,0,0,0,0,0,1,0,10,0,0,2,0,0,6,0,0,0,0,2,4,1,0,4,0,0,5,4,0,0,4,9
0,3,0,3,4,0,0,0,10,2,4,0,3,0,0,0,5,0,0,0,2,11,0,0,0,3,0,8,5,0,0,8
2,0,2,0,0,5,5,0,4,0,10,6,2,0,1,0,0,0,1,0,0,0,2,5,0,3,3,0,5,0,0,0
0,0,0,0,0,0,0,0,0,0,0,3,0,0,3,0,0,2,0,0,0,0,0,0,0,0,0,0,0,0,0,2
1,12,0,7,9,0,4,2,0,0,2,7,0,5,0,0,0,0,0,9,2,0,0,0,2,1,1,10,0,6,0,7
0,4,0,7,0,0,0,0,0,0,2,0,0,0,0,9,8,0,0,0,16,0,0,0,0,4,0,0,0,0,5,21
5,3,5,0,6,12,3,0,8,0,4,0,4,1,0,0,0,1,4,1,5,0,17,0,2,5,4,0,0,0,4,26
12,0,0,0,4,0,0,4,0,0,0,10,0,0,0,0,0,0,3,7,15,0,1,1,6,5,46,6,24,0,0,0
0,4,0,0,0,29,0,0,1,0,0,0,2,0,5,8,2,1,0,0,4,12,0,7,0,0,0,0,0,2,10,8
1,21,0,0,0,0,0,0,7,0,0,0,6,0,27,4,0,7,0,0,0,0,0,0,0,0,0,12,1,0,4,0
1,6,0,0,0,5,0,17,6,3,0,27,0,26,35,0,0,0,7,9,0,0,27,0,5,2,3,39,15,3,0,30
0,0,0,9,0,31,0,0,0,16,3,5,18,16,0,0,0,0,0,18,0,4,1,0,0,9,0,0,8,3,1,10
0,27,0,10,20,16,0,9,9,0,11,0,0,43,0,0,0,2,4,8,0,0,12,0,0,0,11,5,0,3,0,0
0,0,0,0,1,12,23,3,7,0,5,0,4,0,0,0,0,0,3,0,0,1,30,0,0,32,0,0,0,0,0,0
0,5,0,24,0,30,0,0,8,0,24,22,46,0,55,0,9,8,0,0,5,26,17,0,8,0,23,0,6,0,9,8
0,16,0,0,0,3,0,1,30,0,34,13,12,0,12,5,0,0,12,0,0,0,21,4,5,5,0,0,0,11,0,0
0,0,0,23,0,0,12,2,24,0,11,23,10,0,3,16,0,8,0,15,7,12,0,5,0,0,0,1,0,0,11,14
0,57,6,0,16,0,24,18,1,0,0,0,0,5,0,5,0,7,0,5,0,1,0,0,0,0,0,0,21,0,0,7
0,4,16,0,0,0,8,0,16,0,11,0,0,0,52,7,0,0,10,1,0,0,0,8,0,0,0,0,26,9,3,34
0,6,0,0,56,0,0,0,0,1,10,10,12,0,7,27,17,7,42,0,6,0,0,11,11,8,37,4,0,0,19,13
0,5,39,6,2,1,0,0,0,0,0,0,0,0,10,0,6,0,0,0,24,17,0,0,20,26,16,18,31,0,0,0
0,6,0,0,16,0,3,1,0,0,0,16,0,0,0,0,25,0,0,8,9,7,0,9,4,0,0,11,20,0,14,0
0,0,0,0,12,21,32,0,0,0,27,0,4,3,0,0,10,0,0,16,0,0,11,0,12,5,0,0,6,0,0,6
10,16,44,0,0,14,1,9,0,0,11,20,20,3,0,3,0,6,1,0,0,2,0,0,14,17,6,0,13,0,3,0
1,0,0,10,0,0,0,5,28,0,16,0,8,14,3,0,4,0,0,9,0,9,0,3,0,0,0,4,0,6,0,0
11,0,0,6,0,3,11,6,12,0,0,0,0,17,13,0,1,13,11,13,0,2,14,0,0,12,0,0,4,5,10,4
0,0,0,0,0,1,10,6,0,0,0,0,0,117,195,245,0,4,0,6,0,2,1,23,1,19,0,0,0,1,0,0
0,0,0,10,20,0,0,14,0,0,0,9,2,191,195,106,0,0,20,5,0,0,9,0,23,23,10,0,16,0,4,0
0,0,24,0,26,10,0,0,5,0,0,2,0,104,191,120,0,6,4,0,0,1,0,0,0,9,0,4,11,4,0,15
0,4,0,0,0,5,0,0,0,12,0,2,0,40,31,14,4,3,0,0,0,2,0,3,8,0,53,8,1,16,0,0
14,20,0,0,0,0,0,0,1,0,0,0,8,3,0,0,3,0,0,7,0,8,0,16,11,9,0,4,2,4,0,3
4,0,0,5,13,0,14,16,0,0,0,0,0,0,13,1,0,0,4,1,19,6,0,0,6,0,0,3,0,6,6,0
0,4,0,5,12,4,7,0,1,0,0,9,8,0,13,3,26,0,11,6,0,0,0,0,0,2,0,4,8,12,11,8
0,10,18,0,0,0,0,37,0,0,0,0,25,0,0,23,0,0,12,4,0,0,0,19,0,0,0,14,0,0,6,0
5,0,0,5,0,8,0,34,35,5,7,0,3,0,0,9,0,2,7,0,0,0,23,12,0,12,0,11,0,0,0,2
12,4,0,0,19,11,0,1,27,19,0,0,14,0,8,22,3,0,14,3,7,10,30,0,7,8,0,0,1,15,4,1
15,0,33,39,14,0,0,13,0,0,13,0,0,17,0,16,0,0,0,0,0,0,4,0,8,0,13,9,0,4,4,9
14,17,0,12,0,13,10,0,13,2,24,2,0,0,0,8,15,6,0,4,6,0,14,0,0,0,14,0,37,4,9,0
0,0,9,0,0,0,5,0,3,18,8,0,0,0,0,0,12,0,3,0,9,0,8,11,0,4,0,0,4,0,2,14
9,0,14,6,0,0,0,1,0,6,0,11,14,0,8,0,20,2,0,5,0,0,0,9,7,0,22,17,0,0,3,0
0,0,0,8,34,0,16,8,0,0,18,10,0,20,21,21,8,0,16,0,7,0,5,0,0,0,24,0,5,0,0,14
15,0,8,1,0,13,23,11,16,0,0,0,0,0,0,5,0,22,20,0,15,0,6,7,0,0,3,14,16,0,13,4
0,0,2,0,0,7,0,0,0,17,0,0,1,4,0,0,0,0,13,14,2,1,7,2,0,6,0,12,0,33,3,0
0,0,13,0,0,1,0,3,8,0,0,0,0,6,3,0,4,0,0,12,7,10,10,2,9,3,0,0,5,1,3,0
0,0,0,9,0,7,0,4,0,0,0,0,2,1,7,10,3,0,1,10,0,0,2,0,0,0,0,0,24,0,8,2
11,0,3,0,21,8,3,20,0,1,5,0,15,19,11,0,0,1,4,0,0,0,0,0,3,0,0,3,7,0,0,0
0,0,0,0,19,0,0,0,0,7,12,0,0,6,4,11,13,0,0,2,0,3,0,0,9,7,17,0,11,0,0,21
16,0,0,8,0,0,0,0,0,0,12,6,0,7,0,2,0,0,0,10,3,0,22,0,0,6,0,0,0,10,0,0
0,0,0,1,4,0,0,0,9,4,2,1,13,0,0,0,1,4,0,3,0,0,0,0,0,0,14,0,0,6,7,0
0,0,0,9,0,7,0,3,5,6,0,0,0,0,4,0,6,0,0,1,4,0,1,0,0,11,5,0,0,0,0,0
2,1,0,0,0,2,0,9,0,1,1,6,0,0,0,4,0,0,0,0,1,0,4,17,6,0,6,0,1,9,0,5
31,0,17,0,0,0,0,6,0,0,0,3,0,6,0,0,1,6,39,3,2,0,0,10,0,0,10,0,11,0,12,0
0,0,0,9,0,0,0,3,3,2,3,0,0,0,0,0,0,5,2,0,0,7,0,8,3,0,5,2,0,0,0,10
0,0,2,3,16,2,9,0,0,0,0,0,3,6,9,0,0,0,0,3,0,0,0,0,0,0,0,6,0,0,0,0
4,1,5,0,0,5,5,0,0,1,14,0,0,2,1,5,3,0,0,0,0,3,3,0,0,0,0,0,5,0,0,21
7,0,0,0,0,9,1,0,0,5,2,0,0,4,0,6,1,0,2,4,9,0,8,5,0,1,0,0,2,3,0,0
7,0,3,0,5,0,0,4,0,0,0,7,0,0,1,1,0,2,0,0,1,0,0,7,0,0,0,0,0,8,3,0
30,0,11,0,6,0,0,0,11,0,3,2,2,0,2,0,0,0,0,7,0,0,0,0,0,1,1,6,0,0,0,0
0,5,14,0,0,7,0,0,5,7,3,2,6,19,4,0,1,0,0,8,2,3,0,3,4,0,4,1,11,2,0,0
0,2,0,6,0,0,1,0,4,0,1,6,0,43,81,35,9,0,0,3,8,1,8,0,7,10,0,1,6,0,0,0
0,1,0,0,0,0,1,0,0,3,6,2,4,16,4,0,0,2,0,1,0,2,0,0,0,0,4,0,2,0,2,0
0,11,0,0,3,0,0,6,0,1,0,0,0,20,3,0,0,1,2,0,0,0,0,0,0,0,0,0,0,0,3,12
0,16,4,0,0,0,0,0,0,0,0,0,0,7,0,2,0,0,0,6,7,0,0,2,2,0,4,6,3,2,0,20
2,1,4,9,0,0,0,0,0,0,8,0,0,0,0,0,0,5,0,0,0,0,1,1,0,7,0,0,0,6,0,0
0,0,1,0,0,2,1,0,14,2,0,0,0,0,0,1,7,3,9,8,0,0,11,0,0,0,3,9,0,1,0,0
0,0,0,12,0,1,0,0,0,5,0,2,0,3,0,0,0,3,0,6,0,7,4,0,7,0,6,0,0,0,0,9
0,0,0,1,0,1,4,2,1,3,2,0,0,0,6,0,0,0,6,3,0,0,0,3,4,0,0,0,0,3,3,10
4,6,0,0,0,11,0,0,0,3,0,0,0,4,0,0,0,1,0,0,2,0,0,7,0,0,0,1,0,8,7,0
3,0,0,1,1,0,7,0,0,0,0,0,2,13,0,0,0,0,4,3,4,0,0,0,1,1,0,0,0,0,0,0
0,0,0,6,0,0,0,0,9,7,0,2,0,0,0,0,0,5,5,2,0,0,0,0,0,0,15,5,0,5,11,11
9,0,0,0,0,2,0,0,5,0,0,4,8,2,0,0,4,0,5,0,0,0,0,3,0,7,1,0,0,0,0,0
6,1,8,0,0,2,0,0,0,0,4,8,0,0,0,0,0,9,1,4,0,0,8,0,0,3,0,0,0,3,0,0
0,0,0,0,8,0,0,0,0,0,11,1,0,0,0,0,4,0,6,0,0,5,0,6,0,1,0,2,6,1,0,0
0,0,0,0,0,0,0,3,0,2,0,0,0,8,3,0,0,0,4,0,0,1,2,0,0,0,5,0,0,0,0,0
1,0,2,0,0,0,6,5,0,0,0,3,0,8,0,8,0,2,0,1,1,0,15,5,0,0,0,2,6,9,1,0
0,0,0,11,1,7,0,0,0,0,4,1,0,0,0,0,0,0,2,9,0,7,5,0,0,0,0,2,0,3,0,0
0,0,0,0,0,0,0,0,0,0,7,0,0,4,2,0,0,7,0,0,0,6,0,0,0,0,1,1,0,0,1,0
5,0,11,0,0,0,0,0,0,0,0,0,0,1,0,1,6,0,7,0,3,9,0,11,0,0,0,0,0,0,7,4
0,0,0,0,0,0,0,4,0,0,4,0,5,4,0,3,0,7,0,0,0,6,1,0,2,0,0,3,0,0,11,0
0,0,0,0,0,0,3,6,13,0,9,2,7,2,4,0,0,4,3,0,0,0,1,0,0,0,11,1,5,0,0,0
0,2,11,7,0,0,0,1,0,0,0,0,3,0,0,13,9,0,0,0,7,5,3,0,0,6,0,0,0,8,0,7
0,4,0,0,7,0,0,9,7,5,0,0,4,0,0,3,5,4,2,0,6,0,9,0,3,0,10,0,0,0,0,0
2,0,0,1,0,1,0,0,0,0,0,0,0,2,0,3,3,0,1,0,2,0,0,0,0,0,0,0,0,0,4,0
9,8,5,0,0,0,0,5,2,0,0,5,12,0,1,0,7,3,48,0,0,8,1,0,0,0,0,0,0,18,1,0
0,0,5,0,20,1,0,0,7,2,0,0,0,0,1,0,6,0,1,7,1,3,0,0,0,0,0,0,6,4,0,0
7,8,0,6,0,0,0,0,0,0,0,0,0,5,4,0,0,6,4,0,1,0,0,0,0,0,1,5,20,9,1,0
2,0,0,0,4,0,0,2,8,0,2,2,7,0,0,0,0,6,0,0,2,0,0,0,2,2,1,9,0,1,0,0
32,0,12,6,0,0,3,0,0,0,0,0,6,0,0,3,0,0,0,10,0,4,0,0,1,2,2,0,1,0,14,16
1,0,9,10,0,2,0,5,2,0,0,7,0,2,10,0,3,0,1,0,1,1,4,0,0,0,0,0,0,0,0,0
0,1,0,0,0,0,1,0,9,2,0,4,0,0,3,0,0,0,4,5,0,0,0,0,0,0,0,0,0,5,0,9
6,0,6,0,18,0,17,0,0,5,0,0,0,7,10,0,12,4,3,1,0,0,4,5,3,3,0,0,0,4,4,0
0,1,2,0,2,1,4,1,0,4,0,0,0,15,8,31,3,0,0,0,0,0,2,1,1,3,0,0,11,9,0,0
0,0,0,0,0,0,0,0,0,1,0,0,0,7,0,0,0,0,0,0,0,7,5,0,0,6,0,0,0,0,2,4
0,0,0,0,1,5,0,4,2,0,2,0,0,2,1,4,1,0,0,4,0,2,9,0,0,0,0,5,14,0,4,0
0,0,2,0,2,0,0,0,3,0,12,4,6,0,9,4,0,0,0,0,0,0,2,0,0,0,0,0,0,0,0,13
3,3,0,3,0,0,9,3,0,0,0,0,1,0,0,0,4,0,0,2,0,0,7,0,0,0,6,0,0,3,1,0
5,1,0,0,0,0,2,7,0,0,0,0,0,10,1,3,2,0,1,0,6,0,6,0,0,0,0,0,0,1,0,24
0,1,0,0,8,0,0,4,1,1,1,1,0,5,2,0,12,0,0,13,0,0,8,0,2,0,14,0,0,2,0,0
0,5,8,0,3,6,0,0,2,0,1,0,1,3,2,1,0,1,0,2,0,0,0,0,7,3,0,2,0,0,3,0
0,0,0,4,0,0,0,2,2,0,0,0,0,2,0,0,1,0,0,4,2,0,3,0,0,0,0,2,0,7,0,0
7,4,0,2,0,5,0,0,0,0,0,12,0,2,1,0,2,0,0,0,2,0,11,4,0,0,8,7,1,3,0,0
0,14,7,5,0,0,2,0,0,0,0,1,0,0,0,6,9,0,3,0,0,0,3,0,5,0,0,0,3,0,0,6
0,13,14,0,9,3,0,0,13,2,0,0,0,0,0,4,1,0,0,0,0,3,0,1,0,0,4,0,0,0,11,2
3,0,0,0,0,1,0,1,4,0,8,0,3,0,3,3,2,11,0,0,0,0,0,0,0,0,4,8,5,0,4,0
0,7,0,0,0,4,2,0,2,0,0,0,0,0,0,1,9,0,4,10,0,2,0,0,0,10,16,0,2,6,1,0
0,2,0,0,3,0,0,8,11,0,0,8,0,0,7,1,4,0,4,4,1,0,0,2,0,0,1,3,2,4,0,8
0,13,1,0,9,2,1,1,2,0,1,0,0,1,6,3,0,0,0,0,0,3,2,0,0,0,0,0,0,5,5,0
0,0,0,0,0,0,6,0,0,0,0,0,0,12,0,0,0,5,0,0,0,0,5,2,0,8,0,0,0,2,6,17
1,16,4,0,7,4,0,5,0,0,0,0,0,3,3,0,8,1,7,2,0,0,0,3,0,5,0,0,0,0,5,11
2,10,0,7,0,0,1,4,0,0,4,0,0,6,1,2,5,0,0,0,0,0,0,1,8,0,0,0,0,9,0,0
11,7,0,8,4,0,0,0,0,3,0,5,0,5,0,0,11,0,3,1,6,0,0,1,0,5,7,0,0,0,0,0
7,0,4,0,0,0,2,2,0,0,3,0,1,0,8,2,9,0,6,0,0,17,0,2,0,0,8,0,1,5,0,13
0,3,0,0,9,0,7,0,5,0,3,2,2,0,4,2,0,0,0,4,6,0,10,1,0,5,1,7,1,0,1,0
1,5,4,3,0,0,0,0,0,5,0,3,0,0,3,0,0,1,2,0,1,0,0,0,0,5,3,0,2,7,4,0
0,0,1,11,1,0,0,8,1,0,0,0,0,0,0,3,1,0,0,0,0,4,8,0,0,0,0,7,1,0,0,0
20,0,6,15,0,0,14,2,0,0,0,0,0,0,0,3,0,0,50,6,0,0,0,0,0,7,1,0,1,1,2,5
10,5,9,0,0,5,0,0,0,4,0,0,3,0,1,0,11,0,10,7,0,4,5,0,0,2,6,0,0,1,4,4
27,0,2,0,0,3,1,4,0,0,0,0,0,6,0,0,0,0,8,1,7,4,0,1,0,0,0,1,3,0,0,0
2,3,0,16,0,5,6,6,7,1,0,0,7,0,4,0,4,1,0,0,0,0,4,0,0,0,0,0,10,0,0,0
0,12,0,1,22,8,0,0,0,2,0,0,0,0,0,0,0,0,0,1,0,1,5,7,0,0,7,0,0,3,0,7
5,6,0,0,0,0,0,0,7,0,0,8,1,0,7,4,0,3,3,4,8,0,0,4,1,8,4,8,13,0,8,0
0,1,0,0,0,5,0,1,0,0,0,2,0,0,7,1,0,3,1,0,0,0,2,0,0,0,7,3,0,0,0,0
2,4,0,0,0,0,5,0,3,2,0,0,5,2,0,2,3,0,0,0,0,0,1,0,0,0,0,0,2,0,0,0
19,5,6,3,0,1,0,0,4,1,0,1,0,16,0,26,0,0,0,0,0,0,2,0,0,3,6,0,0,5,7,0
0,0,4,0,0,0,0,0,12,0,11,5,1,0,0,0,0,0,2,0,1,0,0,2,0,6,0,0,0,0,0,0
19,8,0,0,7,0,1,8,0,0,0,0,0,1,3,3,0,0,0,0,1,3,0,0,2,4,9,0,5,1,0,0
0,0,14,0,10,0,0,0,0,0,0,3,0,0,0,6,3,0,0,0,1,1,6,0,0,0,0,0,2,0,0,24
0,3,0,0,0,3,2,3,2,2,0,0,0,0,0,0,0,0,4,1,0,0,2,1,0,0,0,4,0,0,0,0
0,2,2,2,0,0,0,13,0,0,3,1,0,7,2,0,4,2,0,2,0,6,0,7,0,2,5,0,0,7,0,2
7,4,0,0,0,0,0,2,0,0,0,1,4,3,6,1,0,0,0,0,0,1,0,0,0,2,0,7,0,0,4,0
1,1,0,5,0,0,0,0,3,5,0,1,0,0,0,0,0,0,0,1,0,2,1,3,2,0,4,4,0,0,1,0
0,0,0,0,4,0,3,0,1,0,5,6,0,6,0,0,0,0,1,0,11,2,3,0,0,6,2,0,0,0,10,14
0,0,6,2,0,2,9,9,7,6,0,0,0,0,0,0,0,1,2,0,1,8,0,0,9,6,0,0,2,0,11,0
1,8,6,8,10,2,13,3,7,0,1,5,0,0,0,0,9,0,4,1,2,0,0,13,0,1,0,0,0,0,0,5
3,3,11,0,0,0,1,4,12,8,0,2,0,0,3,1,0,6,3,0,2,3,0,0,0,0,8,0,7,0,0,0
