0,0,1,0,10,4,0,6,0,0,0,3,0,0,5,6,0,0,0,1,0,1,2,0,3,7,4,0,0,0,0,11
1,3,0,0,0,12,0,0,2,2,0,0,5,11,1,0,0,2,5,0,7,0,4,11,10,0,2,0,0,3,4,13
0,0,0,0,10,11,3,8,0,0,9,36,2,0,0,0,0,8,0,7,6,10,0,15,0,0,3,4,6,0,0,0
0,0,11,7,0,0,0,12,4,5,20,0,0,0,7,2,0,6,0,0,0,5,9,0,0,0,0,0,9,3,0,0
1,0,8,0,0,0,0,21,0,0,2,8,0,0,0,1,0,0,1,0,0,9,0,0,0,0,5,0,0,2,0,0
0,7,0,0,3,0,7,0,0,0,0,0,2,0,0,2,0,7,0,0,0,0,0,7,0,0,0,0,1,0,3,0
12,0,5,0,0,6,2,14,0,9,0,13,0,0,0,0,0,0,0,0,3,0,0,1,10,8,0,3,9,0,0,0
0,0,0,6,0,0,22,0,0,0,0,0,4,0,7,0,0,0,0,4,0,48,2,0,9,0,2,18,1,0,0,17
0,0,12,3,9,6,2,18,0,0,0,0,0,0,0,0,0,0,16,0,2,16,0,7,0,0,0,0,0,0,0,15
3,0,0,11,0,0,0,0,0,3,6,8,0,0,0,20,11,0,8,0,0,0,0,0,0,5,1,5,0,0,0,22
27,0,0,17,0,0,0,16,0,14,0,23,0,2,0,9,8,0,0,4,1,4,1,0,0,6,9,17,0,4,0,2
15,8,0,5,0,21,0,6,0,7,12,9,0,12,0,0,17,0,0,0,3,0,16,3,11,12,2,5,7,0,0,11
0,18,3,0,21,29,8,0,4,0,26,0,23,8,0,0,0,0,0,11,3,4,0,21,0,0,0,14,0,0,0,18
0,0,0,18,10,0,16,66,19,0,18,6,0,0,1,0,0,0,6,4,0,11,16,10,0,0,13,11,2,0,2,0
4,7,0,0,5,11,2,0,39,14,0,5,0,0,0,1,1,0,0,6,0,7,0,0,8,0,0,10,0,0,0,0
0,10,0,8,0,0,0,15,0,11,8,17,2,0,0,12,25,0,0,0,16,12,0,0,2,3,0,0,0,11,3,0
0,0,0,0,0,17,30,55,0,0,0,0,0,0,8,0,0,0,0,9,0,14,0,0,6,16,0,0,9,1,3,0
4,2,0,4,26,0,2,0,3,3,0,0,7,7,21,0,0,7,0,0,14,1,15,21,0,0,0,0,0,0,2,12
36,0,3,14,0,14,6,7,0,17,0,0,0,0,6,10,0,18,0,8,2,2,0,20,4,0,26,6,5,5,13,28
8,19,10,0,32,5,16,7,55,5,17,0,0,0,0,51,0,0,43,0,0,0,3,8,11,0,3,7,5,9,16,6
17,0,24,7,33,7,0,69,0,23,0,0,0,0,5,0,0,0,5,0,21,12,0,0,0,0,0,16,19,0,0,0
0,0,22,9,54,0,0,0,14,0,0,0,13,7,11,2,0,0,0,0,0,0,0,0,1,0,59,0,16,6,1,21
0,26,0,16,7,0,9,0,0,4,20,6,21,0,0,0,29,18,0,0,0,7,0,1,0,5,0,7,4,6,0,25
31,0,0,0,0,54,11,0,0,1,0,0,0,1,35,0,3,1,19,0,0,4,0,7,7,0,0,21,0,0,0,0
45,0,3,0,51,0,0,23,0,32,8,0,0,18,3,46,12,0,5,0,0,21,0,9,14,0,10,0,4,0,0,26
0,0,32,9,0,0,0,0,17,0,5,4,18,0,7,0,0,10,0,0,0,13,24,0,0,0,0,0,0,22,0,0
3,0,19,25,12,0,199,196,167,1,54,0,25,0,41,26,32,0,8,7,0,0,3,0,0,14,0,6,42,5,0,35
0,8,0,25,0,0,210,190,139,0,11,0,0,0,8,19,0,0,30,0,0,0,0,0,10,0,2,35,0,0,0,21
10,7,0,0,18,0,217,48,71,16,32,2,0,11,5,0,0,7,31,0,0,17,24,9,0,0,0,4,0,18,0,2
0,0,0,0,0,0,34,136,79,3,34,0,0,35,0,0,0,0,0,11,14,10,0,0,0,20,0,0,9,0,11,11
0,4,4,17,33,14,27,0,22,21,19,0,0,34,7,2,7,9,0,2,0,0,0,0,0,16,0,0,0,0,0,0
0,14,0,0,0,0,0,0,11,0,0,3,0,0,4,0,0,4,12,20,0,0,0,13,10,0,17,21,9,5,3,0
0,0,30,0,7,0,0,0,0,4,0,29,17,0,0,16,13,29,19,0,9,37,0,0,31,0,25,0,35,0,0,32
0,0,18,0,14,0,55,0,25,0,31,39,171,8,11,61,0,0,0,4,0,16,21,0,22,18,0,0,13,0,22,30
41,15,0,0,14,24,7,6,0,0,0,130,92,0,12,0,18,21,11,0,26,0,9,12,0,0,1,22,16,0,5,17
0,16,0,0,0,16,0,0,0,5,24,218,45,34,0,0,0,28,0,20,33,21,0,28,18,26,16,0,4,0,0,25
33,11,234,79,0,17,0,14,9,0,9,17,6,23,0,0,30,10,0,19,2,0,0,9,22,0,19,16,0,0,0,62
0,0,197,233,7,9,18,45,12,0,17,30,19,0,0,0,0,0,4,0,13,8,10,0,0,33,0,4,8,0,11,47
0,9,30,63,18,0,0,49,0,0,0,0,0,42,0,0,0,0,0,11,1,27,0,0,0,0,0,0,0,41,5,8
36,1,7,25,0,26,0,0,0,28,0,8,0,2,0,0,0,0,105,5,8,14,0,0,7,22,2,9,0,0,0,0
0,0,0,21,0,0,0,6,0,0,10,1,36,0,0,11,15,18,195,35,0,19,0,0,25,11,35,3,0,4,3,29
38,26,7,0,26,28,0,0,14,0,0,0,5,0,4,0,0,22,186,136,0,0,0,22,7,0,0,0,14,0,14,0
0,0,31,0,15,0,16,0,17,0,41,0,0,45,0,0,0,0,5,0,3,0,3,16,0,0,0,0,0,5,0,5
11,14,0,0,8,0,0,0,2,0,4,0,15,26,23,13,24,0,0,4,25,0,15,0,1,17,0,0,0,26,6,0
0,0,34,3,1,20,0,13,0,0,9,17,0,0,11,0,0,16,14,0,0,0,0,13,0,2,7,2,0,8,0,0
5,0,0,0,0,3,0,0,27,0,0,1,4,0,15,2,27,0,0,0,0,6,5,0,0,6,1,0,0,11,12,0
0,9,0,0,14,8,0,0,0,0,9,0,0,33,0,0,9,15,12,1,0,0,0,0,16,22,4,20,23,0,24,14
33,9,11,17,25,0,0,12,0,0,0,3,0,10,11,7,3,0,13,0,234,207,0,9,0,0,0,4,0,0,0,0
0,0,7,22,0,8,0,20,0,0,14,0,0,0,5,7,3,0,0,188,189,195,80,14,0,21,0,1,1,0,1,17
0,0,0,0,0,13,33,0,2,0,2,3,10,0,12,16,13,0,0,182,226,26,1,0,17,0,0,34,6,0,0,4
0,10,26,6,53,0,2,0,0,14,0,0,0,21,0,0,13,3,0,0,11,18,8,32,0,0,0,28,3,0,16,15
0,0,27,0,0,0,12,3,16,0,9,26,43,8,0,21,0,0,16,29,6,0,13,0,2,4,0,4,9,0,0,9
0,0,4,32,0,0,0,0,26,0,13,17,19,3,0,0,0,0,49,34,0,22,0,0,0,0,6,33,27,0,13,0
0,0,0,0,2,9,18,20,15,0,36,36,12,0,0,0,2,1,9,0,4,9,0,0,34,37,119,0,15,12,3,0
0,0,26,0,0,10,22,27,2,0,2,25,0,0,0,0,13,0,0,21,0,0,4,0,0,0,0,0,0,0,0,0
48,0,0,3,0,0,0,0,3,19,0,0,0,4,5,15,0,12,11,4,0,0,0,1,0,0,7,0,16,0,0,0
2,12,0,16,2,0,0,197,112,34,0,0,0,11,16,0,0,0,0,11,13,2,1,5,0,12,0,0,0,3,0,0
32,32,4,0,8,0,0,198,186,171,0,21,0,0,11,0,0,2,4,34,16,0,0,29,5,12,3,2,26,0,0,0
0,1,6,26,6,0,13,196,197,125,0,0,9,24,0,11,0,0,0,4,16,0,20,0,20,0,23,5,2,20,0,0
0,0,29,6,61,8,12,103,76,3,0,0,0,9,10,5,4,13,0,0,0,0,0,39,0,0,0,26,3,0,0,0
50,0,5,4,22,20,0,0,0,0,0,6,0,16,0,8,0,0,0,10,2,0,0,0,2,3,0,0,14,14,0,31
0,0,15,10,0,16,0,0,0,11,19,26,28,0,0,0,0,30,21,0,8,0,0,20,8,22,22,18,12,0,11,40
2,0,14,29,0,0,18,39,0,0,57,10,5,0,0,36,9,10,5,0,0,22,0,0,28,3,47,14,0,3,0,0
29,0,0,32,0,0,0,17,4,0,0,12,26,11,0,12,30,0,5,0,17,1,0,18,8,0,0,42,15,10,0,0
0,20,4,0,8,11,0,0,0,12,0,15,8,0,0,8,0,14,0,7,27,7,0,0,0,0,0,7,0,13,7,8
21,23,0,0,0,0,15,5,0,23,17,5,29,2,0,42,0,0,0,0,0,12,0,0,3,5,0,1,10,0,15,0
28,0,0,5,13,0,6,0,5,32,25,18,40,12,5,12,30,0,34,0,20,0,9,2,0,0,24,0,0,0,0,9
7,12,0,0,22,1,16,0,22,4,9,85,164,0,0,0,0,9,0,0,16,1,13,3,0,0,19,0,0,10,0,0
0,3,43,212,4,0,0,0,1,0,0,0,12,0,0,3,5,0,0,22,0,8,0,0,0,0,10,9,0,13,0,0
22,36,118,74,1,6,16,0,1,11,1,0,0,6,3,0,15,7,38,0,20,0,1,11,0,3,0,0,13,0,3,0
0,0,49,32,0,0,16,0,23,3,0,0,0,17,1,0,14,0,0,0,63,0,0,13,20,9,0,7,0,0,11,0
0,9,0,0,16,0,9,0,0,0,0,0,4,13,0,5,36,7,0,8,25,0,0,0,0,0,0,40,0,0,3,21
23,7,0,0,9,7,14,0,0,0,0,10,8,0,0,3,0,7,0,10,21,0,0,21,4,0,1,0,0,22,0,0
0,0,0,17,0,0,0,5,0,0,0,9,0,0,0,0,0,14,0,0,0,23,0,0,0,0,0,0,0,7,0,10
0,20,2,17,0,0,7,35,36,0,0,0,0,4,0,10,0,0,14,12,0,0,31,0,9,6,3,0,0,0,0,0
6,0,0,17,0,11,2,0,16,24,0,0,0,0,0,0,39,1,17,21,4,16,13,0,2,0,0,0,6,7,0,3
0,0,0,0,0,0,0,0,27,11,31,0,2,18,5,0,0,0,0,0,20,0,0,25,0,0,0,0,0,0,0,0
26,0,0,5,29,6,5,18,2,0,6,0,16,0,0,0,5,0,5,9,16,6,16,0,13,13,17,5,0,0,7,1
13,9,2,0,0,0,8,28,0,4,0,0,17,4,11,0,0,7,0,37,15,0,32,16,4,6,0,0,2,0,5,0
0,0,15,1,0,13,0,16,0,0,0,39,23,5,13,5,0,0,0,82,88,0,0,15,0,10,14,5,0,0,17,5
25,0,2,0,3,9,2,0,0,21,30,0,0,0,0,14,0,0,0,17,16,0,0,11,0,0,15,0,13,9,0,0
0,14,18,5,0,12,3,0,9,33,7,0,11,0,0,1,0,2,0,0,0,15,0,0,0,0,0,17,10,0,0,7
11,0,0,0,0,0,14,0,0,0,0,12,0,0,0,0,0,3,0,10,3,0,0,4,4,0,13,7,16,8,1,0
0,0,20,27,0,0,3,19,13,4,0,0,0,0,2,0,0,0,21,0,11,21,2,0,5,0,0,4,12,4,0,0
0,7,4,0,9,24,5,0,0,31,29,0,2,28,0,0,0,0,0,0,0,0,22,11,0,0,22,11,31,12,0,0
0,0,16,0,0,0,0,0,0,8,0,0,18,0,5,0,15,0,0,0,0,0,17,0,10,5,39,5,11,0,0,17
22,0,5,6,15,21,19,12,0,7,18,8,0,13,8,4,0,8,0,0,0,0,0,0,0,4,1,14,2,0,0,0
0,0,0,26,8,0,25,12,24,8,4,0,28,10,0,0,0,14,1,0,19,0,11,4,0,4,0,10,15,0,0,0
0,23,0,32,5,0,20,4,9,13,13,13,21,3,7,0,10,0,0,12,3,0,0,9,4,4,0,0,0,2,10,0
14,0,0,0,0,0,0,13,0,0,41,0,3,0,12,16,12,3,3,0,0,0,6,0,3,3,12,0,8,5,0,9
23,5,12,0,10,0,5,0,0,0,0,0,0,0,0,0,0,0,0,1,0,0,10,4,0,8,0,0,5,0,8,0
35,0,0,6,9,2,18,0,0,8,0,0,22,0,0,0,0,0,3,0,2,2,0,9,8,9,0,0,0,0,3,4
0,23,0,32,4,1,17,4,4,0,0,0,0,0,0,3,0,0,13,6,5,0,0,8,4,5,13,0,3,15,0,0
0,0,0,0,14,0,14,0,24,14,0,0,0,10,0,21,0,0,0,0,0,0,0,0,0,1,0,3,0,0,4,0
12,1,4,0,21,0,1,13,10,10,0,0,0,0,0,0,0,0,0,13,5,0,8,7,4,0,5,0,0,0,6,0
6,0,20,11,0,0,6,0,2,0,0,9,6,0,0,7,6,0,9,5,0,0,0,0,0,6,0,0,0,0,0,0
21,17,41,0,31,49,0,0,0,0,11,22,0,0,0,0,0,19,0,0,32,7,34,7,10,19,0,0,7,0,12,4
42,0,0,0,0,0,0,1,16,21,29,88,32,28,12,0,0,0,0,0,19,1,0,0,0,0,0,32,20,0,0,0
0,10,0,0,0,0,0,0,0,0,31,114,10,7,0,16,0,9,0,0,0,18,8,18,21,0,37,4,0,0,0,7
0,0,234,195,0,0,0,29,0,0,14,12,26,0,0,0,0,4,0,0,0,0,0,3,10,4,0,0,10,7,16,0
37,10,196,198,0,42,0,0,0,11,34,1,29,0,0,0,0,16,0,19,0,0,0,23,0,0,14,0,16,5,30,32
55,0,249,40,0,3,0,37,8,0,0,5,0,11,5,0,0,0,36,0,0,0,0,16,0,0,17,10,0,0,0,12
0,30,0,0,0,0,6,0,11,0,0,0,4,19,0,0,0,0,90,20,46,14,19,6,0,0,0,18,24,15,0,0
0,3,0,0,25,0,37,0,37,0,12,12,40,0,33,10,2,0,11,10,16,0,22,0,20,26,22,0,10,2,0,45
0,0,0,0,0,0,0,0,23,5,0,7,8,44,28,8,0,0,1,0,0,19,0,17,0,0,17,0,14,0,0,0
20,30,23,0,11,44,28,0,0,0,2,5,4,0,0,0,16,0,0,14,0,0,0,22,6,0,0,0,0,0,0,46
10,0,0,3,0,1,0,16,0,18,24,9,14,0,1,0,0,0,4,0,0,9,42,36,0,0,0,11,5,0,0,32
0,32,40,38,0,0,0,41,0,1,0,8,5,8,21,0,1,0,0,0,12,8,13,0,21,3,33,0,13,0,8,10
16,13,16,0,6,0,1,0,5,69,21,0,20,8,0,0,0,0,21,0,0,0,0,0,0,44,0,0,8,0,26,14
0,6,7,0,12,49,0,0,21,1,8,0,0,39,16,0,0,17,4,0,14,0,36,0,21,0,7,32,0,0,36,0
0,19,0,0,1,26,14,0,10,17,5,10,0,0,7,0,13,0,15,0,0,54,87,0,0,0,3,0,0,0,0,35
0,2,0,2,52,14,0,8,23,20,8,0,11,0,0,23,0,0,0,0,132,195,246,24,0,0,0,0,0,11,5,0
0,1,0,5,31,0,32,1,1,0,31,0,0,0,9,3,0,0,11,16,143,197,34,0,0,0,0,10,0,6,16,2
0,1,0,0,0,7,0,2,20,0,6,0,9,10,0,42,12,0,0,0,18,18,24,0,5,5,14,3,5,0,0,3
0,0,11,21,0,0,10,23,25,0,0,44,3,0,0,10,0,0,15,18,10,0,0,1,14,0,0,0,9,11,0,9
0,15,0,3,0,20,11,17,3,19,16,0,0,23,0,0,0,8,0,0,30,24,25,2,0,0,0,0,0,51,0,2
12,35,0,0,7,6,2,42,0,9,0,0,0,4,23,62,16,0,1,0,0,30,21,0,29,0,12,45,20,17,9,8
0,8,4,22,0,9,6,0,0,0,0,0,0,34,0,0,0,0,0,0,0,2,13,0,0,29,66,0,0,27,0,0
0,15,0,17,0,0,0,23,0,0,0,0,0,0,0,0,19,14,5,14,0,0,0,0,0,7,12,2,0,0,0,0
46,40,12,0,9,0,16,5,12,0,0,0,0,1,0,34,51,24,25,0,19,10,0,0,4,23,18,0,15,0,22,0
8,0,8,1,0,0,16,0,0,0,0,6,0,2,13,46,4,7,3,20,0,8,31,0,4,0,0,0,24,0,9,0
41,7,0,0,0,196,49,0,0,0,0,9,5,0,0,0,4,0,0,41,9,0,0,0,28,6,0,0,30,28,1,49
14,0,0,0,5,197,195,189,8,0,0,0,27,13,18,0,0,0,0,0,35,0,34,28,25,0,41,0,0,0,11,11
0,37,17,0,17,103,197,197,0,0,0,1,0,11,0,6,11,26,2,7,12,0,0,0,0,14,12,12,29,0,35,25
63,1,0,0,16,18,197,16,9,0,31,6,3,0,9,0,0,0,0,0,0,0,3,14,3,13,15,16,16,0,1,29
30,0,0,11,7,0,19,64,20,0,0,0,13,11,0,21,0,1,0,0,8,0,0,9,0,0,0,40,0,0,17,16
7,0,10,22,0,0,39,0,18,10,33,10,35,0,0,35,0,0,27,0,10,20,17,0,0,31,2,20,0,0,0,20
0,10,7,2,0,0,31,0,19,8,4,0,2,8,0,4,0,0,0,9,0,0,0,0,4,0,0,0,0,22,0,0
10,1,10,14,0,12,0,0,20,0,30,26,0,0,0,0,28,5,0,7,22,0,0,0,2,2,5,7,0,0,0,23
15,0,16,18,8,0,0,0,0,0,0,76,28,0,0,2,36,0,11,0,0,10,0,0,16,0,0,19,26,12,0,0
0,33,0,14,0,0,0,0,0,4,47,30,14,9,29,0,0,0,6,17,6,0,16,30,0,15,0,0,0,19,6,0
24,7,17,0,17,6,4,5,11,0,253,5,33,0,12,6,7,0,0,25,12,0,12,17,17,25,0,13,18,16,23,0
65,44,131,237,0,0,0,0,4,0,11,13,0,0,0,24,0,5,0,8,0,10,0,2,4,0,3,3,22,0,16,0
0,0,91,161,7,0,0,0,16,24,0,0,0,24,0,0,0,8,0,0,11,5,18,14,0,0,5,0,0,25,0,7
18,0,22,63,0,26,0,17,0,37,16,0,43,4,23,0,0,28,4,16,0,0,0,5,0,4,0,9,8,28,0,0
0,14,0,0,0,0,0,25,8,2,22,0,0,21,0,17,0,76,195,229,0,2,30,23,4,0,0,0,0,0,21,0
130,0,0,0,45,5,4,30,0,14,0,6,0,0,0,0,12,197,41,18,1,1,37,33,0,9,0,0,0,58,0,0
0,8,0,0,7,0,0,24,0,0,0,5,0,0,0,0,23,227,101,1,0,0,0,7,27,14,32,16,0,0,40,0
50,11,6,13,0,0,8,0,3,0,0,0,3,3,9,17,11,0,6,0,10,0,2,0,2,6,0,11,0,0,0,18
32,0,0,17,0,33,0,0,1,0,0,0,0,32,0,36,5,11,0,3,7,0,13,5,14,14,9,10,0,38,0,0
0,9,6,0,0,15,31,0,14,0,19,1,0,23,4,50,2,13,9,14,8,0,0,10,0,0,6,6,0,2,0,21
0,9,0,17,7,0,0,19,0,0,1,19,24,0,9,3,22,47,5,0,0,0,0,1,0,2,0,9,26,0,0,43
23,0,0,1,0,0,0,5,28,0,5,19,5,6,0,29,0,0,2,19,0,0,13,0,0,29,0,0,0,3,0,0
29,0,0,6,5,23,11,0,0,36,0,18,19,1,6,0,36,0,15,20,183,253,24,6,0,0,24,0,0,0,17,0
12,48,0,4,0,0,0,0,0,0,9,0,1,0,17,0,16,16,0,125,197,189,0,0,4,1,0,16,32,0,34,0
0,34,0,0,40,0,0,29,0,41,0,12,0,0,25,0,0,32,32,18,58,95,33,20,2,29,0,8,20,0,45,0
0,13,0,0,0,19,0,0,0,15,0,0,0,13,0,0,0,14,0,15,0,0,0,0,0,0,0,6,1,3,27,4
0,0,9,0,18,0,9,78,5,0,5,37,0,20,6,33,8,22,0,12,22,0,2,31,26,0,10,0,0,9,5,15
83,0,0,28,0,0,30,11,11,0,0,0,2,0,0,30,0,14,0,0,0,0,46,0,21,0,0,0,30,0,0,0
7,0,19,0,6,0,0,0,0,0,0,30,22,14,0,0,0,18,0,0,8,0,5,0,0,0,83,0,53,0,0,33
0,16,0,0,0,3,7,0,27,0,31,21,0,0,8,9,16,21,16,0,9,0,8,19,0,0,11,7,21,30,27,9
0,0,0,11,0,0,0,22,2,13,2,5,64,9,0,18,0,0,0,14,0,0,34,0,0,8,0,0,31,0,0,16
0,32,15,0,23,0,0,0,16,0,0,0,0,13,0,37,38,0,0,0,1,14,0,6,0,6,13,0,0,0,0,0
0,17,4,7,14,0,52,223,12,16,9,25,4,15,0,0,12,20,5,20,0,0,0,0,5,5,0,25,31,0,16,0
0,34,0,0,0,48,192,190,170,5,0,0,0,18,0,0,0,2,2,0,0,11,0,13,0,0,0,0,0,17,12,0
13,0,0,10,0,0,62,65,13,15,13,8,18,2,10,0,0,7,8,0,16,10,0,6,2,0,30,3,0,7,0,4
0,0,0,0,0,14,15,0,0,15,0,5,0,2,0,12,1,0,0,0,11,5,0,18,0,9,0,29,0,1,11,0
20,0,5,0,27,11,4,0,4,12,12,0,39,17,4,0,0,41,9,0,0,0,6,27,18,0,11,0,1,12,16,6
0,0,0,20,4,0,17,0,16,3,8,0,5,2,0,9,12,0,0,2,0,11,0,0,3,36,7,17,16,0,0,0
6,0,0,0,15,0,0,32,0,0,14,2,0,0,9,0,8,0,16,44,0,21,0,0,0,24,48,4,0,0,0,0
7,36,0,5,0,9,0,0,1,0,0,0,0,2,17,0,6,7,0,0,0,4,30,0,0,0,0,12,15,8,0,0
22,0,0,13,7,0,0,24,0,0,0,16,10,2,4,8,20,0,4,12,0,2,21,0,10,15,27,0,4,4,0,0
0,0,0,22,0,0,1,0,0,18,22,19,0,0,4,4,0,0,0,1,0,10,0,0,15,0,9,0,0,0,5,0
14,20,1,0,0,1,0,0,0,0,2,0,20,0,15,24,5,2,7,0,0,0,5,2,0,0,22,0,0,0,0,14
0,0,0,6,0,0,7,0,0,11,0,31,1,23,13,5,0,11,5,0,5,6,2,8,0,0,34,17,0,0,0,0
0,0,0,10,0,0,0,0,0,16,19,0,24,0,0,6,7,0,0,0,3,0,0,14,21,20,9,0,11,0,0,3
13,0,4,56,15,1,5,0,0,5,5,0,0,0,14,4,5,0,2,0,3,0,0,13,5,3,11,0,0,1,1,35
6,2,0,11,0,0,13,0,12,2,0,8,0,0,7,2,6,0,0,14,9,0,7,6,0,1,0,4,0,0,5,0
52,16,4,0,1,12,0,0,13,0,0,0,0,0,6,0,2,48,2,13,1,0,0,4,0,0,0,0,0,17,0,0
0,0,16,19,7,1,23,0,0,0,24,0,0,11,5,0,0,3,0,8,0,0,0,4,0,3,0,0,0,6,0,0
0,0,0,0,1,0,0,0,0,0,5,7,0,3,9,2,0,0,6,6,1,0,16,13,0,4,8,0,0,0,12,6
0,0,0,0,0,0,12,10,5,2,0,0,0,1,0,2,0,1,1,0,0,2,2,0,1,7,0,0,0,0,0,0
12,0,0,2,19,4,0,8,12,0,13,0,24,0,0,7,4,3,0,13,1,15,0,7,0,0,2,0,7,0,0,7
6,0,7,11,7,0,4,3,6,2,13,0,22,0,8,0,5,0,1,0,0,2,0,2,0,0,0,0,0,7,0,0
24,9,0,0,0,0,0,0,5,0,0,8,18,16,5,5,4,0,0,0,4,11,6,14,0,0,0,0,3,12,2,0
0,0,0,0,10,3,8,5,13,0,0,0,0,13,13,0,0,0,0,0,82,0,0,0,6,6,4,0,16,10,0,9
22,0,0,0,0,0,0,0,5,0,0,0,0,9,0,0,0,0,14,0,105,5,1,0,4,8,7,0,0,3,7,0
0,2,0,0,16,0,7,0,19,0,0,11,0,0,1,4,6,11,5,3,7,0,9,4,1,1,0,0,0,11,0,0
2,9,1,0,0,4,0,0,0,2,0,19,12,0,0,1,0,6,0,8,0,13,16,0,12,0,6,0,4,0,12,0
8,0,0,0,0,3,0,0,9,2,0,12,4,0,0,0,3,0,17,0,0,0,22,3,0,4,0,3,2,5,24,0
28,7,0,0,5,0,0,0,4,0,0,0,0,7,0,0,5,0,0,0,0,11,8,4,0,16,21,0,32,0,0,0
3,3,0,0,14,6,9,0,4,8,0,0,0,0,0,7,7,0,16,0,0,8,4,7,0,0,71,0,0,0,0,0
0,0,11,0,0,8,0,8,0,0,0,0,0,7,0,0,0,8,0,1,0,5,0,0,1,0,0,0,12,0,0,0
7,0,19,0,22,0,9,0,0,0,13,0,0,0,0,0,6,2,0,0,0,0,0,0,0,0,23,0,0,7,0,0
18,7,0,2,13,0,0,0,5,4,5,0,2,18,3,0,17,10,0,0,0,12,0,12,8,2,0,0,1,3,17,2
0,0,0,0,0,20,0,25,0,4,28,12,0,19,4,0,6,0,14,0,25,0,2,25,17,0,0,0,3,26,0,0
0,0,2,3,0,0,1,9,16,0,0,0,6,16,8,0,16,0,0,0,19,13,6,12,6,0,11,2,16,2,0,1
13,0,15,5,14,3,31,0,0,0,22,0,0,2,4,8,0,9,0,11,2,2,15,11,0,0,0,0,10,1,0,9
0,0,8,0,19,14,23,0,0,0,0,0,8,8,4,0,0,2,0,14,27,28,0,8,0,0,0,27,0,0,5,5
0,0,0,0,1,10,0,0,0,12,3,0,12,6,0,10,0,1,0,0,11,1,9,17,0,1,0,0,0,0,6,0
6,8,0,0,14,4,0,12,0,5,0,0,0,0,0,5,45,3,3,1,9,0,0,5,0,0,9,12,0,0,11,0
1,0,4,0,0,13,5,7,0,0,24,0,13,21,0,0,0,6,0,0,0,0,0,6,5,3,5,0,0,15,2,6
42,29,0,32,0,0,25,12,16,0,48,0,28,15,0,0,0,5,0,14,9,0,0,7,1,21,5,12,0,0,0,10
13,0,9,21,0,5,0,21,0,27,116,95,0,43,0,0,0,8,11,0,0,11,7,0,0,0,0,28,3,0,0,0
25,0,14,0,0,6,17,18,26,45,166,168,0,1,0,49,16,30,0,0,11,3,13,0,12,5,37,6,0,0,0,22
0,3,0,0,69,2,0,0,60,91,143,0,0,59,0,19,0,0,2,0,5,26,0,8,0,0,0,6,0,0,0,24
74,191,141,0,0,7,0,12,0,0,0,0,1,10,1,0,24,18,49,0,8,0,0,12,0,0,19,3,18,13,0,0
131,194,224,15,44,44,37,0,0,0,20,0,3,0,0,5,26,10,0,0,19,0,0,0,0,0,0,28,9,16,0,4
0,253,30,0,0,29,0,0,44,0,0,0,0,19,0,13,4,36,122,143,7,0,9,0,24,2,58,0,17,10,19,0
0,4,1,14,4,0,9,0,14,6,0,5,0,30,19,2,0,39,26,56,0,3,0,0,0,0,0,9,7,0,33,16
0,0,38,0,0,0,31,0,26,0,22,2,45,16,0,29,0,0,29,9,0,0,24,0,11,0,0,5,18,0,0,2
4,0,0,0,53,0,31,39,24,10,7,11,23,7,0,13,3,22,2,2,15,10,8,6,0,13,23,1,12,31,0,0
2,0,15,0,0,0,8,0,13,0,16,16,0,0,13,0,1,18,0,31,0,0,0,0,0,9,30,11,0,14,11,20
13,19,16,4,0,18,0,3,10,0,14,28,20,0,10,21,19,0,1,18,0,7,8,0,29,20,8,0,0,0,0,26
30,13,16,4,11,25,8,10,36,0,0,16,0,34,13,19,0,0,0,0,11,0,0,0,0,0,5,0,9,0,8,0
7,0,0,38,16,25,26,0,0,0,12,25,0,0,19,0,5,0,9,14,12,4,0,0,5,25,0,12,15,22,0,25
30,0,3,0,0,16,0,0,0,7,0,0,0,19,32,28,0,1,0,22,0,0,0,4,0,2,0,9,0,0,0,29
6,0,8,0,36,3,13,0,0,15,0,0,0,27,0,0,8,2,1,0,198,5,146,0,0,0,0,0,13,41,0,0
2,3,6,16,19,0,0,18,0,0,4,3,10,0,28,0,27,0,0,0,230,105,181,0,11,17,38,0,0,0,0,16
0,17,19,35,13,0,27,6,27,0,0,0,0,19,2,9,2,0,0,0,0,0,0,33,0,8,0,0,0,0,0,0
3,30,0,0,11,14,11,0,31,0,28,12,13,10,0,2,4,0,0,11,6,12,11,0,5,0,0,19,13,0,0,0
8,34,0,0,0,4,28,1,0,22,0,0,0,0,0,0,7,18,9,0,4,4,0,0,0,11,24,33,0,6,20,6
0,0,0,0,0,20,11,0,0,20,0,0,0,13,0,0,0,0,11,5,16,0,13,2,0,11,7,0,4,0,4,0
0,8,25,0,0,0,0,28,0,0,13,52,1,0,0,0,9,0,16,20,10,0,0,9,22,15,82,0,1,25,17,0
0,8,0,0,4,24,0,10,16,0,0,25,0,11,30,0,0,0,4,0,7,0,24,13,0,10,51,30,30,0,0,23
0,0,11,9,48,0,3,0,0,0,9,7,0,24,0,0,14,0,0,0,9,0,0,0,0,0,0,11,0,0,23,54
55,21,0,0,24,24,26,0,0,12,0,0,0,0,0,0,0,23,0,1,6,8,1,7,0,11,10,4,0,11,0,4
46,0,18,13,1,69,95,55,34,0,0,14,16,0,0,11,0,1,21,0,40,0,69,16,0,0,56,37,29,0,3,35
4,0,5,11,0,194,197,37,3,7,7,18,0,23,0,0,0,3,24,0,0,0,0,0,18,0,0,0,20,0,0,36
42,0,0,6,17,73,197,149,11,0,0,0,0,26,21,0,0,2,15,15,8,33,13,4,0,0,0,31,0,0,2,28
0,0,0,0,46,173,133,41,0,17,31,0,13,0,6,25,0,0,0,0,0,13,0,5,0,0,0,6,0,0,18,0
16,0,0,0,0,0,0,7,0,12,0,0,0,35,24,20,0,0,16,0,0,22,16,23,14,2,0,5,0,0,38,0
33,23,24,0,18,0,11,20,0,0,0,45,20,0,0,5,0,0,8,0,7,14,0,0,16,0,0,0,8,0,0,0
0,0,0,0,5,0,2,0,29,3,0,0,0,5,14,0,13,27,0,0,0,45,32,0,2,6,35,0,0,18,8,0
0,7,0,0,0,17,0,0,0,14,0,19,23,22,7,21,8,0,0,0,3,3,0,0,23,10,1,1,20,17,11,21
35,8,0,0,0,0,0,38,29,0,19,8,1,0,7,16,0,19,0,6,23,0,20,0,15,0,65,0,3,40,0,61
9,0,10,10,0,4,24,4,5,3,205,82,6,1,0,14,0,0,0,0,0,0,0,0,28,0,0,0,0,0,0,0
28,1,10,31,0,16,0,0,18,141,30,180,0,0,0,0,0,25,6,3,11,0,0,9,4,14,37,0,0,0,0,0
10,14,7,6,0,0,0,4,0,8,0,28,1,14,0,39,0,4,0,3,0,0,0,0,23,0,11,0,22,0,5,30
0,236,159,1,0,5,7,11,0,4,7,0,0,0,0,1,25,24,0,7,0,0,12,14,0,0,17,0,7,3,0,0
0,195,254,18,0,11,0,0,0,0,0,6,0,0,4,0,3,0,0,33,0,19,0,0,22,0,0,0,0,0,0,51
0,0,19,2,0,0,0,0,0,9,26,0,24,23,23,0,0,0,4,0,0,0,0,0,0,17,0,0,0,20,1,48
105,0,9,16,27,0,0,1,5,0,0,0,8,13,11,0,61,162,97,12,0,0,4,10,21,16,0,0,0,0,0,0
0,0,0,0,0,0,0,14,19,17,13,0,5,12,0,0,11,132,242,0,0,13,0,2,0,7,39,15,0,5,0,0
57,0,17,5,18,0,0,0,1,0,0,30,5,0,0,0,0,8,2,0,6,19,0,0,0,13,0,0,0,0,0,15
0,2,3,10,0,0,0,10,0,2,0,20,0,16,12,7,4,0,0,0,0,0,0,0,5,21,22,0,0,0,0,19
42,7,21,0,12,10,0,24,0,8,6,0,0,0,31,35,0,6,12,0,3,44,2,0,15,0,0,4,2,11,18,27
7,4,0,0,0,35,5,24,0,0,0,0,0,0,0,0,12,1,0,6,2,21,0,0,0,6,6,0,0,13,19,48
23,0,21,40,0,0,0,46,0,0,32,1,11,0,0,4,25,6,0,23,11,0,30,3,15,18,24,1,11,0,0,0
0,0,11,12,15,0,19,0,0,0,0,0,0,12,0,2,0,0,0,12,144,113,0,0,0,5,0,2,0,0,0,22
12,0,5,0,5,20,0,29,29,8,15,1,0,0,7,12,0,0,0,0,67,169,22,0,0,13,0,0,9,0,12,1
0,13,25,0,5,0,4,16,0,0,0,34,1,4,0,10,3,14,0,9,0,0,0,0,10,0,2,11,4,17,38,0
0,34,0,0,0,2,0,0,0,3,3,0,39,36,0,0,0,0,35,22,27,0,16,9,10,0,6,0,33,0,0,0
12,0,10,23,18,11,0,28,0,3,0,0,0,12,0,0,0,18,0,16,0,0,0,0,1,0,20,0,13,12,16,48
0,3,10,0,0,0,3,17,0,0,0,0,24,0,19,0,7,16,17,5,0,0,20,11,2,1,28,59,12,0,2,0
0,0,0,0,0,17,23,30,23,29,28,0,25,24,12,0,0,23,0,0,0,23,7,0,43,20,30,40,2,0,0,7
16,9,0,0,0,0,14,15,0,11,21,0,0,6,0,0,0,0,13,0,2,0,0,0,7,0,0,0,4,1,24,23
0,7,9,18,0,12,12,0,0,0,0,12,2,0,8,0,0,0,11,0,13,21,6,0,14,0,15,8,0,15,2,0
0,13,6,0,0,0,195,197,0,9,7,0,37,0,0,0,0,0,0,0,17,0,9,0,0,0,17,27,10,16,5,29
32,0,0,24,2,10,46,7,0,17,18,0,0,1,26,0,2,0,0,13,0,22,0,2,0,0,17,4,0,12,8,4
4,0,29,17,3,0,0,41,0,0,4,0,10,28,18,4,0,0,0,14,0,7,0,0,0,0,7,0,0,21,0,0
0,0,0,14,0,0,0,29,9,0,0,0,0,0,0,0,0,0,0,0,9,6,0,10,0,4,0,2,0,4,0,0
9,5,0,5,0,0,0,24,0,0,6,0,22,7,0,0,0,0,0,14,5,3,6,0,19,5,0,19,0,13,5,0
1,1,0,0,0,0,3,0,0,19,1,11,25,1,7,0,0,0,0,0,0,2,0,0,22,13,0,15,13,0,0,0
0,11,0,25,27,11,15,0,5,0,0,0,0,8,0,0,0,35,0,2,0,0,0,5,0,25,0,0,14,0,0,9
4,11,2,5,0,0,0,6,0,0,0,0,3,13,0,0,0,12,0,0,0,11,9,0,0,0,0,0,0,0,0,26
0,0,15,0,0,0,15,4,0,0,0,0,1,4,0,0,6,1,3,7,0,0,7,4,3,0,9,8,10,0,3,0
0,9,0,1,0,0,0,11,7,2,0,3,0,4,0,6,0,0,0,0,0,0,0,0,0,0,4,0,3,1,0,3
0,0,1,11,1,9,0,5,1,0,17,49,7,0,0,0,0,0,0,0,0,0,0,4,10,13,3,0,0,1,13,2
0,16,1,0,18,0,5,0,0,10,0,12,0,0,1,0,6,13,9,0,0,4,12,0,3,5,0,0,0,5,0,1
0,0,0,16,12,0,0,3,0,0,7,0,0,0,7,6,0,0,0,0,0,2,0,0,0,1,0,13,7,8,0,0
0,17,8,0,0,0,0,9,0,0,0,13,5,0,0,0,7,0,0,0,0,0,0,0,0,8,2,2,8,0,11,0
0,0,52,3,1,7,1,3,0,1,3,2,0,0,3,0,0,0,0,1,9,1,3,5,1,0,0,0,10,1,0,0
0,0,8,0,0,0,0,4,2,6,4,1,5,40,9,0,0,8,4,0,7,30,0,9,2,0,0,16,0,0,0,0
0,0,13,0,0,7,13,0,5,0,0,0,0,0,0,3,0,1,3,0,0,2,0,7,0,0,7,0,0,0,0,8
0,0,5,4,0,0,0,3,0,0,0,0,6,0,0,0,6,0,1,0,0,0,0,0,0,0,4,2,3,2,0,0
3,0,4,1,7,4,0,5,0,5,18,1,1,0,4,0,8,8,0,3,1,6,2,0,0,0,7,0,0,0,0,0
6,7,0,0,1,0,8,0,0,3,0,0,0,0,0,15,2,1,0,5,0,1,0,0,3,0,8,2,5,0,0,11
0,0,6,5,4,0,12,4,0,7,17,0,6,1,0,0,0,0,0,7,0,0,0,0,0,0,1,6,5,10,5,0
0,4,2,9,2,0,3,6,0,0,0,0,0,0,0,0,4,0,2,5,0,1,0,8,0,17,0,10,8,0,1,16
4,0,2,1,14,0,0,0,0,2,0,0,4,0,5,0,0,5,0,0,0,0,15,5,0,5,0,0,5,2,15,0
0,0,6,5,9,0,0,0,1,1,0,0,0,0,0,5,3,0,2,0,5,8,5,10,0,5,0,0,0,0,0,8
53,0,0,0,6,9,0,0,0,0,0,0,0,0,0,0,11,0,0,0,7,0,0,0,0,0,0,2,10,0,0,11
6,0,0,2,0,4,0,0,0,0,0,0,0,0,6,7,0,0,0,0,0,0,2,0,1,0,6,7,0,0,0,0
4,0,6,10,0,0,0,0,3,0,0,0,0,9,0,0,0,2,0,0,7,3,0,4,0,0,13,3,9,9,0,0
1,0,0,13,3,17,0,0,0,9,0,0,2,5,0,10,18,0,2,0,13,6,1,0,0,0,0,7,11,0,13,0
24,0,4,0,5,13,0,2,0,11,0,0,3,0,0,2,2,0,0,2,6,0,18,13,10,6,11,13,32,8,2,3
1,0,2,1,7,0,3,7,0,2,0,4,5,0,4,0,2,0,0,0,0,0,7,0,28,0,57,0,7,0,0,17
32,7,2,0,2,14,3,0,7,4,0,0,7,14,16,0,2,8,4,0,2,2,0,0,0,0,0,11,6,0,6,11
11,4,0,0,6,1,0,0,4,2,0,0,0,0,2,0,0,0,5,3,2,0,0,0,0,1,0,0,12,0,0,0
40,0,0,0,0,0,9,0,0,8,5,0,0,5,1,0,0,2,0,0,7,3,0,0,0,0,0,13,7,2,0,0
18,0,8,1,0,24,0,0,0,5,8,0,0,0,1,0,8,0,0,6,0,2,0,0,5,2,6,0,6,0,4,15
0,0,13,0,0,20,14,0,0,0,3,0,0,0,0,0,0,0,0,0,5,0,0,8,0,0,16,0,0,0,10,0
0,7,2,8,0,6,26,6,0,6,5,0,16,0,1,0,5,0,0,0,1,0,0,8,0,4,2,0,6,0,3,15
28,0,0,0,7,0,19,7,3,0,1,0,0,0,2,6,0,0,0,0,2,9,0,0,5,5,16,0,2,0,10,0
2,0,6,5,0,0,8,0,8,0,2,9,17,0,9,4,9,0,0,0,0,0,0,0,0,2,0,0,9,0,0,16
0,8,0,16,5,7,0,0,0,0,0,11,0,7,8,0,0,0,4,0,0,0,0,0,0,0,0,0,10,0,0,0
0,3,0,3,5,7,8,0,0,5,24,0,15,0,0,0,4,6,0,12,0,0,0,2,0,2,0,0,0,1,0,2
23,0,0,0,25,0,0,0,0,0,16,28,1,0,0,0,10,9,0,0,18,10,0,0,19,5,27,0,0,0,15,0
0,0,12,0,0,0,8,22,0,174,223,0,0,0,17,10,10,0,1,14,0,10,0,5,0,0,0,0,0,0,14,2
0,18,0,0,38,42,39,14,0,169,220,0,0,0,3,0,0,12,16,0,0,0,12,0,18,0,0,0,0,0,24,8
26,73,0,23,0,0,0,5,18,61,7,0,0,0,4,12,0,0,8,28,2,0,18,0,11,0,0,0,8,0,0,0
20,188,25,2,0,0,0,1,2,2,16,37,6,0,24,4,13,3,0,24,0,1,0,0,2,0,0,0,0,24,9,0
28,134,39,0,1,0,16,0,21,0,14,2,0,36,6,0,0,15,19,0,1,7,43,0,0,0,16,44,15,0,0,0
71,0,18,32,0,0,0,0,17,0,0,12,0,0,0,0,46,108,186,12,17,0,6,0,9,0,0,14,0,22,0,0
0,12,0,0,14,0,21,16,0,8,0,9,0,0,8,6,215,97,102,4,23,0,18,0,0,0,0,0,0,13,0,0
3,0,0,0,0,13,22,0,0,19,0,0,0,0,12,0,105,52,0,0,0,0,0,5,0,7,0,0,0,1,7,22
0,0,0,0,0,23,0,26,0,15,0,73,0,21,10,14,0,9,0,13,15,13,0,12,0,41,0,0,0,35,0,0
0,0,0,0,2,0,26,0,0,0,0,13,47,8,4,14,0,4,0,23,0,12,0,4,34,16,27,0,1,11,0,18
27,14,18,7,22,0,7,0,0,0,0,0,0,0,1,1,4,0,19,0,15,9,23,10,29,0,17,17,0,14,14,25
0,5,0,8,0,0,0,0,0,0,0,0,0,4,0,12,0,0,15,25,28,0,21,0,24,0,0,0,20,0,3,6
0,0,16,37,25,18,0,0,51,7,17,0,0,53,2,0,27,0,2,10,0,0,0,10,18,0,62,20,7,7,0,13
0,0,4,8,0,16,0,0,2,44,14,0,11,19,0,0,4,13,0,8,83,173,0,0,0,21,0,0,31,18,13,0
4,18,0,7,1,11,8,0,0,6,0,0,7,0,25,0,5,0,0,229,230,21,0,7,0,39,0,20,0,0,18,0
32,23,32,0,0,0,0,8,0,0,38,33,2,0,0,21,0,0,6,0,11,7,0,10,5,0,0,25,0,0,5,0
12,8,33,0,9,0,27,11,0,4,8,17,8,13,23,6,0,18,0,0,0,9,0,27,17,0,0,34,0,31,0,0
0,0,0,0,40,33,0,0,0,19,0,0,0,0,14,1,0,0,9,7,31,0,13,12,0,0,0,13,1,18,0,0
7,1,0,0,0,0,0,8,34,0,62,0,3,10,0,65,14,0,0,14,26,0,21,20,0,0,17,0,14,10,0,0
15,14,28,0,1,16,27,27,0,0,16,64,0,26,16,11,3,8,17,0,0,19,35,18,0,8,37,52,31,16,0,6
0,0,25,13,0,0,10,0,0,0,0,0,16,15,1,34,0,0,0,0,0,0,0,4,29,7,63,0,0,0,25,0
43,0,0,61,60,56,7,0,0,19,24,0,0,39,0,55,32,0,0,0,0,20,0,9,0,0,32,57,0,13,42,0
0,11,42,0,34,45,4,0,0,6,0,10,0,0,0,0,0,7,0,7,0,22,0,22,0,0,23,45,0,17,17,0
0,8,8,0,21,82,24,4,0,15,24,6,13,0,0,21,0,0,7,19,35,0,3,0,23,0,0,5,0,0,0,0
0,0,18,0,200,198,187,17,1,3,17,11,0,22,21,22,56,0,3,25,18,0,0,18,6,25,3,0,0,2,4,0
38,0,0,11,61,198,186,13,7,0,0,22,11,0,0,3,53,0,20,0,1,0,0,0,0,0,25,0,0,0,0,0
0,5,0,0,0,179,93,0,19,0,0,18,7,0,22,19,51,0,25,12,12,6,0,0,5,6,0,0,11,41,4,29
0,0,0,1,0,33,14,0,1,10,8,30,3,0,10,0,28,4,0,31,0,0,0,12,0,21,6,0,7,17,3,30
0,0,0,0,0,0,20,0,24,0,0,0,0,0,7,38,6,0,0,0,0,27,0,0,0,0,0,16,0,0,0,0
0,0,3,29,0,0,10,2,24,4,0,0,27,32,0,0,0,0,0,6,0,0,1,12,2,2,0,1,7,0,0,14
0,0,0,0,0,20,7,0,12,16,34,33,0,0,0,6,1,0,0,0,0,1,3,0,0,2,0,0,0,12,0,26
39,20,0,20,25,0,29,0,20,12,10,0,0,22,4,19,17,0,0,0,5,6,23,21,18,39,0,0,18,0,8,0
0,0,5,0,0,0,22,5,0,0,6,0,0,0,13,8,2,0,2,0,0,0,1,3,0,37,36,0,0,0,0,36
0,42,0,0,0,0,8,20,0,72,149,0,0,26,0,0,16,9,0,0,0,0,4,0,5,16,0,0,0,0,36,32
0,0,0,5,0,38,2,0,0,142,48,23,1,0,0,0,23,0,8,0,18,0,0,11,0,3,31,0,0,24,7,16
98,134,19,26,20,9,8,8,0,0,10,0,0,0,3,0,10,0,20,17,13,0,9,0,3,4,0,13,4,0,0,0
251,197,47,2,0,24,0,0,3,35,1,0,21,33,19,0,56,0,9,0,2,0,26,0,12,0,0,5,26,0,0,0
0,84,40,9,0,0,0,5,21,29,0,19,35,1,0,28,12,0,16,1,0,0,0,0,30,24,0,0,1,19,0,8
6,6,1,24,5,16,0,5,0,0,0,15,10,0,19,13,161,244,44,0,0,51,8,19,0,0,0,0,10,0,0,47
12,0,53,0,41,0,0,17,2,19,0,0,9,12,9,36,190,191,1,10,0,1,13,3,5,3,19,0,9,16,5,57
0,4,0,19,0,10,0,0,0,5,0,0,8,0,0,0,104,98,15,21,0,0,24,28,4,0,0,0,14,3,0,17
0,7,1,18,0,0,0,17,0,0,0,0,0,0,0,9,13,2,0,19,1,14,0,0,0,0,0,1,8,5,19,5
0,24,0,4,0,0,18,0,20,0,17,0,23,0,0,8,18,30,0,10,1,3,0,21,1,1,4,0,2,1,12,0
0,1,10,5,31,0,0,0,0,16,2,2,0,11,13,29,0,0,0,0,0,8,0,0,13,5,25,0,0,17,27,0
0,31,0,23,0,0,0,17,0,0,0,0,0,2,0,0,13,9,0,0,41,0,0,11,22,0,0,0,0,0,5,7
75,0,0,2,11,36,5,0,19,31,0,0,0,28,0,0,7,13,0,35,68,29,7,16,0,0,0,13,0,9,4,0
0,3,8,22,0,7,0,0,16,0,26,0,7,12,5,0,10,0,4,22,162,11,0,0,0,0,0,0,4,5,2,24
0,0,0,0,0,0,5,0,8,0,23,0,0,37,0,0,0,3,6,2,0,2,0,3,16,0,0,0,17,26,19,19
18,0,7,28,1,0,13,6,0,2,34,14,0,0,9,0,0,0,13,9,0,0,0,2,0,0,37,18,25,8,22,0
19,0,16,7,16,9,15,0,26,13,0,0,0,44,0,1,6,0,12,7,10,8,0,0,0,0,0,21,11,0,18,0
0,4,23,6,0,12,21,0,26,4,11,0,30,8,11,0,0,1,0,3,0,0,18,0,17,9,26,6,19,0,8,0
16,0,29,10,5,0,0,5,68,0,0,23,0,0,5,0,0,0,0,11,30,17,0,0,0,0,10,32,43,1,0,0
7,0,2,0,0,17,0,14,0,8,25,0,12,0,7,0,0,39,17,19,2,7,0,4,0,7,18,0,21,2,0,16
0,0,39,0,38,0,0,0,9,0,0,0,0,13,0,0,0,0,0,0,2,0,25,0,0,0,0,19,47,0,0,0
0,0,0,17,0,143,9,10,0,7,16,0,25,18,2,0,0,6,0,4,0,16,0,0,0,19,0,11,0,0,0,0
0,0,0,23,0,189,194,136,0,0,0,0,4,0,7,0,16,0,0,8,0,0,0,0,0,21,0,20,0,0,25,9
26,2,0,22,17,69,142,0,8,2,0,0,16,0,0,0,3,16,0,12,36,0,0,0,0,11,7,16,25,0,9,0
16,0,0,0,0,0,26,0,0,0,44,4,30,0,0,54,52,4,0,0,1,11,0,0,0,4,0,0,17,0,0,0
0,12,45,0,17,0,22,0,9,18,21,0,0,13,3,0,0,1,0,33,0,0,13,17,14,4,43,0,1,13,37,4
0,6,8,6,0,3,0,9,0,0,0,2,2,18,0,4,5,0,4,6,0,0,11,0,0,9,8,0,0,16,0,0
1,18,10,6,0,0,43,21,0,0,0,3,0,4,0,0,9,0,0,21,18,2,22,0,0,19,9,3,0,0,0,0
6,0,5,0,3,6,0,0,0,15,41,9,15,6,21,0,0,0,5,0,0,3,0,0,1,0,0,0,0,18,0,31
14,0,0,21,28,0,0,30,0,5,10,0,0,0,6,7,18,0,4,0,0,23,0,0,0,0,0,13,20,0,2,18
0,21,0,6,0,0,0,0,0,21,12,0,0,13,0,5,4,3,0,0,10,17,13,0,0,0,5,14,11,0,6,0
20,22,3,1,20,11,0,0,0,0,0,0,1,4,10,2,0,1,9,0,0,0,0,3,0,14,6,0,0,6,3,15
0,0,12,5,0,0,0,0,0,0,26,0,0,6,0,0,0,15,0,3,0,0,11,0,0,1,0,0,7,7,8,0
0,8,0,0,0,6,2,0,0,0,17,5,0,0,0,12,6,2,4,0,0,0,22,0,0,10,1,0,29,0,0,19
0,7,0,0,3,5,6,8,0,0,2,0,0,12,0,0,0,11,1,0,3,5,15,0,1,0,4,4,10,0,4,4
0,95,4,0,7,0,0,0,7,1,0,0,0,1,0,6,0,0,0,0,0,0,0,1,0,0,13,0,0,0,0,10
0,11,0,0,0,0,0,8,16,2,0,0,0,21,0,0,0,0,7,0,31,0,6,6,0,0,6,0,1,5,4,0
4,5,0,8,0,0,9,0,3,0,3,0,0,0,13,12,17,1,0,12,8,19,8,18,0,1,0,0,0,9,6,22
0,0,0,15,0,0,0,14,0,2,18,0,0,10,0,0,0,0,0,0,0,0,13,7,0,3,0,0,0,16,0,0
0,2,1,0,1,0,0,0,0,2,0,16,0,0,9,0,7,0,5,1,0,0,0,0,0,1,8,0,4,0,0,7
0,0,8,0,2,0,5,5,0,2,0,5,3,5,0,11,4,0,4,0,0,13,3,0,0,0,1,0,0,0,0,0
0,0,4,6,25,13,12,0,2,4,10,14,8,0,13,0,2,2,7,0,0,4,0,0,4,0,2,0,1,0,14,0
14,0,0,6,0,2,0,4,0,4,0,4,15,0,0,11,0,3,0,0,0,3,0,0,0,0,0,0,0,0,0,13
0,0,4,5,0,0,0,14,10,0,0,0,0,7,0,0,0,10,0,0,11,6,0,0,0,8,2,0,0,0,0,0
15,3,6,3,5,5,6,0,6,4,16,9,0,2,0,10,0,1,0,0,8,4,16,2,3,2,11,0,0,5,11,8
0,0,15,0,3,0,0,11,2,6,5,11,12,5,2,2,1,1,0,0,4,0,6,0,3,3,0,0,0,0,0,0
28,4,0,0,0,0,18,0,4,4,0,10,1,2,0,0,0,12,1,0,9,0,9,0,0,10,0,0,1,0,0,0
2,0,4,0,17,0,1,2,0,7,0,0,0,0,0,2,0,0,0,0,0,8,0,0,0,0,9,0,2,6,3,0
0,2,9,1,0,10,0,1,0,0,0,5,0,0,0,7,0,0,0,4,0,0,8,0,0,0,5,0,0,6,0,23
0,5,8,17,0,0,2,1,5,0,0,6,0,3,0,0,0,2,0,5,1,0,0,8,2,0,10,0,0,1,0,0
0,0,0,1,0,4,0,9,0,0,9,11,0,2,0,0,5,12,0,0,0,0,0,7,0,0,0,16,9,0,1,19
25,0,0,0,9,1,5,0,5,6,0,0,0,0,0,0,6,0,0,5,4,0,0,0,4,5,38,3,0,2,2,0
0,0,9,2,0,10,1,11,0,4,4,10,0,0,0,0,0,5,1,4,0,0,0,0,0,0,0,0,7,3,0,0
0,0,12,5,0,0,0,7,0,8,0,0,0,8,0,0,0,0,0,3,0,5,0,0,4,0,8,0,3,4,0,0
23,4,0,0,0,2,0,0,3,10,0,0,2,1,0,0,12,3,20,0,0,6,1,0,0,5,12,7,0,0,14,1
5,0,7,0,2,29,0,0,3,0,3,8,4,0,6,11,1,0,0,6,0,6,0,0,9,1,19,8,0,0,0,6
35,3,0,2,0,18,0,0,2,0,0,5,0,0,12,4,0,1,1,1,0,0,7,0,0,2,12,0,9,6,4,15
19,0,0,5,0,0,3,0,5,8,0,0,1,0,0,7,0,2,0,3,0,4,0,0,3,9,2,2,2,0,8,10
0,0,10,11,3,0,0,0,0,3,1,3,4,0,0,0,1,0,0,0,0,8,0,0,3,0,13,1,0,0,10,0
4,0,13,7,1,5,12,8,0,2,5,5,9,0,6,7,0,0,2,3,0,2,1,2,0,8,6,0,0,0,8,0
3,0,0,0,0,2,0,0,5,3,0,0,0,14,6,0,1,0,1,8,3,11,0,0,0,0,11,0,0,0,7,6
10,2,5,0,0,10,0,12,0,7,0,0,0,0,11,15,0,0,0,7,0,0,0,0,0,0,0,0,0,4,0,6
0,0,6,2,0,10,15,0,0,0,10,0,0,3,8,0,0,11,0,0,5,1,0,0,0,0,0,0,0,3,5,0
0,0,7,0,0,15,2,0,7,0,6,4,0,0,2,1,1,4,4,0,14,10,0,1,0,1,4,0,0,5,0,0
0,1,0,3,0,2,6,0,1,0,5,20,10,8,0,0,0,2,3,0,0,0,10,1,0,3,3,0,6,0,9,4
0,0,0,0,2,9,1,0,1,0,1,0,0,0,0,16,0,0,7,0,0,0,8,0,1,0,0,7,9,2,9,4
0,9,11,0,2,0,2,4,0,0,6,7,2,0,0,1,0,4,10,0,0,7,0,0,0,0,0,10,2,0,0,18
0,0,2,0,11,0,0,12,0,0,19,0,0,0,3,0,2,6,0,7,0,2,3,0,6,6,12,14,10,0,0,17
0,0,0,0,0,0,0,9,0,0,0,0,5,4,9,0,5,0,0,0,50,8,1,0,0,0,3,0,4,0,3,0
0,9,0,0,0,0,0,0,0,0,6,0,7,2,11,0,0,5,3,0,12,28,0,10,6,0,11,0,0,10,0,0
0,0,6,0,2,0,0,9,0,3,0,0,0,0,0,0,4,0,3,5,7,3,4,0,7,7,2,5,12,2,0,19
0,0,0,0,0,0,0,0,0,0,0,8,0,0,0,0,0,2,0,0,5,1,0,0,0,0,0,10,0,0,15,0
0,5,0,0,0,7,0,0,0,0,0,0,0,20,4,0,0,4,8,0,6,0,0,1,0,0,2,9,5,0,0,0
0,6,0,5,0,16,0,0,0,0,0,0,0,0,3,0,0,2,13,0,7,0,0,0,0,0,3,17,0,4,0,16
7,0,7,0,0,0,0,0,4,0,9,6,0,0,8,9,3,7,0,0,2,10,0,0,1,0,0,4,2,0,0,0
0,0,5,0,0,0,0,0,0,0,0,0,0,0,0,2,0,0,0,0,6,0,7,0,8,9,3,0,0,0,0,0
0,0,0,2,1,0,0,13,2,0,0,0,0,16,0,0,0,0,3,0,2,7,1,3,0,0,1,0,10,8,0,3
0,6,10,0,8,0,0,0,0,6,0,0,0,0,7,9,0,6,4,0,14,1,0,0,4,6,1,4,3,3,4,17
0,0,5,0,7,2,20,0,6,3,0,3,5,3,0,0,0,0,0,6,0,0,7,15,0,0,0,0,0,0,0,3
0,0,2,0,3,0,0,4,9,8,18,6,0,2,5,0,0,0,0,5,0,6,0,9,0,0,0,14,3,6,0,0
0,3,0,7,0,2,0,0,1,0,0,0,2,4,0,12,0,0,0,0,0,5,0,4,0,2,9,0,7,2,0,9
0,1,0,13,7,0,8,0,1,0,0,6,0,0,0,2,5,0,3,2,0,0,0,0,0,0,0,0,0,0,0,0
5,0,1,4,0,0,0,0,0,0,4,5,0,0,5,3,5,0,0,0,0,5,3,0,0,43,0,40,31,1,2,0
10,0,3,0,0,16,0,0,4,0,0,7,5,0,0,0,7,0,0,3,0,0,9,5,3,0,71,0,0,9,0,0
0,4,3,15,5,0,9,10,5,3,2,0,0,0,0,2,1,0,0,7,0,0,0,0,0,1,0,0,5,0,0,0
12,1,7,4,15,0,35,0,6,0,7,2,0,1,0,1,0,3,2,6,6,0,3,7,3,2,5,0,0,0,0,4
17,6,5,0,27,0,11,2,0,0,2,0,17,0,6,0,1,0,4,0,0,0,0,2,0,1,0,4,12,0,11,0
0,0,0,0,20,48,0,8,2,0,7,6,3,0,0,3,0,11,4,0,0,5,2,1,0,0,1,0,3,0,0,0
35,0,1,0,10,19,3,0,0,6,1,0,0,9,2,7,0,0,0,0,0,4,0,0,0,0,0,0,0,0,4,0
12,10,1,0,0,8,0,0,11,0,0,0,8,0,6,3,5,0,13,2,0,0,5,0,10,0,11,4,7,0,0,0
20,8,0,0,2,2,0,0,0,0,9,11,0,0,8,0,3,3,0,6,0,0,0,0,8,0,0,5,6,0,0,10
0,0,13,4,0,8,0,7,3,0,0,0,0,0,1,0,0,3,1,1,0,0,0,0,0,3,0,0,6,0,0,0
2,12,3,0,5,0,0,13,0,0,0,2,0,16,0,0,7,0,0,0,1,0,0,0,7,0,0,9,0,0,0,0
3,0,0,0,0,0,0,0,0,0,2,2,1,0,6,0,0,3,18,2,1,5,8,9,7,0,16,10,7,0,0,0
0,0,0,5,0,7,0,6,0,5,0,1,8,30,0,14,0,2,6,8,10,0,14,4,0,0,1,18,0,7,7,0
0,5,0,0,0,21,0,0,0,0,0,0,0,15,0,0,0,0,0,0,0,0,0,0,0,3,9,0,6,7,0,0
4,5,0,7,0,0,9,0,23,7,9,5,1,16,0,8,0,0,0,0,0,0,14,9,0,0,0,18,3,0,0,0
0,4,22,0,22,0,0,0,0,32,0,0,0,0,0,0,6,11,1,7,0,0,6,7,0,0,0,0,0,0,3,0
0,14,1,7,27,5,0,10,0,0,0,0,0,1,0,0,5,11,0,0,0,20,0,0,0,0,0,10,23,22,22,21
8,2,0,15,0,70,0,40,0,27,36,0,11,13,0,4,5,7,7,0,0,9,0,0,4,15,0,15,2,1,0,26
0,9,0,4,9,4,0,0,0,7,0,25,2,1,10,6,13,1,0,5,7,3,0,8,0,0,13,0,0,4,0,3
0,0,0,17,60,0,1,43,0,4,0,17,0,15,1,7,28,18,0,0,0,3,0,14,0,0,16,0,11,8,0,0
0,0,5,42,0,0,0,0,0,11,0,0,0,14,7,0,0,0,25,0,5,3,0,0,0,6,0,0,19,0,38,0
22,1,3,0,11,0,0,41,0,7,25,0,0,21,0,0,5,0,0,0,27,4,0,9,0,37,0,0,0,45,0,0
0,0,0,4,2,14,0,15,9,8,0,0,0,35,32,0,2,15,30,0,0,26,0,5,7,16,0,2,27,0,2,0
0,0,3,0,6,0,0,22,13,5,49,0,14,0,4,0,0,7,0,19,0,0,8,18,18,0,0,0,0,5,0,16
0,19,11,15,4,0,13,56,33,2,27,29,0,0,9,0,29,27,17,0,30,0,20,0,23,40,0,0,40,13,2,49
12,3,0,18,0,0,0,17,0,16,0,0,0,0,0,0,0,11,0,65,35,41,2,11,2,0,21,0,0,10,0,35
13,0,0,1,44,6,0,16,17,8,15,0,16,3,0,0,6,0,0,90,162,64,20,8,0,0,0,1,0,15,2,7
23,0,21,0,4,18,36,0,4,0,0,12,0,0,0,29,0,0,0,63,154,20,10,6,0,23,0,0,0,0,15,47
0,11,29,11,19,0,17,19,0,0,0,0,47,6,0,8,22,0,13,0,6,0,0,5,7,30,18,0,15,19,0,0
0,12,0,0,0,18,0,0,0,14,3,11,0,11,22,0,0,0,11,0,8,0,7,0,0,0,2,0,0,0,7,4
0,5,24,15,0,0,0,1,22,0,59,17,13,0,0,9,0,2,4,22,0,0,0,7,16,4,0,2,0,0,2,11
0,0,57,45,0,12,0,0,0,9,0,0,0,3,0,31,0,16,0,25,10,0,0,7,10,0,25,14,29,0,0,0
0,25,0,0,6,0,0,0,4,16,2,0,4,0,16,0,9,42,0,18,39,0,0,0,0,23,4,46,19,3,44,0
0,18,0,0,20,14,48,0,6,24,13,0,0,0,13,4,25,8,5,0,4,5,0,8,0,25,107,14,7,0,17,16
0,0,0,11,0,0,0,0,0,6,7,4,18,0,16,0,7,7,3,0,0,6,0,0,13,3,0,20,0,18,32,10
0,12,0,10,0,0,0,0,0,0,0,7,19,25,5,0,4,22,31,19,0,0,0,0,0,16,0,0,0,5,15,0
24,23,10,22,16,24,5,0,0,0,0,0,0,5,19,1,37,0,20,0,16,8,0,13,0,0,28,0,37,29,10,0
0,14,0,10,188,192,145,4,0,0,0,6,31,2,0,5,7,0,0,29,15,0,39,29,0,18,0,0,26,4,0,11
15,0,0,0,193,190,127,0,19,19,44,0,9,22,6,18,0,24,0,0,29,0,34,0,19,0,15,16,22,6,0,23
0,14,0,0,54,189,129,22,8,18,20,0,0,28,12,0,0,6,0,29,16,23,4,10,0,13,26,11,19,0,7,0
1,5,5,0,20,40,0,0,8,3,30,11,0,0,0,6,8,9,0,0,10,34,1,0,32,15,0,0,0,0,7,18
1,13,0,0,6,27,5,0,13,1,13,0,0,16,0,0,0,18,0,9,1,0,28,0,12,0,30,0,15,0,0,0
0,1,0,11,0,11,0,0,18,0,0,28,7,14,26,0,0,1,0,35,0,31,0,0,3,22,0,0,3,0,0,0
36,2,16,0,38,0,7,17,10,0,0,0,0,11,0,0,26,16,0,26,0,14,0,29,0,4,0,11,15,19,4,0
0,0,0,16,0,7,32,0,0,32,0,0,0,9,24,0,0,9,0,0,9,12,9,18,0,0,0,0,0,23,0,39
0,0,24,0,0,0,5,0,7,12,19,0,0,24,3,8,0,0,5,5,29,0,26,0,20,41,30,0,24,15,0,19
0,0,0,8,0,1,0,6,100,193,0,0,4,6,4,11,0,0,0,7,0,23,12,0,4,0,0,14,0,0,9,24
0,1,25,14,8,1,0,0,241,41,36,17,3,20,0,0,13,24,0,11,0,0,0,2,19,0,20,12,0,0,0,19
0,8,42,17,17,0,40,16,59,70,25,0,0,0,5,7,14,0,29,13,0,0,23,0,0,12,19,6,17,0,0,41
7,0,0,0,26,22,8,0,18,5,0,37,0,0,0,25,0,0,0,7,0,0,0,0,34,4,10,0,0,9,0,0
20,188,71,1,7,0,0,41,5,0,49,50,4,0,4,0,0,9,33,0,35,0,0,9,13,0,7,0,0,32,0,5
0,62,8,7,2,0,40,21,0,40,0,0,0,0,0,0,0,7,112,0,0,33,15,0,13,6,1,28,0,7,0,26
0,219,48,2,0,20,7,0,0,0,0,28,21,24,17,0,108,226,122,18,23,0,35,0,0,22,0,0,0,0,0,12
0,0,0,36,0,0,6,44,0,2,0,13,0,0,0,0,204,241,14,18,19,0,0,0,0,0,0,0,0,23,13,45
0,0,14,13,19,0,0,0,0,0,2,27,0,0,42,21,129,56,18,0,18,2,8,11,0,34,45,0,0,25,0,10
45,0,1,0,13,9,17,0,0,3,0,0,0,0,8,0,16,0,0,0,0,0,0,5,0,0,0,0,7,7,20,0
0,0,0,0,26,0,0,6,0,5,0,0,0,0,0,0,0,0,0,0,0,11,4,29,0,0,0,57,36,0,25,19
40,19,0,0,51,0,23,0,0,0,19,7,0,0,0,14,4,0,0,25,21,0,65,9,0,20,0,0,16,10,0,1
49,0,15,0,16,36,0,0,12,0,0,18,0,26,0,0,0,19,19,249,207,10,16,0,8,0,0,3,4,1,0,0
59,29,36,0,4,16,9,0,6,6,0,0,0,6,0,0,0,0,16,56,246,8,14,17,0,0,12,5,16,19,20,3
42,11,0,30,0,34,20,58,0,0,8,0,0,0,0,1,0,0,3,0,0,0,0,8,0,5,54,6,14,0,0,0
15,0,12,23,24,0,0,3,0,13,51,7,0,24,13,22,0,23,0,0,0,27,0,0,0,0,0,11,0,0,16,0
0,0,0,6,25,0,0,14,16,0,31,0,0,13,0,0,0,13,0,1,0,0,5,0,21,27,0,0,17,5,0,4
0,0,0,3,10,17,0,0,0,4,0,20,0,0,3,0,17,27,21,0,9,0,0,9,0,0,2,17,30,0,0,0
0,9,12,0,0,0,0,5,0,0,0,37,0,30,0,13,0,5,1,0,0,0,0,32,0,21,18,21,5,0,0,0
0,0,20,0,8,0,23,42,14,0,0,0,0,11,7,0,4,8,0,20,32,22,0,0,20,24,72,0,0,3,2,0
5,0,0,0,0,0,0,5,13,0,0,0,10,14,0,0,3,0,0,40,0,10,0,12,0,4,10,0,4,12,0,16
16,0,8,0,4,0,13,30,3,18,0,0,0,7,0,0,0,0,0,0,0,0,4,6,18,8,0,0,8,15,0,25
0,0,27,27,23,1,9,12,0,0,0,7,2,0,0,0,10,15,0,6,0,0,0,16,11,0,0,0,1,13,0,10
0,15,0,5,18,123,167,0,0,24,4,0,5,0,17,1,4,40,16,11,0,0,3,14,4,0,0,0,0,11,4,19
0,0,1,12,32,193,137,0,26,23,12,0,8,0,14,0,28,0,0,10,0,0,4,18,0,0,22,0,16,16,0,14
28,24,0,0,11,2,8,0,15,0,12,22,3,0,14,0,9,6,0,0,0,0,0,1,5,27,0,0,20,0,0,26
12,0,0,0,14,0,36,0,7,29,10,0,2,0,0,2,0,0,0,0,0,0,10,0,10,21,0,5,0,7,0,20
0,21,0,0,0,4,0,0,4,22,19,19,0,13,12,0,35,16,3,0,0,2,0,0,19,1,20,0,5,0,0,4
0,0,0,0,17,5,25,0,6,0,0,0,0,17,0,0,11,0,3,14,0,0,0,34,12,1,0,0,23,42,0,0
39,0,27,1,5,29,31,0,0,5,0,19,13,5,11,38,19,0,33,0,3,3,0,13,0,4,0,0,22,7,0,6
18,0,13,0,9,7,9,0,5,18,0,3,0,0,0,0,6,11,7,0,16,7,0,0,0,0,8,4,11,14,17,46
0,0,0,15,0,0,0,2,0,0,0,0,0,0,0,0,0,0,0,0,0,0,14,0,0,9,0,0,0,0,0,12
1,0,1,0,0,5,1,0,1,0,0,0,3,3,0,7,0,0,0,2,0,0,0,0,0,0,0,1,0,2,8,0
0,7,15,0,6,2,2,5,0,0,8,9,0,9,0,0,0,12,0,0,8,0,5,8,12,0,0,8,2,6,0,0
0,4,9,0,0,6,1,4,1,11,0,0,0,9,5,6,0,7,7,0,0,0,0,0,0,0,0,2,0,12,4,0
0,7,0,0,0,0,0,4,0,0,18,2,13,0,5,0,10,0,0,3,0,0,2,0,0,1,2,0,0,1,0,21
5,0,23,13,0,24,4,14,0,6,0,6,0,0,4,17,12,5,5,10,0,7,0,13,0,5,20,6,8,6,0,16
0,0,9,0,0,0,0,0,0,0,0,10,13,8,10,2,7,6,0,0,0,28,4,0,0,3,4,0,0,0,10,0
59,11,0,13,0,0,4,8,0,0,1,15,0,0,0,0,4,20,0,0,7,0,3,3,0,10,22,2,0,0,0,40
0,3,0,4,0,1,0,2,0,4,0,0,0,13,0,1,0,0,3,0,1,3,0,0,0,0,0,0,0,2,7,8
35,12,0,0,0,3,0,0,0,7,0,0,3,2,0,0,0,7,0,1,0,4,0,4,15,7,7,10,0,0,1,0
3,0,7,7,0,0,4,0,2,0,0,0,0,2,8,0,9,4,0,0,0,0,0,0,7,0,0,8,0,0,0,0
1,0,2,0,10,0,0,0,0,0,0,7,0,8,0,0,0,3,0,0,0,9,1,0,0,3,2,0,0,0,11,0
0,0,3,5,0,0,0,3,0,5,8,1,0,5,3,0,0,0,0,0,0,0,0,0,0,11,0,0,0,11,0,3
0,0,1,3,0,8,0,0,0,0,5,2,1,0,13,0,1,6,1,5,0,4,13,6,0,0,0,0,9,1,9,4
0,0,3,9,0,0,4,0,0,0,7,1,0,5,0,7,3,3,0,0,17,4,0,0,0,3,0,0,0,0,0,12
36,0,0,0,6,0,2,0,0,0,7,0,0,3,0,15,9,4,2,0,14,0,0,8,0,0,11,7,14,0,2,0
8,4,0,2,0,0,0,0,0,0,0,6,17,0,0,0,13,0,0,10,11,7,0,0,0,5,11,10,2,0,12,10
0,0,5,10,8,0,3,0,17,0,3,4,12,0,0,0,0,0,0,0,0,0,0,6,1,0,0,0,0,0,0,8
0,3,4,0,0,18,0,0,0,0,0,0,8,0,6,0,4,8,4,10,1,7,0,4,0,2,0,0,4,0,0,7
0,0,0,0,0,2,3,0,20,6,0,6,0,0,0,0,0,0,3,1,0,13,0,3,19,12,0,16,0,0,5,0
0,0,6,0,10,0,0,0,0,6,7,3,13,0,5,4,2,0,0,12,0,0,5,10,10,2,80,0,0,0,10,3
11,7,7,6,0,2,2,5,0,0,0,0,0,0,0,0,0,1,0,0,0,2,0,0,2,0,1,0,0,0,0,6
0,0,12,0,0,17,0,2,0,0,0,5,0,6,0,1,0,0,0,4,0,1,1,8,6,4,0,0,3,3,5,0
0,20,3,0,0,0,0,7,3,0,5,3,1,0,0,0,0,6,8,11,8,0,14,7,14,11,19,14,0,7,12,4
14,0,0,19,0,64,0,7,0,0,0,0,0,17,12,4,6,0,0,10,0,1,4,0,5,6,2,0,0,13,8,2
3,0,0,0,3,58,72,7,0,0,1,0,0,0,0,0,0,1,19,1,1,5,11,2,0,3,0,0,0,1,0,0
22,2,9,22,3,139,223,0,2,2,0,0,0,5,0,2,2,0,6,0,0,17,0,0,12,13,0,11,8,3,0,0
25,0,7,0,0,54,49,7,1,14,8,0,0,0,5,0,3,0,0,20,0,17,12,6,0,0,0,4,0,0,13,16
0,13,26,0,25,0,0,16,18,21,0,0,0,2,0,0,0,1,0,0,11,0,0,8,24,8,0,12,5,0,10,0
10,12,45,1,9,0,33,0,2,0,19,15,0,0,3,13,6,0,18,0,1,0,0,0,0,0,17,0,0,14,0,6
0,0,10,0,0,0,0,0,18,0,15,0,32,0,12,0,2,0,4,10,0,0,0,0,0,0,0,9,13,0,0,0
77,26,22,32,24,0,15,16,144,138,0,4,11,0,0,0,13,22,39,0,0,0,31,0,0,0,31,0,0,0,0,39
0,37,0,0,36,0,16,216,197,198,0,0,3,2,0,0,32,0,0,0,31,8,0,6,8,6,0,0,0,0,0,0
18,6,21,20,0,0,0,100,196,166,4,0,35,0,1,30,7,0,0,2,0,10,0,11,17,9,36,0,0,19,0,23
0,6,0,3,12,0,0,141,112,13,5,0,0,21,0,0,0,0,0,14,1,0,1,14,1,2,0,16,30,31,0,1
173,101,0,0,0,0,0,8,0,9,0,0,12,0,0,0,0,100,0,0,4,0,20,14,12,0,26,0,0,0,0,0
225,125,0,0,0,14,14,0,0,10,0,0,0,16,11,27,76,150,188,10,0,33,0,12,12,0,0,0,0,4,6,19
106,146,0,7,0,0,0,0,0,14,4,0,0,16,0,0,59,238,32,1,40,0,4,0,0,3,0,30,0,11,0,0
0,27,3,15,0,0,0,31,0,22,0,0,0,1,4,16,0,0,5,0,0,45,0,0,5,17,0,0,0,8,0,73
0,0,0,0,0,0,0,3,4,0,0,62,29,0,10,29,0,11,3,0,0,0,40,43,0,26,15,17,5,32,21,0
0,30,14,4,32,0,18,0,17,14,0,1,1,0,0,0,0,35,0,13,41,0,24,37,18,0,23,0,0,4,3,0
0,8,0,0,0,0,3,39,0,6,0,2,0,17,0,0,14,58,0,2,18,0,0,5,0,4,0,6,0,0,19,7
0,0,5,0,0,9,0,11,37,0,7,0,0,11,0,0,23,7,5,26,16,0,25,0,21,2,5,0,0,0,0,12
21,0,0,50,37,0,0,0,23,0,0,27,37,29,0,68,24,17,0,3,35,27,20,0,0,0,0,8,0,0,16,0
0,0,40,0,29,0,0,2,29,18,0,19,2,20,29,47,0,37,8,12,49,105,18,22,12,28,0,0,1,6,0,32
18,17,13,11,4,0,0,0,0,7,0,0,0,0,12,0,16,0,20,110,197,254,12,0,8,5,21,19,0,0,0,42
0,6,0,0,15,0,8,31,27,5,0,0,31,18,0,0,0,9,0,49,193,34,0,0,0,0,0,17,0,8,17,0
0,0,8,0,0,3,9,0,9,0,7,25,5,0,0,43,0,0,0,0,3,3,28,21,9,0,0,17,26,0,48,34
39,20,27,8,0,2,27,0,26,0,0,56,12,0,0,3,0,10,0,0,13,0,8,1,0,4,0,11,0,42,8,84
0,0,0,0,9,4,0,0,28,33,34,25,9,0,13,0,0,6,0,0,0,0,0,12,0,0,0,0,0,3,0,0
0,0,0,11,0,0,0,0,7,8,5,0,0,1,0,0,0,0,0,37,5,3,4,0,0,4,8,0,0,0,0,0
0,0,36,19,16,0,17,10,5,0,0,0,0,0,11,5,10,0,34,0,0,20,0,0,0,65,0,22,40,33,0,0
3,23,0,0,0,5,0,0,0,0,0,15,21,3,0,0,11,0,35,0,41,0,16,0,10,0,61,0,4,51,0,0
3,0,48,19,0,0,13,11,1,11,0,0,14,0,15,2,5,14,0,0,20,0,0,14,0,0,0,16,0,0,0,37
24,31,14,0,31,0,49,19,0,13,22,0,0,33,0,29,40,48,0,12,2,0,35,24,55,0,0,3,0,0,41,0
0,6,27,0,48,190,195,20,26,6,0,0,1,0,5,28,43,0,7,0,24,1,7,0,13,32,1,20,0,0,10,25
0,0,20,5,64,194,197,1,0,14,0,0,0,3,7,0,24,0,39,7,4,0,28,10,0,0,31,0,11,0,0,17
42,0,31,0,47,197,196,0,0,14,29,1,0,0,1,9,26,15,0,0,32,0,0,0,0,0,23,0,0,12,0,30
20,0,18,9,27,8,42,0,0,30,11,0,0,25,0,0,0,0,0,0,15,0,0,16,0,0,0,47,0,14,0,0
0,0,0,12,0,0,26,9,0,0,26,0,0,0,0,0,0,18,0,8,0,27,4,0,0,0,0,38,0,0,0,0
12,0,0,0,0,5,5,6,0,0,0,14,14,14,49,18,0,24,34,18,0,12,16,0,19,6,15,10,0,0,28,8
0,23,0,0,20,0,19,0,0,0,0,5,0,1,0,37,8,11,5,0,15,0,0,0,0,0,21,0,0,0,0,0
0,35,5,0,0,61,16,0,15,26,4,0,0,16,16,0,2,31,29,0,16,29,2,0,22,0,0,25,0,0,29,43
58,0,0,9,36,0,13,2,16,43,0,14,8,0,0,7,0,0,12,0,29,0,0,11,0,1,3,1,0,31,0,0
0,0,0,0,24,4,19,21,29,26,0,0,8,0,0,39,16,16,0,35,8,36,0,6,18,0,0,0,0,0,12,8
0,15,0,0,27,0,6,228,245,146,0,59,6,9,7,22,0,8,0,26,30,16,53,0,21,9,22,0,16,0,0,2
0,11,0,0,0,0,0,14,100,8,0,1,0,0,0,11,0,9,1,1,14,4,28,0,11,0,0,23,0,13,0,0
28,0,23,0,0,0,11,7,6,0,0,0,25,0,0,0,0,0,0,0,1,7,18,9,0,16,24,28,0,0,0,9
229,89,0,6,42,0,6,0,0,0,0,21,4,0,9,15,0,0,0,12,0,25,0,11,0,3,0,16,4,0,8,49
105,70,0,0,9,21,0,0,0,14,5,1,0,34,0,0,0,167,0,2,67,0,13,0,0,0,2,38,8,0,28,17
0,0,0,11,0,0,0,13,0,0,0,0,0,12,0,1,170,199,28,11,16,31,16,0,3,16,0,0,0,0,0,46
0,0,0,0,22,0,0,0,18,7,1,0,10,13,14,0,78,4,16,21,0,0,2,0,10,32,22,0,20,0,2,6
8,0,0,0,0,0,0,0,0,0,18,0,0,4,0,8,33,3,19,15,0,6,0,15,4,0,0,0,0,5,6,0
0,0,0,8,0,0,0,17,0,0,0,0,0,0,0,0,0,0,0,11,0,16,19,4,0,0,5,5,17,0,0,12
0,0,0,0,24,0,11,0,2,0,0,0,0,0,0,6,11,3,10,0,4,0,0,0,0,2,0,6,0,0,0,14
0,13,0,0,13,0,2,0,6,11,0,0,3,25,0,0,9,9,0,0,1,1,0,0,5,0,0,0,0,0,7,0
2,0,13,0,40,0,0,25,4,0,7,17,0,0,0,0,0,9,31,253,205,8,0,0,0,19,0,0,10,1,0,40
47,0,59,9,0,4,20,5,23,0,26,0,0,0,4,0,0,0,0,156,12,3,0,2,5,0,0,26,0,0,4,10
5,0,0,30,4,0,0,9,0,23,0,0,0,12,0,33,0,4,1,0,0,11,0,0,0,0,5,10,0,0,0,0
8,0,7,0,4,14,9,0,21,0,1,0,3,0,1,0,0,0,17,5,0,0,21,0,0,18,9,0,3,15,0,8
0,0,7,4,0,12,0,7,8,4,36,0,0,0,9,2,0,18,0,0,0,0,0,8,9,0,0,4,0,13,6,0
0,16,11,21,0,0,14,0,0,0,0,21,0,0,0,0,0,17,0,0,6,13,12,10,21,9,16,0,0,0,5,0
21,1,4,0,0,11,9,35,32,0,17,30,18,0,20,0,26,0,0,19,8,4,1,0,18,1,17,0,19,22,0,20
3,0,5,5,0,16,0,0,13,9,4,0,1,5,0,0,0,5,0,0,8,0,2,21,0,21,0,17,40,0,0,30
0,1,0,4,0,13,1,0,3,0,0,13,0,3,0,0,1,0,12,0,10,16,4,0,22,0,76,0,15,26,16,0
9,0,0,0,0,127,121,0,0,0,0,6,2,0,0,0,0,0,0,8,8,0,0,14,0,0,3,6,13,0,0,0
0,0,0,4,0,77,196,0,19,4,38,0,8,0,5,0,4,0,0,7,8,0,0,0,8,16,5,0,0,0,0,4
0,0,0,0,0,9,0,0,0,0,0,0,0,0,0,0,0,7,0,0,10,10,0,0,9,48,0,0,0,5,1,18
42,0,9,3,0,54,0,0,0,3,0,19,8,6,3,15,0,27,9,0,0,6,31,20,0,0,0,0,0,8,0,0
68,9,0,17,1,0,0,0,0,0,9,2,0,0,1,0,0,8,0,0,0,15,0,0,0,9,0,5,0,0,0,2
47,0,0,0,0,12,10,0,36,8,15,0,7,2,0,2,0,6,15,0,4,0,0,12,2,0,0,19,0,0,0,19
51,1,2,0,0,7,1,5,22,8,7,4,0,1,0,11,0,0,0,0,10,4,0,0,0,5,20,0,0,4,14,0
7,0,0,0,0,2,0,0,39,0,1,0,0,4,0,0,1,7,5,0,0,8,1,22,0,0,0,17,2,0,0,2
9,0,0,2,5,1,0,0,0,15,15,0,8,1,6,1,16,2,0,0,11,16,0,2,1,0,37,0,0,0,8,3
0,0,0,5,20,13,0,0,23,0,2,13,0,4,0,0,13,3,11,5,0,0,0,3,18,5,6,0,7,3,0,0
0,0,8,0,0,12,24,0,0,15,0,24,5,16,0,0,15,0,0,0,0,6,15,0,4,0,9,25,0,5,8,12
0,0,10,10,6,0,0,13,10,27,0,0,0,0,0,5,12,0,0,0,0,15,0,8,0,0,0,0,0,1,1,8
54,0,0,0,0,4,3,0,82,60,0,9,0,0,1,0,4,5,0,0,0,0,0,0,0,0,0,10,0,0,8,0
50,2,0,0,0,0,0,0,16,5,0,4,0,0,0,14,23,4,0,7,3,1,0,4,5,13,20,0,0,9,0,1
0,0,0,4,3,10,0,1,13,9,0,0,3,5,0,10,7,0,13,0,3,0,11,0,0,0,0,15,0,2,0,0
11,30,13,9,32,0,8,16,2,2,13,2,9,0,10,16,2,0,4,0,1,0,5,7,0,0,0,0,1,7,0,6
0,0,1,8,0,0,21,1,0,0,18,4,6,11,0,0,4,1,2,5,57,5,6,14,0,7,25,0,0,6,0,0
0,1,4,0,0,1,20,0,3,12,0,0,0,2,22,1,8,11,0,1,13,25,3,0,0,6,0,0,0,2,0,8
20,0,0,0,19,3,0,0,0,0,22,16,0,0,8,7,0,0,0,11,0,8,0,0,1,0,0,1,2,2,0,0
3,12,0,0,0,18,8,0,19,0,1,0,10,6,0,0,0,4,0,0,14,0,3,1,0,5,5,1,0,0,13,0
0,0,2,0,0,0,0,4,5,0,11,0,8,4,0,0,0,7,0,0,0,8,0,0,0,5,6,0,0,0,2,20
0,0,10,6,5,0,1,0,4,0,0,0,0,0,10,4,0,0,0,4,0,0,0,0,0,5,0,0,0,0,7,0
0,5,1,0,2,0,0,19,1,0,3,0,6,2,0,6,5,2,0,7,0,8,0,0,0,0,0,0,7,0,0,0
0,0,11,0,21,3,4,0,0,0,1,0,0,1,0,0,3,4,8,0,31,0,6,0,0,15,21,0,16,4,6,10
0,0,11,1,4,0,6,0,6,0,0,8,0,0,0,0,10,0,3,0,28,8,14,0,5,0,1,0,0,0,0,0
0,2,11,5,4,0,0,0,1,1,0,0,5,7,1,5,0,0,1,0,4,0,0,0,0,0,0,0,2,4,0,0
0,2,0,0,1,5,0,0,0,0,0,0,5,0,0,0,3,0,0,0,0,0,1,0,0,0,0,4,0,0,13,0
0,0,0,0,3,10,10,0,0,6,0,0,0,0,2,0,16,4,1,1,11,0,7,3,2,9,0,6,2,0,0,0
3,2,0,4,0,0,0,1,0,0,5,2,10,13,0,2,0,0,0,1,4,3,4,0,2,1,2,10,0,2,1,7
12,4,0,2,4,0,1,0,5,0,5,0,0,0,2,0,0,5,6,3,0,1,0,0,0,1,0,0,3,3,6,0
0,12,8,0,0,16,0,5,0,0,3,0,5,0,3,0,13,0,0,2,0,5,9,2,0,31,0,36,3,0,0,0
16,0,6,7,7,0,0,12,4,0,16,13,13,0,0,3,0,5,0,3,6,0,8,0,20,9,82,0,1,7,13,0
16,0,0,7,0,1,0,0,4,1,0,0,0,0,2,5,1,0,0,0,0,0,2,0,3,5,0,1,1,6,0,0
3,0,1,10,2,0,0,8,6,3,0,0,0,0,0,10,1,0,3,0,0,0,0,10,0,0,5,0,10,1,0,7
50,0,1,0,13,10,0,14,0,0,7,15,0,0,0,0,4,0,0,1,1,1,10,0,7,0,8,0,0,0,6,8
1,2,0,0,17,56,6,0,5,8,2,2,0,10,0,0,0,10,6,0,0,0,0,1,1,0,16,6,12,5,7,0
0,0,0,6,3,7,0,12,0,4,0,0,0,15,0,0,0,0,0,0,0,0,0,0,0,5,0,0,0,0,0,0
0,8,0,0,2,10,0,0,11,3,0,0,0,0,0,0,0,7,0,0,1,1,0,0,0,4,0,11,0,2,0,0
0,0,0,0,22,8,3,0,8,10,0,0,0,0,3,0,1,0,2,0,0,5,3,7,5,0,13,0,0,0,0,6
4,12,0,3,9,0,0,5,0,7,2,0,7,9,0,3,5,0,7,0,0,0,6,0,0,4,10,1,0,0,0,11
0,0,0,0,0,0,0,0,13,3,0,1,0,0,0,0,5,3,6,0,8,0,2,11,0,2,0,0,0,1,7,0
5,0,0,0,2,0,0,5,0,0,0,20,0,0,0,10,0,0,0,0,0,9,3,10,2,0,0,0,7,0,0,21
0,4,10,2,0,0,1,0,76,30,0,7,0,0,2,9,3,9,14,0,0,0,20,7,0,0,0,9,27,11,22,0
0,12,0,0,7,0,32,77,104,19,2,0,27,0,32,10,26,0,11,30,1,1,0,16,16,1,0,0,50,0,0,0
12,0,0,13,21,0,0,249,49,10,15,17,0,0,0,7,0,0,0,14,18,6,0,0,0,21,29,0,0,11,15,38
13,12,40,0,0,12,31,5,22,11,0,0,0,5,4,16,24,0,20,0,5,11,0,0,0,0,8,2,17,3,15,23
191,17,0,16,0,0,25,0,4,24,0,0,0,0,0,0,0,13,0,11,0,23,20,18,5,0,14,3,0,42,0,0
195,16,20,17,0,0,31,0,25,0,41,14,0,0,18,43,0,25,9,0,31,0,0,4,0,8,21,0,22,18,46,0
181,3,0,3,7,0,11,29,0,52,0,0,0,0,44,0,238,158,44,15,16,0,8,0,14,5,0,0,9,4,20,20
0,0,0,0,25,20,0,0,0,16,0,4,0,0,0,0,152,124,8,18,25,0,28,26,11,0,8,0,0,0,8,9
9,5,20,3,34,0,22,0,0,0,0,45,0,7,0,3,14,9,9,23,4,3,0,0,5,5,13,2,0,19,16,0
0,3,14,3,39,0,4,0,11,0,22,0,0,17,0,0,0,0,0,0,2,0,0,22,0,15,0,2,0,31,27,0
0,0,0,0,0,0,15,34,0,9,0,29,16,0,0,8,0,6,9,0,0,14,3,6,0,0,0,0,0,10,32,12
0,0,0,25,0,4,4,0,0,0,0,8,0,0,0,0,16,0,3,0,3,0,24,0,12,0,20,21,14,29,0,35
2,0,2,27,0,0,18,0,0,21,0,44,0,0,0,27,20,0,19,0,2,0,9,0,0,0,0,0,0,0,0,11
0,0,24,0,0,50,43,0,0,0,11,22,0,0,0,0,1,0,0,0,46,18,27,0,0,46,15,22,0,0,0,12
0,0,28,0,17,56,0,0,18,0,34,22,0,5,3,0,0,11,0,26,62,35,0,20,0,0,41,6,8,0,14,34
37,28,0,0,15,13,0,0,8,0,0,0,3,0,1,41,9,0,0,69,3,75,9,0,11,14,49,0,26,0,22,10
2,0,0,12,3,35,8,27,0,0,0,0,0,2,0,0,5,1,17,11,3,0,1,10,0,0,0,0,10,9,14,14
1,0,14,0,15,20,0,0,21,0,0,17,0,19,0,0,18,25,0,3,0,7,0,3,0,0,0,0,0,6,33,0
7,21,3,5,44,3,0,20,0,0,0,0,0,10,0,0,7,0,5,0,0,0,0,0,0,0,0,14,35,0,8,22
0,0,7,6,33,14,8,0,0,0,0,20,5,23,0,0,0,0,0,34,0,0,6,0,0,0,0,1,0,5,0,5
22,10,36,14,20,0,8,0,16,0,0,11,6,0,13,13,0,4,16,8,15,0,6,9,0,0,0,35,0,0,10,0
0,0,16,18,8,22,0,0,0,0,18,0,27,0,20,0,12,0,0,14,0,8,0,1,0,0,81,14,4,0,0,0
9,5,22,0,0,0,3,7,3,5,0,0,0,0,0,0,25,6,0,0,0,9,11,4,3,18,11,0,4,0,0,31
11,15,2,0,0,75,16,0,0,0,0,0,19,11,0,0,0,5,21,0,13,13,0,14,0,0,0,13,0,0,4,13
0,0,0,23,192,173,41,0,10,0,0,0,0,0,0,2,0,0,0,9,0,2,5,0,0,0,0,8,0,0,0,0
0,7,21,2,189,194,43,3,0,0,0,0,0,0,0,0,8,16,10,0,5,0,0,0,0,11,0,0,6,12,0,0
0,0,0,0,192,103,5,21,0,10,0,30,17,3,7,24,0,0,0,29,0,7,0,12,40,0,19,0,9,0,4,15
0,19,8,0,48,6,0,24,0,0,5,11,0,0,0,5,0,20,6,0,23,0,25,0,0,0,28,20,13,1,14,0
14,7,22,7,23,0,1,0,13,7,26,0,4,10,3,0,24,9,28,21,8,0,18,33,6,9,5,0,0,0,6,30
8,8,0,16,0,0,0,0,0,0,5,19,31,26,0,27,0,0,0,13,0,11,6,10,0,0,0,0,13,14,6,0
0,0,0,30,15,0,19,0,0,0,0,2,0,13,22,20,0,14,0,0,0,23,0,2,0,16,11,0,0,0,0,6
0,1,38,13,0,0,0,9,9,0,0,22,36,0,44,24,10,15,0,0,4,0,0,6,0,0,0,25,0,0,4,25
