19,21,0,0,21,2,0,0,0,0,0,0,8,0,2,0,0,2,22,4,21,0,2,0,4,13,0,0,6,0,0,0
0,0,0,0,0,9,0,0,0,0,0,15,13,0,9,15,0,0,0,0,24,16,6,0,9,0,16,2,10,2,0,28
10,2,0,0,0,2,8,8,14,1,12,0,9,0,11,0,4,11,16,5,0,8,3,0,0,0,0,1,9,0,0,0
0,0,0,0,13,4,0,0,8,9,30,6,0,10,0,6,0,0,9,8,4,0,28,0,0,12,3,0,7,0,0,0
6,3,1,0,11,0,0,30,22,15,20,19,0,0,3,6,13,0,0,0,0,0,21,0,0,14,8,10,5,0,9,7
11,2,9,0,4,6,0,0,0,0,0,7,0,4,0,13,7,14,2,0,0,0,0,0,0,0,22,0,0,0,14,0
0,27,9,0,7,18,0,0,3,0,17,0,0,34,6,0,0,4,0,0,56,0,0,0,0,12,3,0,0,5,1,20
0,0,0,0,0,0,5,0,14,11,36,0,0,0,13,28,0,8,1,5,0,13,13,0,0,0,40,8,17,4,21,0
0,2,0,0,0,0,0,4,0,0,35,12,0,0,15,6,4,0,0,0,8,7,0,0,0,3,28,24,0,12,0,0
3,0,1,3,14,2,10,0,10,0,39,0,15,0,0,0,0,0,0,5,0,5,0,2,10,20,41,4,21,0,6,3
8,0,0,4,2,0,15,0,6,0,7,4,0,0,0,20,0,3,9,1,40,0,8,1,2,0,0,6,11,0,14,0
0,0,7,2,0,6,0,0,0,0,3,0,0,0,0,0,17,3,0,8,0,7,0,0,11,15,0,0,0,0,2,3
0,6,0,0,0,0,0,0,11,4,12,0,19,1,0,31,0,0,25,12,0,0,7,0,7,0,0,5,0,0,23,8
6,15,0,0,0,0,14,0,1,1,4,0,0,2,17,11,4,0,0,0,0,0,0,0,0,0,0,7,3,6,7,0
0,0,0,3,17,0,16,0,0,2,0,2,0,0,0,0,0,1,0,0,3,0,0,10,0,16,0,0,0,0,0,0
0,0,5,0,0,4,0,0,3,3,6,6,10,7,3,16,1,7,0,0,0,0,6,0,11,0,0,0,0,0,0,3
0,0,0,0,0,7,0,0,0,5,0,8,0,0,0,0,0,2,0,4,12,240,25,0,2,0,0,21,0,3,10,13
0,11,0,9,17,0,0,11,0,4,1,14,5,7,0,9,0,0,0,0,53,76,106,0,5,1,2,15,3,11,0,11
0,0,0,0,7,27,17,0,2,4,0,0,5,3,0,3,0,0,0,0,0,3,24,0,10,6,4,2,6,0,0,3
0,28,0,0,0,5,2,0,0,12,7,0,0,19,15,0,18,0,12,5,8,37,0,0,4,9,14,0,9,13,11,0
23,0,20,0,0,7,0,0,9,16,14,7,7,0,0,24,0,11,15,0,19,52,1,0,0,39,7,25,0,0,4,1
0,0,22,0,23,30,6,0,0,2,18,17,16,5,18,24,12,0,1,30,8,0,0,0,7,9,16,0,1,24,0,0
4,26,16,12,0,0,0,14,0,0,0,6,14,0,0,11,0,0,0,15,0,5,0,0,15,0,0,9,26,0,0,0
3,0,0,0,0,0,2,23,0,11,27,0,7,0,2,0,0,0,6,19,8,0,3,0,2,0,20,0,0,22,0,0
0,2,9,0,34,4,0,0,38,1,0,0,8,9,0,0,1,0,0,4,15,0,0,0,0,0,0,3,0,21,0,0
0,2,0,20,2,0,0,57,0,35,0,24,5,22,4,0,0,0,0,0,13,0,0,0,0,0,0,0,5,8,0,0
0,0,16,25,23,5,10,184,32,4,0,0,0,6,0,0,0,0,0,1,10,9,2,0,15,0,20,0,0,0,0,13
0,2,0,15,0,0,0,152,176,0,0,0,3,0,0,7,0,0,2,0,0,0,10,0,0,0,0,0,4,5,0,0
14,5,0,5,0,0,7,125,85,0,15,0,22,0,5,3,0,0,4,0,25,0,0,0,0,1,17,12,5,0,1,13
3,0,0,1,0,1,0,41,6,0,0,6,37,22,0,13,0,16,10,0,0,15,0,0,0,0,1,10,0,6,3,39
0,10,9,0,0,16,0,40,38,0,2,16,15,0,0,25,0,16,13,5,19,0,0,0,0,5,4,11,0,17,17,0
0,0,0,0,6,26,0,0,0,16,0,0,11,0,11,16,16,0,0,18,5,0,14,10,10,0,49,0,14,0,12,0
0,1,47,0,0,0,10,0,0,0,31,0,0,14,0,3,0,20,0,0,0,0,4,8,0,40,0,0,0,0,0,0
18,0,0,5,0,0,14,0,0,0,17,9,0,17,0,21,0,0,0,6,0,19,0,6,0,38,2,30,2,14,0,0
0,0,0,0,0,0,0,0,0,4,0,1,17,14,0,0,50,1,5,8,22,19,12,0,7,28,56,7,0,19,0,0
4,0,7,19,0,0,20,0,14,0,0,9,117,84,0,20,0,0,0,0,0,6,8,6,0,0,0,0,0,50,0,8
0,0,11,15,24,10,8,16,0,16,0,0,18,52,0,5,0,0,0,0,9,7,19,0,4,16,18,22,30,38,0,19
0,0,190,59,0,10,7,1,49,0,37,0,0,1,25,0,32,0,34,21,0,0,0,0,6,11,0,0,20,7,0,0
14,26,186,116,0,0,0,0,0,0,46,0,0,0,35,19,2,1,12,20,0,0,0,13,0,0,0,0,28,0,2,0
0,0,153,13,33,14,18,1,8,15,0,19,0,50,0,0,0,15,6,215,12,0,13,0,0,0,0,23,0,29,35,0
12,7,33,0,28,0,0,0,10,2,34,0,10,0,7,0,6,0,0,3,0,0,0,0,0,6,0,0,0,0,5,21
0,25,0,17,6,23,25,0,0,0,26,0,9,0,34,14,6,6,0,0,0,0,0,7,15,0,0,20,0,13,0,1
0,6,9,0,0,7,18,0,28,0,0,0,0,0,16,9,0,0,2,0,13,0,0,0,0,4,20,7,0,0,0,0
2,0,7,3,41,0,27,0,4,19,18,0,0,17,0,18,0,0,9,28,3,0,14,21,0,0,0,21,0,16,7,14
37,9,0,21,33,23,3,0,0,24,55,0,0,0,12,0,21,0,10,36,17,31,16,7,0,18,0,33,0,12,9,0
36,0,21,6,0,0,0,0,0,0,0,0,0,0,1,8,0,13,7,6,0,23,11,16,0,39,0,1,32,13,0,19
0,18,0,18,0,33,4,0,0,0,3,0,0,0,0,0,0,34,0,0,0,0,15,0,9,0,0,0,0,15,15,7
0,11,26,0,0,7,25,29,0,0,11,60,12,0,0,24,22,17,22,0,0,20,0,16,0,16,0,0,0,8,0,48
0,0,0,22,0,0,2,22,0,0,0,4,0,0,0,2,0,0,0,0,35,187,190,179,0,6,0,0,0,6,0,12
0,17,0,26,0,12,0,0,0,0,22,0,32,0,0,19,0,0,15,33,70,174,187,116,18,0,17,0,0,14,0,0
0,4,0,3,39,8,9,0,0,23,27,0,10,38,0,0,0,1,0,0,19,30,11,0,0,9,21,0,0,41,0,0
0,51,0,0,27,34,0,0,34,37,0,0,0,35,0,25,5,0,43,30,11,0,23,0,0,40,10,0,0,31,0,0
60,27,41,0,30,1,2,4,6,0,0,0,1,0,7,0,58,6,30,4,0,0,0,13,0,34,25,0,22,0,15,0
19,6,1,0,15,0,0,4,0,2,0,36,0,12,20,50,0,0,15,9,24,9,0,0,18,5,5,0,20,17,6,0
23,16,5,0,3,0,0,0,0,2,1,29,0,25,3,0,0,0,0,0,0,24,0,8,0,0,22,0,37,0,5,0
9,4,0,17,0,0,0,42,0,0,0,0,10,0,5,0,0,3,0,7,0,0,0,0,0,0,0,13,0,5,42,0
23,0,0,21,0,3,0,0,0,9,0,0,0,13,0,0,0,0,0,11,0,0,0,13,0,0,0,0,0,23,14,0
0,0,6,0,0,0,25,67,54,18,0,3,3,0,23,0,21,23,0,12,0,0,0,12,0,6,0,18,0,0,0,53
0,0,21,16,4,16,74,197,48,5,9,7,0,0,1,0,6,0,0,0,19,35,44,46,21,0,5,0,0,23,0,0
10,18,0,0,0,0,0,191,121,7,15,6,0,0,9,2,0,2,27,0,6,2,24,7,1,0,0,26,21,0,7,5
0,20,2,0,2,0,0,190,85,7,0,23,0,25,0,0,24,0,21,0,0,0,0,10,0,8,0,0,0,16,9,8
12,8,0,0,0,26,0,9,11,0,7,0,1,9,0,0,0,4,0,6,0,0,0,0,0,0,5,0,0,13,12,7
0,0,10,0,43,19,2,7,8,3,13,2,9,9,0,18,0,16,0,0,0,0,17,0,0,27,0,11,11,0,12,0
12,0,16,0,0,6,0,48,20,0,0,20,5,14,0,0,9,12,12,1,7,0,10,0,3,0,0,6,12,0,0,20
0,2,0,14,0,2,0,0,0,0,0,0,10,0,18,0,0,0,0,0,3,0,0,17,0,9,0,0,16,1,14,21
0,20,0,0,6,4,7,0,39,0,0,18,7,2,0,5,0,5,14,7,0,12,0,1,5,0,22,4,0,11,0,17
18,0,0,6,9,3,0,0,2,0,0,28,0,35,10,42,17,2,12,0,19,0,46,0,0,7,0,24,12,0,0,0
0,10,6,0,0,4,32,16,33,18,7,0,240,25,0,6,6,0,0,0,0,22,0,0,0,0,0,10,30,3,2,7
0,0,0,7,0,10,0,11,0,5,24,3,128,75,0,0,0,0,10,0,0,0,9,0,4,0,0,14,0,0,0,16
13,12,195,251,0,0,0,2,14,0,33,0,21,0,0,42,0,0,14,0,0,0,19,0,0,12,11,0,2,0,39,10
0,0,89,184,0,39,1,10,12,0,0,0,27,0,6,0,0,0,0,9,74,26,4,29,0,0,45,0,20,10,9,27
37,0,13,31,4,0,0,18,0,0,19,31,32,1,22,0,0,0,38,161,0,23,0,0,12,0,25,1,0,0,0,57
0,0,0,16,0,0,5,35,21,24,25,2,35,2,4,6,0,0,26,143,5,0,13,0,23,5,49,0,12,0,12,22
35,7,0,0,7,0,21,0,26,2,0,0,7,10,5,0,0,14,19,14,11,0,2,4,36,10,29,0,0,5,0,23
2,27,1,0,0,0,16,18,8,0,8,0,38,38,0,0,0,0,29,0,0,22,29,0,0,0,9,17,32,0,30,22
0,0,0,2,0,0,25,0,0,2,41,26,0,10,0,71,0,0,0,0,0,2,0,0,1,15,0,2,30,0,0,74
18,0,0,27,0,0,18,12,14,0,0,9,0,0,17,16,0,0,37,0,17,0,6,0,22,0,0,8,0,30,6,0
0,20,0,37,0,0,0,0,22,0,27,0,34,8,8,24,42,0,18,0,0,0,3,0,0,10,6,8,0,22,0,0
26,28,0,0,0,16,32,40,0,7,0,0,11,0,12,6,0,0,10,27,0,16,30,12,3,18,0,0,0,23,38,57
31,0,0,0,21,0,9,37,0,0,0,12,9,0,0,13,0,4,0,10,0,8,10,8,0,15,0,0,1,0,0,44
0,6,0,0,0,4,37,0,8,1,13,0,0,0,10,0,16,0,0,0,187,186,102,7,11,17,0,12,0,0,8,17
63,0,31,0,25,3,16,0,15,6,0,30,0,0,22,0,0,0,0,3,194,198,192,8,0,10,0,5,14,7,0,0
15,0,0,19,16,8,0,12,0,0,0,0,22,0,0,0,18,12,12,10,34,166,38,0,10,0,29,0,0,1,3,9
0,0,12,0,0,32,7,0,8,0,2,0,1,0,0,44,0,0,0,0,0,2,0,0,0,47,42,42,32,0,0,14
21,38,40,0,51,23,18,0,13,25,6,2,0,6,15,0,35,13,40,16,10,0,0,17,0,7,30,0,1,12,25,1
0,13,0,0,0,0,0,0,18,0,13,2,10,28,5,11,0,0,0,0,0,0,0,0,0,0,0,12,0,8,15,13
0,0,0,0,71,6,0,12,0,28,93,29,0,13,0,16,0,9,0,0,2,5,0,0,9,0,36,10,1,0,0,18
15,42,0,0,0,8,0,0,15,6,0,0,24,0,0,0,0,0,0,28,0,7,0,0,0,0,9,3,0,27,9,0
31,0,0,9,42,0,0,26,0,0,53,7,23,62,0,5,53,2,11,0,0,22,0,0,0,0,6,6,13,0,2,4
0,38,0,12,8,0,0,22,43,0,0,38,0,0,0,0,0,41,0,17,0,0,0,0,2,1,0,0,7,1,2,31
13,0,0,11,0,0,0,235,150,0,20,0,0,0,0,0,0,6,8,0,21,20,8,0,0,0,0,0,0,0,0,14
0,0,0,16,0,6,38,197,87,0,0,0,13,52,0,0,16,1,0,5,0,28,18,0,7,0,26,26,9,7,12,0
0,19,30,0,3,7,10,68,141,0,0,30,9,0,40,5,0,27,25,0,0,0,5,2,3,14,9,17,17,0,4,0
15,0,17,0,0,0,1,0,1,0,8,0,0,0,0,16,0,0,0,0,0,9,0,0,7,0,9,0,11,0,6,0
0,3,6,0,6,10,1,0,0,14,28,6,3,32,10,33,0,18,3,6,23,10,0,0,0,0,0,2,0,0,0,0
0,1,10,13,0,19,0,8,0,0,18,7,27,0,0,0,0,0,3,0,0,21,30,0,1,1,0,18,34,0,11,22
37,16,19,0,0,0,0,19,0,0,0,10,17,4,7,0,26,8,4,24,4,21,0,0,0,33,0,16,3,0,7,25
3,0,0,30,0,0,0,12,2,1,9,0,7,0,0,3,0,0,0,17,9,0,1,0,23,0,4,3,9,13,7,0
8,0,0,0,0,0,7,25,3,0,5,0,0,0,0,3,0,9,0,11,0,13,0,1,5,2,0,0,0,3,0,0
0,0,0,24,8,36,0,0,0,0,0,20,41,1,3,20,30,13,0,4,11,0,0,7,12,5,22,8,14,6,1,7
0,17,0,0,3,36,0,12,0,5,0,0,11,3,0,1,0,4,11,0,0,0,0,1,20,0,33,0,1,30,9,0
0,0,15,11,1,5,0,0,0,1,12,11,9,0,16,0,23,23,28,0,17,0,2,0,0,0,4,4,0,0,10,0
0,0,25,136,8,7,0,0,0,9,0,13,0,0,12,0,5,0,0,26,56,3,8,0,0,0,18,0,0,18,8,6
0,0,0,36,0,22,0,0,21,0,0,5,28,0,0,0,48,9,13,4,5,7,0,0,0,0,16,3,32,0,0,2
0,31,0,0,17,25,19,0,0,5,9,0,16,0,15,0,20,0,9,18,15,0,20,0,9,1,7,2,0,1,0,0
0,16,16,26,23,36,2,0,1,0,13,27,18,0,19,29,14,12,38,0,11,0,0,4,0,4,16,0,19,0,10,5
0,0,0,17,0,4,0,6,3,2,7,10,6,0,25,3,13,0,20,0,2,0,12,0,0,10,0,0,0,0,0,0
0,4,0,15,27,10,0,0,4,5,0,21,0,0,0,0,0,2,2,0,22,2,0,0,0,5,0,7,0,0,29,0
22,0,6,0,7,17,0,20,20,8,54,1,6,0,14,16,0,0,0,0,0,0,0,4,0,0,6,16,17,5,10,22
0,1,8,0,22,38,5,17,1,3,0,0,0,0,14,29,34,0,0,0,0,0,3,3,2,9,16,0,0,0,16,0
0,11,18,12,8,24,20,22,25,0,6,4,0,12,0,0,0,2,0,14,0,15,27,7,0,0,24,0,15,18,16,8
46,0,1,5,0,4,29,8,0,10,0,6,0,15,7,2,25,7,0,12,0,0,0,6,13,0,0,3,22,0,12,11
0,3,0,0,11,0,18,20,0,0,0,0,0,13,0,0,35,0,16,70,14,0,26,2,6,4,9,0,0,4,0,12
3,0,27,22,0,0,0,26,0,4,29,19,0,0,0,0,18,0,0,204,193,27,19,0,0,0,0,20,0,5,0,0
0,26,29,0,34,7,0,0,4,16,15,0,19,8,24,30,41,1,30,22,27,0,8,0,0,0,15,13,13,20,13,29
0,13,6,0,10,28,0,16,28,33,0,10,2,0,0,3,30,0,26,59,0,14,0,0,0,2,0,0,0,0,11,0
0,0,14,16,13,11,8,1,23,0,28,0,0,19,12,3,32,13,0,15,0,16,0,0,0,36,0,0,5,0,1,0
7,0,0,0,25,34,19,7,6,0,13,40,29,3,0,0,4,17,5,0,4,33,3,0,18,10,0,0,0,0,0,0
0,0,0,4,0,0,6,8,0,0,17,10,0,0,0,5,0,0,21,24,9,3,24,0,0,2,9,21,13,0,0,25
11,5,0,0,25,20,3,3,0,14,1,0,17,0,7,0,17,0,0,1,1,7,0,8,0,16,1,0,0,0,10,0
3,0,8,0,10,4,11,0,0,10,0,22,12,1,12,15,15,0,0,12,11,13,0,16,0,0,40,14,9,16,4,0
21,0,10,0,1,0,26,7,0,0,0,0,0,0,3,57,6,0,0,0,0,0,0,0,7,25,11,0,0,0,7,30
11,29,0,0,16,29,7,142,58,5,11,14,4,0,1,0,16,17,15,0,15,0,15,7,0,0,0,0,4,13,3,0
0,18,0,8,0,0,0,192,9,20,0,0,0,4,0,1,0,0,0,1,20,16,23,6,0,16,0,1,1,0,3,0
10,0,0,0,0,0,9,239,117,0,0,2,22,8,0,9,0,13,3,0,3,11,0,0,0,7,0,20,3,15,9,0
0,0,8,0,0,0,0,0,38,3,0,6,7,2,2,0,1,0,23,4,7,0,36,6,0,0,2,0,0,17,0,0
25,1,16,0,27,40,0,0,27,18,0,0,0,23,0,2,0,8,19,0,13,11,3,10,16,0,0,1,22,3,0,0
6,10,1,13,24,0,0,0,3,0,37,0,0,17,5,0,0,0,0,0,21,2,0,0,5,0,0,0,3,19,0,27
0,0,0,0,0,0,0,0,80,0,0,13,19,7,0,0,6,0,0,0,0,26,8,19,5,2,19,8,13,0,0,0
0,27,0,2,0,23,0,15,0,29,45,0,0,10,7,17,20,21,0,0,0,0,0,2,5,0,0,5,6,0,0,23
0,14,2,3,1,0,0,0,0,16,14,0,2,0,5,13,24,7,0,16,12,5,0,0,0,5,0,6,15,13,0,0
3,0,21,14,0,24,0,0,0,9,25,19,1,13,0,0,0,0,19,0,17,0,0,15,16,13,1,13,6,0,4,29
0,6,0,4,0,21,24,0,0,0,21,0,0,0,0,0,0,7,0,15,0,0,22,0,0,4,0,0,0,10,1,0
0,0,55,141,22,0,0,10,0,0,10,57,0,0,3,5,0,0,0,14,0,7,0,0,10,13,2,5,0,0,0,9
13,0,231,117,0,0,7,0,0,18,39,0,11,5,7,11,5,0,0,0,71,0,20,21,17,11,3,0,11,0,0,0
19,11,15,35,0,14,0,0,74,12,10,12,0,15,0,0,5,5,0,0,0,23,0,0,0,22,17,0,0,0,23,9
0,2,0,5,0,0,2,48,0,8,9,26,5,0,0,0,0,3,0,0,0,0,0,0,0,0,31,22,0,0,0,0
9,0,0,2,30,7,8,0,6,30,12,4,2,2,9,0,6,0,0,0,0,0,4,2,0,21,58,4,19,0,0,0
0,3,18,0,4,0,38,0,0,0,0,3,0,0,14,16,0,1,12,0,0,0,0,0,0,0,0,18,0,0,0,0
41,16,0,0,12,0,0,0,0,1,0,0,0,9,0,4,28,0,12,0,9,2,0,10,0,22,46,11,0,0,0,4
16,0,3,24,0,15,0,0,0,5,0,5,24,0,16,0,5,0,0,0,2,7,0,0,15,8,12,0,0,15,0,28
0,39,7,0,15,6,20,0,12,0,0,7,0,0,0,0,0,10,6,4,23,13,38,25,0,15,0,0,16,16,14,0
19,14,0,25,1,7,2,12,0,10,0,0,0,14,1,0,3,0,16,11,4,0,0,11,0,20,0,0,0,0,7,0
0,0,10,0,0,0,14,47,0,0,8,0,4,15,0,0,36,0,0,7,0,23,0,5,0,0,25,0,8,0,1,0
0,0,18,11,0,13,0,0,0,0,1,0,11,0,0,11,1,0,0,0,8,0,21,0,0,0,0,16,32,5,0,16
23,0,22,11,17,7,9,16,0,0,0,17,10,0,0,24,0,3,0,5,11,25,18,0,0,13,17,6,30,0,0,6
0,0,12,7,0,0,0,0,0,8,12,0,0,0,0,32,0,0,0,0,0,46,14,0,5,5,6,0,0,0,0,0
20,0,18,7,16,0,0,0,0,57,0,12,0,0,0,42,0,0,1,4,0,0,15,36,2,1,14,16,3,12,0,0
41,10,0,0,19,0,0,0,64,33,16,16,0,0,29,0,1,3,24,0,13,8,0,29,0,28,30,1,0,0,39,0
0,0,0,0,2,16,7,0,18,0,29,0,0,10,0,2,13,0,0,0,0,8,33,0,10,0,0,32,0,0,10,0
23,0,22,14,0,0,0,0,9,6,7,33,19,0,0,54,0,0,0,0,0,0,12,6,0,0,16,16,0,0,0,0
0,0,2,0,0,7,11,16,1,0,12,28,10,28,0,59,0,0,0,0,3,0,0,39,6,0,20,0,6,9,0,9
0,4,9,0,8,0,0,171,42,10,0,8,9,13,0,42,0,0,16,10,11,11,0,2,0,0,33,14,0,1,24,0
0,0,0,0,0,0,16,101,154,87,36,8,0,10,8,0,0,4,31,0,19,4,0,10,24,35,0,2,11,16,19,6
5,26,0,5,0,0,0,198,188,172,0,6,0,11,4,0,43,40,40,0,2,0,60,24,20,5,13,5,0,0,0,0
0,0,0,0,11,14,11,193,190,107,4,11,17,4,16,0,19,0,0,21,23,0,7,0,0,10,0,6,12,9,2,40
13,0,1,0,0,0,0,65,187,5,60,42,0,0,5,0,0,0,0,2,8,20,10,8,0,0,12,0,7,0,18,0
29,0,16,26,0,0,18,0,2,35,16,0,0,0,0,19,37,17,52,0,29,2,31,42,16,0,0,1,0,19,3,0
15,0,2,25,27,32,11,0,0,9,22,0,10,0,15,19,27,6,0,0,26,17,1,0,0,0,41,0,3,8,0,17
0,10,0,0,0,27,0,7,0,7,34,23,0,4,0,24,0,8,0,0,0,0,8,0,0,0,0,3,0,11,0,14
0,43,22,0,0,0,13,0,0,0,20,0,0,0,18,0,10,23,0,15,11,8,0,0,12,0,0,21,0,0,0,0
16,17,8,0,17,15,0,23,3,0,0,0,0,11,0,0,22,14,19,0,13,0,23,0,0,10,0,0,0,0,0,18
0,0,0,0,7,14,1,0,0,26,0,0,0,13,0,3,0,3,0,13,4,14,0,0,0,33,0,0,0,0,0,0
4,0,0,0,0,0,0,0,0,0,0,0,37,0,2,0,0,0,0,0,0,0,9,0,0,9,0,0,16,2,0,0
0,23,13,0,0,0,0,22,0,0,35,32,143,47,13,7,12,22,22,4,2,12,0,11,37,0,3,0,7,0,0,14
24,0,223,50,0,0,0,44,0,0,3,17,79,0,0,0,0,4,0,0,0,0,0,0,0,22,16,0,0,0,0,38
6,17,185,12,0,0,0,0,0,4,20,0,1,51,0,0,0,11,0,0,57,5,11,0,0,13,0,2,0,0,0,50
5,7,137,155,0,0,18,27,34,0,9,2,4,4,19,0,0,38,3,36,0,0,4,0,0,0,3,7,0,12,21,44
0,0,0,8,23,0,67,8,0,5,33,0,0,0,17,37,2,125,204,53,30,0,42,0,2,14,12,10,0,0,0,43
0,0,0,0,39,0,0,46,0,0,0,20,0,13,10,41,0,197,86,194,0,9,0,0,33,21,0,0,8,0,0,0
15,21,10,0,7,0,7,0,11,17,0,0,0,21,0,0,0,1,7,1,2,3,0,18,0,0,0,0,3,31,8,4
0,0,5,7,0,0,9,24,5,12,0,0,0,0,5,0,0,0,2,0,0,0,0,0,0,36,0,0,0,19,5,25
0,0,0,0,0,0,0,0,0,0,0,0,0,0,29,58,7,0,16,38,0,0,0,0,11,0,0,1,0,25,0,4
16,0,0,27,23,0,0,13,0,0,5,25,2,0,0,9,29,6,0,27,0,2,2,16,3,0,0,7,0,0,0,0
13,42,22,0,15,13,0,0,5,11,0,6,0,30,0,0,0,48,12,19,104,0,67,0,0,0,0,0,25,0,31,0
10,0,24,4,5,18,0,0,0,20,6,3,19,5,14,2,0,27,81,196,187,220,11,0,0,25,7,0,0,0,0,13
0,0,0,5,5,14,1,0,0,3,28,0,3,4,0,16,4,65,146,197,186,28,0,0,6,0,13,11,0,0,12,2
48,0,35,0,0,0,0,0,0,23,0,0,50,0,0,36,21,15,0,47,0,23,0,0,0,0,0,30,17,0,0,2
0,17,14,0,0,14,22,13,0,0,9,29,11,0,1,9,39,9,13,0,0,20,9,0,0,15,43,23,30,0,41,0
28,0,0,0,0,0,0,0,0,0,0,0,0,0,0,7,0,0,9,5,0,17,11,39,0,0,0,10,14,10,0,0
0,6,0,0,0,0,0,4,32,0,35,21,0,16,18,0,18,0,0,0,0,5,0,0,0,0,0,0,10,0,16,27
23,25,1,0,8,58,1,0,12,8,42,0,0,30,3,35,0,15,0,0,0,7,0,1,37,5,0,0,25,6,16,0
34,11,0,0,0,13,10,3,7,6,43,0,0,6,24,10,51,11,8,0,0,6,0,0,0,2,0,10,22,0,10,35
0,0,10,0,0,12,0,0,19,6,34,0,15,38,0,0,0,0,0,10,0,0,0,6,1,0,30,33,18,0,5,0
28,20,0,13,11,0,13,7,0,15,8,9,0,0,18,23,0,0,5,19,11,26,0,0,0,8,0,13,7,0,22,0
0,9,17,0,0,11,0,125,50,0,5,0,0,6,1,0,0,5,2,12,0,19,0,0,28,0,5,0,0,14,7,0
0,0,14,28,0,0,0,181,102,78,7,0,32,0,15,0,42,0,12,2,5,16,0,18,0,0,24,0,31,3,0,0
13,2,1,0,13,0,26,196,197,20,26,0,3,11,0,0,0,5,0,5,4,28,5,5,7,0,26,19,19,23,0,0
7,44,0,0,8,19,7,17,53,2,0,40,0,2,0,0,0,5,21,5,34,11,0,2,0,0,0,0,5,10,0,40
0,33,5,1,18,0,2,1,29,10,0,0,32,12,14,0,29,28,0,5,0,0,5,0,0,0,0,0,0,12,0,12
25,0,0,2,20,4,0,5,0,18,2,4,18,17,7,0,0,7,0,8,0,0,0,0,9,0,16,0,0,0,0,25
31,0,23,14,35,0,8,0,33,0,11,30,1,0,0,16,0,0,0,6,17,0,24,0,1,0,0,0,0,0,0,21
0,18,1,41,0,20,11,23,0,0,75,14,0,1,18,0,0,0,0,0,49,0,0,0,13,5,0,0,39,43,0,17
15,18,8,13,21,2,0,0,0,12,0,27,33,0,14,7,25,25,0,6,0,0,9,0,0,3,0,17,0,22,17,0
0,20,0,14,11,0,25,32,28,12,5,0,4,0,30,0,0,0,7,0,13,0,0,0,0,3,0,2,5,0,0,45
31,0,14,0,10,0,2,4,11,17,16,4,0,0,0,23,3,0,13,0,11,0,18,0,0,0,0,0,0,0,0,39
13,0,2,11,47,0,30,0,1,0,26,0,73,16,4,0,0,11,24,42,0,1,0,19,0,0,21,5,16,0,10,1
0,0,10,8,0,0,0,3,0,0,53,59,198,112,17,11,0,0,20,0,0,9,0,7,1,0,0,9,0,0,0,0
16,29,116,139,0,16,0,0,0,54,0,0,86,3,0,4,0,0,0,5,0,9,0,0,0,0,0,12,1,11,0,0
0,21,119,150,0,0,0,0,0,7,20,10,0,12,0,0,33,4,0,0,0,0,1,0,0,0,34,5,27,11,0,1
0,0,39,0,35,11,0,0,0,0,0,0,6,21,1,3,22,8,0,14,0,0,5,0,0,19,18,9,19,0,0,29
0,20,0,0,51,15,0,0,0,0,0,23,6,0,15,0,17,133,33,0,0,0,0,0,14,5,12,0,12,10,30,0
19,0,0,0,0,17,0,0,2,16,0,0,0,20,6,0,44,142,82,4,0,20,0,0,0,0,0,5,0,12,0,2
21,0,0,0,0,4,0,0,0,0,0,26,25,0,0,0,9,26,21,4,13,0,0,0,0,9,14,0,13,0,23,8
0,0,0,0,5,0,0,0,28,0,0,0,25,2,18,0,0,12,21,0,19,0,3,5,9,0,0,13,0,0,0,0
6,0,22,0,47,22,13,0,0,0,7,9,21,3,0,0,35,33,0,2,39,0,15,0,49,11,0,0,0,0,0,6
10,10,32,0,4,6,0,24,5,4,0,0,0,40,0,0,5,2,0,0,0,5,36,0,16,0,47,16,33,0,0,0
0,0,0,13,0,0,0,39,0,12,18,0,0,0,0,0,0,0,175,125,37,34,0,0,0,0,20,0,0,9,0,0
0,0,10,7,0,0,0,1,0,16,39,71,0,0,12,38,22,86,190,195,102,18,18,0,0,25,30,30,7,0,0,0
2,0,0,0,16,41,15,18,16,0,0,5,0,2,2,30,6,217,191,185,0,12,38,9,0,0,0,0,6,23,7,0
0,19,0,0,41,26,10,0,0,0,0,30,1,0,0,0,5,14,0,0,0,17,9,5,0,10,13,24,7,0,36,0
0,29,9,0,0,4,0,0,6,0,0,0,6,23,0,4,4,0,1,26,8,69,7,50,0,8,1,28,0,0,2,46
40,0,0,0,45,0,0,0,0,22,23,0,0,3,0,19,27,0,0,18,0,0,0,5,17,0,0,1,0,5,17,0
0,1,0,0,54,0,0,0,45,14,0,0,0,49,0,0,0,11,0,0,0,0,29,0,0,0,0,5,0,0,22,0
92,6,0,0,0,7,0,14,0,0,96,0,43,21,27,3,0,0,0,0,0,14,0,7,2,12,81,0,42,0,4,54
30,0,0,0,18,0,17,0,0,7,11,31,0,0,13,14,0,2,9,26,0,30,14,1,6,11,0,22,0,22,14,5
13,25,21,0,0,40,24,32,44,12,0,0,0,0,50,0,13,14,4,0,18,0,0,1,0,14,37,24,0,16,4,0
0,14,0,0,2,0,20,0,0,0,0,2,7,21,0,4,0,0,6,0,0,14,0,0,0,11,0,0,0,0,9,0
1,23,0,8,0,0,0,96,246,16,6,0,0,10,0,12,0,3,0,10,3,14,0,9,0,0,5,0,7,0,0,5
0,5,0,20,23,15,14,147,193,7,12,16,0,0,1,14,0,0,0,3,0,0,0,0,0,0,0,0,0,0,0,7
26,14,6,0,0,0,26,0,17,18,0,17,0,6,0,17,20,18,0,0,0,13,15,11,24,0,0,9,0,0,14,1
8,9,31,2,0,4,38,0,8,0,2,4,0,0,30,20,23,0,0,7,6,0,14,16,0,0,9,0,1,10,20,1
0,21,9,0,11,15,0,2,0,2,13,17,0,16,10,0,16,36,0,0,0,0,9,0,0,0,0,14,17,0,2,0
0,0,0,9,23,0,0,0,5,0,0,0,13,17,14,0,0,0,0,0,0,0,0,1,0,0,0,0,0,25,6,19
29,12,5,17,21,27,0,24,9,0,18,22,0,0,16,12,0,0,17,17,0,19,15,0,16,7,0,13,0,0,5,0
15,0,9,16,0,0,2,0,0,0,0,18,0,0,0,12,0,0,0,0,4,3,12,12,0,4,0,0,0,3,0,41
0,9,0,0,0,6,0,0,0,5,10,37,1,8,0,29,3,13,9,11,4,0,0,3,3,0,0,0,2,11,0,14
8,34,15,20,0,0,0,5,0,4,62,0,11,5,0,20,4,0,10,0,14,9,0,0,11,0,0,35,0,2,0,0
11,5,19,3,1,2,22,0,7,0,0,0,8,29,0,0,0,0,2,9,8,0,8,0,6,8,0,0,14,6,0,12
0,0,27,16,27,0,7,5,0,0,0,14,159,0,0,9,5,6,0,0,0,25,4,0,0,6,0,0,0,3,11,3
0,0,8,50,0,29,13,0,0,24,7,3,117,39,0,5,0,0,10,3,116,3,18,0,15,7,13,0,10,14,0,0
0,0,0,23,31,4,0,14,0,3,14,0,18,3,19,4,0,3,6,0,2,0,0,0,0,18,0,0,4,5,0,0
0,13,8,11,15,13,0,0,11,7,9,0,0,10,17,21,8,0,11,6,16,0,3,0,0,0,0,0,0,0,10,0
2,0,0,0,29,22,0,0,0,3,0,29,1,0,0,32,15,23,125,0,8,0,0,8,0,0,0,0,0,8,10,0
0,6,0,0,0,0,0,0,0,12,0,0,0,29,0,0,0,57,20,0,0,3,0,0,4,0,12,0,5,0,4,0
6,7,2,23,5,0,10,0,0,0,5,15,31,16,0,0,15,0,28,3,2,0,5,5,6,1,0,0,15,0,0,19
17,0,0,0,0,2,21,0,15,7,0,0,14,16,0,0,11,80,12,12,20,0,0,0,0,22,9,5,24,11,16,6
4,27,3,0,0,0,10,0,0,5,38,23,0,0,18,27,0,0,3,0,0,4,14,0,10,5,0,0,9,0,4,9
0,0,0,6,0,0,7,27,13,0,0,12,8,0,0,0,0,21,0,0,4,0,8,28,6,16,0,0,0,7,0,0
3,0,13,0,0,0,9,8,8,4,5,3,0,0,0,9,11,4,42,34,1,0,0,11,0,29,13,5,0,7,0,0
31,0,0,0,22,0,16,18,0,5,0,0,0,0,2,0,12,0,65,186,8,0,17,0,12,22,16,2,20,7,7,16
0,6,3,0,0,0,11,0,0,0,14,6,0,0,0,0,0,11,0,11,6,11,11,0,29,0,65,0,8,0,0,4
0,34,22,0,16,10,4,0,0,7,0,0,10,22,21,0,2,9,11,13,17,0,5,0,0,11,23,0,10,0,12,7
0,0,0,18,0,0,0,1,0,0,0,0,0,0,0,13,0,0,0,0,16,0,5,0,9,2,14,0,2,0,0,8
38,0,10,7,27,1,0,1,0,0,19,16,9,4,0,20,0,0,0,0,0,0,24,3,0,28,0,40,8,0,18,0
10,2,0,0,20,0,4,4,0,0,0,0,31,23,0,17,0,26,6,0,0,0,1,0,0,0,22,23,0,2,0,0
0,0,0,0,16,6,0,7,6,0,0,19,3,3,8,0,9,0,5,0,4,0,9,5,5,11,3,0,0,0,0,0
0,0,0,12,0,5,0,6,21,4,3,3,0,10,0,0,0,2,0,11,10,4,10,0,6,0,14,0,0,0,0,0
0,0,22,0,1,0,4,5,9,0,11,0,7,7,0,1,0,0,0,0,0,0,1,4,0,0,5,7,1,9,2,7
20,9,3,0,0,14,0,0,3,0,0,0,0,0,1,1,0,8,9,2,0,0,0,0,8,2,16,0,0,2,0,7
12,0,0,6,0,0,0,0,0,1,11,0,0,8,0,1,0,3,0,0,0,2,3,7,0,0,0,0,1,0,8,0
3,0,1,0,0,10,0,17,0,14,13,0,1,0,0,0,0,0,2,9,6,0,8,0,0,0,11,0,0,0,0,19
0,0,0,13,0,0,1,0,4,3,3,0,4,2,4,1,2,0,0,0,0,2,1,1,6,0,5,0,9,14,1,14
0,0,5,14,11,2,18,0,1,0,2,0,0,2,0,0,0,1,4,6,0,0,11,0,0,5,1,6,0,0,0,0
4,0,8,0,0,0,0,6,0,0,14,0,3,0,8,22,4,2,0,0,0,0,0,9,0,1,0,1,6,0,0,16
0,8,18,0,4,0,7,0,0,0,10,8,0,0,0,1,10,5,0,0,11,0,0,0,0,1,0,0,0,0,0,0
0,0,7,0,3,6,10,0,9,0,0,3,15,0,0,0,0,3,0,1,7,0,0,0,0,4,0,0,0,0,0,0
0,8,3,0,0,0,1,0,5,7,0,0,6,0,0,4,0,0,2,0,2,0,0,0,5,10,0,0,7,0,4,23
0,2,0,0,7,0,0,14,0,5,0,4,0,0,0,3,0,0,0,3,0,0,0,0,1,4,1,0,0,0,5,21
15,0,1,0,0,13,0,0,0,5,45,0,41,9,0,0,2,0,13,0,0,0,0,2,0,0,4,10,0,0,0,0
1,0,0,0,8,0,0,1,0,0,11,27,0,0,11,3,6,6,7,0,4,1,6,3,0,0,7,5,3,0,0,6
7,2,8,2,0,0,3,0,3,0,0,0,0,2,0,0,0,0,0,0,2,8,2,0,1,0,4,0,2,0,1,22
0,0,0,0,4,0,8,0,0,2,30,0,9,4,1,3,0,0,0,0,93,3,0,6,0,0,0,2,8,6,0,12
0,4,0,0,0,0,0,7,0,0,34,32,0,15,0,5,12,0,8,0,0,0,0,3,0,2,0,0,0,0,8,5
8,14,0,0,6,8,1,0,0,0,13,6,0,4,0,0,0,9,5,0,9,0,2,2,0,1,0,11,1,0,1,0
4,2,10,0,0,0,2,1,0,4,5,1,0,0,9,5,0,0,0,4,0,4,14,1,0,0,0,6,0,0,0,3
0,3,6,0,0,11,4,0,9,1,0,0,7,0,1,0,0,0,0,2,2,7,0,0,3,1,0,1,0,2,6,0
5,18,0,1,0,3,2,16,0,0,0,2,1,0,3,0,0,0,0,1,1,0,0,0,0,3,0,2,0,0,0,30
3,7,5,0,1,0,0,1,0,0,8,0,0,1,6,5,0,0,21,0,0,0,0,0,0,0,2,0,2,0,0,0
10,0,0,9,2,3,6,9,8,6,8,0,2,13,0,1,3,0,0,3,0,0,0,0,0,5,0,0,5,0,0,11
0,3,0,0,1,0,0,6,5,0,0,5,0,5,4,0,4,0,0,1,7,6,11,0,0,1,1,0,2,0,4,5
0,0,0,10,0,0,2,8,1,0,0,0,0,7,0,2,1,4,5,2,57,0,0,5,0,4,4,0,0,13,0,1
0,6,10,0,5,0,0,0,1,0,3,0,8,0,0,0,5,2,0,0,0,2,0,0,2,4,20,1,4,0,12,8
0,1,0,6,0,0,7,1,0,0,0,4,0,0,0,1,0,3,0,0,0,7,2,1,0,1,0,0,0,1,5,11
2,0,0,0,0,6,1,0,0,0,0,3,0,1,0,9,0,0,6,11,0,0,2,0,1,0,0,2,0,0,0,0
16,1,7,10,7,0,6,0,0,0,10,8,0,0,5,0,0,2,0,0,2,4,0,1,0,8,2,3,0,0,0,17
0,0,25,0,4,2,2,0,6,4,0,0,1,15,4,7,2,0,4,0,0,0,0,0,0,23,0,12,12,0,18,0
0,1,2,6,0,7,0,0,0,4,0,0,0,13,0,7,0,6,0,0,0,1,0,1,0,0,7,1,0,0,0,0
0,0,0,0,13,3,5,2,0,0,7,6,2,0,2,0,18,4,0,0,1,0,0,0,0,0,11,0,0,1,0,3
6,0,0,5,11,0,0,18,4,0,3,0,0,0,0,0,0,5,5,0,2,3,0,2,4,0,0,2,6,0,0,0
3,0,0,4,3,0,0,2,0,0,3,17,3,0,0,0,0,0,0,7,0,0,1,2,0,5,4,1,9,0,5,14
0,0,0,6,4,0,4,0,14,3,9,0,0,0,2,9,0,0,0,1,3,0,0,0,0,0,0,1,0,5,0,19
8,0,0,0,5,0,0,0,0,0,0,7,6,0,0,6,0,8,3,7,5,0,0,1,3,5,0,0,3,9,12,0
0,3,1,8,10,4,0,0,0,3,0,0,4,6,4,0,3,0,0,0,0,0,7,0,5,0,5,7,9,1,4,24
12,2,20,1,0,0,1,0,0,0,0,10,0,0,0,5,0,0,0,0,0,0,0,0,0,6,6,3,0,0,6,0
7,6,7,0,0,0,0,0,0,1,0,6,0,0,0,9,0,0,0,3,0,5,0,0,0,6,0,0,6,0,7,11
4,15,7,0,2,3,0,0,0,0,2,0,5,1,4,10,0,1,0,0,0,0,0,0,1,3,0,3,13,0,16,18
0,9,0,5,0,11,0,11,19,0,2,0,15,3,0,5,0,0,0,0,0,0,18,1,0,0,0,0,7,7,0,16
1,0,0,5,0,0,0,41,0,16,2,6,0,0,9,0,0,0,0,0,0,0,4,0,4,1,16,0,0,16,10,0
33,4,0,0,0,19,0,30,0,3,0,20,0,0,0,42,4,0,0,0,0,0,0,0,0,8,0,0,25,0,4,14
0,13,0,0,0,0,16,18,18,0,25,31,8,4,0,10,0,0,0,16,2,25,15,0,4,2,0,16,5,0,0,0
0,0,0,0,16,0,15,0,0,0,45,24,36,6,0,0,0,8,7,0,6,13,0,8,0,5,0,0,0,7,0,29
0,8,0,5,45,0,10,65,27,0,12,41,1,0,0,0,0,0,19,6,0,13,0,13,0,0,0,6,6,1,0,0
15,0,13,0,0,25,11,62,41,0,23,33,0,3,0,5,5,0,0,0,0,9,0,11,0,9,14,0,1,0,10,0
0,4,0,0,7,46,0,0,0,19,43,6,25,20,44,0,1,22,0,2,19,0,0,0,0,0,7,48,9,0,0,0
0,13,0,0,4,0,9,11,3,0,50,17,26,26,24,0,26,6,16,0,23,0,0,24,2,0,9,0,12,2,0,12
0,53,0,32,0,17,55,0,0,15,0,0,11,0,0,5,0,0,2,3,16,0,1,0,0,24,0,0,12,0,0,44
0,0,0,8,0,36,55,12,25,8,15,25,7,0,20,0,0,6,2,0,0,43,1,0,4,11,5,14,45,0,0,19
9,31,0,0,0,0,0,32,0,7,0,58,5,0,13,0,0,21,5,0,0,10,29,0,29,8,37,1,6,0,0,23
0,0,23,0,0,2,0,4,0,28,0,0,0,7,0,0,0,16,18,16,8,0,7,1,0,0,0,9,15,0,8,5
17,0,0,0,9,0,0,0,0,9,0,12,0,0,0,8,0,0,0,11,15,0,0,0,14,0,0,0,0,7,10,38
54,0,0,0,31,0,36,0,80,6,0,0,27,0,0,0,0,0,13,0,0,0,0,0,0,0,22,0,17,7,0,16
0,5,0,16,30,0,0,15,18,36,0,0,49,5,40,0,0,12,8,0,0,18,22,22,38,22,0,0,51,24,25,0
0,0,0,10,0,0,0,42,17,0,1,0,0,0,0,0,0,0,8,2,15,214,94,190,50,14,0,38,0,8,0,25
7,5,4,0,72,30,0,29,9,32,30,0,0,0,14,0,0,9,4,0,9,50,179,112,0,11,0,4,4,0,19,48
12,0,0,31,21,0,18,35,16,0,5,0,4,0,0,0,0,0,0,8,4,24,39,22,0,0,0,0,18,6,11,6
37,0,20,44,0,7,0,15,0,0,8,4,43,5,0,54,9,0,0,3,0,2,6,0,7,24,5,10,33,0,0,22
0,0,25,26,10,10,0,0,13,0,17,0,1,1,21,0,20,23,0,18,0,0,0,21,16,0,15,11,0,0,0,30
9,11,4,0,0,6,0,0,0,1,0,17,0,0,4,0,0,11,0,0,8,17,10,0,13,13,0,23,23,10,2,5
0,17,0,8,20,8,0,28,0,0,20,0,11,0,9,0,0,28,6,0,0,0,0,6,9,0,27,0,6,27,0,2
6,0,2,12,0,0,0,10,9,0,0,0,13,2,5,5,7,0,0,18,0,5,4,0,0,10,13,26,0,0,0,17
13,1,10,13,0,0,0,1,7,9,0,0,0,8,0,5,0,0,0,0,0,0,0,0,0,3,0,0,0,5,0,14
0,2,4,1,25,0,0,9,0,0,0,8,21,0,22,0,12,0,0,14,1,9,0,14,0,0,21,8,0,0,0,29
1,0,0,4,0,3,0,12,0,13,0,19,0,18,39,0,0,0,0,0,0,0,0,0,0,6,0,18,9,7,50,0
0,28,0,0,0,26,58,230,44,11,23,0,0,20,0,0,0,5,35,0,0,0,27,24,0,0,0,11,0,6,13,1
0,0,0,5,17,10,101,76,117,8,0,0,0,19,0,0,0,0,0,13,0,0,0,3,0,28,0,7,0,3,0,0
21,0,0,0,0,44,228,218,52,0,33,10,13,0,18,0,12,0,17,0,0,3,33,0,0,40,22,0,0,0,0,13
8,0,5,7,0,0,178,15,238,0,11,0,0,0,0,0,13,0,12,9,0,11,0,13,0,21,0,0,7,12,32,13
0,24,38,19,0,0,10,113,0,8,12,0,0,16,0,0,0,0,0,31,0,11,7,0,12,36,0,0,0,3,7,0
0,12,0,16,29,22,2,0,35,31,18,0,0,25,3,0,3,0,30,0,4,0,0,5,2,2,0,26,5,21,20,0
0,30,6,12,0,24,14,0,0,22,0,37,0,0,9,0,0,0,26,24,3,5,0,0,12,18,0,7,0,16,25,0
7,16,2,2,31,33,0,17,16,0,52,16,91,8,13,10,35,3,2,2,16,0,16,8,0,0,0,0,0,19,0,10
4,0,0,31,26,0,0,0,13,15,14,163,121,14,3,0,0,0,5,0,6,1,0,0,22,0,0,0,1,1,0,0
11,0,0,51,0,0,0,5,3,0,91,87,55,0,5,28,0,19,0,7,0,14,2,0,0,0,0,24,5,5,3,14
0,178,160,0,26,24,0,0,9,7,30,0,10,14,0,0,0,18,0,0,0,0,0,18,0,0,14,0,8,8,0,0
55,41,216,15,5,0,0,11,28,0,21,21,34,18,30,0,1,22,0,0,12,4,8,0,27,0,7,0,0,0,0,11
0,16,0,0,35,18,0,0,0,37,0,0,25,27,10,20,0,0,13,123,41,0,24,7,0,3,0,0,0,0,13,13
7,29,24,16,17,48,10,5,0,4,30,13,1,29,0,42,12,197,196,122,0,17,0,0,0,1,0,31,4,0,0,24
0,0,10,8,7,11,0,0,0,35,41,23,0,47,32,6,0,136,249,19,0,16,0,0,13,23,6,34,0,9,0,0
0,0,16,0,0,0,0,19,0,0,0,18,0,0,0,0,0,23,0,0,0,0,0,12,0,0,0,0,0,0,0,0
0,25,1,0,0,0,31,0,0,0,0,0,0,50,0,0,0,0,4,11,13,0,23,0,14,23,0,19,0,0,0,0
0,0,0,0,37,0,8,10,15,16,28,9,7,4,4,0,0,23,37,20,10,2,25,11,14,2,0,0,0,0,19,0
30,0,0,0,41,0,4,0,0,0,0,46,0,8,3,0,0,0,0,5,0,0,2,0,17,0,0,0,4,20,0,0
0,0,0,0,0,0,0,0,52,0,3,43,6,0,0,0,0,0,2,0,8,0,9,0,0,9,21,1,17,16,0,25
0,0,0,29,0,0,5,19,0,7,3,0,8,16,0,32,0,31,0,0,0,4,11,0,4,0,1,0,19,0,23,0
0,0,12,0,7,0,0,1,32,0,0,7,0,0,0,0,5,23,0,9,30,133,162,13,0,4,0,0,1,0,0,0
49,9,0,19,31,16,0,0,0,0,0,0,6,0,3,0,0,7,82,0,244,198,187,139,5,0,1,0,16,16,8,8
0,0,14,6,0,0,0,10,1,0,0,32,0,0,0,21,0,1,0,0,72,94,48,0,14,2,2,0,0,10,0,0
25,0,11,8,0,7,0,39,0,8,0,0,0,0,17,9,0,0,2,16,7,0,0,10,0,8,11,5,17,6,0,0
41,0,4,0,0,13,0,0,9,0,0,0,36,9,22,0,14,0,0,0,0,0,0,0,0,0,0,0,18,25,0,3
0,0,0,0,0,0,17,32,10,0,0,27,3,0,0,0,8,0,40,11,0,0,15,0,8,11,4,0,32,0,0,52
0,21,0,0,37,0,31,0,6,3,3,0,14,27,0,0,49,5,23,11,22,0,14,16,30,10,12,0,6,0,8,0
0,2,0,0,0,0,0,43,0,0,0,0,0,0,7,38,18,0,10,0,3,0,7,0,11,18,13,21,0,0,0,0
51,0,13,0,0,54,5,23,28,13,7,3,19,5,0,0,0,3,6,0,0,0,0,3,0,9,0,0,19,11,0,0
0,3,6,3,0,0,10,21,15,0,8,11,6,50,11,22,0,0,0,8,0,7,2,4,5,4,27,0,0,40,7,14
0,0,0,20,0,0,0,34,0,0,0,30,4,13,0,4,0,0,0,0,7,0,7,0,25,16,16,0,9,9,22,16
38,7,2,0,0,0,117,197,82,9,0,10,0,9,0,0,0,8,0,0,1,9,13,0,4,6,19,7,11,0,4,0
0,0,0,2,19,0,67,196,214,14,0,2,7,0,0,14,6,3,12,0,0,2,12,0,0,0,24,0,8,4,8,6
16,5,0,19,0,0,181,189,158,17,10,0,18,9,0,0,13,8,0,20,10,32,0,0,0,26,0,0,11,28,5,0
8,8,33,0,0,9,21,194,0,0,0,0,0,2,0,0,0,13,1,0,0,0,0,0,9,0,0,28,0,1,29,0
0,0,37,0,26,0,15,0,21,10,0,4,17,7,0,9,0,0,14,8,0,2,0,8,6,27,21,0,11,4,16,0
36,18,0,34,0,0,6,0,14,0,0,17,8,9,0,0,0,0,0,0,0,20,0,5,0,0,0,5,0,8,0,13
0,0,0,0,0,0,21,0,0,0,0,2,0,1,16,34,0,8,14,0,24,10,3,0,0,17,4,14,2,0,0,37
4,2,15,0,0,16,0,0,24,0,19,10,14,1,23,13,0,0,28,0,0,0,0,8,0,0,25,5,0,16,0,22
0,16,16,6,21,0,0,0,0,0,0,0,30,14,5,0,3,8,0,15,0,9,0,0,0,0,0,0,0,0,10,0
25,0,14,0,18,3,8,0,38,0,28,15,60,0,0,0,0,7,0,0,2,3,0,0,0,3,0,12,0,3,0,0
0,0,0,0,5,0,4,6,0,0,83,216,88,12,17,26,0,6,6,3,0,0,3,0,0,2,0,0,0,0,0,3
0,143,234,0,0,4,5,0,0,0,4,0,0,0,7,0,17,1,0,0,2,0,4,12,4,14,0,32,0,0,16,13
0,37,16,23,0,0,0,26,0,4,6,61,7,9,0,9,1,1,21,5,31,0,0,22,0,23,0,0,0,0,0,26
0,4,13,0,0,0,0,0,2,11,0,0,0,7,0,0,0,0,46,19,0,29,1,0,5,0,0,8,15,13,0,0
0,0,12,9,0,0,4,0,0,1,0,0,13,9,0,0,0,110,204,61,24,0,0,13,7,0,4,3,0,0,18,0
0,1,0,0,0,10,20,0,37,22,21,0,3,11,13,13,3,45,144,3,0,3,24,0,0,13,9,1,0,16,16,0
11,0,0,0,52,8,0,30,0,0,4,1,3,0,0,0,0,9,0,17,0,17,0,0,10,6,3,0,0,0,0,18
0,0,0,0,0,34,0,0,0,1,1,5,10,0,0,13,0,0,0,1,0,24,0,0,1,5,0,0,0,0,0,0
0,0,0,41,0,17,19,0,0,0,1,57,0,19,0,31,5,0,21,0,0,0,0,6,11,0,5,24,18,0,5,19
0,0,22,37,20,18,12,40,11,0,0,12,30,0,2,5,0,8,0,0,7,11,24,0,0,12,0,14,0,0,3,7
0,5,2,40,0,0,22,6,10,0,6,21,0,14,0,17,0,6,0,1,0,25,0,0,0,16,1,0,1,0,0,5
52,25,16,20,12,3,23,21,0,0,38,18,18,0,0,12,0,0,0,5,7,16,33,0,12,17,0,0,25,3,0,3
61,6,0,0,0,11,0,10,0,28,0,26,0,0,0,0,14,0,48,11,144,28,33,0,0,0,12,0,0,0,3,18
0,23,22,0,0,2,0,25,0,10,0,0,23,27,0,17,0,0,20,0,2,0,0,9,15,0,0,0,13,5,0,5
0,3,4,49,0,6,0,0,15,7,36,7,0,0,0,0,3,0,0,0,15,11,0,9,0,0,1,3,0,30,8,0
24,10,10,4,21,3,0,17,0,3,0,39,5,12,0,1,2,0,29,20,0,15,40,0,0,7,0,24,0,0,2,0
0,4,0,8,24,20,0,4,21,0,25,5,9,16,7,0,12,4,0,0,2,20,4,21,24,21,11,29,53,0,3,0
60,2,12,16,25,0,33,11,0,0,0,0,1,0,14,0,0,11,0,0,16,0,0,11,19,10,7,24,0,3,0,3
63,1,0,17,0,3,13,0,2,0,26,0,10,4,5,0,0,14,13,0,0,7,0,0,0,0,0,19,8,0,0,0
3,2,14,0,0,14,10,0,1,31,0,0,8,0,0,13,10,4,0,0,0,0,0,0,0,0,0,16,0,0,7,0
0,0,0,33,0,0,0,4,0,5,0,3,0,5,0,0,0,0,0,0,9,0,0,1,17,0,0,10,17,13,0,0
0,9,5,0,21,0,0,39,0,0,0,11,0,11,16,0,6,9,0,4,0,14,13,8,0,0,0,0,0,0,0,4
21,0,0,0,0,11,38,190,0,0,17,0,0,0,0,18,0,0,0,0,2,0,0,2,0,0,29,0,0,0,0,0
0,0,26,8,0,1,12,0,0,9,12,16,0,16,7,10,3,0,0,0,16,0,0,25,0,0,0,9,0,8,0,0
6,3,15,36,20,0,9,5,0,0,0,2,0,4,13,0,8,5,30,1,0,0,19,3,0,0,0,9,0,0,0,0
2,12,0,0,36,17,0,0,11,0,0,8,0,5,0,0,7,0,0,6,22,0,0,4,0,0,0,0,25,0,8,12
9,18,0,0,29,0,0,0,0,0,25,1,7,0,4,15,4,15,9,0,0,0,0,14,7,7,3,0,0,18,29,0
0,16,5,0,31,0,0,0,0,0,8,0,0,0,0,0,0,15,0,1,0,0,7,0,6,2,0,0,0,26,0,0
0,0,14,3,0,0,0,8,20,0,6,0,0,0,0,19,3,4,0,0,9,10,0,0,0,13,0,0,2,0,0,11
5,7,15,9,0,0,0,1,0,2,22,0,0,5,14,0,0,0,0,0,0,9,0,0,0,0,9,0,6,7,3,5
0,0,0,0,1,6,4,0,0,13,0,0,17,3,0,0,3,0,0,0,3,0,3,0,0,8,0,4,3,0,0,0
0,7,0,0,0,0,0,5,6,0,6,38,72,13,0,10,0,1,0,1,3,0,0,0,0,0,4,11,8,14,0,9
44,195,106,0,0,2,6,0,0,1,19,1,5,0,0,11,0,0,0,0,1,0,2,2,0,0,0,0,0,4,5,2
16,125,62,0,5,0,4,0,10,0,1,0,15,0,0,16,0,0,4,1,13,0,12,5,5,17,5,0,0,0,0,11
0,0,0,1,13,0,1,0,4,27,23,0,0,15,0,0,1,0,0,6,2,0,1,22,0,0,7,0,14,0,0,3
0,15,0,4,12,12,3,0,0,19,25,10,0,13,10,0,5,0,1,1,0,11,19,11,0,3,0,11,8,0,14,0
0,0,0,0,0,1,1,6,5,4,50,0,0,0,1,1,16,1,0,49,3,3,0,0,0,0,0,0,0,0,0,14
10,20,2,7,0,0,0,5,0,0,0,8,6,0,0,4,0,0,0,0,5,0,9,0,2,6,17,0,8,0,0,26
0,0,0,0,0,1,0,0,0,0,0,22,0,0,0,1,0,18,0,19,6,0,1,0,16,0,3,5,0,0,3,0
13,8,0,0,1,0,5,2,0,0,20,5,0,0,0,40,0,14,0,3,3,0,2,0,0,1,0,8,3,32,0,0
25,0,0,11,15,7,4,1,0,0,3,0,0,0,11,11,9,0,6,0,0,8,19,1,0,0,0,13,10,0,0,0
24,0,0,10,12,12,0,0,0,0,5,12,35,0,0,22,7,18,0,0,34,0,53,0,1,19,8,12,3,0,0,32
22,0,1,0,0,0,0,22,0,21,0,4,0,0,0,7,0,8,0,0,15,0,15,12,13,0,11,0,0,1,0,4
0,21,0,2,7,0,3,23,22,0,8,0,0,0,0,0,0,9,0,0,40,17,0,0,1,12,30,1,0,21,0,7
0,0,2,2,0,0,0,13,0,7,7,0,28,0,0,18,2,0,0,0,128,162,65,0,0,16,35,2,0,5,0,5
0,0,0,3,0,15,0,0,7,0,3,20,16,0,16,25,0,0,10,0,99,98,52,9,8,12,8,13,0,0,0,0
0,0,11,17,0,0,0,0,3,0,17,0,28,0,23,4,14,10,0,0,10,7,0,3,0,0,0,0,0,9,0,2
0,5,0,12,0,0,1,0,1,1,19,0,0,0,22,0,1,0,0,16,24,22,0,12,0,2,28,0,0,0,31,0
0,41,0,0,23,0,4,2,0,0,24,0,0,8,5,27,0,0,6,0,0,0,14,10,7,29,0,8,0,28,6,0
0,0,5,0,0,0,14,5,26,1,32,7,0,31,0,0,0,24,5,11,23,0,0,8,0,0,0,2,0,6,0,0
0,0,0,13,0,0,0,23,0,0,0,0,0,0,12,0,0,3,0,0,11,0,5,0,9,0,4,4,20,0,0,0
5,19,9,10,0,3,4,0,28,0,31,1,0,0,4,0,3,0,0,8,0,1,6,0,2,0,22,19,0,0,0,8
29,0,0,23,6,4,14,0,0,0,0,0,20,0,0,0,0,0,0,12,13,16,22,0,1,0,0,0,0,23,0,0
43,18,2,0,0,33,0,0,0,0,10,0,17,0,0,2,0,0,0,9,20,0,0,3,0,38,6,24,19,9,14,27
3,0,0,0,0,8,10,94,14,0,0,3,52,0,21,0,0,0,1,0,0,16,9,0,19,0,0,11,0,17,0,0
0,8,0,0,0,48,138,16,0,0,18,0,0,2,24,0,32,16,12,5,1,0,5,28,1,0,0,0,0,0,50,0
55,1,0,0,0,2,190,185,0,0,0,0,5,0,21,16,4,0,0,13,4,6,0,14,16,0,20,10,0,0,1,8
6,7,0,0,36,248,89,23,16,0,0,0,3,1,0,10,0,0,17,0,9,0,9,0,19,3,21,0,5,0,0,0
14,7,0,2,23,0,90,240,14,14,0,0,7,0,0,0,0,14,12,19,3,0,0,0,0,0,26,19,35,0,32,0
28,0,16,0,16,7,38,0,64,5,0,10,0,0,12,0,0,0,5,0,0,2,15,0,0,15,28,0,11,3,3,0
0,0,30,7,21,2,0,0,0,5,21,0,0,28,17,26,16,15,19,27,22,0,7,0,0,20,5,0,0,0,0,0
4,11,0,7,0,0,1,0,0,10,10,0,0,0,3,6,0,0,0,10,23,0,5,0,0,0,17,18,35,0,0,41
0,0,16,1,0,0,19,21,0,0,0,240,122,0,0,17,0,30,0,0,5,1,2,33,8,0,6,0,5,9,0,32
3,0,14,29,32,0,26,6,0,4,191,216,66,24,0,7,0,0,3,0,0,8,0,0,26,20,33,0,0,0,24,0
17,251,209,0,0,0,14,8,3,0,11,72,0,6,0,11,0,0,0,0,1,14,0,2,0,22,0,0,0,3,5,28
51,194,192,27,0,0,4,0,0,37,14,0,0,8,11,27,3,0,0,2,18,5,0,0,22,51,0,0,0,8,29,12
0,5,80,28,11,0,7,35,18,28,0,0,8,33,0,0,31,0,5,0,20,16,0,0,0,0,0,0,23,0,0,13
33,0,0,0,0,0,22,30,0,0,44,41,37,0,9,3,18,0,139,92,0,18,0,0,0,0,0,18,16,0,0,8
0,2,0,0,0,41,11,0,25,13,16,0,0,0,0,7,0,154,195,107,0,0,0,0,0,0,0,18,0,0,0,7
39,0,0,0,7,0,0,0,8,18,0,0,23,7,18,32,9,59,187,8,0,0,0,0,0,0,20,3,0,0,19,1
9,11,0,21,9,0,0,15,20,0,1,0,0,0,0,0,22,0,1,9,0,0,0,9,0,0,7,0,0,0,2,0
0,13,11,0,31,0,0,21,0,11,0,15,0,0,0,5,0,3,0,0,1,0,0,0,2,1,58,25,8,4,0,0
33,42,21,0,0,11,0,6,1,3,0,0,7,29,7,0,21,11,14,14,44,0,0,0,0,3,11,0,36,6,39,15
0,4,0,20,0,0,20,16,0,0,0,0,0,16,1,2,0,1,1,0,0,0,0,4,1,3,28,11,17,2,7,19
21,0,0,3,0,15,1,1,16,0,2,0,3,0,0,27,0,19,0,0,11,0,0,0,7,0,0,0,5,6,0,4
12,29,1,0,0,33,6,0,0,4,5,0,0,2,4,1,16,0,11,0,7,0,0,14,4,0,7,0,6,6,26,13
34,21,27,0,40,16,19,31,0,0,25,25,44,0,26,0,31,17,0,0,168,193,196,15,37,0,42,14,37,0,15,0
0,13,0,4,16,0,0,17,11,2,9,8,0,10,0,9,2,0,0,24,68,45,3,23,2,0,0,0,16,2,4,4
14,0,21,25,0,0,3,17,0,28,0,0,0,0,5,0,24,0,1,0,0,1,4,21,0,0,9,1,0,11,0,53
0,20,0,0,13,2,10,0,10,0,0,0,5,7,3,0,8,0,0,17,0,34,0,12,21,0,0,0,31,22,11,0
52,0,0,8,0,0,0,0,0,0,26,22,34,0,18,23,42,0,0,0,26,9,26,0,9,0,28,88,71,0,10,38
42,1,28,18,0,8,48,29,0,0,18,21,0,0,0,0,0,24,5,19,3,0,16,22,13,19,0,23,37,22,19,0
46,2,0,15,0,0,0,0,17,45,0,0,0,22,3,8,13,7,2,1,0,7,43,0,26,0,12,3,1,0,9,1
0,28,13,0,0,0,13,6,3,10,0,0,19,9,1,0,8,26,0,33,0,0,24,0,0,0,27,0,18,38,0,0
0,22,0,11,0,0,0,4,4,27,7,16,4,15,0,20,0,8,0,8,29,2,6,18,0,0,0,0,0,7,0,60
13,2,0,0,0,0,0,37,30,0,10,22,6,0,0,0,0,0,0,0,8,32,0,26,10,3,0,11,0,0,0,0
4,0,0,0,0,0,192,52,33,37,55,11,0,0,0,2,3,5,3,13,11,0,16,1,0,24,0,0,22,12,23,12
0,0,0,0,18,13,189,193,0,0,28,24,16,28,9,0,8,7,19,3,0,0,0,9,0,0,21,0,32,9,0,0
8,17,0,12,0,0,181,39,38,0,0,20,0,13,16,0,0,19,10,8,6,0,12,0,9,0,4,0,0,11,9,0
0,41,16,0,38,48,4,133,49,7,14,4,0,0,0,0,14,25,0,0,0,5,0,0,20,0,0,6,23,14,0,19
0,21,23,0,28,0,0,0,8,8,16,0,7,12,6,0,0,5,0,0,0,0,0,0,0,6,28,0,19,0,4,22
0,9,6,23,18,0,0,0,3,0,18,5,14,0,15,7,0,0,28,39,0,9,0,0,2,18,0,0,16,19,0,0
0,19,17,0,0,2,44,29,0,0,0,0,4,0,1,18,29,0,46,5,25,0,0,0,0,0,0,7,0,0,21,0
34,6,0,13,0,5,0,2,0,0,0,17,0,28,8,0,24,0,3,11,0,0,0,0,0,12,2,16,4,0,12,4
0,0,0,10,0,11,7,0,40,14,0,0,0,19,0,0,0,37,0,0,0,0,0,4,0,17,9,7,0,0,0,11
0,0,2,0,32,0,0,21,0,0,0,200,27,13,0,0,0,2,18,0,0,5,0,0,12,0,0,4,14,2,0,0
8,0,11,9,0,0,9,25,0,8,34,98,33,0,1,35,0,0,0,0,3,0,0,0,0,5,23,4,0,0,0,0
30,106,26,4,13,26,0,19,0,0,0,0,0,12,0,0,0,0,0,32,5,0,35,0,11,0,22,1,0,20,7,0
0,195,143,5,34,0,20,24,34,0,16,20,12,0,11,24,13,0,0,2,16,11,10,0,0,8,6,10,0,0,9,4
0,8,16,0,0,37,0,18,7,25,6,0,7,0,4,0,0,3,0,0,1,18,0,0,0,0,2,3,6,17,26,41
86,0,0,0,2,19,0,0,12,5,7,10,4,3,13,29,0,6,87,0,8,0,10,0,11,10,10,0,1,25,4,32
60,0,17,4,0,0,30,1,5,0,44,0,0,0,15,0,0,41,110,118,0,4,8,0,0,15,27,2,1,6,0,15
22,0,0,31,35,0,20,10,32,7,28,5,16,15,0,0,6,84,46,6,1,0,20,0,24,0,10,6,0,23,0,3
0,0,39,0,0,0,0,0,10,9,21,8,0,3,0,0,0,0,0,0,0,23,7,6,0,16,25,19,30,0,0,0
32,1,0,0,0,15,0,6,12,0,0,4,0,0,2,0,4,0,15,1,12,19,0,0,5,17,0,10,0,18,2,0
35,18,0,0,0,9,9,4,2,18,39,22,0,17,0,0,0,9,0,19,0,0,0,0,3,7,0,0,3,9,13,0
0,10,0,0,0,7,0,0,0,20,0,0,0,0,9,0,15,17,1,16,1,6,0,14,0,0,0,6,22,0,14,0
0,4,39,3,0,0,0,22,0,0,17,0,0,10,0,0,6,9,3,5,17,5,0,0,0,0,0,0,0,0,0,56
55,0,3,22,0,0,3,0,0,1,23,24,0,0,0,16,12,6,0,6,16,178,11,12,6,0,0,1,17,0,11,6
0,21,0,0,0,8,0,0,0,1,7,0,0,8,0,0,9,16,0,0,211,80,0,8,0,3,20,0,0,12,8,6
8,19,1,0,7,18,17,0,3,0,0,1,17,0,9,0,8,5,7,3,18,0,22,0,0,0,0,0,34,3,11,0
0,0,11,0,0,0,9,0,24,0,0,0,21,0,0,8,0,0,23,11,0,6,26,10,16,0,0,5,2,13,0,5
0,0,5,0,11,0,0,0,0,5,0,16,0,0,0,19,4,0,0,0,9,0,0,13,8,29,17,14,29,0,0,0
0,2,0,0,0,4,0,2,0,7,7,12,11,0,24,0,0,0,1,0,0,1,3,0,1,2,9,0,0,3,6,0
0,0,12,21,0,0,0,5,3,0,4,2,12,0,0,17,0,0,0,0,0,20,0,0,0,0,11,3,3,0,0,13
9,0,11,0,20,0,0,0,0,0,9,0,5,0,7,0,10,0,4,0,0,0,7,0,6,0,8,14,0,20,0,0
0,23,40,0,34,10,0,18,13,5,4,15,13,0,0,6,0,10,0,0,0,3,5,3,5,0,12,3,6,0,0,4
0,0,0,10,23,25,0,48,0,0,22,0,5,0,9,1,0,0,6,7,0,5,0,9,38,1,0,5,5,0,0,7
5,20,13,0,0,3,0,211,13,2,17,1,23,7,0,10,13,0,35,20,11,2,22,10,0,2,0,0,0,5,13,7
4,13,0,21,26,0,0,13,7,0,4,0,0,0,0,7,0,0,0,0,0,0,0,2,8,8,0,15,4,0,0,18
0,0,5,6,19,0,0,0,2,0,5,0,1,0,0,4,0,0,9,20,6,5,0,0,3,6,0,0,4,0,11,0
0,12,0,0,0,16,0,48,28,1,0,8,5,0,0,27,42,0,0,2,12,0,20,0,2,21,0,29,0,8,0,0
0,0,0,2,0,0,0,17,6,0,18,35,0,0,5,5,17,13,0,0,0,0,6,0,0,8,17,21,14,0,3,18
0,0,0,0,0,0,0,0,0,0,7,0,0,3,0,0,0,1,0,0,0,15,0,15,0,0,28,0,0,0,0,1
26,6,2,1,0,0,0,5,4,0,14,10,0,4,0,9,0,4,0,8,0,6,0,0,0,9,0,7,0,5,0,6
0,15,0,0,4,0,0,0,0,0,0,0,0,11,0,0,2,0,0,0,0,0,0,0,6,0,21,1,0,0,0,0
0,0,16,4,0,0,0,0,7,0,3,33,0,1,0,6,2,1,4,0,11,0,1,4,2,1,4,1,0,0,0,0
9,11,4,0,0,0,0,1,3,1,45,1,0,8,4,2,0,0,6,0,0,0,0,0,0,0,4,0,0,1,10,6
0,1,1,0,0,0,4,0,0,0,16,17,0,8,4,0,0,0,8,0,3,0,0,0,0,0,5,7,11,0,0,0
18,0,1,0,1,0,0,0,0,0,0,1,0,1,0,0,0,12,0,0,4,0,2,0,2,0,0,0,0,0,6,3
1,0,12,0,0,0,0,6,0,0,4,10,0,0,0,0,0,5,5,0,62,0,11,0,7,11,23,0,0,0,0,8
4,0,6,1,3,8,1,3,18,0,32,33,5,5,0,0,0,3,0,0,0,6,0,0,0,3,3,4,0,0,2,10
0,15,9,8,1,7,0,2,0,5,5,4,6,1,0,11,0,0,25,16,0,2,0,6,0,7,0,0,0,8,2,6
0,4,0,0,11,20,10,4,10,4,7,5,3,14,1,0,1,0,4,0,0,0,10,0,0,2,0,3,0,2,10,0
0,0,0,5,0,11,0,0,11,4,0,3,0,0,1,2,0,0,0,0,0,0,5,0,0,9,2,1,5,0,1,0
0,0,4,0,9,0,0,0,0,0,11,0,2,0,9,0,0,0,0,6,0,0,0,6,3,0,4,7,14,0,7,0
0,0,0,0,4,12,5,0,2,0,2,0,1,0,13,0,6,0,0,8,0,0,0,0,0,0,0,8,9,4,4,11
0,0,0,0,0,8,16,10,0,0,14,4,1,0,0,13,0,0,0,2,8,0,0,4,0,0,0,0,4,0,9,11
0,13,0,0,5,0,1,0,0,0,0,3,0,5,10,0,0,4,5,0,0,4,3,4,0,0,0,3,7,5,0,0
0,0,0,5,0,0,0,0,8,10,0,2,0,0,3,17,7,0,4,2,36,2,2,2,2,1,4,2,0,0,0,0
0,0,0,0,2,0,3,9,0,7,0,0,4,8,0,0,0,4,1,5,17,0,0,0,0,0,11,0,0,5,0,0
11,1,5,0,3,0,0,0,0,0,5,0,0,0,0,0,0,3,0,0,1,12,0,0,1,4,0,7,13,0,8,24
0,1,0,3,0,0,4,6,0,0,0,0,0,2,0,0,0,0,0,1,5,0,4,5,1,12,0,6,0,5,0,0
30,9,2,5,0,10,0,0,0,8,0,4,0,2,5,0,0,3,3,0,2,3,0,1,1,7,9,15,26,0,1,0
0,0,0,11,12,0,0,0,0,0,0,3,0,5,0,10,6,0,0,0,0,8,4,0,9,11,3,25,25,3,0,0
0,0,0,7,0,0,0,9,6,0,0,4,8,5,0,0,0,0,2,10,0,0,2,0,11,0,0,0,0,5,0,0
25,3,0,11,0,0,0,15,0,0,9,0,0,0,0,9,0,0,0,0,0,2,0,0,1,0,0,0,0,0,10,16
2,4,0,0,0,2,0,0,0,0,0,13,0,1,12,0,0,3,5,12,0,0,1,0,0,0,0,0,0,6,0,3
0,1,29,4,15,2,0,0,0,6,0,3,6,7,0,0,0,0,3,2,3,6,0,0,0,0,6,3,0,3,0,0
2,0,0,11,0,0,0,11,0,0,0,7,2,0,5,13,12,0,0,0,0,0,0,0,0,6,0,3,7,1,16,3
4,0,0,11,0,0,8,8,1,0,0,0,0,8,0,12,0,0,0,6,7,10,0,0,0,0,0,0,0,1,3,3
0,0,1,0,0,0,0,0,0,0,0,7,0,0,4,14,0,9,8,4,0,1,0,0,10,1,4,8,4,0,1,14
0,0,1,8,0,11,31,0,8,8,0,0,0,13,6,0,20,0,7,0,13,1,17,6,0,5,0,0,0,0,2,10
27,0,0,4,0,0,36,36,0,3,7,0,0,1,0,2,5,0,6,0,0,0,0,0,0,0,0,13,0,1,0,28
0,23,0,0,2,0,21,0,0,16,0,0,12,14,1,0,0,4,0,0,2,0,0,0,27,0,20,20,0,0,22,5
16,4,2,8,0,61,31,17,17,8,8,7,4,5,0,0,0,1,0,16,0,0,6,0,5,13,35,3,10,6,10,0
50,0,0,9,0,0,0,0,0,15,24,20,1,24,0,14,31,4,0,0,15,17,15,0,0,26,5,0,0,6,25,21
0,5,0,0,15,44,0,0,14,16,65,80,18,0,18,0,1,13,0,6,32,0,0,6,0,0,32,10,0,0,0,0
67,0,29,28,0,0,2,20,46,0,19,219,0,0,0,0,0,0,10,0,0,0,0,0,10,18,3,5,0,14,0,22
0,22,194,41,29,0,0,0,6,12,101,84,0,0,0,0,0,17,9,14,0,0,0,0,10,0,0,2,0,0,14,33
130,0,108,70,0,0,0,7,5,0,0,18,18,2,0,0,0,26,16,8,0,18,0,1,0,11,0,0,55,8,0,0
10,11,232,89,0,0,25,0,21,8,10,0,0,29,12,0,0,9,117,212,71,5,11,18,8,1,5,0,4,19,0,18
6,47,0,0,25,26,30,1,3,11,5,3,5,62,4,0,0,163,216,164,21,0,0,13,11,6,15,0,4,0,55,0
0,0,23,0,3,0,11,9,12,19,22,0,1,25,5,0,0,18,172,0,0,0,4,0,10,0,19,0,0,0,3,0
6,0,23,40,0,16,11,0,0,17,0,1,0,23,0,0,7,0,37,38,31,3,21,26,0,0,0,0,0,0,0,0
0,1,10,0,0,0,21,31,0,0,36,0,0,0,16,19,0,0,7,0,14,0,26,0,28,8,0,5,0,0,4,15
0,0,21,7,7,0,0,39,5,0,16,28,9,0,0,25,2,7,0,6,0,2,0,0,0,0,2,30,0,0,6,15
11,0,19,0,10,0,0,0,0,0,2,0,0,4,18,0,15,0,0,0,11,0,0,0,0,0,19,1,0,0,1,25
40,8,0,0,0,22,27,0,23,11,10,0,0,0,0,0,0,21,0,19,0,0,9,23,6,12,0,7,10,0,0,8
0,0,0,0,0,0,0,0,12,5,17,8,29,1,20,42,0,5,0,15,5,0,0,0,0,0,0,0,37,11,8,0
7,12,10,19,29,0,0,0,0,20,0,0,0,42,6,0,0,0,0,0,0,10,0,0,0,0,0,30,3,34,0,0
16,4,6,8,26,0,19,0,7,0,41,25,0,14,23,0,0,0,2,0,78,245,48,149,0,0,15,8,0,0,0,0
0,0,1,16,0,0,1,0,0,16,0,11,43,10,19,0,12,0,2,0,12,187,189,0,0,2,0,0,9,0,0,23
0,0,0,0,0,0,19,0,12,2,14,0,0,6,0,0,27,32,0,12,0,6,0,1,20,7,18,0,3,0,18,2
12,25,0,25,13,17,0,0,0,0,0,12,0,17,34,0,14,0,0,0,0,0,0,0,0,0,27,11,22,17,17,37
49,0,0,0,19,0,0,0,21,10,18,0,10,16,0,0,21,0,0,0,0,0,0,0,0,15,0,0,5,37,6,46
23,25,0,0,0,39,0,0,4,9,31,0,13,8,18,13,0,0,0,0,3,13,0,0,23,53,0,34,27,6,6,0
36,31,17,0,0,13,12,21,10,0,0,0,23,0,0,0,32,4,15,12,14,1,0,10,14,7,26,0,30,24,16,0
25,21,57,0,0,48,2,36,17,0,41,0,4,9,10,0,0,0,9,0,0,0,48,22,20,36,5,22,29,0,10,0
0,17,0,0,0,29,0,0,25,0,0,16,0,0,0,0,0,16,0,1,0,0,0,26,9,0,0,0,2,0,0,13
0,0,0,7,45,7,28,0,18,0,39,12,0,0,0,1,15,2,7,9,3,0,36,0,0,0,0,20,0,0,8,0
0,14,24,0,40,24,193,197,192,0,0,0,16,21,24,0,17,20,0,0,0,14,8,2,38,0,19,0,1,0,0,37
0,0,0,0,0,0,214,195,206,0,7,46,0,0,0,17,17,0,0,0,0,21,0,1,8,0,54,1,34,0,16,10
0,0,28,0,5,36,183,196,254,0,25,0,0,8,0,0,1,3,0,9,1,0,0,7,0,0,0,0,0,3,11,8
0,0,0,13,0,26,0,224,3,0,0,7,8,0,16,1,34,24,0,4,0,1,0,0,12,0,0,23,0,3,48,0
0,0,0,22,0,6,1,2,0,0,27,14,0,0,5,3,0,19,26,0,19,6,36,0,3,4,0,35,0,0,0,0
7,1,17,10,17,51,31,0,16,5,3,0,36,0,1,12,0,0,5,0,0,38,6,0,7,0,0,0,38,21,0,26
0,0,15,3,28,0,21,0,24,12,13,0,9,0,0,0,0,11,0,0,30,0,36,10,20,0,7,12,6,0,0,0
66,7,0,0,8,0,0,46,22,0,0,30,16,0,7,0,17,0,8,0,36,0,0,15,42,22,9,0,18,0,15,4
0,0,0,0,0,18,0,0,0,15,29,116,48,0,0,22,0,0,17,13,0,0,0,1,4,3,0,17,0,0,28,32
0,0,0,36,0,0,0,0,31,13,236,132,35,0,18,19,11,0,0,0,0,12,14,1,0,0,37,0,16,13,0,11
5,0,8,0,0,0,0,2,0,27,18,97,0,8,23,11,6,4,0,9,1,0,8,13,16,23,12,11,1,5,0,0
80,0,172,248,22,0,0,8,29,0,0,0,0,31,22,8,6,19,0,0,0,18,31,0,15,0,39,42,0,11,0,11
53,4,133,45,0,20,18,14,30,21,24,0,0,0,5,0,48,21,27,16,4,0,0,0,4,0,0,9,24,13,1,0
0,0,26,49,0,0,22,33,34,0,0,41,0,0,15,7,8,17,85,10,12,0,49,0,0,8,7,0,0,24,0,0
66,9,6,0,0,4,0,0,0,0,4,0,9,48,13,0,0,196,193,102,0,0,0,16,0,23,6,35,0,22,0,0
42,0,0,0,0,6,25,14,16,0,16,19,0,0,18,0,0,167,193,0,5,0,0,0,0,5,0,0,0,3,11,3
0,0,3,14,9,6,20,23,30,0,19,19,35,23,23,0,0,0,0,0,14,1,0,0,0,4,32,0,32,0,0,8
67,24,15,0,16,0,7,0,17,0,4,20,0,3,0,0,0,21,45,2,4,14,0,21,3,4,0,0,0,19,0,30
0,0,0,12,0,0,21,0,6,0,9,21,0,0,0,13,0,4,13,6,11,6,30,0,0,4,35,5,0,0,0,3
79,7,12,30,9,0,9,3,1,0,0,30,0,2,1,0,0,9,0,12,0,0,0,0,16,0,0,6,12,0,0,7
11,2,6,0,0,0,4,8,11,0,0,15,0,36,0,23,16,0,0,17,17,5,24,6,0,0,0,0,22,0,7,0
0,21,0,26,0,0,0,28,24,0,24,26,20,0,0,12,3,0,0,0,0,11,13,0,8,19,29,14,8,0,5,0
82,0,16,18,0,0,17,13,42,4,0,0,0,0,0,6,0,2,12,1,174,213,117,0,3,13,0,14,0,0,0,48
33,10,0,0,0,0,6,8,0,3,8,0,18,16,17,22,0,16,16,0,63,196,74,0,0,8,4,4,0,0,12,52
2,0,25,21,39,0,0,0,0,13,24,0,0,0,0,38,3,0,5,13,17,0,34,0,0,8,0,0,3,6,21,28
27,0,0,5,45,10,0,0,0,30,0,0,9,0,0,0,0,0,15,44,5,0,16,20,9,0,0,0,1,26,0,4
57,21,42,0,49,33,16,0,0,8,8,0,0,0,20,0,31,29,33,0,12,0,0,14,0,0,0,8,0,26,20,0
39,7,0,0,0,16,0,47,21,0,0,11,0,0,14,0,0,8,0,25,23,0,0,16,24,0,14,6,10,0,7,2
21,7,6,0,8,10,7,0,44,0,0,16,0,0,0,4,0,16,0,0,3,17,0,8,0,0,42,2,8,4,12,0
20,0,0,0,27,10,2,0,23,19,0,0,26,3,0,0,14,0,0,13,0,0,3,2,7,2,0,15,0,0,10,14
10,0,3,19,0,0,0,7,0,26,0,6,16,9,20,0,25,3,0,0,0,5,0,0,0,16,0,38,24,0,17,25
0,7,17,0,28,0,5,197,19,0,2,0,0,4,18,6,0,2,8,0,0,0,0,2,19,0,0,0,0,21,0,23
0,0,0,63,44,0,31,189,89,0,0,62,1,0,0,0,41,40,0,49,30,0,11,0,4,0,6,0,8,6,5,13
0,15,0,4,0,0,0,187,164,6,0,0,29,0,0,0,38,3,0,7,0,0,3,0,18,40,0,0,0,12,0,7
2,0,0,11,25,21,0,6,0,20,0,7,0,5,0,2,0,0,0,9,6,0,23,12,0,18,0,0,0,4,0,26
0,0,0,3,0,2,7,0,22,0,2,13,7,0,3,0,8,10,0,0,0,0,3,11,0,9,0,0,0,0,9,20
0,2,28,0,0,0,11,5,0,30,0,0,0,0,4,0,0,0,0,0,0,2,10,1,0,13,0,26,0,0,0,0
0,1,0,5,0,0,0,30,0,0,0,0,0,0,8,0,26,23,2,25,16,11,0,12,0,8,0,0,4,4,16,4
32,3,0,4,13,10,0,5,0,0,42,28,34,0,11,17,10,0,3,0,0,10,0,19,13,0,5,11,7,0,1,28
0,0,36,2,17,0,6,16,8,6,0,0,0,0,16,29,24,0,0,0,0,0,0,5,13,10,15,10,0,16,0,39
13,0,21,0,1,0,27,13,7,1,14,0,0,0,0,0,24,0,9,2,0,12,0,5,33,0,4,0,9,0,0,0
26,5,0,0,0,0,0,1,11,1,75,204,26,0,0,12,13,0,31,17,0,13,18,0,2,16,0,0,0,5,0,0
11,25,0,27,0,0,20,0,0,13,3,50,0,0,3,0,0,0,28,0,0,0,10,0,20,0,0,0,12,0,0,22
55,13,235,104,0,6,0,0,0,16,4,18,4,18,0,9,35,22,14,7,11,0,0,4,0,0,0,4,6,36,13,28
6,24,59,0,0,0,0,0,0,0,3,10,7,0,0,0,0,12,0,0,2,0,0,3,0,0,9,0,31,6,10,0
0,17,19,19,0,13,13,10,0,0,4,0,11,41,0,11,0,5,49,0,2,0,18,0,0,4,0,10,6,1,0,2
0,0,16,0,7,2,26,0,0,0,0,39,0,26,0,0,0,10,20,23,4,0,20,2,0,0,8,0,0,5,0,0
0,11,3,0,22,11,0,0,0,13,17,0,14,10,0,1,0,0,0,2,0,0,26,6,21,7,29,0,0,0,4,35
0,0,0,0,22,0,0,10,0,0,0,7,0,6,0,0,0,7,0,0,3,26,14,19,0,0,0,42,0,0,0,32
24,0,0,9,23,7,21,26,0,8,0,0,11,3,3,12,0,11,13,11,6,0,0,0,0,0,2,2,0,0,5,0
0,0,0,0,9,0,20,0,17,0,0,28,0,20,0,0,20,0,4,0,10,6,0,0,5,0,6,0,0,0,29,0
0,0,0,1,0,24,0,0,30,2,0,0,3,8,4,0,0,0,12,4,1,17,0,0,0,0,0,0,0,6,0,18
24,12,0,0,0,5,42,29,15,5,0,0,13,4,0,22,0,8,1,0,0,4,38,0,14,13,0,2,2,0,14,13
0,0,16,11,1,12,17,4,0,0,0,0,0,0,0,2,4,12,10,0,0,41,14,7,0,3,0,0,13,1,7,3
0,0,16,15,0,0,8,0,0,0,36,25,0,16,36,0,12,7,1,14,18,73,1,3,2,6,28,0,0,0,3,0
33,12,0,0,17,7,0,11,0,0,18,57,0,6,24,44,7,0,0,2,24,0,4,4,6,0,0,0,0,0,0,17
13,13,1,0,13,21,11,0,0,0,8,9,4,0,0,0,0,5,2,0,0,9,0,3,9,0,0,0,6,0,11,0
0,0,3,0,0,6,2,7,6,17,29,0,3,0,3,0,0,0,0,0,3,7,0,0,0,0,0,0,1,0,8,10
0,0,7,6,0,0,1,23,0,0,27,0,0,6,4,4,0,5,10,1,0,4,18,3,0,0,4,17,1,5,1,0
42,12,0,0,17,4,0,0,4,0,0,0,6,21,0,0,2,6,0,0,9,0,0,8,1,1,0,11,0,6,9,10
0,0,0,0,0,0,0,0,0,0,58,0,0,16,0,0,0,0,8,0,0,0,3,0,0,0,17,9,3,0,20,0
0,0,0,0,35,0,12,0,0,0,31,0,13,0,0,2,0,0,4,0,2,0,0,10,5,0,0,0,0,8,6,4
0,0,0,3,0,0,8,5,0,11,5,0,0,0,6,9,0,0,7,0,0,0,5,0,5,18,0,0,7,0,0,0
4,2,0,0,7,0,0,3,0,0,0,0,19,0,0,33,20,0,0,0,0,17,0,2,0,0,8,15,14,0,17,28
0,0,0,16,0,7,0,20,0,1,10,0,12,5,7,1,0,0,0,0,0,14,25,0,15,9,9,10,0,0,0,0
4,0,0,0,0,8,6,46,7,0,8,16,0,1,0,0,0,0,4,4,5,0,1,0,15,13,18,4,2,0,2,0
2,4,10,13,0,0,0,1,18,0,0,9,0,0,0,9,0,0,0,0,0,0,0,10,5,0,0,7,19,0,0,8
0,1,0,1,13,0,6,5,10,17,0,0,2,0,0,8,0,12,11,2,0,0,0,9,0,0,0,0,0,6,0,0
0,0,2,11,0,0,1,0,0,0,0,20,2,3,3,1,0,0,0,0,0,8,0,0,4,0,0,4,15,0,0,0
7,0,10,1,0,0,0,14,0,0,2,0,0,9,3,0,4,0,0,0,10,0,0,7,4,4,2,0,0,0,0,12
8,7,3,0,1,0,0,1,9,4,0,0,9,0,0,1,0,6,0,7,6,5,8,3,0,0,0,0,0,0,0,8
25,5,0,3,2,0,0,0,3,0,16,0,0,1,0,0,0,0,0,0,0,0,0,0,0,0,0,11,2,0,14,0
2,0,3,11,18,0,6,0,0,0,3,0,1,5,0,8,4,0,5,0,0,8,0,4,0,10,0,0,0,0,0,16
0,5,19,0,0,8,6,4,0,4,1,5,0,0,14,1,0,0,0,6,2,11,0,0,10,0,0,19,8,0,7,0
0,0,0,11,7,0,3,8,1,0,34,5,4,2,0,23,0,0,0,0,0,4,0,0,8,12,0,0,0,1,0,7
1,13,0,0,6,2,9,13,10,0,48,18,0,18,7,0,4,0,0,1,0,0,25,6,10,7,11,0,10,0,0,7
0,0,8,17,6,11,7,6,0,0,14,0,0,24,0,6,10,0,0,11,0,6,3,1,3,11,2,35,12,0,0,1
3,0,0,0,0,0,0,0,0,0,1,16,27,25,4,0,6,14,0,0,0,17,0,18,0,0,11,41,0,0,0,0
0,0,44,29,0,0,0,0,0,26,0,41,3,0,24,30,0,18,0,0,0,29,0,0,0,2,0,12,4,3,2,0
5,37,0,2,2,13,0,0,11,13,21,0,48,0,0,34,0,12,11,0,6,0,0,0,0,17,0,0,3,10,0,10
0,0,0,0,28,0,0,0,37,0,0,0,0,0,0,54,16,0,0,18,4,0,12,0,0,1,11,9,0,7,1,17
0,1,40,0,14,21,0,0,20,0,21,0,5,5,6,0,0,19,28,6,0,0,0,11,0,7,18,2,0,9,14,0
0,0,0,0,8,7,16,0,0,25,0,11,0,0,0,0,7,0,4,0,0,0,0,0,0,12,0,4,0,18,14,0
0,4,0,0,12,0,18,15,59,0,9,13,13,5,0,17,0,13,8,0,47,0,31,16,15,0,21,8,20,0,0,0
0,9,0,0,0,17,36,3,0,26,36,0,0,21,0,0,0,9,0,2,27,0,6,0,0,24,0,0,0,0,0,88
0,7,5,0,16,0,3,0,0,11,0,0,2,5,13,0,23,0,38,0,18,195,251,0,20,0,0,0,0,5,0,74
0,14,9,42,0,0,0,11,0,13,0,0,0,32,23,0,9,0,11,64,192,197,147,0,0,0,29,8,37,12,0,0
44,8,7,14,0,25,3,16,19,0,14,0,9,0,5,0,17,8,0,5,40,35,7,0,0,15,5,36,2,7,10,0
17,0,0,7,43,6,9,0,7,15,22,0,29,0,13,0,0,0,0,6,25,11,0,0,0,30,48,0,0,29,16,14
23,0,0,12,0,38,0,0,0,0,4,19,0,7,0,67,0,11,2,8,0,22,5,0,9,17,0,20,30,0,0,0
53,0,0,0,75,0,7,0,0,8,17,0,0,48,0,0,23,21,0,8,53,3,74,11,1,0,0,35,11,3,0,0
61,1,7,2,49,14,0,14,0,0,0,7,25,21,5,34,0,0,6,5,0,1,0,0,0,21,0,23,0,18,0,0
6,0,0,17,0,14,0,3,4,0,0,0,0,0,0,0,13,15,0,9,22,0,0,0,0,0,0,0,8,9,15,0
0,0,18,17,0,0,0,0,21,0,28,9,17,0,6,55,8,0,26,0,0,6,9,0,0,0,0,15,0,0,23,4
40,0,9,0,1,0,0,7,7,0,19,26,25,0,0,12,2,1,0,0,0,0,0,0,0,4,50,13,1,0,9,0
0,0,0,1,0,0,3,139,104,10,0,0,0,3,0,4,0,0,0,0,11,0,33,0,28,15,0,0,0,0,0,0
9,14,8,0,0,0,30,121,48,12,0,0,0,0,16,0,0,0,0,0,9,7,0,0,8,0,26,7,1,28,24,8
0,62,0,0,0,34,0,193,118,7,0,14,0,0,11,18,0,0,2,0,35,11,4,2,11,0,6,6,11,18,0,0
0,0,34,13,0,0,20,23,92,13,13,0,16,24,17,25,0,0,2,12,0,0,0,5,21,0,0,0,35,19,10,17
0,0,37,1,32,0,0,0,0,0,0,0,0,14,0,0,12,28,1,0,18,30,10,0,0,0,0,0,39,0,7,0
0,14,0,0,1,3,0,27,0,1,33,0,0,4,0,0,15,11,0,0,0,5,0,0,22,9,23,0,37,1,0,0
0,0,23,31,0,0,0,0,0,0,0,7,0,15,0,0,17,16,0,0,0,0,2,9,0,0,0,0,14,2,0,0
13,0,30,0,0,0,7,0,0,0,0,18,6,10,13,51,20,15,0,1,19,0,23,4,30,6,8,0,30,0,12,33
