0,0,0,6,6,9,4,3,3,0,0,0,0,0,10,0,10,6,0,1,0,0,0,8,0,4,2,0,0,1,0,18
3,1,0,4,0,0,1,0,0,5,0,7,11,0,0,0,0,6,0,0,5,5,0,4,1,10,0,0,0,9,13,12
0,2,8,0,0,0,0,9,10,3,0,3,0,0,0,0,7,3,0,2,11,12,14,0,0,12,0,0,1,0,7,18
23,0,5,7,3,0,0,13,3,0,6,5,1,1,0,4,10,0,0,0,0,0,0,5,5,6,13,0,5,1,8,0
0,0,0,5,0,0,3,0,0,0,0,9,9,1,0,3,8,0,0,0,6,2,0,0,0,2,0,6,0,0,2,0
0,0,0,0,0,2,5,4,0,2,0,4,0,0,0,0,11,4,0,0,1,0,0,6,0,3,0,0,0,0,13,11
2,7,2,2,0,0,14,13,0,0,0,17,0,0,0,9,0,4,4,2,0,0,2,0,0,7,0,0,1,0,0,0
34,0,4,4,1,0,2,0,0,0,0,2,0,5,27,17,0,0,0,0,2,0,2,0,2,1,5,0,15,0,2,5
0,1,0,2,0,0,0,0,2,3,1,3,0,0,9,0,0,0,4,0,0,0,0,3,15,0,6,0,0,2,0,14
0,3,0,6,0,0,0,0,0,3,8,2,0,2,0,4,0,0,10,0,0,5,1,0,0,0,0,9,1,1,0,3
0,0,2,0,9,1,1,0,1,1,0,6,2,3,1,0,9,0,0,0,10,15,2,2,0,6,14,12,0,2,1,0
3,16,4,0,7,16,2,1,3,0,11,1,0,6,0,0,5,2,0,12,0,0,0,2,0,5,0,0,0,0,0,0
0,0,5,2,0,4,0,10,0,0,0,0,0,0,0,3,0,0,3,0,6,4,2,0,0,0,0,3,1,0,0,19
7,1,0,0,14,0,0,1,0,0,0,0,0,0,3,0,0,0,0,0,0,5,3,4,0,117,15,4,0,7,0,0
0,7,0,0,6,0,3,3,0,0,0,0,10,4,1,4,0,0,2,4,0,0,7,0,2,0,0,1,0,2,0,0
15,0,3,6,8,0,0,0,0,5,0,0,0,0,8,6,0,0,4,0,0,0,1,0,0,3,1,0,3,0,0,4
2,2,0,10,0,0,0,4,4,3,0,0,0,2,0,0,0,0,7,0,0,0,0,0,0,4,4,3,0,3,6,0
7,0,10,0,0,10,8,0,0,0,0,3,0,7,1,1,0,0,0,0,0,0,0,0,3,5,0,0,0,0,0,0
11,0,0,0,0,0,1,0,0,0,3,10,0,2,1,5,0,2,1,0,4,0,0,9,120,66,0,1,0,0,0,0
0,0,16,11,0,0,0,8,39,1,0,0,3,12,0,0,0,4,0,8,1,0,1,2,0,0,0,0,0,14,4,1
0,10,0,0,0,0,0,0,13,3,0,7,0,0,7,0,2,5,6,4,1,0,2,3,0,2,9,2,12,0,7,10
0,0,16,14,0,0,2,1,2,0,0,0,1,0,2,9,3,2,0,0,0,0,3,0,1,4,0,0,2,0,2,0
0,0,0,2,0,2,0,0,0,3,0,2,8,7,7,6,0,0,0,0,0,0,0,1,0,4,0,0,0,0,0,20
0,13,0,0,0,17,7,0,0,2,1,0,0,0,0,3,5,14,7,0,13,2,5,1,0,0,22,0,0,0,13,23
16,0,10,5,6,0,0,0,1,0,0,5,0,1,5,0,1,0,3,0,7,0,5,5,0,8,0,8,0,4,0,0
0,8,8,5,20,2,2,0,0,0,0,0,16,0,4,0,3,0,0,1,0,0,0,0,14,0,0,6,0,0,2,0
0,0,0,16,0,0,0,0,0,0,0,0,0,6,0,0,4,4,3,0,0,0,0,0,0,0,0,2,3,2,0,8
0,0,0,4,0,2,0,0,5,0,0,0,0,10,0,0,0,16,0,0,0,0,4,0,0,0,6,4,0,2,1,7
0,0,2,2,16,6,0,0,7,3,0,0,10,2,0,5,6,0,0,0,0,0,0,1,3,0,10,2,10,0,0,0
3,9,3,0,0,3,0,6,13,0,0,0,15,0,0,1,0,1,0,0,1,1,9,2,0,0,6,0,0,6,7,3
3,0,0,1,2,8,0,1,0,0,0,0,3,0,9,0,0,0,5,4,0,3,9,0,0,0,2,0,0,8,0,0
0,13,7,0,0,4,0,2,0,0,8,16,7,17,0,0,0,14,0,0,7,0,0,2,6,0,0,7,0,0,0,0
0,10,14,10,0,0,0,0,1,0,0,3,0,0,8,15,0,0,10,0,1,4,8,0,0,2,0,0,3,4,0,12
0,8,3,10,2,6,0,0,1,0,0,1,0,7,1,0,0,6,3,0,3,2,0,0,0,0,15,0,3,4,0,7
2,0,0,0,3,0,0,0,3,0,7,2,0,0,0,5,0,0,0,0,3,8,0,0,2,2,0,7,0,0,4,8
0,3,9,0,0,0,2,0,0,0,0,0,9,0,0,0,6,2,3,0,0,7,0,2,0,5,0,0,8,2,0,9
5,1,0,0,0,0,0,0,5,0,4,0,0,17,1,0,0,0,0,2,7,0,0,0,0,4,0,3,1,0,2,6
0,4,16,0,7,12,2,0,5,2,9,0,0,0,3,8,2,0,5,6,0,9,0,4,2,2,1,0,7,0,5,10
0,0,0,0,0,1,0,3,0,0,4,4,7,11,0,4,0,0,0,2,0,0,0,0,1,0,0,3,0,5,7,12
10,4,1,2,0,5,0,0,0,6,5,5,0,0,0,0,0,0,8,0,0,0,6,0,0,2,5,3,0,0,0,0
1,9,0,0,4,8,0,3,0,1,0,0,3,10,9,0,6,7,0,5,6,0,0,1,0,0,0,0,2,2,0,0
0,0,1,13,0,0,0,3,0,6,15,2,0,0,5,0,5,0,4,0,1,7,0,4,0,0,8,0,0,9,0,15
0,0,0,1,0,6,1,0,0,2,10,2,3,1,4,0,4,4,6,0,0,0,0,0,0,9,0,0,0,4,0,18
0,1,22,0,0,0,0,0,4,1,0,0,0,0,4,0,0,1,0,0,0,0,10,1,0,2,3,0,3,0,0,0
0,9,1,13,1,0,5,0,1,0,0,0,0,0,4,0,0,1,0,36,5,0,0,2,0,0,0,0,0,0,2,5
1,13,0,0,0,6,4,1,0,0,3,1,0,0,0,0,4,0,0,12,6,0,1,0,0,5,0,0,0,3,0,21
0,5,0,0,0,6,0,0,0,0,11,0,6,0,11,0,0,1,0,3,0,0,1,0,2,0,0,3,7,1,2,0
0,2,0,5,1,0,2,2,0,0,0,12,8,0,0,0,4,0,0,2,4,2,2,2,0,0,4,7,5,0,0,0
0,0,0,12,0,12,0,4,0,2,17,0,0,1,0,0,1,0,0,0,0,0,0,0,0,1,3,0,0,0,0,0
10,4,5,0,0,11,10,0,1,0,13,1,0,10,1,0,0,2,0,0,9,1,8,0,0,0,0,6,0,6,0,0
0,0,0,0,5,0,6,0,7,0,5,8,6,0,4,7,3,0,0,5,4,13,9,1,4,0,6,0,0,0,0,0
0,3,0,0,1,0,0,0,0,0,0,0,0,4,0,3,0,0,0,0,0,4,4,0,4,8,13,0,0,0,0,4
0,3,1,9,0,3,0,5,0,0,0,0,5,0,5,0,0,3,0,5,3,7,0,0,0,1,0,4,0,2,0,0
4,3,0,0,1,0,1,4,5,8,0,0,4,9,0,0,0,0,3,0,0,2,0,2,0,2,1,4,0,0,9,0
2,0,0,0,0,6,0,8,0,0,0,5,0,0,10,0,6,3,0,0,0,0,0,0,0,0,0,0,0,1,0,8
0,0,1,0,4,0,0,1,2,1,1,0,5,0,0,0,0,1,0,3,2,0,0,0,0,0,4,0,8,1,0,25
6,0,0,2,3,0,0,0,0,0,5,0,0,4,0,2,0,0,3,3,0,2,7,1,0,1,0,2,4,0,4,20
3,0,0,2,0,0,2,13,3,0,0,4,4,0,10,0,1,6,0,10,0,0,0,0,0,6,6,4,0,10,0,19
11,30,0,0,0,0,0,2,5,0,5,4,7,0,5,0,0,1,7,0,8,10,0,3,0,4,7,0,0,0,0,0
6,3,2,13,0,0,2,1,6,0,10,11,2,3,0,0,2,1,2,2,3,0,5,0,0,5,7,0,3,2,0,5
0,1,4,2,0,0,0,4,0,0,0,0,2,0,2,0,0,0,0,1,0,13,0,0,0,0,0,0,0,0,0,9
10,0,3,12,0,0,0,13,1,1,0,0,7,0,8,1,0,0,0,5,0,0,0,3,9,1,5,0,0,9,0,0
6,18,0,0,13,0,0,10,0,0,0,0,8,8,3,0,5,0,0,12,0,0,4,1,0,6,11,1,0,13,0,0
0,8,0,0,0,0,1,11,0,3,0,7,0,0,0,0,0,0,2,0,4,5,0,0,0,0,3,0,4,0,0,0
0,0,0,0,3,0,7,9,3,12,0,0,0,14,1,0,15,3,3,0,0,31,0,0,0,0,0,0,0,0,0,0
0,0,0,0,0,0,0,1,11,10,0,15,0,10,2,9,18,0,0,2,0,0,11,4,0,4,0,0,0,29,0,13
0,0,0,0,7,15,20,27,0,0,29,19,0,0,14,0,0,15,0,9,106,0,28,55,26,0,2,31,10,0,0,12
5,0,0,0,17,2,15,51,0,0,0,101,121,10,7,0,13,0,3,172,17,87,0,0,0,13,5,10,0,3,0,34
5,13,16,7,36,5,11,2,10,8,7,111,250,10,0,0,0,4,8,207,171,0,12,22,1,0,17,3,2,0,5,0
0,0,0,4,43,0,10,0,0,4,0,119,91,0,6,0,21,0,10,0,24,0,0,0,5,0,2,6,0,22,8,8
0,0,8,32,17,19,0,20,0,7,27,0,64,13,35,7,0,9,14,1,40,36,10,11,0,0,17,0,0,0,5,9
0,16,3,0,0,32,0,0,24,20,16,0,0,0,13,2,0,28,14,0,17,19,16,0,6,0,198,134,6,0,7,0
0,0,0,0,19,2,0,0,0,14,12,0,0,20,0,0,0,3,0,0,1,29,23,0,18,10,45,214,0,0,0,4
0,25,0,56,0,13,9,25,9,23,2,24,0,17,3,0,0,7,0,14,0,12,38,7,11,0,119,160,12,14,0,31
1,0,0,17,12,1,0,14,0,21,32,50,0,0,0,24,32,0,0,0,33,5,10,4,23,0,8,0,0,0,10,11
0,17,0,0,38,0,22,0,0,0,32,37,0,2,0,0,0,0,0,2,26,0,4,0,7,11,0,0,21,0,38,46
14,0,7,0,7,0,22,40,0,0,15,0,41,4,20,22,3,0,0,51,0,12,10,0,5,0,11,17,1,25,0,16
2,0,0,5,27,0,0,48,0,1,0,0,0,11,0,0,0,0,25,11,0,0,16,15,0,0,0,24,36,14,41,38
11,29,7,18,3,0,31,10,0,0,0,0,31,0,0,5,0,0,0,0,2,0,9,6,37,14,9,122,23,0,0,0
11,0,0,30,0,13,0,0,0,16,0,0,20,42,0,20,29,0,0,0,34,13,0,0,37,0,51,196,38,7,0,0
34,3,4,0,0,11,1,12,0,0,0,0,12,8,0,0,24,6,6,0,5,0,0,0,2,2,41,215,37,0,10,23
0,0,0,3,0,44,18,0,0,20,28,0,0,0,0,59,7,5,26,0,0,0,9,3,0,8,0,0,21,0,0,13
6,0,0,0,0,2,21,0,3,8,0,20,0,0,0,0,0,0,7,0,16,0,6,0,7,0,7,8,22,10,14,0
5,0,0,0,11,7,14,34,2,3,0,25,0,0,0,0,11,27,0,0,18,0,12,16,19,5,1,5,26,34,5,6
88,35,174,51,0,25,0,18,32,20,43,19,43,4,11,0,12,0,0,39,0,0,0,0,8,19,27,0,13,2,0,0
193,196,238,60,9,0,13,0,0,3,0,7,8,0,0,34,0,0,7,1,0,0,0,0,1,0,0,0,11,0,0,32
7,187,188,26,13,8,0,23,9,0,18,0,0,0,0,19,1,0,0,6,26,19,11,0,22,2,14,7,20,0,1,9
0,6,24,0,0,25,21,10,0,0,4,0,0,39,0,3,0,0,16,37,0,0,0,0,0,13,0,17,0,0,26,0
12,0,0,0,0,0,0,0,41,29,32,0,27,0,0,0,4,14,0,0,34,0,45,46,0,18,0,11,0,0,0,0
0,10,1,21,1,25,0,13,0,0,11,45,0,0,0,35,4,19,0,0,38,2,44,6,0,0,10,0,0,16,6,16
0,18,0,0,4,4,0,0,0,22,0,0,0,46,0,0,0,0,18,18,0,0,0,0,0,0,24,0,0,9,0,35
3,5,8,21,33,11,4,4,33,0,1,1,11,0,0,0,23,0,49,24,17,0,38,0,15,4,7,3,16,23,0,54
0,0,4,11,0,0,0,10,0,2,5,1,21,48,0,0,0,0,0,40,0,0,5,3,29,0,11,0,0,26,0,0
0,0,0,0,70,0,3,10,28,0,6,27,0,15,0,0,0,0,0,0,8,0,0,7,28,6,17,17,14,1,1,7
2,0,15,0,0,12,0,21,32,13,0,0,0,0,0,3,0,0,6,0,0,0,22,0,0,0,0,0,10,9,0,0
0,2,8,23,6,0,17,0,8,16,0,0,21,2,1,0,3,15,31,1,0,13,9,0,0,56,0,60,11,3,4,0
0,6,14,0,35,58,14,0,17,0,0,4,4,0,0,0,0,9,0,0,0,0,2,0,0,0,23,0,22,0,1,0
0,0,0,28,0,0,17,0,7,13,27,0,0,25,2,0,0,26,0,21,24,0,0,23,16,0,0,29,0,0,0,0
0,0,10,0,25,6,0,0,0,0,10,14,0,0,18,24,0,0,0,16,0,0,0,0,9,0,29,7,12,0,0,0
0,0,0,0,0,19,7,20,1,13,0,8,35,11,29,0,0,0,19,113,26,9,0,28,1,13,0,0,0,0,0,0
34,0,0,0,0,0,5,0,0,0,47,210,64,0,0,16,36,27,13,195,209,12,0,6,0,7,3,0,15,6,0,0
7,3,14,5,26,0,0,0,0,0,193,195,176,2,4,25,2,0,47,196,99,16,14,3,0,0,8,38,33,5,0,0
5,0,2,0,0,13,0,0,16,14,243,195,23,32,1,2,28,0,59,23,4,0,35,0,28,0,0,0,0,0,0,8
0,0,26,29,0,37,0,0,0,0,24,107,3,38,12,0,0,0,3,0,9,32,0,7,0,0,0,0,9,5,7,18
0,0,0,0,20,13,9,7,0,16,0,4,9,0,0,0,6,0,0,0,19,17,0,0,0,88,196,0,12,10,0,14
0,0,0,19,16,11,9,13,0,8,1,0,8,0,4,23,0,0,0,0,11,16,24,0,23,156,202,32,0,0,18,8
10,0,15,0,12,19,28,0,22,0,0,0,0,0,8,0,22,24,4,0,8,0,0,5,8,197,19,23,0,8,0,0
0,8,0,11,14,15,0,16,1,0,3,0,0,3,0,0,0,16,0,0,22,0,0,16,0,36,23,0,8,0,0,0
0,16,10,34,0,0,0,27,12,0,15,18,0,23,0,0,9,0,18,0,32,8,25,18,3,0,22,0,0,4,0,10
5,3,0,0,5,0,0,0,0,5,0,0,0,12,0,1,43,29,28,0,0,21,10,18,0,0,0,18,0,0,8,30
40,4,34,0,0,39,34,19,0,0,0,31,10,0,11,25,13,17,11,0,29,5,10,4,7,2,0,0,0,12,4,19
6,0,0,0,0,0,0,21,4,16,4,6,21,0,19,3,34,0,0,7,0,0,0,10,0,224,66,0,0,0,0,4
37,3,0,0,0,0,21,40,0,0,17,2,5,0,9,0,0,2,0,6,0,0,0,0,0,188,222,0,0,0,14,3
0,8,0,0,0,0,0,0,11,15,12,13,21,14,0,0,0,0,9,18,0,0,0,0,0,82,0,10,0,21,4,0
0,0,16,0,63,2,23,9,0,0,0,16,18,0,26,0,58,0,3,11,28,0,0,0,31,33,10,0,2,5,16,0
16,0,10,16,0,0,30,8,22,0,4,0,38,0,30,0,0,2,18,14,20,0,9,0,0,1,6,0,0,0,4,0
40,188,75,185,87,32,20,0,0,3,0,21,0,0,0,0,0,0,0,11,21,0,62,34,8,12,13,14,11,17,28,16
9,196,191,189,0,0,25,18,42,1,24,0,0,0,2,33,0,0,0,32,0,4,57,0,26,0,0,0,0,0,0,9
3,0,16,42,40,0,12,0,0,0,48,0,8,13,0,0,0,4,8,18,8,0,0,24,35,4,0,0,14,0,8,0
10,0,0,0,0,24,24,0,0,0,0,0,0,1,0,8,4,9,29,0,0,25,0,0,4,0,0,9,0,0,10,0
0,9,0,34,31,17,26,22,0,0,0,34,21,20,5,0,8,0,0,16,0,6,41,0,12,0,12,31,17,0,0,0
0,0,0,0,0,0,7,25,0,8,12,0,28,0,4,0,18,51,16,12,0,17,3,0,0,51,0,0,11,12,0,0
0,14,10,9,28,0,0,0,0,0,0,0,0,18,3,0,0,0,20,0,0,0,55,0,11,11,0,27,21,0,10,0
0,0,13,0,0,18,17,48,0,8,37,0,0,4,0,16,0,6,10,0,0,0,0,23,0,0,5,5,0,2,6,0
0,0,18,4,0,12,31,0,0,23,0,0,41,0,0,1,11,8,23,0,13,0,0,0,0,0,46,0,26,0,2,0
3,10,10,42,11,0,18,45,0,0,0,0,0,15,7,30,0,5,16,0,10,0,0,4,2,0,0,7,13,16,0,12
0,0,5,0,19,0,0,16,0,0,0,13,0,0,0,0,0,3,41,0,12,5,0,0,0,0,0,0,5,0,12,0
0,0,0,7,0,10,0,0,13,0,4,0,18,0,2,0,0,0,0,0,11,0,0,0,7,0,0,3,0,3,0,16
31,0,35,6,7,0,0,10,0,4,0,0,0,9,0,6,0,0,0,1,0,0,0,0,7,11,15,15,0,0,0,7
0,0,4,8,11,20,0,19,1,0,29,15,12,0,0,16,13,3,0,5,3,0,1,0,7,4,0,12,0,29,3,0
0,0,9,0,2,1,13,32,0,4,0,0,5,14,14,0,16,0,15,28,19,0,7,17,14,0,0,0,0,13,2,0
0,17,0,0,0,4,0,26,27,0,9,12,6,0,0,0,6,8,0,0,0,0,0,8,0,3,49,16,0,0,0,21
0,19,0,0,6,31,2,0,0,5,0,0,0,4,0,0,0,10,0,13,12,16,0,0,0,5,16,0,16,0,16,0
0,0,0,0,1,5,7,22,0,8,0,0,0,31,10,0,20,187,140,0,0,0,0,0,0,18,2,0,0,15,0,0
8,2,0,0,9,0,0,0,0,0,5,16,0,3,24,0,4,201,209,8,0,4,27,0,0,0,0,17,0,4,6,0
0,0,0,2,22,0,0,0,0,0,245,45,0,29,0,0,2,21,23,16,7,0,10,44,0,0,28,0,0,32,0,13
12,1,0,0,0,9,0,0,21,0,182,96,0,0,0,0,0,0,2,15,5,0,13,0,0,7,0,14,0,8,0,0
0,0,0,2,2,0,0,0,0,0,19,0,26,5,8,0,2,25,0,0,0,0,0,0,221,156,0,21,13,0,0,14
0,6,0,0,10,28,0,0,0,0,5,0,0,0,1,5,9,9,0,16,7,0,0,17,0,19,0,0,0,19,0,3
0,0,0,0,0,19,0,17,32,0,28,24,0,31,0,0,23,0,14,0,9,0,0,8,0,5,2,24,0,0,0,0
0,0,2,16,0,0,20,24,13,0,33,12,13,9,0,3,4,0,34,10,5,23,32,11,0,0,0,0,0,3,17,0
0,0,0,2,33,0,0,0,4,23,0,8,14,12,0,0,19,0,0,6,3,2,0,25,0,0,0,0,11,0,0,0
0,5,0,7,0,3,1,0,0,0,0,9,0,0,8,9,10,14,7,0,0,7,25,0,0,11,22,10,26,0,13,34
0,0,0,2,0,4,0,12,19,1,0,0,0,2,2,0,5,10,0,0,0,0,10,0,0,1,0,0,0,4,0,0
10,0,21,0,0,16,8,0,39,1,0,0,2,4,2,0,0,10,0,0,4,0,14,122,27,0,3,0,0,0,0,5
11,0,0,1,0,11,1,5,5,0,0,16,0,0,0,0,2,0,0,2,0,0,0,100,0,0,26,6,0,5,0,0
0,0,0,9,32,86,14,33,0,6,0,0,0,4,0,2,15,9,0,0,0,5,12,2,0,11,7,0,0,15,16,0
89,2,0,0,165,190,12,9,0,5,0,0,29,1,0,0,7,5,7,8,18,4,0,0,0,0,8,6,19,11,3,24
0,0,0,2,3,0,10,37,13,31,7,0,0,13,0,0,0,4,0,16,0,0,6,3,14,0,0,20,0,7,0,0
0,2,0,7,0,0,0,0,0,7,4,0,8,0,19,0,3,8,0,0,0,0,3,0,14,0,16,4,17,8,0,12
0,17,7,22,2,21,0,0,0,5,0,6,0,0,2,0,13,3,0,6,0,3,0,0,0,5,0,35,3,0,0,9
7,10,9,10,13,0,0,0,6,1,0,5,0,7,0,9,3,0,0,2,22,0,0,10,10,0,0,0,8,8,10,14
2,9,34,4,1,0,23,5,0,0,0,25,0,0,0,11,24,0,17,0,21,0,21,7,5,16,0,0,0,0,13,17
21,0,0,9,11,0,5,6,10,0,8,0,0,16,0,0,0,17,9,0,0,6,5,25,4,0,0,0,0,0,2,9
0,0,1,0,32,0,22,0,0,0,0,0,1,0,0,7,8,0,32,23,2,2,0,0,0,7,0,1,0,0,17,2
4,3,0,23,15,10,1,5,0,9,0,13,25,1,19,0,13,0,0,13,0,0,6,5,0,0,0,0,0,0,12,0
7,0,11,0,0,5,9,0,0,0,0,28,6,0,15,0,28,0,12,11,0,5,5,0,3,8,23,0,14,0,12,0
15,10,0,4,0,0,2,15,0,0,0,9,0,0,0,0,2,0,0,0,11,7,6,20,0,5,0,0,2,7,10,8
0,0,0,6,0,17,0,32,6,0,8,0,12,0,0,0,0,1,0,6,0,0,0,5,0,6,0,5,6,0,0,0
0,0,24,2,5,0,9,3,0,0,0,0,0,6,15,0,0,0,0,9,0,0,0,3,0,0,6,0,27,12,0,0
0,0,44,16,20,0,26,0,2,5,0,16,0,27,5,19,0,7,0,0,30,0,0,0,0,7,8,8,7,14,8,0
0,0,23,0,0,21,0,0,0,0,0,8,0,17,0,0,0,0,0,19,8,16,7,0,0,19,6,0,0,18,0,7
0,4,10,0,0,26,31,0,26,8,11,0,0,6,0,0,7,9,2,0,3,0,0,2,0,7,0,0,18,0,5,0
0,0,29,0,0,0,2,16,12,2,22,0,2,0,0,7,4,0,0,3,0,4,0,0,29,2,27,8,0,4,0,1
0,18,0,0,0,1,0,0,0,7,33,8,11,5,0,3,0,14,0,0,2,0,13,8,0,0,0,7,2,0,0,16
42,16,0,18,14,0,0,0,0,10,0,0,141,124,0,0,5,0,17,20,12,0,8,0,0,5,10,0,0,10,5,0
0,18,15,1,0,0,0,2,2,17,34,9,50,8,0,0,0,0,0,8,11,0,4,3,0,8,0,0,8,0,2,0
12,6,9,1,7,12,0,0,0,0,0,0,6,5,0,0,0,5,0,0,4,23,27,7,0,6,0,2,14,0,3,0
0,0,41,0,0,4,16,38,13,0,0,4,0,0,5,0,0,0,11,0,0,0,0,14,10,16,1,0,0,0,8,24
0,0,0,5,2,15,0,0,0,8,0,22,0,20,6,0,0,0,0,0,1,4,2,0,3,4,16,0,20,4,12,11
0,11,6,26,0,0,0,4,0,23,0,0,0,25,0,11,0,0,0,8,0,0,0,11,7,0,0,0,0,8,0,0
0,0,0,0,0,7,0,17,9,0,10,12,14,14,0,27,0,7,18,0,9,0,0,0,3,2,0,0,0,0,0,8
2,0,0,0,41,8,0,19,0,2,26,0,29,0,3,0,0,11,0,11,0,10,0,0,0,1,4,1,4,4,0,0
0,9,17,13,0,0,0,11,11,0,8,12,0,0,4,6,0,0,1,3,6,0,0,0,0,0,0,0,14,2,0,8
17,8,15,0,21,3,0,1,0,8,0,3,26,18,20,18,9,0,13,7,2,0,0,0,1,16,1,0,10,0,0,0
19,0,7,6,0,0,0,0,8,3,0,0,6,9,0,0,1,0,0,16,3,5,5,5,0,14,18,0,18,0,0,5
0,11,27,0,20,0,15,4,0,0,20,25,9,3,1,0,6,6,0,0,10,1,14,27,18,0,0,9,113,227,14,0
0,1,6,27,13,0,14,0,0,5,0,20,53,0,16,0,0,0,0,0,0,25,0,0,16,0,13,2,230,52,0,13
0,0,0,0,0,0,18,11,9,0,0,0,0,12,0,0,0,0,4,4,5,0,0,7,0,23,9,4,23,5,17,0
0,0,0,17,0,14,11,39,0,6,0,22,0,4,0,0,0,0,0,19,0,9,0,27,0,4,0,5,0,6,0,0
0,9,161,33,20,5,9,42,13,13,1,0,26,16,28,5,1,0,7,0,0,0,11,26,0,0,0,0,0,4,0,10
0,13,196,198,41,3,1,16,1,0,0,0,0,30,0,0,0,0,0,33,3,0,0,0,0,0,1,23,0,0,0,0
0,227,197,98,110,0,0,46,22,0,55,27,0,0,0,8,7,0,17,16,18,0,2,0,0,5,0,0,0,0,8,0
17,5,0,0,0,0,3,0,11,9,4,0,0,12,0,6,0,0,1,0,6,0,8,0,12,0,0,19,0,0,0,3
7,32,31,0,0,0,0,0,0,0,0,0,0,20,0,22,16,0,0,7,0,12,9,0,0,0,0,0,12,0,0,28
40,6,17,45,0,0,0,5,0,17,0,5,2,0,0,0,1,0,0,0,0,27,0,0,0,13,0,0,0,0,11,18
0,0,20,17,1,5,10,38,23,21,0,0,7,10,27,34,23,0,0,25,0,6,0,0,0,9,0,0,4,32,6,39
0,5,13,3,16,24,24,0,0,6,8,0,0,15,9,0,18,0,13,0,0,0,0,26,0,0,2,28,12,11,31,18
23,0,16,2,6,0,0,63,0,23,39,28,0,0,31,0,24,0,0,34,17,18,26,0,3,0,34,17,0,4,0,0
0,10,20,4,17,0,0,0,47,0,0,0,0,0,0,11,0,25,0,0,0,11,0,13,0,0,0,0,13,6,0,50
0,5,0,9,11,0,0,0,0,18,0,0,11,0,21,10,22,17,0,0,19,0,47,8,27,0,0,0,0,0,0,0
0,0,0,0,12,0,0,14,0,0,0,18,8,0,20,0,6,24,0,0,0,0,0,6,13,0,19,0,18,19,12,15
12,20,0,0,0,13,0,0,27,19,4,0,70,8,0,5,0,7,10,0,11,14,0,0,18,0,0,0,0,12,1,9
0,1,30,23,4,14,0,9,24,0,0,16,0,16,0,0,0,1,19,0,9,13,41,16,18,9,9,0,14,10,0,0
18,0,0,20,21,17,36,0,0,3,10,0,0,20,4,11,14,0,6,0,0,9,0,0,39,29,20,0,0,0,7,31
3,0,0,0,0,46,14,0,0,6,0,0,26,0,0,25,0,8,37,0,0,0,0,14,0,0,0,0,0,0,0,11
17,13,0,0,23,0,24,11,10,6,19,0,9,16,2,0,19,0,0,0,123,122,11,0,5,0,0,1,21,0,14,0
0,12,2,0,9,3,0,0,0,0,0,78,196,48,5,41,0,0,0,50,197,56,0,9,4,9,8,0,0,12,0,0
0,11,11,0,0,9,0,9,28,0,0,67,197,26,0,0,21,23,13,0,195,29,16,14,5,1,0,0,0,9,0,0
0,16,10,20,20,26,11,3,32,0,16,57,200,73,0,46,0,0,0,1,6,0,0,4,9,23,0,0,6,15,0,4
89,5,30,14,0,1,0,0,4,14,44,0,22,0,19,16,17,2,1,9,0,0,0,0,28,16,25,0,14,0,9,20
0,0,11,6,14,0,7,5,6,0,2,0,0,0,0,0,0,0,0,1,0,20,9,0,0,22,168,193,0,0,27,0
0,1,0,0,0,0,0,7,0,16,26,2,0,25,12,16,0,5,21,0,1,0,2,2,8,23,176,222,0,0,0,14
2,0,0,2,2,0,0,1,0,0,0,0,4,12,0,1,13,6,0,3,0,15,0,0,6,4,0,0,17,0,11,0
10,0,0,0,0,3,23,0,2,10,0,2,0,3,13,0,11,0,2,30,0,0,0,0,0,22,0,4,5,2,3,13
0,0,7,0,5,0,0,0,16,7,17,0,16,0,19,5,36,0,2,32,0,0,0,0,0,0,0,7,0,10,3,0
2,0,27,0,0,26,0,0,1,0,19,0,0,8,8,0,16,9,0,25,0,0,25,11,5,0,0,6,31,13,0,3
0,0,0,5,21,0,0,19,33,23,0,14,34,0,0,0,0,0,13,0,0,18,34,0,12,3,22,0,12,7,0,12
16,8,68,5,0,17,15,0,22,28,7,2,0,0,0,9,9,23,0,0,0,0,0,5,9,0,25,16,9,4,0,32
21,8,0,0,34,0,0,19,0,0,0,0,0,0,11,0,0,0,0,6,23,10,0,0,0,55,186,91,1,12,0,26
0,16,41,11,0,0,3,0,11,9,22,0,0,3,29,0,0,11,8,9,0,0,0,12,9,5,69,25,0,0,0,0
20,0,31,0,0,0,44,33,0,0,0,0,0,0,21,0,26,7,0,0,4,1,1,10,0,0,31,5,5,20,0,2
14,17,66,238,8,27,25,0,29,0,0,2,23,9,0,0,0,45,5,0,0,0,14,0,27,31,0,44,0,0,0,0
0,6,197,193,137,0,0,11,0,0,0,0,0,11,0,5,0,0,8,10,0,7,0,0,0,16,0,0,1,20,8,23
37,10,18,0,4,0,0,5,0,17,0,12,0,2,0,16,0,0,0,0,36,5,0,0,0,11,0,0,0,0,16,19
0,0,0,0,10,0,0,0,29,0,5,35,36,0,0,0,0,0,0,19,0,17,0,4,0,4,21,0,11,3,0,0
0,12,0,0,0,7,0,0,10,0,0,9,23,0,8,0,0,19,0,16,0,0,11,0,0,1,0,0,0,5,7,0
0,17,0,1,0,10,0,4,0,0,0,0,0,0,28,0,0,24,0,0,0,0,0,20,0,0,0,0,0,0,1,0
4,2,2,0,20,0,11,3,0,0,0,0,0,0,8,37,0,1,13,0,0,0,6,0,5,0,0,3,0,33,3,0
0,15,11,16,1,0,2,0,0,6,43,27,0,8,12,41,0,10,0,0,6,26,1,0,0,0,17,0,31,0,19,0
26,0,22,0,0,3,0,0,0,29,39,0,35,0,3,8,0,16,0,13,1,8,0,0,3,0,0,11,0,17,0,0
5,5,0,4,1,21,3,0,3,18,0,0,0,3,0,6,14,0,9,7,7,0,0,0,0,0,19,1,0,0,0,8
14,0,0,1,0,0,8,5,11,0,48,10,3,0,13,12,1,0,14,0,0,10,15,0,0,3,8,5,0,0,0,0
0,0,27,0,13,0,22,0,3,19,6,0,0,4,3,7,10,0,0,0,12,14,0,0,16,0,34,11,3,0,1,7
0,2,0,0,28,1,6,8,29,3,0,0,1,4,5,0,0,0,0,0,1,0,0,0,0,0,0,9,4,14,0,18
0,0,7,13,11,0,10,0,19,3,0,0,5,1,1,24,0,3,2,3,8,3,7,2,0,2,0,0,0,7,0,0
0,0,0,0,0,0,0,0,3,7,13,0,6,0,0,5,0,6,0,0,20,1,4,2,3,6,0,13,0,0,11,0
2,0,0,0,0,3,0,0,11,1,7,0,0,0,2,0,4,0,0,0,0,0,0,0,2,0,5,0,0,0,0,0
0,0,3,0,9,19,16,18,0,0,0,0,0,6,0,0,8,0,6,1,0,0,3,0,0,12,5,0,2,0,0,6
8,0,0,0,0,1,10,0,0,13,0,8,0,7,0,0,0,6,0,23,29,0,0,0,4,8,0,0,0,0,0,3
0,2,2,0,2,0,0,14,12,0,0,1,0,12,5,12,22,0,13,43,0,8,0,2,6,11,0,0,9,0,13,4
0,0,0,0,0,0,4,7,0,0,0,0,6,13,0,3,0,0,0,6,0,0,0,5,0,3,0,3,0,0,0,0
18,0,0,0,16,9,0,7,5,0,0,0,11,0,4,2,0,0,8,0,0,0,0,9,0,0,0,0,0,14,0,6
0,2,0,5,3,1,0,4,0,6,14,4,0,0,0,1,0,3,1,2,0,0,0,0,0,9,0,0,0,0,0,0
0,0,12,4,0,0,9,14,9,5,0,6,0,0,0,0,1,0,16,3,0,3,9,0,0,8,0,7,6,0,0,16
0,0,4,0,0,3,7,0,7,5,10,0,8,4,5,0,0,3,0,0,0,3,0,4,0,0,0,2,6,0,0,2
3,3,0,0,0,8,1,0,3,0,9,0,0,0,0,1,11,6,0,0,0,0,0,0,1,0,0,0,7,0,6,0
0,0,1,0,3,2,4,18,4,0,11,0,0,0,2,0,0,0,0,1,0,3,0,4,0,0,8,0,0,0,1,0
8,16,0,0,0,5,0,0,2,0,0,0,0,0,5,16,5,0,4,0,13,7,0,0,0,7,0,5,1,0,21,0
0,0,10,0,0,0,2,5,0,0,7,0,1,13,0,0,0,0,0,2,0,0,0,0,0,0,7,0,9,4,0,11
0,6,0,0,0,0,0,14,3,0,0,4,4,10,6,0,3,0,2,0,0,0,6,5,7,0,0,3,8,0,0,0
9,2,5,2,5,2,0,0,6,9,0,8,7,0,0,2,2,0,0,0,0,0,0,0,0,8,10,7,0,7,0,2
0,2,0,8,0,1,0,2,0,0,7,0,0,0,0,0,0,4,0,2,1,1,0,2,3,5,15,6,0,3,0,0
0,4,0,0,0,0,0,0,5,0,0,0,14,8,2,0,5,0,0,0,1,1,1,8,0,7,6,0,0,3,0,2
1,0,9,14,0,0,6,8,0,0,0,0,0,2,0,4,0,0,1,3,0,7,5,6,2,15,4,0,4,5,0,8
74,0,42,5,0,16,4,15,1,10,18,4,0,0,0,10,4,0,3,0,6,0,1,2,0,2,5,2,5,8,2,0
65,2,26,2,0,0,0,4,3,4,4,0,13,7,0,1,6,1,0,0,10,1,3,0,0,0,5,1,0,0,0,0
14,5,0,1,0,0,9,0,0,1,0,4,0,3,0,0,0,0,0,0,0,0,4,0,0,4,0,0,11,1,4,0
0,7,0,0,0,4,4,0,0,0,0,3,2,0,0,10,1,1,0,0,4,0,0,5,0,2,8,9,2,0,13,0
0,2,0,0,0,0,0,0,0,0,0,2,0,0,0,7,9,0,0,0,0,6,0,0,0,0,0,0,0,11,4,0
0,6,0,2,0,2,0,0,0,6,0,12,0,7,0,0,2,0,7,2,7,0,5,11,4,7,0,0,5,5,10,0
0,0,0,4,6,2,0,16,0,0,0,0,1,0,0,0,0,0,0,8,0,0,8,0,2,5,0,2,5,0,9,0
0,0,2,0,8,11,5,0,3,1,0,12,0,0,0,0,4,3,4,1,0,0,1,0,0,9,0,0,0,0,0,18
6,2,14,0,10,6,0,0,4,13,0,2,0,11,0,0,0,6,7,9,0,0,3,0,0,0,0,2,7,2,0,10
10,0,7,2,9,2,4,0,3,5,0,1,6,0,2,0,0,0,6,0,0,0,0,0,0,2,1,0,1,0,4,0
0,0,12,0,3,13,11,0,16,0,3,0,0,0,0,16,5,0,3,0,3,10,0,0,0,0,0,0,7,0,13,0
0,0,47,18,0,4,10,3,0,0,4,22,0,0,2,66,9,8,0,0,16,4,0,0,18,0,24,1,29,20,0,28
0,0,0,13,31,0,14,28,3,0,0,26,0,0,0,0,5,5,0,12,0,0,0,1,0,0,0,0,0,12,9,0
0,0,0,0,1,8,14,11,0,12,3,25,0,0,5,0,0,0,0,23,6,0,0,13,6,7,0,0,2,0,11,10
0,22,11,10,0,17,4,0,0,23,3,5,237,11,3,0,0,14,6,0,55,151,20,8,0,5,0,0,2,8,8,0
0,0,9,52,23,0,12,35,0,3,10,132,193,120,21,18,19,0,12,0,186,142,0,0,0,53,0,0,0,0,0,0
0,0,36,10,44,0,27,0,0,34,1,32,145,2,11,16,14,7,0,0,71,0,0,0,0,0,25,0,0,11,0,0
0,19,3,0,17,30,17,0,0,0,0,2,0,0,17,0,25,0,0,0,0,0,0,0,0,4,0,0,39,0,24,0
7,0,15,0,0,9,0,5,0,5,13,8,17,0,7,0,0,5,1,0,36,2,9,11,0,0,11,135,11,0,18,0
0,10,0,29,22,0,10,26,0,0,0,1,0,0,23,12,31,18,0,0,23,0,0,0,0,82,57,12,0,0,33,0
9,3,5,1,0,0,9,20,0,0,0,13,0,0,0,14,0,0,9,4,26,0,29,0,0,16,150,60,12,15,6,26
0,8,16,0,4,0,0,0,0,0,0,34,0,6,0,41,9,14,0,0,4,0,45,14,0,16,0,0,0,0,0,0
28,0,31,6,21,17,16,0,2,0,0,0,39,13,0,40,24,5,0,8,19,2,3,6,0,5,40,0,2,0,7,0
0,3,21,0,16,8,0,30,0,0,6,9,0,36,0,0,0,4,3,0,0,0,0,10,4,0,26,5,0,0,6,12
0,0,0,0,0,21,22,0,26,9,0,14,22,19,0,0,0,22,0,14,0,0,23,0,0,0,0,0,0,5,20,26
11,13,16,13,0,2,0,36,33,0,0,24,0,0,26,0,0,5,57,0,3,3,0,0,0,0,0,38,0,13,0,38
9,6,18,0,0,18,19,0,3,0,8,13,9,0,0,0,14,9,0,0,0,0,0,0,5,0,36,39,9,0,1,12
36,0,0,0,30,19,3,0,4,0,9,0,20,16,42,0,7,0,5,25,0,29,17,0,0,11,188,159,0,1,43,11
0,0,0,21,13,0,10,0,0,0,0,1,0,0,0,33,8,10,0,11,0,11,0,3,0,15,180,35,0,0,9,0
0,0,7,9,0,0,9,26,1,0,2,0,2,6,2,2,0,2,0,1,9,41,0,10,0,0,0,2,10,2,0,5
0,10,0,0,0,41,4,0,4,23,3,2,71,0,29,53,0,0,0,0,8,0,0,42,19,10,0,0,5,14,0,19
0,68,7,144,0,44,0,0,30,4,0,3,0,0,14,0,0,12,0,40,0,6,10,0,0,0,0,0,0,16,0,0
16,195,197,191,8,0,13,27,16,16,0,2,29,7,0,5,25,0,0,0,0,31,0,0,39,0,6,3,13,0,0,1
0,190,196,199,0,3,0,43,0,27,9,0,0,28,0,0,0,0,0,19,0,5,38,0,5,16,0,0,9,9,0,0
12,0,0,0,0,0,0,0,5,0,0,8,0,0,5,6,0,0,0,33,0,0,4,0,14,9,0,20,0,8,16,0
13,0,0,15,35,0,0,9,9,0,13,9,11,0,2,50,0,0,20,7,0,18,0,15,13,9,0,0,12,13,0,0
23,24,20,0,4,5,23,0,34,10,0,0,22,0,19,0,0,10,22,3,25,1,10,0,0,2,14,0,0,14,0,0
18,0,23,20,7,0,0,41,3,0,21,0,0,0,1,0,3,9,20,5,21,1,0,0,0,0,2,5,0,0,18,17
0,0,0,0,32,0,12,0,31,0,1,42,1,26,0,22,7,23,0,8,0,20,0,0,22,0,15,1,0,0,0,5
37,38,0,0,4,0,18,64,0,0,10,22,22,16,0,0,0,4,0,13,0,0,0,31,0,1,0,0,22,0,0,0
1,0,8,0,22,24,13,0,41,0,19,13,0,0,0,43,0,33,0,0,0,10,0,6,2,0,9,0,0,0,23,10
0,18,0,0,5,0,0,16,29,0,38,0,0,0,0,8,0,0,0,0,0,0,4,0,0,18,0,30,12,11,0,12
7,8,24,12,0,16,0,0,0,0,0,8,0,21,18,0,0,0,0,0,0,0,0,17,0,0,24,31,11,6,0,0
84,16,56,0,7,8,9,8,0,35,2,24,0,10,0,18,0,27,0,9,13,9,0,18,0,0,10,0,0,15,0,0
0,0,19,16,8,37,21,0,0,0,8,0,41,0,8,11,0,0,0,0,0,2,0,22,0,14,0,11,23,13,0,0
12,15,0,0,0,17,0,0,18,9,0,6,0,17,0,0,1,0,11,0,19,0,9,7,26,8,7,23,4,4,0,0
0,0,0,0,0,0,7,4,0,9,0,23,2,0,0,16,3,0,5,0,0,28,15,10,0,24,18,0,0,0,1,0
0,0,0,22,0,27,0,24,0,0,0,84,9,0,0,0,7,10,7,190,193,21,0,32,0,0,2,7,13,0,9,8
0,4,0,9,3,8,0,0,11,0,17,195,220,0,2,16,6,1,0,57,204,1,22,0,0,6,0,5,0,0,0,23
0,26,0,0,0,0,28,26,46,0,68,151,74,0,0,0,0,18,8,0,0,6,0,0,0,0,0,6,0,0,5,11
0,0,17,13,0,0,0,6,0,0,16,0,10,0,0,0,1,2,0,0,0,0,6,0,8,0,35,0,17,2,0,12
69,0,0,7,0,0,25,2,0,16,28,18,9,6,3,0,10,0,21,16,15,0,1,0,24,153,30,0,4,17,0,18
9,0,2,0,18,0,7,0,5,0,0,31,0,0,6,0,0,0,8,12,8,0,0,0,89,197,22,0,15,0,0,10
0,21,0,0,0,45,1,0,0,5,21,7,22,0,0,22,1,23,9,0,0,6,21,13,8,0,0,17,30,11,16,43
3,0,0,17,0,0,0,0,16,0,22,0,0,3,0,13,0,11,0,11,0,3,0,0,3,0,1,0,0,0,0,0
4,1,16,13,4,0,0,5,12,0,0,8,0,48,0,0,0,0,1,0,0,10,0,0,19,0,10,22,19,0,0,15
0,7,17,0,0,0,5,0,8,4,8,4,15,14,2,0,0,19,3,2,0,0,0,8,0,0,0,1,0,6,0,11
0,5,8,0,0,32,26,0,22,20,5,0,0,19,12,0,6,0,7,24,4,16,36,13,0,0,0,0,0,3,0,17
5,0,6,10,0,0,0,0,0,6,0,0,0,6,0,0,0,7,18,9,0,14,0,0,0,0,0,3,16,2,0,0
0,6,14,0,0,0,0,0,4,31,0,0,4,0,2,0,0,2,4,3,11,0,1,0,0,0,2,4,0,0,11,24
0,0,0,0,8,8,0,4,24,16,0,0,0,26,0,5,48,0,0,3,0,8,9,130,76,3,0,0,5,0,0,23
19,0,21,22,19,5,19,10,37,0,0,0,6,0,8,0,14,0,0,25,0,0,0,2,1,14,16,0,11,16,0,0
0,0,32,191,94,0,0,5,0,0,0,0,8,0,12,0,0,0,0,0,0,20,0,1,0,0,0,8,0,0,0,11
47,52,29,194,127,0,0,10,0,0,0,4,8,8,15,26,0,0,0,1,0,0,0,0,0,10,35,0,0,15,12,0
0,3,12,0,0,9,0,31,0,2,22,0,0,0,0,1,14,0,0,0,0,0,10,25,0,0,8,0,5,0,14,0
0,10,31,1,0,0,0,18,0,0,11,2,11,0,16,0,30,19,0,0,0,6,0,0,0,10,2,2,11,0,0,14
0,15,16,4,0,0,6,7,20,0,0,29,0,0,0,0,1,0,12,1,7,8,2,0,0,0,6,5,12,0,20,0
0,0,2,0,0,0,15,0,0,0,5,0,0,0,0,0,0,23,6,20,0,13,13,12,0,0,0,0,3,24,3,0
30,0,0,18,0,6,4,5,12,0,4,1,0,0,12,49,1,0,0,0,0,5,1,0,11,14,0,0,0,4,0,18
0,7,0,0,0,0,6,13,22,0,5,0,17,0,0,0,0,0,0,0,10,0,0,0,10,0,6,0,0,0,1,23
0,7,14,0,0,0,0,16,0,0,0,0,0,0,0,0,9,0,25,5,0,32,5,0,10,0,25,5,21,0,0,0
21,5,4,0,0,2,0,4,3,4,0,13,0,0,3,0,8,5,20,2,0,0,0,0,0,5,0,19,2,0,0,0
4,0,0,0,0,0,21,0,0,3,3,0,0,2,0,3,6,0,0,13,0,5,34,9,0,1,0,6,0,0,9,0
0,0,0,0,0,0,0,0,16,2,0,0,0,20,0,4,7,0,6,18,0,0,27,2,4,20,16,0,0,34,0,0
0,16,16,0,15,22,8,0,6,0,14,0,18,10,0,0,0,4,8,2,8,0,0,4,0,6,9,1,0,11,11,14
0,0,0,0,0,9,18,12,5,0,4,20,3,1,17,16,2,0,4,0,0,5,0,7,10,0,0,13,0,15,4,46
0,0,1,0,0,0,31,13,9,0,0,1,6,8,17,2,0,8,0,0,0,4,31,6,4,19,19,0,6,0,0,12
0,8,21,0,2,0,0,0,19,0,13,0,0,7,0,3,0,4,0,0,0,0,18,8,6,5,4,0,0,2,0,4
12,0,5,23,20,8,0,8,0,0,0,2,0,0,0,0,0,0,1,0,2,0,0,7,2,1,0,0,4,8,14,0
0,0,4,0,3,8,0,0,3,0,0,16,0,0,9,12,2,5,0,5,16,6,11,0,3,9,7,5,7,3,0,14
23,0,3,0,0,2,2,3,0,2,14,2,0,0,3,0,4,0,7,2,48,0,14,0,3,0,13,1,0,6,10,0
20,0,0,0,2,8,0,0,11,9,11,3,0,0,0,5,1,8,13,1,8,0,0,4,0,0,0,4,0,0,23,0
17,0,0,0,0,0,1,0,14,0,8,0,0,24,0,0,0,5,0,5,0,0,0,0,3,1,0,0,0,4,5,2
0,4,0,6,9,0,8,2,7,0,0,0,5,0,0,5,1,0,2,3,0,0,0,7,3,0,16,9,13,0,11,0
0,0,0,0,0,0,0,0,0,4,6,0,5,0,8,0,0,14,0,0,0,0,0,0,7,16,1,0,0,0,6,22
0,0,0,9,0,0,7,7,5,10,0,0,0,4,0,4,0,0,1,0,0,4,2,2,0,1,6,0,0,1,0,0
5,0,10,2,0,6,0,0,0,2,0,0,0,8,1,1,6,0,4,0,0,0,12,7,0,0,0,6,4,0,0,3
10,0,0,17,0,0,5,7,0,0,1,0,2,0,0,14,7,4,0,0,0,5,0,2,0,6,9,4,11,2,0,0
0,1,0,0,0,0,14,9,0,2,0,1,12,5,9,7,4,4,10,5,0,2,0,0,16,7,18,0,0,0,0,4
0,0,18,0,0,9,0,0,4,1,4,10,0,0,0,0,0,8,2,5,8,9,0,0,5,0,7,13,2,8,0,7
6,0,0,11,14,0,14,0,0,0,3,4,0,0,1,17,0,4,6,6,11,10,0,0,0,7,0,0,13,0,9,0
0,2,19,26,7,4,10,0,21,7,0,0,0,9,7,0,9,2,12,9,0,0,19,1,0,0,3,5,0,0,0,25
13,16,0,21,1,0,0,0,0,9,15,0,0,11,12,0,6,0,0,11,3,0,0,0,37,0,0,0,4,14,4,1
15,7,36,41,0,14,0,1,8,0,10,0,13,8,9,0,0,0,0,9,2,0,2,0,0,0,0,0,0,0,9,12
0,1,0,0,3,0,0,0,0,0,0,6,0,0,8,0,7,22,1,0,0,1,9,0,0,0,2,0,1,0,0,0
8,23,129,186,0,16,11,0,0,0,2,3,9,2,0,0,0,0,1,0,6,17,5,0,5,6,18,10,9,0,1,0
33,32,190,138,10,0,0,0,0,5,0,0,12,25,10,0,4,9,0,0,4,0,0,13,0,0,21,11,9,0,14,3
0,23,24,0,0,1,0,0,0,0,10,0,0,12,0,0,0,23,0,8,10,2,3,0,0,0,0,19,13,1,15,0
13,0,9,0,0,0,7,16,10,0,0,0,17,9,0,0,0,0,0,0,0,0,12,0,9,0,6,18,7,0,0,11
0,2,18,0,12,25,16,0,11,25,0,16,0,0,0,0,0,0,16,0,0,6,2,13,0,0,16,0,0,1,0,13
7,0,0,0,0,22,0,19,0,0,25,0,0,0,0,0,5,1,0,0,0,0,7,0,0,2,0,0,0,0,0,3
11,0,0,0,0,0,13,17,2,11,0,18,9,1,18,0,0,0,0,6,0,4,0,0,0,6,0,0,4,29,0,21
8,0,0,0,10,0,13,0,0,5,7,19,5,0,0,0,0,0,2,2,7,5,4,0,0,14,0,0,0,17,0,1
0,8,20,0,15,8,1,0,0,2,25,19,0,2,0,11,0,0,0,11,0,20,0,2,0,0,0,0,31,5,7,34
0,6,0,44,0,0,0,0,0,12,0,0,0,0,0,15,4,0,23,11,0,11,0,0,4,11,0,8,10,0,0,5
0,2,54,19,16,0,20,10,0,0,0,10,0,0,3,9,14,0,0,0,0,10,0,3,0,16,28,0,0,0,12,0
0,6,10,0,0,0,0,0,0,27,4,0,0,19,0,0,27,10,21,0,7,0,0,5,0,0,7,20,20,19,22,0
0,0,7,0,0,9,12,0,25,0,13,24,25,16,26,1,8,13,0,24,16,14,0,13,1,2,33,0,43,0,11,0
39,0,8,0,0,0,0,21,0,40,52,19,0,0,0,0,0,0,12,0,0,1,43,14,0,0,0,0,0,0,0,0
13,14,0,0,26,28,1,0,18,9,26,0,3,34,11,0,0,0,17,20,0,164,24,8,0,0,0,14,2,7,42,0
0,2,0,7,2,7,0,0,0,22,28,0,189,195,7,14,0,5,0,3,82,71,11,0,15,2,6,0,31,5,15,13
0,6,13,0,37,9,10,0,19,7,6,0,147,188,6,0,0,0,0,0,0,153,0,0,0,0,0,42,4,0,11,3
0,11,0,10,0,0,0,0,12,6,0,20,49,0,13,14,16,0,16,10,31,0,3,12,4,5,0,0,27,18,29,0
9,0,0,0,0,0,0,10,0,27,38,0,0,0,0,12,15,0,0,6,4,0,0,0,16,29,0,0,0,0,4,2
26,0,0,13,46,0,0,14,0,0,0,77,0,0,44,21,22,0,0,0,24,0,0,0,0,0,0,102,24,0,3,0
0,0,24,0,0,10,6,0,18,10,0,0,0,4,15,0,0,0,19,0,0,0,0,0,0,0,8,197,188,0,1,0
1,30,3,20,12,0,9,0,26,14,8,10,0,16,2,0,32,15,0,0,15,30,34,19,10,6,0,30,0,0,46,7
0,0,0,0,10,0,0,0,0,27,0,0,17,5,0,0,15,0,0,10,0,0,0,8,19,0,28,0,4,0,21,0
0,2,13,0,8,0,0,30,0,0,0,11,38,42,3,38,0,1,8,34,0,0,0,19,0,17,61,0,0,0,7,0
0,0,13,0,50,0,0,10,0,0,0,0,0,0,8,31,31,0,33,11,3,16,4,0,0,6,29,12,0,9,0,0
0,10,0,6,9,18,20,0,0,0,1,18,0,18,0,5,0,0,0,0,0,8,11,0,0,0,0,0,0,0,0,0
12,0,0,0,0,29,10,0,0,5,0,0,4,0,0,0,0,5,24,4,6,13,0,9,2,0,2,0,0,5,0,0
0,0,11,23,1,0,18,5,31,0,19,7,0,14,21,4,0,4,0,2,11,1,14,0,0,0,232,75,31,0,5,39
0,19,0,0,0,31,7,14,4,16,16,0,0,0,0,1,0,10,27,0,3,10,11,0,0,0,197,121,0,0,0,0
21,27,3,16,0,0,3,0,0,0,0,16,0,3,0,0,13,21,7,0,0,0,4,17,44,0,52,0,0,0,0,0
12,4,24,0,21,0,0,0,0,0,6,21,0,8,0,0,0,14,10,0,11,0,0,2,8,0,8,17,3,0,4,9
13,19,147,209,122,37,6,0,0,8,11,0,0,15,0,16,4,1,11,29,0,60,0,16,0,0,10,28,0,3,0,5
0,4,197,198,190,0,9,0,38,0,0,0,10,34,29,0,0,0,0,0,23,12,0,0,22,12,0,9,7,0,7,0
0,0,196,197,177,0,16,37,27,0,16,12,42,37,35,15,0,0,22,31,9,0,0,23,0,0,0,36,15,0,0,0
39,0,0,16,0,0,37,16,0,0,0,14,0,15,0,0,2,0,0,0,34,23,0,0,6,1,0,18,3,0,14,0
3,7,28,7,0,0,0,30,4,0,0,0,0,39,23,0,1,0,8,21,8,0,28,6,31,6,0,0,2,0,8,6
13,0,30,0,21,0,25,46,0,0,0,20,3,0,0,0,7,0,2,26,9,0,21,0,5,5,18,14,0,0,0,27
0,0,0,2,0,0,0,0,0,0,0,0,16,0,0,12,11,1,0,0,0,21,1,20,0,28,19,0,5,0,6,34
0,0,16,0,2,5,1,0,0,12,0,21,0,0,0,12,0,0,5,2,0,1,20,3,0,15,7,0,0,19,29,0
0,0,0,34,24,11,0,3,9,0,0,26,0,14,0,0,0,0,0,17,6,7,0,0,20,22,0,0,7,0,0,13
0,37,0,0,0,15,9,0,1,0,0,0,7,12,0,0,0,5,8,20,34,0,0,0,0,0,5,0,0,29,36,0
1,28,12,14,18,63,0,0,30,0,4,0,15,0,19,0,15,0,12,0,0,0,3,0,0,7,0,0,0,0,2,0
27,0,0,0,0,0,18,0,0,0,0,26,8,2,0,0,32,2,0,1,0,0,1,0,28,0,4,23,0,0,0,10
23,57,28,0,0,0,8,0,9,8,10,20,20,3,0,11,0,18,0,14,0,11,0,0,4,0,0,0,14,0,1,31
76,0,3,23,1,0,0,0,22,1,13,20,21,0,20,8,0,0,0,0,2,3,0,5,3,8,0,9,4,0,9,13
0,6,0,7,0,14,10,0,28,0,0,0,0,17,15,0,0,15,1,0,22,0,0,1,2,0,2,11,0,12,1,0
0,0,0,0,0,0,0,0,0,0,0,0,6,20,13,0,0,0,0,16,0,18,35,6,0,0,20,19,13,14,0,0
0,1,49,1,19,5,3,2,1,9,0,27,7,0,0,19,22,0,16,13,11,27,22,0,0,2,0,0,7,0,19,36
29,0,7,0,0,0,11,20,3,11,6,50,52,0,6,28,0,0,6,197,10,0,6,6,0,0,0,0,0,13,12,0
55,0,0,7,4,2,0,0,6,0,0,133,199,31,9,0,0,15,0,197,176,2,0,0,10,5,4,16,10,21,0,28
42,0,0,0,0,29,0,0,29,14,60,198,187,12,10,0,13,28,0,27,18,0,0,5,20,20,37,0,3,5,0,0
30,0,6,2,0,26,0,0,0,0,0,41,54,26,0,0,0,14,0,10,0,0,2,6,0,31,0,19,0,0,3,31
0,0,10,28,0,0,7,0,18,8,0,0,2,0,5,6,23,8,24,16,12,0,0,19,33,116,65,14,0,1,23,13
0,19,8,30,0,0,6,9,0,0,0,18,0,0,2,3,0,0,0,0,19,0,0,0,206,195,2,0,0,13,0,0
32,30,0,5,9,0,8,0,28,15,0,22,0,9,1,4,23,6,0,0,0,3,17,2,1,0,10,0,13,0,3,8
0,14,10,0,5,23,0,0,0,5,4,19,0,0,5,7,0,0,0,0,0,0,7,0,3,18,13,0,14,7,4,12
45,7,0,7,0,28,0,0,0,2,11,0,0,11,0,1,0,12,64,23,0,45,7,0,3,0,0,0,0,0,0,10
13,0,8,0,0,0,0,15,0,9,0,1,0,0,0,2,0,27,7,0,0,0,7,5,3,0,0,0,0,13,21,0
0,0,0,0,0,6,25,0,0,16,39,0,0,9,0,0,29,11,7,16,15,13,12,0,0,0,0,18,5,2,0,10
56,0,0,11,0,0,0,7,0,19,2,13,0,0,6,0,23,0,27,9,10,1,13,0,5,5,0,0,0,2,0,0
0,0,0,8,0,0,0,25,0,0,6,0,3,0,0,5,13,0,0,3,14,0,0,0,12,3,0,0,0,8,0,6
68,0,0,4,5,10,0,0,0,6,0,21,17,0,0,0,0,2,0,18,0,16,174,0,84,4,31,6,14,0,0,7
20,17,22,120,115,21,0,6,0,4,14,13,0,0,0,0,0,6,19,0,17,0,111,8,0,0,0,11,0,0,8,0
26,0,0,72,189,0,0,0,0,0,0,10,0,4,25,24,0,9,0,0,0,0,39,0,15,4,0,0,0,2,0,3
0,0,16,23,0,1,16,0,2,0,0,17,0,14,3,0,0,14,0,22,0,13,0,7,0,9,10,11,0,0,1,13
20,0,11,3,8,2,8,7,1,0,0,0,8,5,0,0,8,4,0,13,7,4,0,1,10,0,3,0,0,0,4,20
0,0,0,0,0,0,0,56,0,0,0,0,5,0,1,3,4,13,0,0,0,18,18,0,9,0,12,0,0,3,0,29
0,2,0,0,1,28,0,0,0,18,0,0,0,0,0,0,3,9,0,0,0,0,0,10,0,2,0,0,0,10,0,0
2,17,2,13,3,20,0,0,16,25,0,0,7,0,0,0,0,13,0,0,20,0,0,0,0,0,14,0,0,0,8,0
0,0,1,18,21,0,0,0,0,0,0,24,13,4,0,0,0,4,0,0,4,0,13,0,17,0,0,15,27,9,0,0
19,18,2,0,0,13,0,18,11,0,0,0,0,1,0,10,12,1,15,0,0,0,0,0,0,0,0,0,2,0,32,50
22,0,0,13,18,0,0,0,0,0,0,4,0,0,9,23,0,0,9,0,6,2,0,0,0,3,7,0,1,0,0,0
0,5,6,9,0,0,12,0,0,3,36,12,25,14,0,2,24,0,0,0,13,0,0,0,0,0,0,16,0,7,0,0
7,0,0,0,0,7,0,0,0,0,0,7,0,0,0,0,0,1,17,0,0,0,0,0,25,0,0,0,0,0,10,0
32,8,4,0,0,21,27,2,0,0,7,7,3,0,9,0,0,5,4,0,13,0,0,12,6,0,12,0,0,0,0,26
10,6,0,0,0,0,0,0,0,0,14,0,0,5,0,13,11,9,14,0,17,0,0,2,0,3,0,12,0,0,21,0
0,7,2,0,4,0,0,24,0,0,0,3,2,5,0,0,7,1,1,3,6,0,0,0,0,2,4,4,14,0,5,0
8,4,0,0,2,0,2,5,0,1,0,0,2,0,1,0,0,0,0,0,1,0,0,1,0,0,0,0,0,0,8,5
10,5,5,0,0,0,4,0,2,0,8,0,0,0,0,4,2,0,0,0,0,4,10,0,0,0,0,0,0,0,0,2
0,0,0,3,0,1,16,14,7,0,15,1,18,10,4,0,8,1,0,3,0,0,0,7,2,0,1,2,0,5,0,14
31,0,0,11,0,0,0,17,1,0,0,0,10,7,3,0,0,0,0,4,0,0,0,3,2,0,1,0,0,5,0,5
0,0,0,0,0,0,0,0,0,7,0,3,5,0,0,0,2,8,0,8,45,0,0,0,0,0,0,3,0,0,0,8
9,0,1,3,11,0,0,0,0,0,1,4,2,0,0,1,0,0,1,2,0,0,5,8,1,8,0,0,6,0,2,0
17,0,6,10,0,0,15,0,0,1,0,0,0,33,2,4,0,0,0,0,1,0,0,0,10,0,0,0,0,0,3,0
28,0,6,4,0,0,0,0,0,3,3,0,5,0,0,0,2,0,1,0,6,0,5,2,3,0,6,0,0,0,0,0
3,0,0,0,0,3,6,0,4,5,0,12,0,0,0,0,0,2,0,0,1,0,0,0,3,4,1,3,33,0,0,0
12,0,2,2,0,0,0,11,0,0,8,0,0,8,3,3,0,0,0,0,0,0,2,1,0,0,0,4,0,0,0,0
3,0,4,0,0,1,0,0,0,6,0,0,3,0,0,3,0,0,0,2,2,0,16,0,0,3,5,0,7,0,0,1
0,2,0,0,2,0,8,0,0,0,9,10,0,0,0,4,1,0,0,7,0,1,0,0,0,0,5,2,0,5,0,17
5,0,4,0,12,0,5,0,0,0,2,0,0,0,0,1,7,7,2,3,0,3,12,6,0,0,5,0,5,0,6,13
0,2,0,4,0,0,0,7,0,0,0,6,3,0,8,0,0,0,0,0,0,6,7,0,4,0,10,0,6,0,0,3
10,1,8,0,0,0,12,0,0,0,0,0,0,2,3,0,0,4,0,0,0,0,10,0,2,3,10,0,0,0,0,0
0,1,0,0,0,2,6,2,5,4,9,0,0,6,0,0,0,1,0,0,0,0,0,0,0,8,0,11,1,0,1,19
0,6,2,0,6,0,0,6,0,4,0,0,0,0,0,0,3,3,3,0,0,1,0,0,0,0,0,0,3,1,0,0
15,6,0,0,4,0,1,3,0,2,5,5,4,3,0,0,5,5,0,0,2,0,0,0,5,0,0,0,2,0,0,6
40,3,0,2,23,0,0,0,0,3,9,0,2,1,2,0,4,0,2,0,6,1,10,0,0,0,4,4,0,0,2,20
0,0,6,17,28,0,13,8,0,3,4,0,4,0,0,11,3,0,10,0,2,6,0,3,8,0,7,0,0,2,4,12
0,0,0,0,8,3,5,0,1,9,0,0,0,1,7,0,6,0,7,1,3,0,1,0,0,0,3,0,5,0,7,6
0,3,0,5,0,0,0,0,5,1,0,2,0,2,0,0,5,0,0,0,0,0,0,5,0,6,4,0,0,0,5,0
0,5,1,6,0,3,4,1,1,7,8,1,0,0,0,8,0,0,0,0,5,0,0,0,3,0,2,0,3,0,0,3
3,0,7,0,0,0,3,14,4,7,11,0,4,0,0,3,0,2,0,2,3,0,0,5,6,0,1,5,9,3,0,10
0,3,0,0,7,4,4,2,8,3,10,0,2,0,0,0,0,0,0,4,0,0,0,0,3,3,15,0,0,9,0,0
7,3,0,9,4,0,0,0,0,2,1,6,0,0,0,0,0,0,0,0,3,0,9,0,2,0,0,0,0,1,11,0
0,1,2,0,1,0,4,0,0,5,0,0,0,0,0,2,4,4,0,0,2,0,0,4,0,0,0,0,0,0,0,0
0,0,0,8,7,0,7,0,11,0,0,0,3,7,0,0,0,7,0,0,6,0,0,3,0,0,0,4,0,0,0,0
0,0,3,10,12,0,1,0,0,0,2,1,7,0,2,0,9,0,0,0,0,2,2,0,7,1,10,1,1,0,2,10
0,3,0,0,0,0,0,6,4,0,0,1,7,1,1,1,0,1,0,5,0,0,0,0,0,3,0,2,2,0,0,0
2,0,0,0,0,6,4,1,0,0,0,0,0,0,0,4,0,4,0,4,0,2,0,0,0,0,0,0,0,0,0,13
41,0,13,0,1,3,0,9,11,0,4,14,0,1,0,0,0,0,0,0,0,0,1,0,2,7,0,0,6,7,14,3
11,4,0,0,1,0,3,0,10,0,0,4,5,0,4,0,0,0,0,0,0,0,10,1,11,1,0,0,5,0,0,0
8,0,5,5,0,13,0,7,0,0,10,0,5,0,3,3,1,0,0,5,0,2,3,0,0,1,0,0,0,3,0,0
14,14,5,0,0,12,13,0,3,3,0,0,0,2,0,0,4,4,3,0,5,0,3,2,6,0,0,0,6,0,5,2
2,4,0,2,0,0,0,0,2,1,0,0,0,0,0,0,4,0,0,0,0,0,2,2,0,3,0,8,0,0,7,0
0,11,0,0,0,0,0,0,0,0,0,0,1,0,5,5,0,0,6,0,2,5,7,1,0,0,3,0,0,2,12,9
0,4,1,0,0,0,0,9,0,6,0,9,21,2,0,5,0,0,0,0,7,0,4,0,0,0,19,2,6,0,10,19
0,3,0,0,0,0,2,0,0,6,0,0,6,25,0,0,8,2,0,0,0,5,7,0,0,0,0,6,0,0,0,6
10,5,2,0,10,0,0,0,10,0,5,10,0,0,6,0,0,4,4,0,8,0,3,0,0,0,4,5,0,0,0,9
0,0,3,0,0,3,0,0,0,12,19,13,0,0,0,0,0,0,0,1,0,1,0,0,0,0,5,0,0,0,0,20
0,0,0,0,0,0,0,16,2,0,0,19,7,0,0,5,0,0,1,2,0,1,3,4,3,2,0,0,0,2,7,0
0,0,0,0,3,0,0,0,0,0,0,5,0,0,0,6,0,0,0,0,0,0,0,2,0,3,0,0,0,0,0,2
0,1,3,4,2,0,0,1,4,0,0,0,1,0,0,13,2,7,0,0,0,0,0,1,5,0,0,0,0,1,0,21
1,14,6,0,9,5,0,0,0,7,0,0,5,0,0,0,0,0,0,5,0,5,6,0,0,0,4,0,0,7,0,0
0,0,1,0,0,4,16,1,0,0,5,13,0,0,0,1,1,13,9,3,1,0,6,0,5,0,4,0,0,15,19,0
0,0,0,0,0,6,10,4,1,8,0,1,19,0,6,0,0,1,0,0,0,0,0,11,1,0,0,3,0,1,0,10
23,0,0,0,0,4,8,0,0,4,0,0,0,0,7,0,0,0,7,2,0,8,0,4,3,0,0,3,3,0,4,19
0,0,0,5,2,2,1,0,7,0,8,0,3,0,7,12,0,0,0,0,0,0,1,2,37,2,13,2,0,10,1,0
1,0,12,0,3,4,3,4,0,2,4,10,0,0,0,5,7,0,0,8,3,0,2,0,0,0,0,0,0,5,0,0
0,6,17,6,11,0,3,14,6,1,0,14,7,1,9,0,2,0,9,0,2,0,2,0,0,0,0,0,4,0,8,11
0,0,0,30,1,0,5,0,2,0,0,0,0,0,0,2,0,4,0,0,0,0,1,0,0,0,0,6,3,0,0,15
0,0,0,6,8,0,6,0,3,0,0,1,10,2,0,0,8,6,0,0,0,0,0,0,2,0,0,0,4,2,2,0
0,3,0,4,9,0,5,2,0,1,2,0,0,0,1,0,0,0,0,0,0,4,0,0,0,0,3,0,0,9,0,0
0,9,0,0,0,0,4,0,0,0,0,0,7,0,0,5,0,5,1,0,6,5,8,3,0,0,0,1,0,1,0,12
6,0,3,7,20,0,0,8,0,1,0,0,5,0,0,0,0,0,0,0,0,4,2,2,0,0,0,7,9,3,0,0
0,0,0,3,0,0,3,0,1,0,0,0,0,0,0,6,2,2,0,0,3,0,11,0,0,0,0,0,6,6,0,0
4,4,0,8,0,7,2,8,0,1,0,8,0,6,2,0,4,0,3,0,7,6,0,0,2,0,8,0,8,1,0,0
0,1,0,11,0,0,0,7,4,10,0,0,12,7,0,0,16,0,0,0,6,5,7,0,2,6,0,4,0,3,0,0
0,2,3,0,10,0,0,0,0,0,0,0,12,0,4,0,2,0,0,6,0,0,8,0,2,0,16,7,2,0,1,1
12,6,2,0,4,0,5,20,0,0,7,2,5,0,0,0,0,0,2,0,6,0,4,3,2,5,0,0,0,0,5,5
5,0,8,2,9,0,0,4,3,9,0,6,0,0,0,1,0,1,0,0,0,0,1,0,0,0,7,0,0,0,7,0
0,0,4,2,10,7,14,0,0,7,8,0,1,4,0,0,4,8,1,0,9,0,1,0,3,0,0,0,0,3,0,0
0,0,0,7,0,0,0,0,0,17,4,0,6,3,0,0,0,5,0,0,0,0,0,7,0,0,0,14,4,0,11,3
0,0,0,0,0,0,0,0,7,1,0,0,0,8,0,5,0,0,0,0,1,0,0,3,5,5,3,5,8,0,0,2
0,4,0,4,4,10,0,0,1,1,0,7,0,0,2,0,12,1,1,0,5,6,0,4,0,8,0,0,0,4,0,0
1,11,1,0,0,9,0,0,6,3,17,0,0,0,0,10,5,4,0,7,17,5,0,0,0,0,0,0,0,0,0,7
4,5,0,9,0,0,0,0,1,4,8,0,1,0,4,0,1,0,7,24,3,2,8,8,0,11,0,3,0,10,6,0
9,0,8,0,17,0,0,0,0,0,0,0,0,0,3,0,2,3,5,0,0,1,6,0,10,11,1,0,0,0,3,15
14,0,7,4,0,0,0,26,17,0,14,1,0,0,3,1,0,0,0,12,0,11,16,8,0,14,0,0,9,3,16,18
17,3,24,0,3,8,6,19,0,0,0,17,10,2,7,0,7,2,8,11,1,13,0,0,3,1,0,9,0,0,1,0
12,2,0,8,0,0,4,17,9,3,3,10,0,0,0,3,1,0,2,0,0,0,13,0,0,0,0,2,5,0,9,0
26,0,0,11,0,5,0,0,0,0,0,0,5,0,0,19,15,0,0,16,0,0,13,0,0,8,0,4,7,0,24,0
28,33,0,0,0,0,12,18,6,0,0,11,5,0,0,8,22,1,4,8,0,1,0,23,0,0,16,0,0,8,28,1
0,0,26,23,9,3,0,2,13,0,16,0,1,12,0,0,0,2,0,0,2,12,23,0,4,21,23,0,0,0,0,5
0,0,0,7,0,2,0,8,9,4,45,0,0,0,0,16,0,0,0,0,7,19,33,0,0,14,0,0,12,9,0,0
7,10,4,0,0,0,2,0,3,5,19,0,0,0,0,0,0,4,0,0,0,1,26,2,18,26,0,0,16,0,1,0
16,11,9,4,0,0,0,33,9,0,0,0,19,11,8,7,0,0,11,0,0,0,23,5,0,9,17,22,14,8,0,0
7,0,9,21,0,0,0,0,0,0,0,8,24,10,5,0,2,0,0,10,16,0,11,10,13,0,0,233,35,8,14,0
76,1,12,0,0,26,0,0,2,7,2,6,0,0,0,0,0,0,1,9,14,0,20,0,16,37,189,196,0,0,2,0
0,11,0,0,0,0,19,14,0,8,0,0,0,0,7,0,27,21,0,12,0,0,3,3,1,12,9,64,11,7,11,11
0,0,6,0,28,0,10,0,0,0,30,0,2,8,0,0,0,0,13,12,3,0,20,0,20,0,0,0,20,18,3,0
27,6,1,0,0,48,0,0,0,3,0,0,0,10,0,0,0,0,12,0,27,0,29,0,20,5,48,0,116,0,4,0
24,216,52,15,0,8,0,0,0,3,62,0,10,0,19,0,0,3,0,0,0,13,0,0,0,0,11,4,3,17,0,7
197,189,129,0,0,0,18,0,0,10,0,0,0,0,5,7,0,0,0,29,23,4,18,0,19,0,69,0,6,0,7,11
20,120,0,0,0,0,4,54,1,0,4,0,7,0,0,0,5,0,0,0,0,0,0,2,0,17,0,0,31,7,10,34
0,16,0,0,5,61,15,15,18,0,0,0,0,9,0,0,0,0,0,4,5,0,11,0,0,0,6,0,0,0,10,0
0,0,0,0,9,0,18,15,35,0,8,12,0,1,5,41,2,0,1,0,28,0,23,10,3,1,21,0,0,0,0,0
30,0,0,0,0,0,43,28,0,0,0,0,26,10,0,3,10,0,0,14,0,0,0,0,27,47,3,43,0,0,0,0
0,1,9,0,0,0,0,0,0,18,14,0,0,12,2,2,0,0,0,1,6,0,0,0,13,37,1,0,0,18,0,0
9,0,8,0,0,0,2,0,43,6,16,30,25,0,8,23,18,10,0,0,0,25,0,0,31,0,4,0,26,7,26,43
6,7,0,0,9,40,10,0,0,0,0,0,0,0,0,0,0,7,1,0,0,43,0,22,6,0,21,19,21,0,20,8
13,7,4,0,0,0,13,0,0,0,0,0,11,18,0,4,0,13,0,0,2,12,0,11,19,37,0,0,30,0,0,4
8,0,23,9,0,25,0,0,5,21,35,0,10,0,0,14,32,7,36,0,23,14,0,9,0,1,27,0,0,20,28,0
36,8,1,0,0,0,12,0,17,0,0,0,0,36,0,0,0,16,0,0,0,0,0,0,0,0,19,7,0,12,23,0
17,2,9,0,13,35,11,14,0,0,26,0,0,0,20,0,0,0,7,14,0,0,0,1,0,0,0,0,0,0,0,27
0,3,0,9,0,0,0,7,0,0,2,44,0,0,0,10,11,21,0,0,0,0,0,0,2,8,0,6,0,0,22,4
23,0,0,0,0,0,0,5,9,0,4,25,22,0,0,6,0,0,7,29,0,6,15,0,0,7,4,0,0,0,5,20
0,0,41,0,18,10,0,0,5,2,39,22,6,0,7,0,17,10,25,6,0,0,10,11,0,5,7,6,3,18,0,0
30,0,11,6,0,6,7,0,0,0,7,187,0,9,0,0,34,8,40,0,1,196,197,0,0,0,0,19,0,10,3,0
0,0,0,19,0,0,0,0,0,0,71,188,27,10,0,0,0,0,0,0,7,198,145,0,6,13,0,1,5,0,0,0
10,2,30,0,0,0,10,1,16,13,22,41,0,0,18,0,28,6,27,16,6,9,0,7,0,7,0,0,0,0,10,3
17,8,0,18,31,0,2,0,0,0,0,2,0,14,0,3,0,2,8,0,13,0,8,11,16,0,0,19,0,11,6,8
5,15,0,37,23,26,0,26,1,0,14,0,0,0,2,0,0,6,12,0,15,8,0,0,35,0,135,0,7,1,21,35
0,0,0,0,0,4,24,0,0,0,0,0,0,0,0,0,0,29,14,22,0,0,4,0,0,47,190,93,0,0,0,0
0,0,0,6,0,0,3,31,0,0,19,0,10,9,19,0,0,15,13,0,0,0,22,0,2,0,43,4,0,0,0,0
7,0,0,13,1,26,19,0,0,1,36,0,13,0,0,0,3,6,0,0,20,0,0,0,0,0,11,0,34,0,5,0
39,0,4,1,16,29,0,0,16,0,0,0,0,0,0,0,5,8,0,0,0,0,1,0,0,0,27,67,0,0,5,26
1,0,1,0,8,0,13,0,0,1,8,4,0,1,0,0,0,9,16,0,14,0,7,6,8,2,0,19,11,0,8,0
5,16,36,4,0,3,0,0,8,25,0,0,0,15,0,0,0,0,0,9,0,0,0,0,0,5,0,0,0,0,0,18
0,1,2,0,0,6,0,3,11,0,3,12,18,23,4,1,25,0,12,4,0,0,0,15,28,11,8,0,0,0,0,25
70,8,26,0,0,3,29,16,0,0,0,0,1,7,0,0,0,0,0,0,8,0,0,22,174,23,66,15,0,6,0,0
0,10,0,0,0,18,0,12,45,0,32,0,7,19,0,0,6,35,23,0,18,0,18,41,155,84,41,19,13,0,0,0
11,8,0,20,3,0,5,9,9,0,17,0,10,14,0,14,0,22,5,0,25,0,28,0,31,7,25,0,0,0,0,0
0,37,76,0,0,33,16,3,10,28,0,0,0,44,7,0,19,0,0,8,0,0,58,0,27,0,15,0,0,0,23,0
0,190,195,38,0,57,9,0,0,0,0,0,0,26,0,0,0,0,0,0,9,16,26,21,0,0,1,21,19,0,0,0
0,83,195,239,0,47,0,0,0,20,36,1,0,16,5,30,48,2,0,0,12,0,1,23,12,0,18,0,24,0,15,0
0,0,9,0,0,0,0,14,13,0,0,3,0,4,31,0,0,0,27,27,3,0,24,0,20,33,17,14,7,19,1,8
0,10,0,0,5,5,14,1,5,12,0,0,12,0,0,0,19,10,2,0,1,1,0,0,4,0,27,21,0,0,0,0
31,0,0,0,0,0,1,0,24,6,0,0,0,0,0,10,12,13,12,4,9,21,40,0,12,12,18,0,1,0,0,8
0,24,0,0,66,5,32,46,0,0,5,18,4,21,6,0,10,0,0,0,0,5,29,1,5,0,1,48,0,8,2,0
0,18,11,16,0,0,11,31,0,0,0,39,4,0,0,4,5,0,6,7,17,0,0,0,0,0,26,0,0,10,0,0
0,15,0,0,0,23,21,40,3,0,40,0,30,0,0,0,0,14,28,13,0,6,0,8,0,10,2,0,0,7,18,0
11,0,0,0,11,0,0,6,20,4,18,0,28,4,3,0,8,12,11,0,1,2,11,0,0,0,0,0,19,7,24,0
4,1,25,8,8,13,0,0,0,7,0,0,0,0,0,13,3,0,1,28,26,6,0,9,0,1,0,0,19,7,0,12
5,0,3,23,2,0,0,7,0,5,2,11,0,4,0,6,0,0,0,4,1,0,3,0,6,0,0,0,0,13,0,9
0,0,0,0,0,25,0,0,0,0,0,10,6,9,8,0,0,0,0,6,9,4,7,0,0,0,0,0,12,0,9,0
68,10,0,0,1,0,18,0,21,4,0,0,33,0,3,0,0,0,0,7,0,11,16,0,13,6,20,8,0,3,19,0
2,26,0,0,0,0,0,35,0,0,7,0,0,0,0,0,0,1,0,2,0,0,7,15,10,0,0,0,10,0,0,0
37,2,24,0,0,0,12,9,8,0,0,0,8,0,0,0,19,1,7,10,0,4,11,0,0,0,8,9,0,0,0,0
12,8,0,0,0,13,0,13,0,0,7,0,28,16,1,11,0,3,12,0,13,0,0,4,0,3,9,0,0,0,2,0
0,0,16,19,0,2,0,0,0,15,28,0,0,12,0,0,0,0,5,16,7,0,0,0,0,22,0,0,0,0,0,0
16,4,7,9,15,29,1,0,0,4,13,12,2,6,0,11,0,0,0,187,190,10,0,1,2,5,6,5,0,2,0,0
28,4,0,38,37,0,0,13,0,13,0,13,0,10,0,0,0,21,0,152,172,0,0,5,7,16,0,5,0,0,0,33
38,0,10,5,4,7,0,3,3,27,0,18,0,6,9,0,7,0,0,0,20,5,9,4,0,0,6,16,0,0,0,6
0,0,26,0,26,0,0,0,16,14,16,0,13,20,0,7,0,0,0,0,6,0,0,0,0,0,0,0,19,0,7,0
0,0,0,0,0,4,9,16,0,0,5,0,6,5,10,11,11,0,1,9,0,8,0,0,0,0,0,7,16,7,6,4
0,2,23,0,25,0,0,0,7,0,0,0,0,3,0,8,6,12,0,17,8,5,0,0,0,6,14,8,13,0,10,6
11,0,0,10,9,0,0,0,0,0,0,7,0,0,16,14,0,13,0,0,0,6,0,0,0,0,0,11,7,7,0,0
5,0,7,0,0,0,0,7,5,3,0,0,0,7,0,0,0,1,0,0,0,19,0,0,0,10,2,0,12,0,13,6
0,5,0,0,0,1,0,16,0,3,0,0,0,12,2,24,0,0,0,22,0,5,7,0,0,6,12,0,2,0,0,7
0,6,0,8,0,0,0,0,2,0,6,1,0,0,6,0,0,12,3,0,3,0,10,10,0,1,0,0,0,0,0,3
0,0,0,4,0,3,0,8,2,2,0,1,3,2,0,0,0,11,0,0,0,1,0,1,0,0,16,1,0,1,0,0
0,0,0,0,5,4,6,0,0,0,0,8,0,6,0,0,0,18,5,0,5,1,0,0,0,0,11,6,5,0,10,0
16,6,0,0,0,0,0,0,0,4,0,0,9,14,1,4,0,0,18,2,6,1,10,0,26,5,6,0,0,0,0,0
0,5,0,19,0,0,3,3,4,0,18,0,13,0,16,0,0,10,6,0,1,4,0,0,5,0,14,0,0,0,5,0
0,35,0,0,0,2,7,0,2,0,0,2,24,0,0,0,3,0,2,6,0,0,4,6,0,0,0,1,12,0,17,0
21,161,252,0,7,0,0,5,1,2,0,6,0,13,0,0,0,8,0,5,0,0,10,3,0,0,0,0,0,5,0,0
0,187,193,135,0,0,0,0,5,7,1,0,0,0,0,7,7,0,0,3,0,0,0,3,0,0,0,4,1,0,0,9
39,26,116,0,10,0,0,0,8,5,0,0,5,13,0,2,0,0,0,0,11,0,0,1,0,0,0,0,5,0,4,6
2,0,13,0,0,4,0,0,3,0,0,0,7,10,0,0,11,10,7,0,4,4,0,9,0,6,0,5,6,5,7,4
0,4,6,0,6,14,30,0,12,21,13,0,23,2,0,0,5,0,16,2,14,7,0,0,10,0,0,0,4,11,0,24
0,0,0,22,42,0,0,25,0,0,28,0,8,17,0,0,0,0,2,0,0,0,0,4,0,0,0,6,5,3,0,0
11,0,0,11,0,3,0,45,6,0,0,0,0,9,1,0,5,7,9,0,0,0,0,8,8,3,0,9,9,12,0,2
0,0,17,3,0,0,4,0,3,0,0,0,0,4,20,10,13,5,0,0,0,19,9,10,0,2,0,0,20,10,1,3
0,0,0,0,2,0,0,4,4,11,30,31,4,0,21,9,13,0,0,13,0,0,0,3,11,0,0,32,0,9,0,3
10,12,16,0,0,11,0,0,0,16,0,0,16,0,0,13,15,0,0,0,0,0,0,1,0,1,0,0,0,8,7,31
0,35,0,22,14,0,6,40,0,4,8,0,18,0,8,19,0,3,24,0,0,0,3,7,16,3,7,6,13,7,0,18
0,15,0,0,14,0,0,22,0,0,0,0,17,7,0,13,18,0,20,0,5,2,13,22,0,4,0,0,6,12,28,0
0,19,3,5,30,15,3,6,20,17,0,0,20,1,0,25,1,16,0,0,0,0,28,0,0,0,18,0,0,24,8,0
8,0,19,0,0,6,0,0,10,2,0,11,0,0,0,1,21,35,30,0,2,31,0,12,1,0,0,1,0,1,38,0
0,0,16,0,0,0,0,0,7,2,0,2,0,0,0,8,4,0,0,0,0,25,0,10,0,0,0,9,0,0,0,0
0,28,0,0,7,22,0,25,11,0,0,10,12,0,0,23,18,16,0,3,160,102,44,30,13,0,1,0,0,0,16,0
7,0,11,0,0,0,0,19,0,2,197,189,0,0,0,0,0,0,0,16,172,198,148,0,0,20,20,2,0,28,0,20
0,0,0,0,0,1,2,0,0,0,65,52,0,2,4,48,44,0,31,0,95,63,0,9,8,0,31,4,31,32,16,0
52,0,0,0,14,0,16,10,36,0,35,27,4,0,0,0,13,9,22,4,6,0,0,0,4,10,36,0,0,3,14,0
18,3,2,21,0,16,0,7,2,0,16,31,7,0,0,0,0,0,0,0,0,17,0,16,0,8,0,0,18,0,0,0
1,0,0,14,0,0,2,8,7,0,32,24,16,0,0,0,23,11,0,0,5,0,10,23,0,0,137,186,45,9,11,0
0,0,1,0,3,0,0,22,34,25,6,1,20,0,0,31,0,0,0,12,0,1,0,2,0,26,101,186,58,15,0,0
0,0,0,43,14,0,0,22,2,0,0,2,0,7,0,0,11,0,0,5,10,0,0,0,9,7,2,0,0,9,0,0
14,5,8,3,0,0,1,0,0,7,0,6,25,4,5,16,0,0,1,0,0,0,0,0,10,0,5,0,7,0,0,1
16,0,34,0,0,15,0,0,8,0,0,0,24,15,0,0,34,13,22,21,0,53,0,0,9,26,3,0,0,0,0,0
0,0,0,29,21,0,7,0,0,0,46,31,0,0,0,0,0,3,5,7,0,3,1,0,0,0,25,0,0,11,0,26
0,11,0,0,0,3,11,29,0,0,0,51,0,0,0,17,13,2,34,9,0,0,27,0,5,12,26,0,3,0,16,0
0,0,4,0,0,0,3,35,20,14,0,0,23,16,5,5,15,7,7,14,6,0,0,4,0,0,0,0,23,14,0,0
4,0,0,7,14,1,15,12,18,13,0,0,0,0,9,3,0,9,11,26,16,5,18,0,0,141,197,107,12,0,0,1
36,0,11,2,0,2,0,0,6,19,0,16,22,0,0,2,0,2,0,0,0,9,13,0,0,183,39,0,11,0,6,0
6,0,0,0,17,7,0,2,18,0,34,1,19,29,3,20,22,0,0,0,0,0,18,0,4,14,6,0,36,0,15,23
3,1,0,3,0,0,9,0,0,0,14,0,0,0,0,0,8,0,0,32,10,0,10,9,16,0,11,0,4,8,6,0
0,143,189,192,4,0,8,3,9,0,0,0,0,27,0,1,0,3,2,0,0,0,5,0,38,16,0,0,17,0,27,0
0,169,191,194,44,0,0,0,21,0,0,0,0,0,4,8,0,0,0,17,0,1,35,0,42,0,28,0,15,16,9,18
0,0,27,26,23,0,0,56,0,0,0,0,0,0,14,0,29,0,7,19,0,16,0,0,0,10,0,0,24,25,0,0
20,0,0,0,10,1,20,0,25,0,0,0,5,12,7,0,0,0,0,17,0,0,0,18,0,17,2,10,0,0,19,36
0,21,16,0,0,48,9,13,0,9,0,0,0,0,0,0,0,6,17,0,16,7,1,0,0,12,12,0,16,4,0,20
0,7,18,18,0,0,0,4,22,10,0,29,3,16,5,62,10,0,14,10,0,0,0,0,4,0,29,33,0,0,22,12
0,8,0,19,0,0,13,0,1,16,22,18,22,0,17,3,9,0,1,8,1,0,0,0,3,28,17,10,22,0,28,0
22,2,17,0,0,0,0,0,0,0,0,21,0,0,0,18,10,0,0,0,0,0,0,0,2,0,1,0,4,0,2,0
0,31,0,0,0,23,0,14,18,1,0,8,13,0,0,0,0,0,18,53,0,0,13,5,0,0,6,0,0,0,0,0
0,9,0,20,0,0,0,0,11,0,32,0,0,34,0,5,1,0,1,4,0,0,5,2,16,26,3,0,0,38,21,13
30,11,0,0,27,19,0,3,34,0,0,7,0,0,22,0,0,0,5,7,0,0,17,14,0,0,0,0,24,2,0,20
2,0,0,0,13,8,0,0,0,12,34,0,4,8,6,0,9,0,1,14,0,0,11,0,27,1,39,0,7,1,0,32
41,0,21,0,0,4,0,0,0,0,0,2,36,2,0,0,0,11,0,0,22,0,12,0,0,0,11,0,0,14,7,0
6,15,0,3,0,0,0,0,0,25,15,0,0,0,0,0,0,2,0,0,0,0,14,0,0,6,20,29,4,1,9,0
0,6,16,0,3,0,0,0,0,0,1,1,7,0,0,0,18,0,0,5,0,0,2,0,0,3,9,0,5,0,8,23
0,9,0,0,34,0,0,0,1,0,0,17,14,0,0,12,0,17,16,0,0,2,0,0,0,0,0,0,0,0,0,13
29,0,22,6,0,0,0,3,0,0,8,14,13,0,11,38,3,11,8,27,0,0,0,1,0,0,23,0,0,9,0,28
0,20,0,3,12,0,0,0,8,0,3,81,13,0,0,0,3,0,0,187,190,16,0,0,4,13,12,0,0,0,2,0
0,7,0,0,1,0,0,4,0,28,19,18,167,6,10,0,0,5,0,0,71,6,6,0,12,6,0,8,7,0,0,0
0,8,3,4,4,0,18,27,7,0,5,21,0,0,12,0,0,0,2,11,16,0,0,11,8,0,0,0,0,6,16,0
19,0,0,12,0,0,0,2,0,0,0,1,17,1,7,0,0,0,0,18,0,0,14,0,0,9,12,0,0,13,0,0
0,0,14,0,15,0,5,10,0,5,0,0,0,0,0,19,0,0,5,0,8,0,8,0,0,191,90,2,3,22,0,0
36,0,0,11,7,2,0,0,0,0,0,0,0,0,0,7,0,8,5,0,12,0,7,8,6,9,13,0,0,2,0,17
0,0,16,11,0,0,7,0,12,17,0,23,0,0,0,0,0,0,1,46,9,0,1,8,0,31,0,0,14,0,0,0
0,0,2,12,33,0,14,0,0,0,0,3,0,0,0,0,0,6,0,4,0,0,0,9,0,34,0,7,5,23,0,0
11,13,19,0,9,0,6,0,0,0,0,5,0,8,8,29,2,0,0,0,0,0,0,0,0,0,12,0,7,0,0,4
27,19,0,7,6,5,0,33,8,0,9,24,5,17,1,0,0,5,0,0,5,0,14,0,0,0,1,18,1,5,0,0
14,22,0,0,16,0,8,23,1,8,13,7,16,11,3,9,0,19,17,0,0,0,20,10,1,11,12,21,0,0,0,14
0,4,0,0,13,23,6,1,0,33,0,0,0,12,0,19,0,4,6,3,0,18,2,0,9,2,0,20,3,0,9,22
0,0,0,0,4,0,13,2,14,0,0,0,0,0,0,0,6,0,22,0,0,0,0,0,28,1,2,9,0,5,0,0
54,21,0,7,13,0,0,7,0,18,6,0,10,0,0,0,0,0,3,2,5,0,16,3,0,0,0,9,0,6,0,14
0,11,4,5,158,0,0,17,0,24,1,0,0,9,0,0,0,1,24,0,0,8,0,0,0,0,0,18,4,1,23,33
0,0,1,24,89,6,21,0,0,11,0,0,0,23,0,0,0,0,6,9,1,0,21,14,0,0,0,6,0,3,0,1
0,1,1,4,14,0,0,0,1,0,18,6,19,10,0,0,0,0,0,14,8,0,4,4,0,1,0,0,0,4,2,13
43,0,0,3,11,0,5,0,16,7,8,12,15,0,7,29,0,3,0,0,9,0,0,0,0,0,0,11,0,19,9,3
26,1,0,0,0,12,12,0,1,0,0,0,7,17,5,0,0,1,0,0,0,0,3,7,4,0,23,2,2,0,0,1
0,8,0,7,7,4,6,11,0,3,25,15,2,0,11,18,8,0,0,10,0,7,3,5,10,14,20,0,8,0,0,6
9,6,13,4,0,0,0,0,0,0,0,0,7,0,0,8,6,0,0,3,18,9,13,0,7,0,0,11,0,0,0,0
0,0,12,5,0,8,14,20,0,0,6,0,3,0,0,0,0,0,10,10,0,10,0,0,0,0,0,0,0,0,4,21
1,0,0,6,0,0,0,1,0,9,0,0,14,0,11,1,0,0,0,0,0,0,1,0,0,5,11,2,0,0,9,12
3,0,8,0,12,4,0,0,0,0,0,3,9,4,0,0,12,0,22,8,8,16,0,0,0,0,8,0,2,6,6,0
4,6,4,1,9,6,9,0,0,6,15,0,0,6,3,0,7,0,6,9,0,0,0,0,0,0,7,0,0,1,5,6
2,3,21,0,0,9,0,0,0,1,6,1,0,0,5,0,0,0,0,11,9,0,4,3,0,2,0,0,4,0,0,12
10,1,0,0,16,0,2,0,0,0,0,5,0,6,0,9,0,3,0,4,5,4,5,3,0,0,0,0,0,1,9,0
