0,7,1,5,0,0,0,0,4,0,0,5,7,0,0,0,0,2,0,10,1,0,0,0,0,0,0,0,0,0,1,0
5,5,0,0,8,0,2,0,1,0,0,0,3,3,14,0,4,8,0,0,3,0,0,9,4,0,10,1,0,0,9,0
0,4,0,0,12,13,0,5,0,0,0,0,0,0,0,0,0,2,1,0,0,0,0,0,0,9,6,0,0,0,1,2
0,16,0,0,0,0,0,0,0,0,11,21,9,0,4,10,7,0,8,0,3,1,0,6,1,0,18,0,5,0,5,0
6,12,4,0,8,0,0,0,0,1,5,21,0,2,0,1,0,7,3,0,0,0,1,0,3,0,9,5,3,0,9,6
22,0,0,0,0,0,0,2,0,8,11,83,2,0,0,8,5,0,0,0,2,0,0,1,3,0,0,0,3,0,0,0
0,0,0,0,0,0,0,9,0,0,0,10,0,14,4,5,7,0,0,11,59,4,0,0,0,10,9,8,4,0,0,0
0,0,0,10,10,0,7,0,12,9,3,19,0,3,0,1,11,1,0,3,0,1,0,0,1,0,0,0,6,0,4,13
0,1,14,0,0,10,0,0,0,10,14,0,5,4,0,0,0,0,10,0,4,19,0,0,0,0,3,0,0,0,11,0
0,0,0,0,0,0,0,0,0,9,0,0,37,9,0,0,0,0,0,0,0,10,0,5,0,6,0,0,7,0,5,0
0,0,13,2,0,0,0,8,0,3,0,0,6,35,0,0,0,0,7,0,17,18,0,0,0,0,2,0,2,2,0,5
0,3,4,1,0,7,3,5,4,7,5,10,1,0,5,3,8,7,0,0,10,1,7,0,0,0,1,0,18,0,0,0
44,8,1,0,14,5,0,0,7,4,16,1,0,1,0,2,0,0,28,0,1,3,0,0,6,0,2,13,48,14,4,14
0,0,0,17,3,0,0,14,5,4,0,0,1,1,5,20,0,12,4,0,3,9,4,0,52,5,7,1,3,2,6,0
20,4,0,0,6,1,0,0,0,6,12,5,4,2,0,3,0,7,2,2,0,0,0,0,5,0,0,0,0,5,0,8
0,1,6,0,4,0,2,9,1,0,12,5,3,0,5,3,7,1,0,6,5,6,3,0,5,0,3,8,0,0,0,0
0,0,0,3,0,4,0,1,0,6,0,1,5,1,5,0,2,0,1,5,5,9,0,8,0,0,2,0,0,0,0,0
3,9,0,1,10,9,1,6,0,0,8,1,0,0,10,0,0,0,0,0,3,5,4,0,1,0,2,0,2,0,0,0
0,0,0,0,0,2,0,3,0,0,0,0,1,0,0,10,3,4,0,0,2,1,3,0,0,0,5,0,0,0,0,0
1,0,7,5,0,0,11,0,3,9,0,0,0,0,1,1,4,0,9,2,0,19,0,0,0,0,1,9,36,0,0,0
0,0,0,0,0,0,0,0,5,3,0,0,4,3,0,0,0,0,3,0,3,0,4,0,0,11,7,55,36,0,0,9
0,0,5,0,0,0,0,0,0,1,0,6,1,17,0,4,2,0,0,0,0,0,0,2,32,2,81,2,0,0,0,1
0,0,0,0,2,0,0,0,2,0,0,0,3,2,0,1,0,0,4,1,0,0,4,0,27,1,0,0,6,0,0,0
0,7,6,0,4,12,3,0,9,0,2,3,1,0,5,0,4,21,12,0,5,0,0,0,0,6,0,0,13,0,1,12
55,0,14,7,10,2,9,2,4,0,0,23,0,1,0,0,3,6,14,0,7,0,6,0,0,0,3,0,0,2,6,1
0,0,13,6,7,0,0,0,8,2,16,14,0,0,1,2,0,14,0,0,6,0,4,0,0,1,0,9,10,0,12,0
32,0,16,0,30,0,2,0,0,0,0,18,2,0,0,13,14,0,4,14,4,8,0,0,6,0,0,0,2,0,3,1
17,7,0,0,9,0,0,0,5,0,0,3,10,0,16,29,0,0,1,0,0,0,0,0,4,27,13,0,3,0,16,32
28,0,2,30,198,167,140,2,3,0,0,14,0,8,0,16,0,7,0,0,0,1,5,0,0,7,0,0,5,6,0,23
22,0,0,172,197,197,142,0,0,0,4,14,0,0,4,5,0,19,0,0,8,12,4,0,3,0,3,0,7,3,0,22
37,0,24,6,1,42,0,0,38,0,6,3,6,0,2,6,0,11,7,0,2,7,0,22,0,0,10,0,9,0,0,0
0,23,0,0,0,0,0,0,0,0,0,1,0,8,0,0,0,0,10,30,0,11,0,0,0,13,0,0,30,0,0,7
0,1,0,20,0,0,0,0,0,47,46,0,13,14,29,0,41,9,0,6,26,0,0,27,0,0,0,0,3,8,0,0
0,8,0,0,12,2,33,0,41,0,22,4,20,9,7,80,37,0,0,0,11,0,22,0,12,19,0,0,0,0,0,57
32,34,0,23,8,27,0,12,11,0,0,42,0,0,2,71,0,0,33,6,15,3,5,28,16,0,11,0,1,0,13,20
0,0,11,7,6,3,0,19,4,0,0,9,0,0,20,0,20,1,1,0,0,0,8,9,6,3,0,2,0,3,32,10
1,49,0,1,0,5,42,0,0,0,26,45,17,0,0,67,0,4,0,3,14,14,2,0,0,2,0,0,4,5,15,6
54,14,0,0,27,14,15,0,24,0,19,70,9,13,3,0,0,13,10,3,14,0,9,0,0,9,7,0,21,0,0,28
2,0,0,12,25,0,0,0,23,0,23,24,0,0,16,0,0,4,0,0,81,0,3,48,0,0,20,0,26,17,0,66
91,7,0,0,26,0,0,5,0,15,26,42,1,16,0,14,0,8,212,190,16,0,0,0,0,12,9,0,0,8,0,0
21,37,0,8,0,24,34,0,0,18,34,9,17,32,0,0,16,0,45,188,55,39,18,0,0,5,0,6,11,0,1,26
17,0,0,8,15,0,24,0,12,1,87,109,0,0,0,0,0,14,155,197,0,9,22,3,3,0,0,0,0,0,8,31
0,25,0,17,1,2,0,0,5,14,46,197,6,17,0,0,0,8,3,12,3,0,0,9,10,1,221,0,10,37,19,0
12,21,2,0,0,13,0,0,0,0,115,176,28,7,25,15,13,7,8,0,0,0,0,1,0,113,191,127,19,15,22,0
0,0,0,2,4,0,0,14,8,0,0,39,33,0,0,33,0,5,9,0,0,13,0,39,0,73,151,19,0,17,0,0
46,1,0,4,1,1,0,0,17,0,0,0,0,15,0,0,0,0,0,0,0,22,0,13,28,0,0,0,0,19,0,9
0,0,17,1,13,0,11,13,2,6,1,33,0,0,0,10,0,0,11,1,3,7,0,0,14,0,0,0,7,37,0,45
10,12,0,24,7,0,20,0,0,13,0,0,10,0,0,1,0,0,0,1,13,5,0,0,0,0,39,3,1,0,12,0
0,0,62,16,0,1,10,28,0,9,0,25,0,0,10,21,12,7,16,6,2,29,23,15,0,22,9,0,0,13,4,0
0,0,23,23,49,39,10,14,0,22,24,5,12,13,0,0,0,1,0,19,21,0,0,0,0,3,23,0,3,4,16,0
33,0,0,0,53,0,0,0,0,0,8,0,0,5,0,0,0,0,14,0,10,0,7,22,20,25,0,11,0,4,0,16
33,0,0,0,49,69,54,16,0,41,0,14,0,6,26,11,34,0,14,0,37,0,36,0,37,5,67,84,43,1,1,0
72,7,34,59,0,17,0,0,0,0,0,0,0,16,7,49,0,0,13,9,0,0,10,0,2,15,212,197,0,19,0,0
0,0,0,8,0,0,8,1,0,7,0,0,0,0,0,1,7,0,0,0,0,28,0,6,16,22,143,0,20,0,0,0
0,10,0,0,0,0,0,2,0,0,0,12,20,0,1,0,0,0,0,1,0,0,0,0,0,6,0,1,0,1,28,10
24,0,0,4,0,1,7,3,0,2,0,0,4,15,0,0,0,8,3,0,5,5,8,0,0,0,0,0,0,2,0,0
8,25,24,0,0,0,13,0,0,43,0,0,0,8,1,7,3,0,0,5,14,15,0,0,9,12,20,0,14,0,0,3
0,0,2,11,4,0,0,28,0,0,35,42,0,24,21,13,0,5,12,7,0,1,0,0,0,0,29,0,23,19,0,22
28,5,0,0,0,38,57,0,9,0,39,0,0,0,4,0,9,7,18,0,0,20,13,2,4,1,0,0,7,0,1,0
0,0,11,0,5,197,192,252,0,0,19,0,0,29,0,0,34,16,5,0,0,0,0,0,4,0,31,0,12,32,0,18
0,0,0,0,21,206,187,4,0,0,7,7,0,0,0,7,1,0,9,0,0,10,0,17,0,7,0,21,11,0,5,34
0,22,0,15,32,6,4,0,18,19,9,0,0,0,26,0,29,1,1,0,0,6,0,0,0,3,0,16,0,0,7,0
0,0,5,0,6,3,21,0,20,5,11,0,9,6,0,6,0,0,10,0,10,0,4,0,0,6,9,0,0,0,8,10
0,0,4,28,0,21,0,0,0,0,0,0,0,15,22,0,0,0,0,0,14,0,4,0,16,9,0,1,0,13,4,7
0,0,2,8,2,0,0,10,0,4,0,8,0,0,0,0,34,23,0,0,19,14,0,2,34,0,0,0,0,0,14,53
0,5,25,14,27,0,34,29,6,0,11,5,0,0,0,0,0,0,0,0,0,0,0,2,0,0,7,21,26,8,0,45
0,36,0,0,0,5,0,0,0,0,0,40,13,0,9,23,0,0,9,0,0,0,0,0,0,19,0,0,4,0,21,80
0,0,0,0,0,2,0,26,13,5,6,56,0,3,0,20,0,2,0,2,0,13,0,0,5,9,3,3,0,7,9,6
0,14,0,10,0,0,20,22,9,0,29,25,11,0,0,0,0,18,0,0,0,0,18,6,0,0,4,0,4,5,0,0
21,0,18,18,19,10,0,33,0,0,16,59,24,0,3,0,0,0,0,0,0,1,0,6,0,7,15,10,0,0,0,22
0,50,0,0,36,0,0,0,0,20,41,5,11,0,20,9,3,0,0,28,12,18,14,0,0,17,0,0,25,6,0,0
13,5,4,15,33,0,0,0,0,5,34,0,22,32,21,6,27,0,0,3,1,49,8,6,3,22,40,1,22,0,19,5
92,0,0,0,8,0,22,44,16,16,0,21,62,21,0,0,0,90,37,4,12,3,29,24,11,0,0,0,3,0,0,2
0,0,7,18,0,0,0,12,0,21,29,0,0,0,0,0,0,169,196,0,36,25,12,0,0,34,1,13,0,0,0,0
0,0,4,28,14,0,0,37,6,0,0,44,0,1,24,0,0,131,246,17,0,0,0,0,0,0,18,9,6,0,0,0
0,0,0,36,0,0,0,14,0,10,231,211,0,0,3,36,9,0,0,8,0,0,0,0,8,152,66,0,0,0,0,5
23,0,0,0,2,9,0,0,0,2,14,247,0,0,8,0,8,12,3,0,0,0,1,13,146,196,35,0,4,0,0,0
0,0,11,15,2,0,0,0,23,0,0,6,0,0,0,0,6,2,20,14,18,0,0,23,59,111,17,0,20,8,6,0
30,23,19,13,0,0,52,8,5,0,9,7,12,0,1,22,7,0,0,16,11,0,0,1,21,3,40,12,10,0,0,0
0,0,9,1,0,6,33,0,0,21,0,0,13,0,0,8,2,0,0,3,11,0,49,7,13,0,0,5,1,0,0,1
0,4,0,0,0,20,0,0,0,11,0,0,0,6,10,0,0,0,0,10,12,0,0,0,0,3,27,0,16,0,12,6
0,0,0,6,0,18,9,7,27,0,0,0,0,1,17,0,4,4,4,14,27,4,0,4,0,3,17,0,6,0,0,0
3,15,13,0,0,6,0,0,13,8,0,0,0,3,14,0,7,13,0,0,3,14,0,0,20,15,0,2,0,0,6,19
0,0,0,30,0,19,27,0,29,14,16,0,1,10,0,0,6,24,9,7,25,0,3,0,9,0,1,0,22,25,0,0
0,9,11,11,22,10,11,0,0,0,2,7,0,27,12,16,3,0,0,0,14,2,0,0,0,70,52,32,44,0,0,8
0,14,18,13,0,0,8,10,14,13,0,5,0,0,0,0,0,8,0,19,0,0,0,11,32,56,111,0,2,7,0,0
0,27,25,0,27,20,25,0,0,16,0,0,0,12,0,0,45,4,0,3,0,0,9,19,9,0,0,0,17,0,1,13
0,0,0,0,27,0,42,0,20,0,14,14,40,29,11,22,0,0,0,0,0,0,0,0,0,0,0,7,0,7,5,0
36,10,0,30,15,0,0,51,0,0,6,44,8,0,7,13,3,25,23,0,0,0,0,0,17,0,0,11,0,0,0,20
55,5,0,0,0,37,16,0,12,0,0,0,0,18,1,0,0,4,16,0,0,0,0,0,14,0,14,16,0,0,12,0
28,0,18,33,47,48,93,9,9,0,0,30,15,9,16,0,0,5,0,0,0,7,0,0,2,7,0,0,19,0,0,27
2,9,0,1,18,191,195,6,19,30,41,0,11,0,0,22,3,11,0,0,27,0,21,0,5,0,0,11,0,1,12,44
17,0,25,0,2,3,24,5,0,3,0,0,1,6,0,0,0,5,0,0,0,2,0,8,5,8,8,0,5,4,0,27
29,17,0,0,0,1,5,22,8,0,0,14,0,0,0,12,11,21,0,4,22,6,6,0,1,0,17,0,0,0,0,0
0,17,26,23,16,20,25,0,0,0,0,0,0,0,2,9,0,0,0,0,23,2,8,0,10,0,0,0,16,0,5,0
0,0,0,0,2,0,12,11,0,0,0,6,5,0,15,30,0,5,14,0,0,11,7,23,18,18,0,1,0,0,3,0
0,0,0,0,4,0,0,8,0,0,14,4,0,6,0,3,0,11,0,1,3,0,8,0,0,0,0,0,0,1,18,0
6,11,0,0,0,13,0,2,0,0,0,0,0,0,5,12,0,0,9,1,0,0,0,0,0,6,5,21,7,14,0,0
15,0,6,0,0,0,3,0,0,0,0,10,4,0,0,28,9,7,7,0,0,5,2,2,4,0,0,5,1,0,7,0
28,16,1,0,0,0,0,2,0,0,14,22,1,4,0,0,0,1,0,0,10,0,17,1,5,0,0,3,0,1,10,0
4,4,3,7,2,0,7,0,0,0,31,18,0,0,0,0,0,0,8,0,1,10,31,0,0,3,13,0,0,0,0,0
0,16,6,0,0,1,6,0,0,0,35,67,0,6,0,7,15,0,0,7,3,0,3,0,7,0,3,9,0,0,9,0
0,0,0,0,0,1,0,0,0,16,18,4,11,0,0,0,0,12,2,5,84,14,0,4,10,11,0,16,12,0,0,0
21,11,0,0,18,4,0,15,0,0,0,35,0,35,0,0,3,6,4,3,16,1,6,0,0,1,0,12,0,0,4,1
0,3,14,3,0,0,0,2,0,9,0,3,7,0,0,0,1,0,43,0,10,1,8,4,0,2,0,0,12,1,0,6
0,16,0,0,0,0,8,0,0,1,0,12,22,0,9,16,5,9,37,7,13,0,0,0,1,10,1,0,2,2,2,0
0,7,4,0,10,0,0,0,15,2,0,18,0,0,10,0,0,0,36,0,0,8,0,0,1,2,5,18,0,4,0,0
0,0,0,0,0,4,0,0,0,8,11,0,11,0,0,1,0,5,5,0,5,0,27,5,0,0,32,17,1,0,0,0
0,0,3,0,0,0,0,7,5,1,0,28,0,0,5,0,0,0,11,6,0,5,0,0,0,0,30,0,3,0,3,0
0,3,9,6,0,0,0,5,9,0,0,0,0,4,0,0,6,0,2,0,0,0,14,1,0,1,23,5,1,0,0,21
0,0,9,3,8,0,0,4,0,1,0,0,3,0,7,8,14,0,0,0,0,0,0,3,1,0,18,9,9,0,9,4
0,5,0,5,0,3,7,2,3,0,0,0,0,2,0,1,0,0,5,0,9,1,0,0,0,7,0,6,0,0,0,0
0,0,0,2,0,1,0,0,0,0,0,0,0,4,0,1,0,0,3,0,1,0,0,0,0,0,1,0,0,0,1,0
0,0,1,10,0,1,0,0,2,0,0,0,7,3,0,0,2,2,0,0,0,0,5,0,0,0,8,4,0,2,0,8
9,3,0,0,0,2,0,8,3,0,0,0,5,9,0,0,0,0,3,0,6,7,0,0,1,0,0,0,0,0,9,0
10,2,0,0,0,0,0,3,3,0,11,13,0,3,0,7,0,0,0,15,0,6,0,0,0,0,0,7,24,6,0,0
0,3,2,0,5,0,0,7,0,11,9,0,0,0,10,0,0,4,0,0,0,0,0,7,0,11,2,8,16,2,4,0
0,0,0,0,0,0,0,2,7,0,0,10,0,8,0,8,0,0,3,2,0,8,1,1,13,4,0,0,3,1,0,8
0,0,0,0,0,5,0,0,0,1,0,7,0,0,0,7,0,0,1,0,0,7,0,4,0,0,2,9,1,5,0,0
0,4,0,5,4,0,6,10,0,4,14,0,0,0,2,5,3,0,0,0,0,2,0,0,0,0,1,0,1,1,0,24
12,5,7,0,5,5,0,0,7,12,0,0,0,3,0,0,0,3,0,0,0,0,0,2,0,5,2,7,0,0,0,0
10,0,7,1,2,5,1,2,0,0,3,0,1,1,2,0,2,5,0,5,0,9,2,0,0,5,0,0,0,0,3,0
34,8,2,11,0,0,4,0,0,4,0,8,0,0,0,4,0,0,0,0,1,1,13,3,9,0,3,6,0,1,0,5
30,0,0,5,0,2,0,8,12,0,4,6,4,0,0,0,0,0,0,0,0,0,0,1,0,1,0,0,0,3,0,8
5,0,1,0,0,0,10,4,5,0,12,7,5,0,11,3,4,2,0,4,0,5,16,8,1,0,6,1,0,0,0,0
0,0,0,0,11,10,0,0,6,1,0,0,1,2,0,0,8,0,4,0,0,0,5,5,0,0,0,0,0,0,0,11
0,0,0,4,4,0,1,6,0,2,3,0,2,8,3,5,0,3,0,0,6,5,3,0,0,0,1,0,0,0,0,6
0,0,0,0,6,13,7,9,0,0,7,10,0,0,0,0,10,0,6,0,0,3,1,0,5,3,1,0,3,4,6,3
0,6,0,0,2,0,0,5,2,0,0,0,0,5,5,0,0,0,1,4,6,1,0,8,2,0,0,0,1,0,0,0
0,1,0,0,0,2,1,0,0,0,3,0,0,2,0,5,0,0,0,0,1,2,0,0,0,0,3,0,0,11,0,12
3,0,5,4,11,5,0,0,0,0,2,0,5,0,0,0,2,6,4,0,1,5,0,2,5,0,6,0,1,8,5,0
12,0,1,5,0,0,1,4,4,0,0,13,0,2,3,0,6,2,5,0,6,0,4,1,3,0,0,2,0,2,0,0
0,0,4,0,0,3,3,0,0,1,11,21,0,1,0,0,3,0,0,0,0,0,4,2,1,2,9,3,3,4,3,0
20,3,0,3,4,11,2,6,0,0,0,86,0,0,0,3,0,7,0,0,0,1,0,0,0,0,0,0,2,0,0,0
0,0,0,0,7,0,7,11,0,0,6,6,6,0,1,0,4,0,0,4,13,0,0,0,0,5,0,0,1,0,0,0
0,7,0,0,8,6,3,0,6,43,5,12,0,54,0,0,0,4,1,0,13,0,1,0,0,3,10,1,4,0,10,1
22,0,0,2,0,0,0,0,3,31,7,7,0,2,0,2,0,0,23,24,17,0,3,0,3,4,12,0,5,0,8,0
29,0,0,0,0,0,0,0,0,2,0,3,0,0,1,6,7,0,3,0,0,0,0,3,2,0,6,4,0,0,0,3
15,0,4,1,0,0,0,17,0,0,0,7,2,0,7,10,0,1,0,0,1,5,0,0,0,0,10,6,0,0,0,10
0,11,4,0,0,0,10,0,0,0,0,0,2,16,6,0,7,0,0,1,0,9,0,0,10,0,16,15,3,0,15,2
0,11,0,0,0,0,0,11,0,0,1,0,0,0,0,0,0,0,0,0,0,2,0,7,1,10,2,0,24,0,2,0
0,5,0,0,0,7,0,0,4,3,8,6,7,0,9,0,10,0,0,0,4,5,3,4,38,7,4,0,0,0,0,0
0,0,0,3,0,0,5,0,4,0,0,0,3,0,2,0,0,0,0,0,6,4,14,1,7,0,0,0,9,0,0,4
4,3,3,1,16,8,0,7,4,0,0,2,0,0,0,5,0,4,2,0,0,2,9,0,1,8,0,0,4,0,3,5
32,5,0,0,0,0,0,5,0,2,1,0,5,0,0,5,0,0,0,4,23,0,0,0,0,2,2,0,0,4,1,0
10,0,0,0,3,10,1,12,8,0,0,0,0,3,0,0,0,1,0,0,6,2,4,2,3,0,0,0,1,2,0,0
0,0,7,0,5,0,0,5,0,1,0,8,6,0,0,0,1,7,0,0,0,0,7,6,5,0,0,0,0,4,0,1
5,0,6,2,1,0,1,5,0,5,3,0,3,0,7,6,0,0,0,0,0,2,0,5,1,0,0,0,7,4,0,0
6,0,0,0,0,0,0,0,7,0,2,0,3,1,0,0,5,4,0,0,3,0,0,0,0,1,16,51,43,0,4,0
0,0,0,8,1,0,7,0,10,11,0,0,0,0,0,0,0,0,0,1,2,1,0,1,50,1,78,1,2,0,3,0
17,4,2,0,1,0,0,0,3,3,0,0,0,0,0,0,0,0,5,4,4,0,9,0,27,6,0,0,2,0,3,0
6,2,4,0,0,3,0,5,0,0,2,0,0,0,0,0,0,10,0,0,3,5,0,0,7,0,0,1,0,0,9,0
10,6,0,2,0,1,0,10,0,8,34,7,0,0,1,2,0,4,1,0,0,0,0,2,3,0,3,0,0,0,0,0
0,10,20,11,0,4,0,2,0,4,27,7,3,0,0,0,0,0,7,0,0,2,3,0,0,0,2,0,4,0,0,16
28,9,11,2,19,0,0,2,0,2,16,0,6,0,0,4,0,6,13,2,0,0,1,0,0,2,0,0,0,3,1,5
36,1,0,0,0,0,5,0,1,0,4,3,7,0,0,0,6,17,3,0,9,6,1,3,2,0,2,6,2,0,7,0
0,6,0,0,18,7,6,9,3,0,6,1,0,3,0,5,0,3,0,0,0,0,0,1,8,0,4,0,3,2,0,0
1,2,0,1,0,0,0,0,3,0,0,0,0,0,0,0,0,0,0,0,7,0,0,0,0,0,7,4,0,0,0,9
4,0,9,4,0,3,11,0,0,0,4,0,0,0,0,5,6,0,0,0,5,0,0,5,0,3,4,0,0,2,0,0
0,4,2,0,6,13,0,0,5,7,3,2,0,0,1,0,9,0,1,0,1,9,0,2,0,12,0,1,0,14,4,10
0,0,0,6,8,0,0,10,1,0,9,5,2,0,2,0,4,0,0,0,0,2,0,0,0,0,0,0,0,1,0,0
3,2,5,3,2,4,1,0,11,4,9,0,0,0,5,0,0,3,0,0,0,0,7,0,4,0,6,0,2,1,1,2
2,0,7,0,0,10,1,3,0,4,1,2,0,0,1,3,0,0,1,0,0,9,4,0,0,0,6,0,11,0,0,0
22,0,8,0,0,5,0,0,0,4,21,20,0,1,7,0,0,0,0,4,0,0,0,0,0,2,0,0,3,3,0,0
0,5,0,1,19,0,0,16,0,0,4,26,6,0,2,4,0,0,0,8,0,5,4,2,10,3,16,0,5,0,0,0
0,6,9,2,2,0,0,0,9,10,5,73,0,4,0,0,3,2,0,0,7,6,2,0,0,0,0,0,0,0,2,0
0,15,9,2,0,0,4,0,0,3,10,10,0,26,0,3,0,10,0,0,56,3,0,4,0,5,0,0,0,0,5,0
29,6,0,0,0,0,6,2,8,45,1,10,0,28,7,11,0,0,0,0,1,2,12,5,0,0,0,5,0,0,0,7
67,0,0,3,10,0,3,0,0,26,0,0,1,0,1,13,0,0,41,23,5,8,3,0,0,6,1,0,0,6,1,0
13,6,5,0,7,4,14,0,14,0,0,3,5,0,1,10,2,0,0,1,0,1,0,0,0,4,3,1,9,0,3,0
0,7,0,0,6,16,0,0,0,1,0,7,2,0,0,10,13,0,2,0,11,0,6,6,0,0,1,3,0,0,0,4
11,1,0,1,5,2,6,1,11,0,10,0,0,9,1,0,5,0,1,1,0,0,0,1,0,0,10,23,17,0,0,0
44,7,22,1,17,0,4,0,0,0,0,4,0,0,2,17,11,0,35,0,3,7,0,0,0,0,3,0,13,0,0,0
0,12,0,0,3,0,13,0,2,0,0,0,0,18,0,0,0,0,2,0,2,11,0,0,29,10,5,0,18,0,6,19
31,0,4,4,0,0,0,0,0,7,0,1,0,0,4,0,15,0,11,24,5,0,4,0,0,0,0,17,0,0,0,0
16,0,10,0,0,9,0,24,10,0,0,0,3,0,0,23,0,0,7,0,5,1,19,0,0,0,0,11,4,20,7,17
0,20,8,11,0,35,0,0,0,0,3,0,7,0,8,31,11,0,0,0,0,15,12,9,21,0,9,0,28,0,4,29
17,12,2,0,32,8,21,0,4,1,27,0,8,37,0,0,22,0,14,19,31,0,0,15,10,0,19,25,0,28,20,0
0,14,0,0,0,0,3,0,4,4,6,0,33,0,1,10,0,0,10,0,4,7,0,0,0,0,0,12,3,0,2,0
0,0,0,16,0,0,36,0,6,5,14,0,3,19,0,1,31,44,24,0,0,17,6,0,0,0,0,8,252,25,5,26
0,0,19,0,0,0,23,0,0,18,4,0,0,23,0,19,39,17,0,0,0,0,16,0,9,23,0,242,192,0,10,39
0,0,7,19,0,0,0,2,9,12,7,0,0,0,2,11,0,19,13,0,12,15,12,0,0,3,26,117,182,9,22,0
0,0,0,0,0,1,0,18,20,0,0,8,0,0,0,0,0,0,13,0,0,0,0,23,22,0,6,0,0,0,0,0
0,17,0,0,24,8,29,0,12,0,0,10,0,12,0,0,0,0,2,14,2,0,10,6,21,0,0,7,4,0,0,0
19,7,0,0,37,0,12,0,0,0,16,0,5,0,0,0,0,0,0,5,0,0,9,13,0,11,40,0,6,46,0,0
43,0,0,0,39,2,4,54,21,10,0,32,0,0,25,18,4,0,27,18,0,0,6,0,3,0,18,13,0,17,0,0
0,0,27,0,0,3,19,0,0,0,1,0,0,0,0,0,0,0,0,2,0,7,0,0,20,0,16,4,0,29,0,0
0,30,0,19,0,0,29,17,0,0,0,1,0,0,0,31,51,0,0,5,0,0,0,0,1,0,0,0,2,7,0,0
76,0,0,3,26,56,71,149,12,6,14,0,0,36,0,0,0,19,0,2,0,0,21,0,7,25,0,0,0,0,22,2
11,26,37,9,20,192,196,241,0,0,0,37,0,0,0,13,20,0,0,3,0,0,0,0,4,21,0,0,22,0,0,16
0,0,0,0,0,31,0,0,0,0,0,0,0,17,18,18,15,4,0,0,0,0,0,24,0,7,10,9,5,7,5,9
16,6,0,7,0,0,0,0,12,0,17,0,0,0,0,0,0,8,0,1,0,3,0,8,4,7,0,0,24,10,14,34
0,0,7,12,6,15,0,22,1,23,0,0,0,20,0,28,30,0,13,0,14,0,0,0,0,12,0,1,20,0,0,0
0,17,18,2,5,0,4,43,0,0,0,20,9,0,16,0,0,1,11,0,2,0,19,1,10,0,0,0,0,8,0,21
4,4,34,12,30,0,0,3,1,16,0,0,8,5,39,0,15,19,0,0,10,29,4,21,0,0,20,3,19,28,0,16
4,9,5,0,25,8,0,0,0,2,35,39,16,7,13,0,48,1,22,8,0,0,7,0,1,23,28,0,0,0,0,16
0,0,18,7,0,11,0,9,1,0,0,4,4,3,0,0,0,11,10,12,5,0,23,26,0,11,0,33,8,9,0,13
0,0,0,0,0,22,0,9,7,17,0,41,0,0,0,0,11,0,0,11,0,0,16,17,18,5,0,10,21,0,11,2
0,0,8,0,2,0,17,0,2,38,36,2,26,26,7,15,0,4,3,0,18,3,10,11,0,0,49,17,0,0,20,10
0,3,0,9,1,0,0,16,0,1,58,3,4,53,0,0,0,19,0,13,0,17,4,6,4,0,0,0,0,47,20,0
100,5,4,0,0,0,0,0,0,0,0,8,0,0,8,3,0,0,28,28,0,17,0,25,0,0,19,0,0,17,0,19
52,0,27,13,0,0,3,0,0,0,0,0,0,14,14,4,24,0,20,0,57,0,20,9,10,0,3,0,0,10,16,0
0,0,17,0,0,0,11,0,0,6,0,1,0,0,13,12,0,0,83,187,176,14,0,4,0,0,1,3,14,7,0,0
5,0,19,0,0,0,0,17,0,0,0,11,3,7,0,6,0,3,49,188,117,0,11,13,24,19,45,0,7,7,4,0
55,14,0,0,2,1,0,0,0,5,0,8,159,19,19,0,0,11,8,0,0,0,0,0,0,13,24,34,0,1,9,27
0,0,0,0,0,0,0,0,0,4,0,0,123,243,0,18,0,12,0,0,0,0,0,0,9,105,197,39,0,3,0,15
50,15,0,0,12,0,0,0,14,16,2,0,14,7,0,1,6,0,16,2,0,9,0,0,0,28,144,0,16,12,0,0
9,2,0,0,0,0,0,11,0,0,4,8,12,0,24,0,0,9,16,0,6,1,0,0,21,9,23,0,0,19,11,0
0,0,0,0,0,0,0,0,0,0,0,16,0,0,0,4,1,0,0,0,42,0,6,1,0,0,0,0,0,0,1,0
38,13,23,0,0,6,16,0,0,8,0,11,4,0,1,0,0,0,0,0,32,0,23,10,7,0,0,13,0,0,31,16
31,9,19,0,0,1,0,0,14,0,4,0,1,0,3,0,0,8,0,7,8,0,23,0,4,0,2,0,5,0,0,19
9,5,24,1,16,6,10,0,3,18,0,0,4,0,0,0,15,1,16,0,11,5,25,20,1,0,0,0,40,5,2,5
0,17,5,0,17,0,0,8,16,4,17,0,0,0,0,0,8,11,5,3,3,1,13,5,0,17,0,53,32,0,4,0
0,0,3,0,0,0,4,0,0,0,16,3,17,0,2,0,1,7,1,10,3,1,3,2,7,12,47,0,7,0,0,0
0,9,26,0,0,0,4,0,0,0,3,0,15,13,0,7,0,6,6,10,7,0,0,2,41,18,0,22,23,0,0,26
0,0,0,0,0,0,0,0,0,3,17,0,0,25,0,0,0,13,0,5,3,0,3,0,90,7,8,0,0,19,0,0
7,0,0,0,22,1,2,0,14,13,17,0,9,9,0,0,11,3,3,0,7,0,7,13,19,0,0,0,0,2,0,0
21,0,17,0,18,7,2,0,226,68,8,13,0,0,0,0,0,3,1,0,0,0,0,8,0,16,10,0,0,0,0,14
44,0,0,7,0,0,8,44,0,0,1,12,0,0,5,25,0,4,0,10,0,0,0,0,16,0,30,0,3,2,0,2
2,0,3,12,23,0,0,21,1,0,0,0,0,7,0,0,6,0,0,13,4,0,0,0,14,5,0,7,0,6,0,0
0,15,0,0,0,4,5,5,0,0,0,7,4,2,0,0,0,6,0,0,0,0,14,2,0,3,0,22,0,7,9,0
8,0,13,0,0,12,0,0,19,7,3,7,23,0,0,0,0,0,0,16,0,9,9,16,0,0,7,1,0,4,9,5
18,0,0,0,0,3,9,3,6,0,0,0,3,2,0,0,1,0,2,9,0,0,14,0,0,3,0,8,0,5,4,13
3,1,0,0,0,19,0,0,0,20,0,0,5,0,12,29,0,11,0,0,0,0,0,7,0,7,1,0,2,0,0,13
0,24,0,0,8,10,0,0,0,7,0,0,6,0,1,0,8,7,0,4,1,0,3,0,5,0,13,6,4,5,5,12
0,0,0,5,14,0,0,0,0,0,0,0,0,0,0,7,0,0,12,1,0,0,0,0,6,2,16,0,6,0,0,6
25,0,0,10,0,8,14,0,10,1,0,0,0,0,11,14,0,0,11,1,0,11,5,3,0,0,10,0,0,1,12,4
0,10,0,0,23,6,1,0,12,0,0,27,0,0,23,16,16,0,6,2,5,2,0,6,0,3,0,14,2,0,5,11
0,0,0,0,0,0,8,0,0,0,16,21,2,0,0,2,2,0,0,0,2,0,0,0,0,0,2,0,0,1,0,0
20,0,0,3,2,3,4,0,0,3,0,96,0,7,3,5,0,3,0,5,0,0,6,0,2,0,6,0,0,12,0,2
10,0,20,2,1,10,0,0,0,0,0,0,1,26,5,6,16,0,3,0,86,0,7,1,0,0,0,4,0,6,0,8
0,2,7,21,3,0,0,14,0,0,0,34,1,2,12,0,6,0,6,0,10,0,12,3,7,0,0,0,4,0,0,0
0,0,0,7,18,0,0,0,6,3,0,4,0,5,2,0,6,0,21,15,17,5,0,0,2,0,2,0,3,0,0,9
0,0,1,0,4,0,0,0,12,2,4,0,8,0,1,0,0,3,9,3,22,2,0,4,0,0,0,0,1,0,3,4
0,0,0,0,8,16,0,9,3,0,0,5,7,0,2,1,0,0,2,2,22,1,0,0,4,11,5,0,1,0,0,0
0,9,8,0,7,0,0,11,0,0,0,23,0,3,0,0,0,0,0,6,15,0,0,0,0,0,24,10,16,3,1,3
74,0,0,14,0,1,0,0,0,0,0,0,0,5,0,0,0,0,24,6,9,0,3,0,0,4,2,0,16,0,0,7
4,4,7,0,0,1,0,0,8,0,0,0,0,0,5,2,0,0,13,0,0,0,9,0,10,9,36,0,5,8,0,0
0,3,0,5,3,3,0,5,1,0,0,0,0,0,0,0,9,2,5,0,0,0,5,12,0,5,10,8,0,0,0,0
19,0,0,1,0,0,3,0,0,0,0,2,1,9,7,0,4,0,0,3,0,0,9,6,3,0,0,10,0,3,0,0
0,0,0,0,0,0,0,0,0,0,0,1,13,8,1,0,2,11,0,0,0,0,7,0,0,0,0,0,5,1,8,5
0,5,15,4,11,0,0,0,3,0,0,0,6,0,0,0,7,0,0,4,0,18,0,0,0,4,1,0,0,6,0,6
7,11,0,0,0,0,2,0,0,0,0,1,0,0,0,9,1,1,0,2,0,0,2,1,0,0,0,0,7,3,6,3
0,0,10,0,0,4,0,0,0,3,1,0,2,1,0,2,0,0,0,0,0,20,0,0,0,0,0,4,21,0,0,0
13,0,7,0,0,0,1,0,0,0,13,3,7,0,0,0,3,2,1,0,6,0,3,0,2,29,7,9,43,2,0,0
0,0,5,0,3,0,0,8,7,8,1,1,0,3,0,0,0,2,2,5,0,0,3,3,31,24,69,0,0,0,4,8
0,8,1,0,0,1,18,0,0,0,2,6,0,2,1,0,1,0,5,0,0,0,0,1,22,0,1,2,2,2,6,0
3,0,0,7,0,0,2,0,0,0,0,3,5,0,0,9,13,0,0,0,2,3,0,0,0,0,0,0,4,0,0,0
16,0,0,0,10,0,0,0,0,1,0,0,0,0,4,0,1,4,2,0,7,0,2,0,0,0,4,0,4,8,0,0
41,0,21,14,0,0,3,0,2,3,0,2,0,4,2,0,3,7,0,6,6,0,0,0,0,5,0,0,0,0,0,0
0,3,6,0,0,0,0,4,0,3,0,7,0,0,8,0,12,1,0,0,0,0,1,0,0,0,4,0,2,0,0,4
0,3,0,0,4,0,0,2,1,1,0,4,3,2,1,0,3,0,4,4,0,0,1,6,0,0,0,2,0,0,0,0
0,14,0,0,1,5,0,0,0,0,0,0,0,3,0,0,0,0,0,5,0,0,0,2,0,3,8,3,3,0,0,0
4,0,0,0,3,0,5,0,0,2,0,6,0,4,0,0,0,3,2,0,0,2,0,3,5,2,0,0,4,6,5,5
9,0,0,0,6,0,3,2,2,0,0,0,0,7,0,7,0,1,6,0,2,0,0,2,0,0,0,0,0,1,0,0
0,0,0,0,0,0,6,2,14,7,0,10,5,0,0,0,9,5,0,0,0,1,13,0,0,0,0,0,0,0,0,0
0,0,0,19,6,8,0,6,0,7,0,17,0,14,29,0,4,0,9,27,20,0,20,7,0,3,2,0,5,3,19,13
2,0,24,0,11,50,24,0,29,2,9,0,38,0,1,16,0,17,15,0,1,12,0,0,0,0,0,0,0,0,0,21
0,0,0,0,0,2,3,0,15,0,7,37,0,0,0,2,0,0,1,9,13,11,0,0,35,0,23,10,14,0,10,0
0,0,3,19,0,0,28,23,7,16,0,18,24,9,0,0,0,11,9,13,30,3,11,8,20,0,0,35,0,0,7,0
0,11,0,0,0,22,8,10,0,0,20,61,0,0,0,46,19,0,11,27,0,0,0,0,19,19,31,0,27,21,13,1
2,0,32,18,0,0,0,54,0,0,97,8,50,0,24,42,0,0,0,17,0,0,0,14,0,31,0,0,0,0,0,52
88,0,35,32,23,19,0,151,0,16,0,0,0,30,0,0,22,46,0,0,0,0,1,12,0,16,0,0,0,0,0,83
19,72,9,55,10,17,5,0,0,0,43,16,0,57,10,0,45,0,88,162,0,39,0,50,0,0,0,19,0,12,0,20
40,0,53,0,13,0,0,20,1,13,0,0,0,24,0,19,0,21,163,186,70,22,25,0,0,9,0,5,0,36,0,0
3,0,0,39,0,0,27,33,41,0,90,157,91,8,0,0,0,14,219,169,0,0,41,0,7,21,27,0,0,0,0,0
0,0,37,0,35,0,0,6,22,0,86,86,128,0,29,0,25,20,25,8,1,18,0,0,0,8,0,7,28,0,0,13
73,0,0,21,0,19,12,21,35,5,10,0,24,0,10,0,0,3,0,0,0,0,0,0,7,0,54,154,4,13,0,69
48,17,2,0,0,14,12,0,5,0,24,0,37,2,19,17,17,0,35,72,10,0,0,14,27,72,68,87,4,0,25,0
52,20,15,0,0,15,37,16,44,0,7,18,0,0,18,22,0,5,0,0,0,0,56,15,22,8,35,12,0,0,0,28
16,0,25,0,0,0,0,26,0,0,0,14,26,2,9,0,0,25,0,0,0,0,0,0,1,9,0,22,3,0,10,0
30,39,0,10,8,0,39,9,0,0,0,0,9,0,14,19,12,0,0,2,5,15,1,3,7,2,0,13,10,5,0,30
24,16,0,32,2,0,0,0,1,13,6,0,8,15,0,0,0,0,9,0,0,0,0,0,0,9,1,22,0,0,0,33
35,0,0,2,0,0,41,0,16,6,8,0,0,10,0,0,36,0,0,5,0,16,0,0,0,0,0,0,23,0,0,0
0,45,0,0,11,12,5,0,12,5,0,2,10,10,0,9,18,19,12,0,29,0,3,0,7,0,3,0,6,3,11,22
0,4,0,0,0,0,0,0,16,0,28,0,0,9,0,82,0,0,0,0,0,0,0,0,0,4,0,4,21,7,0,37
0,33,0,0,0,29,14,0,0,0,0,0,0,20,0,0,34,0,2,0,0,0,16,20,0,0,0,19,139,95,0,0
1,10,0,0,0,3,0,0,20,25,9,0,0,0,0,0,0,0,12,0,7,0,11,4,10,0,30,90,197,40,0,14
24,32,0,0,0,0,20,0,16,1,0,0,10,20,0,0,0,0,2,0,2,0,0,0,0,0,0,0,0,0,2,11
26,0,19,17,18,0,21,32,0,12,0,9,0,4,16,0,32,22,10,0,18,8,18,0,0,0,0,0,10,3,18,0
0,0,12,1,6,0,0,0,5,2,5,8,10,24,0,0,14,0,0,0,0,4,4,4,0,1,0,2,0,0,1,14
36,0,0,0,25,23,0,0,0,45,0,0,0,0,2,0,0,10,0,7,0,19,53,0,0,4,2,16,6,0,33,20
6,0,0,27,16,0,16,0,0,6,0,13,0,0,0,0,0,3,8,0,0,12,0,23,0,0,0,11,22,2,8,2
28,6,0,0,163,213,52,36,5,0,0,0,0,0,23,0,22,22,2,0,0,0,0,0,8,7,13,13,5,0,7,8
0,14,2,0,193,197,108,0,0,13,8,0,0,0,0,0,17,0,0,3,0,0,0,1,0,0,3,8,2,7,0,0
12,0,0,0,49,83,0,9,0,0,2,3,0,37,0,0,0,0,6,7,0,0,11,3,31,0,0,0,0,16,0,0
0,0,4,0,8,0,4,0,0,8,20,0,19,5,8,0,14,5,0,0,9,0,18,23,9,5,3,0,18,26,4,0
0,12,0,11,0,12,6,8,34,11,0,16,0,1,0,6,4,0,0,0,16,0,3,30,0,11,18,0,0,1,0,0
0,0,22,0,6,8,0,0,0,0,0,5,6,11,19,0,0,0,0,0,0,7,0,0,1,13,7,10,0,0,0,12
8,23,0,2,0,22,12,0,7,1,4,0,0,0,15,35,0,0,0,20,0,0,0,16,10,0,8,0,0,0,13,0
0,0,0,13,0,0,30,0,12,0,0,0,8,44,0,14,0,0,0,13,3,25,7,0,0,13,23,0,0,0,3,17
33,0,34,0,5,25,6,0,25,5,35,18,0,12,0,38,0,5,9,0,5,9,0,20,0,0,2,13,0,0,12,45
0,0,0,8,0,0,0,8,17,4,4,46,41,5,0,0,0,7,0,0,0,0,13,0,0,0,3,0,0,0,0,7
63,0,47,7,45,0,3,0,15,11,32,77,0,10,0,34,19,0,0,7,0,0,0,6,0,2,0,0,0,14,0,2
0,10,16,0,0,4,0,0,7,1,45,21,0,42,14,0,0,0,0,11,86,12,32,0,30,3,24,0,0,51,12,0
0,0,0,24,12,0,0,6,29,32,73,22,0,15,34,0,8,0,0,13,16,6,3,0,0,0,0,18,0,16,0,0
0,0,0,17,1,4,25,0,35,0,44,19,35,12,1,4,14,109,95,10,21,0,41,0,0,0,0,19,0,0,0,0
2,0,0,41,0,0,57,0,0,6,49,34,0,1,0,0,0,155,196,156,13,0,22,14,16,0,27,0,0,0,0,33
0,21,0,0,0,0,0,0,0,33,50,0,31,10,0,0,0,75,148,10,18,10,0,28,27,0,23,2,0,6,0,0
0,11,52,0,0,0,0,19,0,0,197,192,0,3,0,0,0,18,16,0,0,4,0,1,0,48,97,0,23,6,0,12
84,0,0,1,0,1,0,0,25,13,228,90,0,19,0,0,0,0,6,17,0,2,0,0,0,87,197,22,0,2,0,0
0,0,0,2,22,0,0,11,25,16,0,0,11,9,24,0,17,6,12,24,3,4,0,0,0,155,253,0,0,0,15,0
8,0,10,0,0,9,10,0,0,0,12,6,9,0,1,8,0,13,0,0,0,18,32,7,0,0,0,0,7,0,0,13
10,0,23,0,0,13,1,9,2,0,16,1,0,6,11,0,0,0,0,28,10,0,2,0,9,25,12,0,0,11,22,0
38,11,11,0,10,0,0,0,0,0,0,23,0,0,0,13,0,16,0,1,1,20,0,0,0,10,16,5,0,0,0,0
26,0,0,28,0,0,0,0,0,15,7,0,0,3,0,0,0,0,13,22,4,7,0,19,0,0,36,0,35,13,0,0
14,38,0,0,15,3,0,18,0,12,0,0,0,0,0,9,0,0,10,0,24,1,24,0,0,0,3,5,0,16,0,0
0,35,19,0,4,0,31,0,5,12,0,0,26,0,0,0,28,6,1,0,0,6,16,0,0,0,0,9,50,0,0,14
17,26,7,0,29,34,21,0,23,12,39,1,12,16,0,0,27,15,3,6,35,0,20,6,20,0,22,35,0,14,0,0
0,0,11,0,27,0,1,0,21,2,21,12,0,3,11,27,3,7,0,0,26,9,0,52,0,0,179,4,0,0,19,56
0,17,27,0,0,0,0,0,13,0,0,3,0,0,0,0,22,0,0,23,0,2,0,1,0,0,76,0,0,6,7,0
23,0,0,16,0,0,18,10,2,0,0,51,3,0,0,0,27,0,0,0,18,0,19,0,0,21,20,0,9,4,4,12
0,25,11,0,0,4,17,0,8,1,0,2,0,26,4,0,50,2,13,8,31,1,8,18,5,0,10,0,4,16,5,0
15,2,14,0,21,17,12,4,5,0,0,51,14,1,0,0,0,4,2,13,0,1,22,23,0,39,10,46,0,4,2,0
32,0,4,3,0,222,178,0,0,0,1,6,0,0,0,0,0,0,0,0,0,8,16,0,0,24,0,0,3,0,0,5
31,4,14,0,65,25,190,0,0,3,9,0,0,0,0,0,0,8,2,14,6,0,0,0,0,17,0,0,0,0,24,14
43,13,0,10,0,1,0,14,0,0,0,0,12,11,0,0,0,9,0,3,0,0,9,0,3,0,0,5,0,2,20,0
11,0,11,5,27,0,8,8,9,0,11,0,0,0,0,0,1,0,0,0,0,13,8,28,0,4,0,5,11,34,27,0
3,16,5,0,0,0,0,0,0,0,0,0,1,4,0,3,0,9,2,11,0,5,11,0,3,20,15,0,0,0,0,0
0,0,0,9,0,0,0,6,8,0,0,2,0,9,0,0,24,0,0,0,0,31,0,0,3,0,0,10,9,0,0,8
0,3,0,0,9,0,0,0,0,0,10,0,0,1,0,12,0,3,1,0,4,0,0,0,6,6,0,3,0,3,0,4
14,0,0,0,0,0,0,0,1,5,0,1,0,0,0,0,0,1,12,0,3,0,0,2,0,3,2,0,3,0,0,6
3,0,0,0,0,0,0,2,2,7,0,0,0,0,4,22,0,0,2,0,0,0,9,2,3,1,5,9,0,0,1,0
0,0,1,1,0,0,6,0,0,0,22,18,0,7,0,0,4,0,0,2,5,0,0,0,0,2,2,0,5,1,8,0
0,6,1,3,0,0,0,11,5,0,11,23,0,0,0,7,0,2,0,0,0,8,3,0,9,0,0,0,0,2,3,0
10,8,0,0,0,3,8,0,0,4,15,86,9,4,0,0,0,4,5,0,0,0,5,4,0,1,3,1,0,0,0,7
16,5,0,0,0,0,0,0,0,27,10,4,0,4,0,10,0,0,0,0,78,1,0,0,5,3,0,0,0,0,0,0
0,0,3,0,4,0,0,0,0,0,0,19,0,16,0,0,1,0,0,0,12,0,2,5,3,1,0,0,0,0,1,0
119,0,0,0,0,0,14,0,0,18,21,0,2,8,0,0,0,4,46,0,7,6,3,0,0,8,7,0,0,0,0,0
12,0,2,0,1,5,0,1,0,1,0,4,0,0,0,5,0,0,37,5,0,2,1,12,8,0,1,0,1,11,3,11
40,1,0,0,0,4,0,6,0,0,0,22,0,0,1,0,4,0,32,0,0,0,0,3,0,0,0,15,0,4,2,12
0,5,2,0,1,0,13,9,0,0,3,24,4,0,2,0,2,6,4,3,2,3,0,1,0,0,25,8,0,0,0,0
0,0,0,0,22,0,0,1,0,0,3,33,4,0,0,28,0,0,9,0,0,0,0,0,5,0,1,7,16,0,3,14
3,0,6,1,6,0,0,5,5,3,12,0,0,3,1,3,9,0,7,0,0,5,0,4,0,0,2,0,0,9,0,6
5,3,0,0,0,2,0,0,0,7,0,0,2,3,7,0,11,9,7,0,5,0,16,1,0,0,0,0,0,5,1,0
0,0,0,0,0,0,0,13,0,0,3,1,0,6,0,0,2,2,0,1,6,0,4,3,1,0,0,0,9,0,0,10
0,1,4,17,0,0,0,0,0,0,0,11,8,0,0,11,0,3,0,7,0,0,1,0,9,3,0,0,2,0,0,20
22,5,0,11,16,0,0,0,2,0,0,0,0,0,3,13,0,0,0,0,0,0,0,0,0,0,0,1,3,0,0,17
0,8,2,0,0,0,0,0,2,10,9,0,6,18,0,0,0,0,0,0,2,6,3,0,3,0,0,0,0,6,8,41
23,0,0,11,0,0,1,3,3,2,1,5,0,0,0,0,0,0,5,1,0,0,5,2,1,2,5,0,13,41,0,33
0,2,0,0,2,8,0,2,2,0,11,0,0,0,0,11,3,9,0,0,4,0,2,3,0,13,0,25,2,4,0,0
10,5,0,2,0,14,0,0,0,1,0,0,0,2,0,7,3,2,2,3,0,0,7,0,29,1,0,2,0,0,7,4
0,0,10,2,0,3,0,0,0,6,0,0,0,0,0,1,0,1,0,0,0,0,0,1,18,0,14,0,1,3,0,0
0,4,0,6,0,0,0,0,2,0,0,1,5,0,0,3,2,0,0,5,0,0,0,0,1,5,0,2,0,0,0,4
0,0,0,6,11,5,0,3,0,0,25,12,1,0,0,0,1,2,0,0,0,0,0,0,15,1,15,1,0,1,6,9
58,0,22,0,11,1,2,0,10,0,18,5,0,5,0,0,0,2,0,11,12,1,0,2,4,0,8,2,0,0,1,0
0,0,16,9,11,0,0,3,0,0,4,0,5,0,0,15,0,0,0,1,0,3,2,0,4,16,0,0,0,0,0,3
0,10,3,0,4,1,8,0,0,0,0,0,0,0,4,6,0,0,4,0,0,0,1,0,0,0,0,0,8,4,0,9
42,17,0,0,12,0,3,14,0,1,0,5,0,0,0,0,0,0,3,0,1,0,0,6,0,6,5,0,0,2,0,0
0,0,0,0,0,0,2,1,2,0,8,14,0,0,2,5,0,0,0,0,0,8,4,1,5,0,0,0,11,0,9,12
0,8,7,0,8,0,14,0,5,0,1,2,0,0,0,0,5,11,8,0,5,4,0,0,0,3,0,0,6,0,2,18
0,0,0,2,0,0,3,0,0,5,0,6,0,0,0,3,2,0,0,0,2,0,0,14,0,0,0,1,0,2,0,0
37,0,13,6,0,0,41,7,0,0,0,0,0,0,0,1,0,0,19,1,16,18,0,0,0,0,2,0,19,0,0,41
0,0,0,16,0,46,0,0,1,32,0,0,0,8,5,35,1,16,0,13,9,0,0,16,0,10,30,2,0,13,17,0
12,4,0,0,0,11,0,0,0,0,10,0,0,0,0,0,0,0,4,25,0,0,3,3,0,20,19,0,0,11,0,19
4,18,0,0,0,39,0,17,0,0,25,0,10,12,0,0,14,30,6,4,8,0,1,0,0,4,16,10,0,0,27,31
0,0,0,26,0,0,0,51,0,0,0,2,16,39,0,0,0,0,0,16,0,0,0,4,0,0,2,4,0,26,0,0
48,5,8,0,0,1,0,0,0,0,13,110,0,27,24,0,0,5,0,3,1,5,30,28,4,0,0,0,28,14,0,0
0,0,0,6,0,0,0,14,18,12,21,0,33,26,0,0,0,0,0,10,10,0,28,0,0,7,19,14,0,0,20,0
0,0,0,0,14,0,13,0,32,24,0,16,0,29,0,0,0,6,120,156,32,0,0,6,0,0,0,0,0,0,0,0
0,0,9,0,19,12,44,0,27,50,70,0,0,1,0,0,21,29,129,181,65,3,0,0,0,4,0,0,4,15,13,44
0,5,19,0,0,0,0,0,83,134,67,0,8,0,0,8,24,0,35,95,9,9,0,19,0,16,8,0,0,12,0,7
0,0,0,6,0,0,7,13,10,36,191,17,15,0,14,0,0,12,0,0,0,10,7,3,0,0,0,0,2,6,0,9
0,1,0,0,28,0,0,0,0,0,0,0,20,24,5,13,8,0,10,2,10,16,6,0,32,130,12,21,0,0,1,39
0,0,0,16,0,32,12,0,4,34,21,0,16,0,0,6,0,3,0,0,23,0,19,23,31,86,45,0,20,19,0,0
0,0,20,0,46,0,2,31,0,0,13,2,0,0,0,7,58,12,0,13,20,2,4,0,0,53,0,33,0,10,0,31
0,0,0,9,0,0,9,4,0,24,0,57,5,0,27,48,0,12,0,0,0,0,26,4,0,5,0,27,26,0,30,5
44,0,0,0,0,0,10,0,2,0,0,0,0,15,5,0,0,0,14,0,0,7,16,0,13,0,0,0,25,0,0,21
0,0,20,5,0,0,0,10,32,20,12,0,6,10,2,0,0,15,18,0,0,23,51,9,0,0,0,0,0,13,0,21
0,0,24,22,38,13,4,40,0,6,16,0,12,9,13,0,8,2,0,0,0,15,7,0,0,0,8,4,34,0,0,0
31,36,0,0,0,41,0,18,0,3,0,0,0,0,10,0,0,18,19,0,0,0,29,0,0,0,13,0,20,31,0,0
0,0,25,16,0,43,57,0,47,20,0,0,0,0,0,1,0,2,10,15,14,20,0,0,0,21,0,0,50,0,0,10
19,0,22,12,30,33,0,0,0,1,0,53,0,0,0,65,0,46,12,0,0,19,0,0,0,22,68,144,16,20,0,22
0,0,30,0,0,13,3,33,0,4,0,0,0,19,0,0,16,0,29,17,10,0,0,0,0,7,36,195,0,3,0,0
42,4,15,0,0,0,0,0,0,0,17,4,0,11,3,9,0,21,22,0,7,4,29,0,14,0,107,36,29,18,19,0
0,1,0,0,0,0,0,0,0,43,0,0,0,0,0,27,0,0,3,0,0,0,42,0,0,0,0,0,0,0,14,0
0,12,19,14,0,15,0,10,0,0,0,0,0,58,12,0,2,17,0,0,0,0,2,6,25,0,39,0,0,18,16,40
0,0,0,19,0,1,0,7,0,0,0,26,0,10,23,8,0,16,5,0,7,0,26,0,11,29,1,33,0,0,0,34
29,12,56,0,28,0,2,0,0,12,0,6,0,0,0,0,41,25,7,0,27,0,0,0,12,0,75,19,7,32,13,0
11,0,0,46,214,0,9,0,8,5,0,0,0,0,0,13,4,0,13,0,16,8,0,4,45,33,0,29,0,0,6,0
0,3,197,191,191,89,33,0,11,4,43,0,0,29,0,0,0,23,0,19,0,0,12,0,0,21,0,0,1,4,11,0
17,16,195,198,195,37,7,14,49,11,0,1,0,26,0,0,6,4,2,16,12,0,10,0,0,0,0,4,44,32,16,26
0,0,0,31,0,0,0,45,18,0,16,0,0,0,15,0,0,0,12,7,16,0,0,0,6,12,0,0,0,0,0,52
0,0,7,0,0,18,9,0,6,1,0,0,7,0,16,0,0,0,28,0,0,0,0,0,17,16,0,0,3,0,5,17
0,9,0,0,0,0,0,3,10,8,5,15,42,17,0,0,30,0,17,9,28,13,6,6,4,0,0,0,0,0,0,0
3,9,0,1,14,14,0,7,2,7,35,0,28,5,0,24,0,0,2,0,0,8,0,7,6,0,31,1,6,9,0,6
44,0,17,0,17,1,13,12,0,0,0,38,5,0,16,15,15,0,13,0,0,5,0,8,12,0,12,0,16,18,0,10
45,0,0,2,21,0,39,0,0,9,0,58,0,20,0,0,9,22,2,0,9,5,0,5,0,3,0,0,0,0,0,0
19,10,0,11,25,8,1,0,0,1,8,24,0,13,1,0,23,0,0,10,25,20,0,0,0,10,4,10,0,0,0,0
1,1,16,3,0,3,0,0,16,0,0,75,13,0,25,0,0,0,0,0,12,6,6,0,0,18,0,5,24,0,10,9
16,0,22,13,21,0,0,16,15,10,29,10,0,9,23,0,0,0,4,48,46,0,7,13,13,0,0,0,0,28,0,0
4,0,0,16,0,13,25,5,0,3,19,58,0,0,20,28,30,2,19,0,10,0,0,0,0,5,22,0,14,5,0,0
0,0,0,0,0,0,0,1,0,0,64,34,32,2,20,0,8,105,68,6,12,9,7,0,0,21,37,14,0,26,0,25
8,0,14,0,21,0,0,45,0,0,0,14,0,0,11,5,111,63,54,14,15,18,1,21,0,0,9,0,0,0,5,0
80,53,36,0,0,8,0,0,3,28,89,0,0,0,0,0,192,191,8,0,25,0,0,14,0,0,0,13,0,0,27,33
9,0,24,16,16,17,2,27,196,192,0,4,12,0,0,31,84,114,14,0,0,12,0,0,0,28,78,0,0,15,0,14
0,9,16,10,3,10,0,0,75,127,0,0,8,0,16,0,18,0,10,0,0,19,0,0,24,32,0,40,0,0,1,16
61,0,0,0,0,0,0,12,8,20,0,19,0,7,0,0,0,4,10,0,0,1,7,44,118,16,6,8,0,11,0,0
43,0,0,50,0,0,8,0,0,0,18,0,0,0,4,0,5,2,0,0,0,0,3,159,127,0,32,12,7,0,0,14
0,44,0,0,0,4,15,0,0,19,26,0,9,16,0,0,0,0,0,0,0,5,21,12,0,0,0,13,0,26,0,0
18,25,0,35,0,0,9,0,0,24,0,0,23,0,0,11,0,0,2,28,0,31,4,10,0,1,1,0,0,16,24,0
32,2,0,0,0,0,27,31,4,0,0,12,0,3,0,0,25,17,6,8,26,1,0,20,11,19,0,33,19,8,0,0
0,0,0,0,24,11,0,0,2,14,0,0,0,6,10,3,0,26,0,11,3,0,17,21,29,31,0,0,15,4,18,36
42,18,0,0,0,25,59,20,11,0,0,11,0,0,31,32,31,0,7,21,0,4,0,0,0,11,2,8,55,0,20,7
33,16,0,16,5,0,9,0,5,23,10,0,14,27,0,16,0,20,0,5,6,2,4,0,0,0,0,0,0,0,22,27
0,0,0,17,2,0,18,3,0,31,0,0,11,0,14,0,0,11,0,29,0,0,0,0,7,33,59,4,8,0,0,0
52,2,0,0,0,14,0,0,23,24,55,9,0,26,7,0,0,7,4,0,2,0,12,145,15,0,0,17,3,0,2,0
2,0,11,26,13,0,7,5,0,0,46,4,7,0,0,0,0,3,7,5,0,0,0,93,0,11,3,0,19,32,0,0
0,10,6,0,5,0,0,8,0,0,0,2,9,6,50,17,23,0,0,10,2,1,0,8,2,9,0,6,0,0,3,6
63,25,3,0,3,17,0,0,0,5,0,0,39,0,0,0,17,0,0,0,0,0,0,52,14,11,2,31,0,3,0,0
19,0,14,0,0,4,0,0,0,21,0,0,15,6,1,0,10,0,16,18,0,0,6,0,30,0,18,0,19,0,0,16
12,0,0,177,16,12,13,0,0,8,17,0,3,0,0,14,8,0,0,11,0,24,8,0,0,6,0,0,0,0,2,0
44,0,0,154,26,10,17,0,5,14,17,17,0,0,0,0,13,16,7,8,16,7,3,4,6,0,1,3,5,0,14,15
27,0,6,7,4,0,0,15,4,7,8,0,0,9,7,0,0,0,0,0,2,0,0,0,14,5,0,0,9,0,6,0
19,9,0,14,4,2,0,16,0,4,13,14,5,0,0,0,18,0,0,0,0,16,6,6,0,8,4,0,0,6,16,1
0,0,0,0,0,0,0,0,0,4,0,5,0,0,2,10,0,0,0,0,0,14,0,0,4,1,0,0,0,0,0,0
0,0,0,4,0,0,0,16,3,2,15,0,0,0,0,0,0,0,0,0,0,0,1,3,0,0,0,1,0,0,0,0
18,0,0,7,1,0,1,0,0,3,0,0,0,6,0,5,0,3,0,0,4,0,0,0,5,0,0,0,0,0,0,7
9,0,0,4,12,7,0,2,0,0,0,0,0,0,8,0,12,0,0,1,0,1,6,11,0,4,0,0,0,7,0,13
3,0,0,0,0,6,0,0,0,8,10,31,0,7,0,1,6,2,0,0,5,0,0,2,0,0,0,0,0,0,0,14
0,0,9,0,5,0,5,0,6,0,10,9,2,0,0,0,0,0,2,0,3,13,0,5,0,0,23,5,0,11,9,0
23,0,3,0,0,0,9,0,0,6,45,85,3,4,0,0,14,0,0,3,0,0,0,3,0,8,0,0,0,5,0,0
0,0,0,4,1,0,0,0,4,2,25,3,11,0,0,11,0,0,0,1,50,9,0,0,7,7,0,0,0,0,0,5
0,3,0,0,0,7,9,0,0,24,15,7,7,33,0,0,3,5,2,1,13,9,0,1,0,0,7,7,3,6,1,0
30,4,0,0,0,0,0,0,0,55,12,3,19,0,3,0,2,23,22,16,15,9,0,4,0,0,13,6,0,0,0,0
0,0,0,2,3,0,0,0,4,5,15,0,11,3,3,0,0,0,33,0,0,6,9,0,0,0,13,0,0,0,0,9
40,7,2,0,0,1,2,0,0,0,27,0,0,10,4,5,6,0,23,2,0,3,0,0,0,0,0,0,0,5,3,3
0,0,0,0,0,0,0,0,0,24,5,0,0,0,0,8,0,0,0,2,0,5,0,0,0,1,13,0,0,5,0,0
103,0,0,2,0,0,10,10,4,0,13,0,0,0,0,3,0,0,9,0,2,0,0,0,0,0,0,0,12,0,0,18
0,2,0,0,0,0,0,4,1,8,2,2,7,1,7,0,0,3,4,2,3,0,0,0,25,6,1,0,8,0,0,0
0,0,0,0,0,0,0,0,0,3,5,0,1,3,6,4,0,0,7,0,0,6,9,4,3,0,0,16,5,5,0,0
8,0,1,0,0,0,0,9,0,0,0,0,1,3,0,0,0,0,0,4,0,0,11,0,3,3,0,0,4,0,0,0
22,0,7,0,1,0,4,8,4,1,12,0,0,0,0,0,0,0,2,3,16,1,4,7,3,4,11,8,0,0,0,0
19,0,0,0,0,7,0,0,15,6,0,3,1,0,5,7,0,0,4,2,7,0,5,0,0,0,6,14,0,2,0,8
10,0,0,0,9,0,0,0,0,0,0,0,7,7,6,0,0,0,0,5,1,3,0,4,0,8,0,0,0,4,8,0
0,0,4,1,0,0,0,4,6,0,0,0,4,0,0,4,0,1,0,0,5,0,7,9,0,13,0,0,53,0,0,4
21,9,8,0,0,2,1,0,5,0,0,0,10,0,0,0,0,0,5,4,4,0,0,0,2,0,0,12,45,4,0,0
0,11,2,9,7,3,5,0,0,3,0,0,0,9,0,8,0,0,1,0,1,0,0,0,19,12,38,0,2,0,0,0
0,1,9,8,0,7,3,10,0,0,0,0,0,3,1,0,0,5,0,6,4,0,0,3,13,9,4,0,0,0,0,0
9,7,0,3,0,2,0,0,0,0,0,0,0,9,0,0,6,2,3,0,0,2,0,0,11,0,4,6,4,0,9,7
0,1,6,7,5,0,4,0,1,1,51,0,0,0,0,1,4,0,2,2,2,0,0,0,0,2,0,1,0,0,0,0
20,0,3,15,2,13,0,0,0,5,6,10,7,10,3,2,16,1,3,8,4,8,0,5,0,0,6,0,0,0,7,0
34,0,0,9,0,7,0,0,0,1,10,0,0,0,0,0,0,0,0,7,0,1,18,1,1,11,0,4,0,0,0,0
0,0,3,4,0,0,1,0,0,0,0,9,2,0,1,3,9,0,0,9,0,0,0,0,7,8,3,0,7,0,0,7
43,0,0,0,0,0,0,0,6,1,11,0,4,0,9,0,0,0,1,0,3,0,6,0,3,0,0,0,2,0,0,0
7,0,0,5,0,6,0,16,1,0,0,3,6,0,4,0,0,0,0,8,1,0,0,0,3,0,3,0,4,0,0,0
5,0,5,0,0,0,1,1,4,0,0,2,0,0,0,18,0,0,0,7,0,1,0,2,0,0,6,3,7,0,0,19
3,3,2,0,3,4,0,0,10,1,9,0,0,7,0,0,0,5,0,0,11,4,0,0,0,0,0,6,1,0,4,8
0,0,0,0,11,0,0,0,0,1,6,8,0,0,13,40,15,4,23,12,0,0,0,0,0,7,7,0,10,11,0,18
0,11,13,0,25,0,7,30,8,0,0,35,13,0,1,19,0,1,0,3,10,0,13,0,0,1,21,0,20,19,7,0
1,0,19,0,27,11,0,7,21,6,0,18,5,6,0,0,0,0,16,0,0,0,45,9,27,23,0,19,0,14,0,0
0,4,0,0,9,32,7,0,0,0,0,0,3,28,3,8,6,0,0,7,2,0,17,0,0,0,11,0,0,34,0,0
0,3,2,0,0,2,0,0,0,0,13,0,0,20,18,0,0,19,0,0,0,0,0,0,4,13,7,0,2,6,3,6
46,0,0,22,4,13,0,0,0,26,70,41,0,43,10,0,1,0,0,2,0,0,0,10,0,0,15,0,0,18,0,0
72,0,20,0,15,0,13,0,13,0,0,6,0,11,0,0,9,0,10,3,0,43,0,0,0,33,6,32,3,9,15,0
0,49,0,0,48,0,0,10,0,16,0,45,41,15,11,0,1,77,193,24,0,26,42,0,0,0,33,40,39,26,3,0
36,43,0,4,0,0,0,7,60,169,0,11,37,23,35,0,0,215,196,99,0,8,0,6,0,0,14,0,0,48,19,30
35,0,23,0,0,16,34,0,187,228,53,8,16,0,0,9,25,80,249,6,0,0,13,8,0,0,0,12,10,34,0,0
75,9,11,9,0,0,0,5,0,74,62,0,19,0,0,0,11,0,0,22,0,6,8,0,117,0,0,0,0,3,9,19
0,0,1,7,0,11,12,10,19,32,0,0,15,0,0,0,0,18,1,0,0,0,8,25,139,112,0,0,33,15,0,0
82,2,0,0,16,0,0,14,0,0,0,0,0,0,4,0,0,0,0,0,9,0,0,98,32,0,5,36,0,0,7,0
39,0,11,0,1,34,0,0,0,21,7,0,20,0,11,0,0,0,0,0,0,0,20,9,3,0,12,0,6,11,4,31
0,0,0,0,3,3,0,30,0,0,0,0,0,8,0,31,0,1,13,10,14,0,26,8,16,10,18,11,0,7,14,14
10,7,39,0,0,14,13,0,3,0,2,0,4,0,0,5,26,16,1,0,8,5,24,0,1,1,0,0,0,0,21,11
41,14,13,25,0,0,0,0,18,10,9,4,0,20,0,53,10,26,1,8,9,1,14,0,0,0,0,3,0,19,0,29
0,32,13,23,46,17,27,33,14,0,10,0,0,28,0,0,0,16,24,0,43,12,0,10,22,16,4,0,0,14,0,18
0,0,0,0,0,20,26,0,22,0,0,9,0,0,0,14,0,4,0,8,34,22,0,4,0,0,0,4,0,0,10,42
0,15,0,0,24,0,0,0,13,0,0,0,0,0,17,11,41,23,0,0,52,0,0,0,24,107,195,0,31,56,0,0
70,13,0,0,0,6,0,8,25,0,14,36,0,0,7,0,0,0,0,3,0,0,3,28,98,197,198,11,49,7,1,0
0,0,0,55,0,0,21,5,0,0,0,0,32,0,12,39,9,13,0,18,0,57,0,9,62,127,97,0,20,7,0,30
0,0,0,19,33,5,32,0,16,30,12,0,4,7,0,0,22,11,9,0,36,0,12,8,9,0,0,0,0,0,0,0
26,0,0,0,0,34,0,29,2,0,48,16,24,12,0,0,0,0,0,0,30,14,0,1,0,0,10,0,0,0,6,26
20,0,14,27,13,16,0,10,0,10,31,22,0,0,26,6,0,0,2,0,0,24,0,0,42,17,0,33,0,0,21,0
35,9,7,0,16,10,80,28,30,32,0,0,0,9,0,18,4,0,6,16,0,0,0,0,0,0,3,8,0,9,0,39
16,15,46,42,0,6,0,19,32,0,0,12,0,0,11,9,18,0,40,0,35,4,7,40,0,9,0,0,0,0,22,0
0,78,189,193,108,46,0,23,9,25,0,0,15,6,24,0,43,25,11,0,8,37,0,0,0,2,33,42,14,0,0,0
0,68,194,189,193,8,0,0,20,0,29,9,16,8,0,0,35,14,0,0,0,9,0,0,3,0,10,0,0,0,28,0
41,0,0,30,0,0,0,34,0,0,26,39,18,5,40,14,16,0,0,43,0,29,0,0,28,25,0,21,34,9,0,3
0,25,0,0,17,0,0,42,7,1,0,5,25,0,5,5,30,0,7,0,13,4,6,8,24,4,26,0,23,18,3,34
5,15,6,0,0,0,4,0,0,20,18,1,0,5,0,1,4,0,0,21,12,0,15,0,0,0,0,0,16,0,28,0
0,41,0,0,0,0,10,0,0,0,0,0,0,12,22,33,0,1,12,0,14,9,0,4,0,17,1,17,0,2,9,39
0,2,5,0,0,0,0,16,43,5,10,0,18,15,8,0,0,0,0,7,0,0,28,4,11,0,53,18,0,0,6,3
0,25,0,0,11,16,8,4,20,4,0,5,11,63,5,0,0,11,23,0,29,3,0,19,21,23,3,0,0,0,0,0
17,1,16,0,1,0,2,0,54,0,0,19,5,0,0,41,0,0,0,0,0,18,0,3,0,15,2,0,0,0,0,12
8,5,0,4,17,0,5,3,10,0,41,0,9,0,0,0,0,0,0,16,0,0,0,27,14,6,0,21,16,0,0,35
1,0,16,28,0,0,0,0,1,0,37,25,0,13,0,0,0,0,0,27,0,0,32,0,0,10,0,2,0,18,0,0
25,26,9,0,35,31,8,0,9,0,12,11,11,29,11,0,0,0,0,0,7,0,3,50,14,0,6,0,0,29,5,16
40,0,0,0,0,0,21,10,0,39,23,8,0,31,0,0,0,86,203,0,0,5,14,9,0,24,1,0,25,2,0,0
0,7,4,6,0,14,12,16,8,13,37,0,35,0,0,0,0,99,192,0,0,0,10,0,24,20,9,45,32,0,0,21
0,27,0,8,0,13,0,13,103,2,19,41,0,0,51,31,24,197,186,0,12,0,0,0,3,17,24,0,18,0,32,18
7,1,0,11,17,0,14,0,192,196,48,0,0,12,0,0,14,13,21,14,0,13,0,48,154,2,0,0,0,0,6,0
0,8,33,0,0,9,0,15,3,190,11,20,0,0,0,8,0,13,1,0,4,5,0,183,187,12,2,3,5,0,3,0
0,4,0,2,2,0,3,0,0,66,0,0,0,1,5,14,0,0,21,8,0,10,17,111,197,62,32,26,0,6,17,0
0,0,7,13,0,84,24,44,24,12,44,15,0,0,0,0,0,28,0,10,39,0,0,43,22,0,28,0,0,8,0,0
0,0,0,1,0,37,0,5,0,0,11,0,0,32,53,49,47,12,2,0,9,1,29,0,0,30,0,26,0,28,0,13
0,24,0,0,0,30,8,0,3,0,0,2,29,0,0,0,0,0,18,0,0,31,0,0,0,0,0,0,9,0,0,0
0,0,0,4,33,5,0,0,25,19,0,0,17,0,0,26,0,6,20,0,3,21,16,5,0,0,25,0,4,3,0,0
0,5,0,0,8,1,10,0,59,38,0,22,23,0,0,28,0,7,0,0,0,36,7,0,0,0,0,0,6,0,0,22
38,0,0,10,0,0,23,0,5,1,0,2,0,8,0,8,8,20,15,6,36,0,12,8,13,5,7,0,0,0,16,33
125,0,0,0,0,0,10,23,14,0,4,14,13,0,0,0,7,52,35,0,21,17,0,8,0,0,0,0,67,0,9,0
0,43,0,0,21,38,5,3,0,0,31,0,6,47,3,0,0,0,31,0,3,0,25,0,95,123,36,38,3,20,0,0
0,0,0,0,7,1,32,8,0,1,41,18,0,41,0,0,0,0,0,34,0,0,4,0,67,141,33,38,0,0,23,20
37,0,2,10,0,0,0,14,34,6,25,2,0,0,0,48,0,0,0,0,11,41,0,0,13,0,2,0,0,0,0,3
9,0,45,2,0,13,27,0,2,10,0,27,0,26,0,0,0,26,0,0,0,0,60,0,0,0,0,3,0,0,10,0
0,33,1,0,3,0,11,0,0,0,42,13,0,0,0,0,0,0,5,0,0,7,0,6,0,19,23,0,0,0,0,5
0,6,36,16,6,38,0,0,36,26,29,62,11,0,56,1,44,4,0,2,0,0,0,0,0,6,16,0,48,5,0,13
0,0,9,111,9,16,0,0,0,11,0,9,0,0,16,0,0,0,0,14,0,13,0,0,4,27,19,0,0,4,6,10
42,0,189,193,182,0,8,0,49,16,0,0,0,0,1,9,0,6,28,1,0,0,9,9,22,0,7,0,0,0,7,0
0,0,12,195,65,0,0,0,0,9,9,0,0,1,0,0,8,0,0,0,36,13,0,1,7,0,0,0,9,0,5,23
0,0,3,0,7,0,42,0,23,13,15,0,0,30,12,0,0,1,13,0,6,0,0,31,22,0,17,5,0,10,8,6
32,0,0,2,0,0,0,12,17,28,3,25,0,0,11,3,29,0,1,4,0,0,0,0,0,10,35,0,0,0,11,0
1,4,6,16,19,0,0,4,47,9,0,15,0,4,22,0,0,0,0,0,0,0,0,0,0,0,9,4,1,0,9,27
0,0,0,9,19,0,30,0,4,0,12,13,0,0,0,0,7,16,0,1,11,0,0,26,5,0,0,18,13,0,3,17
11,6,2,6,0,0,0,0,0,0,0,0,0,8,0,0,0,0,0,0,0,0,7,25,0,0,0,0,0,22,3,0
24,12,6,8,0,17,2,13,0,0,0,0,12,0,0,12,0,0,2,0,16,0,0,0,6,5,0,0,2,4,0,22
0,0,0,0,20,0,9,0,31,19,48,45,1,0,5,18,1,0,0,0,0,9,0,8,0,3,0,0,0,0,0,18
0,10,0,10,12,25,18,0,9,0,8,0,0,0,0,0,0,0,0,0,6,16,12,0,13,1,5,21,13,17,0,0
0,0,0,0,0,17,25,2,13,10,38,83,6,1,0,21,0,15,0,19,0,0,0,0,0,0,6,4,8,0,0,12
0,0,18,41,3,0,0,0,20,0,29,0,0,0,0,0,2,0,0,0,38,45,36,8,0,0,0,0,0,6,0,0
0,0,0,25,45,0,1,21,0,11,0,12,0,45,2,29,9,0,0,4,0,8,0,0,0,6,23,6,13,21,0,0
38,0,29,0,56,4,34,0,13,2,14,3,59,9,42,4,68,179,13,5,3,0,0,1,0,2,0,0,13,0,25,2
2,4,1,7,23,10,0,0,4,23,21,0,9,0,4,0,237,187,3,9,0,31,23,0,27,3,25,0,0,0,0,0
98,0,0,0,0,34,0,5,8,23,11,0,24,16,0,0,70,61,0,29,0,0,14,7,14,0,0,0,9,9,11,0
0,26,0,0,0,0,1,26,211,186,1,8,0,12,18,0,0,6,0,12,0,0,20,34,9,62,26,2,2,0,0,0
2,4,11,11,20,0,0,16,30,135,0,47,0,0,23,2,5,0,45,0,0,0,20,196,135,1,25,16,0,0,0,0
0,0,0,0,8,8,0,30,0,0,0,0,0,0,0,0,0,0,0,0,20,0,0,57,53,12,6,0,0,19,10,0
53,2,0,17,26,13,0,0,0,0,0,1,0,1,11,14,5,0,13,0,0,18,20,15,0,1,5,0,11,0,0,24
0,35,0,0,0,0,0,0,21,5,0,0,0,0,14,28,14,19,28,0,6,0,7,13,6,0,0,0,16,0,6,47
0,0,14,0,37,0,22,0,1,3,19,2,3,20,3,0,17,0,30,16,40,0,17,25,0,0,0,8,0,0,16,0
39,13,0,0,13,0,0,0,27,21,2,0,9,14,0,0,7,6,10,1,6,0,7,10,0,21,0,0,0,0,8,12
0,10,5,0,3,4,0,0,0,0,0,6,14,0,3,0,1,0,0,0,7,19,2,11,0,0,0,6,0,8,0,0
0,0,0,0,29,0,0,23,11,0,0,16,0,5,14,26,0,14,0,20,0,8,0,26,34,0,20,0,11,0,0,0
50,0,0,3,4,0,2,0,6,0,34,0,0,14,0,0,0,5,0,7,7,0,20,12,23,20,1,45,6,0,0,17
66,7,12,0,9,17,6,21,21,3,0,20,0,0,0,21,3,6,1,5,5,16,13,187,68,16,22,0,3,0,0,40
24,10,0,0,14,0,0,2,30,11,46,26,4,10,0,0,1,0,0,0,0,0,15,16,10,0,0,0,0,0,15,4
0,8,0,1,5,0,0,17,0,0,60,18,8,0,0,31,13,0,0,4,0,4,33,0,0,12,2,0,0,0,3,0
56,0,5,28,0,0,0,17,3,0,0,27,0,0,8,14,1,0,0,0,0,1,0,0,2,0,17,0,0,9,0,16
116,4,12,0,197,249,1,4,3,0,0,36,48,0,20,9,0,0,0,0,0,0,6,0,12,0,2,3,9,0,0,3
68,16,14,5,18,0,5,21,0,0,4,0,21,10,0,5,0,5,5,0,15,10,0,0,0,0,0,0,0,3,0,4
44,0,12,6,0,1,1,0,32,5,0,0,15,0,0,0,26,0,0,0,0,12,0,9,0,0,33,11,0,13,5,0
0,0,18,5,20,0,0,24,1,0,15,0,13,0,13,0,0,0,0,1,0,23,0,0,5,0,0,0,1,0,16,0
27,0,6,3,1,0,0,0,0,6,0,18,9,1,4,16,17,0,0,0,13,0,5,0,13,0,0,0,0,0,4,9
6,0,5,1,0,0,0,0,0,4,0,0,3,7,10,0,0,2,1,7,0,0,0,0,16,19,12,0,16,9,0,0
16,0,0,17,0,0,0,30,0,7,0,1,17,0,0,0,0,1,2,0,3,9,0,0,0,1,0,0,18,6,11,0
0,0,0,0,16,8,0,0,7,3,0,0,1,15,0,0,9,0,1,0,0,0,0,11,3,0,11,4,0,4,0,24
3,0,7,8,3,0,0,0,5,3,0,8,0,5,0,5,4,0,0,2,0,2,0,7,0,0,10,0,0,6,0,12
0,1,0,6,4,4,0,0,7,0,0,10,0,0,0,7,0,1,0,1,0,0,0,3,0,3,0,1,0,3,0,0
25,0,3,3,6,0,0,4,0,13,16,17,0,2,0,0,0,4,0,10,0,0,1,4,0,0,0,0,0,4,0,0
21,3,2,4,2,11,0,0,0,0,8,30,0,12,0,0,5,0,6,6,3,0,3,7,0,6,0,0,0,5,4,0
0,0,0,0,0,0,3,14,0,0,18,80,0,0,1,5,9,2,2,2,8,0,0,1,1,0,0,9,4,0,0,27
0,0,4,1,0,0,7,11,0,8,18,6,0,5,0,3,7,0,3,12,101,10,3,5,5,0,1,0,0,0,0,0
23,0,0,0,0,0,0,0,0,0,0,32,0,5,6,0,0,0,0,14,0,0,3,13,2,0,13,0,0,0,0,0
0,4,13,3,0,0,0,5,12,7,9,8,0,0,0,2,0,9,5,1,14,1,7,0,0,0,8,2,0,0,5,0
39,0,0,0,3,0,3,0,0,5,0,7,6,17,0,1,3,3,9,3,0,0,5,0,2,0,0,1,6,9,0,9
33,0,0,0,0,5,1,0,0,0,2,0,0,7,1,0,0,0,6,1,0,0,0,0,0,0,0,0,0,10,17,18
23,1,0,20,0,0,0,6,0,0,1,2,6,0,1,2,1,0,0,8,5,0,7,0,8,13,7,0,0,10,0,0
0,0,11,5,0,6,0,1,0,0,0,0,5,0,6,0,2,1,10,0,2,0,5,0,0,1,3,5,0,0,0,0
0,0,0,0,2,0,0,1,17,0,5,16,0,2,7,5,0,0,0,0,2,0,1,3,33,5,0,2,0,12,0,0
0,8,0,0,0,9,0,0,0,7,0,0,0,0,3,0,0,1,17,0,0,0,9,0,8,7,0,1,0,8,0,1
12,3,9,3,0,0,0,0,0,2,0,0,0,9,0,0,0,6,1,0,2,0,9,10,0,0,10,2,5,0,0,9
24,2,0,0,0,0,0,0,0,4,0,7,0,0,0,5,0,1,0,0,0,1,2,0,0,0,5,6,9,4,4,0
19,0,0,1,0,0,0,4,4,0,0,2,4,0,7,9,0,0,0,0,4,7,10,0,0,0,4,8,0,1,0,4
0,0,0,0,2,0,0,0,3,0,0,0,0,0,0,1,1,0,3,2,0,5,3,7,2,0,0,3,0,1,5,19
0,2,4,0,0,12,8,0,6,1,0,0,1,0,0,2,13,0,0,0,0,0,0,5,0,0,0,4,18,4,0,25
51,0,0,6,0,0,8,0,7,0,2,0,0,9,0,0,0,0,0,6,0,0,4,0,0,3,0,0,42,0,3,2
0,0,10,0,0,11,7,0,0,3,0,7,1,5,0,9,0,7,0,4,9,4,0,0,38,5,11,1,8,2,0,0
0,2,5,7,0,0,0,19,0,0,3,10,0,5,0,0,1,0,0,3,3,0,0,1,1,5,3,0,5,3,1,13
10,0,0,0,1,0,2,0,4,1,6,2,14,2,0,0,0,0,0,1,0,0,3,3,3,2,0,0,0,8,5,10
39,0,1,0,10,0,9,0,7,2,30,1,0,0,0,0,1,0,0,2,0,2,0,0,0,3,0,0,0,0,0,3
35,0,5,1,0,7,1,1,2,9,15,28,0,5,2,0,0,0,0,0,7,6,0,2,0,0,0,5,0,0,0,8
23,5,9,0,0,0,0,0,3,1,8,4,1,0,6,0,0,0,0,0,0,2,2,2,0,5,9,0,0,0,0,0
7,5,0,0,6,2,0,4,0,0,1,0,0,0,0,0,0,1,5,10,0,0,0,0,0,5,3,0,0,0,0,21
14,3,0,2,0,0,2,5,1,4,5,0,0,8,1,0,0,0,0,11,0,0,0,0,2,0,5,3,0,5,6,0
0,8,6,3,4,10,2,3,1,2,13,0,2,0,0,6,0,0,0,2,0,9,0,0,6,2,0,16,1,0,5,9
5,0,0,0,0,4,0,0,0,3,0,0,0,13,0,3,0,4,0,5,0,6,0,0,0,5,2,0,0,0,4,1
0,7,0,0,2,2,5,0,0,0,0,2,12,4,0,0,0,0,0,0,0,0,0,0,0,4,0,0,0,5,0,11
0,1,9,0,9,0,0,0,0,0,0,0,0,14,0,5,0,1,0,3,9,0,7,2,0,5,2,0,2,0,2,5
15,0,6,0,0,0,0,5,0,1,2,7,0,0,1,0,0,0,0,0,0,0,0,0,0,0,0,0,0,7,0,15
1,12,0,0,7,1,0,3,0,0,0,0,0,0,6,1,0,0,0,0,7,0,1,0,0,0,0,7,5,10,6,0
0,2,0,0,6,0,0,0,2,0,30,0,0,14,0,0,0,0,5,0,0,0,0,0,4,2,5,2,0,0,1,0
0,0,0,4,7,0,0,0,0,0,15,6,0,5,0,2,0,0,2,0,2,0,0,0,2,0,0,0,0,6,9,9
0,0,11,0,1,2,2,0,4,0,15,46,0,0,3,0,0,0,0,3,0,0,6,0,0,1,3,5,2,0,0,0
0,17,0,0,0,7,2,0,0,15,16,8,8,0,0,0,0,4,8,0,97,1,0,2,2,0,2,0,0,0,0,0
0,17,3,0,7,3,2,0,0,2,3,16,8,53,3,0,17,1,7,4,4,0,3,3,0,0,3,4,0,0,17,6
113,0,0,6,11,0,0,3,7,10,11,7,20,3,0,0,0,4,33,17,10,2,0,2,0,0,0,0,0,3,0,0
0,0,0,6,0,6,0,0,15,0,11,0,3,0,0,13,0,0,19,2,0,0,1,0,0,3,4,6,5,6,6,0
0,0,0,7,0,2,1,29,0,0,0,1,3,2,0,3,2,3,1,8,0,4,9,0,0,0,0,0,0,0,0,6
0,9,0,0,0,6,16,6,0,0,0,8,0,0,4,17,9,1,16,0,0,6,4,1,1,6,2,0,8,0,15,9
108,0,7,0,0,0,0,11,0,0,0,3,4,0,10,0,6,0,10,0,0,0,6,0,0,0,0,5,13,0,0,7
0,0,13,0,0,5,2,11,0,3,0,8,1,9,0,6,3,8,0,0,0,2,10,0,34,6,0,7,9,11,17,28
22,8,5,0,0,0,0,0,11,2,0,3,0,0,0,0,0,2,3,4,2,7,5,9,9,0,0,1,11,0,1,0
18,1,0,0,0,0,0,2,2,0,1,9,0,0,2,0,1,0,0,4,0,0,0,5,4,0,4,0,0,14,0,13
18,2,4,0,2,4,15,0,0,1,2,18,4,2,3,0,8,0,4,1,0,0,0,0,2,2,2,0,8,0,3,0
0,9,1,0,0,2,0,0,0,0,0,10,3,12,0,21,14,7,5,3,1,0,5,5,0,0,11,8,4,6,3,2
0,0,5,0,0,0,0,1,1,4,4,4,0,0,0,0,0,7,0,3,0,9,0,4,0,0,5,0,0,1,0,0
0,0,0,2,1,0,0,2,0,0,0,0,0,10,6,9,0,0,0,0,2,3,0,0,3,2,18,0,22,10,0,12
0,0,4,0,14,0,0,1,0,0,7,6,0,0,2,9,6,0,4,11,0,5,1,0,10,14,17,4,42,0,4,0
0,0,1,0,2,0,1,12,12,0,0,15,0,0,0,5,6,0,0,0,0,4,8,0,28,39,35,0,6,1,0,0
0,6,0,0,8,3,5,0,10,9,0,0,0,0,7,0,0,3,0,8,0,3,0,7,6,0,4,0,2,0,0,0
12,0,0,0,5,7,0,3,5,0,0,12,0,0,0,0,4,3,8,0,0,0,3,0,7,0,0,13,0,0,11,0
0,2,0,0,17,0,11,2,0,0,53,17,0,2,0,6,6,0,6,3,14,5,0,0,14,0,10,0,11,3,0,0
0,22,49,7,0,0,2,0,0,7,9,20,3,0,0,9,2,0,1,1,1,0,10,5,0,0,1,19,14,0,0,0
75,0,25,3,0,0,0,0,0,0,20,0,2,0,0,11,7,0,12,0,11,0,0,0,0,0,7,0,0,6,8,4
7,0,200,7,8,0,0,12,0,0,0,0,16,4,0,0,3,2,9,0,0,0,13,10,0,0,0,0,3,6,0,0
0,18,196,198,0,12,0,0,11,2,22,0,3,0,0,6,0,0,0,0,1,0,5,11,5,4,14,0,2,0,0,0
0,12,4,10,0,0,0,0,0,2,0,6,0,4,0,0,2,9,8,3,17,0,0,0,0,0,0,0,0,5,0,0
0,0,0,0,0,0,0,5,0,0,16,6,17,8,0,0,7,0,2,0,16,6,0,22,16,0,0,0,5,0,0,32
0,0,0,26,42,0,0,7,30,0,0,0,0,0,12,33,0,0,10,16,0,13,8,0,0,9,11,0,7,12,3,23
0,27,0,0,0,0,16,0,1,19,18,0,0,17,0,0,12,14,0,20,52,0,0,12,0,0,13,12,22,16,11,13
26,25,4,0,7,8,0,0,27,0,15,0,0,19,8,5,22,0,0,29,10,0,0,0,0,24,0,0,0,0,10,17
47,2,0,0,0,0,0,0,0,2,0,4,1,0,5,35,0,0,0,0,4,9,0,20,4,2,3,18,12,0,17,0
6,3,8,16,18,29,0,0,0,0,0,46,5,16,0,0,0,24,0,0,7,0,0,5,0,5,0,0,6,0,12,56
28,0,2,0,0,0,0,12,0,0,2,0,16,0,6,0,0,8,0,0,0,0,0,0,2,0,0,6,1,17,0,34
0,0,0,0,0,0,21,0,16,5,0,0,0,0,0,45,0,0,23,8,1,21,9,14,0,0,1,0,12,35,6,0
68,12,29,0,1,3,13,17,7,0,9,0,0,5,17,0,41,0,25,0,118,9,0,0,3,0,0,0,0,1,1,20
0,34,0,10,3,1,41,0,11,23,25,97,11,54,47,0,23,0,24,35,195,216,0,4,14,2,37,2,0,1,53,0
0,17,22,13,0,0,0,0,0,34,109,196,0,0,0,0,0,0,32,24,197,29,0,18,0,0,0,20,0,12,17,0
0,10,0,18,0,16,68,0,17,0,144,123,0,5,0,0,0,0,0,0,4,30,1,2,0,0,0,26,0,29,0,0
24,36,3,0,0,29,9,0,0,6,40,46,11,0,0,4,0,0,0,4,7,0,7,5,0,0,3,0,0,9,0,0
57,0,6,9,0,6,1,0,11,0,0,6,0,0,0,21,0,0,4,18,11,0,5,5,9,28,196,173,0,0,5,31
71,0,27,46,55,9,0,20,3,0,0,6,23,21,0,0,0,0,0,20,0,14,0,0,11,163,187,165,0,20,16,19
0,28,0,12,0,0,9,0,0,54,35,3,0,0,0,0,25,0,0,13,16,10,0,0,19,0,71,12,9,36,38,0
0,0,18,0,73,0,18,41,21,27,0,0,0,0,0,31,5,0,11,0,15,8,0,7,0,0,0,0,5,17,37,0
3,11,10,0,16,53,0,0,0,29,20,0,0,7,0,0,0,0,23,0,0,0,0,0,12,14,27,0,0,0,0,24
0,4,0,6,0,0,41,22,28,26,0,0,12,0,4,0,0,18,26,0,27,0,12,0,0,0,0,10,0,1,0,20
0,5,0,0,46,7,7,0,0,0,9,11,0,3,32,7,0,0,48,0,9,0,0,0,0,0,0,0,0,6,0,2
40,0,24,36,1,0,0,0,0,0,0,15,0,0,0,6,0,7,19,23,12,0,30,9,16,3,0,0,0,14,0,5
0,15,15,0,0,25,0,25,24,36,0,26,0,0,18,25,14,0,12,16,0,0,37,0,4,4,45,39,4,14,12,0
104,0,5,0,0,0,4,42,0,24,21,0,0,0,0,0,0,10,0,5,19,14,1,0,17,196,195,77,0,0,0,7
0,0,1,0,10,44,53,0,0,11,18,0,21,23,18,2,14,0,0,0,18,0,19,8,21,102,134,0,0,13,5,0
0,0,41,0,0,0,0,1,37,12,32,12,0,0,0,0,0,29,23,0,17,0,0,10,0,8,0,0,1,0,0,29
0,0,0,15,0,29,7,0,14,0,0,13,32,10,0,0,2,0,14,0,0,1,0,6,6,0,0,0,6,0,3,0
0,0,0,0,55,0,26,32,11,0,46,12,0,0,0,15,0,0,23,5,0,45,35,0,0,0,0,0,19,3,3,4
21,29,0,0,42,1,28,0,14,17,40,34,0,0,0,0,0,16,0,0,3,0,0,14,0,0,0,0,23,0,2,1
14,4,0,13,75,4,3,0,12,0,12,13,0,0,0,0,8,11,18,0,32,8,36,19,0,0,0,15,0,0,0,0
18,3,196,198,134,21,0,22,0,0,31,13,6,0,0,0,13,3,0,0,0,18,12,0,0,31,6,8,14,0,0,5
1,8,197,197,99,5,0,2,18,0,20,0,0,0,8,0,0,0,0,0,6,0,0,0,0,0,0,28,9,0,0,0
12,1,4,38,22,0,4,0,0,0,14,0,22,9,14,25,9,6,3,0,15,7,6,13,0,2,32,0,5,17,0,0
9,31,0,3,1,22,0,6,4,3,27,0,2,0,0,29,0,0,25,0,21,10,21,8,12,0,14,9,0,0,11,0
2,0,10,0,0,0,9,13,0,2,4,31,8,0,0,9,0,23,0,0,0,22,6,16,3,0,3,0,3,0,0,3
