14,10,0,14,20,41,0,5,6,0,0,0,0,18,12,16,8,0,24,0,0,0,0,0,10,9,7,0,0,20,10,0
0,0,0,0,10,1,17,4,11,0,0,0,26,17,0,32,20,22,21,4,12,0,0,6,0,0,10,19,5,0,0,0
0,39,29,8,0,74,0,72,27,0,0,0,22,38,0,0,13,53,4,0,0,12,19,5,10,30,82,0,0,1,33,0
0,0,60,19,0,23,0,0,0,26,0,51,10,39,0,48,0,57,0,19,0,14,0,21,0,0,0,14,0,2,0,0
0,29,1,0,0,12,0,41,0,13,0,10,17,0,0,58,7,44,25,0,3,32,0,5,0,37,6,22,0,8,0,47
13,0,23,4,0,10,0,0,0,0,1,115,0,0,32,34,26,0,0,18,0,0,0,0,0,24,20,0,0,0,0,40
2,17,0,2,0,26,0,8,0,1,61,64,0,28,14,18,40,0,0,51,46,0,0,0,0,15,0,49,22,0,0,38
0,0,0,0,0,0,11,0,1,35,20,0,2,0,6,16,2,16,23,0,0,0,16,0,9,0,0,24,0,8,0,105
5,16,13,9,29,0,0,65,0,6,55,0,51,16,0,0,0,19,15,0,0,44,0,0,59,0,38,51,0,0,0,0
0,1,0,33,37,5,0,0,61,14,20,0,0,0,0,0,0,0,0,28,0,16,0,0,0,0,0,0,38,27,30,0
94,62,12,0,25,14,0,56,0,0,0,0,0,10,0,2,0,19,22,0,1,4,5,0,3,0,0,0,5,21,8,0
0,11,54,0,16,1,14,27,0,90,72,0,19,0,13,0,0,3,0,4,55,27,15,0,53,4,0,21,0,0,4,8
4,26,43,0,0,0,2,1,0,0,12,37,0,0,16,29,10,55,102,42,51,0,0,0,15,23,9,0,0,21,52,0
0,25,0,0,0,38,0,0,0,16,0,12,0,26,0,6,0,0,0,0,36,22,54,0,0,0,0,60,0,17,0,59
101,11,0,0,0,29,0,56,0,0,48,10,214,53,7,43,161,1,0,52,3,24,96,0,25,5,12,0,0,23,18,27
99,17,0,1,32,0,3,49,68,6,49,0,54,0,6,7,0,33,52,12,44,42,0,10,0,0,1,0,0,0,0,0
117,100,24,71,8,51,71,24,16,23,0,80,12,0,22,4,0,0,0,133,101,27,84,14,0,0,24,5,0,2,0,12
44,0,0,0,0,93,43,14,209,23,101,156,68,123,222,20,4,0,27,115,14,24,215,0,0,34,0,0,63,33,11,37
121,7,0,13,0,33,0,52,78,48,98,141,23,154,142,0,3,0,7,23,56,179,81,2,5,0,0,49,34,37,0,28
40,1,0,0,16,62,83,117,14,80,0,0,95,45,26,3,0,8,25,75,138,64,129,29,18,0,43,20,204,12,0,0
0,0,0,31,0,14,0,2,0,81,6,13,0,80,137,3,0,20,94,10,32,13,7,5,25,74,120,108,27,0,7,15
152,13,0,0,11,0,38,0,70,0,15,38,32,25,0,30,0,41,66,1,10,66,5,37,38,109,66,119,13,0,0,43
118,2,18,0,5,5,0,3,0,4,0,0,0,15,11,18,14,0,12,4,20,21,0,5,20,0,14,5,0,10,0,149
0,0,0,14,0,22,0,0,35,9,0,5,8,7,13,0,8,5,34,11,0,0,1,0,0,0,18,31,0,0,72,147
0,31,0,9,0,0,42,0,0,0,22,41,0,0,0,10,5,197,6,39,25,0,0,0,0,3,0,0,0,25,27,1
52,8,30,0,0,26,0,0,0,0,46,0,17,11,0,53,112,174,0,0,0,13,21,0,0,37,0,0,0,0,22,36
0,0,37,0,27,12,31,44,14,8,36,0,4,9,35,0,0,11,0,18,0,9,0,0,0,13,5,0,3,0,0,68
8,11,0,0,3,0,0,0,0,8,0,0,53,0,0,0,50,0,10,3,20,8,0,0,0,3,8,0,0,0,0,0
0,16,1,0,10,11,0,0,0,10,0,0,0,0,0,0,25,0,1,0,3,0,27,0,0,0,12,2,0,44,0,27
20,13,0,39,0,25,0,33,5,0,0,3,0,0,19,50,0,0,8,0,0,18,0,0,17,0,14,0,0,11,19,28
0,0,4,3,0,0,7,10,0,0,0,10,1,0,10,20,11,0,0,0,0,14,30,0,27,0,30,9,8,31,0,0
0,0,7,43,4,0,12,1,0,0,9,0,11,15,8,0,0,23,0,32,0,14,22,9,0,0,38,0,27,0,0,47
0,0,7,0,32,39,6,8,65,0,49,0,1,52,0,0,0,0,0,0,0,44,12,0,0,0,0,27,0,32,0,1
0,0,31,0,0,0,15,48,0,0,0,10,26,15,22,0,0,32,0,0,0,3,0,55,0,0,31,32,0,0,6,3
70,31,33,0,3,27,0,0,14,0,25,0,0,16,28,0,46,17,0,16,6,0,2,37,0,0,43,0,0,0,19,52
0,28,0,0,0,0,0,29,0,0,46,0,31,37,0,0,0,11,47,26,33,0,11,0,7,8,39,0,36,0,23,11
77,0,0,24,0,38,3,9,0,0,16,45,0,0,0,10,16,0,2,10,0,23,0,54,42,0,0,64,0,0,13,0
0,7,0,0,0,0,15,0,0,30,9,96,0,0,0,2,8,6,3,84,0,31,29,13,5,3,0,0,4,4,0,16
0,0,2,14,0,0,17,0,0,9,0,0,0,24,0,0,19,9,122,104,0,35,54,0,23,0,6,27,0,132,124,0
38,23,0,0,14,16,58,0,0,34,0,51,0,17,0,0,0,21,229,133,3,0,22,18,0,0,0,13,3,22,66,17
0,13,9,0,11,0,27,16,8,11,6,0,0,0,10,0,5,65,157,0,21,0,36,0,12,0,28,31,108,0,0,7
36,0,10,0,78,0,0,33,0,0,3,9,5,20,0,0,0,6,8,27,45,37,0,0,0,0,0,134,0,0,0,17
0,35,2,0,0,0,25,0,23,1,0,30,11,3,0,22,0,27,62,0,17,14,0,0,9,20,44,0,0,25,2,0
0,0,53,0,11,1,0,31,0,21,0,0,23,17,9,0,35,30,100,0,0,0,0,25,44,149,124,0,0,1,15,24
0,12,1,4,35,5,0,13,9,0,26,0,33,0,60,0,5,27,97,0,10,0,12,52,65,115,0,1,5,19,6,162
0,34,32,5,11,3,4,4,0,18,0,21,47,11,11,41,101,20,61,0,17,9,33,0,0,0,0,13,0,8,21,159
38,37,0,21,0,0,12,11,11,0,33,0,105,90,55,0,217,29,0,15,0,39,0,11,0,16,68,0,67,229,130,72
0,48,0,0,12,44,29,0,67,37,145,10,16,0,17,78,6,146,70,0,0,0,0,19,0,0,0,15,18,0,36,4
0,24,55,13,41,19,0,0,0,47,0,41,1,0,38,0,0,206,91,0,0,0,0,0,0,0,4,0,22,11,29,6
45,0,81,28,0,0,60,27,56,41,21,89,132,50,0,32,50,42,151,9,0,0,0,0,18,16,0,0,0,15,11,86
0,13,20,27,0,34,13,5,110,46,4,50,11,0,27,81,0,5,12,12,0,2,10,2,0,51,37,0,35,6,14,35
0,12,0,28,0,77,0,0,2,75,0,37,77,26,14,0,0,16,0,0,5,6,75,37,27,0,0,22,0,1,27,59
20,45,0,0,0,0,13,11,42,45,23,67,0,23,24,0,33,0,33,0,16,0,27,11,0,0,22,0,26,6,34,0
60,0,0,3,0,23,0,13,24,37,5,16,17,3,12,0,0,0,0,3,0,0,56,3,0,28,0,0,0,8,0,0
0,5,25,0,9,7,0,0,0,35,23,0,0,0,18,12,0,0,75,0,0,0,0,9,0,18,0,33,26,0,0,20
0,13,8,15,0,11,5,0,0,26,0,0,102,65,5,0,27,5,0,0,0,19,15,19,17,0,27,5,0,0,0,0
6,0,0,0,9,6,43,0,2,11,0,0,42,78,0,0,32,0,14,14,24,27,0,0,0,0,0,24,57,0,4,0
0,13,0,23,37,24,9,37,11,0,10,0,0,67,79,0,42,7,0,0,3,0,0,0,0,16,0,0,4,0,0,0
0,4,18,0,14,0,0,0,13,3,0,0,17,0,4,0,9,0,3,0,6,24,21,0,0,0,0,0,0,1,5,0
37,0,0,0,26,2,29,0,36,32,4,0,0,17,0,0,0,17,0,1,0,8,13,0,0,0,4,35,0,0,6,0
0,25,3,0,31,0,18,0,35,6,31,0,20,7,0,13,18,5,0,0,16,0,18,4,21,0,0,15,5,3,0,0
0,3,0,24,6,0,0,0,26,0,33,4,0,8,0,2,29,1,0,1,0,0,13,0,0,0,37,7,0,4,5,16
0,0,16,0,23,10,0,31,0,6,18,0,28,31,0,0,0,0,0,13,9,0,0,0,16,0,0,0,0,16,0,0
0,48,26,0,0,48,0,0,0,7,0,0,0,0,28,13,0,35,0,0,0,16,24,2,10,11,33,1,0,19,11,14
0,0,12,32,0,0,0,18,9,0,0,6,0,3,0,178,0,27,0,43,8,0,17,0,16,30,129,135,0,0,1,8
12,36,16,0,0,12,4,0,0,16,6,0,0,0,218,50,0,16,0,0,0,23,13,6,31,21,66,45,32,13,7,0
0,8,0,1,0,0,22,44,0,0,0,44,0,4,45,60,0,10,12,0,0,23,9,0,124,187,27,0,17,0,58,41
69,0,3,36,20,0,0,10,2,0,0,4,0,0,121,223,0,0,0,0,0,0,0,214,10,0,0,0,3,52,84,110
0,11,34,0,48,0,0,3,0,0,0,10,3,134,19,117,6,16,6,0,0,0,25,37,0,0,0,0,31,18,0,61
0,4,12,5,0,0,33,0,17,25,35,35,1,200,56,17,9,0,0,0,31,13,1,6,0,2,28,0,36,48,13,50
0,0,33,55,2,0,31,0,0,36,25,0,28,19,13,0,6,26,0,25,36,0,13,21,39,114,82,32,87,57,0,27
0,17,0,6,0,13,0,0,0,44,0,0,7,43,0,0,4,14,0,2,7,0,8,60,48,201,0,151,41,39,30,9
0,2,25,0,0,0,25,61,20,0,0,13,0,2,0,1,0,68,55,4,22,35,0,149,201,106,222,218,17,68,114,161
35,0,0,0,0,44,0,0,16,0,0,126,113,5,0,16,43,28,0,0,0,0,31,0,0,0,0,57,51,68,58,127
87,7,44,21,16,0,4,65,0,0,0,201,192,199,122,27,10,63,2,0,0,37,21,29,7,97,186,80,108,28,12,4
0,53,15,13,0,0,0,13,4,0,0,221,253,66,17,195,190,156,31,0,0,8,0,0,3,138,252,214,48,20,0,20
0,0,32,29,18,0,3,6,25,0,0,42,0,74,14,72,48,11,139,14,19,10,27,19,0,2,33,45,86,187,59,3
8,7,23,4,5,0,0,0,0,4,37,0,34,0,19,0,17,0,13,4,23,6,15,0,6,21,0,37,64,15,29,97
2,69,0,2,29,3,11,5,0,0,32,41,126,0,0,0,0,24,9,0,21,0,0,12,0,0,0,0,28,13,119,30
31,2,0,15,0,0,0,18,32,52,6,0,8,37,22,0,25,18,28,0,1,0,17,38,3,0,10,0,0,49,0,26
0,7,42,53,0,0,0,0,6,0,0,32,18,0,0,24,21,0,11,0,0,17,11,0,0,0,67,6,0,3,8,33
0,8,0,43,30,35,31,102,30,0,0,22,32,23,49,0,0,12,19,30,11,11,20,17,0,0,0,0,6,5,21,6
38,26,29,0,0,3,0,36,62,42,65,117,0,71,0,69,0,2,23,0,0,4,5,0,0,36,0,0,13,18,0,41
0,43,0,14,0,40,75,76,100,55,46,0,14,14,24,7,0,0,0,0,22,27,4,0,0,0,0,6,0,0,0,15
0,0,33,15,39,0,23,80,113,107,0,52,16,37,30,0,35,10,16,9,7,42,13,0,20,6,0,0,0,13,0,3
58,19,0,0,46,75,0,0,9,0,31,38,10,27,8,0,16,22,58,26,16,15,54,30,0,1,16,0,21,0,10,37
32,19,10,0,0,22,0,0,32,0,10,20,46,0,13,72,40,0,0,0,4,24,1,4,0,26,0,0,0,1,0,74
0,0,21,25,0,28,9,0,5,24,0,10,66,41,4,0,0,13,6,0,2,54,0,0,0,0,0,7,0,0,0,68
5,44,0,5,0,25,19,7,19,0,0,47,19,46,12,1,0,0,0,0,8,0,0,0,19,0,0,0,4,35,0,8
0,33,0,0,0,0,7,0,0,0,0,21,0,44,7,0,3,10,23,13,2,0,0,0,2,0,4,1,8,0,0,43
0,0,0,3,0,0,0,73,16,4,0,15,20,35,0,0,0,0,0,36,13,11,27,0,0,0,32,0,0,8,0,0
0,18,0,0,0,5,0,0,7,11,0,0,0,59,0,0,0,17,0,0,0,20,2,0,3,0,0,7,34,0,19,2
3,0,0,28,0,0,0,0,0,7,6,0,0,10,0,27,6,0,4,20,23,0,0,0,18,9,7,0,17,17,0,0
0,0,9,0,0,22,0,24,36,25,3,4,0,0,12,0,0,0,10,29,1,0,10,0,0,0,40,1,4,5,18,49
29,0,11,38,27,0,0,18,3,6,0,5,4,0,1,14,0,0,0,21,0,0,0,0,1,0,25,0,20,21,0,0
27,25,12,0,7,30,2,3,23,45,66,0,24,0,20,37,0,34,6,0,36,2,29,4,45,21,18,0,0,0,5,18
0,2,77,0,0,18,92,0,0,0,8,39,0,0,29,51,35,0,37,5,57,0,0,0,0,76,0,1,0,0,28,42
17,0,0,43,16,6,66,4,0,20,0,28,0,0,2,94,0,0,0,0,0,67,56,87,8,17,27,5,8,0,0,0
87,73,0,0,91,190,4,0,22,3,6,0,0,26,171,0,37,16,0,0,12,52,0,9,96,13,27,10,0,3,7,6
0,0,30,83,25,66,0,13,0,20,18,0,0,65,76,36,0,17,0,4,48,55,0,10,28,43,7,27,107,40,0,34
0,19,19,99,190,92,0,0,0,60,24,0,0,35,0,23,6,39,0,0,10,31,64,38,9,0,27,21,96,49,0,62
143,32,0,106,233,134,0,21,37,0,35,127,86,0,27,13,52,30,206,61,44,0,0,0,14,63,141,0,49,34,39,38
164,0,6,53,203,1,83,0,0,0,0,51,2,16,0,37,16,101,3,30,6,0,29,39,0,0,109,2,0,0,0,65
0,3,0,198,64,56,23,0,1,0,10,0,0,57,0,37,42,38,25,0,0,0,0,17,42,45,0,0,8,11,0,83
56,0,0,112,85,37,17,0,0,17,74,0,0,34,55,126,154,0,0,25,17,11,0,0,23,0,36,27,0,17,42,48
0,33,0,0,43,35,1,0,33,9,38,0,20,11,0,47,25,0,6,7,0,0,0,42,0,6,0,0,65,128,35,20
0,0,0,0,0,0,62,144,0,4,0,0,7,70,0,0,15,5,8,32,67,0,36,20,0,30,35,43,0,74,3,7
0,35,27,0,0,14,35,23,6,15,78,0,48,0,65,0,0,22,130,45,0,0,0,19,23,22,0,66,0,26,50,67
135,0,0,0,0,0,90,18,0,27,0,2,24,21,31,48,0,101,131,0,4,17,34,0,1,0,0,72,25,68,39,0
41,0,0,0,26,80,164,59,0,27,0,0,11,0,0,0,17,92,7,52,40,19,0,0,0,0,33,0,21,3,0,94
0,3,0,38,242,177,10,0,67,33,20,31,64,124,45,6,3,0,9,18,0,4,13,31,0,0,0,14,2,0,0,0
64,0,0,0,27,32,0,0,117,170,33,0,93,141,58,39,0,0,28,0,0,38,0,29,5,20,0,11,19,0,2,0
0,28,41,10,6,0,0,69,20,21,0,16,136,10,39,0,20,12,0,0,60,0,0,0,19,21,23,0,17,0,39,11
0,0,0,1,0,0,74,23,0,0,16,18,88,0,112,84,0,7,0,0,0,0,0,0,0,45,0,24,0,7,0,12
55,0,38,21,0,43,1,14,0,28,114,66,22,0,30,111,34,0,18,21,0,0,0,36,35,0,26,0,29,10,0,0
0,2,0,70,0,28,115,5,0,0,0,0,0,30,64,42,0,0,0,0,0,8,31,0,1,0,35,11,0,32,42,33
0,0,16,47,89,68,2,20,0,54,0,0,29,32,126,0,0,0,3,29,13,4,35,27,0,0,0,10,0,0,6,0
62,29,4,0,0,60,27,3,30,0,41,1,144,0,121,64,26,4,15,0,22,10,62,0,14,30,32,28,13,0,36,41
0,0,37,24,128,119,0,0,0,37,51,18,126,82,44,30,14,2,0,0,8,0,24,52,32,0,0,0,0,3,3,0
0,0,32,76,165,4,0,22,9,11,4,18,174,62,35,19,44,0,0,31,0,0,9,14,0,5,0,0,0,2,21,52
0,5,53,119,177,0,0,44,12,0,0,75,87,70,0,7,13,0,4,0,0,48,43,0,6,11,2,0,19,16,0,13
26,87,183,238,9,0,0,42,0,0,0,97,198,9,4,9,0,30,24,0,25,0,48,0,38,0,7,39,11,0,0,0
0,10,210,57,181,30,0,0,0,18,0,208,117,2,0,4,1,24,14,12,33,0,0,25,11,0,3,9,8,9,21,0
0,21,205,89,154,0,58,20,11,0,9,38,17,2,10,0,2,0,5,0,0,9,36,15,9,19,17,0,6,7,0,0
0,4,0,45,147,23,12,24,0,0,0,2,0,3,5,2,3,3,0,0,9,0,51,42,0,8,24,8,18,0,0,11
12,2,26,19,0,0,0,44,0,0,0,6,14,2,0,0,22,40,1,3,0,8,0,9,42,0,48,0,53,0,7,0
0,0,28,4,21,0,0,19,2,0,28,11,24,0,24,0,24,0,0,0,0,0,0,0,0,0,65,6,16,13,34,0
0,0,31,16,37,0,0,0,2,22,8,0,11,0,0,0,0,3,0,4,21,0,17,0,4,0,4,0,0,0,0,0
0,3,34,0,7,0,16,2,0,8,25,0,0,0,0,0,0,0,0,8,0,9,14,9,0,4,33,0,29,6,0,12
7,0,0,0,23,0,27,0,0,0,21,0,0,38,0,0,37,3,0,0,0,4,9,25,52,65,63,0,14,0,18,12
2,40,0,6,0,1,0,0,72,7,48,67,0,0,3,24,41,36,42,0,69,95,0,6,39,28,12,0,29,0,27,28
0,0,0,46,12,0,0,20,0,0,0,42,0,0,16,24,15,0,0,5,0,37,0,26,24,28,17,0,110,0,0,0
0,11,0,18,0,13,0,0,5,33,2,0,0,9,10,0,9,0,0,26,21,3,0,0,33,0,39,29,43,48,0,42
0,0,0,0,0,41,6,17,35,16,25,0,0,0,30,26,0,14,10,22,33,27,0,2,0,4,18,0,0,8,27,5
0,0,0,0,18,0,17,25,17,22,57,0,0,0,0,0,25,0,0,0,14,41,26,0,0,0,4,35,21,14,8,44
45,0,29,27,50,0,3,0,0,41,6,20,18,0,31,1,41,0,12,16,0,0,0,7,0,0,0,35,0,15,8,85
0,14,27,19,0,0,0,16,0,90,0,0,0,0,38,5,25,20,32,26,0,4,0,15,0,26,8,0,16,49,25,28
37,0,0,8,32,44,0,11,21,29,0,0,0,16,0,0,9,0,4,77,12,0,29,3,0,0,0,16,71,40,48,28
135,0,0,0,38,0,37,0,0,0,38,27,0,0,0,0,19,0,31,0,0,18,0,0,0,17,0,0,97,0,19,5
12,37,34,45,0,0,0,0,0,121,0,0,0,11,3,0,0,0,0,27,0,0,0,0,0,0,23,17,0,21,0,0
57,56,0,31,21,0,0,25,48,128,1,11,25,44,37,38,0,0,0,0,0,0,0,4,0,0,0,4,15,76,4,24
61,20,20,0,12,5,0,0,0,0,0,0,13,68,17,0,92,0,45,16,0,0,34,0,52,45,37,0,45,0,0,24
217,25,9,0,16,38,0,14,86,0,69,0,104,71,37,127,64,13,7,0,10,29,0,0,0,32,0,0,0,0,28,60
48,83,0,0,0,45,0,0,26,99,50,0,20,0,0,92,162,27,0,0,31,0,41,27,21,0,19,4,0,0,0,0
159,224,0,0,32,48,0,0,0,13,69,32,14,0,42,29,105,16,0,36,41,4,0,0,0,0,18,0,0,16,7,0
71,153,208,0,0,16,0,61,0,128,54,73,0,52,157,4,74,0,0,0,8,12,10,4,0,2,30,32,0,0,4,0
9,140,197,26,9,0,0,0,0,0,38,72,15,0,186,122,0,0,0,0,15,0,63,0,8,0,38,0,11,32,0,0
4,0,131,240,7,0,0,59,0,0,0,0,8,14,4,249,12,0,0,16,0,0,0,0,0,15,0,1,0,0,1,47
29,0,31,10,34,19,3,0,5,3,0,12,0,26,0,0,17,60,1,5,19,3,17,16,16,0,0,16,0,0,10,23
0,0,29,0,0,0,0,0,0,0,3,32,0,21,4,0,0,16,158,107,0,22,0,31,0,0,0,0,0,0,0,0
0,19,1,0,94,25,5,0,41,0,0,0,120,0,26,9,0,21,161,52,0,8,0,0,0,0,0,1,0,0,19,85
0,0,0,0,0,0,0,1,4,0,0,45,52,39,0,7,0,2,149,23,25,16,0,0,0,26,0,31,23,0,32,29
0,8,3,22,0,0,0,4,0,6,7,0,0,37,4,6,8,0,5,0,0,0,5,17,0,4,26,6,0,4,9,0
0,0,26,4,0,0,17,29,18,5,66,0,5,98,32,37,31,5,0,0,3,0,0,1,0,0,50,0,25,1,0,14
16,9,0,0,0,35,10,17,14,26,6,3,0,16,0,7,1,0,32,34,0,0,27,12,0,24,0,0,0,2,0,20
73,28,5,0,0,0,0,14,0,0,0,0,0,23,86,0,0,21,53,23,42,0,38,0,19,3,5,41,0,0,19,0
28,0,0,18,7,0,0,4,0,0,7,0,0,12,0,0,24,92,0,0,0,9,16,16,0,8,14,0,0,1,1,0
46,8,3,29,0,0,0,0,19,0,0,8,15,6,0,0,14,2,0,22,2,2,5,3,7,9,10,7,0,53,0,3
24,11,0,11,0,0,6,0,0,17,0,0,0,10,1,0,0,0,5,26,2,0,18,0,6,22,22,0,0,11,6,0
0,0,0,8,15,3,44,0,11,0,10,24,0,0,0,56,17,4,0,0,0,0,0,0,0,20,26,0,12,41,0,0
0,17,54,0,19,0,11,0,0,42,0,0,0,6,1,0,0,0,19,28,0,0,0,0,0,28,0,14,0,0,24,27
0,64,0,0,0,36,13,0,0,0,8,38,6,0,30,33,27,0,35,0,35,0,18,0,0,43,19,0,32,0,66,1
35,0,0,0,42,0,19,11,0,0,30,7,17,0,0,0,0,0,0,0,0,23,38,0,56,23,0,45,0,0,0,0
70,22,44,0,47,0,0,0,1,0,0,0,0,0,0,0,0,2,0,0,47,4,11,11,7,2,0,14,97,5,0,0
82,0,0,38,14,0,19,15,4,2,34,82,0,0,0,0,3,0,0,0,0,18,0,0,0,2,0,61,28,44,0,38
12,0,0,0,0,0,17,32,0,0,0,16,0,0,15,18,4,18,0,15,0,0,19,0,34,42,20,0,42,21,11,20
38,0,39,16,29,0,0,0,0,0,73,19,39,2,41,0,5,1,0,0,0,50,5,0,0,0,55,32,2,0,0,30
8,0,0,0,0,0,6,1,0,13,10,0,2,16,0,0,0,0,0,0,8,0,0,22,6,25,0,4,0,34,0,45
0,37,0,14,37,34,0,30,2,12,0,18,45,22,0,0,21,11,5,16,8,0,1,0,0,19,1,4,32,53,8,53
0,16,1,0,3,18,28,0,17,21,0,0,0,32,0,0,21,9,32,13,74,0,0,0,0,4,0,46,105,0,49,73
0,1,35,0,14,40,0,0,4,29,36,0,1,24,64,60,0,18,0,48,48,27,0,26,0,4,0,8,0,4,12,0
14,0,0,0,14,0,0,0,0,0,81,22,0,28,33,5,26,9,0,64,87,40,0,0,0,3,0,10,20,7,0,0
28,39,0,27,21,0,10,8,35,0,78,76,4,98,0,2,0,22,72,61,78,3,0,0,0,0,42,0,7,22,0,19
84,30,17,55,0,0,76,18,2,23,2,10,8,23,0,17,0,0,21,45,212,15,2,0,0,0,0,41,0,0,0,0
0,39,113,32,22,72,160,113,0,0,0,17,31,0,0,11,88,45,8,59,43,45,0,0,0,7,36,8,5,0,0,0
56,94,19,0,35,0,90,38,34,61,50,66,176,71,10,0,4,17,211,0,164,45,9,29,0,15,0,49,19,0,0,5
68,71,0,59,66,102,111,18,32,24,64,119,140,121,31,0,0,46,92,87,181,116,11,8,48,0,95,153,30,6,5,0
150,0,0,23,8,0,71,108,120,84,129,94,141,25,25,0,0,70,18,83,61,36,0,26,78,106,159,155,14,8,0,38
89,16,42,14,44,70,122,25,119,30,16,156,84,4,136,20,35,48,43,33,42,0,0,57,27,108,54,58,26,0,0,10
0,0,0,21,0,68,40,48,3,71,0,12,54,35,6,23,39,0,7,83,18,0,110,125,43,0,96,95,0,0,23,4
150,4,39,21,0,25,53,92,29,37,0,54,0,0,0,0,9,0,0,39,17,80,1,16,76,58,67,0,13,33,15,25
0,17,8,7,0,0,6,40,0,0,0,14,0,0,17,23,0,0,9,4,14,0,58,3,0,29,1,0,10,35,1,9
0,0,36,11,4,22,0,27,5,7,26,4,31,3,0,0,82,27,19,0,0,0,29,35,2,0,0,16,0,170,9,13
0,0,19,3,0,12,9,1,17,0,5,6,0,16,0,0,179,12,13,1,0,150,14,3,0,5,0,0,0,9,0,12
0,10,10,16,8,0,2,1,12,0,0,0,22,19,10,123,191,225,0,17,0,50,0,0,0,0,0,0,3,0,0,0
0,25,25,27,4,41,0,0,22,14,0,5,0,51,2,110,18,24,57,0,18,3,11,26,3,0,4,7,13,0,0,49
0,34,0,32,0,39,0,0,57,7,62,0,0,18,0,0,8,13,0,13,0,19,16,0,0,0,16,38,16,3,35,0
0,11,18,22,0,4,0,4,19,0,0,23,30,0,0,9,0,0,0,9,0,0,10,0,9,1,0,3,0,20,0,1
0,0,5,18,0,7,0,4,0,5,2,0,8,10,0,25,16,0,20,0,0,12,0,0,1,23,0,0,0,0,0,0
19,0,46,4,0,0,0,0,0,0,0,29,4,0,10,0,0,0,0,18,16,7,0,16,0,5,40,16,0,39,1,7
9,0,0,0,0,23,0,0,10,20,18,0,31,34,14,0,0,0,0,0,0,21,0,0,0,0,0,14,3,0,12,3
0,10,5,0,23,3,23,0,43,0,15,0,0,0,40,0,0,0,16,9,11,0,17,26,0,0,0,38,0,17,0,0
0,0,35,33,44,0,18,38,7,0,0,39,44,0,34,7,41,0,0,23,1,14,19,0,32,11,9,0,9,4,0,0
12,0,1,0,1,0,1,16,0,0,0,3,0,0,7,10,5,3,17,0,0,0,29,11,7,0,19,0,0,0,4,0
32,0,16,31,0,0,0,27,0,10,0,0,0,19,6,20,21,28,0,21,29,16,7,18,14,36,0,25,9,28,0,0
0,8,0,11,31,0,19,66,0,0,0,72,0,0,0,82,0,0,19,21,0,51,1,0,0,3,52,0,7,0,0,102
0,0,0,35,0,0,0,16,0,0,0,16,0,0,16,22,141,42,0,10,0,10,0,8,0,4,77,158,33,63,0,0
24,27,4,3,0,0,0,0,0,23,0,28,13,0,2,39,104,129,0,0,73,0,0,13,0,0,170,89,0,0,0,25
0,4,0,31,0,0,0,0,10,0,0,9,0,26,13,0,86,0,0,2,0,3,25,0,0,0,145,0,0,4,5,0
0,0,0,40,0,0,0,59,0,0,0,1,1,38,0,0,53,35,0,2,0,23,22,0,32,78,64,48,5,5,0,0
66,0,0,23,0,0,0,0,0,5,0,0,24,28,0,40,79,141,0,0,0,0,6,29,4,48,0,16,0,0,0,0
0,10,16,7,0,10,0,30,20,0,0,18,0,0,0,25,0,10,0,20,0,21,2,0,6,6,19,0,0,6,8,0
0,0,0,0,0,13,20,0,4,1,7,12,18,44,36,41,42,58,0,0,3,0,27,33,142,6,0,0,29,19,7,167
0,63,16,3,0,0,0,8,1,0,0,42,5,0,48,11,6,122,0,25,0,0,0,22,132,0,44,4,0,3,164,28
0,6,0,9,62,0,0,0,29,0,33,25,61,54,26,29,52,45,3,1,20,10,37,0,30,3,1,39,27,158,107,44
0,13,57,0,13,0,7,0,0,0,22,0,5,53,46,11,78,18,0,0,0,0,32,17,0,2,11,27,229,0,42,12
0,61,0,21,21,0,43,30,8,4,52,18,140,2,2,3,0,34,0,13,0,17,0,66,0,0,7,8,19,21,5,0
0,9,0,0,5,14,73,0,0,90,67,84,44,15,0,16,57,146,9,0,0,0,13,0,0,36,0,0,0,17,62,110
39,0,77,43,7,10,55,30,20,0,1,90,50,0,13,0,248,150,43,0,0,217,38,21,19,0,34,0,39,42,208,0
0,0,0,102,0,0,36,101,134,0,20,159,127,76,15,1,36,146,3,19,0,36,26,4,2,5,0,7,3,0,16,80
0,0,20,42,0,49,0,0,29,53,42,160,97,0,0,0,4,48,20,0,13,9,9,26,0,12,7,0,15,3,63,26
0,5,0,11,0,12,19,82,0,49,0,0,54,0,0,23,0,0,4,10,0,0,33,0,33,16,16,0,25,5,0,0
0,11,0,10,0,0,0,39,0,0,0,84,20,5,29,6,17,20,10,44,0,0,0,11,46,0,2,21,0,0,0,0
0,11,0,13,0,23,3,28,0,0,0,0,27,0,9,17,7,0,0,16,0,0,0,0,18,2,6,2,0,0,0,33
27,7,0,0,33,0,0,0,12,35,30,0,2,0,0,0,32,11,33,0,10,0,0,0,0,0,25,11,14,0,0,0
14,9,0,12,13,0,0,49,55,22,11,11,6,0,0,0,20,8,0,0,0,12,0,0,43,0,23,26,0,0,10,18
7,0,7,38,0,0,26,6,8,0,0,31,0,0,8,0,0,33,0,1,0,0,3,0,26,13,0,1,0,0,0,21
0,19,0,8,22,0,4,4,0,0,0,32,0,7,21,5,16,0,7,0,0,0,0,0,0,19,17,0,0,9,0,0
0,0,5,0,0,0,0,0,3,0,25,2,9,0,6,7,27,8,0,1,0,0,0,7,0,0,10,0,0,0,0,5
23,8,6,19,0,4,7,0,2,0,9,0,19,2,0,0,24,18,25,20,0,16,0,8,0,0,0,0,7,0,0,0
4,0,29,5,13,12,0,0,4,25,0,14,43,0,25,12,0,0,12,0,0,0,10,0,21,0,3,0,0,0,0,0
8,0,0,0,0,5,20,0,35,20,53,0,32,29,8,0,10,17,23,0,7,5,43,19,0,18,0,0,7,17,0,0
0,0,0,0,0,0,2,0,0,4,13,6,0,0,0,7,9,18,0,0,5,10,3,0,0,0,7,0,0,0,0,0
14,0,5,13,0,41,14,51,13,19,19,0,1,29,0,23,0,9,0,4,25,5,0,14,0,0,18,0,0,4,0,1
0,0,0,10,60,4,24,15,11,5,0,0,0,155,149,73,56,0,28,7,0,0,0,21,0,0,22,41,0,28,25,0
23,0,8,8,11,0,10,26,3,0,0,26,0,76,4,82,27,0,23,3,0,0,41,57,26,44,16,0,13,17,19,32
9,0,35,0,0,8,51,30,0,0,0,2,0,46,46,61,0,14,0,13,0,1,0,4,11,17,0,30,24,0,16,9
13,0,0,0,0,44,11,0,0,39,0,0,164,25,133,173,54,27,45,12,9,8,4,17,11,5,0,49,0,0,39,102
0,24,0,11,0,40,71,58,7,0,22,0,17,79,45,38,26,6,0,9,50,0,0,0,0,102,155,0,42,42,25,71
0,8,0,11,6,2,26,0,23,0,10,34,19,100,0,9,14,12,15,0,75,0,37,0,40,234,151,0,66,48,13,14
0,0,0,12,0,22,33,0,0,0,4,35,41,0,34,28,0,0,0,36,0,0,0,198,116,0,73,0,19,29,0,0
0,19,28,35,36,0,12,0,0,0,6,0,59,42,0,8,51,1,20,0,37,11,43,144,23,66,53,0,0,0,151,66
0,5,0,48,0,61,11,0,40,36,0,239,96,19,2,16,0,0,0,0,3,0,0,13,42,52,43,8,8,35,119,17
21,11,0,0,0,22,0,0,31,6,6,55,204,33,23,0,37,0,0,6,0,0,0,29,29,0,71,36,61,36,0,49
0,0,8,23,0,0,0,4,0,6,0,20,24,93,0,187,191,99,0,0,0,11,0,6,0,24,250,89,54,5,0,0
0,36,17,0,0,0,8,54,0,5,0,93,109,48,68,84,138,85,20,55,0,0,62,0,19,7,89,107,22,9,4,22
21,48,1,0,11,15,0,0,0,0,13,41,0,65,52,7,0,3,71,44,5,0,3,25,0,0,0,0,26,7,0,49
0,0,0,3,0,10,0,0,24,56,66,29,7,94,0,0,0,0,75,0,0,12,28,0,28,40,0,2,0,64,36,56
9,43,0,0,34,0,0,82,45,0,64,53,90,0,0,10,19,23,48,0,39,26,28,0,5,0,0,33,13,0,48,2
0,6,0,11,0,34,14,22,0,43,4,10,16,12,2,6,0,10,0,10,14,2,0,4,10,0,1,29,0,0,22,40
0,75,2,41,23,68,0,113,43,10,0,0,0,55,5,0,0,0,37,0,27,53,4,13,34,0,17,0,0,0,0,3
0,0,0,31,62,50,10,213,150,141,0,26,10,32,36,0,8,7,27,11,16,0,50,0,57,6,0,9,0,0,1,74
0,63,25,2,0,67,241,4,186,139,16,38,0,0,0,33,0,0,0,0,15,0,56,19,6,0,0,0,0,0,4,34
0,20,0,0,34,3,161,195,140,152,0,0,0,0,0,5,27,0,0,0,5,25,17,0,3,5,0,0,10,0,25,0
10,0,16,50,7,0,21,3,230,212,5,79,0,12,20,0,0,45,0,16,4,11,0,0,0,0,6,0,16,11,42,0
17,0,0,23,0,0,2,85,59,0,13,31,0,0,0,25,0,14,0,8,0,14,0,0,29,30,0,24,0,9,0,0
0,0,0,7,0,28,0,0,0,0,0,71,20,25,0,0,0,0,0,0,0,30,13,27,31,0,12,0,0,12,0,0
16,7,3,0,0,0,0,0,0,4,0,0,10,53,14,0,4,19,0,0,0,9,2,0,5,6,3,0,16,6,0,5
0,13,0,0,17,24,0,0,10,0,0,32,0,16,13,28,0,0,0,16,3,7,0,5,0,0,0,0,0,0,0,1
7,0,0,4,85,18,0,0,26,16,28,0,8,18,5,0,7,0,0,0,34,0,0,42,12,0,31,0,10,21,0,0
0,32,0,0,0,41,14,0,0,6,45,10,35,46,0,0,0,19,0,0,0,44,0,0,10,6,0,12,5,0,0,0
16,0,39,7,35,19,11,0,0,1,0,14,18,0,2,0,0,0,19,24,6,38,3,0,0,1,0,0,1,48,0,0
41,0,0,7,0,17,0,0,33,0,16,0,16,0,16,5,0,0,0,0,0,2,38,0,1,0,0,0,25,5,0,77
0,0,2,0,22,0,0,23,13,4,4,18,13,0,15,0,4,0,4,17,0,8,18,0,0,18,25,32,0,17,2,4
8,1,10,38,37,3,40,24,0,6,0,13,0,4,4,31,1,0,0,6,0,0,0,0,0,16,5,0,12,64,0,0
38,1,26,0,2,8,0,0,0,3,0,4,0,0,19,0,16,25,0,0,0,0,0,16,12,30,16,0,22,7,0,0
152,0,0,195,89,0,123,66,207,147,0,0,43,46,0,0,0,0,0,15,9,4,35,42,52,0,30,0,0,0,0,0
0,4,22,122,26,39,30,104,25,45,75,0,97,0,0,6,0,0,0,41,14,59,40,0,0,0,0,38,0,0,0,0
59,0,85,110,44,155,0,106,231,101,0,0,44,2,8,1,0,28,0,42,0,84,0,0,37,28,20,0,0,0,0,0
65,0,66,68,230,48,138,120,124,0,0,40,0,1,0,4,17,0,23,24,48,2,0,6,0,22,0,28,65,0,21,16
150,0,0,134,31,100,96,9,20,0,49,56,2,0,3,25,63,45,71,24,24,0,0,4,0,23,23,33,29,50,0,22
0,19,68,199,73,208,3,0,0,0,0,32,10,0,5,32,11,53,49,0,85,0,11,0,4,0,42,24,12,0,0,7
0,0,100,61,142,51,17,0,0,9,67,15,29,0,8,0,0,72,0,13,0,0,17,21,64,0,43,4,0,45,31,50
137,0,17,201,0,0,15,26,13,23,0,0,40,30,0,0,37,0,0,52,4,5,60,5,2,0,23,17,0,0,0,66
125,0,0,100,111,0,0,0,71,35,0,0,0,16,0,35,66,0,41,0,63,47,58,0,0,0,0,33,0,0,0,45
38,0,7,35,12,0,21,72,21,0,28,13,61,17,0,127,0,11,13,0,0,16,0,19,17,13,0,4,78,7,17,99
95,51,6,39,0,0,0,0,43,31,0,7,0,52,0,32,0,25,7,161,108,37,0,0,1,13,0,7,96,31,40,0
0,0,0,0,0,0,38,0,60,49,3,51,46,0,27,42,0,54,3,94,1,54,0,0,26,0,21,27,15,0,10,56
0,0,0,45,0,0,77,0,0,0,20,0,55,0,0,11,0,71,106,25,0,0,0,0,0,0,0,17,0,103,0,0
0,47,4,0,49,22,141,35,0,28,9,28,78,0,8,33,1,130,64,0,0,0,0,0,13,0,0,50,23,0,5,41
24,0,19,31,74,221,179,88,0,156,138,36,0,4,7,44,0,0,39,30,7,16,46,0,0,0,0,31,0,0,57,45
70,5,18,16,129,243,142,11,82,172,74,1,0,54,40,0,8,0,0,0,0,43,11,0,17,19,12,0,0,0,3,49
5,39,49,0,176,242,91,20,20,203,0,0,0,0,137,30,58,32,13,0,0,31,0,0,0,39,20,0,16,13,0,29
7,3,24,1,34,157,27,81,109,0,24,0,125,75,24,0,0,8,0,36,2,0,48,13,3,21,0,0,0,0,0,64
0,0,71,0,0,0,26,53,85,78,112,0,61,96,18,93,48,0,19,4,14,18,0,0,48,0,0,0,0,0,3,1
0,0,0,17,0,26,14,82,41,44,0,11,12,0,69,213,64,20,0,7,3,0,6,9,0,9,0,0,1,45,17,24
22,0,0,34,16,178,0,78,44,97,0,0,0,41,20,59,0,0,0,0,8,30,4,15,15,0,0,9,0,0,0,0
0,9,0,0,0,64,57,44,54,26,30,0,0,14,122,160,0,3,0,4,0,0,1,0,0,0,0,17,0,0,8,34
0,0,0,3,0,149,162,0,17,22,26,20,0,65,183,0,23,0,0,0,23,6,0,0,0,7,9,32,0,0,0,17
0,0,26,0,39,106,0,37,0,0,0,21,17,154,244,24,16,0,0,12,0,31,0,0,0,0,26,7,0,0,25,0
17,16,29,6,180,0,0,52,0,0,0,63,0,20,33,0,0,0,31,18,23,0,24,16,31,0,30,0,0,5,17,0
0,0,119,163,171,89,45,0,18,4,9,12,36,90,15,19,50,0,13,14,22,7,0,0,5,0,0,70,17,24,3,4
5,0,32,112,187,117,6,0,0,11,29,0,23,169,31,17,0,0,27,0,36,7,20,3,57,10,34,24,0,53,0,0
23,12,62,53,6,34,12,9,0,21,0,0,36,0,11,0,0,0,0,1,2,0,0,0,0,0,0,0,0,0,8,2
26,13,0,126,76,34,0,0,0,16,43,0,9,20,0,0,0,7,0,0,26,0,0,0,0,20,0,0,31,0,45,20
0,3,0,0,64,0,5,24,0,0,0,26,0,0,0,50,7,5,11,0,0,17,0,0,0,0,16,0,2,0,5,0
3,0,18,0,0,14,18,34,5,0,8,29,0,2,0,0,0,2,26,5,0,19,20,0,0,0,32,26,0,10,11,0
0,32,5,13,0,0,4,0,0,0,0,30,0,0,0,0,10,8,16,0,26,0,5,0,0,4,0,15,13,0,0,76
16,11,0,5,52,28,0,11,37,23,0,33,0,0,0,0,5,0,0,0,16,1,36,19,20,11,0,0,6,21,0,0
0,18,43,0,0,4,0,0,15,6,0,86,0,8,11,0,0,0,6,27,4,33,40,3,1,152,6,0,0,46,15,7
72,12,64,11,29,16,0,0,0,0,56,73,24,0,80,23,48,24,59,16,16,57,0,0,38,22,13,0,40,11,27,0
0,20,25,0,16,0,0,18,27,0,8,4,0,5,0,8,1,0,0,0,41,31,0,1,0,80,28,47,62,12,25,18
17,2,0,43,0,0,0,33,45,0,0,0,1,0,45,4,0,0,0,59,29,6,0,0,35,30,0,40,11,6,13,18
13,25,34,40,0,35,0,42,0,0,16,0,0,16,12,0,4,12,36,8,46,18,0,22,48,0,72,0,0,0,0,51
0,0,0,93,0,0,54,0,56,40,24,71,0,11,0,58,5,0,0,0,11,58,13,0,0,12,5,0,0,28,27,30
0,23,39,39,0,0,44,100,132,0,32,0,0,8,0,23,0,0,0,0,18,21,45,0,0,0,4,53,0,2,0,28
63,98,53,0,0,0,77,203,25,19,0,0,44,14,34,4,0,0,0,0,0,0,0,9,0,28,3,10,45,0,18,55
0,33,7,4,0,16,0,0,239,33,8,0,0,0,20,35,9,55,0,0,22,53,0,0,0,0,28,0,95,37,70,94
75,0,28,71,0,0,0,0,18,19,0,31,32,0,40,71,0,0,0,15,0,0,0,10,0,0,0,36,67,38,0,43
42,59,0,0,0,0,0,75,45,48,65,0,35,0,7,27,4,21,0,44,6,33,1,6,11,8,8,0,1,23,16,7
15,31,29,31,51,0,0,77,202,0,0,1,3,58,51,0,27,0,69,8,13,0,0,8,0,0,0,5,0,2,0,6
38,49,8,9,26,0,2,0,90,0,0,0,0,0,4,11,18,34,0,0,14,1,5,0,0,20,35,0,5,40,30,0
106,11,20,43,0,0,0,40,162,45,11,0,31,36,20,121,42,0,0,0,38,8,0,12,0,0,7,12,31,0,38,0
155,21,23,0,0,0,0,2,5,51,8,34,11,12,0,141,56,0,0,0,0,13,0,0,0,55,0,0,20,0,0,57
171,169,24,44,8,0,0,0,0,51,13,50,13,0,47,73,186,5,0,0,27,8,13,0,34,26,5,15,0,0,0,8
244,215,0,1,0,32,11,30,4,254,71,28,22,127,41,236,99,0,2,5,0,0,0,0,0,0,8,18,0,2,0,5
0,7,107,54,0,0,2,42,0,29,0,51,9,76,64,42,87,0,0,49,4,27,22,0,0,32,12,0,35,36,31,13
21,37,196,74,0,0,41,9,19,0,33,0,11,25,12,218,88,12,0,0,12,0,0,9,0,23,0,0,0,3,24,20
0,10,63,76,22,3,0,15,23,0,19,0,48,26,2,5,7,0,22,0,0,16,0,7,0,0,0,6,0,7,0,0
47,21,16,131,15,25,1,26,3,12,0,0,0,0,2,3,0,11,86,81,0,7,0,0,2,0,0,19,0,0,0,7
0,38,11,0,18,0,0,0,29,5,43,0,16,5,0,6,3,0,2,51,0,69,3,0,0,1,0,56,29,0,68,0
63,15,16,1,0,0,0,15,0,0,13,21,15,55,92,11,0,2,0,180,0,19,0,0,4,4,7,0,0,0,0,0
0,0,28,0,10,39,0,0,0,0,0,0,8,10,20,0,0,0,0,0,15,0,2,0,1,0,0,0,0,0,41,0
0,0,23,0,9,0,21,0,16,0,49,0,0,107,7,145,134,0,26,0,0,15,3,12,17,7,0,54,8,0,0,4
0,1,0,0,0,55,0,0,0,22,0,0,16,63,45,0,140,25,0,0,5,26,7,0,9,0,15,19,24,9,26,28
0,5,17,0,25,0,43,36,22,7,0,1,1,0,43,127,70,0,28,31,21,0,0,0,13,12,27,0,16,0,10,0
0,0,12,0,0,0,12,0,20,0,0,0,0,16,26,51,112,88,208,0,0,0,14,6,0,0,26,18,47,36,0,0
1,12,0,1,0,0,19,43,30,0,24,0,0,11,0,0,0,0,32,0,0,1,48,0,0,19,0,16,0,0,0,14
0,13,14,0,2,14,0,24,42,0,7,40,1,0,5,30,11,17,60,0,26,13,27,0,0,48,0,0,42,0,31,0
14,5,0,3,6,0,8,29,29,0,0,0,0,0,0,28,0,0,0,16,5,0,0,16,39,5,9,0,13,0,4,0
0,0,23,0,0,0,0,46,0,0,95,11,6,0,9,0,0,26,19,14,2,0,29,0,33,7,33,0,8,0,29,38
34,0,0,0,0,26,3,0,1,0,0,0,9,0,14,0,0,0,0,0,38,39,74,55,54,27,0,22,0,1,0,32
34,10,0,11,8,0,0,39,35,17,28,0,0,0,30,0,14,17,10,8,0,36,43,11,10,4,6,0,27,7,0,5
38,0,0,0,37,0,40,0,0,38,10,0,0,26,1,0,0,11,0,7,14,0,0,17,0,0,0,4,38,0,25,0
8,24,0,0,8,30,41,0,39,0,56,0,60,10,33,0,33,31,5,20,24,0,32,0,0,0,0,20,0,42,8,31
68,31,2,0,0,47,8,0,0,0,0,0,1,1,0,17,0,10,0,0,70,44,0,0,5,21,41,0,17,16,31,36
22,45,24,23,0,0,9,0,0,3,0,59,0,7,0,0,0,0,19,23,8,23,0,8,0,16,0,0,0,0,0,38
0,40,6,11,13,0,0,40,45,10,0,16,2,41,13,0,39,12,30,0,11,0,0,17,42,1,0,0,0,0,40,0
34,82,33,40,0,0,21,32,29,9,34,0,40,12,0,21,1,56,26,14,45,9,21,0,0,0,36,0,15,24,40,65
0,17,11,31,29,0,0,0,0,0,3,3,0,5,0,0,53,50,0,4,33,0,0,9,3,19,29,16,21,30,32,0
0,11,34,44,58,28,62,12,10,7,0,8,1,71,87,13,60,54,189,0,0,2,0,3,9,0,7,1,24,25,0,0
0,23,25,37,7,0,0,37,0,61,0,38,53,16,41,0,69,118,14,51,41,0,10,28,0,0,19,0,0,0,12,46
0,52,10,0,0,14,5,23,130,7,163,0,32,63,16,125,72,11,112,158,14,0,58,24,13,0,21,51,0,4,0,0
0,2,10,0,0,0,102,0,16,84,123,8,0,65,0,0,92,93,116,103,0,0,19,0,12,0,0,0,0,30,34,89
0,32,15,0,0,0,124,157,95,23,29,20,0,48,40,58,102,63,92,179,9,0,58,5,25,0,172,8,11,0,9,11
69,40,45,0,37,1,87,5,64,112,30,34,170,12,0,0,97,89,206,197,81,13,12,0,41,14,55,0,49,15,9,0
0,77,107,104,84,146,164,49,0,33,66,118,3,36,0,0,66,4,61,208,240,0,91,78,19,98,235,0,22,3,42,0
0,0,46,12,37,8,152,46,238,49,20,31,157,114,0,13,45,48,51,91,26,2,95,48,51,103,185,22,0,0,0,0
0,0,8,58,0,48,76,0,104,66,35,140,86,59,5,0,0,75,28,48,0,87,45,67,31,16,100,2,5,0,24,0
0,24,30,69,0,78,66,108,0,39,3,85,7,0,0,35,0,31,1,92,57,0,133,118,7,1,5,0,0,41,0,0
0,41,0,0,0,0,0,43,16,0,11,80,23,0,20,33,50,49,12,0,45,93,53,0,1,30,21,0,129,91,21,0
71,38,0,0,0,0,8,32,0,0,0,0,0,29,0,10,19,0,0,0,15,0,0,0,0,0,0,0,56,21,0,0
22,0,14,0,0,0,0,0,0,27,18,0,30,12,0,0,155,41,0,0,0,0,0,23,0,0,16,0,0,0,12,39
100,0,13,1,0,41,5,24,0,0,0,15,0,43,1,10,111,33,0,0,18,13,0,0,22,14,0,0,4,1,0,9
87,0,30,26,0,12,1,0,0,0,4,0,5,0,54,25,26,0,0,3,0,3,0,8,102,75,27,0,0,44,5,22
55,2,0,0,0,0,0,0,0,3,0,0,0,1,0,0,23,0,0,0,0,0,0,0,91,103,0,0,39,4,11,0
76,0,0,26,0,0,0,0,18,0,0,23,16,8,1,0,0,11,0,8,18,0,13,0,0,11,0,15,36,40,0,13
0,0,0,0,17,23,0,0,0,0,17,1,0,11,0,0,16,13,9,23,0,0,0,0,0,26,43,0,0,18,0,0
78,0,0,19,0,0,0,0,20,46,16,0,20,0,7,0,10,0,13,0,0,0,0,27,16,0,42,15,0,19,0,0
6,11,34,0,20,21,48,0,22,23,6,0,14,8,0,4,4,7,0,0,23,0,0,21,0,0,9,3,0,19,6,0
26,12,0,0,0,12,0,5,0,0,18,0,21,20,0,61,0,0,3,0,0,2,0,0,28,0,0,0,22,23,0,0
0,26,0,10,23,0,29,0,0,0,0,0,1,7,0,100,37,0,28,0,16,3,15,14,0,0,2,0,3,0,0,0
40,0,0,36,0,25,0,0,48,4,0,0,0,8,15,0,11,18,6,8,26,0,0,0,47,0,13,0,0,0,0,0
15,0,0,42,0,0,0,35,53,0,52,0,8,0,10,0,0,0,2,0,8,5,35,0,41,41,101,0,0,0,0,82
12,0,46,12,18,0,17,52,3,0,5,70,0,0,0,0,0,0,14,28,14,18,0,7,31,38,135,185,22,32,0,21
0,0,0,16,0,13,29,16,14,37,70,0,0,22,6,0,162,0,34,0,8,2,3,15,0,118,182,66,4,0,0,0
0,0,0,0,9,0,0,0,8,0,11,50,0,17,0,15,45,85,0,0,0,16,6,15,15,144,196,0,0,0,19,55
0,6,0,15,18,0,0,0,0,0,0,19,0,0,33,0,72,111,18,0,2,0,0,48,0,178,10,8,7,18,20,0
82,25,36,0,0,26,0,0,31,42,62,37,18,0,0,31,147,89,14,0,24,0,71,21,130,84,28,16,0,0,0,7
63,37,0,0,9,6,20,5,3,0,33,0,21,0,12,2,189,54,0,3,2,4,3,0,246,3,0,22,6,0,21,2
8,0,9,1,0,3,0,37,30,0,0,12,0,6,15,101,67,26,8,9,25,0,0,100,78,0,48,20,25,12,0,208
48,6,0,0,11,0,0,60,0,0,69,5,14,4,17,0,72,19,0,13,0,2,0,139,43,3,0,12,7,0,43,213
0,0,19,0,46,0,33,5,14,0,45,0,0,25,39,9,100,42,0,24,0,0,0,42,0,0,27,0,24,144,111,15
49,40,0,35,0,0,15,56,0,10,3,55,41,0,61,20,26,45,0,17,0,27,0,0,8,37,21,0,229,75,0,0
0,10,0,12,21,0,0,4,0,42,0,28,33,82,4,112,11,17,5,0,34,0,4,2,0,0,8,0,60,8,0,0
43,0,0,8,0,5,76,0,3,62,0,37,16,63,38,26,149,24,11,0,0,23,27,23,0,45,1,0,34,12,0,65
0,97,4,0,0,36,0,42,0,4,51,4,72,86,6,0,186,52,0,0,28,35,27,0,26,34,15,0,21,144,243,100
0,0,0,0,0,18,24,0,12,55,104,58,52,0,22,0,100,9,61,11,157,78,4,0,0,15,27,12,13,0,7,176
58,37,0,40,24,42,69,29,23,20,0,52,34,0,0,0,0,26,37,0,28,0,0,0,4,0,0,10,4,40,0,62
26,0,30,62,17,6,81,82,16,53,0,121,56,64,11,21,1,0,20,37,0,11,30,0,67,75,23,7,0,5,9,0
0,11,0,0,0,0,4,7,139,52,78,31,49,46,0,8,0,8,4,0,0,0,66,40,0,0,0,0,23,0,37,14
0,0,7,14,35,29,57,26,0,5,0,16,0,0,28,31,9,17,6,0,0,0,0,38,13,0,0,51,0,0,21,8
26,0,59,0,35,22,17,49,19,0,0,3,24,28,0,0,80,0,0,0,49,39,13,0,4,50,0,10,0,21,0,0
0,28,0,37,38,0,0,0,0,0,0,47,65,22,0,11,7,0,31,22,0,8,21,0,0,0,0,5,0,0,19,0
0,14,0,0,0,31,14,0,2,0,0,7,16,24,0,0,1,49,0,0,2,0,35,0,34,0,26,40,10,0,2,20
0,0,0,7,9,0,2,13,2,0,0,12,72,87,0,2,7,0,38,13,7,4,0,0,4,5,0,0,0,16,0,0
0,0,16,0,0,0,28,16,26,0,18,19,25,22,3,27,5,0,27,17,0,0,4,0,0,7,30,14,1,25,0,0
0,9,16,0,32,0,0,30,10,0,16,0,0,0,0,0,0,11,0,20,20,0,38,0,5,2,10,27,14,23,0,0
0,0,0,0,9,15,9,0,30,14,4,0,31,0,7,2,0,4,15,16,17,0,14,24,16,0,16,0,0,16,0,34
8,11,0,0,0,0,51,0,33,1,11,0,16,3,10,42,8,0,17,0,26,0,1,0,0,0,2,0,34,7,8,0
0,0,11,0,32,26,15,0,32,16,0,3,27,3,0,0,0,0,0,0,0,13,15,16,0,0,0,0,0,0,36,0
2,0,3,0,0,7,0,0,46,0,0,26,8,0,22,0,0,0,0,43,0,0,0,28,0,0,0,0,15,0,0,3
0,0,8,0,0,27,17,0,53,30,9,16,0,0,16,0,15,0,31,6,15,14,0,0,0,0,0,10,8,5,16,34
48,6,41,0,16,26,0,0,4,1,19,20,33,0,31,8,0,0,0,18,10,7,18,0,50,3,48,0,0,0,0,13
47,4,1,27,0,0,0,13,0,0,0,6,111,112,0,14,0,0,0,0,44,0,17,2,4,0,0,0,23,10,0,30
0,32,3,54,0,0,0,38,0,0,43,74,240,47,11,0,3,0,41,48,5,0,0,0,0,15,131,46,0,53,49,25
0,0,0,0,34,7,15,9,10,0,49,198,136,93,45,7,32,0,84,66,22,0,0,16,6,8,26,0,0,20,3,0
0,6,0,3,0,0,0,0,0,0,222,32,154,2,29,0,34,9,1,5,0,0,27,0,33,46,0,0,36,7,4,22
144,4,1,0,34,17,0,0,4,0,157,0,35,126,43,37,0,41,40,25,0,1,0,39,91,152,97,22,73,63,27,69
4,0,0,21,50,0,0,0,0,0,89,125,0,108,32,6,0,163,1,5,35,0,50,135,43,110,162,24,26,0,8,12
34,0,0,0,3,0,0,0,52,0,9,0,0,31,0,0,0,6,11,0,36,100,54,53,41,1,66,5,0,20,10,74
0,0,23,85,0,0,0,4,0,0,0,70,25,4,0,0,0,24,0,34,22,62,3,25,0,0,35,0,22,31,58,31
8,39,28,5,0,2,12,0,0,0,19,0,0,0,6,79,44,0,26,0,17,1,0,0,15,38,17,47,0,0,1,80
0,6,0,0,7,0,0,0,14,0,46,77,6,27,0,6,0,7,0,34,0,0,0,0,78,50,32,0,45,25,12,80
0,0,0,0,0,29,0,0,35,66,11,103,28,3,0,43,0,29,49,0,27,18,28,86,72,48,0,97,0,0,15,0
0,60,0,3,0,0,0,0,31,170,196,5,86,6,18,223,25,0,7,0,0,0,1,103,0,24,72,78,13,11,0,35
73,0,0,0,48,53,0,0,11,83,189,255,61,189,190,230,41,14,55,0,14,26,10,29,0,16,55,11,31,0,0,43
0,19,22,0,84,0,0,16,0,0,227,0,0,0,48,5,0,13,35,45,0,45,0,0,9,0,45,0,0,73,84,66
61,78,64,0,0,0,0,34,0,7,91,77,0,0,0,17,13,171,114,112,78,4,0,0,0,46,8,0,2,0,0,37
0,0,20,0,0,22,1,13,3,70,52,11,0,0,16,0,0,36,71,40,6,7,0,0,0,0,45,25,22,0,21,1
25,11,30,45,20,46,59,0,0,0,198,17,4,11,0,0,0,22,2,0,55,13,0,0,2,2,0,18,26,17,0,0
0,0,36,37,0,0,0,0,128,73,55,16,17,0,76,0,35,26,40,1,18,0,8,0,0,0,16,0,11,16,5,0
0,3,7,9,24,51,64,77,241,86,80,0,2,0,0,59,0,0,0,0,0,31,0,0,0,0,0,0,0,31,0,61
78,23,18,6,0,30,54,197,44,53,47,17,33,6,8,17,0,0,0,46,0,8,0,1,0,13,1,0,13,10,0,0
46,0,0,9,0,0,22,251,11,19,112,18,0,16,9,0,0,0,50,0,9,0,4,0,0,4,0,4,0,4,0,0
27,29,16,0,0,0,131,193,237,107,145,45,0,40,0,0,41,51,68,0,0,42,2,1,6,0,52,47,0,12,0,2
59,22,0,0,0,0,36,39,23,142,118,64,33,0,2,0,145,18,44,0,25,0,0,0,7,35,31,0,75,27,30,0
3,0,0,0,50,50,14,0,22,30,16,27,17,28,14,0,38,37,0,0,33,0,26,0,0,28,0,0,0,0,0,0
0,3,19,0,0,0,16,7,43,18,77,0,0,16,0,0,0,0,0,0,14,0,0,0,1,11,7,0,1,0,12,0
0,4,0,7,22,55,0,0,0,15,27,0,0,0,0,6,0,0,6,35,0,25,15,0,0,0,34,46,26,8,0,35
0,43,3,0,7,23,0,0,0,0,0,7,0,16,57,0,0,3,0,13,0,0,19,22,14,0,5,42,20,0,0,5
0,14,0,1,0,0,0,0,17,0,0,0,0,0,8,6,11,1,30,0,0,0,26,3,0,0,0,14,0,24,0,21
0,0,0,31,42,0,15,4,0,0,0,0,0,0,0,31,14,0,22,0,16,0,7,0,0,0,24,12,0,0,0,20
0,52,29,0,36,13,0,0,0,0,39,0,0,0,2,0,16,0,20,0,0,8,1,0,0,0,17,0,0,0,44,65
31,1,19,0,0,0,8,7,4,15,9,0,27,3,18,13,16,0,0,23,0,0,0,7,12,0,0,11,0,22,0,0
0,23,0,0,7,17,22,29,0,0,0,0,5,0,5,23,5,15,7,0,8,27,24,6,49,11,36,39,8,0,11,36
91,24,0,0,4,0,46,52,21,0,37,25,84,0,0,38,32,20,19,19,32,2,3,0,24,53,0,0,52,0,6,0
0,20,26,0,36,11,38,5,41,0,37,16,67,0,9,0,37,28,63,0,20,4,41,69,0,0,0,3,0,22,4,45
0,6,0,0,1,0,0,18,32,13,0,159,9,73,33,37,0,0,83,0,0,74,18,7,11,15,8,0,0,0,11,0
119,4,20,8,39,46,35,20,0,0,50,41,50,0,0,18,7,2,178,15,13,26,0,0,0,0,21,36,65,0,14,22
225,45,0,40,4,13,0,8,2,0,0,61,0,0,7,38,47,74,45,0,0,0,3,0,0,35,55,0,81,28,62,47
0,0,4,81,20,52,48,9,2,0,0,100,4,0,0,0,0,70,0,36,70,20,24,9,18,0,0,0,0,32,0,7
2,124,46,71,95,0,79,11,0,12,7,22,0,0,11,39,41,28,0,0,24,1,5,0,13,0,0,0,36,0,19,65
0,204,0,45,50,112,125,0,10,31,35,106,0,0,25,1,5,29,5,0,16,0,0,16,4,26,0,7,27,0,5,96
0,240,134,0,34,34,50,0,0,45,25,0,14,30,23,0,50,44,9,10,28,0,0,0,0,16,0,39,0,0,0,5
33,115,125,236,39,2,0,16,0,0,0,41,14,0,12,26,124,0,0,0,0,0,0,0,0,0,3,0,70,8,0,0
0,65,137,75,49,112,3,0,14,0,45,6,0,0,29,0,132,21,0,0,20,2,0,2,0,0,0,21,22,24,0,80
13,121,107,11,0,23,0,0,0,10,26,41,0,31,0,18,14,0,0,0,30,43,59,0,4,0,0,48,21,0,2,0
39,76,190,32,9,0,17,43,47,19,20,33,13,0,82,68,70,9,0,70,18,0,0,8,0,0,6,9,31,55,0,0
41,28,24,62,0,0,11,37,16,13,53,0,91,0,67,0,0,0,4,12,2,0,14,22,0,0,10,0,0,37,0,62
70,39,16,103,1,3,0,20,0,0,48,35,18,0,83,6,2,10,0,7,0,39,0,7,0,0,36,15,9,0,40,0
10,2,95,110,51,0,0,27,19,108,37,0,0,1,6,20,7,40,208,0,10,4,0,16,38,4,0,0,0,0,0,0
0,16,7,40,0,56,0,0,39,51,0,0,0,22,10,0,36,81,59,0,2,0,0,0,0,0,0,40,0,0,0,20
48,0,0,69,0,0,25,11,2,15,0,0,0,34,7,0,3,81,199,19,0,2,2,0,20,0,39,0,0,22,0,0
0,0,8,0,9,22,9,21,23,0,62,56,0,0,0,38,23,200,0,0,0,6,13,0,0,0,0,21,6,15,0,1
0,36,0,7,1,39,37,52,14,134,17,0,0,0,2,37,26,83,21,9,47,0,0,12,0,0,0,0,0,2,6,0
0,28,39,0,10,0,0,0,17,25,6,32,0,0,99,119,10,0,0,0,0,0,7,34,9,0,0,0,0,9,25,0
17,35,0,0,5,36,61,20,41,9,12,8,6,54,89,40,0,0,43,14,28,4,6,0,11,0,0,8,42,0,42,0
0,0,13,6,0,63,87,12,11,28,57,49,0,36,250,0,32,5,0,8,10,14,2,4,0,16,7,13,3,8,1,13
0,46,0,12,0,0,24,0,0,71,67,60,57,0,190,0,125,34,6,21,8,16,0,0,0,26,0,2,0,0,33,0
6,15,0,0,39,11,30,70,34,29,0,32,0,23,26,2,191,212,39,38,11,11,10,12,0,0,30,0,0,0,0,1
0,20,0,0,0,0,0,58,28,2,0,0,0,14,0,1,0,3,15,0,22,30,13,20,0,0,0,25,0,0,26,8
67,0,20,37,6,6,0,115,32,0,39,11,16,44,2,0,33,0,2,0,14,0,3,8,0,0,0,0,0,29,0,5
27,5,24,0,1,11,0,39,26,30,0,0,17,0,0,0,36,17,0,18,22,7,52,1,3,0,2,0,21,0,23,0
32,0,0,0,0,0,0,13,0,0,2,43,23,37,4,0,0,24,50,0,0,0,1,0,0,0,0,25,4,5,8,0
13,0,26,0,0,13,29,87,4,22,13,0,14,15,18,3,7,24,0,0,0,0,0,17,30,0,13,0,27,18,0,0
29,0,0,0,25,0,42,50,21,0,11,17,14,34,0,16,17,2,8,8,10,0,0,19,6,2,24,0,0,13,0,0
41,41,4,0,0,0,90,53,7,0,0,8,0,14,0,0,0,21,0,0,0,0,0,22,3,17,0,13,11,0,0,0
0,21,52,0,3,0,52,96,0,15,26,6,16,41,0,0,35,0,0,26,6,0,19,0,1,8,26,0,1,0,0,28
26,3,0,16,0,0,22,29,0,0,0,18,21,0,0,32,0,4,3,9,0,29,4,10,0,0,0,0,0,0,0,0
0,0,0,0,0,0,0,9,26,12,0,0,30,11,28,36,21,0,31,0,0,10,0,0,12,7,3,0,6,4,12,22
76,9,41,22,36,0,21,24,0,0,0,10,0,15,0,27,24,17,23,0,7,31,2,19,65,20,31,0,32,10,45,29
42,0,4,0,0,15,26,0,0,0,37,14,4,0,16,12,10,0,0,0,61,40,0,0,44,53,0,33,0,14,20,36
0,0,0,34,0,0,0,0,0,16,74,41,13,0,35,0,0,0,0,0,11,0,0,0,17,35,0,0,22,35,0,0
13,43,0,0,17,45,0,33,0,41,79,0,0,9,0,4,23,0,0,0,0,4,10,0,0,22,0,0,24,0,0,86
0,0,0,42,45,0,0,34,3,0,0,47,0,0,0,2,62,0,9,18,0,34,0,0,0,12,0,36,37,0,27,0
26,28,6,0,22,7,0,31,0,24,0,33,12,0,0,2,45,0,0,0,16,6,0,6,14,0,0,0,14,4,21,6
0,0,42,0,0,4,0,0,0,0,0,9,2,0,16,0,0,0,43,46,0,0,0,12,0,16,0,0,43,0,55,49
7,30,110,14,3,18,0,0,0,26,120,0,73,25,0,0,6,23,0,16,0,20,0,12,0,0,1,8,13,0,10,0
0,80,95,121,4,0,0,7,0,32,16,18,121,141,41,4,36,0,0,15,0,0,0,0,0,14,5,0,61,8,23,19
120,55,29,4,43,0,5,0,5,23,188,73,130,235,0,0,17,0,122,45,21,0,43,0,0,0,0,0,0,5,0,0
27,21,106,33,0,0,0,23,0,17,13,0,74,192,78,41,0,0,0,31,36,0,3,27,0,21,0,0,48,42,21,19
0,61,40,2,0,0,0,2,4,25,76,21,83,0,82,19,124,0,0,0,7,0,5,26,8,3,21,0,7,24,3,0
0,56,42,0,20,45,33,0,6,16,0,21,135,54,102,82,13,42,31,0,7,0,6,9,0,0,0,0,28,25,19,7
0,5,41,118,25,106,154,0,22,11,3,71,10,0,14,0,3,10,17,55,72,17,12,31,11,0,12,0,0,10,9,12
119,18,24,48,33,21,25,40,115,10,0,8,0,13,73,116,50,0,2,99,13,36,120,31,29,0,0,0,0,0,0,27
59,0,16,1,0,90,96,40,195,30,0,9,0,0,0,11,15,0,13,5,89,0,111,0,0,8,15,0,22,28,13,0
140,17,0,0,0,110,0,57,21,10,32,0,4,31,7,0,81,6,0,73,39,21,200,23,0,0,0,39,44,0,17,0
107,4,0,0,7,0,33,65,98,196,56,38,0,0,6,10,87,32,156,25,107,53,41,121,5,15,0,0,0,20,0,19
0,0,0,19,3,0,5,53,102,23,181,137,0,20,0,53,0,34,49,52,12,141,212,70,0,5,21,0,11,0,2,0
32,0,0,0,14,0,19,0,0,0,50,149,82,3,24,0,22,57,40,0,15,1,17,59,5,0,0,32,0,0,0,0
0,0,0,19,30,0,5,81,0,0,0,32,26,0,1,5,71,0,47,25,0,17,0,0,40,20,26,5,0,30,0,0
0,0,45,0,24,7,3,0,0,19,0,42,6,13,12,40,11,0,0,22,0,2,0,0,5,19,24,0,15,13,0,2
0,11,8,16,14,0,0,0,7,32,26,1,9,0,8,0,1,19,0,29,0,24,0,0,0,0,119,38,2,16,0,0
0,0,0,14,44,0,0,25,0,0,14,38,0,1,0,0,2,0,0,21,15,0,0,14,1,37,20,0,73,0,0,26
21,0,1,21,0,0,0,0,21,0,0,0,49,0,35,0,0,0,0,25,22,0,53,0,17,0,42,45,2,0,6,0
0,11,0,0,0,33,0,0,5,22,0,0,0,54,0,0,0,0,4,0,0,0,0,5,3,1,15,0,5,0,14,18
29,0,0,9,0,0,0,51,0,104,0,0,0,0,0,0,0,23,4,0,22,32,50,2,0,0,0,0,7,0,28,53
18,3,10,0,45,0,0,0,0,15,25,11,0,0,17,0,0,22,8,0,0,9,8,0,0,2,14,22,0,5,45,3
0,13,0,0,0,0,12,0,4,12,18,37,0,0,0,6,0,17,46,0,18,0,5,0,9,10,4,0,53,0,24,0
0,0,0,49,0,10,0,27,0,19,0,7,8,40,0,0,0,0,1,14,13,2,39,2,2,0,0,0,25,39,0,0
0,0,0,5,0,0,22,0,0,0,0,0,11,20,0,21,0,25,0,5,0,0,24,0,0,5,0,0,6,0,4,0
0,16,13,0,35,0,0,0,0,9,0,42,10,0,17,1,0,24,1,0,18,5,0,16,18,1,0,0,27,17,0,0
0,0,0,12,0,29,0,9,0,16,0,33,0,11,46,16,1,6,26,6,0,39,0,0,7,0,19,0,0,0,0,39
85,0,16,1,0,1,4,0,18,0,26,11,0,0,0,35,0,0,26,0,19,4,27,0,0,0,3,0,21,54,0,0
26,6,36,13,10,36,0,24,0,15,30,3,48,13,30,12,0,0,6,22,0,0,0,2,0,4,10,6,23,0,26,14
0,0,13,29,15,35,1,0,3,47,0,0,0,3,8,11,0,9,0,0,0,0,0,14,0,0,6,35,0,31,0,41
0,46,0,17,56,3,18,0,12,0,0,0,0,0,21,0,23,26,0,46,0,0,0,4,0,0,0,0,31,0,34,21
34,33,5,0,36,27,31,0,19,0,0,26,0,4,0,56,0,16,94,0,52,50,34,48,12,0,0,0,0,14,49,48
0,0,0,11,0,27,0,0,6,0,28,17,50,0,32,16,7,0,0,16,30,0,11,0,0,8,0,44,0,0,0,9
53,60,48,21,14,69,4,40,0,4,0,0,0,11,22,0,2,20,0,28,0,17,3,24,16,0,26,0,0,2,0,41
0,0,43,24,23,0,0,50,5,0,14,0,26,36,0,0,48,31,0,0,34,0,0,29,31,0,62,24,0,45,20,43
83,76,70,12,0,64,7,0,61,7,31,71,0,25,89,13,32,0,14,0,31,0,0,2,0,11,0,14,21,0,36,144
2,14,17,0,41,21,0,16,7,2,0,10,8,34,26,23,106,31,23,9,36,0,31,0,23,25,66,0,45,17,0,9
16,50,0,2,20,57,19,0,0,16,8,0,59,4,122,94,187,114,1,5,14,0,9,7,0,2,0,17,0,0,0,39
0,0,6,44,2,0,8,4,4,13,9,26,0,0,0,144,48,26,62,0,13,25,1,0,6,0,0,11,0,0,34,0
0,0,21,25,50,0,0,18,0,10,8,0,13,42,16,0,139,18,44,70,0,0,19,0,6,22,0,6,3,0,0,10
0,7,0,0,20,26,16,80,7,8,0,24,15,0,63,0,58,0,30,17,0,13,15,0,0,6,0,7,57,0,12,15
0,0,0,8,0,51,145,65,140,48,52,0,11,72,16,57,39,88,5,22,25,40,3,0,19,49,0,21,0,0,6,0
0,0,17,50,7,206,33,35,24,41,3,26,40,50,0,87,35,4,51,10,81,10,73,28,52,0,25,19,28,5,14,0
15,48,16,0,2,173,107,39,108,26,9,1,19,29,0,0,11,0,11,16,6,80,39,8,0,0,3,21,2,16,0,0
0,8,28,0,1,107,126,202,153,52,52,0,38,0,0,52,0,18,25,50,0,137,22,0,0,0,0,0,0,9,11,7
66,0,13,1,54,110,200,63,38,51,19,8,20,1,38,14,0,21,21,1,21,22,0,0,0,0,6,8,21,0,1,0
0,6,0,14,18,130,93,3,0,119,61,48,19,2,13,2,13,50,215,0,28,0,42,0,26,0,10,0,0,24,4,17
11,4,0,32,0,2,43,0,2,21,60,58,21,0,0,4,1,0,8,25,0,0,42,20,0,13,19,0,15,32,0,0
40,0,0,20,0,0,0,10,0,10,0,20,0,11,0,0,0,0,0,55,220,48,48,10,15,0,62,0,28,10,4,0
52,0,9,0,20,20,26,0,0,4,30,27,0,0,0,0,10,15,46,177,35,31,29,5,0,2,0,0,18,0,18,0
0,5,0,4,10,0,0,7,0,0,26,0,0,5,0,23,0,3,12,0,0,2,4,0,0,20,2,48,28,16,0,0
94,0,31,0,0,4,4,8,0,0,10,0,8,3,0,3,8,0,1,13,0,0,0,12,0,11,0,0,0,21,14,19
3,0,11,0,0,2,0,8,0,10,0,0,0,34,0,0,0,0,0,13,0,1,0,0,0,0,16,52,0,16,0,0
21,3,0,0,5,0,6,18,0,0,0,3,16,6,30,0,23,0,0,0,10,0,2,16,0,0,41,0,0,0,4,5
0,11,16,3,0,18,4,0,7,50,0,0,0,20,0,0,11,0,5,8,15,16,2,0,0,0,0,0,0,0,12,12
5,24,0,0,7,0,0,0,0,0,30,0,21,27,18,0,3,0,0,17,0,0,0,0,0,0,0,0,0,35,8,18
16,2,18,7,0,2,5,7,7,1,0,0,0,15,0,0,14,7,0,0,0,0,0,1,0,18,19,3,0,0,13,22
0,0,0,0,16,0,0,34,0,0,7,16,0,0,10,17,0,0,0,0,0,3,0,0,3,0,0,34,0,17,2,35
12,12,0,0,0,39,28,0,2,0,0,0,1,0,0,0,0,5,4,0,8,30,0,0,0,6,11,3,25,0,0,22
9,0,5,28,45,0,0,31,0,5,0,0,20,43,0,0,0,23,0,0,34,0,47,9,0,0,0,17,0,52,0,0
4,0,0,17,0,0,0,44,13,0,86,0,20,6,7,0,11,0,0,3,61,20,0,0,1,8,20,0,0,0,0,12
0,7,6,0,0,0,7,16,0,0,0,0,0,2,7,5,0,0,24,0,0,9,26,0,0,0,10,29,0,0,18,0
13,0,0,4,0,15,23,0,13,33,12,0,0,0,9,0,0,16,16,45,9,12,0,0,13,0,0,13,19,0,0,28
0,6,24,0,9,1,22,0,40,32,0,0,0,0,0,0,21,0,8,24,0,6,0,0,0,19,29,0,40,25,0,6
0,0,0,0,7,0,0,8,17,16,7,5,0,18,0,1,0,42,0,0,7,9,13,0,25,15,12,6,0,0,16,74
0,0,19,221,74,0,0,2,11,0,0,2,18,0,7,0,0,5,0,15,0,0,0,14,17,0,0,0,14,0,39,0
8,25,0,42,152,36,0,17,14,11,45,41,8,0,0,0,0,12,0,0,0,8,0,0,0,11,49,13,22,32,0,0
25,0,10,14,53,148,3,22,25,0,0,49,63,20,12,0,0,13,23,27,0,3,17,0,0,23,14,17,0,0,5,0
61,0,2,201,52,0,100,14,74,6,0,0,15,1,0,3,0,0,5,21,11,0,39,0,33,0,0,12,16,0,6,0
0,0,25,10,48,20,0,49,5,0,32,0,43,46,0,19,101,18,0,12,8,8,0,15,3,0,20,0,17,0,2,11
167,1,10,206,15,21,0,18,63,54,63,8,15,10,18,2,43,13,0,0,10,0,0,2,13,21,0,39,0,0,0,22
16,0,2,9,0,37,7,22,0,0,12,56,0,0,38,0,125,24,54,0,45,0,54,30,9,0,0,22,11,16,0,0
0,0,1,16,79,0,0,57,0,203,78,6,35,12,65,15,5,43,0,0,0,10,15,20,2,0,70,0,3,0,2,0
0,0,17,0,31,49,20,37,0,163,62,12,0,17,0,62,41,43,0,64,0,54,0,0,0,31,0,7,0,0,18,44
3,61,4,21,0,49,2,48,0,23,19,0,0,69,4,27,0,0,0,11,19,18,36,10,0,0,37,0,41,0,1,0
28,35,54,40,0,11,12,0,11,0,22,0,120,187,0,35,0,0,0,24,0,97,9,32,0,0,10,63,0,9,0,0
47,54,29,0,64,0,0,0,15,3,0,13,4,25,0,0,9,0,16,0,3,57,0,1,0,16,13,18,0,0,0,0
37,16,29,0,83,21,0,0,0,6,1,20,0,52,164,0,0,13,0,15,0,0,24,11,5,0,36,5,0,0,0,0
59,19,27,39,0,0,0,8,9,0,126,9,0,0,18,0,11,1,16,30,0,12,0,3,11,5,32,3,7,0,5,5
63,0,29,0,18,0,0,28,0,1,0,23,0,0,37,25,45,26,56,14,14,0,44,21,0,0,0,1,0,0,0,0
13,0,0,34,0,0,0,9,0,7,12,20,0,0,0,7,1,0,15,0,0,0,34,0,1,0,0,44,0,0,0,0
0,0,0,0,21,0,0,0,16,0,0,0,16,0,19,13,9,16,0,15,26,9,0,0,13,0,13,0,0,0,0,23
5,0,0,0,0,5,0,40,10,19,0,13,0,0,13,0,2,0,0,0,0,30,0,0,0,0,0,5,0,0,5,0
11,37,0,0,0,0,0,0,0,6,56,0,0,11,0,0,0,3,0,2,0,0,16,16,6,1,7,0,11,29,34,0
17,0,13,13,0,0,0,30,0,0,2,39,6,0,23,0,0,0,0,5,37,16,18,0,25,0,20,0,0,0,0,0
0,1,3,16,0,0,13,14,18,7,34,0,16,0,0,0,8,0,0,0,22,0,0,16,0,0,0,0,4,0,0,0
56,23,12,0,10,0,0,0,4,0,0,7,0,0,2,11,0,0,4,0,0,0,0,0,11,21,0,0,6,16,0,27
0,16,159,0,0,0,0,0,31,16,12,0,26,0,9,0,0,0,0,0,24,23,5,0,24,0,5,0,0,0,10,0
0,16,0,0,0,6,13,6,16,5,0,0,15,0,0,23,0,0,4,0,9,36,24,0,0,21,22,0,0,36,57,21
21,167,142,0,0,0,24,43,0,0,31,4,32,0,21,27,0,0,0,0,0,0,0,12,16,23,18,0,27,2,15,0
24,250,230,18,0,43,13,1,8,8,9,6,52,28,24,0,8,17,0,2,14,0,9,17,10,0,4,0,8,6,19,0
0,0,71,0,5,23,9,0,5,69,0,0,0,30,0,52,20,3,19,0,7,1,0,2,0,26,27,1,0,23,11,42
25,2,56,0,0,29,17,1,0,25,11,7,0,12,8,2,0,0,0,0,48,2,2,0,0,19,0,3,0,4,0,0
13,14,89,14,0,28,0,0,29,67,48,0,0,26,32,0,24,21,0,0,10,32,1,18,0,0,0,24,0,0,0,0
32,3,23,30,24,0,0,40,0,0,0,15,0,0,0,0,22,10,0,65,0,0,0,0,23,0,55,7,14,36,0,0
51,0,81,0,0,12,45,11,0,0,106,19,0,4,0,0,0,10,8,3,16,3,0,2,0,0,18,2,0,0,0,25
0,0,74,8,100,0,7,5,2,95,225,14,0,16,8,0,0,0,0,0,9,0,9,0,0,31,11,0,0,9,0,29
5,0,0,53,29,11,0,0,23,47,183,0,0,3,59,35,37,12,16,19,0,13,0,0,0,22,0,17,16,0,18,113
188,0,0,0,37,23,9,0,0,62,41,0,12,197,208,0,4,12,24,10,0,0,0,0,14,3,60,7,13,0,0,0
0,18,42,5,4,26,0,62,91,56,3,1,0,103,161,0,19,17,58,1,0,0,0,0,0,0,35,7,14,0,0,0
0,17,0,46,0,11,31,25,0,5,52,28,11,86,10,12,11,0,5,23,0,16,0,0,0,0,0,42,0,0,0,0
115,0,19,0,7,20,56,97,0,1,18,37,0,0,33,46,88,50,0,1,0,0,13,24,0,0,0,21,0,18,7,0
95,16,0,107,0,0,12,39,0,36,87,76,4,29,0,6,0,0,47,0,27,26,0,0,0,0,0,0,8,25,0,18
5,0,10,0,8,10,0,1,0,30,17,57,0,22,0,0,76,110,38,8,36,0,23,17,12,4,18,3,10,45,4,39
60,0,3,0,32,0,9,8,0,3,85,88,109,77,5,4,27,5,15,0,33,0,17,0,1,9,4,0,14,0,0,0
0,0,23,3,0,0,54,24,0,40,112,66,0,0,10,11,0,19,25,58,32,9,0,14,0,0,8,8,0,0,0,0
0,49,8,2,2,7,17,0,0,10,0,0,0,35,0,31,0,40,0,46,0,0,0,0,0,14,0,0,24,54,30,0
0,23,0,0,0,0,0,24,14,10,13,32,0,0,0,2,0,1,0,31,6,61,13,0,7,63,2,8,16,0,0,15
0,2,39,0,0,0,0,26,29,2,9,0,0,19,2,56,0,0,7,13,35,0,14,9,0,46,0,2,0,0,0,22
32,0,0,0,0,0,0,0,0,0,17,0,0,35,0,0,0,0,39,31,0,8,0,3,21,2,3,15,9,1,27,0
0,0,23,20,64,2,40,0,29,35,16,83,16,0,0,33,27,22,0,14,0,16,0,0,0,0,0,0,65,6,25,0
18,0,28,0,15,0,25,0,14,0,12,4,0,0,8,0,0,4,0,7,0,10,14,0,0,0,5,5,0,16,0,0
7,10,0,31,0,22,2,0,12,0,0,22,6,35,11,0,0,19,16,0,3,0,0,31,0,0,0,1,47,7,0,0
0,0,0,0,0,17,9,0,21,0,0,4,30,0,0,0,19,5,0,0,1,17,0,9,0,0,0,23,7,0,4,0
0,0,0,13,34,0,4,52,4,0,0,14,6,0,8,8,1,0,50,0,22,22,18,0,0,7,0,36,7,19,0,9
0,0,19,21,16,0,16,2,33,0,2,0,44,8,25,0,0,1,0,13,22,0,0,0,7,9,0,0,9,0,0,37
0,53,0,25,0,0,0,45,3,19,0,8,0,0,42,24,2,0,0,0,20,0,0,0,9,0,31,9,0,0,0,0
0,0,0,0,0,25,0,0,0,1,36,3,7,1,0,7,27,0,47,0,0,20,0,0,0,0,0,37,16,3,0,0
31,0,9,10,15,12,7,0,0,11,7,10,0,0,0,14,0,0,0,0,15,40,17,8,0,0,7,11,0,0,0,24
27,25,18,0,0,0,0,35,0,53,3,0,29,0,20,9,25,3,37,7,0,0,0,17,0,0,34,0,22,29,17,33
31,0,3,13,68,36,62,0,0,18,0,45,0,10,0,0,7,0,14,0,0,0,0,14,0,0,12,18,7,0,2,21
0,0,16,65,80,202,22,173,0,0,0,0,0,0,0,0,18,0,78,2,23,39,3,0,0,4,0,0,0,0,0,0
0,25,101,97,249,112,146,168,27,0,44,0,81,0,0,0,0,30,129,0,16,3,49,27,0,0,0,42,0,33,0,64
0,7,5,112,0,0,179,128,78,18,0,0,0,55,0,40,29,0,160,16,42,0,0,9,17,0,25,45,0,18,0,0
14,56,55,0,49,194,0,56,0,0,0,13,0,0,0,0,0,41,246,87,0,0,0,10,0,5,2,5,10,0,0,0
0,0,70,78,72,17,0,7,18,0,43,39,0,0,8,0,11,21,0,0,0,41,0,0,24,0,0,0,1,13,6,23
0,28,28,0,0,38,18,1,4,26,2,0,15,36,20,1,31,21,14,17,16,0,0,0,0,13,0,35,0,33,17,19
58,77,14,0,0,43,16,11,15,1,0,13,0,0,0,20,0,23,14,0,4,0,250,15,6,42,0,0,23,0,10,0
0,14,11,0,0,14,0,0,0,26,106,0,47,0,7,0,0,0,0,2,2,40,34,47,0,28,0,14,0,4,0,0
3,15,2,14,23,35,0,0,0,9,151,41,0,56,187,165,42,15,0,20,0,29,8,0,0,0,8,28,30,34,0,0
0,55,0,0,0,0,24,14,14,63,90,199,28,39,36,16,63,44,47,176,0,0,41,0,0,0,61,0,6,7,21,0
0,0,0,38,16,0,0,0,13,0,5,9,28,44,61,67,5,152,115,112,44,0,0,48,0,10,58,10,0,36,0,0
0,0,0,32,0,0,121,34,25,0,0,0,0,0,0,28,0,0,221,19,189,47,0,0,17,8,16,0,28,0,0,0
0,0,0,9,0,23,0,41,9,0,49,0,37,5,0,0,199,12,0,80,0,48,6,0,10,32,0,78,32,0,16,37
0,0,2,0,14,0,0,29,1,5,44,0,18,37,0,0,0,11,9,0,12,0,0,0,39,0,0,0,10,32,18,34
60,21,31,28,0,11,21,0,0,60,0,45,0,38,28,0,0,18,3,0,13,17,16,0,7,0,0,63,0,0,0,0
81,0,0,42,11,0,0,34,0,0,0,0,15,0,20,11,15,0,5,65,0,24,0,0,0,10,0,18,10,20,0,2
0,24,0,27,0,0,0,6,0,11,117,76,22,0,0,0,0,0,0,42,11,11,5,0,15,0,41,0,0,0,0,22
42,18,8,14,0,54,26,0,6,21,15,32,9,0,5,11,12,14,16,7,0,5,5,0,61,0,16,32,21,21,19,0
0,9,10,28,26,0,59,22,0,0,0,16,0,0,0,29,0,36,0,0,17,34,19,20,24,0,137,45,29,32,0,19
53,9,0,0,0,14,24,0,49,0,50,50,0,0,0,16,6,24,42,0,56,18,33,0,2,0,0,26,30,0,18,0
0,5,1,0,0,30,23,16,0,9,0,14,7,12,11,16,7,13,49,0,0,16,15,0,0,0,52,2,24,0,0,18
0,0,0,5,4,0,0,0,0,0,0,14,0,0,13,14,0,1,17,8,0,19,2,24,4,0,0,22,43,4,0,14
0,0,6,7,3,0,0,24,43,0,61,6,16,0,0,0,24,0,0,48,0,3,7,0,15,0,30,0,0,0,0,0
2,0,0,0,0,0,0,21,0,0,0,0,11,0,0,0,0,0,38,20,0,0,20,13,0,11,26,0,0,22,0,0
0,0,10,0,0,8,0,7,0,0,0,22,19,16,0,12,13,0,0,2,15,0,1,14,0,18,20,0,0,14,36,4
41,0,0,2,12,19,0,18,0,0,0,3,0,6,0,0,4,0,0,0,0,0,0,0,38,13,0,46,0,6,0,55
0,11,0,0,5,25,0,0,20,7,0,16,0,13,0,9,3,0,0,0,15,14,0,6,16,0,0,0,0,0,2,0
0,34,0,0,0,13,16,0,29,11,9,0,0,71,0,0,0,0,34,0,25,5,16,0,0,21,0,0,17,0,22,0
11,0,19,0,0,0,0,2,1,17,9,1,0,19,12,0,12,0,8,4,0,0,6,0,0,0,0,14,7,0,0,31
0,2,0,0,0,0,14,0,0,7,15,38,0,17,35,22,0,0,0,16,0,0,3,4,0,0,12,0,48,0,0,13
0,49,0,0,0,23,0,0,90,25,0,20,0,5,0,4,0,0,0,11,0,21,48,28,0,22,25,4,0,6,37,27
0,40,0,0,42,25,48,30,74,34,41,0,105,32,23,46,0,5,0,23,26,0,255,91,0,29,0,0,0,0,0,0
117,0,30,40,26,0,0,45,0,10,23,44,0,175,7,18,25,37,24,2,14,0,102,20,50,31,16,26,0,20,7,0
86,0,32,0,128,0,29,61,84,6,0,56,54,14,89,52,109,3,17,0,0,4,0,76,9,4,0,0,15,17,19,0
40,0,13,1,0,36,14,27,7,0,16,44,43,27,3,56,155,0,7,2,10,29,34,65,1,13,4,5,0,0,0,0
0,73,2,35,0,71,29,78,0,19,0,14,0,7,13,0,145,87,9,0,0,0,46,0,8,0,0,6,0,15,23,0
0,0,8,84,0,0,32,13,0,0,0,0,87,0,0,31,0,51,8,0,22,32,163,0,0,1,104,17,13,56,0,28
0,8,83,4,36,49,15,13,11,12,0,2,7,13,0,8,16,135,0,27,9,0,51,0,0,2,45,0,6,5,12,2
41,40,56,0,0,0,0,30,31,35,71,0,10,16,5,16,57,202,9,4,18,0,0,98,29,0,131,107,31,0,0,0
0,0,23,11,0,10,0,1,0,0,5,1,0,54,0,0,1,17,2,9,0,33,0,0,0,48,40,235,51,0,0,58
0,53,0,0,0,0,0,0,0,4,0,0,41,23,7,0,0,0,0,39,0,0,0,0,2,0,23,127,176,61,0,0
13,17,16,0,18,23,0,0,75,15,61,37,5,0,14,3,0,0,0,21,0,3,0,0,0,7,18,183,11,0,5,0
0,0,2,45,0,0,5,0,0,0,21,32,2,11,4,0,0,25,76,1,0,6,0,20,26,0,0,31,0,2,15,0
185,0,54,17,27,48,0,39,0,9,45,5,0,40,22,45,0,232,85,0,21,0,0,0,0,0,0,10,0,0,30,0
0,0,0,5,7,75,1,18,9,0,16,84,49,0,9,0,114,130,115,144,37,62,39,7,0,8,0,0,0,0,157,102
0,16,37,6,4,13,0,10,0,14,57,6,0,27,21,17,0,236,187,103,0,58,176,106,43,34,16,43,21,37,6,0
59,8,8,0,0,4,12,18,0,0,0,48,0,0,15,16,14,0,245,68,6,44,168,55,30,67,86,62,0,5,0,12
0,0,20,0,0,12,0,2,0,0,0,34,42,11,57,0,42,0,0,34,0,0,7,6,89,113,112,81,11,0,0,15
27,31,0,6,0,37,0,0,35,29,32,70,65,0,33,28,18,16,38,0,20,0,4,0,42,97,121,33,0,33,0,0
118,6,0,0,21,0,0,28,0,0,0,0,0,0,22,24,21,9,147,10,0,13,0,0,36,31,29,0,41,0,0,38
0,0,0,0,0,2,25,24,0,0,0,2,27,0,34,0,18,33,88,0,0,35,48,8,15,57,10,133,49,0,0,0
117,0,0,0,21,48,0,0,0,27,0,1,0,0,4,51,0,8,72,16,0,0,16,37,6,29,42,23,27,11,2,0
0,27,0,0,0,28,0,2,24,4,13,9,1,34,43,0,0,16,0,0,0,0,0,16,72,66,0,37,11,0,12,5
0,6,0,0,0,16,0,22,3,6,0,16,0,27,209,202,83,9,17,0,0,0,15,23,25,21,7,11,14,0,32,0
0,0,0,5,40,0,0,50,0,20,7,40,0,0,129,189,71,76,0,0,0,0,12,17,13,33,0,0,0,3,0,6
12,3,5,17,0,69,1,28,0,0,27,14,18,5,152,87,103,39,20,0,3,0,0,0,8,48,42,0,0,0,2,4
25,39,17,0,0,0,2,0,0,27,18,0,49,0,42,253,118,144,74,0,0,0,19,7,65,79,2,35,0,0,30,0
0,19,60,4,16,0,18,34,6,0,13,12,0,0,0,39,122,197,30,0,0,0,0,20,30,5,0,16,45,14,11,10
74,39,0,43,3,29,25,22,0,7,0,0,0,25,0,40,151,116,0,8,0,2,0,4,0,20,0,34,0,28,0,0
0,0,13,30,0,0,0,10,30,0,0,0,57,22,13,34,11,0,3,1,0,0,11,0,6,0,0,8,31,0,0,32
0,0,9,0,22,0,0,6,0,28,0,0,0,25,0,5,15,1,16,9,0,9,0,0,0,42,7,1,28,27,0,14
0,0,17,3,44,11,31,0,17,2,35,14,0,0,0,48,6,0,42,5,30,0,12,0,4,13,16,0,29,0,0,0
