0,18,0,0,0,11,0,0,11,0,0,0,0,0,34,0,2,0,0,0,0,17,0,20,8,4,4,0,2,14,2,2
0,0,26,0,26,12,0,0,0,0,31,0,0,0,10,0,0,0,1,22,8,0,33,6,0,33,12,0,28,42,4,31
5,12,64,1,0,0,2,0,0,0,0,0,0,25,0,0,63,26,12,34,24,16,0,0,0,0,35,0,7,0,0,0
0,0,0,29,38,31,42,0,0,10,15,0,0,8,0,0,29,22,0,0,0,4,0,41,0,0,0,0,0,25,0,24
0,30,11,0,11,0,2,2,5,0,1,24,0,0,13,0,0,0,0,0,7,20,0,0,16,0,39,0,19,31,8,25
4,3,0,0,0,53,25,26,0,23,0,38,10,41,9,0,23,0,0,13,3,0,20,21,0,0,0,7,0,0,0,0
0,7,3,0,18,12,0,0,0,0,0,23,0,0,16,0,0,34,0,29,23,34,0,0,0,17,0,0,37,0,12,18
0,1,0,20,0,0,0,2,0,9,0,29,19,24,1,0,6,3,0,0,0,14,0,7,0,15,37,17,26,0,8,1
50,15,39,10,42,0,0,0,0,3,0,85,212,0,0,0,63,0,28,6,0,0,7,5,0,0,0,5,0,0,0,12
9,0,25,2,0,14,0,0,8,19,0,29,156,4,4,0,0,4,6,0,2,18,4,5,0,0,0,0,13,56,18,9
149,54,7,0,0,10,0,6,0,22,0,12,142,14,0,19,0,9,4,0,0,4,2,43,6,12,71,54,0,0,0,0
52,71,86,124,32,0,13,0,2,135,115,37,151,121,1,0,10,16,14,0,0,10,0,12,147,159,0,42,8,14,21,0
112,67,5,132,49,6,83,50,4,13,180,159,197,87,0,11,0,0,34,0,16,34,17,23,44,63,0,0,0,0,0,0
65,132,46,68,20,21,82,0,0,18,113,69,114,167,0,0,0,0,0,21,43,0,40,0,21,37,0,31,0,6,10,0
156,62,15,34,0,65,125,127,83,0,172,32,182,16,36,0,0,0,4,0,26,41,0,7,0,0,31,1,16,0,16,16
35,0,39,21,38,0,0,109,7,61,53,33,26,0,0,0,0,0,0,24,71,34,6,0,9,0,59,52,0,0,0,8
49,36,0,83,81,5,65,23,28,0,66,46,42,0,18,17,9,14,9,0,0,1,38,7,31,2,34,12,14,35,95,241
32,0,3,21,0,13,0,20,0,0,0,0,218,27,5,0,26,15,2,13,0,0,0,4,14,11,0,0,3,45,15,43
67,0,1,0,0,23,4,0,13,54,0,91,75,99,0,34,8,0,0,0,0,0,0,29,14,0,36,0,0,23,0,15
0,0,0,23,0,0,0,0,0,0,0,37,165,176,0,0,0,0,0,18,12,67,0,0,44,73,12,0,0,0,0,0
0,0,0,3,0,3,0,0,0,5,0,121,23,14,78,0,0,9,22,0,33,0,0,18,0,0,0,14,0,8,0,0
73,0,11,0,40,0,24,10,0,19,40,134,57,0,36,44,4,0,66,25,24,34,6,0,0,0,54,10,46,21,0,0
29,18,108,0,5,62,20,10,63,26,30,48,0,8,33,18,0,44,1,0,0,0,0,14,0,0,0,9,0,0,0,0
21,0,0,0,22,3,1,42,19,20,60,0,0,0,0,12,42,0,34,8,0,34,0,0,4,12,41,103,232,7,18,207
21,22,25,0,39,9,27,49,36,0,65,68,42,0,37,22,4,2,0,22,0,0,25,0,0,29,40,5,0,0,67,47
0,0,28,0,25,28,0,67,0,21,0,0,5,0,0,0,14,0,7,28,3,0,16,0,0,38,23,17,0,0,0,25
11,0,0,7,29,11,0,0,0,0,2,0,0,52,0,25,0,0,0,0,2,0,0,0,39,86,55,0,0,0,0,23
19,0,0,0,13,10,0,1,27,11,27,17,0,68,226,28,26,0,0,27,0,12,46,151,61,81,99,0,7,31,0,22
0,14,19,30,23,0,0,23,0,0,0,49,0,90,204,22,84,172,20,5,33,0,82,141,116,28,19,23,0,0,0,41
0,0,11,5,0,2,0,0,0,10,0,8,54,69,220,141,208,50,12,53,0,0,0,58,0,0,0,28,9,3,0,16
0,0,13,0,9,0,26,0,0,0,0,0,140,143,110,120,56,0,0,38,0,0,35,0,16,5,11,3,1,0,1,21
96,0,0,16,0,28,26,0,2,22,68,29,14,158,2,3,0,25,0,10,0,4,48,0,18,0,38,5,1,22,18,0
0,0,0,0,7,0,44,0,0,0,0,19,0,243,161,0,10,0,21,26,0,0,0,0,0,7,0,0,0,1,0,2
0,45,0,0,0,27,16,0,0,0,0,10,0,152,13,0,30,0,45,0,24,58,0,0,0,2,10,24,5,0,24,0
0,5,0,0,0,0,0,0,0,0,0,0,0,128,51,36,23,9,6,2,0,0,4,0,0,16,56,0,11,0,21,27
0,2,0,0,0,24,0,0,0,0,18,2,0,29,0,17,9,1,0,0,3,13,0,0,23,243,58,0,0,6,0,0
0,6,13,0,0,41,6,0,18,0,48,40,151,68,21,16,0,0,5,0,0,0,0,25,43,81,37,0,0,28,0,0
27,0,26,0,21,21,0,4,0,0,0,0,174,93,44,0,0,27,19,0,17,12,128,123,73,144,49,0,33,0,5,34
0,0,0,0,0,36,0,8,11,0,0,0,61,144,19,12,27,14,2,24,34,22,42,9,179,0,0,11,13,16,0,0
26,0,9,0,0,3,7,0,26,0,0,0,0,0,17,0,0,2,13,12,0,0,1,0,16,0,22,0,0,6,34,69
0,0,0,0,0,0,0,0,7,15,19,3,0,119,0,0,12,6,17,32,0,0,0,56,0,3,19,0,7,100,0,80
0,0,0,34,0,0,0,50,0,0,11,22,31,0,20,17,0,0,0,21,0,31,0,0,14,44,33,0,34,5,47,69
0,0,2,30,0,0,0,1,6,24,0,66,246,28,11,20,22,0,16,0,0,0,0,0,5,5,0,7,0,0,0,4
7,50,49,20,36,5,0,60,20,0,0,47,210,164,0,11,40,0,21,0,0,9,13,3,0,0,0,5,9,14,0,0
100,0,29,0,0,49,21,22,9,4,107,122,102,213,16,0,0,0,0,10,45,24,53,0,0,0,0,0,10,15,0,12
93,4,55,28,26,122,50,0,0,0,16,90,76,67,28,31,16,37,176,0,0,4,0,16,0,0,0,0,0,30,0,126
0,57,87,8,38,18,15,8,36,13,144,187,205,40,18,31,12,2,25,0,19,4,0,0,0,0,0,210,212,114,193,8
6,12,20,12,22,5,3,0,18,114,105,0,64,0,30,8,0,0,12,0,0,0,39,0,10,2,53,130,66,25,10,94
0,28,11,15,0,44,0,81,93,43,20,111,0,0,16,12,0,7,0,35,44,0,0,0,6,61,5,39,48,24,218,75
39,0,0,39,0,0,0,79,88,10,107,240,129,37,0,0,0,8,0,0,7,2,0,0,0,0,37,44,71,22,39,163
0,23,0,7,0,0,0,50,0,58,23,50,0,0,1,23,45,0,2,0,0,2,16,0,0,0,0,6,16,115,177,0
0,0,7,0,22,0,3,47,44,0,25,30,15,18,0,5,3,0,0,10,0,0,12,104,96,0,75,14,29,19,52,64
0,0,0,34,41,5,0,27,0,46,0,21,27,66,238,20,20,0,57,28,27,51,72,218,67,75,3,8,5,33,10,10
20,0,10,19,0,18,0,0,0,6,14,147,10,254,25,249,83,0,0,0,0,0,0,16,124,79,131,9,26,0,73,0
0,2,4,3,0,0,14,22,43,0,29,176,0,37,37,142,144,3,15,0,0,0,17,0,47,87,54,0,0,0,0,0
85,0,13,0,12,7,0,0,37,0,5,231,2,64,240,82,166,0,59,45,0,22,0,3,24,26,37,0,43,0,0,0
0,19,0,0,23,30,0,11,17,0,0,26,29,49,21,186,91,35,10,0,25,17,0,3,57,29,2,1,0,0,12,0
0,0,0,10,64,35,55,0,7,26,8,0,48,76,145,59,68,0,5,26,50,0,29,30,0,20,0,0,0,16,0,0
29,9,0,0,0,11,0,0,0,0,52,0,40,32,86,3,37,0,9,0,1,0,13,0,20,12,22,0,5,0,0,0
24,24,13,0,0,0,0,0,13,17,15,6,19,52,41,34,16,16,7,0,9,31,0,0,3,2,0,0,11,0,0,0
0,10,1,19,31,28,0,0,0,18,3,31,0,22,21,0,7,0,0,0,26,18,0,35,3,11,27,0,0,0,10,0
0,16,3,0,0,0,7,0,0,14,16,0,0,2,0,45,0,0,8,0,51,4,48,42,5,0,13,0,0,0,18,0
8,0,0,7,0,0,14,23,43,1,40,67,35,4,42,0,0,29,0,3,34,0,33,0,14,0,16,22,1,2,0,0
11,13,0,17,2,0,0,0,35,0,0,61,18,23,69,21,0,0,0,0,0,24,0,0,10,34,3,4,0,20,0,23
0,0,0,15,0,73,147,40,0,3,0,28,1,0,0,107,0,6,0,6,0,19,0,0,21,29,7,0,0,0,0,20
0,0,13,6,65,192,200,15,20,9,11,35,0,0,0,28,0,0,0,23,0,0,25,37,21,62,82,40,0,0,22,10
0,0,36,0,86,191,103,0,22,8,0,22,0,5,23,4,0,0,0,0,0,0,37,209,61,205,140,53,39,13,0,20
46,5,0,25,0,74,130,42,0,0,0,35,0,0,1,0,35,0,0,41,0,2,123,56,0,32,24,21,0,0,0,9
103,0,0,0,0,233,8,0,23,48,16,0,0,0,0,51,0,0,0,29,11,27,0,5,0,0,0,1,0,25,15,0
0,9,3,0,0,0,0,0,42,15,45,3,0,22,0,0,17,0,20,0,0,0,0,0,4,0,0,3,5,0,12,0
0,0,44,0,18,0,23,0,0,9,0,6,25,45,0,66,33,5,0,0,0,0,5,0,2,0,5,0,1,0,20,0
0,16,14,0,60,36,22,0,0,4,13,7,0,10,18,0,31,18,0,15,2,0,0,15,0,2,0,30,0,22,0,0
77,6,15,0,4,12,0,49,0,2,0,18,0,30,0,0,4,13,4,0,4,13,0,11,80,214,235,190,73,0,0,15
0,0,0,153,188,124,174,88,0,27,28,0,0,12,0,0,0,41,9,9,0,31,98,158,131,58,32,61,49,20,38,17
0,4,3,86,232,129,101,17,59,45,107,0,10,0,0,18,13,1,0,0,114,187,77,192,23,0,36,99,67,9,20,0
84,2,19,247,197,27,118,56,48,50,121,0,0,19,0,0,1,23,0,3,173,0,26,31,94,5,112,112,64,58,3,70
61,0,112,226,21,68,79,47,149,0,110,45,30,0,34,40,26,0,30,18,0,0,20,14,80,91,76,0,43,130,71,84
0,14,84,255,41,122,64,0,42,74,0,17,31,38,0,59,0,0,6,25,3,0,0,0,0,0,40,55,60,13,10,107
29,136,37,171,3,108,0,47,20,0,13,25,4,11,0,0,0,11,0,32,29,0,10,18,0,0,0,5,107,26,102,30
50,189,177,0,1,0,0,6,21,0,58,0,0,0,0,0,27,0,15,28,0,0,0,0,28,29,46,0,6,21,0,92
165,16,18,11,70,27,46,0,0,36,5,0,12,23,0,0,23,131,113,2,24,0,8,58,0,23,4,5,22,23,74,26
0,23,0,0,0,20,97,54,211,26,9,7,19,0,30,90,237,130,13,5,70,0,13,29,0,4,11,0,43,38,30,64
0,0,5,0,9,0,15,98,188,89,24,0,7,0,209,230,208,22,3,23,55,26,19,0,0,43,0,33,0,18,68,51
42,1,17,0,74,175,87,6,35,113,0,0,42,15,76,11,37,6,0,0,13,12,80,58,0,5,0,0,10,14,86,34
68,0,0,4,14,146,246,50,75,126,48,46,48,0,12,38,19,0,0,3,17,0,17,2,22,50,24,43,0,0,0,0
0,26,0,2,146,140,67,70,83,73,36,31,36,6,4,0,4,4,0,3,14,0,0,12,23,68,61,6,17,9,4,25
0,0,6,0,71,193,223,245,164,131,1,43,120,11,113,6,1,3,11,1,8,1,0,16,25,0,28,0,0,0,12,7
0,0,0,0,206,201,39,0,48,0,4,3,61,56,69,0,7,0,0,0,0,9,18,51,10,25,0,0,0,28,8,4
3,25,16,23,6,14,0,0,0,20,5,16,22,22,24,71,55,0,20,0,8,0,39,55,0,0,0,0,23,0,12,44
8,13,19,5,0,48,0,0,8,0,10,52,53,17,3,72,0,6,23,25,0,0,0,0,0,52,0,0,4,8,0,0
0,5,0,49,0,19,0,0,10,5,0,0,5,0,0,0,46,32,24,38,7,6,0,0,11,0,0,0,0,0,26,0
45,21,4,1,12,5,0,46,0,0,54,14,40,23,15,59,0,0,0,59,16,18,0,0,0,4,0,8,0,0,0,0
38,10,0,36,4,0,0,0,9,6,0,10,25,0,65,54,42,38,10,0,0,38,22,0,13,34,27,35,43,0,34,0
0,11,0,0,0,0,0,0,13,7,32,0,18,11,26,0,3,0,10,0,11,0,0,0,0,2,16,19,2,15,0,16
0,9,0,51,8,6,0,0,6,6,0,0,14,43,33,0,3,0,12,2,0,0,0,0,4,19,4,0,4,45,5,0
35,0,0,0,18,0,0,0,18,3,0,13,26,42,31,12,7,0,37,0,9,0,0,0,0,25,22,0,0,0,0,59
19,21,0,5,23,12,4,0,44,0,100,6,22,10,11,0,0,0,0,0,0,19,16,0,29,6,0,0,11,20,16,0
13,5,8,0,20,7,0,4,23,21,47,0,29,4,0,0,0,0,17,0,0,18,0,0,0,0,17,0,0,4,3,3
0,17,0,15,0,0,0,0,212,148,10,23,26,0,0,9,5,0,0,16,4,19,16,0,4,0,30,10,0,11,0,0
26,8,0,0,30,55,11,0,203,44,0,0,16,23,0,0,37,11,28,0,5,0,16,43,0,0,0,0,6,9,0,17
51,0,0,0,10,0,0,69,43,0,0,0,19,0,18,0,40,150,71,0,0,0,0,5,0,0,0,43,8,0,0,24
0,0,0,11,21,7,25,164,52,0,33,12,18,0,0,1,1,80,0,0,7,16,16,0,0,0,28,0,48,0,0,0
49,0,0,0,0,0,7,77,0,0,0,0,0,0,3,150,179,15,0,21,0,0,26,0,0,0,0,2,0,4,0,0
20,60,0,14,0,0,34,36,0,0,26,49,22,0,64,67,15,0,0,0,0,34,0,0,3,0,26,11,43,1,53,0
0,20,11,0,22,37,33,0,4,24,0,0,0,20,13,14,5,0,33,12,0,24,0,0,0,44,0,17,4,2,0,15
0,7,0,27,0,0,0,35,4,0,2,0,0,0,11,4,0,29,0,13,12,21,0,0,4,0,17,27,71,0,54,60
32,0,4,61,0,29,31,33,0,17,0,13,0,0,0,19,11,0,15,0,0,0,110,41,40,14,38,14,111,0,0,20
7,10,29,0,26,4,0,32,2,0,14,44,17,0,0,16,0,6,0,10,37,4,0,35,97,67,64,81,57,0,24,0
0,0,1,32,0,0,0,32,13,0,43,0,0,29,0,0,0,0,28,117,46,1,0,9,27,58,69,0,37,42,0,18
0,0,14,31,11,0,0,4,19,0,0,0,1,13,0,0,13,0,163,93,0,0,46,12,6,6,0,27,31,40,9,17
143,8,8,0,33,0,0,0,36,39,0,0,20,3,9,7,89,88,116,116,0,0,0,37,12,0,10,0,60,0,172,44
0,0,0,8,45,0,30,19,5,0,9,24,0,34,0,0,188,171,72,5,3,20,55,0,0,0,30,0,0,13,0,0
2,0,0,0,0,0,2,25,3,0,14,18,14,0,11,92,144,5,0,0,0,0,1,23,24,1,21,0,0,37,29,74
42,0,0,0,18,0,3,22,0,18,8,0,5,0,197,38,0,1,0,0,0,0,0,0,0,0,4,37,33,0,19,149
0,0,4,18,23,0,0,0,8,0,18,0,0,64,149,70,0,0,0,0,0,7,0,0,18,12,0,28,11,0,41,40
0,0,0,2,0,31,9,15,0,0,0,35,29,0,16,0,0,7,0,17,27,0,0,19,0,20,0,0,0,62,44,0
55,16,11,4,0,75,0,0,0,12,0,0,0,28,0,0,24,0,16,4,0,0,13,2,0,19,0,1,1,5,0,0
0,0,0,0,71,0,55,74,16,0,6,3,61,1,5,18,18,0,11,0,4,33,0,25,70,0,62,18,0,24,15,0
38,7,0,0,101,101,70,53,0,41,17,83,97,18,11,10,1,0,0,3,18,0,0,0,0,34,41,0,21,3,29,3
23,0,36,25,67,44,3,18,0,0,41,98,154,77,10,50,0,2,0,6,0,0,24,1,1,22,39,0,0,19,0,39
84,108,70,54,75,10,0,0,0,10,15,79,64,35,1,38,8,11,0,0,0,0,0,45,0,25,12,0,26,17,23,12
12,15,149,72,32,88,6,0,0,17,66,33,162,17,15,27,0,9,0,0,0,1,11,0,18,0,5,0,11,0,0,6
0,169,147,207,203,27,0,0,18,0,97,238,154,9,0,29,0,0,0,0,0,0,3,0,0,0,1,0,0,19,0,20
90,157,126,112,255,22,11,0,11,10,17,0,0,13,18,0,4,1,24,2,9,0,6,13,0,2,0,0,0,7,43,4
34,106,102,39,50,0,32,19,5,0,0,0,0,28,46,0,19,16,29,0,0,0,0,2,0,17,0,0,0,11,12,0
0,172,238,241,195,52,0,10,0,1,2,0,2,25,22,1,5,0,0,5,9,3,0,0,51,8,18,0,0,20,0,17
0,250,159,195,66,51,0,0,0,14,2,24,24,48,19,19,39,33,11,0,0,0,48,0,0,0,0,16,0,1,0,0
0,14,0,0,0,37,31,0,7,4,0,0,8,23,22,0,0,25,0,13,16,0,0,19,0,0,13,0,36,0,5,26
16,0,0,43,15,22,10,0,9,7,0,0,0,0,0,0,0,7,0,22,0,0,0,12,5,5,13,12,0,24,0,0
11,8,42,0,0,0,0,9,0,0,0,3,0,0,34,64,1,12,5,0,0,9,8,0,8,0,0,2,3,0,0,0
0,16,0,0,26,13,0,4,37,0,0,0,0,14,21,0,0,0,0,0,24,0,0,13,0,0,0,0,0,0,0,0
44,0,27,0,0,2,0,81,0,1,0,13,7,0,17,26,0,5,0,10,0,17,0,0,0,0,14,10,0,19,0,7
16,12,27,1,0,0,14,24,12,0,0,0,9,22,0,65,0,0,0,0,0,8,0,0,7,6,0,16,8,61,0,0
0,9,4,17,18,7,0,36,10,0,18,0,21,0,0,0,19,0,0,24,0,1,31,0,3,0,0,15,15,0,10,0
5,24,7,0,0,0,0,20,0,57,87,73,0,0,0,0,0,0,13,0,0,13,8,0,0,11,0,30,2,3,1,16
233,49,8,0,0,23,83,0,99,28,76,0,36,30,0,0,40,9,0,0,0,0,0,47,0,15,0,20,0,34,16,0
139,6,36,30,27,24,0,0,20,0,14,123,58,44,0,0,0,1,24,13,17,35,14,9,0,0,37,3,1,0,9,0
14,137,0,13,0,0,37,37,0,50,21,0,58,46,0,19,0,0,5,4,0,20,14,0,0,0,0,0,60,0,52,56
0,182,0,1,18,10,0,93,0,0,109,80,41,0,3,30,0,16,33,0,0,16,1,0,0,0,0,59,24,0,23,20
6,183,139,21,18,0,10,23,63,162,151,77,25,9,0,1,19,1,11,0,1,37,2,36,42,0,2,110,16,0,0,7
13,216,31,48,1,0,0,0,64,17,252,87,0,12,0,18,23,41,49,10,0,33,7,0,45,0,37,47,8,83,109,0
193,50,186,24,20,0,49,21,23,12,144,0,0,58,0,7,6,4,16,52,134,206,0,0,38,34,0,0,59,0,67,44
0,133,21,110,6,7,7,0,7,0,66,14,0,19,0,0,0,0,14,41,163,135,0,9,52,0,5,9,57,21,11,0
0,46,97,49,0,0,0,51,1,0,48,8,0,0,0,0,0,0,0,35,82,6,42,0,28,4,2,0,52,29,7,81
0,34,32,24,24,0,41,0,33,2,31,13,8,22,0,0,0,0,42,0,0,0,0,0,0,0,0,20,0,53,37,0
0,6,3,0,54,10,3,0,0,0,2,23,30,9,0,0,1,0,2,0,0,22,0,5,0,0,0,0,0,14,25,48
0,0,0,0,11,0,0,64,0,0,19,3,0,6,9,4,0,0,10,0,26,7,0,9,12,0,21,32,0,0,22,0
35,17,37,186,96,0,0,76,12,0,0,0,0,7,0,0,0,5,0,53,32,39,93,0,23,0,38,0,35,36,0,14
0,11,39,150,64,16,30,0,42,0,8,13,3,2,0,0,0,51,2,0,23,101,128,68,32,0,0,29,85,2,0,1
93,0,60,0,16,0,51,4,1,0,19,3,31,47,30,46,0,23,97,120,0,80,0,107,200,243,110,0,0,0,26,7
0,21,42,7,0,6,0,32,0,0,0,1,4,17,0,8,26,6,26,186,44,30,35,1,211,24,0,32,8,0,12,1
70,60,29,0,57,63,24,0,0,17,0,2,0,3,39,11,80,17,46,78,250,214,33,48,0,0,0,0,0,0,34,0
0,31,0,0,6,35,0,4,0,13,0,5,29,0,16,0,21,50,85,114,190,35,0,3,0,0,2,0,18,7,22,16
0,10,1,19,12,42,25,0,13,0,0,19,32,0,0,3,0,0,0,21,0,0,3,39,0,0,48,0,23,7,0,0
64,0,0,18,0,0,0,0,0,0,7,0,75,51,5,0,5,18,0,44,4,0,0,0,20,0,0,2,17,0,10,0
0,0,0,10,51,0,0,0,0,0,30,50,20,65,44,7,27,0,11,17,0,30,0,8,0,0,32,28,18,25,0,14
87,19,0,16,45,13,0,0,0,0,0,0,0,2,33,0,3,11,27,0,0,0,7,0,0,2,10,0,5,0,30,42
0,0,0,50,39,80,23,56,7,4,10,27,6,0,11,0,16,70,94,228,67,0,0,1,0,0,36,2,0,3,19,0
0,19,0,14,72,93,215,151,157,0,0,11,0,26,8,45,121,223,123,72,5,0,0,0,0,0,27,0,16,0,0,0
75,40,11,0,159,238,162,139,73,81,0,0,9,14,32,1,20,59,6,0,0,0,0,43,20,10,63,0,13,46,31,0
11,2,30,17,25,0,0,14,0,0,0,9,0,0,49,14,0,0,2,0,0,1,0,0,0,16,3,21,1,42,0,0
0,24,0,16,26,0,0,0,6,0,0,12,12,26,37,5,1,14,11,3,0,0,0,12,12,0,0,32,0,8,0,0
3,2,0,0,10,32,0,0,2,12,0,0,3,50,0,0,7,0,22,4,3,0,0,14,7,25,12,0,1,16,0,22
40,0,28,27,24,0,24,0,0,0,0,0,9,0,0,6,8,33,14,0,15,0,0,0,0,14,0,0,35,0,0,17
5,1,3,0,0,0,13,5,0,12,41,26,0,15,0,60,10,0,0,39,5,0,0,0,2,0,0,0,3,0,39,22
10,2,7,8,0,2,0,26,23,10,55,17,0,26,20,4,0,14,5,0,0,0,38,0,0,41,0,0,0,0,0,0
0,65,2,0,11,0,0,0,0,0,18,14,38,0,4,34,19,27,0,0,0,16,39,0,20,0,29,1,0,9,0,0
57,0,29,7,18,15,5,91,179,0,1,42,0,0,36,0,41,22,5,0,20,235,0,0,0,0,8,26,13,0,26,52
177,50,49,2,21,0,45,0,74,0,0,11,0,0,45,36,0,3,17,37,171,21,0,0,0,7,14,24,0,0,0,0
57,45,46,26,18,43,7,19,95,0,34,0,4,16,0,0,0,24,72,14,227,6,0,2,0,4,40,10,1,2,30,59
52,119,58,0,30,112,0,169,0,214,0,22,12,9,58,48,3,0,23,140,0,6,0,0,3,11,10,1,45,0,11,36
0,64,133,147,82,84,26,3,120,223,10,30,23,0,0,42,5,90,14,126,2,40,22,0,39,0,10,0,0,0,7,36
0,79,28,48,53,85,16,56,240,82,153,0,0,5,0,0,0,0,121,67,7,0,0,0,13,0,0,7,181,237,10,19
19,39,59,154,35,20,141,43,80,94,135,0,0,7,0,9,14,0,9,6,6,0,0,1,0,23,22,240,210,140,0,68
0,76,45,4,0,81,124,112,45,14,0,18,67,5,0,57,23,29,0,0,7,41,24,0,39,4,92,48,15,0,35,57
44,0,25,1,0,0,0,50,49,0,0,0,22,3,0,44,2,0,0,20,0,20,12,0,0,13,20,0,0,0,0,57
9,49,32,0,15,0,43,0,6,0,143,1,0,0,9,0,0,2,0,0,0,0,0,13,30,0,7,0,17,24,17,8
0,0,2,18,0,0,12,0,0,99,194,83,1,0,0,4,16,0,0,0,11,14,0,1,0,3,0,0,2,1,24,17
14,0,0,13,24,3,0,0,0,29,31,137,7,0,0,0,0,0,4,22,0,0,0,9,20,0,0,0,15,19,0,0
0,7,0,36,12,52,37,46,113,102,33,130,235,23,6,87,0,2,0,6,20,0,21,2,2,30,45,0,0,15,0,56
85,50,0,23,0,12,0,29,0,169,0,22,0,18,0,0,18,0,8,0,23,0,37,0,0,19,0,26,21,0,8,49
78,25,0,0,0,9,0,29,80,36,0,37,0,37,44,37,0,0,7,0,0,98,3,1,0,0,66,183,149,43,64,84
26,18,111,1,33,60,84,46,10,14,0,0,0,0,0,0,42,5,0,4,0,22,31,14,65,52,0,82,0,0,0,0
53,0,18,2,23,75,81,0,37,33,8,0,0,0,0,3,0,0,16,0,36,4,0,3,0,14,0,0,0,0,0,41
85,27,0,11,0,0,5,0,10,0,9,0,0,0,10,48,41,0,33,0,29,0,7,0,0,0,13,46,0,9,0,11
45,0,0,40,0,25,0,0,0,11,2,33,0,27,26,0,13,23,1,0,0,23,0,0,0,25,0,18,3,38,0,0
117,0,18,0,0,12,2,0,0,24,17,0,0,0,29,0,0,1,37,0,29,0,16,0,13,0,0,0,33,0,0,0
0,0,0,38,0,0,0,11,23,0,27,113,136,20,191,31,0,25,5,3,0,0,23,48,176,46,37,17,31,0,0,44
28,0,0,49,10,0,0,19,22,18,132,119,118,81,51,172,15,0,0,0,0,3,25,51,5,204,1,15,0,0,0,0
116,5,13,52,0,40,0,43,11,191,24,141,145,209,98,59,53,0,0,10,130,0,7,27,0,7,0,0,0,12,6,0
233,11,15,14,0,108,39,0,0,100,110,59,101,91,94,16,0,0,0,16,54,13,0,0,0,18,0,0,3,14,22,0
39,0,0,41,0,11,9,59,22,0,106,238,24,0,0,8,0,10,0,0,0,34,0,0,25,25,4,35,19,0,39,3
0,0,0,0,3,0,0,33,0,0,70,100,0,0,0,23,0,0,0,30,7,0,1,0,9,34,43,3,0,0,4,64
0,0,0,0,0,0,0,24,0,0,35,77,0,27,0,19,0,0,10,0,0,30,38,180,80,0,0,5,0,16,0,3
0,0,0,0,0,28,0,0,0,0,38,156,33,0,13,0,7,0,0,0,4,23,48,35,0,12,10,2,0,0,6,0
0,0,27,0,83,0,0,53,0,0,25,95,0,0,5,25,13,18,0,0,4,125,0,58,11,0,0,28,0,0,0,0
0,22,12,2,0,0,54,4,0,3,104,246,4,0,8,0,4,16,0,0,0,0,101,99,0,0,26,0,33,31,27,0
0,42,29,0,13,2,20,0,21,20,118,126,15,33,0,0,0,29,14,80,178,0,157,40,7,37,17,0,1,11,37,33
71,0,0,0,0,0,0,0,20,42,40,158,23,0,20,0,13,0,24,16,96,41,33,0,0,0,0,0,0,239,240,255
0,9,42,0,0,0,18,33,18,10,3,10,0,0,0,0,0,0,0,50,9,0,2,14,0,0,9,2,0,45,90,135
0,74,23,0,0,0,33,1,0,49,0,22,48,0,0,0,0,0,0,10,53,0,57,0,45,10,0,0,14,26,31,131
48,23,14,22,50,34,14,0,0,0,7,46,11,14,30,0,38,45,31,0,10,0,0,22,3,0,18,29,2,23,64,0
60,49,0,23,40,94,0,10,0,3,160,210,134,0,36,0,29,0,14,11,0,32,0,7,0,10,12,0,8,24,13,6
0,72,79,56,2,72,1,2,7,7,168,45,101,0,0,0,23,0,14,0,0,0,5,0,1,12,0,0,2,4,0,254
45,51,0,51,41,89,18,40,0,65,137,65,116,0,0,30,0,22,0,20,21,0,0,23,0,30,22,13,68,38,11,53
0,34,55,12,28,98,74,0,27,48,23,29,85,41,15,0,0,16,13,0,0,19,0,0,0,0,0,0,18,84,0,75
63,55,89,7,5,0,39,125,116,43,87,34,19,13,20,6,10,0,19,16,20,28,36,0,15,23,16,0,33,0,29,63
0,0,0,48,0,0,0,153,86,145,138,0,0,0,0,0,0,0,0,0,0,10,0,0,0,0,0,7,8,6,0,40
82,39,0,0,16,0,125,82,194,32,10,0,13,0,0,0,0,0,31,16,0,39,0,0,10,16,25,11,27,73,70,66
0,0,0,4,30,18,167,239,80,14,0,0,0,29,17,0,12,22,0,16,0,18,0,0,39,0,64,42,87,0,42,120
15,0,0,34,0,0,26,8,31,0,4,9,0,0,0,0,0,0,13,3,10,5,48,32,8,7,33,1,11,2,34,26
12,9,0,2,0,0,27,64,9,4,16,5,0,0,0,0,16,7,45,0,0,3,5,0,45,0,0,22,0,0,6,0
119,19,3,26,7,2,0,53,18,0,22,91,112,181,47,81,20,0,0,0,0,37,9,217,135,211,7,0,0,0,3,3
84,10,0,23,0,10,0,42,1,39,122,219,85,158,183,192,158,0,24,0,0,17,0,49,77,107,29,6,12,0,9,21
16,0,51,0,0,0,0,0,50,12,85,194,208,173,80,14,181,0,0,12,0,5,3,2,16,12,0,0,0,3,0,20
107,0,0,0,11,0,4,15,0,0,169,38,156,239,145,47,67,10,0,6,18,0,0,5,0,30,9,18,5,8,0,9
0,4,24,9,26,0,0,0,8,0,14,138,129,25,10,155,154,22,0,0,8,0,69,0,16,56,23,22,0,1,0,13
2,0,0,23,0,0,10,4,0,0,0,100,134,128,61,116,26,0,0,7,19,55,0,0,0,24,19,39,8,0,0,4
6,0,11,13,0,3,0,0,0,15,0,20,15,195,97,0,39,1,0,0,4,0,20,2,51,0,44,0,8,32,18,0
35,29,14,0,0,27,18,19,0,12,18,135,22,48,41,27,22,21,0,0,0,6,25,29,0,0,11,6,13,5,0,4
99,4,0,47,0,17,0,0,35,32,21,17,109,9,21,26,0,0,0,34,65,14,0,17,0,2,0,16,0,0,0,0
0,57,0,0,73,48,33,17,19,22,37,45,75,0,61,51,14,0,21,0,0,16,26,26,16,0,3,0,11,29,34,15
0,11,14,0,1,0,0,95,0,11,111,60,157,16,83,0,13,20,10,0,0,29,0,4,0,0,0,15,22,8,26,25
0,18,0,30,0,0,0,13,21,25,83,163,38,60,0,24,14,5,0,4,29,0,17,12,8,0,0,0,0,38,6,0
0,0,0,0,0,0,92,0,12,0,0,0,31,6,140,83,36,0,1,25,0,14,0,6,6,53,137,0,0,0,3,36
146,12,1,0,0,203,57,0,10,13,16,0,0,109,148,0,4,0,36,0,2,0,6,0,48,45,241,26,41,27,35,22
0,26,41,0,0,143,36,0,26,42,0,0,30,107,87,20,14,0,1,0,0,0,0,90,187,132,219,8,18,0,21,0
0,27,8,0,16,7,173,0,0,16,0,7,72,171,24,0,61,31,41,41,0,0,138,81,10,62,13,68,54,16,47,0
15,14,44,4,47,0,108,35,17,0,0,27,0,0,7,5,7,0,27,0,14,23,15,13,1,0,0,12,10,25,0,18
19,0,49,0,0,0,26,0,0,0,31,6,0,9,0,7,0,10,0,18,0,0,0,0,18,0,35,0,17,1,10,2
18,0,0,0,0,41,14,0,14,37,5,0,0,22,10,0,4,0,11,0,0,17,21,23,0,0,0,0,7,0,0,12
0,0,0,44,0,0,30,16,20,24,3,55,12,4,0,57,8,53,0,4,0,30,0,0,0,10,227,37,154,75,0,69
22,0,0,6,45,35,207,40,48,0,42,0,0,0,22,0,0,10,49,1,20,0,48,7,28,245,111,53,78,100,53,22
0,29,11,49,0,107,176,17,0,1,44,0,0,0,0,0,0,0,2,0,50,0,0,0,170,0,7,5,106,69,22,75
0,13,0,0,13,26,118,78,25,40,0,0,0,0,19,0,48,0,0,26,0,0,0,6,0,9,31,29,63,0,18,0
95,91,0,0,27,89,0,52,45,0,49,0,131,31,18,29,0,55,0,41,20,0,0,0,34,0,46,59,10,33,38,12
86,4,0,55,87,90,35,0,7,20,0,0,0,12,17,0,23,24,0,47,0,12,0,14,0,37,0,0,36,24,0,48
116,12,13,113,5,103,18,29,0,12,0,0,0,12,0,1,0,9,0,0,10,9,7,0,2,41,4,0,8,15,28,0
155,17,73,68,66,37,0,46,4,18,53,14,0,105,10,29,45,0,0,39,0,0,4,0,31,6,74,10,38,27,49,71
0,7,63,102,49,25,0,0,0,14,43,0,6,9,0,0,0,0,0,1,62,5,9,0,0,34,34,0,0,12,0,80
0,28,36,0,9,0,0,6,50,0,45,4,13,0,8,22,4,0,0,7,21,0,10,0,0,15,0,0,0,31,61,48
0,0,6,0,16,7,0,20,5,28,21,0,15,0,0,0,0,23,0,38,9,44,33,0,0,27,0,0,19,68,2,60
5,0,15,0,0,38,0,0,97,68,140,0,26,48,0,0,58,0,49,199,158,220,21,0,0,0,26,44,3,5,47,0
0,0,38,8,74,0,0,0,81,142,155,68,58,0,0,0,8,38,243,83,0,61,0,83,32,11,36,27,0,0,0,35
0,1,10,25,2,0,0,198,51,36,146,127,31,0,14,3,0,48,0,0,0,46,0,0,0,0,0,22,24,0,56,18
0,35,27,0,5,5,126,76,187,195,121,165,105,15,3,0,33,0,46,16,0,0,0,0,71,52,68,0,18,46,7,0
0,0,0,20,24,0,251,52,82,58,238,63,91,0,27,2,0,19,32,0,0,24,23,0,7,33,9,0,33,42,0,0
0,0,0,50,0,0,217,197,126,177,200,77,22,32,31,41,14,44,2,0,0,22,0,0,10,35,14,38,12,54,2,0
26,52,38,0,45,28,12,0,38,0,0,44,24,66,0,0,0,0,0,0,0,45,0,9,0,0,2,53,23,3,11,0
37,12,6,0,18,18,0,9,0,0,15,12,144,91,19,13,42,0,19,0,0,39,0,0,0,19,0,0,35,26,0,0
11,16,49,0,0,41,0,0,0,41,21,0,90,83,0,0,49,0,8,30,18,7,0,0,0,19,2,0,42,0,33,24
0,35,2,0,0,28,41,0,0,5,0,82,30,40,52,80,0,0,0,7,0,0,20,23,0,0,0,53,0,0,24,94
0,9,61,0,93,18,82,0,78,0,23,40,79,12,54,0,25,13,33,0,17,0,28,34,0,0,0,0,0,0,0,9
13,0,8,7,26,0,10,0,29,6,0,0,59,84,0,57,0,31,6,38,0,14,60,12,0,27,29,33,22,26,0,55
14,19,19,0,34,0,20,0,44,24,0,42,136,83,40,0,0,21,0,0,31,44,36,0,16,9,4,0,0,27,0,0
18,29,0,30,16,8,1,38,23,42,47,36,0,28,35,0,25,29,0,40,0,0,20,44,0,0,0,0,33,62,0,0
0,9,0,0,34,15,51,180,180,8,39,0,0,0,0,0,27,14,2,0,4,0,54,0,28,4,6,10,10,0,12,0
0,14,62,5,0,39,36,16,20,47,2,0,11,20,6,0,35,0,29,2,13,0,0,35,18,28,35,54,1,0,11,10
51,37,28,0,46,23,84,71,14,0,3,0,0,34,46,0,92,116,82,0,7,0,0,19,25,8,40,0,36,22,34,0
30,0,0,26,0,4,50,23,2,0,3,0,10,24,18,77,27,0,0,0,0,34,10,0,0,22,16,11,40,0,52,0
16,23,8,20,0,23,199,50,41,16,0,24,0,5,10,16,195,13,0,0,37,23,0,23,0,0,66,0,9,20,0,16
0,64,20,0,37,193,93,0,30,1,24,0,0,0,3,51,15,20,0,28,8,0,67,56,44,0,0,0,23,51,0,43
46,4,8,0,63,122,102,30,34,0,56,26,30,0,0,0,0,0,28,0,35,18,67,2,25,2,18,7,13,27,5,18
10,10,0,0,12,146,40,22,20,0,14,19,21,74,30,0,0,2,0,0,0,16,0,0,24,0,59,65,31,34,17,59
32,12,16,27,0,35,26,20,0,0,22,0,27,0,17,0,43,33,0,0,0,39,23,45,3,0,43,0,83,31,47,18
6,61,37,31,24,16,0,0,0,28,0,0,16,5,0,5,52,10,0,41,150,0,0,53,0,0,59,70,8,25,81,46
0,0,0,0,0,15,0,0,16,12,16,0,50,25,0,0,0,1,170,24,144,44,0,0,0,0,0,6,30,15,0,0
24,17,44,26,9,0,8,0,18,11,2,0,0,0,0,11,0,203,113,63,9,29,0,0,0,0,0,0,12,2,27,0
53,0,0,61,0,42,6,6,0,4,29,0,0,0,0,24,61,79,17,86,0,21,0,23,0,0,0,0,32,23,3,53
0,0,0,0,22,0,41,0,30,20,37,9,8,0,50,0,91,105,2,4,0,0,0,41,0,0,0,31,0,29,23,16
163,26,0,0,29,2,0,0,24,0,5,0,0,33,0,56,5,0,12,24,21,14,25,0,16,6,0,0,25,3,45,3
0,26,0,3,0,0,0,16,4,34,21,35,0,17,0,8,0,37,12,0,12,10,33,34,26,0,4,50,0,0,19,0
0,6,26,0,65,0,22,42,9,0,0,10,0,138,58,0,0,0,0,36,0,18,0,0,0,0,0,0,3,26,39,0
26,11,0,6,0,1,40,0,54,25,12,0,27,22,11,0,38,6,0,0,34,22,0,0,0,0,6,1,0,56,15,0
67,0,18,45,0,0,0,0,48,0,10,0,3,0,6,0,2,0,0,1,0,51,40,0,0,0,0,6,0,0,18,28
0,32,0,0,0,4,0,0,0,8,0,0,10,40,0,0,0,0,0,61,0,0,7,0,6,7,0,36,0,33,35,0
15,0,34,9,0,0,9,0,0,18,50,0,33,13,0,0,0,0,11,0,48,33,45,30,38,0,4,0,0,0,0,16
0,10,3,12,0,9,14,98,50,0,0,0,2,17,35,63,30,0,68,0,0,47,0,0,68,79,59,0,31,0,0,56
0,0,0,60,0,0,65,31,32,0,0,36,50,9,212,72,0,0,0,0,0,21,9,31,45,30,19,16,0,0,0,0
0,4,0,0,70,62,52,0,24,87,0,0,201,101,123,31,0,35,0,0,22,0,8,19,0,57,36,37,16,0,0,45
139,20,70,77,18,44,27,70,0,58,0,223,214,94,70,24,0,0,5,0,0,0,2,26,32,42,24,0,13,3,0,0
0,13,49,78,6,119,49,56,3,9,13,45,190,11,31,0,0,30,0,0,0,18,0,0,0,0,0,12,33,17,0,0
0,0,81,230,171,88,1,105,0,0,0,148,49,0,0,41,48,0,0,20,0,32,0,0,16,16,4,0,9,0,0,8
0,44,157,137,108,40,19,0,0,15,0,0,24,36,26,0,0,7,39,4,10,26,0,0,43,0,19,0,15,0,0,0
0,0,152,131,142,87,93,49,0,0,0,11,37,16,37,6,31,42,40,0,0,0,0,0,0,56,0,46,0,5,0,11
32,3,198,181,220,112,41,57,0,36,50,0,15,64,7,34,18,16,0,0,0,33,0,26,0,15,29,0,29,0,0,0
13,0,35,193,56,68,14,43,45,0,5,80,151,63,27,0,22,13,3,5,0,0,0,0,37,42,88,21,33,0,0,33
0,0,0,8,0,0,10,1,24,11,78,0,5,8,0,22,0,0,0,7,3,11,14,21,4,0,0,0,18,0,11,0
10,13,0,0,6,12,61,0,39,10,0,0,0,9,0,0,21,0,42,0,20,22,0,17,7,0,23,0,23,55,3,0
13,0,27,10,0,18,0,13,0,0,21,31,36,0,0,51,12,0,0,7,0,3,14,0,0,0,27,0,4,42,0,4
0,25,42,0,69,14,0,0,0,13,0,16,0,0,7,17,0,15,29,0,36,0,5,4,11,0,2,1,24,0,0,0
0,0,0,18,13,0,37,51,15,0,27,14,0,0,0,0,0,0,0,0,9,2,26,0,0,24,0,0,0,11,0,61
0,0,18,35,0,0,84,16,32,0,5,0,6,0,6,50,50,0,39,0,24,7,34,18,0,0,0,0,0,8,17,32
0,0,14,6,0,10,35,37,140,0,1,0,0,26,8,0,0,0,0,0,0,3,0,9,0,0,0,5,17,21,0,12
0,0,0,0,5,45,6,29,129,0,0,0,39,1,9,53,6,3,0,0,4,6,0,5,0,9,64,0,0,10,0,54
17,2,29,0,0,51,53,62,157,44,0,32,0,0,42,37,42,0,0,4,0,5,25,12,0,0,0,18,30,55,1,0
13,0,46,0,68,0,41,35,11,0,0,0,0,0,4,79,53,0,0,0,0,43,0,3,0,13,0,13,5,8,0,38
36,8,0,0,20,29,50,13,166,30,0,10,9,0,22,15,95,0,2,9,0,9,0,29,0,0,13,11,91,0,26,0
3,33,24,0,70,12,26,221,94,0,28,0,0,0,29,67,35,5,170,22,0,17,0,0,0,13,4,6,67,10,36,41
0,8,45,10,0,110,68,210,34,0,48,4,0,32,71,0,13,86,17,13,0,0,34,0,23,0,19,34,32,1,14,17
44,0,7,0,0,22,41,108,0,34,0,0,9,22,40,0,21,203,73,1,0,30,0,17,33,0,5,0,0,14,24,32
118,0,0,7,19,11,82,13,17,0,54,0,27,0,19,16,116,0,2,0,0,0,2,0,0,0,23,0,6,0,7,103
245,12,0,4,0,9,37,0,27,2,12,33,0,0,0,48,0,3,11,10,6,0,21,34,0,35,34,0,31,26,15,0
129,1,0,6,4,13,20,22,21,34,21,0,0,0,0,12,35,17,0,31,0,7,0,0,29,7,14,19,0,0,0,46
5,30,47,17,0,0,0,0,48,0,0,46,0,0,0,0,0,0,0,39,30,0,60,0,24,22,14,0,0,22,66,0
0,0,0,0,28,0,18,0,42,2,22,0,0,0,0,0,0,0,23,92,78,25,54,0,21,29,0,0,23,46,0,0
55,199,0,0,0,0,2,17,7,16,28,0,0,12,58,54,86,105,76,43,85,194,244,16,23,0,0,0,30,0,0,0
106,103,29,0,1,8,16,0,19,0,13,31,0,0,20,82,45,168,81,107,119,254,180,0,0,0,0,24,0,0,6,0
162,116,116,2,0,0,14,0,17,12,0,28,0,20,76,77,72,84,19,57,135,0,33,0,22,38,0,0,0,0,0,0
104,0,0,0,0,0,0,49,0,0,0,0,0,4,0,177,19,203,226,202,6,8,11,0,0,5,0,0,0,7,0,18
61,0,17,0,0,6,0,0,6,16,10,10,21,0,40,0,64,196,200,61,0,0,10,0,0,0,0,0,12,4,0,0
56,0,0,0,0,0,6,0,4,6,44,9,0,6,20,0,125,28,30,0,0,3,0,0,0,3,0,0,0,0,2,0
30,15,0,0,13,20,0,0,9,93,29,0,37,16,1,0,0,16,22,0,0,16,0,40,0,0,22,0,0,7,0,0
29,0,16,18,5,33,18,0,9,18,48,0,37,20,24,0,26,22,0,0,0,4,9,0,0,0,39,24,16,31,1,0
25,0,0,9,0,8,16,33,11,27,0,41,23,0,23,0,16,0,0,0,9,0,1,0,14,6,0,0,16,0,0,33
0,16,0,4,44,29,6,0,0,0,8,34,34,8,112,6,229,191,52,0,1,0,33,11,7,12,1,13,0,0,38,53
0,0,27,64,23,31,14,0,0,54,0,0,0,39,125,164,83,127,24,0,16,0,0,23,0,60,0,0,7,0,0,23
0,0,0,56,4,124,46,35,4,0,29,29,0,0,22,100,0,0,0,0,0,2,1,0,0,0,0,0,0,0,0,0
0,31,0,35,147,212,211,146,0,0,0,0,0,0,24,0,9,0,30,9,17,20,12,0,1,32,12,0,11,0,0,0
101,0,0,19,135,229,44,11,6,0,24,2,30,0,11,30,0,0,37,0,19,0,5,0,0,14,24,38,0,1,0,65
0,8,4,25,26,0,0,53,0,0,0,2,0,11,8,0,0,0,0,8,8,19,0,17,0,25,12,0,0,1,0,0
17,0,22,0,24,0,0,0,0,2,0,0,0,10,0,29,0,17,0,0,23,0,19,11,19,22,0,0,0,0,0,10
0,27,32,0,0,0,32,23,42,27,0,14,2,0,0,53,0,0,6,43,0,0,0,8,14,5,0,0,0,35,0,0
0,0,6,15,0,0,12,0,0,0,31,1,1,0,3,7,0,9,0,19,0,0,0,1,2,15,8,36,1,8,0,32
50,0,1,0,0,37,15,0,23,0,26,30,0,0,0,32,0,0,0,0,0,25,0,0,0,0,18,30,0,40,10,37
0,0,14,26,0,0,35,0,42,16,13,0,0,16,0,17,28,12,0,0,0,0,0,6,0,0,0,0,0,10,33,0
0,28,19,7,103,83,20,36,28,4,52,0,0,22,0,22,0,0,0,0,0,42,0,0,0,11,36,0,0,20,27,0
0,0,14,36,246,82,37,0,46,12,20,0,4,0,76,20,32,20,0,4,13,0,15,0,9,0,12,18,17,2,0,0
230,155,89,22,179,87,28,0,0,42,48,6,77,119,78,109,105,0,0,9,13,0,0,11,7,0,0,10,32,7,0,9
253,72,53,4,53,142,11,0,5,0,22,13,25,14,32,0,98,49,1,0,30,1,0,0,0,0,0,0,0,1,24,17
152,114,131,10,115,177,153,0,2,26,6,59,133,51,116,67,59,4,17,15,15,0,0,32,0,0,0,0,28,0,39,52
39,106,166,198,52,162,196,0,19,0,27,7,40,0,149,125,0,9,7,12,9,0,38,12,22,57,239,0,0,0,0,15
154,89,32,106,7,97,177,1,19,28,0,26,3,80,17,0,11,25,0,16,45,0,3,14,157,193,102,0,2,35,14,0
216,86,44,115,7,138,149,73,0,13,1,55,18,0,227,0,52,16,46,0,42,0,58,0,63,0,37,0,21,4,0,45
0,98,0,0,74,116,33,0,0,20,0,57,0,0,1,48,31,57,55,0,26,22,0,6,7,0,0,5,0,0,62,0
63,14,0,0,0,0,0,29,0,2,0,0,2,17,0,0,0,6,0,12,38,19,0,39,0,24,20,15,0,0,0,21
0,0,6,8,37,0,0,154,37,0,15,23,0,0,0,14,9,0,6,0,0,14,0,1,22,13,0,0,0,14,0,0
0,18,0,19,11,0,57,212,233,0,0,21,1,0,16,46,0,0,4,0,0,23,11,5,42,0,8,0,31,10,11,0
10,0,0,19,0,123,92,126,186,45,54,65,14,10,0,0,0,0,0,58,39,0,0,7,21,22,0,0,0,45,22,29
80,16,62,114,103,79,240,200,2,37,0,35,0,0,0,30,0,0,0,4,5,3,0,0,0,21,0,0,145,149,91,64
64,3,54,35,110,44,15,0,39,0,0,56,25,19,7,61,49,20,11,10,0,51,0,51,80,106,138,63,118,88,0,0
49,0,20,3,25,79,61,0,52,2,0,2,0,15,6,0,6,28,95,60,0,179,148,36,171,65,3,10,7,4,0,28
129,13,45,0,148,101,7,0,32,24,48,6,0,19,0,45,0,0,107,22,8,54,0,0,0,0,0,0,0,21,0,49
141,3,58,43,0,0,20,29,26,0,0,0,0,3,31,0,28,0,39,20,29,0,40,0,0,14,0,24,13,0,4,0
80,70,0,0,0,5,0,0,31,4,7,13,0,0,0,9,27,19,0,0,22,16,14,0,0,13,31,0,54,0,14,40
83,0,9,37,23,0,0,0,4,12,12,12,0,14,20,9,2,38,4,0,0,57,90,92,25,1,0,2,15,0,0,0
44,0,0,0,5,0,0,0,4,0,0,58,68,0,9,50,1,23,0,0,47,86,200,51,35,20,75,7,37,0,37,43
0,0,0,50,0,0,0,35,0,1,133,184,203,33,0,15,0,0,31,71,74,8,30,0,42,3,0,13,0,0,0,0
98,45,0,52,7,56,37,20,21,0,80,12,73,120,193,0,0,5,13,36,18,6,25,0,0,0,0,53,41,0,0,0
30,3,4,54,39,9,0,63,36,141,152,131,50,9,0,0,0,0,0,0,0,0,0,8,22,0,0,0,14,0,0,30
88,0,7,75,0,0,104,76,53,38,125,46,44,16,11,71,30,0,0,56,0,12,44,0,15,21,0,18,0,6,0,41
0,26,0,0,47,13,91,15,213,79,124,0,0,15,22,0,0,23,37,30,0,0,13,11,8,0,29,0,39,18,44,0
0,0,16,19,0,0,65,77,3,0,17,0,0,0,35,24,22,0,0,19,0,0,13,0,0,11,2,36,0,34,0,32
18,0,0,20,0,6,85,108,0,0,0,0,0,0,0,34,0,0,17,62,14,12,0,0,17,0,0,6,0,28,0,46
0,0,19,0,9,2,11,71,19,0,0,0,0,0,32,31,48,0,112,36,55,6,9,10,0,9,8,0,0,0,0,0
0,25,44,0,0,7,49,90,22,0,44,0,0,31,16,15,20,125,106,17,26,0,19,25,0,37,0,0,25,34,60,0
0,0,31,40,0,3,73,37,71,0,0,46,17,0,0,0,71,209,56,5,56,23,3,19,13,0,96,7,73,2,0,28
0,22,0,0,0,46,83,187,231,28,7,32,7,16,26,21,41,129,7,90,0,0,0,6,0,24,150,72,188,6,0,2
0,7,0,19,27,0,53,0,251,0,0,0,0,0,0,12,40,89,0,0,51,46,14,0,0,33,251,165,0,0,0,0
34,11,0,0,3,54,56,44,47,11,0,0,12,6,3,0,29,0,14,0,33,21,0,6,18,37,24,0,0,0,0,0
80,42,0,8,66,68,0,25,0,0,0,0,0,15,20,0,16,29,0,0,10,39,0,6,0,0,0,23,0,0,27,0
7,0,10,7,41,45,70,0,0,0,0,0,19,3,45,0,21,8,0,7,0,3,0,0,24,14,31,11,23,0,27,6
57,89,33,100,64,74,10,104,5,13,6,0,20,13,29,0,0,2,0,1,16,1,0,0,0,0,10,21,26,0,0,1
0,68,113,55,37,0,5,140,38,17,30,0,4,13,0,24,0,0,6,0,23,0,4,4,34,0,2,1,10,73,118,114
227,0,0,25,0,0,0,125,137,36,19,0,0,32,18,31,0,0,0,0,0,0,0,0,7,19,66,126,143,233,87,79
0,0,49,58,0,0,0,246,31,0,89,0,39,5,157,56,64,15,32,7,1,0,11,22,0,156,176,0,80,62,135,87
111,64,0,15,0,3,47,134,146,0,0,49,6,124,118,2,16,18,0,26,25,21,71,18,0,0,148,24,70,36,168,0
0,14,0,0,0,0,73,63,81,0,40,25,53,38,64,112,136,26,43,21,0,24,14,0,106,47,128,0,45,36,32,118
76,19,43,0,17,87,21,10,17,0,8,22,0,0,0,0,0,0,0,0,83,0,51,8,25,46,66,20,15,91,98,65
0,3,0,40,73,0,33,21,30,18,30,0,27,1,1,13,11,0,11,17,19,23,42,0,136,37,57,21,101,82,15,70
0,51,0,0,1,55,36,67,6,0,33,13,21,55,11,0,0,0,0,0,25,39,18,46,29,35,18,32,44,26,22,0
0,30,0,50,0,58,0,42,0,0,0,0,54,0,0,0,12,12,12,0,14,0,9,39,7,15,50,0,0,0,0,80
0,59,0,0,0,61,0,0,0,0,81,18,26,18,0,16,0,31,0,0,12,0,145,22,5,16,0,0,0,29,0,0
116,0,0,19,0,14,21,0,23,0,63,61,107,0,103,35,0,0,0,51,0,219,181,2,40,10,0,0,0,0,0,9
0,4,40,0,40,0,0,3,0,9,0,226,182,88,176,19,5,0,13,6,0,132,19,0,0,40,0,10,0,0,0,18
40,0,41,25,54,0,0,0,0,2,125,105,66,252,15,0,0,0,0,15,0,7,0,3,16,0,0,43,20,0,0,0
82,61,6,45,0,0,0,13,0,0,118,226,158,152,65,40,4,0,0,0,0,8,33,0,6,17,49,3,16,0,11,62
0,0,41,0,50,38,29,0,35,10,51,96,154,55,0,0,46,25,15,0,0,0,0,42,0,0,0,0,11,37,0,8
0,7,0,37,11,72,0,0,0,0,29,84,42,0,4,0,34,0,0,15,0,0,0,4,0,0,0,0,25,14,0,0
12,29,2,26,0,0,49,58,0,18,0,51,42,25,42,0,0,8,0,35,35,0,13,16,24,0,2,8,0,5,0,37
0,0,0,0,38,29,0,0,18,25,55,0,43,19,11,0,0,50,47,24,19,1,30,0,0,0,0,3,0,20,0,31
12,0,0,34,0,0,8,26,0,31,19,0,20,4,0,28,4,11,0,0,0,21,0,0,30,0,11,0,0,15,0,0
4,18,0,0,0,32,14,4,0,78,60,27,0,34,18,0,12,0,8,12,0,13,0,0,10,17,0,0,25,0,0,0
57,0,0,7,0,1,0,3,8,5,0,19,11,21,0,40,12,0,1,3,0,11,9,10,5,1,0,0,0,0,21,0
0,14,32,0,0,0,240,0,0,0,4,11,0,0,8,31,3,39,3,8,36,0,23,0,0,0,18,6,7,0,0,0
38,16,9,0,12,22,140,0,8,0,18,0,42,0,16,82,0,66,0,34,0,0,0,13,0,20,18,0,4,0,16,54
94,0,0,14,0,0,58,33,0,17,52,11,32,15,55,237,48,57,0,0,0,0,19,0,117,0,27,41,12,0,23,0
0,0,0,53,0,164,85,16,0,5,18,0,0,33,85,206,0,4,0,30,12,0,11,135,103,79,4,12,0,0,0,6
0,41,0,0,7,122,20,17,54,0,9,0,0,238,89,164,4,20,30,45,0,46,151,74,24,29,0,2,58,0,0,0
0,0,0,33,1,69,162,43,0,0,31,0,120,130,1,9,0,0,0,0,103,77,40,24,26,21,39,0,8,0,20,45
0,0,0,34,24,43,147,0,0,10,49,0,63,67,18,0,0,10,37,97,100,1,0,0,20,0,0,45,2,0,0,0
63,19,0,0,24,52,0,0,0,35,0,0,6,16,46,11,41,65,40,0,16,0,0,26,0,0,0,7,23,0,0,0
15,2,15,0,0,13,29,48,0,11,0,0,2,0,0,0,0,7,7,9,0,30,14,0,8,23,0,17,0,0,0,0
0,13,0,6,6,3,0,4,12,0,0,0,0,0,22,11,32,13,0,28,4,0,11,31,0,16,249,111,23,21,27,10
0,9,32,0,41,148,60,58,0,16,30,0,0,6,6,0,16,0,0,0,0,0,0,49,83,27,118,162,25,52,6,0
111,24,37,0,115,243,71,101,17,7,0,9,3,29,0,0,0,5,0,48,10,0,106,125,137,167,182,54,29,32,0,0
76,0,16,19,30,81,37,18,0,0,149,80,149,0,19,26,0,26,39,48,42,0,0,35,34,61,64,0,133,57,0,51
0,10,30,0,0,69,13,8,1,0,94,188,99,9,14,0,0,7,0,0,15,3,28,50,7,38,26,82,44,4,70,94
25,0,33,69,88,155,0,10,0,25,38,0,51,120,6,44,52,0,0,0,0,0,0,15,2,0,34,57,87,26,114,0
11,0,62,20,26,3,0,0,45,2,8,2,11,117,94,35,0,0,0,9,0,14,0,0,88,12,52,41,0,15,0,73
20,19,103,69,31,0,4,0,0,11,25,0,16,0,16,17,31,2,0,0,0,9,7,7,0,0,49,0,71,142,35,31
0,16,122,87,42,0,11,12,1,35,0,0,21,0,0,0,0,0,0,0,0,0,21,17,26,8,2,69,14,0,0,99
0,0,33,38,0,13,0,0,0,0,23,4,25,25,0,10,0,0,0,32,38,0,38,0,0,17,0,0,20,0,0,39
78,0,37,52,0,13,17,16,0,24,90,0,0,0,80,85,0,0,80,148,51,59,0,0,0,0,0,12,0,0,0,45
13,70,1,20,0,0,0,100,42,156,50,113,19,0,41,23,16,157,30,0,57,18,65,40,0,0,0,24,0,0,0,28
0,0,0,31,0,0,0,106,148,196,121,127,0,16,19,0,39,12,0,0,0,40,74,17,0,0,0,0,33,14,0,23
0,0,0,23,7,0,3,37,208,241,139,18,128,0,0,0,23,0,0,40,0,9,41,0,0,6,1,0,31,0,0,0
0,19,68,0,0,58,22,75,14,61,44,112,4,84,21,0,0,28,70,0,30,0,15,0,33,57,0,0,0,0,0,0
10,5,0,11,0,27,35,156,31,109,55,52,53,41,21,0,4,0,4,8,17,36,25,29,31,0,56,0,32,0,11,0
0,0,54,0,0,0,0,16,25,38,21,81,118,42,0,16,31,0,8,0,0,0,0,0,0,15,3,0,43,4,34,1
0,52,0,0,0,0,27,0,0,0,16,0,18,43,0,26,0,0,18,33,0,0,5,0,21,0,37,0,0,0,35,0
0,8,0,0,28,0,17,27,0,0,18,3,32,29,5,0,0,0,1,0,43,12,0,0,53,0,0,15,0,2,0,0
0,13,0,0,0,33,0,1,0,1,34,15,76,0,37,0,9,13,38,1,1,0,13,0,21,16,62,0,71,0,1,6
0,28,0,9,1,23,1,51,0,51,0,0,0,7,0,0,0,5,0,28,0,15,0,0,0,10,33,1,21,32,0,36
12,0,20,0,0,16,0,5,0,20,0,0,0,5,30,14,0,3,32,20,0,0,0,0,11,0,0,0,6,23,0,38
4,1,2,0,0,50,24,0,0,0,15,65,19,0,1,33,2,20,0,0,0,0,0,3,12,36,0,0,0,0,0,38
0,29,78,63,0,0,9,45,0,0,73,40,120,0,0,0,0,2,0,5,22,0,0,9,32,35,0,0,2,0,0,0
32,0,84,20,0,0,0,0,1,1,0,63,68,35,6,0,18,0,19,24,25,0,22,0,0,16,0,18,0,5,0,23
0,12,27,6,11,14,0,40,9,0,6,130,0,0,6,0,0,0,0,0,59,13,21,6,1,0,0,9,12,23,11,45
0,0,32,29,42,0,44,4,9,76,0,0,0,0,0,17,31,58,149,12,5,0,0,14,0,0,23,0,0,0,27,0
0,0,13,0,6,17,0,0,67,77,44,16,15,0,12,28,150,152,63,25,16,6,12,7,11,60,5,0,16,0,0,22
242,0,18,43,32,0,29,103,102,0,51,23,0,16,22,199,62,0,0,30,0,0,17,16,0,0,0,0,0,21,0,9
92,35,0,0,18,0,28,67,5,23,65,0,19,0,5,33,0,0,27,0,50,28,39,0,0,14,15,8,0,0,10,17
36,0,6,32,0,0,0,118,0,0,12,0,22,19,171,36,0,28,0,12,0,1,26,0,1,0,18,31,0,25,10,0
188,11,6,0,0,23,82,0,0,26,38,0,101,24,0,0,0,0,0,28,0,0,11,2,0,53,0,0,65,74,13,0
19,0,0,3,9,21,0,0,0,0,20,7,0,0,18,0,48,20,8,0,85,40,0,46,12,0,0,9,30,19,0,36
1,18,48,39,19,0,4,1,0,0,0,20,9,0,0,0,42,0,10,195,139,39,14,60,11,63,0,43,45,0,5,9
0,0,3,0,18,31,48,9,0,0,5,0,2,5,25,0,0,12,5,80,77,8,51,0,78,161,107,62,38,17,0,44
0,6,0,0,0,0,0,0,0,6,0,10,38,26,3,0,0,98,158,58,16,8,31,0,0,4,0,68,26,45,0,0
6,18,0,0,78,48,0,0,30,0,0,0,0,0,0,8,16,97,29,0,5,0,0,23,0,0,0,54,123,22,0,26
80,25,0,0,0,0,0,35,0,0,12,0,18,28,203,23,192,33,27,10,4,24,2,7,0,17,42,0,71,21,7,82
68,141,29,40,27,63,60,88,59,0,13,0,8,33,82,102,10,26,20,0,19,40,0,0,39,0,31,7,32,6,0,0
0,37,0,0,171,224,71,43,0,0,0,1,0,41,36,5,19,0,0,0,0,0,17,0,0,0,27,5,0,50,11,0
0,11,7,0,83,189,120,53,0,0,9,34,0,0,0,30,42,0,0,0,33,0,49,0,16,25,0,0,0,0,0,26
0,0,0,9,0,15,0,7,0,0,0,8,0,0,0,20,0,20,0,0,17,10,10,0,34,14,0,6,0,0,3,1
0,17,0,0,0,0,0,14,0,0,0,1,0,0,8,20,9,4,11,6,0,4,17,0,24,0,13,23,6,5,0,0
7,0,3,0,0,3,4,8,3,0,0,0,14,36,0,11,5,0,0,0,18,70,0,19,20,0,0,16,34,26,44,16
24,0,0,23,0,0,1,53,0,0,0,37,156,0,84,22,0,0,0,79,0,19,0,0,48,32,0,0,11,21,0,14
64,0,0,23,58,140,48,31,0,26,0,93,62,99,66,6,0,0,6,0,0,0,0,23,0,0,0,11,0,1,0,0
49,0,0,42,112,123,26,0,56,0,0,136,171,141,0,0,16,3,0,0,0,3,41,0,0,0,0,19,0,35,0,0
0,14,12,236,91,129,0,92,0,63,0,83,11,0,21,0,0,6,9,0,0,9,12,64,13,0,0,0,0,40,0,0
77,68,246,176,75,227,6,0,37,9,0,0,0,33,0,0,5,25,25,16,16,0,40,8,0,36,0,25,0,0,47,22
0,3,207,213,29,240,54,0,0,20,0,11,37,0,28,0,0,0,0,13,2,0,17,5,26,0,44,0,20,11,23,17
0,50,44,188,227,191,17,48,0,0,19,49,0,0,31,9,21,0,0,31,13,20,0,0,0,53,3,23,4,8,0,7
0,11,132,133,48,156,73,0,0,33,0,24,57,0,15,0,5,3,0,29,0,0,0,47,0,0,0,0,0,2,8,0
51,0,0,0,32,4,13,21,6,35,5,0,0,38,0,3,0,0,11,28,31,0,13,1,0,0,0,23,0,23,0,0
46,25,0,0,32,20,38,9,24,5,13,12,17,1,13,30,33,0,34,0,13,0,8,0,0,0,0,5,13,8,2,0
14,16,16,21,0,0,0,31,13,0,17,0,20,0,9,0,20,0,26,11,0,3,7,0,0,0,27,0,0,17,0,12
0,52,0,0,10,0,0,0,31,5,0,20,26,0,0,3,0,0,0,0,0,12,12,0,0,19,18,46,8,0,0,0
7,20,34,28,12,0,0,32,0,0,1,3,4,3,25,0,0,0,28,0,13,2,0,0,15,19,3,1,0,3,0,0
0,0,0,30,9,0,0,23,8,4,0,23,0,7,0,0,22,0,20,10,37,0,0,0,0,16,37,23,1,0,0,0
31,27,0,0,3,9,14,17,19,0,29,35,12,38,5,0,5,12,28,6,0,0,19,0,24,0,35,23,28,0,14,0
1,12,21,10,17,8,18,5,12,0,24,0,7,0,0,17,0,0,11,0,0,0,0,0,0,12,1,16,13,0,6,2
0,5,17,14,8,21,0,30,0,0,0,7,0,0,0,0,0,23,13,0,0,0,55,13,0,0,0,4,12,2,0,0
29,46,0,5,0,0,19,0,0,0,15,0,0,0,0,22,0,0,0,35,43,0,0,30,10,0,0,0,14,15,38,0
52,16,0,0,0,41,22,5,2,60,26,31,1,0,46,0,14,44,8,0,46,11,19,0,3,15,0,0,35,7,72,0
43,0,0,0,11,49,0,0,0,0,42,81,0,0,0,53,0,23,7,24,8,8,0,20,12,3,0,52,0,0,0,22
191,75,5,0,49,21,0,13,12,2,0,0,0,24,0,32,0,22,0,0,0,31,0,0,6,0,15,31,0,0,0,14
156,23,18,0,0,21,0,154,25,18,69,17,0,0,14,31,41,23,0,0,4,0,0,0,0,17,28,0,0,0,0,63
111,3,35,0,22,49,0,0,17,91,69,0,0,0,53,59,102,138,24,0,0,30,0,9,0,7,20,30,26,0,15,0
224,40,0,0,0,18,0,20,96,46,0,1,0,0,11,124,60,35,112,1,16,3,26,0,0,57,33,32,22,25,0,0
106,196,21,6,16,0,2,18,128,13,34,0,0,11,9,8,61,30,91,93,0,0,0,0,0,0,0,72,0,0,0,23
0,207,22,1,35,0,4,34,238,0,5,0,0,0,7,17,92,89,185,88,0,0,0,22,0,0,33,0,67,7,63,42
0,42,4,58,0,0,0,19,62,21,0,0,36,22,16,18,71,0,41,0,0,8,0,0,0,3,38,0,24,24,0,46
75,249,0,1,0,22,0,4,253,0,5,20,7,0,55,2,173,43,0,17,0,0,0,0,0,0,0,0,4,16,7,4
0,0,0,29,10,0,5,0,7,50,0,0,0,8,0,39,99,17,0,0,0,0,0,0,8,26,0,0,0,23,0,27
0,0,0,0,0,12,0,5,26,15,36,47,0,0,0,0,12,0,0,3,22,23,0,24,24,0,0,51,0,6,0,4
0,0,0,36,0,0,11,57,36,0,0,5,0,1,8,0,0,0,0,29,12,62,0,0,4,0,0,21,3,0,0,23
151,9,49,19,20,0,27,27,36,0,6,32,0,0,0,34,0,2,0,6,40,72,47,16,0,19,0,0,0,5,0,10
224,123,75,0,0,0,0,4,7,3,1,15,7,0,0,137,26,39,55,92,3,34,56,158,17,0,0,0,0,0,0,4
120,27,74,12,17,0,10,40,33,0,19,26,7,56,104,0,85,47,19,26,196,103,165,140,37,0,0,31,0,0,0,14
76,0,0,36,0,0,0,14,0,0,0,16,20,0,0,0,107,27,121,135,145,29,9,27,25,5,33,37,0,0,0,0
36,0,0,17,3,0,0,7,26,57,61,19,24,0,3,46,177,38,170,249,205,13,0,7,21,0,16,16,0,0,0,0
0,0,0,0,0,0,3,10,18,0,30,105,10,9,7,0,125,211,21,9,0,21,15,8,0,0,85,0,0,14,0,64
105,21,2,3,0,49,0,32,0,25,35,10,0,0,8,0,0,38,11,25,0,0,3,1,0,0,0,0,0,50,28,3
8,7,0,0,27,63,0,6,0,13,26,0,0,0,0,16,24,0,30,0,0,41,0,36,0,14,0,0,0,8,16,0
20,57,0,15,3,0,0,42,29,0,29,56,127,6,30,0,0,12,0,0,0,3,0,0,39,0,1,22,43,9,52,3
5,21,13,0,0,94,28,3,0,0,31,0,53,24,35,76,57,45,0,0,0,4,8,0,0,0,0,0,0,39,12,0
0,0,57,59,16,0,21,21,0,11,12,38,4,4,44,188,136,88,34,0,52,0,0,15,2,0,50,26,2,0,0,0
32,55,0,0,88,168,44,0,0,16,0,0,0,3,54,109,40,34,26,0,0,0,0,1,0,12,21,32,27,1,19,0
0,4,0,0,24,11,43,0,0,0,25,6,6,0,0,48,19,13,20,14,0,28,0,0,8,0,0,6,29,0,0,0
17,6,4,0,0,22,30,0,21,0,13,45,0,11,3,33,1,6,0,0,18,0,0,0,18,0,10,0,0,34,14,0
19,20,17,0,6,33,4,12,22,14,0,14,0,3,0,0,16,30,12,5,18,0,29,0,9,9,3,0,40,0,18,18
0,0,0,45,0,0,0,0,0,8,0,13,32,0,0,0,0,0,0,35,4,0,4,0,11,0,0,25,0,0,0,42
8,0,0,0,0,0,0,72,0,0,10,26,8,8,18,0,0,0,9,0,30,5,0,30,14,8,21,10,0,0,0,3
3,1,22,22,0,0,16,0,4,32,16,20,0,0,0,46,4,25,0,0,0,0,22,14,0,23,37,0,23,0,3,0
17,0,0,0,0,50,37,0,0,0,49,0,0,0,1,0,29,0,7,0,15,37,47,39,1,47,0,0,0,36,17,0
54,0,44,0,3,0,4,48,9,0,25,0,0,38,6,0,28,0,18,0,7,7,26,0,35,26,41,55,21,0,14,0
45,0,0,0,0,0,54,0,13,0,12,0,1,11,0,19,0,0,35,0,0,0,0,0,0,4,5,5,20,0,3,0
33,22,0,0,0,52,167,65,0,12,32,9,10,0,0,0,10,26,110,5,9,0,1,0,2,0,0,0,0,0,56,0
65,2,38,0,95,0,113,93,0,1,0,10,0,120,80,10,32,59,20,14,0,0,41,35,26,23,0,37,0,13,0,0
0,40,86,20,0,129,80,0,47,21,34,75,150,0,86,7,0,132,50,0,25,0,0,19,0,12,3,11,33,17,0,57
97,0,0,161,31,26,8,70,0,23,0,63,0,12,0,2,115,83,19,0,27,0,39,19,37,0,76,0,69,10,0,93
172,71,73,91,25,37,105,233,0,37,0,45,52,50,3,16,104,5,36,0,0,0,43,0,0,0,0,0,47,17,33,0
86,108,64,16,0,50,39,126,0,0,0,0,21,0,51,41,44,23,0,0,0,49,16,0,4,0,0,11,12,4,0,4
0,11,54,0,68,41,56,121,18,29,0,0,24,21,5,144,0,7,31,56,134,0,38,22,68,82,195,0,0,0,7,0
140,2,21,26,34,65,60,31,13,1,25,0,8,0,70,0,6,14,55,0,35,5,50,16,244,152,64,18,8,0,4,5
0,3,20,2,24,0,0,0,0,31,0,43,0,0,40,48,12,0,0,11,0,23,73,29,54,0,0,0,41,0,0,89
0,22,1,0,0,16,13,0,8,0,0,0,0,4,0,0,17,8,0,0,0,14,34,3,0,20,14,0,25,0,0,33
0,8,28,0,6,0,70,203,93,0,0,0,0,25,0,1,8,7,0,0,47,0,0,53,24,24,53,0,0,8,22,26
131,11,29,15,11,11,150,28,218,49,0,14,0,7,23,0,0,17,0,8,20,0,32,9,1,17,0,0,32,38,0,0
148,3,30,19,0,16,118,230,245,10,0,4,36,17,14,8,13,2,38,37,9,12,0,0,12,5,12,0,39,33,0,56
121,0,112,31,6,158,56,27,31,22,0,0,7,0,2,0,0,19,7,0,38,0,0,17,0,0,0,48,0,0,0,72
30,9,9,0,57,136,0,30,0,0,0,29,0,0,0,24,20,0,35,26,56,0,67,5,38,41,25,32,67,152,195,10
0,15,0,42,28,0,12,0,0,0,10,0,0,6,0,0,0,83,0,20,5,0,0,42,191,164,134,0,196,245,17,0
0,0,0,36,0,4,37,10,0,5,8,30,0,0,4,0,2,0,72,0,14,45,90,145,33,96,0,4,0,7,8,0
0,11,33,5,0,17,4,0,4,0,13,12,22,0,11,28,0,0,0,0,17,33,0,21,23,1,0,0,6,4,4,0
28,0,6,29,20,0,37,0,26,27,74,0,0,5,14,0,0,0,0,9,35,14,0,8,0,0,0,12,0,22,0,0
36,0,0,12,0,0,10,0,5,1,5,1,0,0,3,36,27,17,48,65,192,36,8,1,10,0,18,0,0,0,0,5
2,17,8,37,39,0,5,0,6,49,167,23,0,0,12,1,0,0,30,112,171,42,41,11,8,23,0,0,0,23,2,14
0,18,3,21,0,0,0,10,108,158,55,158,0,0,0,0,0,0,95,126,0,8,37,3,0,1,0,0,1,0,0,22
0,38,7,0,0,61,0,53,112,210,187,61,13,45,7,0,0,5,13,42,26,0,13,7,0,0,0,2,0,35,9,0
0,1,8,0,4,0,0,0,0,14,0,0,0,30,0,0,54,6,0,16,22,24,32,0,0,0,16,0,0,0,31,0
41,0,34,0,16,14,17,24,20,0,0,0,11,0,0,0,16,13,29,0,29,0,29,0,16,6,0,0,0,13,0,8
0,9,0,0,0,0,14,0,86,85,19,13,0,0,0,0,0,31,0,0,0,0,5,6,0,2,19,0,21,0,21,36
12,0,0,0,16,11,0,36,182,20,0,17,0,0,5,9,0,7,10,18,40,17,6,29,0,0,10,0,0,0,0,3
0,0,17,0,4,8,4,2,153,4,0,24,0,0,22,6,0,0,0,58,74,0,0,6,4,2,55,3,1,19,29,33
0,20,0,0,0,26,18,0,87,12,34,0,0,0,0,16,5,78,184,118,37,0,0,29,0,0,0,0,0,57,6,0
0,0,29,17,0,0,30,13,186,14,0,0,0,1,0,0,15,106,70,20,114,2,25,0,0,0,26,14,0,13,2,21
0,7,0,1,0,0,16,6,215,3,0,0,16,6,3,0,109,9,230,41,19,0,2,0,4,0,28,178,202,12,0,1
33,35,0,15,8,0,13,1,27,14,0,20,4,11,26,22,0,151,1,0,14,38,0,18,0,31,195,4,127,16,15,0
45,16,47,21,16,27,14,0,101,34,16,0,0,16,0,0,57,16,12,20,30,8,0,6,48,12,0,0,18,51,0,0
0,0,28,39,41,65,0,34,0,0,0,0,0,0,0,12,0,7,1,0,22,0,22,32,5,0,0,0,0,17,0,0
41,80,29,81,49,63,0,40,195,92,0,0,0,3,59,0,0,4,14,0,0,1,0,7,0,5,23,28,0,22,14,0
189,62,0,0,52,72,0,181,133,0,3,2,19,0,16,6,0,0,69,1,6,15,0,16,3,0,0,0,0,0,1,78
0,15,31,65,0,0,16,0,57,96,0,11,0,0,0,35,9,0,21,4,16,16,0,14,0,21,0,0,65,51,28,34
53,49,41,3,60,0,42,162,172,0,12,21,0,2,0,49,0,6,0,0,0,16,0,61,6,62,157,11,30,45,170,0
0,0,0,0,0,30,0,61,0,79,0,0,0,0,26,0,44,0,32,0,0,0,0,83,7,97,23,9,71,53,42,22
0,16,6,3,0,8,92,0,22,0,0,0,0,0,0,15,0,0,6,25,13,30,26,42,39,9,65,20,51,29,109,68
0,0,0,21,0,0,19,38,103,0,32,30,18,0,0,17,0,18,2,0,10,11,33,11,123,92,17,38,48,18,0,94
0,20,5,0,0,0,0,25,0,0,19,26,64,0,25,0,30,4,0,0,0,12,21,0,26,0,101,107,0,3,114,0
0,24,14,37,9,19,36,50,2,0,19,20,0,0,4,61,23,15,0,3,73,160,185,0,0,10,0,27,55,4,58,47
0,2,0,19,10,8,13,23,11,0,17,0,17,14,0,0,0,0,8,23,158,39,59,11,7,40,0,22,67,0,0,51
0,19,16,0,22,40,0,0,0,43,112,104,22,148,0,0,2,60,0,52,39,168,34,41,11,1,0,8,27,0,22,28
0,6,48,26,0,33,0,0,0,165,231,207,237,231,248,0,2,0,0,0,135,142,0,0,21,0,0,13,31,6,26,0
16,0,0,0,21,16,2,10,0,77,243,242,208,241,0,51,0,23,0,0,0,5,2,0,0,3,4,0,17,0,0,9
0,0,0,3,0,0,0,11,3,43,126,178,84,0,0,0,0,0,0,6,0,0,0,11,18,3,5,0,11,11,33,0
0,14,41,0,0,11,0,11,0,15,87,107,122,0,46,0,0,37,0,0,0,0,0,2,0,16,0,2,0,8,0,0
0,24,0,20,30,6,0,9,0,120,7,22,0,43,0,0,11,0,27,9,0,0,0,17,0,0,18,0,37,40,0,0
40,0,0,0,32,28,36,9,0,19,0,168,0,0,0,44,0,9,25,0,25,7,0,4,18,0,34,0,9,27,7,39
0,14,0,9,0,0,34,1,0,19,25,18,24,11,0,0,4,12,4,23,3,4,0,7,0,7,29,11,4,7,21,0
41,24,0,0,11,19,0,12,0,38,45,0,0,29,0,0,0,0,0,22,0,0,12,0,8,8,5,0,23,11,0,0
16,8,10,3,8,12,11,0,17,51,109,0,0,35,0,0,0,3,15,5,20,0,60,26,9,25,0,0,0,32,0,0
24,0,22,0,26,20,26,0,17,0,94,45,4,0,0,0,0,3,8,13,11,0,14,9,0,0,1,16,5,3,0,14
0,0,14,0,0,63,16,36,4,9,0,3,17,78,57,5,4,1,4,5,23,0,29,0,0,92,6,0,0,27,0,14
0,0,0,29,0,112,0,49,18,0,16,0,0,33,15,0,0,11,0,52,10,0,15,51,162,208,8,9,0,23,0,16
74,1,2,0,11,193,13,0,2,0,34,0,0,63,0,1,0,0,0,0,0,18,9,149,134,9,6,8,57,12,54,0
0,0,0,0,1,207,18,23,7,0,0,0,137,13,0,0,0,29,10,0,3,88,98,0,0,3,6,41,0,0,16,0
9,14,0,0,0,156,5,18,28,0,30,16,0,0,35,87,0,3,4,0,8,23,6,0,7,0,0,9,0,0,3,17
0,0,0,0,9,0,31,0,2,22,0,0,31,20,11,29,13,20,28,0,48,16,0,0,0,0,5,14,14,22,0,10
21,25,0,4,0,0,0,0,0,0,0,0,37,0,0,0,11,0,0,19,2,0,0,5,0,37,35,1,8,30,20,0
4,0,0,49,7,0,0,0,51,0,0,6,8,0,20,15,24,32,0,5,5,0,0,2,0,11,215,201,5,0,15,0
220,26,0,0,41,194,72,4,18,0,0,0,16,0,0,19,0,14,0,16,29,17,48,19,125,136,163,227,49,6,15,11
52,0,0,23,82,141,118,98,11,0,0,24,0,0,0,7,0,0,0,21,0,9,49,56,62,9,38,89,59,0,14,26
253,0,0,7,99,146,11,80,57,0,21,43,0,0,0,29,0,17,0,0,17,12,2,50,3,16,0,51,45,43,0,0
86,15,0,37,209,133,25,23,43,0,33,179,80,3,25,0,0,0,13,1,29,0,0,8,154,99,200,22,40,31,0,19
9,0,45,186,28,219,20,0,45,0,18,0,12,0,0,0,46,0,0,0,0,0,22,0,28,54,76,47,50,49,29,39
64,0,14,192,0,5,0,67,7,0,0,16,3,9,0,11,0,0,0,15,7,0,50,22,13,48,63,87,40,9,0,25
0,0,212,51,89,22,44,40,13,0,0,0,0,0,0,24,0,0,0,0,2,44,27,14,0,0,94,19,59,8,0,82
24,24,83,0,1,12,0,0,0,0,0,0,0,0,0,18,0,0,29,0,8,0,9,0,29,21,40,27,94,3,14,7
0,0,0,3,0,26,12,0,8,1,0,20,2,3,0,41,0,39,214,95,0,0,31,0,0,19,57,10,23,97,56,2
0,5,0,0,0,13,17,0,0,52,0,0,5,1,10,0,0,178,130,140,28,14,14,26,0,61,5,0,21,60,10,47
0,46,0,39,0,0,0,33,19,111,110,142,0,14,0,0,0,0,29,61,28,64,34,0,27,16,29,23,0,0,13,11
0,24,0,0,12,0,75,88,128,65,112,43,14,0,4,36,0,0,0,29,8,16,57,0,0,0,0,0,44,0,9,0
0,17,2,16,8,12,60,73,207,220,253,83,0,16,42,0,14,14,3,2,8,47,11,16,0,44,33,0,29,3,18,8
0,25,19,0,5,11,69,66,156,213,174,131,0,20,0,0,16,7,19,21,0,5,36,1,0,0,0,0,0,24,0,0
5,0,48,37,0,0,0,126,113,130,39,15,74,52,61,0,5,0,6,35,0,12,0,0,0,5,49,9,11,0,0,23
52,0,0,38,54,0,0,0,0,0,0,34,0,40,38,0,9,4,36,44,28,0,21,0,0,27,44,0,0,0,0,0
0,0,2,0,54,5,27,0,2,0,48,30,21,24,0,26,0,17,0,22,0,0,0,0,0,17,61,48,0,0,0,56
0,19,0,7,13,0,0,5,46,59,84,0,48,16,24,22,40,0,0,38,0,0,12,0,15,0,37,0,0,54,0,0
0,9,23,0,0,7,25,48,8,0,0,46,0,0,0,4,10,0,11,17,0,2,0,0,0,2,0,1,0,0,0,32
0,2,0,26,13,22,0,0,0,0,0,54,1,10,0,14,0,4,11,0,2,16,16,8,0,0,9,0,12,30,4,9
0,0,0,44,10,9,0,0,1,0,1,7,0,7,0,12,0,0,0,0,34,8,0,0,32,0,0,0,7,6,19,23
43,9,0,0,20,0,31,0,0,49,0,8,12,23,0,41,18,5,10,13,10,0,10,0,0,0,22,9,2,29,20,0
28,0,16,16,8,9,0,0,0,49,0,0,0,28,9,0,9,27,0,0,0,0,0,21,0,0,0,0,0,36,0,10
70,0,1,13,0,18,0,46,0,0,5,4,8,40,1,30,22,9,28,16,4,12,2,0,0,10,0,39,0,0,0,0
0,34,43,8,34,16,32,0,2,46,0,0,0,25,9,0,0,13,1,27,23,9,0,2,0,0,7,0,20,49,24,0
0,7,0,27,52,17,37,161,8,0,0,7,3,35,0,59,129,77,12,14,0,0,0,0,4,26,0,16,31,1,0,0
0,25,8,2,0,35,188,13,29,0,39,0,36,0,42,253,61,70,68,0,29,0,1,0,26,0,0,0,3,0,36,12
0,8,0,0,33,73,44,0,0,0,45,0,35,0,25,190,0,20,21,0,19,0,0,3,20,0,0,0,10,0,21,7
0,0,0,30,0,92,0,0,0,28,0,0,0,41,0,37,0,0,4,0,7,0,0,0,6,34,0,0,0,28,0,38
0,0,0,14,18,5,0,21,0,0,0,0,0,3,13,0,17,0,1,34,0,23,4,0,2,0,0,0,2,6,0,0
0,0,0,4,0,0,0,5,56,35,0,23,0,8,0,9,0,0,0,0,5,20,5,5,24,0,31,0,0,3,4,0
0,7,0,13,0,0,19,0,0,0,51,6,7,0,18,0,14,0,73,60,117,101,0,0,46,20,14,31,27,0,9,27
0,0,0,0,9,0,12,3,2,34,0,0,0,5,0,0,0,161,177,220,20,40,23,30,1,36,9,0,0,7,0,40
92,0,54,26,31,22,0,0,0,14,0,0,0,26,4,0,106,242,128,24,8,5,0,3,50,0,0,38,70,0,13,10
44,46,28,0,0,37,6,0,19,16,0,0,0,21,40,185,48,0,12,0,20,37,27,37,19,38,0,0,53,0,7,11
23,8,19,15,14,0,16,8,1,0,0,64,9,0,41,39,33,7,33,0,13,39,0,0,66,114,53,8,70,0,0,62
0,0,5,0,0,0,28,14,0,0,0,0,60,23,0,0,14,0,0,0,0,0,33,0,13,19,77,16,71,60,0,39
82,0,0,52,38,60,20,8,0,17,18,32,13,31,0,0,0,0,2,0,5,14,5,67,40,0,68,29,101,11,0,6
70,0,8,127,116,66,0,0,0,0,0,2,29,0,42,0,2,29,0,32,0,0,2,0,29,0,117,11,25,26,0,0
29,0,0,17,120,43,0,14,0,0,19,18,16,9,19,0,0,22,14,5,0,0,32,0,21,40,26,24,33,0,0,11
0,13,16,19,40,0,17,0,2,34,21,1,27,44,40,0,0,0,63,8,0,51,0,24,0,0,64,62,17,49,50,0
55,19,36,1,0,0,0,0,10,0,16,6,73,0,89,0,73,17,37,0,0,4,0,1,14,19,37,4,48,0,19,0
76,0,14,0,0,13,0,0,0,0,27,227,139,70,0,6,6,4,4,7,16,25,25,9,0,8,38,5,0,8,0,1
62,19,6,0,82,22,102,0,0,61,34,78,16,0,0,16,0,40,0,0,0,17,7,6,0,17,0,4,32,0,17,0
80,17,40,0,42,17,32,56,12,118,199,90,2,71,0,0,23,0,8,7,0,16,0,0,5,0,0,61,23,0,33,0
1,0,63,29,13,113,87,63,41,102,18,0,0,2,0,3,0,5,2,0,0,0,5,15,0,0,44,0,8,0,0,0
20,147,86,4,212,122,120,46,25,0,0,20,0,21,16,16,1,0,7,13,0,6,27,29,0,0,0,12,0,19,0,0
56,39,227,206,66,0,0,0,0,11,53,29,0,0,30,31,0,14,34,0,24,0,0,37,0,0,0,0,0,0,0,9
0,121,116,218,151,0,0,3,0,18,53,33,30,37,8,0,33,0,0,15,0,16,0,43,0,0,0,8,40,0,37,0
0,100,110,206,102,36,0,0,0,19,44,0,79,27,1,11,0,9,0,0,0,0,0,0,31,0,48,0,23,6,35,0
0,0,6,32,27,0,2,0,0,1,74,27,0,0,0,0,0,0,0,0,0,20,0,9,0,5,0,7,32,0,42,8
39,22,1,33,10,11,0,40,25,0,84,0,8,0,34,64,10,26,0,34,0,0,0,26,0,2,0,5,0,0,9,0
0,4,28,0,0,0,12,4,13,0,20,73,21,0,0,23,0,0,0,3,0,0,0,0,24,0,14,12,49,0,14,0
31,0,0,15,0,2,0,10,0,14,29,0,38,2,3,0,4,11,0,0,0,0,0,0,31,12,2,18,0,40,0,0
0,0,0,0,16,16,18,6,3,4,0,38,2,0,6,36,0,0,10,0,22,12,12,8,19,1,0,0,0,0,0,18
0,0,0,0,7,0,0,11,15,14,19,6,0,0,0,0,0,0,3,0,21,25,19,16,0,11,0,0,34,0,37,1
0,0,0,24,10,54,9,0,0,0,0,5,0,12,17,46,31,8,3,0,5,17,27,1,0,0,23,15,0,29,21,0
31,0,24,43,0,8,0,0,0,0,28,20,48,0,17,9,54,0,0,5,32,14,0,10,0,10,21,9,0,6,0,29
0,0,24,0,20,16,0,0,26,0,26,64,23,0,18,0,34,0,33,21,32,0,73,0,17,3,12,0,0,0,0,0
0,0,8,2,0,0,78,0,26,0,2,10,15,2,30,0,37,8,0,0,0,0,0,17,0,0,30,17,0,0,40,0
0,0,0,0,35,81,132,8,0,14,17,8,19,0,0,0,12,0,20,0,3,40,0,8,0,27,0,17,21,29,12,39
0,0,24,42,0,40,32,0,0,0,0,79,41,30,14,14,0,51,0,0,0,22,0,0,4,0,0,0,0,27,0,16
0,0,14,47,0,0,0,52,4,0,90,35,106,37,18,0,0,0,2,3,21,34,37,0,33,0,0,42,0,0,0,0
3,0,15,0,3,69,0,15,6,0,0,0,4,97,88,0,21,4,39,0,0,0,21,0,5,0,0,63,6,0,35,15
49,0,25,29,125,3,0,14,0,0,0,0,96,125,8,0,0,0,48,4,0,53,0,42,0,13,0,0,12,0,3,14
0,0,33,16,80,0,0,0,0,0,13,19,78,26,8,30,0,0,26,0,36,13,20,0,0,0,54,19,28,0,54,36
0,1,0,155,197,0,0,30,59,22,3,0,9,38,36,0,0,0,0,0,0,0,16,0,40,10,42,45,82,0,34,0
5,20,30,81,10,16,0,0,0,0,13,0,7,6,20,31,3,0,8,0,0,0,0,0,44,39,28,15,2,0,0,15
11,0,0,204,27,0,0,0,0,13,71,18,0,7,0,6,0,39,10,0,0,6,8,0,38,58,24,63,31,0,0,45
43,0,25,15,21,5,0,0,0,0,18,15,23,0,23,23,109,0,18,0,0,30,0,0,0,2,35,72,50,0,34,52
53,0,0,0,0,6,11,8,37,0,41,42,56,0,21,15,186,115,100,29,2,0,0,0,17,4,16,54,52,0,0,0
0,0,28,0,5,13,0,16,0,13,0,0,19,0,17,14,32,214,61,51,0,0,15,16,0,0,33,14,33,0,0,0
12,0,0,30,51,17,14,8,12,0,1,13,0,9,7,39,154,177,84,0,0,0,0,28,0,11,4,20,30,48,64,13
0,5,6,2,32,15,0,5,0,0,0,17,55,41,134,161,192,0,21,29,32,0,38,17,25,8,38,0,17,45,6,59
19,0,32,0,6,0,33,43,0,0,0,38,0,2,113,185,80,33,26,0,0,1,1,1,0,0,0,0,0,29,0,0
0,0,0,0,85,0,34,0,0,0,22,16,106,210,189,22,0,6,6,8,0,0,1,3,36,24,0,0,42,0,0,73
82,11,26,0,0,0,21,0,29,0,0,47,109,247,2,8,44,23,8,0,37,33,27,0,0,0,0,13,0,0,14,27
22,43,0,11,35,93,0,13,0,31,6,0,0,39,9,44,0,0,4,0,0,0,4,16,35,0,0,0,9,0,0,30
39,0,17,4,8,19,27,23,34,8,33,0,0,63,0,0,11,0,9,32,0,0,0,10,0,0,0,0,0,40,0,26
98,0,45,0,18,11,0,3,0,3,37,2,15,0,0,3,0,1,0,0,0,0,0,0,0,0,14,1,22,1,0,0
0,0,0,21,0,15,24,12,0,68,66,145,86,51,31,24,3,13,15,17,16,9,0,2,6,0,0,0,0,6,0,0
143,0,7,6,34,0,34,25,13,1,74,196,140,109,0,0,7,4,22,17,0,0,0,23,0,0,12,26,0,0,0,0
0,0,73,181,0,4,1,0,0,0,33,28,157,0,34,23,29,0,0,0,0,42,3,0,16,0,0,0,0,0,0,24
0,22,56,40,0,0,0,2,32,0,24,65,0,0,0,30,0,0,16,0,44,9,33,9,21,0,27,0,0,7,0,0
0,121,36,225,108,13,0,0,18,33,0,0,0,19,16,0,0,5,0,0,0,17,0,26,8,12,0,0,0,36,23,25
0,65,81,180,152,96,23,0,22,0,26,0,30,38,0,0,0,12,6,7,1,24,0,8,23,0,21,0,0,2,0,27
0,7,119,136,32,156,127,28,16,0,34,12,8,0,8,22,0,0,0,0,0,36,0,5,14,0,37,0,0,0,0,0
0,1,98,44,188,149,98,37,80,0,24,14,28,9,3,0,0,26,7,0,28,0,29,6,17,0,27,0,0,0,6,20
