0,0,0,9,0,0,1,22,0,29,57,0,0,3,10,26,0,0,3,0,11,23,46,0,0,0,0,2,3,0,0,12
39,5,0,0,37,0,16,5,0,0,0,16,0,0,0,0,12,0,0,20,0,0,0,0,0,0,0,9,5,0,0,3
16,27,0,0,2,0,2,39,0,0,9,0,0,0,0,0,1,0,0,0,1,1,0,6,1,26,0,0,0,45,6,0
38,26,7,0,25,31,3,0,16,0,7,22,0,0,22,0,0,21,0,18,10,0,5,8,0,0,0,0,1,0,14,3
20,41,54,0,6,20,26,0,7,0,0,14,0,11,0,0,47,1,82,12,10,0,0,12,2,2,0,22,2,0,13,0
0,0,12,0,0,39,0,0,8,3,0,53,0,74,0,16,2,25,31,0,10,0,18,4,8,0,0,17,8,0,3,0
0,0,21,0,16,0,0,46,60,0,144,22,203,0,10,0,0,0,12,12,80,0,33,19,0,16,37,12,22,0,5,11
0,50,65,25,0,2,0,16,26,79,72,0,116,38,18,0,0,4,0,4,0,2,1,20,7,0,0,9,17,20,0,0
0,157,91,12,43,18,44,0,16,46,22,84,47,5,43,0,25,27,11,0,43,0,0,7,0,2,0,0,0,16,18,2
75,3,50,6,3,11,12,28,87,9,0,7,24,0,27,3,43,0,28,0,189,206,0,0,41,0,17,24,7,0,10,0
106,44,50,96,84,29,0,0,28,45,74,71,17,0,0,40,0,14,0,86,32,247,0,17,0,20,0,63,71,0,8,8
81,81,71,78,28,16,0,5,14,0,78,185,15,0,31,30,5,4,28,0,102,18,1,2,0,0,94,34,13,1,3,13
230,59,38,162,154,0,0,63,0,0,16,28,63,0,23,0,0,18,95,63,0,0,0,0,14,76,29,33,52,0,41,12
157,73,18,65,53,31,26,0,29,4,45,25,13,11,0,0,0,0,12,9,0,0,33,17,0,16,20,0,8,26,6,0
63,72,14,16,55,4,12,0,12,0,0,14,0,1,0,5,9,16,11,0,0,5,0,0,0,39,0,0,3,32,0,63
31,0,0,52,0,0,40,17,0,0,2,0,0,0,0,26,13,0,0,30,31,0,36,0,0,7,26,18,21,0,18,87
10,0,0,0,46,93,0,0,0,0,48,0,48,0,22,29,0,0,0,20,7,0,20,4,41,23,41,0,60,0,26,0
30,13,0,24,156,187,237,41,27,0,5,28,0,0,1,18,0,0,9,13,15,29,80,0,46,0,118,101,13,0,0,54
59,82,91,15,81,175,106,70,16,0,11,0,45,24,0,26,52,0,5,0,31,46,12,0,15,226,14,164,32,0,5,24
1,0,0,183,87,102,158,65,109,0,0,0,9,0,2,0,61,59,48,116,30,43,123,162,146,2,82,9,0,0,31,19
102,0,0,0,50,2,0,12,0,0,0,66,83,40,0,29,34,11,67,57,71,229,111,56,5,23,0,0,0,4,0,33
59,0,58,22,24,0,25,30,0,0,0,16,118,6,0,45,0,0,31,9,134,147,35,11,14,0,0,0,0,0,0,11
0,0,20,10,14,6,10,0,12,19,0,29,0,0,18,0,11,0,0,0,5,9,10,6,0,18,6,2,22,0,0,19
0,0,26,0,0,0,0,0,25,0,11,0,0,0,4,0,0,5,0,0,2,35,20,0,13,0,8,20,18,0,0,0
0,0,2,16,0,8,0,39,42,0,0,53,25,1,19,31,4,38,17,0,14,170,0,41,0,23,46,73,17,0,0,51
0,0,0,27,0,3,0,0,0,24,0,0,0,6,10,14,5,46,149,204,33,194,0,24,18,0,33,0,23,15,10,0
0,0,0,18,24,0,0,59,34,105,108,0,0,6,0,0,0,21,2,213,0,15,19,0,6,0,1,0,0,38,7,20
0,52,0,0,14,0,16,60,68,100,69,10,0,0,0,6,0,11,21,0,0,0,0,0,0,0,0,5,8,0,0,0
0,26,4,55,19,0,30,96,155,176,97,20,206,0,52,61,0,0,24,0,0,43,0,17,0,10,30,0,73,1,25,0
0,0,12,37,32,25,46,235,156,112,73,176,208,0,34,12,6,24,0,0,2,1,40,0,12,0,0,35,0,0,0,0
0,0,28,0,38,113,192,50,12,252,78,57,0,14,0,0,0,0,68,0,0,0,0,28,31,0,10,14,0,0,35,20
0,5,0,0,14,0,0,56,0,38,0,16,0,1,0,24,2,0,6,3,0,5,29,0,2,22,14,0,0,0,0,0
0,0,1,0,0,30,8,37,31,0,0,0,23,12,3,9,0,20,58,0,0,1,0,21,0,4,0,14,13,0,12,5
0,10,0,0,0,23,0,106,9,4,14,0,11,15,12,35,8,59,221,0,1,0,0,0,3,0,0,21,6,0,24,0
0,0,9,18,0,0,8,63,13,3,11,0,0,5,5,19,0,0,69,5,0,37,0,0,18,0,2,5,0,0,0,59
0,0,0,0,0,0,0,53,112,8,1,18,0,0,0,0,244,10,8,28,0,6,6,0,0,6,0,42,0,11,22,12
3,0,10,0,0,12,71,161,64,0,0,0,10,0,8,170,21,0,0,0,5,17,0,9,11,58,204,18,0,0,9,0
29,0,0,3,42,12,56,209,141,0,6,49,3,0,4,94,77,10,0,0,0,31,32,2,34,168,207,0,0,16,0,50
0,26,24,6,36,45,103,8,17,8,67,0,0,0,20,95,19,37,0,9,8,0,35,122,55,13,18,0,0,7,0,0
0,1,47,0,26,0,28,57,53,0,0,7,0,24,8,0,10,24,2,0,0,0,9,0,4,26,33,14,27,0,0,0
35,59,80,0,48,20,0,26,0,18,0,37,0,19,13,0,28,0,49,0,0,0,0,44,19,16,0,57,2,0,0,20
0,5,20,2,41,3,5,24,118,0,75,51,0,0,0,20,4,0,0,0,5,14,0,0,23,45,3,0,36,56,10,0
64,69,84,1,86,1,0,33,76,30,63,39,59,0,0,0,0,25,48,0,36,0,46,0,55,32,37,0,1,0,50,46
0,0,100,25,58,0,0,54,34,239,31,11,0,20,0,36,0,0,36,0,0,13,0,10,31,0,63,0,0,160,150,61
64,40,0,57,0,12,0,74,236,0,39,0,0,6,112,52,1,0,19,0,0,0,0,0,144,235,65,3,0,115,130,31
0,61,28,0,0,0,53,87,0,6,0,0,4,0,6,0,0,0,0,0,39,0,95,26,0,98,82,55,34,64,170,65
105,34,10,55,0,0,0,149,61,14,22,3,0,15,0,0,23,1,0,8,4,28,0,69,0,5,183,10,84,0,83,34
0,10,0,12,28,0,45,7,53,87,0,21,2,20,4,0,0,0,2,26,24,23,15,0,50,144,40,91,44,0,0,0
0,15,0,0,9,0,53,0,0,3,0,5,0,11,0,0,0,16,0,0,4,9,21,0,2,16,79,38,0,79,42,18
0,0,46,20,0,10,0,0,22,0,0,0,0,0,43,0,27,18,16,3,14,221,133,211,25,73,30,19,23,6,1,74
0,2,64,2,12,78,61,0,29,0,31,1,53,0,0,29,0,0,0,8,36,91,76,57,33,20,7,0,44,7,0,45
68,4,50,107,56,31,37,31,0,2,20,110,122,185,66,0,33,14,26,0,0,30,200,130,0,8,0,0,0,23,12,53
0,5,41,5,48,9,0,0,26,1,187,35,253,48,38,0,0,31,14,0,9,48,5,36,0,0,13,0,23,4,24,46
0,5,0,0,1,26,16,0,0,0,183,52,163,66,183,8,48,4,14,0,4,98,4,0,0,0,61,0,0,0,33,24
0,1,25,5,21,0,24,0,19,12,72,106,91,180,109,0,0,0,18,20,2,6,0,0,0,0,0,7,0,27,0,0
25,3,14,7,0,0,0,16,31,0,49,45,99,83,24,0,31,0,35,6,30,23,0,5,7,0,0,7,0,0,0,1
0,0,0,16,0,0,0,21,0,40,78,118,29,48,31,0,3,13,0,0,3,0,0,1,4,0,0,20,16,0,20,0
0,3,0,0,17,0,0,0,0,68,27,46,50,59,0,5,0,5,27,20,12,22,0,0,18,11,16,12,3,10,3,39
0,0,2,42,0,0,0,32,0,117,97,55,32,10,6,36,0,0,2,0,0,19,17,0,0,0,0,0,0,0,0,45
0,15,0,8,2,0,9,0,34,5,22,11,15,3,7,4,19,0,54,0,47,12,46,0,23,0,0,0,0,10,0,23
0,0,47,0,4,29,16,17,20,27,3,11,6,0,0,0,0,0,0,0,0,11,0,0,3,0,8,0,0,4,0,0
21,24,0,16,28,81,0,27,38,0,45,39,0,11,0,0,2,19,0,0,0,0,0,5,0,0,0,0,4,7,0,0
0,0,20,0,0,0,1,71,0,0,3,9,9,0,3,10,0,0,0,0,0,25,0,0,5,0,31,39,19,0,0,0
38,0,0,0,0,1,2,5,0,0,30,23,18,0,0,21,0,1,14,0,20,3,5,0,5,0,0,7,0,35,0,0
122,6,0,0,231,0,0,36,0,0,0,10,29,0,0,0,0,0,0,15,118,51,55,35,13,13,23,0,0,8,0,0
45,26,0,4,211,33,0,0,0,1,0,0,21,0,27,16,4,0,23,39,42,0,112,15,0,0,0,3,0,1,0,0
0,11,0,29,90,0,0,24,2,2,0,0,11,13,2,0,0,0,0,10,38,28,0,26,0,24,12,29,0,9,5,0
0,10,39,0,0,6,28,2,4,1,20,0,2,0,7,0,0,0,18,0,7,0,0,0,0,0,14,141,15,5,0,13
89,0,0,0,0,99,0,27,27,0,29,33,31,0,1,3,0,5,0,0,0,23,0,0,8,213,73,169,50,0,15,0
112,0,5,0,253,82,41,0,3,18,23,1,0,3,0,0,0,0,0,27,0,0,0,97,46,203,152,0,11,0,11,14
144,28,0,93,116,202,175,5,12,25,0,57,0,0,0,34,0,0,0,0,0,14,87,32,171,9,53,0,0,55,0,8
170,0,0,65,84,38,65,9,41,0,2,0,0,68,0,16,59,5,8,0,10,14,100,6,0,39,30,200,38,0,41,9
107,0,0,189,161,0,0,39,0,0,0,20,25,0,0,50,0,0,0,0,1,22,24,65,71,49,163,87,68,0,29,9
34,25,0,0,103,62,46,8,17,0,2,26,0,0,0,0,0,0,24,0,52,5,30,34,23,24,0,53,135,3,48,0
0,0,14,23,149,69,0,0,5,0,0,4,0,22,0,0,0,9,0,0,48,0,59,17,0,89,0,0,41,23,3,0
76,47,99,77,0,28,14,26,0,0,0,0,0,0,0,0,2,0,2,37,0,0,49,0,137,77,156,26,50,25,0,26
113,30,47,64,0,24,0,0,9,2,0,0,0,0,0,0,0,2,228,253,146,0,0,9,1,24,34,17,112,32,48,58
11,0,3,17,0,0,0,0,43,0,11,12,0,0,0,70,0,89,234,91,69,6,17,1,22,0,18,61,4,33,22,73
0,35,0,49,0,13,0,0,3,0,37,0,0,0,28,0,30,17,9,35,0,0,7,0,10,0,78,0,43,1,0,0
0,9,5,0,11,0,5,85,35,78,29,59,0,14,0,0,35,9,0,0,5,41,0,11,85,23,41,16,17,4,0,99
0,9,25,42,0,0,38,89,119,121,9,152,45,0,0,0,0,0,0,0,0,21,0,0,33,0,82,24,58,43,0,19
15,0,35,49,0,10,107,239,6,32,97,140,71,23,11,25,0,19,0,0,0,43,62,12,63,16,3,0,43,44,17,53
41,2,11,16,23,5,6,194,95,108,41,179,39,12,2,34,0,0,25,9,14,17,10,26,0,2,0,5,0,3,0,14
0,13,6,0,5,16,56,129,162,195,39,82,45,23,0,0,1,7,0,0,0,20,16,97,18,0,34,7,0,22,0,13
9,13,0,29,4,0,0,0,0,0,0,7,0,126,4,0,27,0,0,14,25,0,0,2,15,0,38,31,0,0,6,16
0,34,3,0,0,8,3,35,13,0,0,67,24,41,0,0,0,12,0,7,12,0,10,4,54,0,5,10,32,0,34,0
0,17,0,35,1,0,40,5,77,0,67,41,81,62,0,50,0,0,0,0,10,12,0,0,8,9,0,39,0,24,0,28
16,0,11,0,0,40,0,0,5,3,56,69,0,14,0,19,0,0,21,0,0,3,0,0,6,0,29,8,17,12,37,0
0,0,42,32,0,0,1,48,0,5,64,139,0,16,25,0,0,18,19,25,6,0,16,0,6,23,0,0,0,0,0,16
0,14,9,0,0,0,1,17,0,43,5,0,4,46,0,0,10,0,8,25,32,6,13,0,0,0,0,0,0,37,3,0
0,13,0,20,0,0,0,0,4,5,27,6,0,16,0,9,4,0,23,0,0,0,10,28,7,21,36,8,0,0,0,0
16,3,17,0,0,16,9,0,14,0,26,9,17,0,16,7,3,0,0,14,2,26,10,0,0,0,7,28,0,0,0,46
0,5,10,10,0,7,1,13,57,25,8,0,39,12,7,0,22,7,0,0,0,0,0,41,16,0,0,0,17,49,8,0
18,14,16,0,72,68,21,40,0,2,0,0,4,39,35,0,80,0,29,51,28,0,0,1,30,4,46,1,37,20,30,0
0,9,0,7,9,0,16,0,0,0,0,17,7,43,0,0,0,37,0,25,0,0,15,21,0,0,51,0,32,0,0,30
8,29,0,25,26,0,0,0,0,16,0,0,0,5,7,0,0,0,0,26,15,0,17,0,0,0,0,0,0,5,0,0
4,5,30,31,0,145,62,12,0,0,3,0,0,88,16,8,0,0,0,4,0,10,0,0,12,0,22,26,11,0,1,5
0,0,0,0,31,159,0,0,9,0,8,0,206,33,3,0,7,9,0,10,0,0,0,1,0,1,9,0,0,0,0,23
0,0,17,4,61,168,0,46,22,0,58,51,44,0,10,1,0,0,19,30,0,28,0,27,0,0,0,0,0,0,2,0
0,4,20,29,29,66,29,0,19,0,0,0,12,16,0,0,10,0,5,0,19,6,0,0,32,0,0,43,24,0,0,21
0,0,0,0,0,0,0,68,0,0,0,62,23,0,26,44,0,0,0,159,235,26,67,40,3,32,36,0,9,0,11,29
62,0,14,0,23,0,0,25,0,0,0,0,0,0,48,0,18,1,210,15,112,0,45,56,8,161,20,0,0,21,0,0
12,0,7,0,0,3,0,45,28,19,0,0,0,0,0,0,16,222,179,38,2,11,4,57,190,0,7,22,0,4,9,70
0,10,7,18,0,11,18,0,0,37,0,0,0,26,4,16,108,50,0,17,2,42,47,2,0,30,0,76,13,0,0,7
0,0,0,0,0,0,0,24,29,0,25,41,13,0,0,35,0,0,11,0,14,0,33,0,47,47,174,62,35,0,51,0
3,67,4,0,3,0,0,0,20,5,27,0,41,2,51,0,8,19,0,0,0,0,3,23,13,19,47,0,71,84,53,3
248,45,3,13,0,5,24,0,0,12,52,16,0,72,54,0,0,0,14,0,0,0,0,77,8,61,39,138,67,0,6,11
202,0,5,15,5,0,0,0,10,0,10,0,3,24,0,0,0,0,12,0,0,11,0,0,4,85,33,1,41,5,9,0
134,0,0,7,0,0,6,66,21,0,45,0,0,0,0,0,0,46,19,8,11,23,2,0,54,5,73,88,126,0,0,1
0,0,0,12,0,0,0,15,0,0,0,0,0,0,0,0,0,4,0,8,0,0,16,0,0,17,0,80,58,22,0,31
0,3,4,0,8,34,0,6,46,8,36,0,34,0,51,12,17,0,0,0,20,18,50,0,0,0,70,0,43,0,0,0
12,0,0,0,0,0,23,18,0,0,0,6,0,112,45,22,18,5,3,0,64,13,30,51,13,12,0,35,20,0,9,0
140,10,19,8,7,11,99,0,9,13,0,0,0,59,57,9,35,7,0,0,0,27,2,8,60,0,75,41,0,6,48,0
58,3,0,27,0,0,118,63,142,35,0,116,180,33,10,0,0,13,0,0,0,0,27,4,34,38,1,12,17,9,0,47
161,9,8,13,37,55,64,63,75,42,16,170,191,37,0,4,16,0,24,5,0,4,15,17,6,9,15,37,0,0,3,0
146,0,49,51,142,166,114,158,17,34,0,85,71,16,0,0,50,0,67,73,0,0,28,162,4,0,11,0,0,0,21,0
1,0,0,209,123,227,55,0,17,64,26,38,40,0,11,36,0,0,0,0,0,19,0,5,19,3,0,24,0,4,0,15
110,30,69,120,183,255,121,92,0,26,0,0,0,37,21,0,27,0,30,6,17,0,0,0,0,0,15,23,3,0,24,0
102,8,57,84,139,45,135,16,0,16,0,14,2,44,41,0,0,0,32,27,17,0,28,10,10,3,13,7,9,14,0,8
64,8,116,25,77,223,113,157,31,36,0,0,0,42,0,0,0,17,4,40,0,44,65,0,0,0,17,0,0,8,22,0
0,22,7,170,52,108,155,82,5,7,15,46,0,22,0,0,15,39,32,0,0,0,0,21,0,17,2,0,7,0,0,0
0,0,0,16,107,163,55,0,36,0,55,33,31,0,0,0,14,2,41,0,1,0,0,0,0,0,0,0,0,0,0,51
0,0,65,0,0,2,0,0,2,0,5,0,26,0,7,4,0,0,8,0,0,0,0,5,0,0,8,3,0,0,17,6
0,36,15,37,6,8,2,0,17,29,30,0,0,0,0,8,0,0,38,0,0,36,56,0,26,20,0,0,0,0,3,0
36,0,0,36,0,0,27,0,0,6,32,5,9,0,0,1,0,0,0,30,0,27,0,0,39,31,0,0,0,0,0,13
19,4,1,36,0,57,0,34,0,0,52,51,4,0,0,55,7,6,0,5,12,0,0,0,6,19,7,21,0,0,0,23
0,0,10,20,14,13,0,29,2,0,7,0,14,0,0,0,6,19,0,0,1,16,1,11,1,8,0,17,0,10,0,0
33,17,5,0,19,0,2,0,23,19,37,2,0,23,0,0,17,0,0,0,6,22,27,0,12,4,0,25,0,0,0,21
0,0,29,0,0,0,0,41,0,0,0,49,0,18,3,34,0,0,9,23,56,0,28,0,12,33,0,0,11,0,0,1
9,0,0,0,0,2,0,1,0,23,0,0,0,17,34,0,12,0,4,0,0,0,0,0,0,0,0,0,11,0,0,26
0,0,17,0,45,108,154,3,0,12,23,22,0,51,0,0,0,0,4,3,2,6,1,7,0,14,0,0,30,0,2,0
1,2,0,0,150,12,49,21,21,21,38,50,46,16,13,0,4,15,0,0,0,0,0,6,0,0,14,6,0,0,16,0
23,17,0,0,29,64,227,16,0,0,0,0,0,76,10,0,0,9,23,0,24,0,0,0,0,0,25,24,0,9,43,0
7,3,45,35,66,90,86,32,0,0,0,0,23,125,23,12,13,1,11,1,6,0,3,22,36,0,0,53,0,0,0,22
0,0,0,12,0,85,63,0,0,0,20,19,50,40,189,187,5,0,0,20,0,0,13,0,72,9,48,48,5,1,14,0
0,19,12,3,0,19,71,0,1,36,13,17,13,0,41,30,50,8,59,0,0,0,2,0,5,20,5,41,43,2,0,45
88,0,0,0,0,57,112,0,26,0,29,8,17,0,29,203,0,0,0,0,0,28,0,0,12,28,10,42,0,30,0,34
0,0,0,0,0,36,182,0,16,2,0,16,0,19,0,8,18,0,6,11,31,12,35,2,22,3,35,0,56,19,27,13
84,0,0,5,0,72,37,0,0,2,21,0,0,0,66,6,5,0,0,8,0,25,18,0,21,55,29,25,37,9,0,42
125,11,5,13,0,25,187,26,0,0,0,0,0,0,0,0,16,6,8,42,0,0,0,0,14,85,89,0,35,0,0,70
185,46,0,40,0,3,76,31,11,0,20,0,0,0,0,0,0,0,34,0,0,0,41,9,22,32,24,42,3,58,6,72
181,50,16,48,16,0,112,15,30,0,14,0,0,14,0,0,18,0,26,59,32,0,0,0,0,0,0,37,68,4,0,28
0,159,37,35,6,22,0,0,26,0,0,0,35,0,0,6,0,5,10,80,65,36,0,3,0,1,3,21,16,6,27,68
65,82,0,13,5,0,22,32,0,0,0,10,27,0,0,6,0,18,91,108,251,61,9,13,47,0,0,32,11,7,1,2
4,0,0,18,14,0,0,0,0,20,1,0,29,43,45,0,191,27,0,6,121,25,0,47,11,0,1,0,11,76,6,18
39,18,0,23,0,0,0,20,0,0,0,9,0,0,17,52,26,81,64,13,0,0,0,0,26,1,0,0,6,38,0,21
4,39,17,32,0,3,0,0,1,5,0,0,0,38,57,87,21,25,130,60,0,0,0,0,2,0,0,0,27,0,7,7
0,212,124,111,2,0,0,0,28,16,0,0,24,9,0,39,70,189,107,123,26,17,22,22,0,0,32,0,0,8,0,12
0,111,120,63,1,13,10,1,0,13,0,49,6,27,0,21,51,204,82,33,0,0,8,17,4,0,40,0,5,32,23,0
82,22,80,53,46,0,0,27,25,0,7,65,0,22,21,0,33,48,12,3,21,0,29,0,1,7,0,5,5,14,43,10
30,13,16,31,0,0,0,49,11,13,36,13,83,0,0,0,0,0,34,0,29,32,0,0,0,0,0,34,0,0,4,0
0,0,0,0,1,0,1,0,18,0,0,87,71,39,22,0,0,3,0,3,0,0,18,7,2,0,0,0,2,20,0,0
0,55,17,0,69,3,0,0,5,0,0,64,35,0,0,0,0,19,10,0,0,32,0,26,0,4,38,16,34,0,25,14
20,0,8,36,0,0,0,86,0,0,0,36,128,102,13,0,0,6,0,0,0,6,0,0,52,0,71,27,1,7,0,0
0,10,0,24,17,0,13,0,0,0,11,0,9,105,26,27,0,4,13,9,13,0,0,0,0,47,0,33,1,0,6,0
28,18,9,3,116,14,0,23,51,10,0,1,10,49,211,103,95,10,27,23,18,5,0,20,0,4,1,28,0,0,0,0
38,0,0,62,63,22,42,38,0,12,23,0,17,35,145,189,225,0,2,0,0,2,49,24,6,0,0,0,4,8,0,10
37,10,0,26,66,73,21,238,42,0,5,9,39,0,244,5,36,14,11,0,4,0,38,0,10,0,6,23,25,24,35,18
0,0,0,25,16,153,229,155,113,49,0,22,0,29,0,47,0,1,10,24,16,0,5,0,0,4,8,29,0,0,13,0
0,0,16,44,0,39,116,114,105,58,0,0,0,16,0,27,12,0,0,11,19,7,4,0,0,0,0,19,18,16,11,0
0,1,0,38,0,0,9,9,30,16,18,21,0,13,0,20,4,4,0,10,4,0,13,0,0,18,0,4,8,20,0,26
0,0,0,29,9,0,0,21,0,20,13,0,0,28,9,16,0,12,0,14,0,0,0,0,0,0,0,0,4,2,28,22
8,3,0,0,0,0,11,9,0,9,25,8,0,3,0,0,0,0,0,0,9,0,30,0,0,0,39,0,3,0,0,0
0,0,18,19,41,20,3,0,16,4,0,8,0,0,0,0,0,0,2,16,0,0,12,0,0,0,0,0,0,0,15,5
0,16,0,14,44,17,27,52,0,0,12,14,0,0,13,0,41,7,16,15,0,34,0,0,0,0,0,48,0,0,17,0
0,7,0,0,26,71,5,0,1,17,71,34,37,0,21,0,31,0,0,3,22,0,27,5,26,0,60,0,8,0,0,9
0,0,30,3,30,0,0,17,18,0,75,20,0,15,0,6,0,7,23,11,8,15,19,0,0,10,64,10,11,16,13,19
0,0,13,0,47,0,41,0,59,0,0,10,4,32,74,0,0,56,0,13,9,0,0,25,6,8,0,50,27,22,0,0
97,45,15,0,45,17,44,0,8,31,12,46,0,118,33,82,125,174,0,0,0,2,0,32,0,0,18,0,0,25,12,0
26,0,0,0,39,19,0,0,101,4,0,3,37,23,152,27,38,29,18,10,13,0,10,0,4,0,18,0,43,4,6,0
142,92,18,0,59,11,0,37,8,6,11,0,21,91,63,17,85,3,9,0,11,7,4,1,16,0,22,0,50,0,0,0
137,82,100,20,20,93,55,5,42,7,0,0,6,43,146,0,63,137,0,0,11,0,0,0,5,10,0,57,0,0,10,29
47,72,11,160,84,132,57,84,213,12,0,0,0,28,39,9,83,50,8,4,12,0,0,0,14,250,147,41,10,0,4,18
92,230,31,71,25,20,96,51,122,123,0,0,0,26,3,11,164,0,48,42,37,0,72,0,68,234,33,0,44,1,0,0
233,83,191,105,0,137,181,100,156,93,0,14,1,33,22,0,3,0,0,0,0,7,0,5,0,151,39,20,0,38,0,36
188,105,7,38,85,0,50,43,28,43,6,15,10,1,0,181,0,0,63,0,34,74,2,0,11,4,5,7,17,0,0,17
0,30,30,71,87,0,130,0,0,11,40,0,17,50,30,0,0,0,35,50,45,0,24,7,6,20,12,0,9,48,4,0
115,18,39,10,5,0,0,6,0,0,0,0,0,15,36,0,25,0,0,0,0,1,24,0,9,0,19,18,40,0,21,0
42,42,45,59,0,4,16,20,26,123,40,0,0,12,28,0,0,0,0,25,15,15,17,0,0,0,0,6,4,0,0,21
0,14,0,7,0,12,0,18,10,3,201,52,48,0,0,4,0,0,6,0,0,0,37,35,0,11,0,0,0,0,0,50
148,27,0,66,0,0,0,63,93,151,104,110,42,0,0,0,0,0,0,0,4,16,20,0,0,12,61,33,0,8,83,28
0,16,0,0,6,53,0,75,147,21,0,193,0,39,0,0,0,0,0,19,17,44,6,24,86,57,0,29,23,102,43,0
0,21,40,0,36,9,72,0,0,0,14,0,0,17,0,70,69,47,18,15,79,41,78,29,144,82,138,163,29,40,33,0
0,0,0,0,34,0,26,7,5,0,34,5,0,0,7,97,203,0,0,29,76,17,67,79,212,221,166,14,19,2,1,0
0,34,0,23,44,0,0,0,0,0,0,4,0,23,0,52,0,12,0,0,42,0,12,0,0,6,29,0,0,17,0,0
0,0,0,41,9,0,0,61,3,5,0,46,0,11,0,0,0,0,0,6,0,34,0,0,18,0,10,22,15,37,0,28
0,0,0,0,0,0,0,0,16,31,0,0,0,12,3,7,4,7,0,9,0,0,10,21,0,12,0,0,5,0,6,15
0,7,9,1,22,4,0,18,0,2,14,9,39,0,10,67,32,0,7,23,9,0,0,0,23,0,16,2,35,0,0,86
0,0,8,23,44,0,0,4,0,0,5,0,116,27,32,9,0,14,0,2,27,61,195,78,53,5,0,0,2,3,0,0
0,22,0,12,0,0,0,67,0,0,16,66,173,90,12,15,0,0,0,14,19,0,85,77,51,46,17,3,13,0,0,2
76,6,13,11,0,29,0,28,0,27,54,78,60,227,122,100,30,0,19,3,21,0,0,0,14,0,0,8,6,2,0,0
0,43,0,36,19,0,18,45,29,15,157,207,117,138,48,49,0,9,12,3,0,0,5,32,3,0,13,0,0,4,0,0
0,16,41,0,0,0,7,0,0,0,0,0,17,25,0,0,0,28,0,25,0,0,70,0,0,0,50,0,0,1,0,0
11,0,0,28,54,0,3,8,0,0,0,42,0,3,0,2,0,0,0,0,0,11,0,18,0,11,0,0,17,0,11,10
0,0,13,24,12,0,0,12,0,8,35,0,10,14,8,0,12,4,3,0,11,0,9,14,0,0,0,0,0,0,24,0
0,19,8,0,9,29,9,0,0,0,27,17,0,82,9,0,26,11,57,0,0,8,0,15,65,79,21,16,22,0,0,0
0,6,0,11,20,0,14,14,16,0,0,19,21,181,0,0,4,37,5,0,0,13,6,71,86,14,0,0,4,16,0,0
0,11,14,12,0,0,0,0,0,5,0,6,0,125,0,28,0,16,10,58,12,0,0,72,139,9,0,0,20,32,0,7
0,0,0,16,0,0,38,0,20,6,0,6,40,60,0,0,2,33,0,0,73,11,188,28,0,3,8,37,0,9,1,0
0,11,6,0,12,29,0,0,0,63,0,0,0,53,0,11,23,14,26,0,32,8,125,35,0,0,0,0,0,7,17,0
64,8,32,8,0,15,0,26,25,0,38,24,22,239,25,0,0,0,8,2,0,84,6,0,0,15,33,0,0,8,11,0
0,48,10,13,11,0,0,0,15,0,0,0,13,131,2,0,0,18,0,0,78,9,11,0,0,24,26,11,0,5,0,82
77,42,18,16,0,40,0,1,6,30,47,57,0,30,14,0,0,3,0,45,16,0,0,20,0,0,0,33,44,0,0,85
11,17,43,101,41,51,82,0,83,77,0,0,0,39,2,0,0,5,41,5,16,23,0,16,0,0,0,0,0,46,0,56
174,45,41,32,37,125,18,44,111,12,101,0,93,120,1,0,0,54,0,0,1,0,0,5,4,0,17,13,0,25,0,20
96,58,7,6,5,0,97,28,0,3,0,7,73,22,16,0,14,0,2,0,1,0,16,6,11,23,0,31,2,0,0,0
107,50,30,0,36,133,0,20,2,0,0,40,174,22,17,13,0,13,18,0,1,0,60,0,0,6,0,0,0,18,0,0
0,55,70,0,25,39,38,0,10,27,0,47,99,4,58,0,19,5,36,0,0,0,0,20,0,12,23,0,3,23,0,49
0,83,26,117,24,0,13,0,0,14,13,103,26,29,21,0,3,0,0,22,5,0,3,9,5,8,0,31,39,166,40,123
0,9,0,33,0,0,0,4,0,0,7,39,42,37,0,0,22,0,0,4,9,23,7,0,0,0,0,29,49,34,66,83
0,29,26,35,0,1,0,0,0,0,45,51,26,0,5,29,10,6,0,8,0,0,32,0,0,0,25,52,0,0,10,72
0,0,0,163,24,26,16,42,0,21,0,54,51,21,5,0,0,30,40,3,0,18,0,24,0,0,0,0,0,0,3,0
101,18,44,0,7,23,5,26,0,2,20,45,0,2,17,7,42,0,0,31,0,27,0,0,0,0,46,0,15,9,16,8
0,2,0,0,57,25,18,0,5,0,0,0,0,41,2,0,0,16,0,21,0,7,18,0,22,0,50,0,0,29,0,0
27,61,0,0,0,26,0,0,1,0,0,0,14,0,46,0,84,139,57,5,0,3,0,0,0,55,97,54,20,23,30,0
0,0,26,0,25,17,37,16,0,0,0,0,25,57,57,99,86,96,208,54,0,0,0,13,0,0,137,35,0,27,27,0
0,0,1,1,0,11,0,0,0,0,31,0,54,74,84,110,205,151,123,28,0,0,0,16,14,0,5,7,0,12,0,17
0,45,0,0,0,0,0,0,0,22,17,6,2,15,55,105,89,171,53,23,0,0,0,22,22,0,0,32,18,22,0,15
52,0,14,12,48,1,7,2,0,0,0,8,0,17,0,50,61,0,0,27,0,27,44,3,0,0,0,0,0,27,14,0
0,0,23,67,0,0,16,0,0,21,8,0,0,60,93,50,4,0,0,22,32,0,4,0,0,0,0,29,0,0,0,28
0,27,0,54,0,0,0,32,0,0,0,0,0,48,41,2,0,19,0,8,0,0,0,8,0,0,0,0,0,16,0,43
0,26,0,0,0,37,1,9,23,0,3,0,44,28,0,3,0,5,0,6,0,0,34,0,0,0,0,35,0,0,0,0
0,0,33,17,0,73,7,35,4,20,87,0,115,24,40,12,1,5,4,49,8,0,0,15,0,3,0,0,3,16,0,0
0,0,20,0,14,25,6,0,0,29,63,38,8,0,14,0,15,27,30,0,0,0,19,19,0,0,0,38,4,21,10,21
0,0,30,41,16,0,26,12,203,42,12,43,13,0,11,183,190,0,0,1,0,92,65,0,32,109,123,58,55,19,0,27
0,41,29,6,6,6,5,70,197,0,50,35,64,19,13,22,23,70,0,0,27,0,78,2,6,100,87,0,73,0,39,42
0,49,9,11,0,5,8,7,155,0,0,0,0,19,0,0,32,10,6,0,16,21,9,0,45,37,0,0,44,45,0,0
25,0,23,14,0,0,0,22,166,45,0,58,33,0,0,15,0,23,9,0,0,16,11,0,1,0,42,0,0,0,30,0
0,0,26,0,23,0,7,16,24,0,26,28,42,0,0,27,7,0,0,14,0,17,0,0,0,3,4,0,0,0,0,0
0,0,0,0,0,0,7,17,0,0,43,13,16,1,55,0,34,42,17,0,38,1,9,0,13,17,57,12,6,62,149,32
0,14,0,0,0,0,0,20,43,0,0,0,0,0,0,10,27,13,6,0,15,48,8,0,21,0,0,69,63,130,190,139
0,0,0,2,0,4,8,68,5,50,16,0,0,0,5,46,0,16,0,29,0,0,20,0,8,62,156,122,103,53,56,95
55,0,32,0,0,0,0,89,53,37,13,0,0,0,0,0,0,0,0,0,0,0,9,22,52,72,39,25,24,7,48,42
0,0,1,0,0,4,0,114,12,0,11,0,0,43,32,0,0,0,0,44,0,2,0,0,13,4,23,0,31,67,23,123
4,1,0,33,20,0,0,145,6,0,60,11,13,2,3,7,3,0,0,0,21,7,5,0,0,0,15,37,47,50,0,36
0,38,31,68,7,3,130,224,75,74,42,11,9,18,16,0,2,14,0,0,0,0,0,0,3,0,6,0,117,1,0,0
134,29,48,72,0,25,118,172,65,0,9,77,0,0,4,0,0,15,0,1,0,34,0,0,18,0,0,16,48,55,63,0
73,19,5,0,11,133,0,149,0,51,37,19,4,13,19,0,0,18,40,0,0,29,0,16,0,0,0,7,26,54,90,80
127,34,42,0,41,168,99,41,39,25,0,20,32,13,24,24,14,19,6,0,3,20,38,14,0,4,0,0,1,26,0,14
38,48,3,6,68,0,31,54,46,0,2,0,0,0,6,0,9,22,13,0,0,119,70,100,0,5,36,1,0,28,0,18
27,45,18,52,55,3,0,0,0,0,4,106,0,18,0,1,11,0,13,28,120,134,100,22,5,0,10,0,0,0,0,33
0,4,26,0,28,2,21,8,0,32,59,225,177,116,123,13,0,0,28,23,28,0,2,0,0,0,0,0,0,5,0,0
98,0,12,19,22,0,26,22,20,108,63,109,233,18,130,54,37,0,43,0,3,7,0,0,10,15,0,1,0,0,5,0
0,2,16,16,0,10,4,17,41,47,240,195,168,88,135,1,29,0,0,0,7,48,2,0,29,26,0,0,26,0,7,5
7,16,0,21,0,0,0,15,79,153,126,25,42,167,226,165,19,0,0,19,0,0,9,36,4,21,0,20,0,0,0,17
13,16,38,9,26,11,13,5,10,63,174,173,114,27,11,100,0,0,11,32,0,35,25,0,3,22,13,0,0,29,0,0
0,19,0,0,38,9,33,0,12,6,0,0,25,75,121,2,53,49,0,16,0,0,0,9,0,9,3,0,0,0,14,0
22,0,14,0,0,0,0,56,16,0,27,6,0,4,186,0,7,0,52,36,25,0,57,0,0,0,0,3,3,17,29,21
0,0,24,0,0,19,0,2,0,8,19,0,14,0,11,10,128,52,21,0,10,11,0,7,0,5,4,0,0,4,0,0
6,5,50,9,14,0,0,45,22,40,0,0,0,4,0,52,11,16,23,0,37,0,12,20,0,0,0,23,0,7,6,0
0,2,0,0,0,23,0,0,0,9,0,0,0,31,0,0,11,0,59,6,1,0,19,0,0,9,0,3,0,17,12,18
1,0,0,1,0,8,0,14,0,0,0,10,0,48,59,0,0,8,0,0,13,8,0,1,5,0,0,2,1,0,18,13
0,0,0,0,1,25,0,15,2,30,0,44,0,44,0,0,0,4,0,40,0,0,6,0,0,27,37,0,45,32,0,0
29,0,0,0,0,0,0,0,0,7,68,0,76,37,8,48,16,0,0,13,0,0,0,8,0,0,0,0,0,38,18,8
0,0,0,48,0,0,0,24,15,12,18,0,24,20,22,0,0,13,36,6,55,0,7,0,0,29,0,39,0,0,0,6
5,9,0,0,26,28,0,0,16,45,73,18,29,0,0,57,0,23,0,0,12,0,0,0,19,25,30,2,48,0,46,0
212,0,16,48,0,0,9,178,77,68,28,0,17,8,16,0,109,149,49,2,0,36,0,0,0,0,15,9,3,27,0,0
0,10,19,0,0,2,18,141,12,9,34,5,27,0,6,34,62,95,25,1,13,0,23,0,18,17,14,0,0,21,0,0
0,0,37,22,0,0,142,32,0,0,9,17,21,38,29,194,15,0,0,7,0,1,35,13,0,0,0,2,36,0,34,0
0,44,0,0,0,0,26,1,15,9,4,0,26,0,50,0,0,4,34,17,4,0,0,5,0,7,0,36,25,0,0,0
89,10,18,0,50,53,22,8,7,0,0,0,14,15,45,0,12,27,22,0,0,3,0,31,0,74,0,5,55,20,0,31
80,0,36,22,2,5,0,19,0,0,0,0,0,0,32,0,16,1,22,1,102,66,48,61,48,194,24,0,21,32,0,15
16,0,18,0,14,0,0,0,0,0,0,4,10,8,14,27,7,0,0,10,136,196,0,1,69,50,67,0,34,4,48,85
11,0,0,0,13,0,0,25,0,0,0,60,0,8,10,28,0,16,154,11,82,66,0,0,5,0,18,78,160,24,35,132
66,3,55,4,6,10,0,0,32,12,0,34,0,0,4,19,8,196,81,0,17,0,54,14,0,23,0,74,51,65,72,48
0,0,36,48,10,0,0,51,0,0,42,42,2,4,18,34,57,32,0,0,0,0,0,0,0,0,29,54,73,8,104,103
0,5,0,0,36,0,25,81,16,0,0,0,3,0,0,0,0,10,21,33,21,0,0,39,38,16,29,0,52,17,0,22
212,17,1,0,8,14,67,6,41,11,7,13,9,0,55,7,30,0,0,0,0,8,8,0,10,16,29,0,39,0,0,79
203,67,21,18,37,0,1,47,46,0,0,61,4,1,0,66,8,12,0,0,0,0,0,0,38,7,7,0,13,0,0,23
80,0,0,64,0,0,68,154,0,0,23,12,0,0,0,7,0,0,0,19,12,0,23,0,32,12,2,14,32,0,0,89
107,0,0,8,0,78,67,33,24,26,0,29,3,24,16,36,2,0,0,13,8,0,0,13,3,0,5,7,14,4,11,11
51,1,5,1,7,40,199,44,21,0,0,28,26,0,26,4,2,0,4,0,0,0,6,0,9,1,0,0,0,2,3,13
39,0,0,20,36,8,132,7,11,92,0,0,0,31,21,0,0,0,93,20,20,25,30,0,0,17,0,0,12,27,10,8
10,2,0,0,0,28,0,0,13,113,0,0,0,13,8,0,16,0,0,2,0,0,0,16,17,0,16,0,0,28,12,0
14,0,1,0,1,22,19,0,0,16,0,0,0,0,77,161,10,5,23,13,4,8,40,7,0,0,0,0,0,19,0,2
31,20,0,39,0,32,0,60,46,8,20,0,70,237,73,11,0,10,0,44,0,43,0,14,0,0,0,9,2,0,15,9
17,0,0,0,42,137,3,88,19,16,71,55,221,57,55,47,5,0,0,0,3,31,15,0,1,47,0,2,2,0,0,45
8,0,0,0,49,161,215,37,89,49,42,59,1,223,0,7,0,0,16,1,29,0,42,38,0,0,0,0,0,26,0,0
7,0,0,22,109,26,184,6,0,36,27,0,31,0,169,18,21,0,6,10,10,0,16,0,0,19,18,32,0,0,0,6
48,43,69,189,255,226,157,0,25,0,33,0,4,31,89,4,0,0,24,11,0,0,13,4,3,0,7,0,0,7,0,0
0,0,9,112,18,156,86,62,21,0,9,0,0,0,0,30,27,0,0,0,14,29,0,0,19,32,29,0,0,2,0,32
15,0,57,161,130,52,86,0,0,14,0,0,0,30,17,0,0,0,33,40,21,0,56,53,0,0,0,22,0,3,0,0
61,0,48,230,126,124,49,72,11,0,0,64,0,0,6,23,0,0,13,30,0,6,0,0,0,12,0,0,34,14,8,0
13,0,34,154,138,62,69,0,0,25,0,0,0,28,0,0,10,0,25,2,10,0,4,12,11,37,0,0,13,0,0,1
0,0,0,7,0,25,1,0,0,28,22,0,0,0,27,22,8,0,0,0,20,0,0,0,0,0,0,0,23,13,1,36
0,0,0,0,22,39,39,0,19,34,39,0,0,39,0,0,0,3,22,0,0,0,0,11,14,40,23,0,0,0,2,27
0,22,25,1,33,0,18,8,9,0,43,25,4,47,9,0,31,0,0,5,8,2,7,0,0,0,21,1,7,0,0,24
65,1,0,0,5,12,9,6,24,0,39,0,3,0,0,0,4,18,9,2,0,7,7,0,6,20,0,20,8,0,0,0
0,0,23,11,0,0,29,0,0,11,47,0,0,0,15,0,12,6,1,12,4,0,0,19,0,5,0,13,0,0,7,24
12,0,0,14,0,0,14,4,0,4,0,0,12,0,3,7,2,0,0,0,4,15,4,0,13,10,0,0,20,0,0,18
0,0,17,0,0,12,17,0,14,0,0,0,10,0,8,35,5,3,3,0,0,12,3,0,0,5,22,9,0,0,0,0
9,22,30,0,35,3,0,0,0,0,0,32,43,0,24,0,0,1,0,0,18,10,0,0,0,0,3,12,69,0,55,7
0,0,3,0,15,0,10,0,0,6,0,52,0,0,0,23,0,0,16,5,4,15,12,18,0,0,18,4,63,0,11,61
0,42,0,18,15,20,48,46,0,0,37,0,0,43,1,0,0,11,0,0,42,5,30,41,34,44,1,3,4,0,0,0
0,0,5,0,40,227,20,0,0,62,18,0,0,5,2,0,14,0,0,22,96,0,48,0,114,53,30,0,25,0,0,78
0,26,0,18,140,182,0,54,0,0,25,0,0,58,0,20,0,0,0,21,7,0,33,5,6,34,0,25,18,21,56,116
12,1,0,0,158,25,0,0,0,9,14,0,9,108,14,0,8,0,5,20,10,0,19,15,0,4,0,20,16,6,5,90
48,0,0,0,144,0,0,0,0,0,25,0,0,225,27,51,0,13,0,0,26,7,0,6,0,0,46,27,36,31,48,71
40,43,2,32,193,25,0,27,5,0,10,0,196,213,0,0,44,16,0,0,38,19,7,0,35,4,1,13,45,34,0,0
47,3,5,10,49,0,0,28,0,0,0,0,0,31,8,11,0,0,0,0,0,39,0,0,0,0,0,15,0,10,14,0
0,11,0,115,110,0,0,8,0,1,14,28,0,18,18,0,16,38,60,0,0,0,0,40,0,0,8,53,1,20,35,35
0,9,0,0,40,9,0,0,2,48,19,28,13,0,0,13,3,4,0,0,34,16,0,41,0,0,0,0,0,21,6,43
0,2,0,24,201,12,10,0,41,0,29,6,25,29,31,0,98,78,11,13,38,0,0,8,10,2,0,0,0,11,0,16
0,36,4,0,94,24,40,19,0,0,0,27,0,28,12,0,184,62,237,45,0,0,0,16,0,0,0,47,6,5,27,0
75,0,0,0,0,8,0,0,0,0,1,9,1,3,31,42,107,55,48,116,0,0,0,0,0,5,0,0,18,14,11,24
0,6,13,0,35,0,20,0,0,0,0,0,5,23,105,0,19,69,16,65,24,0,0,0,30,21,20,0,17,0,0,0
35,6,0,17,0,4,11,10,0,7,17,29,2,67,0,108,116,98,7,0,0,0,0,0,37,0,11,13,5,0,0,29
31,1,20,19,25,0,0,3,3,1,0,0,70,115,136,181,202,32,30,31,53,0,18,19,0,7,0,0,0,42,0,0
194,0,0,0,0,5,0,14,0,0,0,30,53,110,168,102,211,0,28,0,11,0,0,7,0,43,0,25,0,0,0,0
245,0,0,7,16,3,0,0,14,0,0,0,71,0,43,191,0,9,13,0,0,0,29,0,0,2,0,0,7,34,23,0
219,55,20,0,0,4,0,17,36,0,20,3,28,54,59,0,22,16,37,17,0,0,37,16,0,6,12,0,0,13,0,0
72,18,26,1,0,14,0,26,0,0,0,8,14,25,8,0,24,7,26,45,13,3,0,0,0,0,0,0,0,0,28,0
0,0,0,9,51,0,25,15,24,1,74,30,0,39,7,0,0,12,11,8,1,0,0,0,0,0,0,16,0,0,0,8
0,0,0,0,25,46,0,23,0,6,0,42,110,46,0,0,13,0,10,6,0,5,0,0,0,0,0,19,0,5,16,2
26,0,24,16,32,12,0,0,9,19,0,34,93,110,47,0,0,0,0,24,10,0,0,0,0,15,37,18,13,5,8,0
0,17,0,33,46,12,0,32,0,14,0,31,29,73,61,10,47,23,0,5,0,45,0,0,0,0,0,0,0,1,11,0
52,24,21,0,21,39,0,0,0,11,0,5,167,230,200,0,43,0,15,13,9,5,30,6,17,9,39,5,40,10,52,0
8,1,21,12,56,16,0,3,10,35,3,0,0,82,79,17,16,11,0,0,5,0,25,0,0,11,0,11,0,0,0,0
0,0,0,27,143,28,57,2,13,0,3,7,0,0,0,28,0,0,0,0,0,0,0,0,6,0,5,0,20,0,3,4
25,0,49,61,79,250,221,0,14,0,1,35,9,0,0,23,0,0,0,5,0,1,46,0,14,0,37,25,2,0,6,0
64,0,0,0,14,10,0,6,0,10,0,11,0,10,4,0,0,25,11,2,22,0,0,0,0,3,0,0,0,3,31,0
7,0,67,1,41,0,25,4,0,0,0,0,0,27,0,0,17,0,25,12,9,0,15,8,15,0,17,4,0,33,0,0
0,32,38,0,0,5,0,19,0,11,0,6,0,0,0,0,1,8,3,9,44,0,2,0,10,19,20,15,11,0,0,9
0,0,8,10,6,0,9,0,16,5,58,0,0,16,0,0,0,0,0,3,0,0,5,0,0,0,13,36,0,0,7,19
2,24,9,22,0,0,0,25,1,0,13,29,0,0,0,9,21,5,16,48,20,0,0,0,4,40,0,22,51,0,33,5
14,0,4,30,0,0,4,0,0,0,21,3,40,0,0,36,0,0,0,22,0,10,0,0,18,13,53,15,37,14,0,33
0,48,0,0,59,39,0,21,0,10,0,0,0,11,0,0,3,0,37,14,37,0,0,0,0,5,36,0,0,18,34,16
15,3,0,11,10,0,49,0,0,0,38,0,37,0,4,39,19,2,0,0,0,0,23,5,0,38,57,0,0,54,26,13
82,7,0,48,5,0,32,40,1,20,0,0,11,19,27,0,0,57,18,12,4,0,0,35,3,0,0,0,38,22,30,21
172,58,34,0,33,7,0,7,88,10,41,0,62,36,132,2,149,31,19,41,0,0,0,0,9,22,0,0,5,29,107,27
0,0,5,3,1,7,4,106,60,0,69,28,0,24,97,68,134,2,0,0,9,0,0,0,0,16,0,14,0,11,3,30
118,0,0,2,0,50,0,41,50,0,3,4,53,2,63,10,12,0,0,0,0,29,0,0,16,0,78,0,1,16,12,31
108,0,34,19,39,0,0,11,0,18,22,2,42,77,25,113,18,7,0,0,44,2,0,5,16,0,0,15,7,0,11,0
16,16,80,0,25,47,111,90,0,5,24,0,0,55,36,169,0,0,0,0,0,23,16,7,33,125,0,0,16,0,4,0
70,13,44,2,31,131,75,148,227,6,0,10,135,0,88,97,0,33,0,0,1,14,71,86,173,48,8,0,15,0,0,16
0,32,73,0,34,0,10,14,235,54,28,18,91,6,33,0,0,0,0,10,23,0,51,60,18,23,0,19,0,0,0,0
0,78,66,98,94,55,22,44,179,0,2,41,0,0,5,25,0,5,26,0,0,6,14,1,0,0,0,52,19,0,0,0
8,19,0,0,17,45,30,4,41,0,40,47,0,0,0,17,28,0,0,31,9,0,43,0,34,1,0,0,0,20,10,21
0,23,0,0,0,8,0,7,0,14,29,23,0,0,1,0,0,3,0,0,0,0,0,1,0,0,0,0,0,0,0,11
40,8,9,4,10,18,0,21,118,95,15,0,0,0,0,5,7,0,2,0,0,0,0,5,0,0,0,9,16,0,0,28
0,35,0,0,21,0,54,101,199,205,0,2,0,0,35,7,0,0,0,0,22,8,57,0,0,2,13,5,23,0,55,0
40,6,12,0,0,0,33,60,161,151,27,3,0,6,0,86,16,18,79,46,0,101,0,0,34,16,25,0,141,232,190,171
0,0,64,17,62,27,128,16,58,0,91,44,0,6,20,9,49,0,42,203,152,85,18,11,9,49,7,223,86,9,0,0
8,6,0,0,23,24,39,3,12,0,52,0,0,50,2,0,24,4,77,22,45,0,68,4,87,95,16,17,53,0,20,8
0,0,0,0,0,7,6,0,0,0,0,37,0,17,28,0,0,90,58,53,27,79,36,182,10,9,14,10,41,0,11,0
81,36,0,0,0,5,42,28,0,2,0,0,0,9,48,18,26,14,16,0,0,0,44,48,0,0,27,0,18,0,3,32
75,0,0,0,0,54,0,0,0,0,0,0,0,28,0,4,5,10,17,2,9,7,10,0,0,9,0,11,0,0,6,21
48,0,5,0,0,0,7,0,12,0,12,3,5,0,16,64,25,0,0,2,2,10,0,0,2,0,17,37,0,15,0,10
66,0,0,0,12,0,4,1,0,0,0,0,16,31,5,19,0,0,24,22,34,40,209,37,5,0,0,13,17,0,17,3
146,4,0,13,12,4,7,0,38,19,0,0,0,56,0,0,6,0,28,14,8,16,101,21,47,0,0,36,38,8,0,0
86,16,0,0,0,91,2,0,0,1,36,24,233,221,175,0,35,0,0,16,0,0,0,0,0,0,10,0,5,1,23,0
147,0,0,16,0,0,0,0,16,46,101,234,102,123,221,226,0,5,0,9,13,20,0,10,8,7,16,1,0,0,3,3
16,0,0,0,0,0,12,22,0,12,0,0,9,20,6,22,4,5,0,15,14,0,9,0,0,13,0,4,16,10,0,1
11,0,0,0,13,29,13,0,32,16,0,6,1,5,5,0,0,0,0,3,25,1,0,0,13,19,0,23,0,0,12,0
0,8,0,2,6,18,16,0,0,45,22,1,0,4,0,0,0,3,0,15,13,0,0,5,0,0,6,35,10,16,11,0
0,0,62,0,53,40,9,0,23,44,0,122,10,18,26,5,6,0,5,0,0,14,127,16,0,0,29,28,2,0,0,34
0,0,6,4,8,0,0,0,0,2,55,53,0,0,0,0,21,0,0,0,0,50,42,0,0,7,27,7,32,0,0,5
0,0,12,0,36,51,53,0,0,12,52,126,0,0,0,0,22,7,17,31,95,0,27,16,21,10,2,7,0,31,6,16
42,11,0,0,0,21,0,47,2,0,203,241,6,0,10,0,0,0,10,92,2,11,0,0,0,5,34,37,54,0,0,45
64,18,0,0,0,0,1,43,0,0,218,233,18,0,0,0,0,23,114,126,0,0,37,9,32,23,0,3,8,95,98,8
0,0,23,10,2,2,19,19,0,37,59,160,0,26,0,18,3,72,39,23,0,4,7,0,6,21,0,1,26,114,88,21
143,19,16,9,0,0,0,4,118,12,16,0,0,0,7,14,1,9,29,1,0,5,11,0,6,0,6,18,36,32,90,27
138,0,0,13,0,2,0,13,57,0,0,34,0,0,0,22,0,0,0,0,0,13,0,0,0,8,77,28,4,0,0,72
65,40,26,0,3,32,35,0,76,18,40,0,23,5,0,19,16,2,38,0,41,0,0,21,0,0,0,0,0,32,0,0
0,4,30,0,0,16,0,0,0,47,220,96,0,52,14,0,2,0,0,9,1,0,0,0,10,27,0,0,33,0,13,0
8,62,0,0,5,32,32,14,16,5,66,83,0,18,0,67,0,0,14,21,10,0,0,0,3,23,0,0,16,53,21,131
68,72,56,0,20,0,0,9,4,26,68,46,7,0,35,16,21,253,3,36,0,0,0,0,1,2,23,77,132,57,0,67
35,10,13,0,47,0,38,0,11,10,27,0,0,45,0,0,56,185,151,0,3,15,14,33,18,114,76,54,78,0,71,39
10,43,48,52,12,20,0,22,5,0,6,10,7,17,8,0,24,44,56,0,1,7,6,2,0,19,48,29,21,10,161,55
29,0,0,19,12,0,2,25,0,0,0,16,6,15,2,3,7,0,5,0,20,24,0,23,0,9,89,0,12,0,92,86
0,10,0,0,20,26,5,5,0,66,101,33,0,0,0,21,57,0,15,38,0,0,0,0,0,7,0,6,15,0,23,10
31,4,0,0,23,0,0,0,10,0,2,17,40,0,11,23,0,17,0,0,5,0,0,25,0,0,16,37,57,0,1,0
29,10,0,21,0,0,0,0,23,76,18,0,36,18,14,0,0,11,0,26,5,0,49,233,196,203,10,16,0,9,8,56
16,12,0,3,79,0,38,41,54,27,18,0,0,1,247,48,149,0,35,4,0,8,153,87,178,0,8,20,0,0,0,18
140,0,15,0,0,7,24,0,4,0,20,12,52,168,148,113,21,5,0,0,0,17,16,6,104,19,0,7,47,0,5,34
30,0,0,38,0,0,4,43,5,3,0,7,185,75,97,114,144,0,7,5,14,26,0,0,16,0,0,0,0,0,0,41
129,5,4,0,54,41,0,23,5,0,48,13,37,19,25,134,163,2,0,7,0,0,0,0,0,0,40,0,22,3,2,0
0,0,0,0,0,12,0,0,0,29,0,0,0,0,55,117,16,0,2,4,0,0,36,8,0,2,0,13,0,0,17,5
0,0,5,0,0,0,2,0,0,0,0,22,0,1,28,40,19,0,17,18,19,41,18,10,10,0,0,16,0,11,0,9
0,5,0,10,19,0,0,2,0,7,0,0,0,0,90,22,0,0,0,27,0,2,10,0,51,41,4,0,0,0,0,11
43,0,0,6,31,0,0,13,0,0,0,24,0,11,16,0,0,11,0,0,0,1,8,14,0,0,0,0,0,5,0,6
0,0,1,0,35,16,0,0,26,8,3,3,18,22,46,3,17,0,0,0,21,0,0,0,19,0,0,0,0,0,1,0
0,8,21,1,22,32,10,0,39,3,29,0,80,56,0,23,0,1,0,14,0,0,0,0,13,16,14,0,0,6,0,29
64,27,0,0,0,0,0,0,0,0,77,0,0,0,2,0,0,26,0,15,0,33,0,0,42,22,7,43,0,0,6,21
0,47,35,7,43,0,81,0,0,0,0,22,0,173,94,10,23,17,44,0,59,0,26,176,127,69,30,0,0,2,9,0
135,0,0,22,0,33,50,7,49,0,83,28,229,0,0,30,0,0,0,0,22,89,115,42,47,141,27,0,0,22,0,0
0,0,36,2,58,25,52,0,0,13,15,38,102,66,64,28,36,48,29,6,27,245,27,0,10,0,0,13,1,0,0,0
0,0,0,1,23,109,180,12,9,0,0,28,85,15,0,12,0,0,12,16,0,11,30,0,20,14,0,14,14,1,0,51
0,0,19,29,36,0,127,41,4,0,11,13,0,1,9,0,9,0,29,5,3,6,28,1,27,11,0,0,28,8,19,0
66,16,42,0,27,0,6,0,0,34,0,0,2,0,0,0,4,0,0,7,0,0,0,3,0,0,43,172,226,0,49,0
0,24,31,0,14,25,0,0,0,0,13,4,27,0,76,0,42,0,22,0,9,1,0,4,11,82,6,2,144,67,23,46
0,0,8,0,29,0,34,0,7,5,13,0,0,0,0,0,0,15,40,0,16,32,27,0,185,69,65,224,91,53,36,59
93,0,33,29,0,58,78,36,44,9,0,0,0,0,0,0,0,25,32,14,24,0,49,221,40,38,81,53,39,22,35,39
197,0,5,0,38,103,120,0,7,26,0,0,8,0,1,0,0,50,69,2,0,47,0,14,51,15,73,87,135,9,112,98
0,0,52,0,29,211,194,71,53,13,38,48,189,11,66,5,0,16,0,0,26,0,0,41,60,16,40,54,49,31,49,34
52,2,0,16,123,82,58,70,43,5,25,75,103,37,8,0,29,5,16,0,16,6,0,0,10,12,17,31,65,55,75,16
149,0,0,107,6,87,28,0,4,25,0,0,36,25,10,6,45,0,0,0,27,30,37,2,0,0,0,25,83,168,69,17
0,5,0,149,0,184,64,47,63,0,54,51,0,0,0,13,0,0,0,32,0,0,43,0,0,43,24,0,100,28,27,97
88,26,23,53,61,55,0,29,0,12,0,0,33,5,21,20,50,0,3,11,0,0,0,0,0,0,0,0,92,16,96,95
30,16,10,0,29,0,27,1,9,3,0,0,11,0,8,0,31,0,0,0,69,0,0,3,0,7,7,16,9,0,0,17
47,0,23,93,0,24,20,0,11,0,17,0,0,0,13,6,0,0,18,47,187,85,93,0,0,35,0,0,8,48,0,20
0,0,27,0,3,25,25,0,0,73,89,0,0,68,0,0,0,149,31,222,64,0,24,38,0,0,0,0,0,66,0,0
0,0,0,9,0,1,15,30,98,72,99,13,35,0,0,0,0,74,38,0,6,0,28,0,0,0,0,33,0,13,0,2
0,26,0,0,0,14,24,41,71,235,82,126,154,109,0,28,28,0,8,0,53,35,56,76,46,0,62,0,44,3,40,48
0,31,11,43,0,12,37,0,18,137,16,133,180,114,8,21,20,0,0,0,0,36,39,0,15,2,35,0,0,16,0,0
0,10,14,7,43,0,0,58,60,10,119,121,102,24,50,0,0,0,0,4,0,59,0,16,0,0,0,21,0,1,0,17
0,7,16,0,23,18,0,33,17,127,12,94,196,18,114,24,0,7,0,0,17,7,10,0,17,23,5,17,0,0,0,34
0,0,0,0,4,0,0,0,53,29,0,19,6,29,60,20,13,24,0,34,29,0,0,0,0,0,2,26,17,0,0,12
16,0,0,44,28,0,0,27,65,0,36,0,7,86,14,15,0,0,0,0,7,0,24,0,0,20,33,38,0,3,0,8
16,22,0,23,12,0,0,40,1,0,27,0,0,31,0,95,0,0,0,0,0,20,2,0,0,0,10,0,18,15,0,30
0,12,6,0,0,0,15,15,0,23,0,0,0,0,0,0,0,0,0,15,0,31,0,0,0,16,12,13,18,0,17,0
10,0,0,0,11,0,0,36,0,0,9,28,12,40,8,36,0,7,55,0,0,12,28,0,24,37,8,0,0,0,0,28
22,0,4,0,22,0,0,0,4,0,36,0,0,0,0,0,0,0,0,0,0,19,5,0,46,21,0,0,0,0,0,26
17,21,0,16,4,4,0,0,16,0,16,33,0,25,26,38,32,2,4,0,1,0,3,38,0,0,60,7,27,0,26,12
3,0,3,19,16,0,48,28,51,0,54,23,48,0,19,3,5,17,0,0,30,22,23,0,7,0,22,0,0,0,3,22
0,1,7,0,1,0,18,0,0,1,59,0,0,32,0,30,0,14,0,0,0,5,12,0,9,8,7,0,33,0,2,0
179,0,56,24,30,0,12,0,83,132,0,0,0,16,9,0,9,14,0,0,0,7,16,0,4,16,0,0,33,0,13,0
23,0,0,0,78,0,3,0,109,47,0,0,0,16,3,14,19,39,52,0,0,0,1,5,3,8,0,25,0,12,0,0
0,11,0,0,0,0,16,191,227,0,72,0,4,3,0,0,25,49,26,0,0,3,0,9,0,0,31,0,0,0,0,33
0,18,37,43,0,0,0,172,42,0,5,25,0,1,0,5,88,114,9,30,0,0,27,0,9,40,0,0,0,0,0,0
0,0,0,20,0,0,0,43,41,0,0,42,41,0,12,172,237,10,0,0,0,9,8,0,16,11,27,2,24,0,0,33
17,2,0,0,0,2,52,36,0,0,12,0,0,0,0,63,26,8,18,0,0,22,0,0,0,0,64,0,5,0,0,23
0,0,11,59,16,0,60,18,0,0,83,30,0,0,0,137,18,14,0,12,26,0,27,39,78,0,2,72,14,0,0,22
186,0,0,0,0,7,145,43,2,11,0,0,49,31,104,0,0,20,0,18,0,21,0,0,0,8,0,102,35,29,32,77
31,0,57,3,0,20,59,0,0,0,1,26,3,1,17,6,0,0,0,6,0,21,0,31,0,16,72,96,57,0,0,47
78,4,28,0,16,0,7,5,0,0,0,16,0,0,0,0,0,16,0,7,0,50,0,14,9,0,0,11,90,41,78,12
57,13,16,0,0,7,0,0,0,7,12,0,0,0,0,36,14,1,0,27,83,25,0,2,14,4,29,104,81,0,0,34
22,1,8,19,0,41,0,0,0,0,11,0,0,0,0,23,14,0,0,41,224,106,0,0,33,32,48,42,64,0,0,99
129,0,37,0,32,19,67,0,16,7,27,18,13,0,0,0,7,0,55,123,162,52,0,44,0,8,0,0,46,85,8,12
4,0,0,40,13,0,5,8,7,21,0,0,0,33,11,6,13,10,77,96,52,32,2,0,0,39,10,8,89,54,6,0
37,0,0,0,17,0,20,8,0,0,14,0,0,0,0,0,62,118,225,58,81,25,48,5,0,16,4,0,25,3,3,65
66,211,22,3,16,0,48,3,4,8,0,40,16,5,17,11,118,247,115,56,14,3,12,0,0,0,75,25,18,14,0,34
248,95,0,0,7,28,0,25,0,0,0,23,12,10,15,0,252,218,71,0,17,0,0,19,0,29,14,19,50,13,31,0
242,190,33,20,39,0,3,0,14,17,20,0,8,0,0,51,101,111,0,2,0,5,9,1,0,28,0,15,33,0,0,0
96,31,39,2,0,18,1,0,29,9,23,5,0,11,24,147,207,0,0,0,1,13,16,0,2,0,6,0,0,20,35,6
36,0,5,12,0,72,0,8,9,0,39,4,18,0,7,1,0,7,0,0,8,21,0,118,1,0,25,19,33,0,2,0
0,0,0,16,0,0,6,0,11,65,0,34,0,0,0,32,0,1,0,0,7,11,77,26,0,0,0,0,0,0,6,21
0,19,1,0,0,4,32,58,63,22,31,39,34,25,0,0,0,0,0,0,0,0,0,0,25,3,0,15,0,0,20,0
0,10,27,30,0,21,62,15,12,84,63,5,72,63,151,0,37,30,18,0,1,2,0,0,31,6,0,0,20,0,0,33
17,0,10,21,40,72,39,13,44,22,39,81,82,58,223,0,8,0,17,25,17,37,0,0,0,18,0,21,0,13,0,16
16,20,33,16,31,87,0,66,8,48,0,16,19,40,55,90,39,27,14,0,0,0,7,31,4,0,32,5,46,4,0,0
5,35,15,0,0,131,52,95,0,14,0,26,0,0,71,132,0,0,3,35,0,38,0,0,0,0,0,0,0,0,0,0
19,0,13,21,129,198,59,214,48,0,54,0,8,47,233,97,24,0,26,33,0,31,0,0,0,13,18,0,0,0,0,18
0,21,0,0,171,36,253,98,38,0,6,0,0,0,119,0,10,30,0,0,33,0,0,24,24,0,5,7,30,26,6,0
0,0,11,251,165,44,142,37,61,0,0,0,0,43,0,0,0,0,0,36,33,4,33,0,0,0,0,0,0,33,1,0
0,1,0,42,54,255,1,121,53,4,0,0,29,16,29,18,5,0,0,0,0,0,0,0,8,28,42,0,28,0,6,28
0,0,2,0,122,19,104,18,4,0,0,10,5,8,7,1,9,0,11,0,0,0,0,8,7,0,0,0,0,14,4,17
0,0,8,0,152,232,248,26,206,32,22,0,10,26,0,0,0,0,10,7,2,12,46,0,2,20,44,0,5,26,10,0
15,0,0,0,16,0,0,0,7,12,0,0,10,15,0,0,0,32,0,2,18,0,36,5,0,21,7,0,0,11,17,0
0,0,0,7,0,30,0,0,0,0,0,0,0,0,29,7,26,46,19,4,29,0,0,22,10,0,21,0,0,16,0,35
3,0,0,0,19,43,9,0,0,1,0,0,0,26,0,10,4,7,0,12,0,0,0,0,0,0,2,0,0,0,13,5
0,1,0,0,29,5,19,49,35,0,11,0,0,2,0,0,2,0,0,0,2,0,1,0,18,8,0,0,10,0,0,0
0,33,11,0,0,0,0,11,22,6,0,0,18,22,27,38,0,0,0,0,0,17,0,8,0,0,0,2,0,0,0,20
0,27,1,0,0,7,0,30,44,45,0,1,0,14,0,0,51,29,23,0,0,12,34,54,7,0,28,0,0,0,0,39
0,0,0,47,0,0,33,33,19,3,57,0,0,0,0,38,0,0,0,0,6,17,22,9,16,0,13,25,0,7,0,71
75,0,6,16,0,47,0,0,0,44,71,42,36,13,28,27,0,0,0,1,39,0,13,17,0,24,0,27,21,12,3,55
0,6,0,7,0,0,0,27,23,55,0,27,0,50,18,32,1,14,5,13,0,0,0,0,22,40,40,23,43,3,23,50
0,0,7,23,17,11,18,66,28,6,0,38,4,0,54,81,16,0,3,0,0,3,13,24,0,0,0,42,38,9,24,16
0,3,0,0,16,42,53,0,0,26,86,0,0,100,114,24,0,0,2,0,4,0,0,36,0,25,0,0,0,29,0,1
52,34,32,11,26,7,0,9,0,6,75,10,45,6,58,15,0,0,0,4,0,0,0,0,10,0,30,19,37,21,9,0
0,57,37,45,0,0,0,10,0,0,10,57,56,64,38,17,0,27,38,3,49,21,0,0,21,7,0,0,5,2,3,50
31,94,41,17,0,0,91,1,27,12,23,0,44,27,0,0,30,17,0,0,65,0,0,31,0,21,0,1,23,15,27,31
0,21,78,77,60,48,26,142,0,0,0,11,100,0,91,0,0,0,2,16,24,2,13,72,112,0,0,0,0,41,0,48
78,0,9,16,59,6,64,106,0,0,0,0,60,32,34,0,2,0,2,9,8,0,40,75,87,119,21,5,0,0,0,16
7,13,47,27,0,112,69,190,2,0,15,0,0,0,13,0,0,6,1,0,0,0,11,69,172,0,0,40,11,13,0,0
0,11,0,11,0,0,23,97,27,6,50,0,4,1,68,0,27,13,0,19,37,0,25,12,16,24,0,3,0,16,6,0
127,0,41,0,1,0,0,0,0,14,0,0,0,7,0,0,0,0,0,44,12,0,12,33,0,3,0,2,0,19,0,0
17,0,17,0,27,0,16,0,11,11,0,0,0,2,0,10,0,0,0,18,2,0,5,0,0,11,0,7,0,0,5,0
22,0,6,12,0,24,21,10,0,6,21,15,0,4,0,0,15,0,0,0,0,9,6,0,20,27,8,0,2,0,0,23
47,0,7,0,0,62,43,51,75,39,11,8,0,4,0,0,24,0,59,43,0,84,1,19,12,87,98,12,14,0,14,0
0,0,0,17,0,0,70,77,174,30,11,22,3,0,0,0,0,0,0,109,153,84,38,0,85,29,58,19,27,0,2,0
82,0,0,0,0,8,0,0,57,124,0,9,0,38,13,0,17,0,32,18,82,36,44,53,65,0,32,58,176,102,0,40
0,22,43,0,39,0,24,9,0,0,18,49,0,22,24,0,0,46,22,56,140,86,71,100,24,18,151,0,64,34,0,0
0,22,9,0,0,26,24,0,3,16,0,25,0,38,0,0,0,40,17,0,0,15,166,115,133,10,56,16,1,27,50,0
158,0,0,0,0,8,13,6,36,0,56,2,0,0,0,22,0,26,16,4,31,17,0,10,44,92,6,33,0,0,0,3
0,0,5,12,6,9,0,2,26,7,28,13,22,18,27,7,0,1,0,2,0,0,0,0,0,25,0,0,0,5,0,2
62,0,15,0,19,0,37,0,0,0,32,24,0,2,0,0,0,0,4,27,8,32,32,0,0,13,1,11,0,0,0,17
0,0,9,0,29,44,6,41,57,0,33,36,0,0,0,4,0,0,0,21,0,37,40,0,34,46,24,5,0,0,7,0
6,0,23,0,0,66,0,24,0,0,0,75,0,15,33,0,0,20,0,12,2,113,128,195,23,0,44,27,26,16,18,0
0,0,0,28,0,21,0,2,0,52,9,19,0,0,0,0,0,14,0,74,82,200,101,121,0,4,37,19,0,0,0,55
0,18,25,0,18,32,0,4,13,35,0,18,0,0,0,4,0,0,0,13,8,0,1,1,0,11,0,0,0,6,0,24
0,5,0,6,0,35,0,0,0,0,0,14,11,0,14,0,8,8,0,0,2,0,25,28,0,0,9,0,0,5,0,2
0,0,0,37,0,0,4,12,0,0,18,0,13,7,1,32,0,24,27,25,2,13,41,9,0,0,0,0,7,0,5,23
0,0,18,0,6,12,9,0,0,1,46,13,41,5,27,13,0,12,0,66,11,0,16,0,0,39,51,2,0,0,0,48
0,5,17,30,0,0,1,23,0,5,0,1,0,0,0,41,4,14,0,0,0,26,0,4,0,0,6,6,23,0,22,0
35,0,38,37,12,11,42,1,11,0,0,1,0,15,0,38,6,18,0,21,8,0,0,32,0,0,0,6,0,0,8,36
0,19,0,32,15,23,5,1,6,7,31,0,0,28,41,25,51,5,0,15,0,0,11,0,0,0,0,30,29,0,0,65
0,0,20,0,0,3,0,0,16,29,0,1,6,73,38,0,3,5,11,39,9,0,22,29,55,0,0,46,3,0,2,12
35,0,0,0,40,17,23,0,31,26,0,0,10,78,0,19,0,0,0,0,0,60,0,0,11,0,35,32,86,19,55,31
0,4,38,0,3,0,0,8,0,9,0,7,0,0,98,41,0,0,12,3,8,17,31,56,39,0,0,0,39,40,23,14
15,12,0,0,16,0,6,0,2,0,0,4,0,82,109,53,12,32,0,0,0,27,44,131,4,0,7,2,19,0,0,0
0,57,6,0,28,0,0,0,17,94,0,0,82,87,99,0,4,0,17,24,9,46,1,0,0,23,49,0,0,23,0,0
95,47,9,51,70,0,30,27,19,0,26,58,0,0,242,58,0,2,10,27,43,5,10,19,0,2,0,0,0,40,0,250
43,0,12,35,23,0,95,45,17,26,38,17,43,34,0,26,0,0,0,0,17,7,30,0,2,0,4,28,0,0,0,0
161,55,62,2,14,30,18,60,0,0,48,9,77,0,2,0,0,0,10,0,0,2,8,6,0,34,27,0,0,6,2,0
60,0,21,14,7,13,0,54,18,73,0,8,15,20,0,0,0,0,0,22,0,0,11,0,5,16,0,0,3,18,13,16
93,33,28,1,22,18,42,0,0,55,0,0,0,48,188,0,0,0,15,23,0,0,6,0,2,3,6,63,19,0,5,0
0,0,0,0,0,0,13,9,21,0,3,0,0,146,85,187,0,13,0,0,0,18,0,9,5,2,40,0,0,0,11,23
80,12,7,25,0,0,20,0,0,0,0,0,36,2,58,116,12,0,0,0,0,0,0,9,0,32,0,33,0,0,0,0
108,0,9,5,16,0,0,0,13,0,0,38,131,157,46,0,6,3,0,14,5,64,0,0,4,29,18,0,0,10,77,139
0,0,10,35,16,0,0,0,14,0,65,54,48,38,111,2,20,37,9,0,73,58,0,20,0,0,41,13,61,0,20,170
0,0,0,1,0,30,0,0,0,48,0,76,75,9,5,0,3,13,0,0,2,0,6,0,19,0,8,0,21,1,0,0
0,27,7,0,0,0,0,37,66,0,0,10,64,13,12,0,0,1,0,3,0,0,43,5,21,24,0,0,7,0,31,11
0,6,34,0,16,0,0,0,43,0,33,85,9,0,0,0,0,0,6,5,15,0,10,0,0,12,23,0,0,0,0,7
0,0,30,19,13,0,0,66,0,10,26,0,14,3,0,0,6,3,16,10,19,34,43,0,19,0,18,42,3,0,0,0
0,0,0,0,0,0,0,16,49,24,44,0,41,13,50,1,20,4,0,0,5,0,23,39,3,4,106,228,140,0,0,0
0,0,0,3,0,0,7,0,55,14,0,0,0,0,2,0,94,246,163,166,17,12,5,0,24,0,55,197,0,15,7,4
40,0,6,1,0,2,0,7,17,0,0,0,18,0,32,22,86,29,109,190,138,15,39,0,0,0,52,38,0,0,16,41
2,3,29,3,63,28,0,0,0,55,9,0,0,22,34,0,11,185,99,0,0,13,0,32,0,0,0,0,0,41,11,0
0,0,0,34,0,0,0,19,34,21,44,22,0,0,18,24,14,78,13,0,0,0,13,16,24,15,24,0,11,1,0,13
48,0,0,28,1,0,14,16,0,30,64,0,0,0,125,48,123,0,42,0,0,1,39,16,9,0,0,0,0,0,0,0
0,0,46,0,26,0,12,18,0,25,86,42,32,4,6,0,72,9,0,0,0,1,0,0,0,40,13,19,30,21,0,10
0,27,11,6,10,11,0,0,0,0,16,9,0,2,0,0,33,0,1,0,63,31,0,1,0,13,0,8,0,26,24,12
105,0,23,4,10,4,0,54,30,5,0,0,26,26,0,26,0,10,0,145,83,0,2,5,7,0,0,3,0,0,0,0
69,30,30,0,0,0,0,35,0,11,115,15,9,27,0,0,30,40,212,0,42,117,0,0,12,0,0,0,50,158,0,0
57,27,0,21,0,0,0,23,11,20,152,0,0,11,1,14,0,15,235,19,46,27,48,21,8,25,13,16,145,112,118,116
38,0,0,4,22,4,0,58,0,41,250,0,0,26,8,20,12,171,58,1,32,0,121,2,0,48,188,90,82,155,0,103
0,0,7,15,5,17,40,3,51,0,57,75,17,0,0,0,17,0,0,25,66,56,119,0,6,7,5,0,25,2,0,95
0,0,0,0,42,34,40,0,31,28,20,0,0,0,0,0,6,0,34,0,78,10,86,24,0,0,0,0,6,20,0,39
28,17,0,31,0,0,0,23,0,0,0,7,0,37,0,26,0,1,0,0,18,9,0,0,0,0,0,0,0,4,0,0
0,0,0,11,0,38,53,23,30,17,177,0,55,4,13,0,0,0,0,0,0,0,44,25,0,16,0,0,0,21,52,224
0,0,0,0,14,0,0,63,0,136,155,43,135,1,0,0,0,11,0,0,40,34,0,0,39,0,0,191,215,58,0,120
0,0,0,8,10,4,14,5,0,11,241,108,242,55,9,34,4,0,0,0,11,24,15,1,0,0,22,0,23,0,0,69
0,43,62,0,64,23,13,12,49,59,75,56,83,7,0,28,75,179,0,0,30,0,49,5,8,3,104,34,51,53,0,0
7,64,0,71,3,14,0,39,0,0,128,37,4,38,0,5,19,18,12,36,17,0,0,1,8,30,3,8,40,66,0,39
0,0,26,23,21,31,0,14,18,0,62,45,40,0,14,0,0,0,0,0,16,0,0,0,0,0,0,15,0,0,112,12
0,76,57,16,36,0,21,63,32,1,0,0,31,19,0,16,0,0,0,31,43,8,18,4,23,0,14,0,0,5,43,0
0,0,14,0,32,0,0,43,0,0,3,7,24,13,7,2,2,28,0,0,0,9,0,0,0,0,23,4,11,0,0,36
31,0,71,61,0,5,8,0,0,0,0,0,0,0,0,0,0,38,9,0,6,0,10,82,105,0,0,0,0,19,0,28
34,0,0,8,0,0,0,0,0,0,0,0,0,17,0,19,14,0,29,0,45,93,140,188,75,19,4,15,8,0,0,0
0,26,0,10,15,0,0,30,0,0,13,27,2,0,134,156,64,0,15,10,0,38,0,0,29,37,10,0,0,0,0,0
0,44,10,23,0,0,0,0,5,35,32,0,123,38,0,7,3,0,16,28,0,4,0,34,0,11,52,2,0,0,14,14
0,18,0,16,0,0,0,0,0,0,0,29,233,213,253,61,198,14,37,30,5,14,0,1,94,30,30,19,0,0,0,0
0,0,23,0,0,59,14,6,0,0,0,12,181,190,250,190,21,1,35,0,4,6,1,2,0,0,20,5,0,0,6,19
0,39,0,0,0,35,3,0,0,9,9,2,0,36,73,0,106,45,0,0,0,0,0,0,0,61,36,0,15,0,20,0
90,36,0,19,16,0,19,0,0,14,0,0,0,48,0,0,120,22,22,0,0,0,0,11,0,1,18,18,54,6,31,0
0,0,0,0,0,0,24,0,0,12,20,0,0,16,10,63,97,69,113,0,0,0,27,0,0,42,0,30,1,0,0,21
60,0,2,6,17,18,15,0,5,4,0,0,0,1,22,0,9,7,88,8,0,0,0,0,0,10,0,32,3,15,9,0
0,21,3,17,0,0,33,21,7,24,6,0,0,56,21,0,30,45,85,0,17,0,17,9,28,0,29,0,0,25,0,34
45,0,92,0,16,32,4,0,0,19,0,0,30,10,12,0,0,22,67,22,57,0,44,12,0,0,17,4,17,6,10,0
0,2,0,0,42,18,4,14,54,4,18,0,0,0,24,0,0,42,40,16,0,0,13,0,0,1,48,16,11,0,9,23
57,0,0,33,0,31,16,39,3,12,0,28,0,0,15,18,0,42,0,0,23,0,0,0,0,0,3,0,0,0,16,32
58,10,16,0,0,23,1,14,6,35,2,0,0,19,0,0,11,16,0,0,0,0,0,0,10,11,5,7,12,0,10,0
1,0,0,15,1,0,0,52,21,0,66,31,69,0,0,24,22,0,21,2,0,24,0,2,0,0,16,7,38,0,11,0
7,28,30,0,28,0,23,34,8,107,0,0,0,49,0,0,46,156,245,0,0,22,6,0,0,0,0,10,2,35,29,0
1,7,22,17,10,0,0,122,115,18,0,12,9,0,0,2,49,126,18,0,4,0,23,0,0,1,0,0,0,1,0,0
245,25,39,3,0,0,0,26,16,26,0,0,14,0,0,216,18,0,19,0,0,5,0,0,17,10,10,4,0,13,0,2
249,59,83,7,29,0,29,91,0,0,0,27,52,0,69,171,0,0,18,2,8,0,0,0,0,0,49,32,0,1,0,0
139,0,8,0,0,50,0,0,0,30,0,7,11,0,48,32,0,53,55,0,16,0,8,17,5,23,17,51,25,25,0,0
216,11,0,16,0,13,0,11,0,0,36,0,0,0,0,0,0,30,17,0,22,4,177,126,70,166,72,0,22,33,17,19
0,0,0,2,1,28,46,0,27,0,11,20,1,38,0,4,0,17,0,0,215,78,179,13,180,69,82,16,0,30,24,85
1,9,24,0,32,14,0,13,10,43,0,0,56,10,0,0,1,4,0,119,172,248,84,24,41,0,0,28,0,6,27,154
0,26,0,0,0,6,0,0,0,24,0,0,23,9,32,0,5,63,45,55,0,11,0,37,0,10,0,40,5,18,62,54
43,0,0,11,0,16,45,0,0,13,40,0,0,5,18,12,29,20,37,4,1,0,0,0,10,8,0,6,64,105,19,109
210,69,0,0,54,0,44,0,7,0,35,22,37,21,17,0,19,0,0,0,0,19,13,0,0,0,0,6,80,25,23,20
70,185,160,123,12,3,5,11,25,48,8,9,0,11,96,0,44,0,0,0,6,0,21,0,16,0,0,0,47,32,25,51
89,83,21,58,0,4,233,3,142,0,75,74,16,0,16,0,42,12,0,0,30,48,14,17,49,12,41,0,14,0,0,25
0,27,75,11,0,37,222,113,34,25,46,0,30,39,0,0,37,9,0,33,12,0,0,0,0,0,2,0,20,0,14,32
0,0,10,0,0,0,159,147,8,2,105,10,32,0,0,0,0,0,0,35,0,0,11,31,3,13,0,0,0,0,0,28
0,0,0,0,3,22,7,68,10,185,130,40,21,0,0,12,11,0,0,24,0,0,29,35,29,14,0,0,0,5,0,0
10,0,0,1,42,9,12,0,16,0,20,2,0,13,0,0,0,0,0,52,9,0,0,0,48,24,3,3,0,0,0,0
11,6,0,3,0,19,0,0,43,3,18,44,17,7,34,63,4,0,6,7,23,4,24,0,0,0,0,1,0,0,0,44
0,0,0,0,0,0,43,27,0,6,42,0,0,2,85,35,0,12,2,4,0,46,30,0,0,14,29,10,0,3,22,0
0,0,19,0,72,81,159,0,12,37,0,50,30,85,0,40,0,0,2,22,20,33,0,9,12,0,1,5,1,0,2,14
0,16,0,0,135,212,203,0,103,45,0,2,238,58,19,0,0,6,0,2,13,0,0,24,16,0,0,0,0,40,52,1
0,36,34,7,184,59,65,0,90,13,42,21,44,3,16,0,31,24,35,26,18,0,0,0,0,3,50,16,30,0,37,0
0,0,41,113,55,21,49,58,89,4,9,0,0,11,6,36,0,0,1,53,12,0,0,4,0,57,0,6,0,3,7,0
0,38,0,1,190,12,179,161,36,25,3,0,0,0,3,0,16,14,1,0,23,42,16,14,0,0,33,18,0,39,7,0
40,0,17,197,97,124,246,73,34,0,0,29,14,0,10,0,0,63,12,8,2,3,16,14,0,20,2,0,0,17,0,48
0,35,42,109,131,221,64,6,56,5,3,0,12,23,0,6,29,17,29,15,37,0,25,40,36,27,50,0,0,42,44,0
0,0,2,0,0,4,42,0,0,8,45,54,36,0,0,7,17,23,0,44,10,0,16,0,0,0,24,25,0,0,0,0
0,0,10,0,0,0,0,0,0,6,19,0,7,0,0,2,10,12,4,0,0,0,0,1,0,0,0,2,0,0,2,0
4,3,4,0,8,0,0,26,0,0,59,30,5,0,0,0,13,16,0,0,2,34,7,0,0,9,26,8,4,0,0,0
0,43,0,8,0,31,15,3,5,0,24,8,0,4,0,25,52,30,0,0,31,27,6,0,27,0,58,59,10,6,35,0
0,0,9,1,28,15,14,16,0,25,0,51,0,0,0,19,1,0,0,0,0,2,0,5,0,2,0,0,0,16,0,0
0,16,0,5,21,26,24,0,21,1,13,14,16,7,25,12,0,11,13,2,36,0,0,0,0,0,0,0,0,7,13,4
0,6,0,16,0,0,20,0,0,0,33,22,0,0,3,10,8,5,6,0,0,24,19,0,20,0,3,0,0,0,0,0
0,0,20,17,0,2,0,1,35,0,11,0,0,0,2,0,0,7,14,0,7,0,0,0,6,5,29,20,0,33,3,40
11,0,51,0,0,0,0,3,0,0,10,0,0,0,6,3,1,33,5,0,1,0,6,34,0,0,8,0,17,1,30,0
0,4,0,27,0,69,27,0,0,33,3,0,45,43,37,0,9,11,10,0,13,18,30,0,26,0,46,31,35,0,0,0
0,0,20,1,0,84,10,37,60,0,6,8,0,24,0,0,0,0,0,0,6,0,5,6,0,2,0,2,0,1,21,13
0,0,3,8,58,11,0,9,17,31,0,4,0,0,29,17,0,0,0,0,0,4,26,0,12,18,36,21,8,0,0,11
0,0,5,36,42,32,0,0,22,0,0,0,0,185,26,0,63,0,0,20,75,0,0,2,13,41,63,0,4,24,29,116
33,0,0,43,49,0,0,0,0,16,0,2,0,25,68,35,34,30,9,0,0,27,0,37,0,0,0,80,7,4,0,56
37,0,28,16,101,31,4,0,0,34,19,4,40,179,20,0,24,0,10,0,9,0,0,17,0,4,0,48,0,10,45,46
39,0,27,3,107,0,14,21,0,9,0,34,51,109,17,6,0,5,0,0,0,0,10,0,10,16,0,20,86,38,31,79
0,0,0,0,218,0,32,0,16,23,0,0,0,37,14,0,33,11,9,0,0,8,29,0,0,0,0,27,42,22,2,0
0,0,0,36,255,40,0,39,14,0,40,5,102,0,0,0,0,0,0,35,0,61,0,0,0,0,14,29,2,0,0,28
4,0,0,8,90,71,0,0,0,18,0,92,13,4,0,7,12,0,65,37,19,0,18,41,16,0,0,0,0,0,0,7
16,0,11,11,103,73,26,0,7,0,6,16,22,23,19,14,10,17,34,20,40,0,0,6,0,10,0,13,0,23,0,30
0,29,0,16,35,32,29,0,13,16,0,0,0,14,8,0,198,113,35,0,11,0,15,7,0,0,0,8,17,0,22,30
13,0,30,9,29,5,60,9,73,0,1,44,0,13,0,38,49,25,164,100,39,0,51,6,56,31,35,0,0,0,0,41
43,0,4,0,28,25,39,0,0,20,0,0,0,30,35,4,61,43,213,119,9,0,10,0,0,0,0,0,16,5,0,1
19,3,10,6,51,0,0,0,6,33,45,0,36,121,121,83,0,28,39,186,2,0,0,0,0,53,0,0,14,2,1,12
38,10,0,23,5,29,0,0,29,18,0,20,2,48,45,86,42,166,0,8,31,0,0,12,37,0,0,6,0,4,0,0
224,24,21,0,0,15,12,11,0,0,0,0,0,119,82,206,122,65,10,0,0,5,0,8,0,0,12,45,16,0,20,0
176,70,16,0,0,0,0,5,1,0,0,0,49,55,13,19,170,40,0,0,0,0,0,0,0,0,23,0,3,11,0,0
86,34,0,0,13,0,39,6,0,0,37,0,6,17,98,189,95,5,4,18,0,0,0,10,13,0,0,39,0,0,27,0
0,4,36,23,0,0,106,0,13,2,28,0,0,45,216,0,34,29,53,0,39,29,0,16,0,34,0,16,13,0,2,45
3,47,0,0,69,16,170,1,2,32,25,3,11,14,0,0,0,26,0,31,55,3,16,17,33,3,0,0,29,5,29,10
26,0,1,12,0,0,1,124,0,0,0,40,16,5,37,0,0,0,33,0,0,56,0,11,0,0,0,11,0,0,0,0
0,10,13,6,48,0,0,0,38,28,75,0,133,70,28,0,0,6,0,0,16,28,0,19,36,22,55,0,0,0,0,0
0,15,10,0,0,31,1,45,0,22,0,7,118,118,0,0,0,14,0,0,10,31,0,7,30,9,4,0,0,0,3,0
0,0,24,0,4,23,36,0,0,13,0,126,0,117,157,0,35,0,5,5,27,0,57,0,0,12,0,0,0,0,0,0
23,32,20,0,28,28,0,0,0,0,0,69,248,221,11,139,22,0,0,0,0,9,0,0,6,0,40,32,59,1,29,0
0,2,0,38,0,93,0,33,0,0,15,22,163,187,206,78,0,0,2,0,0,0,9,14,39,0,16,12,8,0,13,0
14,0,15,27,93,169,35,0,11,0,0,31,69,2,158,0,0,0,0,0,0,17,2,0,12,0,14,28,8,0,0,0
0,20,0,0,64,187,6,0,0,36,0,22,5,0,16,5,0,0,0,0,0,0,0,0,0,37,0,26,7,0,18,53
0,25,0,0,16,0,0,11,0,0,11,13,5,3,0,4,29,0,0,34,0,0,0,29,14,12,0,0,0,15,0,25
0,16,0,0,0,22,0,0,0,0,7,39,43,0,29,0,37,0,0,0,0,3,0,19,20,0,0,36,0,0,26,0
3,9,0,9,0,0,0,0,0,0,3,12,0,0,0,0,0,0,6,0,0,0,3,0,0,3,0,18,0,0,6,0
26,16,0,6,0,12,14,16,0,0,0,0,0,0,5,0,11,0,0,19,3,0,0,2,0,3,0,9,0,0,0,0
22,7,0,0,34,1,0,0,0,27,0,16,0,0,0,13,0,11,1,26,0,19,17,0,1,19,4,6,0,0,0,47
0,6,0,8,13,22,0,26,19,0,41,41,17,0,45,48,14,0,0,0,0,0,54,16,31,20,9,0,0,6,0,55
0,4,0,0,0,37,12,0,0,0,0,0,0,0,0,9,0,23,0,31,0,0,24,0,25,0,44,28,30,5,9,69
31,0,0,0,0,25,73,0,16,0,0,34,0,0,65,0,0,0,10,0,23,0,3,34,43,28,0,7,0,0,0,27
12,0,4,30,0,0,0,10,0,22,0,0,9,9,0,0,16,0,0,0,0,46,8,0,16,0,27,23,0,8,35,9
0,0,4,17,0,0,21,54,1,0,12,9,0,8,0,8,0,0,0,0,0,32,0,30,19,0,0,13,50,0,0,6
14,0,11,32,23,8,47,45,38,7,112,23,40,0,0,3,12,0,6,13,0,0,0,0,0,1,0,3,0,0,0,7
44,71,1,20,15,20,50,0,0,0,10,26,0,18,0,9,41,0,0,0,0,0,4,16,0,5,0,6,17,6,0,25
103,51,0,9,0,69,3,28,1,0,0,44,0,0,0,15,0,35,8,0,24,0,0,0,9,0,23,0,0,12,3,0
33,22,32,35,0,0,0,53,1,13,0,33,26,0,16,29,7,0,0,0,0,0,19,9,1,18,52,0,0,0,27,35
74,28,78,30,0,0,71,72,0,0,0,11,49,59,36,0,201,0,24,0,14,17,0,29,0,31,0,0,30,10,0,0
40,36,0,0,32,0,0,3,0,0,0,36,40,14,0,116,92,36,0,0,0,0,0,85,84,34,9,0,17,0,8,23
16,51,75,127,32,14,37,23,49,33,0,40,0,0,0,151,37,0,0,8,0,24,20,23,199,7,25,0,0,0,0,3
0,0,17,52,39,0,20,0,172,25,0,0,16,0,138,147,1,0,0,33,39,0,44,31,0,12,0,0,0,47,0,13
0,0,0,35,0,0,26,42,223,0,43,17,3,0,3,39,0,0,0,0,0,44,0,0,0,0,32,37,28,5,0,11
0,0,0,0,10,10,0,1,12,0,0,8,6,0,6,27,2,0,2,2,10,7,0,15,0,32,0,23,0,0,16,26
26,13,38,0,32,47,21,0,45,0,6,15,27,0,23,0,56,27,3,0,0,12,8,15,0,0,0,30,22,7,15,0
0,10,0,0,38,0,0,0,58,108,0,0,0,6,0,0,20,2,119,66,0,0,50,32,0,44,0,0,82,40,29,0
0,57,67,0,18,40,100,0,41,62,116,0,14,17,139,0,60,22,22,53,11,46,23,16,0,25,4,0,20,0,29,1
0,0,26,23,37,1,38,2,79,86,235,0,7,0,0,0,18,32,104,22,46,0,25,38,24,17,55,0,28,96,67,37
0,20,25,41,14,45,15,3,0,30,33,1,16,31,0,0,0,59,83,104,41,57,44,73,81,27,70,6,41,75,0,0
0,0,0,14,0,0,34,0,7,11,12,11,37,24,5,27,247,0,38,7,0,34,94,71,57,205,154,199,4,4,0,43
0,0,8,34,0,0,23,50,10,0,0,35,0,0,14,66,11,0,0,0,0,57,49,15,164,76,34,2,18,0,0,0
0,0,0,24,0,0,0,9,0,0,0,0,0,0,0,53,84,0,0,0,16,34,13,38,0,22,0,0,0,7,0,0
0,0,0,0,0,0,0,19,4,0,0,28,0,3,0,1,9,32,206,171,7,0,0,10,24,0,0,0,0,38,15,7
4,0,12,0,0,0,0,1,0,12,55,3,0,4,0,0,17,0,0,11,0,0,10,0,10,4,48,0,0,0,0,0
3,38,11,27,0,0,9,0,20,0,50,41,84,0,4,63,16,0,0,0,0,0,32,31,208,78,23,32,42,0,39,18
0,0,0,10,0,0,0,0,0,27,87,26,41,92,0,0,3,3,0,0,0,0,39,248,190,17,6,0,0,9,0,0
