0,19,0,8,0,0,9,46,0,0,20,0,0,11,0,0,1,0,16,0,0,27,35,4,0,0,41,0,3,30,0,0
0,7,50,8,6,30,43,0,37,23,0,0,0,3,0,0,0,32,0,10,8,0,22,36,0,0,0,0,0,0,7,0
0,19,0,2,0,12,96,20,7,0,13,11,9,0,10,0,0,34,0,0,0,0,0,3,0,28,11,20,0,22,1,11
77,16,0,13,0,87,74,11,0,0,5,0,0,0,0,16,0,32,12,21,0,0,0,16,18,0,16,0,0,29,28,32
67,0,28,0,46,25,37,0,33,0,69,41,0,108,42,0,0,0,20,0,2,21,37,69,176,8,0,0,0,0,0,54
59,16,33,22,9,138,0,0,0,40,0,6,0,161,0,34,0,4,9,0,0,21,62,249,119,0,0,0,0,0,0,27
47,13,11,7,0,186,0,63,0,0,0,0,38,17,0,60,0,5,3,0,0,0,71,35,0,0,44,0,51,11,0,22
0,0,14,47,35,37,113,0,0,0,0,16,252,57,14,5,0,0,16,6,36,23,0,0,16,6,18,31,0,0,0,3
0,3,0,8,0,6,19,28,46,24,0,74,110,0,14,0,54,2,33,0,0,8,0,0,0,0,37,17,50,0,0,0
56,0,30,0,0,0,0,0,0,0,0,0,0,0,35,0,0,8,34,0,44,8,0,20,13,95,1,0,0,31,0,0
68,0,45,0,49,18,31,0,21,8,34,24,0,0,16,0,0,0,22,0,0,9,0,42,100,0,20,0,0,0,0,0
126,33,0,9,28,0,218,88,6,8,29,0,0,0,17,0,49,13,7,0,0,3,94,164,87,0,17,0,16,19,0,0
89,35,17,0,19,134,78,76,0,0,24,0,0,27,12,0,43,0,80,36,24,86,242,76,0,8,0,12,24,19,19,0
0,0,0,0,0,177,137,11,0,16,0,0,0,8,17,30,8,0,14,9,89,105,0,0,6,0,34,0,11,24,8,0
88,0,0,58,32,157,144,179,48,23,0,1,112,188,234,58,0,48,2,42,76,19,0,12,0,0,48,25,0,0,8,0
53,0,0,0,16,28,23,10,0,0,19,16,6,100,80,37,0,4,59,9,35,0,3,2,19,31,0,0,60,1,0,19
142,57,0,33,76,205,124,0,0,0,0,80,0,19,0,0,0,12,0,69,41,0,2,0,41,25,31,48,0,0,39,0
27,22,14,44,55,5,80,78,0,16,2,11,3,9,0,0,0,31,0,16,0,31,0,2,25,4,0,15,1,0,37,0
48,23,35,81,0,87,36,34,24,32,0,8,0,0,18,0,5,0,0,0,39,192,18,10,0,15,2,24,30,16,12,0
14,46,0,165,8,65,34,55,74,38,0,0,1,0,5,9,0,0,0,0,14,7,23,4,34,13,0,19,4,0,5,22
0,24,0,33,0,0,49,58,0,0,23,0,0,12,0,0,0,0,0,0,0,36,0,1,18,0,20,29,27,11,0,4
60,17,8,8,44,30,0,28,0,7,0,0,11,0,40,65,46,37,25,15,0,0,0,0,0,0,0,0,17,15,0,24
0,0,11,0,0,9,0,17,0,11,60,0,62,98,239,5,157,5,9,0,4,0,0,0,18,0,0,0,55,0,29,0
0,16,7,0,0,0,0,0,0,32,44,31,24,173,26,0,99,0,45,106,25,9,11,0,0,12,0,0,15,21,0,13
13,0,0,0,0,5,16,0,24,0,41,55,4,29,11,10,0,94,0,0,0,0,0,5,0,0,32,35,13,11,14,0
0,0,0,41,1,0,0,0,0,0,0,17,1,0,0,0,16,27,15,0,12,4,19,3,2,0,0,0,0,0,11,16
0,0,3,7,1,0,29,17,36,37,0,4,0,8,0,0,0,0,4,0,0,0,0,10,16,0,0,23,5,3,0,2
6,2,0,0,0,0,1,7,0,4,34,18,21,10,0,0,0,2,2,5,0,2,15,1,22,0,20,0,0,8,37,40
0,3,0,0,0,9,0,5,0,0,20,24,27,0,6,29,0,0,0,0,21,0,40,21,22,0,11,13,24,0,0,16
13,5,1,0,0,0,0,0,0,26,0,0,0,21,0,0,8,0,24,0,17,0,15,2,9,21,0,4,0,16,12,0
24,3,14,0,11,18,0,13,0,9,0,0,9,0,14,22,21,0,27,0,27,0,0,14,0,0,0,0,0,0,24,0
8,16,6,57,14,0,0,29,54,7,3,0,0,0,6,0,7,0,22,0,12,0,14,0,10,6,7,13,0,18,15,70
0,0,0,5,0,0,8,0,30,0,0,8,0,31,1,0,0,0,11,1,4,0,0,21,0,7,0,0,45,162,0,34
16,0,0,30,23,0,44,0,36,10,1,0,10,0,0,0,24,1,0,9,10,0,14,29,0,0,5,33,121,75,9,0
0,10,25,0,16,1,21,35,121,26,50,35,0,16,0,9,18,0,133,29,39,0,32,8,24,26,0,0,65,105,0,34
71,0,0,2,0,49,2,20,5,29,21,0,0,9,0,0,7,2,27,7,0,0,0,0,5,23,18,63,5,15,0,17
33,0,2,14,0,7,14,0,17,0,36,0,24,0,0,35,0,24,46,48,12,0,0,0,18,0,0,0,44,23,0,0
49,0,8,37,4,0,11,77,0,0,23,83,24,0,0,11,57,74,8,19,64,0,14,0,0,0,0,2,0,11,0,0
33,15,48,37,0,0,31,0,9,11,37,13,0,15,0,84,0,39,7,88,21,22,19,10,0,52,0,53,0,7,0,0
60,0,39,27,3,9,0,90,34,24,0,22,29,0,8,0,22,8,31,55,240,109,0,4,9,0,0,10,0,9,0,0
113,13,0,0,0,17,0,0,0,16,6,86,49,170,0,14,0,0,6,0,22,0,0,0,0,0,0,0,9,0,0,0
75,0,18,45,6,23,0,0,21,7,0,41,0,52,111,0,13,35,0,4,0,0,20,20,44,0,0,11,95,48,0,0
45,0,0,0,0,36,0,0,16,0,0,55,6,0,56,34,32,18,0,0,0,10,0,0,28,14,79,88,53,0,23,40
114,13,0,17,0,39,0,2,0,13,8,10,0,0,0,0,27,19,20,27,14,33,0,24,0,0,0,43,90,109,142,90
5,0,0,0,17,0,0,59,2,33,2,27,0,0,53,17,23,20,0,2,0,24,0,15,0,0,0,0,0,19,95,225
131,0,55,28,27,0,123,27,10,133,16,0,22,35,27,0,102,12,14,7,10,0,6,0,0,38,29,0,0,0,7,81
0,10,0,0,12,93,28,12,9,5,41,3,116,29,99,202,121,31,0,4,23,40,28,0,0,0,0,14,0,2,31,15
0,0,0,0,0,21,39,0,23,21,92,32,0,10,0,22,116,31,55,20,0,0,0,16,5,16,0,15,15,0,0,26
0,0,0,39,1,22,46,0,0,1,3,55,0,28,41,0,124,28,0,0,10,2,1,0,0,30,0,0,12,0,15,0
0,11,9,0,26,0,30,17,17,39,24,0,18,12,56,27,55,1,0,4,0,8,0,10,10,0,0,0,39,8,17,0
12,0,18,0,0,64,61,11,43,0,32,89,0,0,2,39,0,30,0,0,12,0,0,0,25,21,6,0,0,0,0,49
0,59,0,22,24,9,23,11,0,21,0,0,27,36,30,8,61,0,0,25,0,6,0,0,0,0,0,0,0,0,36,0
46,0,0,0,0,24,8,55,3,0,4,60,36,48,75,0,24,0,20,29,15,61,0,0,0,0,0,0,96,22,5,0
73,0,59,12,0,0,0,0,0,0,31,0,23,0,39,69,0,37,37,27,8,47,7,9,3,23,23,4,20,32,0,9
60,0,10,35,0,0,13,0,25,0,55,17,0,62,20,13,0,1,57,63,226,88,116,59,0,0,10,0,46,93,103,35
90,0,0,0,0,25,0,0,0,9,44,0,28,71,22,5,32,0,83,29,63,112,69,91,62,29,0,7,9,114,5,20
73,0,24,9,7,0,2,40,0,32,0,14,0,0,0,0,1,35,5,103,187,98,33,179,174,7,8,8,9,0,13,16
0,0,30,8,0,8,1,0,29,7,18,0,14,0,0,6,1,0,10,6,236,203,223,66,20,188,0,4,0,0,0,79
0,31,0,0,31,21,0,0,12,26,4,0,0,45,21,0,17,0,23,13,34,9,32,45,66,70,0,0,0,18,15,17
6,0,40,35,50,0,5,29,9,8,5,0,0,17,0,0,0,27,0,0,204,148,204,16,78,178,31,0,0,12,0,0
0,0,27,25,12,0,0,12,0,16,0,0,0,8,0,0,0,2,0,0,55,94,118,149,22,65,0,9,4,0,0,0
0,0,0,0,0,4,13,3,9,0,0,19,0,28,0,11,7,0,0,2,10,141,41,120,22,13,0,0,0,0,0,34
0,0,17,0,26,5,0,30,0,0,4,21,0,0,37,35,0,12,21,17,1,4,0,0,8,0,28,11,0,0,0,17
27,25,0,30,5,0,7,15,3,0,1,49,33,0,18,4,25,0,16,0,23,0,0,11,0,0,38,1,22,0,33,11
98,15,25,23,0,0,32,0,25,0,0,5,40,0,0,0,7,1,4,14,8,11,0,0,14,0,20,0,0,0,0,0
15,0,42,24,57,0,17,0,0,0,0,0,0,0,0,29,0,0,0,0,0,24,0,0,14,0,0,23,0,0,23,0
4,49,70,0,0,0,0,2,2,4,0,0,9,0,0,0,55,5,0,39,0,0,0,0,0,20,34,4,17,6,6,0
50,17,10,20,0,21,0,46,0,0,8,9,38,0,4,21,8,0,54,0,0,0,15,1,0,6,0,2,5,16,0,14
0,0,8,22,17,39,13,34,0,12,34,21,13,5,0,11,16,0,0,0,10,27,11,19,0,0,42,0,4,1,0,0
0,0,31,29,29,0,30,15,17,0,64,127,0,0,0,24,0,0,0,0,18,0,82,16,20,0,0,0,0,0,0,41
0,0,83,0,31,11,65,0,31,0,105,53,5,0,0,33,0,0,0,0,25,7,33,0,18,0,6,28,0,1,0,0
0,0,6,12,3,18,5,1,0,34,48,49,0,9,15,0,15,12,0,36,14,0,0,0,10,0,3,15,0,24,17,0
0,0,44,0,9,26,0,54,0,49,28,2,54,23,0,45,12,7,6,0,0,0,0,0,74,46,18,6,0,0,11,4
103,1,0,6,0,0,0,0,0,0,27,9,3,0,10,6,0,0,11,23,0,0,0,0,35,23,14,2,0,0,0,0
73,0,0,0,0,61,0,8,0,38,0,0,60,16,0,0,0,12,0,0,0,15,0,27,42,6,14,0,26,28,0,0
0,0,6,32,12,16,17,6,2,0,6,3,0,10,0,13,39,8,0,25,12,3,11,0,0,74,83,42,0,0,56,0
0,3,0,0,0,0,0,33,12,45,38,5,12,34,7,7,0,4,0,6,0,0,6,0,36,52,84,23,35,0,14,0
0,0,13,11,0,1,21,10,2,0,62,18,0,0,44,12,18,51,0,0,14,2,0,14,0,34,17,25,59,34,0,58
192,0,0,0,0,5,0,60,23,0,54,27,121,27,85,30,38,85,0,0,0,0,35,18,42,52,103,6,5,0,0,64
100,0,8,0,19,0,2,0,0,27,32,9,0,7,24,35,3,82,24,0,0,18,0,0,6,0,155,69,8,11,53,8
128,0,0,18,27,0,89,37,0,38,4,9,4,0,7,0,75,66,53,0,12,1,0,0,0,69,7,0,0,31,0,7
18,0,18,32,0,0,18,44,11,4,14,0,0,30,63,5,7,75,0,23,4,0,0,8,10,22,54,0,17,13,1,0
0,0,7,0,12,68,45,32,29,0,1,67,12,34,0,37,76,119,0,19,31,0,36,0,36,120,1,0,0,0,12,55
0,0,0,14,19,0,31,28,0,19,0,6,0,33,14,39,60,71,55,0,0,0,0,83,135,0,0,18,0,7,0,0
137,9,35,0,0,60,0,48,11,0,21,33,0,47,30,38,1,27,0,0,25,12,11,11,40,17,31,2,0,0,15,52
25,0,1,8,0,0,29,0,0,11,0,0,0,0,0,125,1,39,6,0,52,0,0,18,0,14,16,0,0,0,2,194
0,0,0,34,33,0,12,48,16,0,0,53,11,12,17,0,55,33,36,0,10,1,9,6,2,0,0,27,0,0,0,0
0,0,0,6,0,7,0,0,0,0,0,0,45,0,0,91,146,0,4,0,20,13,31,0,28,0,0,4,0,4,11,79
0,0,6,0,0,23,0,0,3,29,11,25,25,15,110,135,204,52,33,0,0,30,0,0,0,13,11,10,0,9,0,12
20,4,12,14,30,6,0,8,0,9,0,0,14,92,208,30,14,3,7,0,25,8,0,0,0,0,5,0,14,0,45,28
0,6,0,0,0,44,0,0,22,27,0,1,13,234,5,42,5,6,4,0,0,0,2,14,18,5,0,0,0,0,0,0
0,0,0,0,16,22,23,0,26,0,25,0,131,149,190,95,33,0,11,0,0,7,42,0,0,17,6,24,34,0,2,16
92,0,0,0,21,0,6,0,32,0,0,145,187,148,185,0,3,6,0,0,151,20,3,24,0,0,15,2,4,5,68,229
54,46,12,0,29,0,0,0,10,6,127,58,8,228,27,14,0,0,0,28,162,0,3,0,4,0,6,5,0,231,254,76
0,0,0,0,25,39,0,0,0,188,53,68,232,70,0,0,0,0,0,0,0,4,0,0,23,49,0,5,0,0,0,0
33,0,5,11,18,0,0,0,0,54,93,56,52,0,0,6,0,3,0,0,4,0,23,0,10,0,0,4,0,0,0,5
22,20,0,0,0,16,0,0,0,35,5,0,0,29,0,3,19,0,0,14,0,46,0,0,0,0,22,1,46,0,27,2
0,5,69,0,32,0,43,1,0,9,0,0,0,0,0,5,5,0,0,0,11,0,36,0,35,0,5,43,0,0,0,0
0,0,42,0,22,0,0,20,18,0,16,0,16,0,10,0,0,15,0,0,0,17,21,0,1,0,0,0,0,39,0,42
28,0,34,9,16,0,9,84,15,0,20,12,21,0,1,11,16,0,6,0,24,0,0,41,0,0,0,0,0,26,0,0
0,14,58,9,31,61,30,3,3,17,0,62,39,0,29,0,0,0,58,41,45,0,15,0,5,32,31,13,0,0,47,16
45,30,20,0,6,0,0,20,2,0,17,60,0,26,0,19,0,0,8,16,5,0,9,0,0,0,0,0,5,0,0,0
0,0,0,0,0,57,0,31,20,11,76,15,0,25,0,20,0,36,0,16,0,70,0,0,0,0,8,0,0,0,0,27
0,33,47,0,39,0,59,42,24,14,51,42,0,11,37,6,0,0,20,0,0,35,45,0,28,0,0,8,0,0,0,55
21,6,0,0,0,0,0,35,7,0,81,62,70,0,0,88,9,6,0,0,16,0,14,0,24,0,34,35,64,0,33,0
65,0,0,13,0,0,15,0,0,16,0,0,1,4,0,0,0,0,0,0,19,0,0,2,5,0,0,43,0,0,0,0
123,37,0,0,0,14,0,0,9,19,42,0,0,38,18,0,0,13,21,0,0,0,0,0,0,23,40,39,7,0,3,48
50,0,32,0,0,0,0,0,0,20,23,0,7,39,10,0,0,61,10,0,29,0,0,0,6,43,95,58,18,35,0,0
62,19,0,3,5,11,0,0,0,11,0,0,0,11,24,0,12,0,73,11,18,0,0,0,0,0,0,1,0,68,16,0
0,0,12,0,31,0,23,10,25,36,0,32,52,12,12,9,6,9,0,22,5,0,9,4,25,0,1,35,5,0,0,44
0,0,28,0,21,58,25,58,16,0,39,13,66,11,0,0,39,0,0,18,39,9,50,27,0,16,6,0,8,3,12,17
27,0,0,23,19,12,0,2,32,0,0,55,18,8,7,0,0,24,0,0,0,0,31,27,11,9,37,29,9,23,0,0
0,45,24,0,40,89,35,0,0,8,0,35,35,4,39,0,34,27,15,0,9,38,0,0,0,0,0,0,68,20,52,0
0,70,24,0,8,53,0,154,137,0,0,95,56,38,64,22,0,57,3,63,0,3,0,0,37,0,16,0,8,23,0,0
0,56,0,35,0,60,0,146,144,63,60,78,9,31,0,39,66,116,47,9,38,45,59,7,45,0,0,0,0,0,0,0
0,21,0,0,36,0,74,234,120,77,6,1,156,14,70,49,64,18,94,63,56,55,0,67,0,0,0,0,22,10,0,0
13,0,68,0,0,52,5,0,49,72,39,46,67,38,34,90,17,69,21,10,0,134,15,0,0,0,13,16,0,19,0,32
0,32,14,41,2,0,0,0,0,0,2,0,0,19,11,94,7,40,54,29,14,0,7,0,4,46,70,0,0,0,0,1
15,0,0,0,0,38,60,0,22,0,0,33,3,36,56,0,0,13,0,0,0,46,50,0,43,16,23,40,17,0,0,37
0,20,0,0,0,14,0,0,23,0,0,29,27,8,0,10,4,8,24,1,13,0,5,0,0,12,42,0,23,23,45,23
0,0,11,0,67,29,44,16,30,0,0,71,1,0,11,28,23,3,35,26,10,5,53,0,0,25,0,0,0,19,0,8
52,18,0,0,26,43,2,17,54,0,39,0,34,17,36,0,18,0,29,8,0,2,0,0,11,0,0,0,0,0,3,0
0,0,10,0,26,0,15,39,0,0,0,0,0,3,0,0,16,0,0,0,41,0,0,0,0,0,0,0,4,27,2,32
11,0,6,9,0,2,29,21,0,8,199,125,0,32,0,0,0,25,0,7,27,3,0,10,3,0,3,17,0,0,0,0
0,18,21,0,0,13,0,0,0,44,103,185,236,11,6,0,6,3,29,128,226,197,0,6,0,0,0,0,0,3,34,56
86,7,1,0,31,0,44,0,18,0,31,0,0,166,0,20,0,22,10,47,149,0,22,21,21,0,7,0,0,21,0,29
61,0,26,4,11,18,22,0,2,0,15,0,0,2,13,11,0,5,0,18,0,16,0,17,20,50,19,0,4,13,0,8
15,16,0,0,0,32,1,17,0,26,0,0,0,0,0,0,0,0,0,0,0,12,2,6,0,19,16,26,0,30,1,85
0,18,30,0,0,0,42,0,24,1,0,0,1,0,14,0,13,0,19,18,0,20,0,0,0,0,15,8,0,0,14,0
0,0,0,0,27,11,0,3,0,0,0,0,7,29,0,0,4,8,0,21,0,0,9,0,0,4,3,0,40,0,14,0
0,0,0,19,0,4,0,6,7,0,0,8,27,0,55,0,12,23,0,0,0,0,0,21,0,0,20,0,0,7,0,0
0,0,0,0,0,2,8,7,0,3,16,0,39,0,7,0,20,26,4,0,0,0,5,0,4,1,13,0,17,3,0,0
0,0,0,0,19,15,0,2,16,0,20,5,2,20,1,0,0,0,8,0,5,9,0,45,8,6,1,0,5,9,2,0
0,0,5,0,0,16,17,0,0,0,0,123,0,0,8,28,14,0,10,0,15,0,13,11,37,0,0,28,11,9,21,21
0,38,0,0,0,18,0,0,0,15,67,25,19,8,19,0,6,26,0,10,0,0,7,28,32,0,58,27,51,23,52,0
0,42,0,0,0,40,20,1,8,12,0,18,18,48,26,37,0,0,0,0,2,13,0,0,0,0,20,0,20,6,0,0
0,2,10,9,0,5,19,71,45,0,0,0,23,0,0,59,0,0,0,19,1,0,3,22,11,0,0,0,0,0,0,5
0,1,29,0,0,24,98,24,0,10,0,0,6,40,2,12,5,0,22,36,21,0,2,0,7,18,0,18,12,0,1,0
0,0,0,38,0,116,19,100,13,0,16,22,0,29,0,0,0,0,0,8,35,42,26,0,0,0,25,0,12,0,10,34
34,7,73,0,15,21,9,65,38,40,12,5,12,0,13,8,0,41,17,24,2,0,0,0,2,4,35,0,0,0,0,31
0,39,56,0,11,18,11,18,0,20,19,63,16,0,0,29,17,16,26,15,0,0,0,0,0,0,0,0,0,0,0,0
0,0,0,32,14,9,93,42,12,39,4,4,11,1,48,16,0,6,3,23,3,10,8,0,0,19,20,34,0,0,0,28
0,30,0,4,0,17,0,0,57,31,14,37,50,2,2,18,28,0,0,7,0,14,0,17,9,0,0,1,31,53,19,0
52,9,0,2,7,0,1,0,32,88,109,16,0,11,0,3,0,11,0,33,13,0,0,6,7,16,0,0,22,0,16,0
0,0,0,0,11,17,27,0,0,0,0,0,8,0,21,0,76,26,35,0,0,13,0,6,0,0,16,1,14,2,11,29
40,0,0,181,101,1,12,7,4,0,0,36,110,244,22,0,9,0,0,15,0,0,16,33,0,0,27,0,16,13,0,46
48,0,225,68,77,0,31,0,40,0,59,98,115,8,106,47,53,39,2,18,6,0,39,0,25,10,47,36,44,0,0,13
0,0,0,1,7,20,1,32,0,0,0,12,24,105,54,78,41,0,12,0,0,6,0,6,0,12,0,57,0,0,15,9
0,6,0,8,0,15,7,0,17,0,0,0,47,51,130,141,20,20,0,6,14,0,21,0,8,8,4,0,36,0,0,0
57,0,0,0,5,8,28,0,20,3,13,6,30,8,18,129,0,39,0,26,2,4,18,13,2,15,50,0,53,9,0,44
44,0,0,55,7,0,0,10,55,109,230,20,0,45,72,16,19,0,26,0,0,31,0,0,8,0,17,21,26,0,0,43
0,0,0,11,0,7,0,14,203,43,12,2,27,0,25,8,55,6,85,43,19,0,0,2,0,0,0,0,30,0,0,25
0,0,85,44,0,0,36,0,0,70,20,9,0,33,0,26,136,85,42,4,0,0,36,0,0,7,0,9,0,15,1,0
0,35,149,22,0,0,0,0,0,14,27,0,0,28,0,0,0,85,68,69,35,11,38,9,12,10,0,0,0,0,16,46
190,181,100,171,43,41,62,4,34,0,14,0,14,35,20,0,62,8,100,71,15,16,43,24,13,6,0,0,0,0,0,54
71,71,29,28,32,9,23,7,11,22,17,16,0,0,0,12,0,0,0,0,0,0,17,2,35,0,38,0,0,2,0,0
8,7,0,4,0,14,0,0,0,11,0,0,23,0,9,0,0,0,55,20,0,67,0,0,0,4,7,21,3,0,15,59
30,0,0,29,0,0,0,34,0,0,0,8,0,0,0,18,4,0,0,0,96,0,62,55,0,0,9,17,0,32,0,0
16,16,0,21,25,0,14,23,11,4,38,3,0,0,0,11,0,2,0,0,15,86,0,68,9,0,56,8,52,22,76,0
27,8,28,11,26,0,0,13,0,0,0,24,0,0,12,26,6,20,3,0,0,0,0,3,0,12,0,0,0,63,0,0
31,0,25,0,214,0,22,50,12,4,0,10,0,0,0,135,0,0,0,0,0,0,27,0,30,9,0,13,13,14,0,64
0,6,0,61,122,0,0,19,3,0,52,0,14,18,104,40,0,0,0,0,0,13,23,0,0,0,0,3,0,18,25,0
0,0,0,217,130,0,0,42,5,0,15,0,13,97,50,21,8,0,6,0,16,4,0,0,0,37,29,22,0,1,0,22
0,0,20,176,72,5,0,0,36,0,25,22,38,0,61,28,0,14,0,0,22,0,0,0,28,0,0,21,0,0,0,0
0,2,0,15,0,6,71,37,4,0,0,14,0,55,0,41,0,32,0,0,2,0,0,16,0,9,22,58,1,0,0,0
0,0,0,14,9,45,75,0,0,9,8,26,0,0,6,35,1,0,16,0,58,17,13,0,33,26,28,0,15,0,0,15
28,0,0,36,28,0,3,14,10,38,52,11,0,3,38,0,23,9,0,150,0,16,0,0,8,0,0,48,39,5,44,0
69,0,24,9,0,0,46,11,0,0,0,5,0,6,30,36,22,44,126,0,0,0,0,12,4,0,19,0,0,0,28,26
0,0,0,7,87,30,12,12,13,43,0,1,0,0,4,197,214,68,46,23,1,0,28,0,14,0,0,20,0,13,23,0
0,0,0,0,0,13,0,54,0,0,1,50,0,14,218,29,36,20,14,0,8,35,0,0,0,0,0,0,0,34,0,6
0,0,13,0,31,0,27,25,12,12,20,7,0,94,93,0,10,0,7,0,0,0,12,0,0,24,0,0,0,17,0,0
0,7,4,19,20,0,0,1,5,27,0,19,50,0,104,25,8,24,0,0,0,28,0,0,0,36,21,33,2,0,9,0
112,19,0,0,28,0,6,10,15,0,11,0,52,60,48,0,0,21,0,19,11,10,3,0,4,0,17,31,5,4,6,0
0,0,0,0,27,0,55,39,0,0,0,32,0,129,0,41,31,0,0,0,2,13,8,0,0,27,0,9,0,4,0,2
0,0,0,0,0,6,0,2,0,0,0,8,150,249,32,0,78,0,24,0,8,6,0,2,15,0,0,0,0,37,0,27
0,1,21,19,0,1,12,0,0,0,0,30,49,12,16,25,11,5,0,27,0,5,0,0,4,0,1,5,20,0,22,53
82,30,35,31,5,12,32,0,7,0,0,38,10,0,16,0,50,20,0,0,0,0,0,0,9,12,0,1,1,0,0,14
0,12,0,22,0,2,99,119,16,0,34,23,154,0,12,20,0,16,0,0,17,0,9,9,30,7,59,43,27,0,0,0
63,0,0,8,0,41,0,40,0,0,0,14,0,5,14,63,20,0,13,0,0,4,0,0,0,0,0,14,6,0,10,27
15,0,0,0,0,40,153,0,69,1,0,0,20,30,0,11,4,4,0,0,0,17,0,0,0,0,45,0,1,0,0,0
10,0,0,21,31,0,22,0,13,11,23,13,32,13,74,19,13,11,6,0,0,0,37,30,8,10,44,20,0,0,0,0
0,0,0,21,46,0,12,34,42,0,0,35,0,4,0,5,3,0,25,32,11,27,0,0,5,1,4,0,0,35,0,7
8,12,33,9,15,0,0,30,0,0,0,0,0,0,15,0,22,14,0,16,24,0,3,0,0,13,0,0,19,4,0,18
0,15,11,29,0,0,51,0,0,3,0,25,16,0,0,9,29,0,13,41,40,8,0,28,0,4,0,19,7,2,0,0
0,0,32,8,8,0,5,7,0,0,4,3,31,26,23,9,0,70,61,8,6,0,0,2,7,0,30,36,0,7,0,5
21,0,5,0,0,0,0,16,0,22,0,80,18,29,0,0,0,13,64,21,44,0,48,0,0,17,3,26,0,0,8,0
33,22,59,7,50,28,0,0,0,11,0,0,0,0,0,0,0,5,94,2,16,3,11,0,0,0,0,8,0,11,30,4
32,16,7,0,0,0,0,0,0,9,0,5,0,0,16,12,8,14,5,0,24,0,24,0,16,0,0,16,0,9,21,16
0,0,57,13,22,0,28,16,0,0,44,0,50,16,0,8,0,55,22,9,0,12,7,0,0,0,0,3,0,20,0,37
0,0,57,30,0,0,36,1,7,0,3,0,8,0,3,2,12,0,0,0,91,0,18,42,18,16,12,12,0,0,0,0
0,59,0,0,0,21,14,16,3,8,2,0,10,0,3,0,13,0,0,9,0,20,0,5,7,10,38,0,19,0,12,3
16,0,26,0,0,17,0,0,0,68,3,12,0,0,0,19,13,17,0,10,0,0,0,19,0,9,11,0,0,5,0,65
143,24,0,16,238,9,25,3,19,0,5,0,23,21,0,0,0,16,15,0,8,0,24,164,0,36,0,8,5,1,21,35
23,2,0,13,27,0,20,0,5,0,1,10,4,0,0,3,0,18,0,0,17,61,188,248,0,0,0,0,16,0,0,0
0,34,13,0,22,0,0,1,0,5,0,10,0,0,0,24,0,3,0,0,138,184,127,59,12,31,0,0,10,0,12,66
0,1,0,2,0,22,61,21,0,12,12,2,0,12,0,0,0,31,30,30,43,117,0,0,0,12,17,0,27,0,0,0
167,23,27,0,0,84,125,241,0,0,0,3,21,54,0,0,27,27,12,0,0,19,0,0,47,22,17,28,0,0,17,32
0,0,51,24,0,23,17,181,0,0,7,0,31,0,0,0,22,94,30,0,57,55,54,0,21,0,36,0,62,0,40,51
0,0,0,0,0,0,17,0,41,0,25,10,6,0,0,36,0,73,0,0,29,9,0,0,56,20,21,0,0,0,0,134
0,11,4,0,0,0,0,1,0,0,35,0,10,43,49,0,43,35,5,4,0,14,37,12,29,11,26,0,34,3,13,16
37,51,37,0,0,0,44,12,10,0,0,0,0,0,8,36,46,0,52,61,43,0,0,0,0,22,0,0,9,8,0,0
46,0,0,8,0,0,17,14,9,0,0,0,0,5,0,9,0,13,64,0,53,154,202,5,1,23,0,1,1,13,8,90
90,12,53,0,65,0,6,33,0,0,0,0,0,3,57,13,5,0,32,12,22,148,133,0,0,29,0,31,6,0,0,53
0,1,0,0,0,0,20,15,4,0,24,9,7,0,0,0,0,0,0,13,0,44,152,0,0,5,25,23,0,0,0,27
0,0,11,0,0,10,0,0,6,11,0,0,0,0,0,0,13,4,0,0,0,0,5,18,0,0,37,58,23,0,0,0
0,0,48,0,37,0,0,62,17,0,0,0,0,43,9,11,140,21,0,1,33,23,12,0,0,5,0,0,0,0,19,21
0,41,30,0,0,4,25,0,34,31,0,0,26,102,72,72,243,64,40,6,10,0,0,30,5,11,26,14,0,0,0,18
0,0,61,10,12,0,0,0,0,60,0,0,0,19,43,181,237,4,37,2,0,0,2,38,0,29,0,0,0,0,7,0
0,1,0,13,20,2,8,0,8,5,9,0,4,0,73,67,62,221,180,195,11,0,3,15,2,6,0,21,4,0,5,0
133,0,9,12,84,15,0,0,16,0,0,0,31,10,0,185,107,232,189,114,27,6,13,0,0,22,0,26,0,9,0,0
0,0,0,0,0,0,25,21,18,0,29,52,0,58,31,0,19,159,1,3,8,0,4,11,21,2,0,0,29,1,0,29
0,28,11,0,0,0,0,7,28,0,38,0,27,16,35,0,9,34,8,18,0,0,10,3,16,8,34,0,26,9,30,0
0,0,0,0,0,0,0,13,0,0,0,46,22,15,0,0,18,25,0,0,1,0,26,13,0,0,0,0,0,0,0,19
0,24,6,19,0,0,0,0,0,0,0,8,0,0,0,17,0,0,35,0,18,4,23,2,0,2,31,0,0,0,2,5
0,0,24,0,0,0,10,0,27,4,27,0,0,25,2,0,13,20,0,0,0,2,0,0,0,4,39,0,8,6,15,10
8,16,21,0,61,38,11,0,0,19,0,100,0,3,0,16,35,0,0,0,0,0,0,6,0,38,0,0,0,0,4,53
0,0,0,17,0,27,0,0,0,0,1,0,0,0,21,0,5,21,24,0,0,0,11,1,0,10,11,0,0,6,21,24
0,42,29,0,9,0,0,0,13,0,8,48,22,8,0,1,57,0,0,30,42,0,0,0,40,0,13,11,0,0,0,29
29,0,19,31,0,0,0,12,0,0,4,0,17,0,0,0,0,0,6,2,0,13,51,10,5,0,11,7,0,18,0,0
0,4,31,0,9,0,19,2,25,0,56,0,28,0,0,36,20,42,2,13,1,0,0,35,12,23,17,0,0,0,0,7
38,9,42,0,20,17,8,23,9,25,0,7,0,0,25,28,16,46,9,0,34,0,25,3,0,0,17,0,14,28,0,0
37,16,0,0,35,16,16,18,7,16,25,16,0,46,8,0,11,0,0,12,0,30,18,0,0,0,0,0,17,0,0,23
12,40,27,10,0,68,17,0,20,23,0,8,0,21,0,0,0,0,0,61,0,19,25,9,0,0,2,0,5,21,0,30
16,0,0,0,0,0,0,0,28,24,0,0,10,14,0,0,8,0,0,0,0,0,0,18,0,0,0,0,0,28,0,0
139,0,0,0,92,0,0,19,0,0,0,26,0,0,0,19,0,0,0,22,0,28,6,0,15,0,0,27,0,7,0,63
54,34,10,0,0,20,62,1,5,0,0,23,48,0,36,20,43,0,0,30,0,16,0,0,0,2,60,16,17,5,27,5
0,0,18,0,0,0,18,0,58,0,2,21,22,22,57,21,0,0,6,0,41,133,0,0,23,32,41,14,0,0,11,19
0,26,16,27,0,0,22,0,0,0,39,16,52,0,0,0,0,2,5,32,70,62,0,3,0,0,27,81,93,0,0,0
0,0,0,6,50,0,71,53,26,9,27,30,0,10,34,37,0,0,0,0,0,81,8,0,32,2,84,38,37,32,0,18
60,54,42,0,3,0,0,0,0,33,0,75,29,38,0,21,0,0,0,52,196,60,0,0,0,62,24,16,28,44,60,53
10,0,0,32,6,31,0,61,0,21,17,0,18,77,0,29,0,0,0,0,137,39,0,5,0,0,107,18,59,51,0,39
64,0,64,0,0,68,69,0,0,54,32,35,0,96,34,26,0,0,26,15,106,0,24,4,13,44,0,102,121,0,0,118
80,11,0,0,32,16,53,0,0,41,0,0,100,171,0,0,9,1,2,27,250,0,0,79,36,7,22,0,78,0,15,27
0,20,32,0,0,39,18,0,0,8,0,0,42,201,22,0,31,3,31,72,103,0,4,0,1,19,11,17,155,44,4,0
0,0,0,2,0,0,0,3,0,0,5,0,0,77,18,3,18,15,10,23,4,0,31,0,0,0,0,54,44,10,0,0
0,0,4,20,0,5,21,0,0,7,24,45,136,0,48,21,12,0,17,0,68,1,21,0,2,4,5,38,79,0,52,0
0,0,0,0,45,0,8,0,0,0,14,39,69,78,3,33,5,0,0,0,40,4,30,21,0,0,15,0,0,189,159,122
0,0,55,1,23,0,23,26,57,1,4,0,75,139,35,39,0,0,0,0,80,0,40,0,13,26,76,48,108,0,25,52
0,8,43,22,4,0,0,0,13,0,0,0,26,33,45,0,0,1,0,0,73,26,9,0,30,0,29,0,44,0,84,62
0,0,24,0,17,0,0,10,0,0,0,52,181,18,97,0,0,5,0,2,27,0,44,29,25,0,46,48,142,24,49,234
0,4,0,0,0,58,0,0,28,43,0,142,216,82,125,0,26,0,11,25,224,0,0,0,0,32,0,0,27,135,41,108
0,8,42,0,14,54,13,0,0,16,74,101,144,0,22,0,20,0,0,147,81,0,22,20,0,40,0,68,153,21,19,68
0,0,0,8,0,23,0,0,0,0,153,241,119,0,10,13,5,3,195,241,134,0,0,3,25,0,0,233,197,6,0,13
29,0,44,0,0,8,21,0,0,58,0,37,0,9,7,0,0,15,168,122,0,0,11,0,0,14,50,191,27,24,0,5
0,27,28,0,27,0,0,0,0,21,18,0,13,0,18,10,0,14,56,0,26,0,0,14,0,0,4,0,0,0,0,0
5,0,18,57,0,16,0,0,3,6,25,12,0,0,0,39,5,39,60,0,33,26,0,0,0,0,0,0,0,0,13,52
33,0,0,2,0,0,5,0,0,12,11,26,21,0,11,0,43,202,111,178,114,108,0,20,24,6,8,3,14,4,0,0
0,0,19,30,27,0,0,2,0,10,0,0,0,27,0,30,166,30,72,100,120,17,6,12,15,0,27,13,8,0,38,1
3,1,0,0,0,18,0,0,0,45,10,0,0,0,12,98,48,246,215,94,41,1,33,117,39,0,8,0,15,14,28,0
0,17,0,0,0,0,29,57,0,0,0,51,0,98,216,27,220,56,149,73,41,0,117,93,48,33,0,46,7,0,0,17
0,7,0,0,0,13,36,0,0,0,0,0,26,124,148,144,215,63,157,120,0,24,0,12,0,0,0,9,0,0,0,0
6,5,16,0,29,16,0,41,2,0,40,8,0,158,242,59,89,174,14,3,17,0,16,0,26,0,32,1,8,49,0,0
0,1,0,1,1,0,0,0,13,3,10,49,35,191,159,204,74,6,0,0,9,3,0,0,0,0,0,2,31,0,43,0
12,10,0,0,0,16,53,32,17,0,0,34,0,186,239,135,29,12,32,0,32,0,53,0,21,17,0,41,0,3,2,0
17,10,20,1,69,0,24,21,61,0,19,7,0,3,0,22,0,0,21,1,10,6,31,18,42,0,23,4,9,0,0,0
5,0,20,24,0,11,38,0,0,5,3,0,9,0,22,25,14,20,26,0,17,5,0,0,0,0,0,0,0,20,28,0
46,0,1,71,28,2,8,16,0,0,11,10,1,0,0,8,35,0,3,19,4,0,0,0,1,0,0,6,0,0,26,14
0,3,2,16,21,0,63,0,11,32,31,17,0,0,0,0,0,1,14,7,0,3,17,10,0,0,75,47,0,0,28,0
19,0,0,0,0,0,15,8,13,0,0,0,0,30,27,0,0,0,1,0,24,23,0,0,0,0,27,43,0,0,0,46
31,23,5,0,18,0,0,13,0,27,0,0,0,0,0,0,0,0,5,27,34,41,0,0,0,8,0,26,30,0,0,73
35,0,0,0,0,0,0,0,14,0,20,38,16,3,0,7,0,18,8,5,23,0,0,0,0,0,16,0,60,33,0,23
0,10,0,0,7,0,8,0,6,18,6,30,0,29,0,25,0,0,11,4,87,0,0,0,6,18,64,0,39,27,12,57
0,0,27,34,0,0,8,30,22,0,0,0,0,0,0,21,4,0,13,0,11,10,28,0,28,51,0,43,0,0,0,23
0,43,11,0,0,23,5,0,14,62,7,37,0,17,25,0,15,0,0,75,0,0,0,39,0,0,0,0,0,0,0,77
144,3,41,22,4,0,0,0,20,18,21,32,34,2,7,0,0,0,0,14,25,0,25,19,2,0,28,0,25,0,0,12
2,3,6,0,27,16,35,0,0,0,45,0,13,42,0,0,0,0,0,0,29,6,0,0,0,0,0,0,21,38,23,29
64,0,16,0,0,0,0,0,0,6,11,16,24,0,0,28,40,0,0,16,0,12,0,0,21,0,0,20,20,0,0,16
0,5,9,0,0,19,106,6,3,158,1,0,72,13,86,136,27,17,60,0,10,0,0,3,0,0,14,22,4,25,0,0
83,3,4,9,0,62,144,60,66,0,34,0,0,66,158,37,22,21,18,0,24,3,18,24,27,2,16,0,4,33,0,0
111,14,8,0,3,138,119,69,8,0,7,42,0,60,29,41,0,1,0,2,36,28,5,0,11,0,9,0,11,18,11,0
216,14,0,0,23,34,120,6,15,0,40,129,71,214,37,12,0,8,0,4,0,4,5,52,11,0,46,34,18,14,58,0
0,11,0,0,27,0,37,0,46,0,12,94,58,28,6,0,0,0,0,24,9,0,35,81,30,0,60,15,31,28,0,6
17,14,22,0,27,2,27,0,48,25,88,69,22,22,11,2,0,2,0,36,89,43,30,0,0,45,17,0,0,9,32,21
0,2,0,0,13,0,1,0,0,96,20,45,25,14,0,45,4,19,21,137,7,2,17,5,7,0,21,0,0,25,0,13
0,2,0,208,224,43,66,53,60,66,0,5,0,0,0,0,32,0,0,6,16,5,2,5,11,17,0,0,45,0,9,0
0,20,0,126,200,168,152,83,6,0,1,8,56,0,13,0,21,0,26,0,0,14,0,9,0,10,0,0,0,59,2,0
73,0,35,209,4,105,55,96,10,2,7,0,0,21,5,0,0,2,0,1,4,0,21,0,23,22,43,22,0,5,0,0
76,0,79,18,30,62,53,3,0,8,23,13,16,0,0,141,11,12,34,40,10,9,0,7,43,24,38,0,26,0,12,0
46,0,23,0,33,14,36,59,27,191,234,17,76,59,122,0,58,0,54,10,77,67,0,14,10,0,0,0,1,0,0,48
83,0,26,19,17,0,40,239,186,150,104,69,38,0,16,6,22,18,238,144,158,7,45,13,15,0,0,21,0,0,0,5
0,0,0,9,0,0,0,0,20,16,0,12,0,0,0,14,123,144,55,39,41,41,24,4,0,0,0,0,0,30,0,6
0,16,0,0,0,0,0,15,0,42,0,13,20,0,0,17,16,33,48,30,0,7,0,0,0,42,0,20,3,9,23,6
28,0,25,0,0,0,34,0,0,14,41,17,25,1,8,0,48,6,96,38,17,0,0,34,16,2,9,0,0,0,0,0
0,0,12,29,27,2,11,14,18,0,31,0,33,0,0,29,10,4,0,0,0,30,6,0,0,20,0,17,0,0,0,0
33,46,2,0,0,8,2,0,20,24,27,16,66,63,23,0,37,0,9,24,7,0,0,0,0,2,23,0,30,7,33,33
0,0,9,0,0,54,77,0,25,0,33,98,22,210,4,4,0,0,0,0,0,0,0,0,1,15,2,0,0,6,0,24
57,23,42,20,74,155,250,38,0,22,0,0,1,0,14,49,0,0,3,2,14,11,17,31,0,14,4,13,0,0,0,63
0,12,22,19,2,80,82,57,7,0,2,41,3,0,0,59,0,3,16,0,1,6,34,0,16,18,11,0,6,0,0,9
0,10,59,0,0,31,17,0,25,0,8,3,6,0,0,42,14,5,6,0,7,27,0,5,6,12,0,8,2,0,0,24
0,21,0,10,11,0,30,36,51,0,0,0,0,23,25,11,26,17,44,0,54,0,26,31,0,0,5,0,0,32,23,13
20,0,3,10,5,26,0,0,0,10,20,0,26,12,14,0,3,0,7,29,0,45,14,0,0,0,0,10,0,0,5,22
0,0,3,1,0,29,10,0,30,0,0,33,0,9,4,0,2,8,0,0,24,6,0,0,61,0,0,40,40,3,0,0
0,27,199,0,1,20,7,0,4,14,0,2,4,19,0,11,14,0,0,10,0,0,0,5,1,14,11,0,90,84,49,65
0,50,9,34,0,0,0,18,10,10,21,22,61,4,58,51,10,0,24,0,73,11,0,7,4,0,0,9,0,0,0,39
12,39,137,37,0,23,0,0,7,0,18,0,34,37,16,3,18,0,3,23,9,0,26,22,0,4,0,13,2,0,0,15
20,76,99,43,0,0,0,0,22,9,23,34,11,0,0,0,0,6,0,5,0,0,36,0,0,0,3,29,20,7,16,0
11,142,1,19,0,5,0,0,0,51,0,30,47,19,12,19,16,5,11,0,5,0,0,0,0,14,10,2,0,14,5,0
180,63,113,42,20,0,62,109,237,0,0,76,0,0,29,33,0,27,0,10,0,0,34,0,13,0,16,23,28,0,19,0
113,71,110,52,14,60,58,102,26,10,43,100,0,0,0,0,0,0,30,0,32,0,33,0,29,0,15,0,18,0,0,8
0,3,5,11,0,64,94,47,34,179,71,0,45,0,41,89,85,41,31,3,12,0,0,0,27,19,0,48,0,0,26,16
13,15,0,0,0,6,0,90,83,8,45,44,26,49,53,10,28,23,132,0,11,0,0,0,0,51,7,0,7,1,0,25
0,31,0,0,0,13,64,26,0,11,73,0,0,0,13,27,0,27,12,25,0,0,0,17,22,12,0,0,31,11,21,6
0,0,23,21,16,0,0,38,0,3,47,24,0,41,0,0,39,0,0,37,0,22,0,0,5,32,28,0,0,0,0,27
125,32,9,0,16,0,28,8,4,122,58,0,5,11,18,0,0,0,42,7,8,0,5,17,29,0,16,0,0,10,18,0
0,0,40,0,116,125,12,28,7,21,30,0,0,7,3,98,206,0,0,3,6,0,6,0,0,2,0,0,27,0,0,21
0,14,0,0,96,45,0,17,0,19,0,0,35,196,172,130,75,0,14,56,0,0,0,33,0,8,0,20,26,38,20,54
0,3,31,19,98,51,66,0,0,0,0,29,4,8,77,109,69,5,20,0,0,0,0,0,9,9,43,0,0,13,0,0
0,0,0,68,0,21,0,14,0,0,0,4,50,0,137,101,6,0,0,14,47,0,15,44,0,0,16,46,0,0,24,1
0,37,0,0,5,0,6,0,0,12,0,0,14,97,106,31,7,39,0,18,10,5,2,0,0,24,25,18,0,0,35,36
53,0,62,35,0,10,3,50,10,60,32,189,41,0,88,100,16,0,54,17,0,59,0,23,0,0,113,0,0,0,0,0
35,37,0,0,52,51,0,0,21,1,53,2,34,57,223,11,48,8,38,0,0,1,0,18,0,0,34,10,19,8,5,9
0,12,75,0,0,0,14,21,0,62,70,33,0,0,142,0,53,6,67,21,41,11,26,0,43,9,12,0,4,0,8,5
0,0,204,24,25,0,0,0,0,47,96,0,32,0,0,0,74,137,126,107,27,0,0,28,30,0,5,18,0,13,0,33
0,0,122,64,0,0,0,0,0,32,79,14,49,0,2,0,62,0,2,18,0,15,23,0,3,1,0,0,0,0,0,56
0,32,25,22,9,0,29,0,21,0,165,3,23,57,29,0,0,25,0,12,10,0,0,34,32,4,43,5,84,8,34,0
46,11,8,0,0,0,1,61,0,0,49,0,0,0,0,11,5,0,0,0,0,25,13,2,0,30,6,10,0,0,7,0
0,0,0,17,0,0,0,0,10,0,20,16,45,7,14,3,0,0,0,0,2,6,37,0,0,0,24,0,0,0,0,0
83,0,0,0,30,24,28,6,0,0,15,0,24,8,15,0,6,0,0,0,2,28,0,6,50,0,38,14,15,6,0,0
93,0,42,22,56,38,9,0,0,11,0,25,1,0,0,20,28,10,7,22,39,5,33,0,50,13,9,29,0,0,3,0
9,0,8,0,24,4,21,0,0,10,5,0,0,0,0,11,7,0,0,3,0,0,18,7,0,0,3,7,0,8,2,14
77,0,0,0,0,0,13,4,0,32,0,36,7,0,6,0,33,153,42,26,7,0,0,5,2,40,0,0,23,0,12,4
52,1,1,0,0,0,163,17,0,32,16,31,0,51,11,0,31,54,18,19,43,7,0,0,0,8,1,0,46,0,33,0
196,23,0,19,19,0,218,252,25,0,0,12,6,0,30,177,38,58,29,0,0,8,46,0,1,0,0,55,0,0,0,43
210,0,0,0,0,35,23,0,0,33,0,0,23,24,74,78,0,0,0,20,0,0,0,21,0,33,0,7,87,0,10,29
127,0,0,0,0,0,0,0,0,0,0,14,0,0,0,0,20,13,9,0,0,0,0,26,0,0,0,0,13,47,12,52
74,0,0,4,20,11,6,30,0,9,10,0,20,0,25,0,74,5,0,20,10,14,63,5,0,17,24,10,0,3,4,7
62,109,0,17,0,0,0,0,10,0,1,36,22,0,24,0,4,23,42,0,158,36,0,0,64,22,10,14,7,24,6,75
70,110,135,16,9,36,8,0,28,33,9,9,39,12,47,1,7,0,80,223,31,0,7,14,49,0,0,31,0,0,0,17
140,106,206,3,5,11,0,0,0,0,0,0,0,0,14,11,82,159,176,110,13,6,7,10,0,0,0,0,0,0,0,4
236,45,65,8,0,0,0,2,28,0,0,0,35,0,0,47,117,37,56,24,5,4,3,0,3,0,24,6,45,2,64,7
208,0,11,43,0,19,0,13,71,23,26,26,14,20,23,34,69,14,25,0,4,21,0,0,26,0,49,37,34,0,0,0
59,2,26,23,0,12,41,0,44,21,5,24,0,0,4,37,33,0,32,2,19,16,40,22,19,48,8,0,0,0,0,38
0,6,30,0,0,12,14,0,16,59,54,0,24,2,49,0,0,0,49,29,0,0,35,0,27,16,67,0,9,1,16,0
0,0,0,34,24,0,0,0,17,25,0,1,14,1,0,32,113,8,0,0,0,2,23,0,0,3,17,15,0,0,17,10
0,1,0,0,0,0,0,33,0,35,27,10,0,0,135,56,0,0,7,6,2,12,4,0,0,0,14,0,0,24,0,0
15,0,11,17,0,0,13,50,16,0,0,0,28,5,0,5,0,0,23,20,80,0,19,0,8,17,0,13,0,0,0,5
64,6,0,4,0,34,0,0,0,17,23,0,2,0,5,0,46,0,23,8,0,3,0,0,0,20,0,0,23,7,15,7
0,0,0,0,0,37,0,0,11,3,0,2,9,46,23,1,28,0,0,14,35,0,3,29,0,0,0,0,0,0,0,0
92,0,0,0,0,2,0,12,191,18,49,32,50,0,46,75,34,0,6,7,0,21,0,0,0,0,44,19,58,1,0,26
0,0,19,0,0,46,0,71,4,19,0,0,15,1,20,0,27,18,58,31,0,12,13,0,0,0,0,0,23,29,9,8
0,40,4,0,0,54,12,0,29,0,11,0,24,23,130,51,12,17,0,0,0,0,0,16,7,29,30,1,31,0,58,16
0,0,20,0,0,7,0,0,8,43,1,77,9,26,0,9,9,5,1,0,3,0,20,0,0,0,10,44,16,33,23,12
3,0,12,15,0,6,2,0,0,0,20,0,0,12,69,0,0,23,0,43,0,13,13,0,0,0,0,0,23,0,0,0
19,0,0,0,0,32,0,0,16,13,0,30,0,19,1,0,8,8,31,27,16,0,10,30,0,13,0,0,0,0,0,32
43,10,17,29,25,0,0,40,9,0,50,44,39,4,19,26,0,115,7,2,31,12,34,0,11,0,71,39,12,0,0,0
0,19,6,0,4,28,0,78,13,0,66,0,0,0,0,0,33,5,0,0,35,7,0,23,0,45,71,0,0,19,0,0
0,5,18,3,8,23,0,0,0,14,1,11,0,14,0,0,0,28,0,7,35,0,0,4,0,2,0,7,12,5,6,0
21,30,0,0,2,0,18,24,0,0,10,5,0,0,0,30,2,8,0,0,49,26,7,3,39,0,17,0,0,0,0,0
0,16,10,0,0,2,0,0,0,6,0,9,0,0,0,0,15,0,49,0,34,14,20,0,0,0,0,10,31,6,13,3
5,0,0,0,13,0,0,52,0,0,0,0,0,0,0,0,13,0,43,1,12,0,17,17,18,12,0,0,0,0,0,17
9,0,0,0,0,0,9,0,0,0,0,28,3,34,9,16,0,36,0,36,0,30,0,26,0,0,12,0,29,0,0,0
14,0,0,6,0,1,28,21,0,13,16,27,0,65,18,0,0,10,0,0,3,8,0,10,0,0,0,4,4,29,20,0
141,135,0,68,49,48,53,0,19,19,9,51,0,55,52,0,0,4,0,5,0,29,20,0,28,33,41,0,31,6,14,19
0,87,69,176,1,2,46,130,11,0,23,0,53,0,51,31,30,1,0,0,0,34,69,0,0,0,33,50,0,0,0,33
125,22,88,155,49,41,13,150,193,17,0,0,0,15,84,80,7,0,10,0,0,24,0,23,0,0,0,0,0,0,0,0
0,7,186,62,77,87,0,65,18,161,0,3,0,9,4,37,0,0,0,1,0,0,34,0,28,24,2,0,53,13,0,0
142,0,3,9,0,6,0,0,9,32,22,0,0,0,0,0,5,0,0,0,8,0,17,19,0,0,52,0,52,54,0,0
0,39,0,0,0,21,0,0,0,91,0,0,0,39,16,0,23,0,0,33,0,0,0,0,0,28,81,14,0,29,18,0
0,16,9,32,0,0,0,19,0,0,0,9,0,0,17,2,23,0,0,3,0,0,0,0,67,86,211,0,77,14,32,14
0,36,63,19,0,32,48,67,38,29,31,0,0,0,13,0,0,0,3,1,1,4,10,8,85,157,194,215,194,0,9,0
0,81,7,12,22,39,54,4,23,17,74,129,30,0,0,5,9,0,4,20,0,19,13,0,130,93,240,183,112,4,5,28
0,27,0,0,11,37,0,2,54,85,194,70,108,2,0,14,0,2,0,4,10,19,0,6,100,9,38,187,116,29,13,4
0,31,0,0,0,7,6,0,25,0,53,69,26,22,7,38,0,0,13,0,9,16,0,0,16,5,171,227,0,20,0,0
0,0,16,0,18,9,0,8,19,52,146,201,226,61,5,55,0,0,96,45,5,14,0,6,16,13,0,37,12,50,0,0
59,37,0,0,20,18,0,16,0,0,113,18,0,21,0,21,25,13,232,240,11,16,5,13,0,16,0,0,0,0,0,0
0,0,0,0,0,0,0,0,26,11,28,30,19,0,11,51,0,0,107,70,6,9,0,0,0,0,0,27,0,0,0,26
42,44,0,0,2,0,0,0,26,0,94,41,56,8,40,0,45,0,0,102,11,9,0,0,0,0,19,0,2,0,3,0
0,0,0,0,0,15,0,2,0,75,52,23,4,0,39,0,0,0,23,7,33,0,17,0,36,6,19,5,7,2,7,0
0,0,7,0,8,1,0,0,0,2,0,0,16,0,0,0,8,0,61,43,0,7,8,0,18,9,0,16,6,0,12,24
0,0,0,0,46,6,11,0,0,23,0,7,11,26,0,0,16,0,35,24,0,0,0,29,8,2,0,49,0,2,0,0
0,0,11,0,0,74,0,0,0,142,0,0,0,8,0,0,20,81,21,0,0,0,0,25,5,135,111,0,0,9,20,0
0,0,0,0,31,40,0,0,0,18,11,14,14,36,4,84,93,10,99,131,59,0,0,0,18,98,120,0,27,1,0,39
0,49,5,0,57,0,0,10,0,7,0,0,35,0,96,71,15,164,94,42,10,1,0,0,0,45,31,0,14,0,0,28
0,19,22,0,0,46,0,0,12,8,18,0,0,43,39,90,167,184,194,124,65,0,0,21,0,18,0,1,41,33,15,0
11,0,0,38,0,0,0,22,1,8,20,0,40,39,46,0,79,225,194,40,36,12,28,2,18,0,50,0,23,15,6,0
0,0,0,0,0,82,0,10,13,0,64,0,0,27,52,2,29,158,114,108,62,60,41,0,0,0,54,0,0,35,0,0
0,0,22,9,14,3,63,68,0,30,15,0,36,44,4,19,16,62,162,240,217,10,16,26,17,0,21,36,11,0,0,16
0,0,19,14,0,18,42,0,27,6,15,24,0,80,0,28,41,185,149,213,79,40,0,0,0,0,26,21,0,21,43,0
0,0,0,21,20,2,8,0,0,4,0,16,0,0,0,25,0,6,110,59,0,0,0,5,0,11,0,0,0,11,0,7
13,2,0,0,0,13,24,0,21,0,0,0,0,14,11,0,26,0,0,4,11,0,0,0,0,0,0,28,1,3,0,26
3,0,0,0,13,31,0,27,14,0,0,7,7,0,5,4,5,22,7,25,0,14,32,0,0,46,0,0,0,0,16,0
7,14,6,0,17,0,10,0,35,4,21,0,0,0,0,0,0,23,3,0,16,0,0,34,0,0,19,5,0,6,30,0
0,0,0,9,0,13,0,0,0,0,15,1,29,0,28,78,0,22,0,0,0,0,0,0,0,0,0,9,0,0,0,0
0,4,16,0,24,0,0,26,18,0,31,0,0,1,0,6,13,0,18,42,25,18,0,7,0,0,0,16,25,0,13,30
121,62,9,33,8,19,16,0,0,13,13,0,37,60,13,0,1,14,0,12,0,0,2,20,0,7,19,0,0,0,0,8
0,36,51,77,4,21,0,30,0,32,0,0,0,20,0,18,8,0,0,31,38,12,0,0,38,0,0,35,0,0,7,39
8,14,82,0,37,0,0,0,4,0,0,12,22,11,0,0,0,6,0,2,10,93,0,0,0,0,25,0,3,0,29,0
0,0,23,27,180,16,74,49,44,0,34,38,0,0,0,0,0,48,0,0,33,0,16,23,0,0,0,54,0,0,0,0
59,0,12,31,18,0,22,69,0,0,7,43,0,0,0,32,6,0,0,0,0,0,0,70,17,0,5,53,0,64,16,0
0,77,5,1,0,31,0,3,0,35,36,94,28,14,0,0,24,0,45,0,0,7,0,0,34,0,49,0,18,0,33,45
0,0,50,45,8,0,0,0,0,4,13,19,0,42,0,68,0,46,28,0,16,15,36,27,2,18,0,8,0,0,2,16
0,31,6,0,17,34,0,27,0,49,0,0,0,11,133,0,2,0,42,52,0,26,38,27,2,0,0,0,30,42,36,49
0,90,0,5,0,30,57,0,23,8,45,74,49,37,0,0,8,23,4,1,14,8,17,71,20,6,30,14,21,1,8,117
0,0,78,0,0,53,16,0,14,19,24,13,0,20,85,0,0,2,0,0,0,66,77,22,0,0,0,3,43,35,67,51
0,28,3,0,0,3,7,0,0,24,113,4,31,173,210,55,0,4,10,0,0,100,98,6,1,4,0,0,93,117,0,10
0,0,0,4,34,8,0,41,40,0,18,0,0,17,196,19,0,0,6,0,36,203,41,16,16,0,0,1,23,5,0,5
0,23,0,0,0,0,13,19,0,0,7,46,49,254,176,5,43,0,28,0,79,24,0,0,0,0,7,12,36,20,29,122
0,0,13,7,54,0,37,17,1,7,0,0,30,8,98,12,0,0,18,25,46,14,19,7,22,0,0,12,24,102,38,66
0,32,0,7,32,55,16,42,14,0,30,36,117,247,14,17,18,0,13,0,245,16,27,10,0,0,0,35,75,25,11,12
25,0,10,0,16,15,36,0,0,58,4,59,0,44,25,0,0,0,7,58,0,0,0,0,0,5,0,10,147,27,7,0
0,0,9,30,8,7,0,21,31,22,40,59,17,8,57,0,0,0,0,7,5,0,0,0,22,21,66,14,72,0,49,0
2,0,45,6,1,0,9,13,3,0,0,23,244,71,80,10,3,0,0,0,7,7,0,0,0,25,0,0,9,11,26,0
19,0,18,0,0,0,8,0,2,12,0,113,229,62,0,4,0,0,20,0,17,11,0,1,29,0,4,0,13,11,0,34
73,37,62,0,0,0,0,0,0,4,0,216,215,91,57,28,37,0,0,38,39,10,10,35,0,1,0,0,13,9,10,28
0,0,0,23,0,0,0,0,19,50,0,111,41,41,58,0,0,17,25,0,36,0,4,9,23,31,0,18,0,0,0,169
0,5,0,8,0,2,4,6,0,14,0,205,117,57,25,0,0,43,102,18,0,46,0,0,0,0,63,35,0,174,29,0
0,0,4,1,26,2,0,0,19,92,87,118,31,0,29,13,22,88,200,59,17,0,0,0,13,0,8,218,232,104,0,0
3,27,18,0,0,9,0,23,49,35,58,63,0,0,0,47,4,0,0,14,63,8,32,0,5,18,3,42,6,0,0,30
25,0,0,45,0,0,0,59,6,46,79,0,21,28,10,0,0,16,43,49,39,4,69,0,11,10,52,13,2,0,6,17
0,30,0,5,30,0,9,12,0,12,0,0,0,0,6,0,0,9,98,0,81,0,0,0,21,43,66,0,0,4,0,19
0,10,0,29,0,0,14,0,3,0,0,25,43,0,0,0,22,17,83,86,75,0,0,5,36,0,0,0,26,0,0,0
0,0,0,35,9,0,25,33,45,0,21,0,0,0,26,51,39,50,150,0,6,0,0,0,0,0,0,16,0,8,0,0
0,0,0,50,0,0,22,0,12,25,0,7,0,0,171,105,40,35,11,30,22,25,38,0,0,3,0,0,0,0,0,14
0,0,0,23,0,3,0,0,0,0,0,12,138,249,255,227,1,0,4,18,217,22,144,4,22,0,13,7,0,7,13,0
46,10,0,0,6,0,0,11,9,0,0,51,229,30,178,89,0,0,0,22,0,7,3,2,0,0,0,0,0,30,0,21
0,0,32,14,0,0,29,1,15,34,37,39,105,62,182,48,8,0,4,9,4,45,17,0,17,0,13,3,0,4,0,5
0,77,54,23,95,11,0,0,0,28,25,0,0,10,12,0,20,0,0,18,0,0,0,8,0,0,16,0,0,17,0,66
0,110,30,70,0,38,16,115,0,0,0,0,18,17,7,0,18,30,0,5,0,14,21,0,18,11,43,44,29,0,1,0
0,27,103,13,27,0,0,0,0,0,28,0,0,33,0,0,0,0,0,35,0,0,0,56,1,0,19,36,12,0,20,0
0,25,72,23,112,0,97,0,91,9,75,33,12,24,3,0,0,0,0,29,0,2,0,0,0,0,28,0,1,20,0,0
0,23,29,25,37,13,28,53,0,0,24,39,0,48,0,0,47,28,5,0,0,6,0,36,0,0,16,46,41,16,1,20
0,69,22,0,22,1,0,0,11,0,3,66,25,0,44,51,42,26,18,0,0,0,69,38,0,64,0,0,3,0,0,0
0,0,9,13,50,75,19,0,6,24,0,25,0,0,8,0,0,15,0,4,0,0,0,0,0,27,0,7,2,2,33,6
0,0,27,0,0,0,30,1,15,6,0,66,0,5,28,1,0,1,0,0,0,25,0,0,22,36,49,14,0,12,7,84
0,0,54,87,0,18,0,7,14,12,37,30,65,0,0,24,14,0,0,6,39,0,25,0,39,0,10,10,1,0,11,52
40,0,10,0,1,0,11,18,15,15,9,0,0,26,0,0,0,18,25,11,11,0,0,0,0,32,0,0,0,2,27,0
0,0,22,20,2,0,0,16,0,6,22,0,0,22,0,10,0,8,1,0,21,0,20,7,32,13,69,12,24,0,31,0
83,2,10,0,1,0,17,0,28,58,53,0,3,0,0,0,0,0,0,0,3,11,15,0,3,0,0,11,0,0,0,4
0,0,13,16,0,0,0,51,107,0,38,41,31,0,0,10,16,27,44,0,2,0,8,34,14,0,0,0,0,81,0,44
0,13,0,21,4,31,0,0,17,52,0,0,0,40,16,42,2,0,162,65,8,0,30,37,16,0,0,6,62,76,6,0
130,0,40,3,5,1,48,228,87,21,26,26,0,10,0,22,88,219,72,54,0,0,0,0,0,9,0,30,0,0,7,0
35,0,0,23,0,44,126,30,43,84,12,19,22,1,32,212,205,7,29,3,3,4,16,2,0,18,39,0,0,0,0,48
114,0,0,0,0,75,160,0,10,10,30,0,0,0,41,13,32,0,0,0,21,0,7,0,3,4,0,39,23,2,0,2
10,0,0,24,8,0,34,30,40,0,11,18,13,119,36,48,7,0,7,0,0,0,22,4,9,0,58,23,24,0,0,0
64,0,0,31,0,0,0,9,39,3,29,10,0,7,0,23,0,28,0,13,0,71,36,106,1,0,0,30,0,0,0,0
140,20,0,5,0,3,0,0,0,0,6,18,13,2,0,0,0,6,0,16,164,119,127,136,4,0,0,26,4,0,0,0
21,0,0,0,42,0,6,0,4,27,0,16,0,22,27,8,0,17,92,10,70,101,0,0,10,9,0,4,15,16,16,0
0,4,7,10,17,69,0,50,0,4,0,31,21,0,0,11,7,5,19,1,5,0,14,0,3,2,0,9,0,0,0,0
0,13,0,31,119,163,90,12,6,0,16,17,32,16,29,0,0,0,8,20,0,0,0,0,0,0,0,23,24,12,18,0
12,38,0,12,151,29,15,36,114,36,19,0,17,61,0,0,0,0,10,54,0,4,12,0,0,1,0,30,2,32,0,19
45,20,15,48,21,33,240,82,33,44,15,63,13,30,0,13,0,101,83,71,0,196,55,58,22,14,19,18,4,5,10,0
149,0,0,10,11,1,77,65,16,24,32,25,19,51,35,66,105,98,186,0,44,0,3,29,5,0,20,0,0,19,0,0
68,23,0,0,17,35,21,0,51,30,69,0,0,17,2,21,81,57,69,45,0,0,0,0,0,29,16,12,12,0,0,13
0,10,0,12,0,11,0,5,0,9,0,0,0,16,0,16,6,12,0,41,7,39,21,31,0,23,0,20,6,0,8,0
20,7,19,0,0,0,26,0,0,0,49,13,19,38,28,0,0,16,0,0,4,0,0,0,26,21,0,10,12,0,16,0
56,0,30,0,0,9,24,12,0,9,47,55,76,43,34,1,13,0,7,21,6,0,0,0,0,6,40,0,0,0,0,0
0,36,0,0,26,7,0,5,8,121,161,123,219,17,0,0,21,14,10,0,8,0,0,26,0,0,7,0,20,19,29,0
32,20,20,0,9,37,9,0,10,8,19,10,0,50,0,0,0,3,0,0,0,1,0,0,0,34,0,18,21,0,8,16
0,23,0,0,0,11,21,0,6,1,16,0,0,13,16,32,0,0,0,31,31,7,0,0,2,0,0,35,0,0,0,26
0,63,97,15,28,46,64,0,0,84,61,0,34,10,13,0,47,0,23,44,0,0,0,0,3,20,44,0,23,0,16,0
0,28,0,55,0,0,0,46,0,19,0,38,0,0,0,0,25,0,0,20,0,24,0,0,0,0,0,40,0,14,0,11
0,0,5,0,101,5,44,0,0,21,67,27,6,54,27,0,24,0,14,6,0,0,61,10,1,3,0,0,8,0,63,0
0,2,0,5,56,77,24,0,36,7,0,6,0,0,0,0,22,0,0,1,17,26,11,0,4,10,0,24,13,8,0,28
0,13,5,0,2,42,17,0,9,16,33,120,0,0,0,0,25,0,43,16,5,5,12,0,5,12,9,1,17,0,0,24
25,0,28,8,23,0,0,29,17,0,57,4,0,0,0,25,0,0,0,0,1,48,0,0,0,29,0,20,0,0,10,9
0,15,54,0,0,0,44,18,20,45,48,10,5,12,0,0,0,6,0,3,0,0,6,20,0,0,0,0,15,8,0,0
35,0,78,52,0,8,0,6,11,16,0,0,8,11,8,1,8,0,0,0,2,51,11,0,0,0,7,8,3,0,10,7
0,27,103,38,45,32,0,23,99,0,0,0,0,0,0,6,0,0,0,13,20,0,3,4,25,7,0,0,16,0,19,32
21,61,70,50,64,66,19,33,17,0,23,48,72,50,0,0,0,0,0,30,10,5,15,0,0,28,0,4,0,6,0,26
60,164,82,77,44,24,1,11,0,21,32,26,34,0,2,19,0,4,12,7,0,10,27,23,13,0,1,0,8,58,0,30
186,9,0,0,0,87,20,25,185,0,0,72,13,5,3,0,53,33,0,5,5,56,0,2,40,52,64,8,16,23,0,14
0,45,10,40,0,0,52,207,86,13,47,0,0,34,0,74,188,145,1,2,0,12,51,0,20,0,29,41,2,0,14,13
0,2,16,31,0,111,57,93,45,0,9,38,60,255,31,39,198,89,19,10,25,24,33,0,33,0,75,39,37,0,12,0
0,12,0,0,0,0,0,0,36,31,16,0,33,1,73,101,110,58,112,0,0,0,10,3,3,0,0,8,12,0,2,12
0,0,39,0,0,11,39,0,39,16,34,0,0,0,8,0,0,0,93,36,0,3,0,2,0,7,35,14,2,5,4,0
18,71,45,0,43,0,0,0,0,0,0,14,7,17,0,6,14,44,10,7,27,0,29,0,0,1,1,6,7,0,0,17
52,200,73,33,0,0,0,0,2,0,0,0,30,68,54,21,32,162,21,8,8,0,0,23,0,0,25,14,39,8,36,0
6,185,180,43,1,0,0,0,18,0,0,136,210,12,216,71,13,0,4,12,0,0,18,8,0,5,7,18,0,0,0,0
99,40,129,169,0,0,4,38,10,25,15,163,155,62,74,52,37,0,5,0,0,0,0,24,0,0,0,0,0,3,0,16
43,15,8,0,58,120,23,10,0,21,50,55,137,0,34,82,15,9,0,10,0,0,53,14,0,0,12,10,3,0,0,10
0,0,0,12,0,0,0,0,2,9,0,0,192,86,24,0,23,0,7,0,0,1,0,0,0,0,0,18,3,23,0,0
0,0,29,12,18,12,30,0,2,43,24,12,39,0,200,13,59,52,45,32,27,18,6,0,15,6,0,1,0,0,0,2
13,3,3,10,28,2,20,1,21,193,92,33,11,13,8,56,50,78,98,27,1,17,0,9,0,0,0,9,1,7,0,0
4,0,10,12,0,0,0,0,74,222,5,0,0,1,0,83,4,0,0,9,0,0,0,20,0,11,32,0,0,0,0,0
2,0,0,0,55,16,7,73,46,196,80,51,16,0,22,0,0,30,4,0,0,0,0,18,0,7,43,19,5,0,2,0
70,0,0,0,0,7,0,0,45,25,0,7,11,0,3,0,0,0,0,21,0,20,3,0,5,32,8,0,9,0,20,0
67,52,0,0,0,16,12,9,20,20,0,18,0,4,1,4,11,0,19,0,12,34,0,0,8,0,19,0,0,1,0,0
100,0,0,6,0,8,32,8,0,48,0,33,0,47,0,0,0,20,0,0,0,5,0,34,31,18,36,0,3,28,0,3
14,0,0,17,0,0,0,57,24,0,0,24,0,0,0,15,0,6,0,23,9,0,14,18,13,0,0,0,0,0,0,0
0,0,8,48,20,0,0,12,0,0,0,5,0,4,0,4,0,0,0,3,3,0,22,0,0,0,0,24,9,0,0,12
0,16,21,0,0,25,0,0,0,10,0,7,22,11,23,0,12,15,19,7,12,0,3,26,10,0,0,6,13,0,0,0
1,12,0,0,0,0,0,7,0,0,0,0,7,0,0,0,0,0,0,3,0,8,0,21,0,0,0,0,9,0,0,0
0,0,0,88,29,21,0,11,43,0,0,2,16,0,6,0,27,0,0,8,13,0,0,0,0,14,15,0,0,0,0,7
18,0,0,13,124,0,0,2,0,0,26,8,10,0,0,48,12,0,0,0,0,0,0,14,5,17,0,0,0,0,5,0
16,0,19,80,0,23,20,0,0,18,0,0,0,38,0,0,2,0,23,0,14,30,6,0,0,0,0,0,0,15,0,38
0,28,61,0,38,0,0,0,0,0,0,183,21,0,22,0,33,0,28,14,0,16,20,0,17,18,39,1,32,37,21,5
0,21,60,0,0,25,4,70,0,36,176,27,11,14,8,20,0,19,14,22,0,0,0,0,0,25,14,0,6,2,0,40
0,135,162,0,0,49,28,14,33,55,40,7,0,0,23,53,12,0,71,251,4,0,0,2,2,0,0,0,38,32,25,24
0,151,138,2,12,0,2,23,58,44,39,0,0,0,0,0,33,112,142,67,0,29,0,5,26,0,17,26,15,0,0,0
0,61,0,41,25,0,6,21,248,17,10,0,0,38,0,0,12,34,0,9,0,8,0,0,0,16,0,0,28,0,29,18
23,0,0,0,0,0,0,24,0,27,3,30,0,0,5,31,30,5,0,1,0,0,38,0,28,0,32,4,30,0,49,15
0,0,16,14,0,26,0,57,0,0,0,0,17,0,4,36,32,17,0,3,44,95,0,0,2,0,0,3,0,23,9,3
32,44,0,0,0,0,4,56,26,0,12,0,0,16,0,39,0,0,90,177,220,102,0,0,4,25,0,27,0,28,0,24
83,95,60,112,3,13,0,0,0,21,0,0,0,0,0,13,0,158,200,79,14,0,0,0,0,0,0,31,0,1,0,0
249,96,186,141,0,3,79,49,0,19,31,9,43,2,17,18,115,36,104,67,23,10,61,20,21,15,9,27,2,0,0,4
131,90,43,0,0,0,145,188,95,7,0,6,0,26,62,117,200,60,110,0,13,34,10,0,39,0,19,25,5,0,1,0
0,75,74,3,87,208,34,0,11,45,0,0,37,13,52,26,72,65,35,12,0,0,0,28,0,26,0,0,8,9,13,40
0,0,44,77,0,6,24,48,58,38,10,9,4,0,26,124,213,0,19,0,20,10,43,0,0,0,0,0,0,0,0,23
0,0,4,0,12,33,16,16,2,9,0,8,0,83,116,137,102,32,9,9,0,0,10,0,0,3,0,0,6,13,0,17
21,0,18,0,0,0,0,45,20,47,0,47,52,154,80,225,33,0,0,14,10,0,0,6,14,44,0,37,18,0,0,35
0,0,5,8,0,0,2,0,0,8,0,67,31,165,55,0,2,45,23,49,0,0,0,0,0,22,0,0,25,6,40,30
0,0,0,14,6,0,0,33,0,0,0,29,124,0,1,52,0,80,0,0,16,2,7,37,0,20,0,0,0,12,0,22
0,13,0,17,6,24,20,112,0,13,3,40,33,31,102,5,29,0,8,0,0,0,0,21,0,2,0,25,16,1,0,0
29,0,2,9,76,122,190,144,16,0,16,16,16,0,124,23,6,11,0,2,0,0,0,24,0,0,0,0,0,0,20,2
62,0,0,24,24,0,0,81,75,11,91,40,0,14,0,0,0,86,36,1,25,2,0,8,0,0,0,22,6,27,4,0
61,0,14,63,30,21,27,37,37,0,25,21,41,0,34,0,5,36,0,0,0,0,0,20,36,0,58,15,54,0,0,14
0,0,0,35,6,11,37,28,10,0,14,10,0,0,2,0,23,0,4,0,0,0,0,15,8,19,0,0,0,8,0,0
0,34,20,7,37,0,11,17,24,0,10,0,0,12,0,0,0,0,12,0,0,0,0,0,0,0,0,16,12,16,23,16
0,4,0,5,7,3,4,6,20,0,2,0,0,4,4,0,3,21,3,0,0,0,4,32,0,0,51,0,0,28,10,0
26,4,0,8,0,0,30,0,48,2,0,0,13,6,14,0,48,0,36,30,25,10,21,0,6,27,0,0,18,0,18,22
0,0,0,22,0,0,0,31,17,16,5,42,0,0,4,17,8,14,17,3,0,0,0,0,4,0,0,15,5,0,6,0
0,0,31,0,0,7,0,0,8,34,0,0,0,0,10,0,7,6,0,0,20,0,0,24,1,11,0,0,7,2,13,13
97,0,0,12,178,26,0,0,29,0,19,0,24,20,69,26,0,13,0,0,0,0,0,8,0,0,16,28,12,0,11,0
0,9,0,4,177,42,0,0,0,13,0,0,0,119,0,16,0,0,0,13,0,0,0,79,0,0,17,13,11,1,22,2
82,0,15,0,0,38,8,4,0,0,9,4,200,66,0,0,11,0,0,2,23,5,13,195,134,8,0,1,13,0,0,0
2,0,0,0,25,159,0,16,0,0,23,28,51,52,14,12,0,9,24,0,11,0,148,90,0,13,8,0,0,0,0,0
36,0,3,0,0,247,10,1,20,4,13,21,76,16,8,33,3,7,0,1,5,39,22,0,28,0,8,50,0,41,0,8
0,0,31,32,34,165,32,25,0,0,0,186,0,0,1,12,17,0,32,0,33,0,45,0,25,0,18,10,0,0,0,0
21,0,16,0,36,64,19,28,17,0,82,0,0,19,0,24,0,0,0,0,10,10,0,0,12,17,34,45,0,0,39,40
0,0,0,13,53,87,16,0,33,0,22,44,34,33,25,0,0,0,0,0,0,0,0,0,0,8,157,128,46,0,20,10
0,5,0,0,0,10,9,31,0,22,0,13,31,0,0,43,0,0,1,0,15,20,16,0,46,133,212,248,0,22,0,32
6,5,22,0,0,0,0,17,13,31,41,0,34,16,35,0,23,33,7,31,0,0,0,64,202,143,33,0,54,0,38,46
55,0,0,0,12,108,128,77,24,13,49,12,6,3,0,10,0,0,7,0,8,6,162,187,10,3,0,0,0,0,0,0
144,40,58,0,49,110,128,140,32,2,9,0,12,0,0,7,0,0,0,15,134,27,2,100,9,16,0,0,0,9,19,0
0,0,9,55,76,211,0,115,0,0,0,1,0,29,0,0,9,0,38,16,9,90,4,0,0,15,0,31,0,0,0,0
50,96,0,4,0,92,111,0,0,22,0,32,0,0,9,44,52,30,56,30,50,0,0,9,0,0,0,0,16,6,0,2
0,55,27,30,28,64,127,0,10,0,0,1,0,0,17,2,114,17,10,20,24,182,238,74,0,0,0,11,20,0,0,0
10,50,48,0,38,0,14,0,50,7,22,0,0,4,7,10,9,0,48,90,208,110,122,0,0,0,0,0,20,0,8,0
125,46,16,13,32,0,95,0,0,0,3,0,0,2,0,35,0,1,94,96,108,208,183,0,0,0,0,31,36,0,0,24
112,0,0,8,31,16,0,9,16,3,0,6,8,0,58,43,43,81,62,50,48,25,38,33,16,44,16,0,5,4,42,7
88,10,2,7,17,16,12,12,10,17,30,0,0,7,0,49,10,0,6,0,5,0,0,7,0,12,0,0,0,0,0,48
0,0,0,21,59,9,5,33,10,28,0,13,5,23,10,0,72,0,0,28,0,0,21,13,50,4,0,26,3,0,15,0
64,5,0,0,37,39,1,0,20,9,0,96,0,0,14,0,36,0,7,19,0,0,0,0,14,2,0,0,7,21,17,0
0,20,24,0,45,2,6,10,0,56,0,41,80,21,0,16,26,21,58,0,21,3,7,21,0,0,0,26,43,19,62,0
1,16,4,1,32,23,0,0,19,0,36,100,175,206,211,14,0,11,0,13,0,0,0,7,6,0,16,26,42,0,0,4
108,0,0,5,47,12,10,0,0,60,48,95,73,177,174,6,0,5,11,30,0,23,3,29,0,0,0,23,0,0,24,2
8,1,3,0,17,0,20,10,0,0,25,7,84,19,0,26,66,49,0,0,0,21,0,0,0,14,0,6,35,7,3,0
71,4,80,0,0,1,32,56,13,0,0,35,0,0,0,21,0,0,0,8,47,0,33,52,0,11,0,0,0,9,0,22
44,16,0,0,0,15,12,8,0,3,0,0,0,0,0,0,0,8,0,0,0,14,0,1,20,7,57,12,38,0,30,34
37,0,0,0,0,16,3,0,28,20,0,16,33,0,61,10,0,0,0,21,0,0,1,10,24,13,0,6,23,0,21,0
0,0,0,11,20,25,40,0,0,0,4,0,6,23,34,0,0,0,0,19,0,14,20,0,0,18,0,1,0,0,21,0
0,35,0,0,5,13,0,0,0,0,0,13,0,43,0,0,0,0,7,14,1,0,0,0,0,31,0,0,22,5,44,0
0,4,0,0,14,35,27,0,11,3,35,4,24,0,0,0,0,3,0,2,3,24,0,0,0,16,40,1,5,0,27,0
0,5,14,0,0,0,29,0,3,14,0,21,0,0,0,14,2,0,0,14,0,0,9,0,0,0,32,0,3,0,7,32
0,30,0,0,0,0,0,28,0,0,0,3,3,0,9,0,0,0,14,0,5,0,37,13,3,13,0,38,0,0,0,0
42,39,10,7,8,14,0,11,24,0,69,16,1,19,0,11,32,170,0,0,41,19,0,0,23,5,0,2,0,9,8,91
3,22,0,26,0,5,0,22,1,6,0,0,9,0,0,78,104,130,11,41,28,10,8,0,0,33,0,6,0,0,0,72
0,18,5,33,60,0,43,100,0,0,39,12,15,0,0,107,129,0,1,3,53,19,15,0,40,60,38,32,12,0,0,0
42,2,56,0,13,27,50,47,0,19,0,0,0,0,0,74,113,34,0,0,32,0,28,9,19,85,30,0,38,0,0,46
0,17,0,0,0,0,0,143,0,0,0,12,37,12,0,47,88,19,52,22,59,37,3,0,18,74,228,0,2,0,0,32
34,6,9,10,0,0,0,20,28,23,35,22,1,13,9,108,108,0,36,28,32,22,4,46,11,132,128,0,3,53,3,19
7,0,0,0,14,35,0,22,53,19,0,22,0,0,39,90,42,0,0,0,0,0,0,22,0,87,29,0,0,0,4,51
0,4,0,0,0,0,16,18,0,0,0,61,0,0,23,228,11,8,0,33,19,18,0,14,32,86,9,0,45,31,12,0
99,21,0,19,0,46,0,66,231,0,0,0,0,0,0,55,0,1,0,24,0,3,0,0,40,25,0,0,233,116,118,0
0,20,0,0,6,0,0,0,109,0,0,0,46,0,93,23,0,0,43,0,0,10,0,65,0,0,79,107,174,120,0,0
37,34,39,26,0,0,43,35,62,0,0,11,0,19,0,0,0,0,24,0,28,0,1,0,18,125,102,142,123,211,26,52
33,41,0,0,30,15,70,9,124,0,56,1,12,0,23,12,0,0,13,31,24,17,0,23,25,66,120,15,173,34,146,17
16,3,50,41,9,19,6,0,39,0,0,0,0,19,1,0,8,17,5,0,0,0,25,0,15,120,183,178,204,150,61,0
42,32,87,0,55,19,25,74,0,10,27,0,0,30,4,16,35,36,0,0,5,20,0,36,20,86,72,95,202,151,15,35
38,0,0,0,0,0,0,49,61,53,2,10,0,4,0,21,0,0,68,0,0,75,14,59,48,14,237,61,14,0,0,5
43,28,25,16,30,45,80,106,172,37,0,26,0,8,18,10,12,18,55,37,10,32,42,64,248,185,119,5,0,4,0,6
55,0,11,4,33,24,71,83,96,13,0,35,0,0,0,21,44,14,0,24,14,10,85,141,46,80,29,1,0,0,0,55
113,17,0,0,32,0,107,56,80,33,0,10,0,0,6,4,0,0,38,42,42,0,137,11,36,2,0,0,38,36,0,0
61,11,19,6,8,0,51,56,16,21,0,6,24,0,9,20,33,0,26,0,50,0,210,75,4,27,0,0,0,0,6,49
39,0,0,0,27,27,53,51,66,17,39,2,9,6,8,6,0,0,0,0,67,131,131,0,9,0,0,1,13,14,28,13
0,0,0,11,0,0,54,77,13,0,9,33,64,4,2,28,0,16,24,5,0,165,84,24,27,0,34,26,0,0,0,21
168,4,0,1,77,138,186,10,6,2,7,48,122,47,193,30,0,21,2,1,157,173,196,0,0,0,0,15,0,0,0,0
97,0,22,0,134,91,90,32,6,0,18,0,85,86,188,0,42,0,12,54,167,82,48,13,0,5,0,0,0,0,0,48
112,0,19,6,77,45,29,1,16,0,50,16,24,39,21,26,42,0,3,21,196,82,0,0,8,0,14,4,0,2,0,56
92,12,30,0,0,20,21,20,0,0,0,22,199,76,15,71,19,1,154,191,228,0,0,15,15,0,14,0,20,1,0,60
0,0,27,11,0,12,5,0,7,7,0,36,181,103,59,2,24,11,99,132,0,0,0,10,5,0,31,45,0,0,32,0
0,0,0,18,0,0,60,0,20,0,42,245,80,110,95,35,0,0,0,1,0,19,56,2,0,20,0,10,0,0,0,56
38,23,0,0,0,11,0,0,0,0,18,225,191,39,35,0,0,36,0,19,7,0,2,21,41,0,0,0,24,18,0,0
0,13,0,0,0,9,0,0,0,12,65,94,95,66,5,0,15,0,0,0,0,4,0,8,1,0,10,0,34,0,0,10
0,0,0,0,8,0,37,14,18,64,182,120,228,0,32,5,19,0,5,0,0,0,0,0,29,0,9,20,25,18,0,43
0,0,0,5,0,9,54,0,41,0,62,89,14,25,0,24,0,0,0,34,0,19,0,0,0,0,0,0,0,0,0,21
0,0,0,0,0,0,0,0,54,3,0,5,0,26,0,0,0,13,0,0,0,0,31,0,0,0,26,0,0,21,14,0
78,0,40,0,0,3,0,1,16,0,13,0,53,24,0,0,10,19,10,0,0,4,1,1,53,23,29,70,30,0,0,13
0,5,1,0,0,29,6,9,9,0,7,8,0,0,1,29,39,0,25,5,7,0,3,0,0,0,0,0,0,19,1,0
0,14,0,0,0,0,35,41,0,0,0,13,0,13,0,62,0,0,23,26,15,0,0,10,0,0,0,0,0,16,2,7
0,11,3,21,0,52,2,0,10,0,53,9,3,10,5,35,9,30,0,0,0,21,0,0,0,0,0,3,0,27,0,0
115,0,0,0,38,8,51,69,48,0,0,37,0,0,0,0,0,11,0,25,8,38,3,0,22,0,32,12,14,0,20,0
0,7,61,9,32,0,29,33,18,24,0,0,0,21,6,0,11,31,0,3,12,17,0,0,20,0,8,1,16,23,4,9
23,0,20,0,0,11,46,10,16,9,0,0,0,0,23,0,37,0,0,6,0,0,0,0,0,0,35,0,0,5,28,0
0,14,0,0,44,0,4,53,23,10,15,0,0,0,25,22,64,2,0,0,11,0,0,4,42,33,38,0,0,5,0,13
0,48,0,11,113,22,5,5,0,0,0,0,0,0,9,2,33,14,21,19,0,0,36,0,0,13,19,0,45,13,40,0
0,28,0,0,29,0,9,39,0,0,0,20,0,1,59,10,1,0,0,0,1,0,0,0,56,22,0,0,17,0,33,18
45,0,0,11,30,16,19,46,28,0,22,13,0,47,89,0,0,13,0,5,20,0,4,0,0,28,10,14,3,0,0,11
0,0,0,0,21,43,0,0,6,57,0,25,101,35,23,0,0,0,48,1,0,0,0,0,66,11,0,19,6,3,18,17
30,36,17,89,0,1,64,0,0,38,57,4,80,30,9,0,27,18,0,0,5,0,89,8,75,0,26,33,0,0,0,0
0,225,58,26,74,61,19,0,0,1,162,42,121,0,0,0,0,0,0,4,0,30,0,94,0,7,0,7,0,14,5,16
0,155,255,113,8,10,0,24,75,158,21,12,0,0,4,0,0,9,0,113,215,81,19,42,71,20,6,4,11,0,0,0
210,28,44,28,35,77,3,7,159,9,0,0,0,14,14,0,14,2,19,73,106,77,6,83,66,0,96,63,0,9,0,0
127,0,1,4,20,0,0,0,0,24,22,0,22,37,32,34,30,46,0,27,32,0,8,26,64,57,60,5,40,21,14,34
6,16,0,0,0,40,0,0,0,5,0,0,38,0,15,91,23,0,0,16,0,55,0,41,7,69,0,67,0,0,3,1
49,0,0,17,12,13,61,70,0,0,20,16,7,0,11,0,9,8,0,6,0,9,0,80,0,8,23,25,26,0,20,34
44,0,18,17,3,22,9,0,0,55,0,0,0,0,0,6,0,0,10,0,37,234,237,87,75,9,9,0,0,16,18,0
0,1,7,16,16,39,16,0,0,9,8,0,0,29,11,2,21,0,114,77,45,67,78,16,16,30,0,5,0,24,0,0
22,0,11,21,0,3,33,28,25,0,64,17,59,0,0,66,255,149,55,21,149,113,36,0,22,6,0,5,0,0,0,8
80,12,0,0,44,0,13,16,17,0,0,66,24,25,61,0,81,31,56,48,0,0,0,0,0,0,0,10,0,16,2,26
21,0,17,0,8,0,0,4,0,0,8,77,0,0,32,0,103,69,0,62,0,5,0,0,0,17,0,0,0,10,0,0
0,0,69,23,0,24,29,0,0,40,43,7,0,20,7,0,31,0,0,11,0,25,0,0,18,0,0,21,11,25,0,0
0,0,35,25,14,19,5,0,38,4,0,33,0,0,12,16,0,0,112,3,0,19,30,0,46,0,21,0,7,0,0,18
48,0,29,0,26,0,0,34,30,0,90,19,115,73,71,22,0,0,0,0,7,0,10,0,0,14,15,0,12,9,5,49
0,1,39,0,0,2,0,0,16,179,244,173,215,5,17,0,16,0,0,0,0,11,0,0,0,1,0,6,1,31,0,0
10,19,4,11,0,18,16,0,0,92,0,36,0,35,10,0,4,21,0,0,3,0,11,0,0,34,6,0,0,24,24,0
0,0,62,70,10,2,0,0,10,28,27,0,19,7,54,0,0,0,0,0,0,20,0,13,0,0,31,0,0,43,0,2
20,47,78,95,0,2,0,14,12,0,4,0,0,8,2,18,0,0,10,12,0,3,0,4,0,20,34,0,0,0,0,0
0,0,50,10,0,0,5,0,4,0,22,0,0,11,11,0,9,6,14,0,0,0,19,0,12,0,21,27,1,2,0,0
4,13,24,0,26,0,40,46,38,0,19,35,4,0,6,0,16,0,4,0,17,0,2,0,0,7,4,0,0,0,0,0
6,0,0,4,0,6,8,0,13,5,0,25,6,33,19,6,11,0,6,12,4,0,0,0,0,0,16,33,0,0,12,0
0,2,0,0,16,0,8,0,0,0,12,0,0,17,0,0,3,13,0,26,0,0,10,1,1,0,0,0,0,1,0,0
0,20,46,0,0,11,0,47,0,0,13,8,45,14,0,19,0,0,0,13,0,20,4,0,0,0,0,15,0,0,14,4
0,25,0,0,25,37,0,0,1,0,0,33,0,0,5,11,37,17,46,16,44,0,0,21,0,23,0,0,0,0,19,30
0,0,35,0,16,24,10,12,17,16,7,13,0,0,0,0,54,0,0,0,16,29,35,5,0,0,31,0,0,11,7,0
0,13,0,16,20,63,94,45,19,8,16,9,0,16,8,0,11,10,0,0,8,0,40,6,12,14,5,25,0,23,11,0
52,11,0,18,18,55,19,51,0,0,0,30,0,0,0,7,10,0,0,17,0,8,27,0,0,9,16,0,0,0,0,49
0,13,0,122,235,55,52,8,174,0,39,12,48,0,44,0,23,18,43,48,39,0,23,12,0,16,0,0,19,27,34,0
50,0,7,247,191,31,12,136,9,2,132,3,1,4,144,157,3,14,7,12,0,0,0,2,0,0,8,0,4,2,0,14
0,44,21,76,57,147,30,24,42,4,28,5,2,45,170,109,2,4,0,7,4,0,0,0,2,16,0,6,0,22,0,17
4,0,17,43,63,165,32,89,0,0,0,10,44,0,17,37,0,11,20,37,28,18,0,0,0,19,0,5,1,0,0,0
29,0,0,68,0,8,61,67,0,35,7,0,0,11,0,0,58,0,48,24,27,0,0,0,16,0,58,0,0,0,0,42
47,44,0,0,0,25,0,52,39,15,0,0,2,9,0,7,0,55,18,9,8,0,76,0,14,68,0,0,0,7,0,32
115,43,0,0,0,46,0,0,24,7,54,0,0,22,33,0,19,177,217,32,52,0,23,53,33,54,26,13,38,6,0,6
154,9,46,72,19,56,4,0,0,13,0,30,63,57,30,230,69,20,171,0,26,70,0,8,78,0,60,43,0,7,2,0
27,0,14,33,41,0,0,42,9,0,10,10,204,210,76,64,93,56,57,52,5,10,26,6,91,21,42,0,0,0,0,39
92,10,4,9,32,16,11,22,35,81,89,108,115,42,137,119,75,74,21,40,0,77,0,31,31,9,0,0,0,29,0,48
154,0,5,0,0,17,0,0,30,52,0,19,160,152,93,77,40,0,118,162,49,39,77,120,35,24,5,23,0,35,40,20
132,0,17,0,0,14,2,0,0,5,0,39,29,130,130,38,0,46,30,59,31,101,43,13,2,35,39,0,0,23,48,49
3,0,0,13,30,0,0,6,93,0,22,80,98,0,14,103,46,20,34,0,19,49,45,0,42,0,17,0,0,11,3,12
22,0,4,0,0,8,0,83,197,67,38,13,132,55,186,2,42,32,64,4,2,0,26,29,19,16,0,13,0,0,0,26
0,9,10,0,30,2,175,80,113,54,22,27,30,0,182,38,35,56,0,31,0,18,0,46,0,36,16,0,0,5,25,0
0,14,38,1,81,0,19,182,1,53,40,0,0,0,3,32,0,107,68,31,0,0,0,14,0,32,0,0,0,7,2,0
0,0,0,0,0,14,0,26,0,0,45,0,0,0,15,12,25,21,31,0,21,3,51,0,0,0,0,28,18,8,0,0
46,0,21,7,20,0,15,105,0,153,120,67,23,0,3,17,22,22,43,0,49,0,62,13,0,14,0,0,14,0,0,6
36,0,0,0,0,0,0,11,106,0,13,57,27,0,16,0,0,0,0,21,3,0,26,18,0,6,0,0,57,0,0,0
0,21,0,0,24,0,23,45,32,9,0,2,0,10,6,8,19,28,8,0,26,0,0,1,17,0,0,7,0,0,0,0
0,22,0,0,23,48,0,0,0,24,14,0,6,12,19,22,16,0,0,0,5,1,18,48,3,5,20,0,38,0,0,0
0,0,0,6,0,0,12,34,0,0,0,0,0,8,0,4,0,0,0,0,0,0,7,12,1,0,13,0,1,18,0,17
6,4,26,47,0,6,0,0,5,0,15,0,6,0,19,0,0,0,19,0,9,34,0,16,0,14,0,0,0,0,0,60
