18,70,3,66,20,0,29,67,90,53,0,2,43,33,0,4,0,42,11,0,1,0,0,7,6,36,7,50,6,0,0,92
33,16,93,54,11,7,13,0,37,52,10,0,23,0,0,0,0,0,0,48,38,29,0,5,0,16,0,17,0,17,0,25
0,43,27,16,63,0,0,0,0,0,88,6,29,88,0,14,68,0,0,0,13,23,12,0,0,10,0,0,0,0,0,1
14,0,0,61,136,30,8,96,0,0,26,0,14,0,0,81,0,0,32,4,1,35,0,0,0,16,0,1,37,3,18,0
0,4,49,21,22,28,0,39,7,39,0,12,0,28,25,18,40,8,0,0,0,0,22,0,0,0,36,12,9,48,0,0
0,0,4,4,15,47,0,14,0,1,12,80,8,0,10,37,14,8,0,5,33,7,0,0,1,0,0,40,34,0,1,0
35,8,0,0,0,0,0,0,0,31,61,118,0,0,0,19,0,0,24,0,0,34,0,0,20,0,0,7,3,0,34,16
196,11,0,0,0,0,0,47,39,0,57,121,0,0,1,21,20,0,7,4,34,0,18,0,0,31,0,21,16,9,42,0
195,253,0,33,7,0,0,35,0,0,0,46,37,0,14,0,11,22,0,0,0,1,0,0,0,33,0,11,0,1,0,46
166,153,0,9,0,4,18,56,0,0,26,10,4,1,1,13,8,0,80,142,45,0,29,18,0,20,33,49,4,0,5,5
48,24,0,8,0,0,50,0,0,0,89,0,0,24,51,0,6,4,215,42,0,0,28,5,21,8,0,2,19,9,14,0
9,21,79,5,10,46,0,0,0,0,7,51,41,0,47,18,25,0,21,21,0,0,9,23,16,4,13,0,51,0,21,10
83,75,0,87,0,148,0,16,0,12,10,17,34,0,0,9,26,1,43,17,0,0,0,0,9,9,0,0,0,0,0,0
0,189,58,93,5,173,97,30,23,6,37,16,0,0,7,3,76,7,39,18,44,0,33,0,8,0,0,3,0,12,0,7
0,108,131,0,2,37,49,0,18,0,19,9,0,0,0,37,38,86,0,0,38,22,0,50,0,0,29,0,0,0,0,46
0,0,22,20,137,4,42,34,65,64,51,32,21,0,8,28,54,0,39,18,1,176,245,39,0,0,7,42,51,16,0,11
0,36,0,0,38,122,60,0,19,12,36,12,0,0,0,38,41,0,17,59,33,147,107,25,11,0,16,4,0,10,39,0
19,0,0,5,37,23,44,162,85,27,39,25,0,7,8,12,27,24,142,198,22,24,37,7,0,13,0,5,0,0,11,0
0,0,21,0,0,38,60,15,85,79,0,8,0,45,0,0,0,218,94,46,12,5,0,35,36,6,0,22,19,0,0,5
1,0,5,17,0,37,36,64,12,16,0,0,83,0,0,20,17,0,86,131,57,28,4,184,0,0,0,0,66,15,29,22
9,50,0,0,0,20,40,0,32,0,58,54,78,17,10,0,0,41,83,21,56,85,0,0,0,9,8,12,17,0,50,43
0,0,0,32,3,5,2,0,0,0,0,12,0,11,0,0,0,18,15,128,0,20,0,16,0,0,61,0,11,20,0,39
13,0,0,0,20,16,4,5,21,0,64,30,0,6,159,0,0,26,20,0,35,71,32,0,0,6,10,0,48,36,0,7
0,0,14,0,0,0,48,27,0,0,39,54,29,0,0,8,20,0,0,30,46,10,0,1,0,40,35,0,20,0,27,0
0,0,23,61,0,0,0,36,0,0,0,0,0,58,4,0,0,0,0,21,0,19,1,56,0,31,32,0,0,0,30,11
0,105,171,152,0,0,0,0,34,16,0,0,0,0,0,1,14,9,9,1,0,22,1,8,0,0,8,19,0,15,21,4
18,222,19,197,37,0,0,0,4,16,10,8,41,8,0,7,9,0,0,0,5,4,11,5,0,0,0,0,10,0,4,10
20,44,119,22,0,37,5,44,0,0,10,38,4,0,20,13,0,0,16,24,9,0,0,24,12,16,0,0,0,38,0,21
23,66,129,9,0,0,12,2,30,0,27,34,37,0,0,46,9,0,45,2,0,0,0,6,0,32,0,0,0,0,3,11
35,25,60,16,22,0,0,7,0,0,0,23,2,20,0,0,13,24,0,8,12,0,0,0,29,0,0,0,12,23,0,13
0,2,0,22,7,0,17,0,0,27,0,26,0,0,0,0,0,14,6,0,0,14,5,4,0,0,0,4,0,15,12,0
90,0,51,6,8,19,33,0,0,0,7,0,0,0,0,0,0,31,0,7,0,0,7,27,21,1,45,18,0,0,0,20
227,11,75,20,37,3,0,93,0,49,27,112,108,4,0,6,3,11,7,0,3,0,12,0,7,3,23,2,12,0,0,83
0,34,0,8,0,0,40,3,52,78,23,144,116,0,3,0,17,19,11,0,19,3,0,2,0,0,0,0,0,0,14,4
164,250,210,0,9,2,0,19,32,18,35,20,55,0,0,22,0,9,0,0,0,22,0,8,12,6,0,0,8,0,57,0
0,121,3,0,0,22,0,0,0,30,75,10,32,14,0,30,15,0,14,17,149,21,37,0,0,0,67,54,52,0,21,0
165,71,224,0,0,0,9,36,0,0,0,5,43,0,13,0,3,0,0,123,76,20,23,16,0,2,6,0,2,0,75,45
0,4,181,62,0,0,0,13,0,0,38,51,0,0,51,40,37,0,0,187,39,0,0,2,15,0,46,0,32,18,20,42
0,0,61,197,72,0,7,17,0,0,28,0,0,32,0,0,0,31,58,118,14,45,18,24,0,6,0,61,53,0,0,27
100,31,107,181,0,0,0,32,0,6,0,37,0,0,0,0,0,47,100,48,0,0,12,0,27,19,130,15,24,0,68,2
0,48,9,2,89,9,0,6,0,0,0,19,46,0,23,29,0,91,106,8,0,0,0,33,12,0,10,0,0,0,5,90
0,0,14,0,13,0,0,58,22,31,0,0,0,42,0,0,0,2,89,0,26,15,0,0,33,8,0,41,18,0,36,0
58,58,0,18,5,0,0,22,24,11,49,0,0,0,6,16,13,0,31,21,5,13,0,91,0,22,56,0,0,16,0,36
16,76,10,0,0,43,0,0,0,10,30,0,0,40,0,0,0,36,27,1,39,0,148,0,14,13,55,5,33,0,35,30
78,242,21,56,0,0,0,4,0,0,28,0,21,52,0,65,46,0,42,4,0,101,35,0,0,0,23,0,0,101,22,0
42,19,212,4,44,0,76,0,0,0,0,65,10,0,16,30,22,11,26,4,10,166,11,0,23,0,0,0,0,29,0,46
0,4,2,8,20,7,2,42,19,22,23,0,44,48,0,5,48,12,38,13,11,0,20,37,3,0,61,9,0,21,0,17
0,4,0,0,0,0,18,0,80,63,64,0,0,40,0,0,103,13,0,0,38,24,36,38,0,0,0,10,0,0,41,22
75,14,0,0,26,7,11,5,7,2,0,1,0,0,52,0,55,33,17,2,17,19,0,0,24,11,0,4,0,17,1,0
110,6,1,0,0,0,0,71,0,18,0,29,27,2,59,73,13,30,232,0,40,0,18,18,0,0,1,0,7,39,0,0
70,0,11,0,0,77,0,42,7,0,40,0,6,0,8,29,0,141,131,19,0,33,17,22,40,0,0,10,0,16,0,0
162,3,0,3,0,24,62,0,49,46,16,0,10,33,0,9,19,64,0,0,20,29,58,49,35,0,9,18,0,26,7,0
154,0,45,2,13,0,33,15,16,0,13,7,25,0,0,0,0,0,0,0,29,22,0,13,9,21,11,12,0,0,0,0
9,3,0,0,0,56,134,23,23,41,18,11,0,3,0,0,19,6,0,0,0,0,14,75,0,10,21,18,0,7,3,0
0,25,0,0,0,94,73,13,0,12,32,14,10,6,1,34,0,0,29,5,37,20,13,0,6,3,12,34,0,16,0,0
20,0,0,0,15,0,72,0,0,0,0,37,0,0,0,61,0,7,3,50,29,0,50,0,3,33,9,0,21,0,0,0
48,0,3,23,0,4,0,8,0,0,0,0,8,43,9,0,0,3,0,6,9,0,23,31,23,3,25,9,0,8,0,0
0,0,0,0,0,24,0,0,0,0,0,55,21,0,0,31,20,0,7,12,12,0,0,9,0,12,1,1,0,0,0,8
0,8,0,27,0,0,18,0,12,20,0,0,12,0,0,0,0,0,6,0,6,0,0,1,0,0,0,39,0,0,26,64
0,0,0,5,0,38,0,0,17,16,0,0,21,0,9,1,0,0,0,9,0,0,0,31,25,0,71,0,25,30,11,15
0,0,0,24,0,0,0,20,0,0,1,24,7,0,0,14,6,5,0,28,0,41,46,9,0,31,0,40,0,0,0,51
0,0,0,17,14,0,0,9,0,0,0,42,14,0,0,7,7,0,10,0,9,13,29,3,8,0,0,27,46,0,26,10
5,26,0,0,0,0,0,0,0,0,0,0,41,12,0,11,10,0,9,7,0,12,0,36,21,24,9,0,29,11,20,11
5,22,0,22,17,0,21,28,9,0,0,53,0,1,0,0,30,9,21,17,0,0,3,0,0,0,12,0,15,1,13,0
0,0,0,35,50,9,89,39,151,109,36,11,19,94,0,0,0,0,22,0,131,63,29,0,0,49,0,8,38,8,10,46
0,37,110,130,22,5,56,124,86,29,21,12,113,150,0,0,5,0,0,30,10,1,130,26,7,0,0,3,0,18,0,0
0,0,73,2,109,105,39,28,115,22,0,19,43,233,131,17,0,34,22,0,14,43,36,7,4,0,22,0,24,0,49,0
0,125,100,118,159,35,26,124,119,8,30,16,56,5,33,0,20,0,11,39,54,46,0,45,0,11,25,31,0,0,72,55
0,20,21,112,0,6,153,45,27,33,76,0,78,23,65,183,14,0,11,0,6,0,121,0,7,63,10,0,0,0,0,14
0,55,36,13,54,135,96,32,9,29,59,58,11,113,91,121,0,0,0,0,4,0,80,35,0,0,0,0,0,0,0,20
0,0,12,39,17,67,27,0,0,11,36,0,42,33,0,90,0,0,0,32,0,0,1,16,62,14,108,0,0,32,0,0
28,16,49,63,53,20,0,0,8,14,3,40,4,9,1,8,36,0,0,0,35,25,0,0,0,0,54,38,24,0,0,0
54,2,66,26,0,7,30,0,2,0,0,0,0,0,29,29,122,7,0,59,10,5,67,134,14,35,145,140,0,0,7,5
0,7,40,1,50,0,5,25,40,0,0,5,34,0,11,26,41,17,10,11,0,0,8,109,45,21,124,114,84,84,64,16
0,4,11,27,0,57,0,44,22,34,128,74,38,0,18,36,0,0,7,0,0,0,0,5,27,0,82,80,71,45,106,94
7,53,13,2,70,16,50,7,61,33,166,183,129,31,0,0,0,1,0,43,17,22,4,23,7,0,7,101,112,103,199,49
0,27,0,0,0,52,33,31,22,99,255,42,160,28,0,36,10,32,41,0,4,1,0,0,16,0,11,52,9,6,100,7
0,0,0,40,24,10,22,57,0,0,56,224,172,39,0,31,0,7,0,0,0,0,51,13,6,19,2,0,20,81,0,35
8,34,38,0,0,0,10,0,0,0,87,2,12,184,0,0,237,59,122,0,0,6,50,20,4,0,0,24,48,0,42,14
29,29,0,0,0,0,0,38,0,14,14,0,11,42,0,0,1,17,73,229,0,37,0,8,0,3,0,23,0,0,41,0
48,0,49,18,6,41,0,9,0,0,0,62,5,0,1,0,13,7,48,196,155,27,40,3,23,18,64,0,0,15,13,18
17,0,0,0,30,0,0,46,24,0,0,78,18,0,20,0,29,0,0,24,56,0,0,58,35,23,0,0,10,10,11,0
40,0,0,16,0,28,0,0,0,5,71,0,22,26,0,0,0,35,0,58,0,23,42,71,44,14,5,90,0,0,0,0
88,22,27,0,14,0,14,12,8,23,0,37,45,41,0,0,0,0,7,16,0,11,0,0,34,16,165,241,76,32,58,129
2,6,0,0,25,5,9,15,27,3,0,1,1,1,3,0,0,0,23,52,35,18,37,17,4,118,108,64,27,0,1,2
116,30,0,0,8,2,29,0,35,4,12,8,27,32,2,0,11,26,0,24,25,0,0,44,19,0,153,212,8,54,0,30
0,25,0,0,11,49,39,0,8,0,29,9,15,61,61,0,40,0,29,12,17,8,14,34,0,0,0,63,108,200,39,0
68,0,0,16,22,7,23,5,32,0,32,0,0,3,66,0,138,5,0,7,0,12,36,1,1,16,30,33,146,16,0,17
0,8,18,0,0,9,0,0,0,0,0,0,0,33,0,147,231,148,0,0,0,0,3,0,31,54,82,55,41,17,0,0
47,20,0,0,1,12,0,0,1,0,44,42,55,0,50,130,87,106,0,0,0,35,0,0,3,117,112,63,26,3,10,17
0,0,14,0,30,0,31,20,0,0,0,0,0,5,0,36,69,56,40,0,39,0,34,0,37,71,24,37,3,25,4,0
36,0,34,0,0,13,0,2,0,4,0,1,62,0,36,33,96,73,0,0,0,0,0,8,35,32,18,0,15,0,14,38
61,12,4,0,27,8,0,0,25,0,0,15,0,36,20,0,66,22,0,57,19,0,23,0,12,3,0,14,11,0,0,0
23,0,0,7,0,0,5,0,0,30,50,49,0,0,6,0,0,5,16,5,15,0,9,0,48,0,0,33,34,0,0,4
0,0,0,36,7,0,22,16,0,0,0,0,0,4,0,9,8,0,12,0,0,46,0,3,0,0,0,0,0,34,10,32
5,8,32,20,14,0,6,2,0,0,0,0,0,0,0,0,2,2,3,1,0,0,13,0,4,4,0,0,0,0,0,15
0,9,0,0,36,52,119,35,61,117,104,13,36,26,8,0,1,0,0,0,57,0,59,34,35,0,3,0,0,32,57,0
21,2,137,76,69,29,51,152,91,76,0,30,56,2,29,102,0,0,23,0,0,0,0,30,0,3,0,0,4,0,62,37
31,31,98,45,103,0,30,44,49,55,22,3,70,205,6,18,11,0,53,9,0,0,0,0,0,0,1,0,0,0,44,26
0,55,55,66,116,72,81,27,90,43,55,0,95,74,44,69,0,49,13,20,0,0,21,8,22,37,0,0,5,0,15,51
0,7,0,49,0,0,56,59,56,10,95,0,58,62,24,15,12,74,20,25,6,0,19,0,34,3,55,0,9,11,0,5
87,42,13,11,67,26,21,1,20,0,119,57,0,10,8,0,79,51,15,109,68,0,0,26,4,7,166,0,0,44,0,0
0,8,1,33,2,48,31,52,22,7,0,48,0,27,11,16,30,78,19,29,79,5,0,0,0,30,17,0,71,6,0,20
0,2,41,14,4,0,18,0,42,8,0,0,0,0,20,0,38,0,50,85,0,15,0,4,0,24,21,20,50,33,6,14
0,39,62,0,10,31,0,0,0,27,41,0,36,0,22,29,0,42,0,0,23,0,0,0,0,0,0,43,0,6,0,61
17,15,0,13,7,0,0,55,0,3,2,10,0,0,0,0,0,33,6,31,38,0,0,17,12,0,5,10,55,141,23,20
0,36,27,0,0,0,0,4,0,0,47,18,0,0,0,0,30,40,0,85,37,0,6,0,0,0,21,34,109,248,53,4
62,38,0,16,0,0,6,35,0,0,0,14,0,11,2,0,5,8,0,240,6,0,0,8,0,8,68,107,144,228,0,0
50,0,8,46,16,0,24,32,0,35,0,66,0,0,0,29,12,0,84,133,19,42,0,0,0,0,0,0,125,43,25,0
75,17,42,0,4,12,0,10,0,0,0,22,33,21,28,1,0,0,13,48,6,0,0,10,0,2,10,32,77,32,0,0
135,3,0,0,51,58,0,3,0,0,11,0,34,2,3,29,36,9,224,116,13,3,0,21,0,3,0,13,0,57,26,0
54,6,0,3,0,0,0,25,0,0,0,25,0,0,43,0,0,0,63,204,58,0,0,27,7,0,105,128,0,30,21,0
83,0,9,0,27,49,21,0,29,8,34,0,28,38,14,0,2,34,209,14,89,0,0,3,48,12,113,50,0,0,0,0
0,0,0,23,46,10,0,33,1,0,0,22,20,0,59,20,2,67,128,96,11,19,0,9,3,26,110,19,2,6,3,1
0,0,34,0,0,0,0,10,0,34,16,0,13,22,0,16,9,0,101,33,0,15,0,38,31,88,54,0,22,18,4,0
57,40,0,27,0,0,0,27,0,68,0,76,0,0,33,35,41,0,147,60,9,16,2,0,59,14,3,0,32,21,4,0
53,1,0,0,23,31,9,0,0,33,43,0,106,179,0,38,0,40,194,0,34,90,11,0,20,26,0,0,0,0,0,69
123,0,17,0,0,0,0,2,0,7,0,0,191,12,23,0,33,0,27,16,0,0,5,0,17,0,0,17,34,0,0,119
55,4,7,7,0,0,3,0,0,0,29,9,213,240,140,6,6,7,8,0,33,27,0,0,73,26,0,0,0,14,76,117
30,18,0,42,0,0,37,0,0,0,29,217,108,182,0,21,0,0,0,64,18,1,34,0,22,0,0,0,4,63,25,0
0,0,0,0,2,3,17,43,24,16,37,230,136,85,0,0,0,45,69,0,1,7,28,4,25,0,0,51,83,179,4,0
20,0,12,12,24,0,0,0,0,2,0,22,213,0,4,15,61,99,0,0,0,0,4,31,0,0,7,0,19,0,20,41
0,10,17,31,14,31,28,0,53,12,0,3,0,0,0,1,67,84,0,0,0,27,0,25,4,0,0,20,0,0,65,89
3,0,17,9,61,21,0,8,9,0,13,4,0,0,0,0,26,36,0,4,6,0,5,0,0,9,16,2,5,3,225,79
0,0,0,15,0,47,0,0,25,6,70,0,11,20,1,16,0,4,0,0,26,50,0,8,0,0,0,2,0,225,19,5
44,0,0,1,0,0,0,13,0,0,0,1,0,4,0,26,9,0,15,0,16,0,6,0,0,43,0,36,0,0,0,0
29,32,0,2,0,0,0,9,25,0,5,27,0,0,0,27,0,0,0,0,0,0,0,0,20,0,29,21,7,0,7,0
9,17,18,20,0,9,0,0,3,18,0,6,12,0,0,0,9,0,15,16,0,0,23,2,0,5,0,22,37,2,0,27
0,10,6,0,85,0,48,16,10,163,110,0,0,24,0,0,0,15,0,4,0,0,0,38,0,33,24,16,30,21,46,15
0,67,50,114,172,0,54,82,0,22,11,53,1,0,0,52,67,30,52,40,39,0,0,0,13,49,1,0,0,6,30,0
7,0,76,55,140,0,0,50,43,9,56,80,7,57,22,41,64,0,55,1,6,0,16,0,7,0,16,0,3,2,0,0
58,0,24,70,173,0,16,42,70,54,78,0,94,9,0,0,12,3,0,9,20,7,0,0,26,0,22,43,0,51,0,6
0,34,0,70,20,34,11,18,0,0,42,0,0,47,52,98,0,0,0,0,11,10,4,0,4,8,2,6,0,0,34,54
67,19,13,7,82,48,32,0,33,2,7,41,0,0,32,0,18,0,0,26,46,0,0,0,3,49,42,46,46,0,0,31
0,0,54,56,32,17,3,10,0,2,0,0,6,3,18,45,0,16,68,0,0,35,0,11,30,22,51,0,36,0,19,5
0,33,21,26,56,0,33,4,17,25,73,0,2,0,0,43,18,30,20,0,48,0,19,0,44,0,32,35,49,37,0,41
176,103,61,0,0,0,11,0,2,0,0,0,0,21,0,23,0,0,0,0,3,0,0,0,0,7,45,30,35,8,0,0
38,0,13,0,42,43,0,34,14,0,16,31,26,0,5,16,21,15,8,13,0,0,0,14,2,0,18,5,64,33,0,0
30,42,0,0,7,0,0,6,0,26,0,47,25,0,7,0,0,0,30,22,42,1,26,0,0,0,0,52,24,0,47,1
0,48,6,4,14,29,0,7,0,0,0,21,4,5,0,0,0,0,1,25,3,0,1,2,12,0,29,63,0,0,15,0
0,0,0,0,0,0,0,0,9,44,0,0,0,33,0,0,0,26,51,0,16,0,0,0,0,4,0,7,0,0,0,0
73,0,0,0,2,53,12,0,0,7,36,0,4,0,5,0,15,30,16,26,0,0,0,0,0,19,21,0,18,0,0,0
4,11,10,0,3,3,0,108,19,31,64,16,98,27,11,0,120,136,22,2,11,54,17,33,0,20,14,11,3,0,28,0
44,0,0,0,25,0,230,106,41,52,131,62,2,0,0,91,182,62,144,5,114,0,17,0,11,25,45,0,27,0,0,14
38,0,13,0,11,48,171,43,20,0,35,87,0,17,43,25,54,21,0,16,0,23,0,0,7,9,4,0,7,0,3,41
0,11,0,43,0,35,155,130,179,27,17,172,27,21,2,6,5,30,0,0,29,21,0,57,14,32,4,0,16,33,0,0
26,0,2,16,0,144,156,46,41,58,76,150,18,34,55,96,32,0,25,0,15,3,0,13,1,54,0,12,18,0,0,16
0,31,1,19,12,119,16,238,0,96,0,101,0,114,6,10,30,32,11,7,0,62,12,16,0,13,0,0,0,66,0,18
180,0,34,0,13,192,48,46,36,137,14,9,69,0,0,0,45,0,0,39,0,56,0,0,0,21,0,24,19,0,40,46
0,25,20,0,0,113,104,91,129,27,0,71,158,0,0,0,5,15,98,108,30,49,0,0,21,17,8,0,10,0,0,18
61,0,20,36,93,136,133,12,64,34,118,0,7,26,0,0,0,16,212,158,34,0,5,25,17,0,17,0,14,50,1,0
59,0,8,8,8,0,14,21,14,0,42,31,0,0,0,24,193,79,105,29,33,4,92,0,26,9,21,0,2,19,2,0
69,11,68,3,7,23,23,8,20,0,23,0,36,3,10,30,54,17,0,7,16,0,0,33,14,22,0,16,6,0,0,0
0,0,12,28,5,35,8,0,13,0,0,0,25,17,5,0,4,16,6,113,52,0,6,8,0,5,0,20,22,16,0,0
0,0,3,47,46,0,7,70,0,0,0,0,0,0,21,0,0,1,188,106,96,22,27,0,0,0,36,17,13,20,7,0
0,0,5,9,12,7,15,5,33,0,50,0,28,0,0,0,0,52,208,30,229,72,27,37,31,14,21,0,4,0,0,25
0,0,0,14,0,9,4,0,25,7,14,0,0,0,20,12,2,0,10,5,6,75,75,7,0,24,0,0,0,0,0,44
48,21,0,20,16,32,6,46,0,0,45,18,0,37,0,0,7,17,0,38,12,18,0,19,19,0,38,0,0,0,0,0
40,17,0,0,0,0,0,0,0,5,6,0,1,10,18,0,0,52,0,0,13,20,0,0,17,1,34,11,43,0,7,0
0,0,10,0,0,0,0,0,0,0,44,1,25,0,32,22,0,4,4,0,1,0,28,4,21,0,0,0,7,17,0,33
0,0,15,21,73,0,14,7,97,84,0,0,7,49,0,0,0,0,0,0,0,0,7,14,0,0,0,0,0,23,0,0
13,13,88,13,22,35,69,49,49,71,0,0,38,13,17,5,0,0,5,0,0,37,5,29,14,7,0,4,18,0,5,23
0,41,17,0,4,17,0,7,28,3,56,47,19,26,45,0,0,16,0,0,0,11,4,5,3,14,0,0,27,30,0,0
0,0,18,45,43,28,73,26,69,40,82,3,73,1,0,38,43,13,0,15,14,23,4,0,0,4,5,35,0,0,0,32
0,23,21,9,0,29,62,6,41,5,16,28,26,0,0,0,0,48,19,0,43,2,31,0,0,1,0,0,6,12,0,12
1,0,0,20,0,0,0,0,0,0,0,63,0,41,10,36,54,0,0,17,49,11,7,0,18,9,26,0,26,8,0,0
38,0,12,0,0,0,0,16,92,25,48,11,19,25,3,16,33,0,2,0,0,0,30,0,0,1,0,11,2,3,0,27
0,1,31,11,0,13,38,240,59,17,15,17,0,0,13,0,0,42,17,2,0,0,25,25,41,0,12,71,0,3,1,0
0,0,0,57,0,2,30,59,5,8,0,13,0,0,0,40,12,0,69,25,0,4,0,8,0,19,0,0,21,0,0,55
27,0,16,34,32,0,37,45,9,31,0,27,0,1,11,25,13,0,7,0,5,0,0,23,0,36,0,2,0,59,0,3
0,16,26,0,0,0,0,95,0,7,0,0,0,0,123,0,6,0,0,18,0,0,12,3,0,18,4,2,0,0,22,61
0,4,0,0,10,16,97,10,58,38,11,0,0,0,38,52,16,0,23,9,18,0,27,11,5,10,16,0,22,0,0,33
0,27,1,0,0,42,0,0,16,34,63,0,118,185,3,64,0,0,27,0,0,52,0,0,0,0,0,0,0,0,0,51
66,0,27,0,2,27,55,21,11,4,13,0,120,127,33,46,43,0,29,12,0,6,0,0,23,0,1,5,0,10,0,53
0,36,5,0,0,44,0,44,0,0,0,100,95,1,0,0,167,22,42,0,9,11,4,5,3,5,34,0,5,16,0,38
143,0,36,5,60,5,10,0,17,0,16,163,88,0,7,0,0,7,42,1,0,0,28,11,0,0,0,4,5,13,40,0
10,0,0,28,11,62,0,0,19,11,1,93,80,0,58,0,41,35,61,0,16,2,0,5,0,0,0,0,0,0,0,9
0,0,0,42,7,0,0,18,42,0,0,38,6,1,230,54,18,0,1,3,16,0,0,0,0,0,0,0,0,0,0,1
0,13,0,0,21,13,0,11,22,10,0,8,2,119,109,70,47,0,0,52,21,36,0,0,0,3,0,0,0,2,16,20
38,135,131,16,35,84,35,3,51,0,0,21,4,10,0,0,6,50,0,0,26,28,0,62,10,22,0,10,0,42,0,28
0,15,0,0,0,19,0,0,5,116,18,28,48,0,54,0,18,40,11,75,0,0,6,5,24,8,38,48,20,15,21,0
0,19,0,0,0,19,0,0,0,26,15,0,0,23,3,174,0,3,0,0,30,0,0,50,0,0,30,0,17,0,27,16
72,0,16,0,0,8,0,0,0,16,17,47,33,0,46,23,6,6,31,6,0,0,49,0,0,0,39,11,72,16,31,0
0,0,21,0,0,3,42,0,5,8,28,53,0,30,0,0,46,0,0,19,0,0,25,0,0,0,9,0,0,1,46,34
93,0,0,31,26,0,0,38,34,0,0,27,26,16,16,0,92,42,32,0,0,0,4,1,20,16,0,0,5,0,0,0
18,0,0,7,0,0,6,0,21,19,0,0,0,23,0,0,0,6,31,12,41,0,0,36,0,1,0,1,0,2,55,7
69,83,3,12,34,16,0,0,10,0,0,0,23,7,12,0,1,7,16,8,22,0,0,6,13,0,44,0,25,6,10,0
0,0,0,48,13,53,23,0,0,0,0,5,9,0,16,21,5,0,0,10,59,0,0,0,0,12,0,0,15,7,0,43
0,27,0,0,0,40,0,0,19,10,0,1,0,0,0,0,0,30,14,0,20,65,0,0,3,0,0,0,22,0,0,0
0,0,0,7,0,0,0,10,33,0,15,0,0,18,0,0,0,2,0,0,0,2,22,16,0,0,13,6,0,28,0,0
19,14,8,1,0,0,0,0,0,0,0,0,0,0,1,10,29,0,0,0,12,27,0,0,0,13,0,9,6,4,4,0
0,0,1,0,0,0,4,20,13,0,37,0,0,12,12,0,0,0,0,0,0,0,27,0,31,27,0,6,21,48,22,8
97,59,21,0,6,31,0,48,120,182,31,0,0,0,20,0,0,51,0,0,28,0,4,20,18,20,4,16,2,0,0,0
84,191,182,86,5,0,0,52,85,34,0,0,9,0,0,29,54,0,0,0,0,0,0,0,0,30,0,0,51,0,9,0
12,12,16,28,25,0,0,90,0,71,0,63,7,36,8,13,36,0,191,17,0,0,22,6,33,3,46,0,37,5,0,0
156,98,173,236,0,0,0,52,11,23,38,0,131,0,23,0,8,11,4,20,0,7,0,0,0,10,0,10,16,0,1,6
200,43,108,185,57,23,49,0,0,0,0,68,0,16,0,32,0,40,39,0,6,0,10,7,9,0,4,0,7,0,0,16
97,32,59,156,86,16,0,0,35,0,0,0,0,0,20,29,4,181,132,0,76,2,0,0,0,0,0,0,18,67,12,0
135,14,10,24,79,0,18,40,0,0,0,0,2,0,18,25,40,88,74,43,38,0,9,0,0,0,34,0,21,0,19,22
114,16,50,19,2,24,0,0,0,0,23,9,17,1,0,22,7,57,0,8,3,6,0,6,6,0,0,32,0,0,0,10
84,99,18,19,53,0,28,6,38,0,0,0,0,0,0,42,105,51,0,0,1,0,0,1,10,3,0,0,0,6,36,0
179,37,1,0,0,14,0,16,0,24,0,20,0,6,23,0,28,3,4,0,0,13,0,0,0,0,53,30,0,0,27,0
7,22,34,0,0,2,45,0,20,37,32,0,0,13,40,6,0,12,7,0,0,16,0,0,0,0,0,4,0,5,6,46
99,2,34,0,32,0,32,27,68,0,0,34,0,0,0,13,25,0,0,49,23,0,0,0,23,11,45,0,24,3,0,48
0,5,0,0,6,9,0,38,11,0,0,18,0,19,30,0,41,6,127,211,19,5,16,11,15,20,0,1,31,3,0,13
0,0,34,0,32,0,123,53,60,0,0,0,0,0,8,2,0,0,30,76,2,16,11,6,9,10,0,0,16,0,19,0
4,0,0,0,5,31,36,0,5,12,2,0,4,0,26,54,122,2,0,0,2,31,18,0,33,0,0,52,0,8,0,5
2,0,0,10,0,13,0,9,0,39,0,0,3,43,0,14,53,15,0,0,5,3,0,14,15,0,0,0,0,25,0,3
6,4,0,0,0,10,16,3,0,0,20,0,0,22,38,7,56,55,190,5,0,18,0,0,2,18,0,4,0,0,27,7
34,16,16,7,18,5,1,0,4,0,13,0,10,0,36,5,27,198,253,0,3,17,0,1,4,13,0,13,0,0,11,23
0,0,21,0,13,10,16,0,0,0,0,0,28,12,0,17,29,0,0,22,6,0,43,16,0,17,40,3,0,0,0,31
0,0,32,0,37,135,86,22,0,52,0,1,0,59,2,0,7,0,0,52,0,11,19,39,0,0,0,0,0,11,0,0
0,0,3,0,0,135,130,52,0,0,19,0,0,11,29,9,0,0,0,13,0,0,17,0,0,44,36,73,5,0,0,0
0,0,20,10,2,7,56,16,0,11,0,0,8,0,7,0,0,17,45,0,0,0,8,0,0,29,0,0,3,0,0,11
0,11,6,7,19,16,30,0,7,32,61,16,0,35,4,9,23,30,0,0,8,0,10,17,20,26,0,0,0,11,0,1
0,0,39,31,61,20,36,0,49,0,0,61,9,0,12,39,30,23,2,47,0,0,12,4,0,0,47,0,9,4,0,0
0,13,0,0,0,0,0,0,3,43,0,17,1,0,4,0,0,59,4,0,1,15,17,13,4,0,32,14,0,0,0,24
0,8,23,0,0,0,4,15,6,0,0,79,36,0,0,5,0,29,18,0,15,0,5,19,17,0,9,7,12,18,5,58
16,49,0,0,0,40,0,0,0,0,0,59,0,1,0,0,0,0,42,30,31,2,29,0,0,20,0,0,16,0,9,98
18,0,6,0,53,0,0,35,0,0,0,67,45,18,5,18,59,5,2,29,16,0,29,9,11,21,60,0,5,0,0,0
0,0,4,17,0,0,0,0,0,0,0,0,2,0,16,0,0,0,10,36,0,32,33,25,0,0,9,19,0,0,1,31
10,32,12,0,1,10,2,0,11,2,2,91,7,15,0,49,17,0,16,0,0,0,0,16,0,0,0,0,1,50,35,0
0,0,0,12,12,0,0,0,0,0,0,4,50,0,12,7,2,5,0,0,0,0,0,27,0,0,13,25,30,0,0,1
0,0,0,19,0,18,10,0,42,0,21,0,0,38,0,36,0,0,0,0,12,20,0,12,0,0,0,8,0,0,6,56
0,0,9,44,34,54,53,0,68,141,120,0,35,26,43,16,0,41,237,0,2,0,22,40,23,0,0,0,0,0,0,0
0,51,103,137,8,33,46,112,77,18,64,0,0,0,53,0,0,57,83,0,0,12,0,0,5,0,0,0,16,0,0,37
0,0,60,119,97,76,0,7,229,41,42,64,0,0,18,0,0,72,138,0,0,2,0,19,0,0,14,0,0,35,2,0
0,146,174,98,148,58,57,8,80,1,0,85,0,43,36,37,29,2,71,5,7,0,0,0,0,30,0,0,18,0,64,11
0,11,36,237,1,6,115,47,24,41,191,151,48,0,48,0,35,56,130,63,30,0,10,0,0,35,24,38,0,2,23,0
0,81,0,4,38,81,9,26,26,0,50,80,74,2,0,3,0,7,0,20,39,0,119,77,30,14,0,0,0,0,10,0
0,1,19,30,0,16,90,0,0,24,79,0,62,4,0,12,0,8,31,68,3,18,100,44,122,1,32,61,57,25,14,25
0,0,14,6,0,16,0,21,0,53,0,10,96,45,22,0,18,1,71,51,34,113,40,45,37,1,0,0,13,29,0,0
8,28,16,0,53,33,0,0,12,37,92,0,77,68,25,4,0,4,47,39,21,0,15,92,148,59,0,6,1,0,0,16
109,9,18,0,70,15,19,44,0,0,0,0,55,24,35,0,27,20,63,11,40,51,35,100,101,232,39,37,19,0,20,17
0,19,32,11,0,23,7,26,0,0,16,0,0,32,53,35,0,0,17,0,0,0,21,107,144,200,0,2,6,3,0,0
0,22,10,1,0,9,15,16,0,5,6,0,24,4,0,39,0,16,0,8,6,0,0,10,126,182,12,0,0,16,0,0
8,0,0,2,0,12,2,16,11,15,0,2,0,0,0,62,0,0,49,0,12,0,0,38,121,0,0,0,0,15,0,34
7,27,0,0,43,9,55,17,63,2,0,2,0,0,19,0,81,10,0,0,27,19,3,0,0,29,82,0,63,0,19,19
0,0,0,0,0,0,0,1,8,28,0,0,31,0,30,4,20,0,18,0,8,11,0,24,19,65,247,0,24,0,0,10
0,14,5,0,0,0,16,11,0,20,19,0,0,0,43,0,0,2,66,0,8,51,3,0,52,105,172,174,26,0,8,54
0,0,0,0,0,11,11,0,6,3,0,0,16,36,39,0,0,0,21,114,13,21,0,0,0,0,70,196,0,0,0,10
0,0,38,0,43,0,54,28,47,0,0,19,0,0,0,16,23,0,50,41,53,79,16,0,2,17,76,30,1,0,0,0
0,0,0,0,0,2,0,32,0,3,38,0,35,0,4,0,0,21,0,37,103,74,18,12,13,10,0,1,0,0,18,0
4,0,0,0,19,0,43,25,15,4,0,2,13,72,0,0,0,0,15,0,45,67,99,90,0,2,16,7,0,0,0,0
44,33,0,0,52,13,5,32,37,0,22,203,6,104,5,19,0,0,28,24,44,75,178,73,118,32,0,0,25,8,22,0
0,0,44,20,8,1,0,18,1,8,11,208,160,23,0,0,0,0,0,1,0,32,19,163,28,0,0,0,0,39,0,0
0,0,21,0,0,0,9,17,20,65,204,83,84,150,56,0,48,48,0,112,191,151,108,73,124,3,0,0,7,0,0,0
0,0,51,0,59,0,16,17,15,67,33,33,117,153,0,0,30,40,0,16,83,15,43,15,0,3,25,12,0,37,19,64
43,0,0,35,0,6,2,20,25,2,230,107,57,27,6,0,0,0,34,226,120,169,158,212,0,1,5,21,12,19,0,0
0,0,10,29,0,0,0,2,0,37,152,57,217,26,0,0,0,0,52,85,164,28,71,70,13,0,0,17,0,0,0,27
0,7,0,6,0,0,0,0,0,0,102,21,28,74,7,0,0,0,183,11,29,107,104,34,4,0,22,0,18,2,0,1
0,0,19,7,0,0,0,0,18,0,15,74,0,3,7,6,2,0,204,136,9,192,0,2,21,38,0,11,0,24,11,0
0,0,14,6,35,6,0,9,0,0,0,25,0,0,23,46,0,48,133,67,26,23,7,0,14,31,1,0,0,0,8,49
21,2,0,6,0,0,32,26,57,0,11,0,24,13,31,0,0,13,0,12,6,0,0,11,39,16,36,36,1,0,0,0
31,4,8,16,0,1,0,16,0,6,0,0,13,0,9,0,0,0,0,2,3,0,4,0,0,0,20,0,2,33,3,0
8,2,10,0,0,0,0,11,0,3,0,44,0,2,24,17,19,0,33,0,26,0,0,29,0,0,11,2,5,10,1,0
0,2,66,37,50,6,38,26,36,71,4,0,0,39,5,0,0,0,15,0,0,8,0,7,0,1,12,4,16,16,0,14
0,48,155,87,66,35,39,64,37,95,49,17,0,25,12,1,3,4,2,20,0,8,27,0,8,0,13,0,0,10,0,0
0,6,82,46,0,38,0,0,90,32,26,10,22,31,10,0,14,0,0,59,47,0,0,46,0,55,0,0,3,0,0,0
0,55,74,87,111,78,36,15,100,0,34,0,14,0,0,61,0,0,0,0,0,18,0,17,0,25,7,0,0,0,0,48
18,24,82,3,10,30,28,13,0,0,26,0,0,54,0,0,26,41,0,18,7,17,0,70,68,17,0,0,15,0,0,86
0,66,43,5,0,48,82,28,51,0,57,97,2,75,12,0,0,29,0,20,36,0,0,0,102,106,94,51,0,0,0,0
0,29,60,44,15,29,27,0,5,16,34,0,48,74,35,31,38,84,16,9,0,27,44,28,80,0,227,0,4,35,0,52
85,41,57,6,0,46,0,7,31,0,38,21,40,40,142,0,16,22,35,0,35,0,9,0,0,11,0,43,92,0,0,22
26,33,45,0,0,0,3,0,18,13,11,13,37,114,45,78,17,44,0,16,0,12,20,0,25,13,191,4,68,0,0,0
70,0,16,2,9,0,0,46,0,1,22,17,44,0,29,0,45,65,10,51,0,0,0,0,27,0,0,185,97,29,28,24
3,6,0,0,0,11,0,0,4,2,9,0,0,22,7,9,0,46,99,30,29,10,0,43,0,60,62,114,2,0,42,5
0,0,1,7,47,8,74,31,0,0,14,74,0,0,33,22,33,88,198,199,56,3,1,48,62,29,45,97,0,27,0,0
0,3,0,6,0,2,0,0,31,0,12,10,8,0,11,0,1,62,18,71,2,22,1,19,0,78,109,0,28,5,0,4
0,49,0,0,0,32,35,0,43,0,11,21,19,12,14,40,0,173,220,13,26,0,0,0,0,127,0,0,88,16,0,0
0,5,12,0,0,0,8,37,23,26,28,0,21,17,12,0,0,116,29,45,0,9,32,27,60,69,28,16,44,29,13,0
0,5,26,1,31,0,0,4,0,17,34,26,0,0,33,0,11,46,4,25,0,0,27,82,50,4,85,71,27,0,0,59
55,0,1,0,0,13,0,22,0,0,17,94,0,0,0,0,0,0,4,30,0,15,14,0,17,22,35,102,16,93,82,0
71,0,11,0,11,12,0,0,0,5,186,159,28,7,12,0,0,0,1,4,0,18,0,0,20,13,47,5,123,73,2,14
36,0,0,0,11,0,13,0,9,0,167,236,18,7,0,22,0,0,3,8,11,0,22,22,7,0,19,174,13,57,17,0
0,0,0,0,33,0,0,26,0,7,0,35,0,0,28,42,9,0,0,0,0,32,0,12,0,10,71,98,24,0,0,62
60,8,17,6,0,0,6,0,54,0,32,32,36,47,28,7,0,0,0,0,0,3,16,0,0,0,29,57,14,0,0,2
0,13,0,20,27,38,0,0,0,20,0,34,35,1,0,56,0,1,37,0,42,1,30,57,0,0,8,0,0,0,7,0
0,0,0,19,0,24,0,3,34,0,57,60,82,8,4,0,2,0,4,16,12,2,0,0,11,20,29,0,0,10,0,0
0,13,0,2,48,11,7,0,0,14,140,66,137,48,165,0,0,25,34,0,0,0,80,8,8,0,12,68,138,0,31,27
7,52,0,16,0,0,0,0,21,35,125,205,82,5,41,17,0,0,5,0,0,30,71,92,0,0,23,94,0,19,0,15
0,0,0,27,9,10,0,3,1,33,43,59,228,99,127,82,18,37,0,0,11,6,23,0,23,28,49,0,7,0,0,0
19,19,0,4,0,4,28,0,0,89,124,0,131,9,8,0,0,0,0,12,36,0,0,0,0,34,0,0,0,0,0,0
49,0,0,0,2,0,6,58,18,19,66,243,221,35,0,5,30,0,17,19,0,0,12,48,16,7,40,0,64,25,0,0
12,19,0,0,0,0,0,16,0,180,31,185,89,62,0,0,0,0,16,1,0,26,24,0,0,0,0,0,10,0,44,0
0,9,4,0,0,25,3,35,0,170,137,81,9,44,15,0,11,6,5,6,82,30,1,7,0,0,1,5,0,0,0,0
66,0,0,0,0,19,22,0,17,4,35,9,7,0,0,0,0,9,12,0,24,0,11,4,0,0,0,4,0,0,0,0
0,14,9,0,0,0,0,0,16,8,0,0,30,27,22,0,0,45,6,0,12,0,34,7,26,0,0,0,0,26,0,28
0,34,0,42,72,13,47,10,13,54,38,0,12,0,0,8,33,16,38,0,0,33,0,0,1,29,0,0,10,0,0,0
82,61,156,76,49,32,64,0,48,86,29,0,0,0,0,2,0,25,0,0,14,0,32,3,0,5,0,0,2,31,7,61
72,28,76,61,111,0,37,31,23,22,2,51,9,5,0,0,18,0,20,0,10,0,3,16,12,9,9,10,0,0,7,40
79,53,64,74,86,33,23,45,18,21,65,0,82,28,0,19,22,2,5,0,0,9,14,0,20,0,0,23,0,0,20,19
0,1,4,95,8,45,39,28,27,16,33,0,0,62,3,37,0,0,66,0,0,15,28,0,0,49,0,0,0,0,28,35
54,0,11,0,50,29,0,0,13,35,54,46,32,35,13,16,15,23,0,0,30,0,43,28,8,0,43,0,17,6,0,0
35,2,56,66,27,16,0,0,0,26,44,8,38,19,40,0,54,44,0,0,0,30,0,0,0,0,59,14,0,0,19,0
123,26,12,0,4,0,1,16,0,30,0,42,23,0,15,4,39,14,27,23,0,0,15,0,0,0,50,45,39,0,0,0
11,21,25,0,3,5,0,0,0,0,46,0,0,44,30,53,33,63,18,0,0,14,5,0,7,19,0,0,0,5,0,5
38,0,32,0,0,30,62,0,50,13,35,0,5,0,0,0,38,0,0,31,0,0,0,0,0,0,0,0,63,52,41,0
105,24,21,0,0,26,1,0,36,7,190,21,94,58,80,16,0,0,0,0,147,40,32,0,32,6,4,24,22,6,0,49
0,7,4,0,0,31,0,0,0,35,39,5,63,0,43,0,33,3,22,0,150,24,18,16,43,34,113,72,66,23,0,19
127,3,0,0,0,49,0,8,56,13,36,14,42,66,0,0,21,53,40,54,27,42,27,33,15,10,71,0,28,0,8,72
40,0,45,22,32,0,23,0,0,34,42,15,27,36,0,51,0,13,0,0,0,3,11,1,0,0,48,0,124,21,0,0
99,22,16,10,0,12,17,0,31,29,45,39,65,51,0,0,72,35,24,0,45,26,0,9,0,0,0,0,17,13,0,6
97,0,6,26,2,0,26,13,20,0,4,31,46,5,9,5,18,0,62,18,42,6,15,24,13,0,0,6,0,0,0,11
0,8,0,14,4,0,0,0,23,14,0,21,7,25,0,0,0,0,0,0,0,1,0,26,23,0,20,63,30,35,1,0
0,11,29,0,37,1,0,0,33,27,25,0,5,10,0,0,12,32,0,22,0,0,0,5,0,0,0,45,0,18,0,21
113,0,0,0,19,38,46,0,13,46,70,0,46,0,0,0,8,25,33,16,0,13,0,0,0,0,0,0,0,1,0,13
0,1,0,0,0,0,28,0,8,55,16,0,17,0,0,0,8,6,0,0,58,0,86,14,50,19,23,0,1,0,0,0
0,44,4,0,0,46,13,24,38,83,0,22,14,3,0,17,0,88,7,5,23,53,14,11,4,0,2,18,3,2,17,81
141,9,0,0,0,4,41,2,42,33,0,87,0,0,13,0,69,26,6,0,7,0,14,10,0,26,42,0,18,0,75,48
100,27,16,0,11,0,0,8,32,39,12,16,59,94,25,0,7,31,0,0,0,0,1,14,28,3,36,14,0,0,24,22
38,54,0,63,16,0,0,20,0,0,61,51,76,19,0,9,0,0,0,0,3,20,0,0,1,0,0,0,0,36,0,44
21,70,0,0,1,0,13,0,17,40,48,54,1,25,3,9,20,225,71,57,5,23,0,23,0,28,0,0,0,0,0,0
0,38,0,0,0,37,0,0,45,23,0,0,86,34,0,0,43,116,120,62,69,0,35,0,0,19,0,30,0,7,14,8
66,0,0,0,0,7,0,0,0,31,70,0,0,4,0,0,0,0,0,2,0,0,0,35,6,0,0,0,0,38,0,0
10,3,6,0,8,0,13,0,0,7,34,34,0,0,0,4,0,21,14,0,0,0,1,27,0,0,5,5,0,0,0,8
34,0,0,15,4,13,0,0,12,14,18,0,24,0,0,1,2,11,0,0,0,0,12,6,28,0,9,11,2,8,0,0
0,9,0,10,0,30,3,0,0,3,0,37,0,6,122,22,0,41,0,0,0,17,9,1,0,20,20,11,18,8,0,0
8,160,37,53,11,37,33,0,11,7,4,0,0,21,114,0,0,0,0,0,0,0,39,54,17,0,0,49,0,0,0,11
0,240,230,241,47,182,0,0,8,0,50,9,0,0,0,51,0,0,1,12,0,0,0,10,13,18,0,0,20,0,0,0
7,33,30,20,34,0,15,16,38,55,39,0,31,38,35,0,7,11,17,0,35,10,23,22,18,0,27,0,15,11,38,0
77,64,105,40,0,10,75,59,29,76,7,0,0,0,0,2,8,0,12,4,0,0,18,2,6,14,27,5,5,17,18,20
0,23,25,16,60,21,7,0,13,21,0,20,25,9,7,23,0,5,37,0,0,0,32,0,0,0,7,0,0,8,0,0
0,0,10,29,120,39,6,41,49,0,0,19,0,3,24,95,7,45,0,23,0,19,0,11,4,11,23,0,48,15,0,0
0,0,59,0,60,0,71,5,51,0,0,29,17,43,0,0,23,0,0,0,0,0,0,61,16,13,43,0,0,26,3,10
46,0,28,20,41,33,31,6,0,0,60,48,0,44,23,16,23,0,0,5,0,38,0,2,0,14,11,58,0,0,23,0
61,49,8,0,68,0,5,30,3,12,25,0,0,44,0,0,39,41,55,0,15,0,12,0,0,0,0,18,0,0,0,0
0,10,0,42,0,8,10,0,31,6,27,0,31,58,0,0,0,6,0,4,6,0,18,22,0,0,29,41,30,0,0,0
0,0,11,0,9,39,3,0,0,35,0,0,0,6,1,19,0,0,0,0,3,59,0,0,0,0,0,0,0,0,0,61
36,0,25,2,0,11,0,13,0,0,0,23,7,0,6,13,0,5,12,0,0,5,30,2,5,17,25,33,37,0,0,0
48,0,0,0,9,0,24,0,0,0,0,0,0,24,69,0,16,0,10,0,9,11,0,9,0,0,27,0,17,19,0,0
14,27,0,22,11,63,21,20,0,0,0,2,0,4,29,33,13,38,28,6,59,10,0,0,0,30,16,99,44,0,3,20
2,8,0,0,0,20,0,52,0,0,0,25,49,0,48,0,26,0,58,27,0,0,0,0,21,9,66,33,50,0,36,15
55,0,0,31,0,0,3,0,9,12,16,54,54,10,0,17,0,25,0,22,56,0,67,2,0,0,7,0,85,30,0,0
0,0,30,157,58,0,48,0,6,0,8,0,98,0,31,0,0,41,33,0,91,0,0,0,32,2,14,0,21,27,0,15
0,3,80,209,0,23,19,4,1,9,0,0,5,0,24,0,13,0,13,6,1,0,0,34,0,0,54,20,0,16,0,0
0,27,74,135,0,6,0,17,0,0,37,76,18,2,0,0,0,69,48,8,0,0,28,0,10,0,0,34,4,40,0,0
48,9,0,152,0,12,0,12,0,0,8,4,18,0,23,0,1,29,0,0,6,0,6,4,20,14,45,2,0,0,10,6
0,7,0,61,0,0,0,0,0,0,15,91,0,21,0,1,19,0,5,14,11,6,3,5,0,0,14,0,4,45,12,22
0,0,10,13,40,0,0,0,28,44,18,45,20,28,0,2,11,16,0,0,5,59,0,0,0,12,27,0,3,0,16,49
0,39,0,0,30,0,0,11,36,0,0,181,20,0,28,29,63,0,50,14,12,0,0,32,15,53,24,0,26,0,52,29
0,0,0,0,0,20,0,0,23,4,60,14,0,0,0,35,10,10,0,5,0,33,12,0,18,0,10,0,0,20,32,0
0,19,23,0,20,1,0,0,20,26,13,126,0,0,43,0,59,52,0,13,4,0,4,18,0,30,0,0,0,0,0,17
0,0,6,0,0,58,26,18,15,0,0,7,0,5,13,4,35,0,0,0,0,0,0,0,0,0,0,12,2,0,5,0
70,33,16,0,0,23,4,2,0,0,28,0,1,27,0,36,211,37,0,0,13,0,33,0,0,32,0,0,17,0,34,0
20,0,42,14,23,0,0,11,0,0,0,6,0,0,0,46,194,58,0,9,0,4,16,0,32,0,32,0,0,3,0,0
28,0,14,0,0,0,0,0,0,14,0,0,0,13,0,0,9,0,12,0,0,7,34,21,1,0,0,16,0,13,28,12
19,229,51,0,4,7,0,0,0,0,0,9,15,0,3,19,18,0,40,63,11,14,1,0,0,14,2,0,33,0,0,34
94,2,4,14,0,0,0,40,0,0,0,45,0,0,0,37,2,58,1,18,2,0,0,0,0,13,0,0,25,28,18,0
224,215,14,20,0,0,8,10,0,3,1,17,25,0,0,0,0,72,124,204,0,0,0,0,0,1,0,0,0,0,0,37
58,2,16,0,2,26,4,0,7,0,0,19,20,16,11,0,26,0,11,0,0,7,0,0,26,0,0,0,0,0,44,0
0,0,0,0,0,36,0,0,13,3,0,0,3,0,16,0,0,24,1,17,0,0,10,8,14,1,21,0,0,0,23,0
0,20,0,36,33,0,0,18,71,29,28,15,0,0,58,1,0,0,1,16,32,23,3,0,3,22,0,9,13,9,0,13
189,60,66,42,68,33,72,10,12,11,0,0,0,22,0,6,19,0,0,0,5,0,6,9,0,0,0,34,0,10,9,0
105,44,22,10,38,0,0,28,59,0,0,0,1,55,0,0,8,17,0,0,28,36,2,0,0,21,16,49,0,0,27,0
0,15,0,0,65,50,39,27,18,0,0,0,0,40,0,0,4,7,35,0,5,12,0,33,0,0,0,18,0,0,10,0
43,14,23,18,22,9,17,0,0,0,0,0,0,18,0,23,9,9,0,0,0,20,0,11,0,0,1,12,0,14,0,5
0,0,0,4,0,0,20,0,11,27,22,35,2,16,0,0,0,0,0,24,23,16,23,4,2,0,0,0,0,6,0,18
0,0,0,5,21,0,7,0,0,0,0,53,0,0,26,16,0,0,27,17,9,2,0,0,0,49,0,0,0,21,0,0
11,0,0,6,0,0,28,20,0,0,49,14,0,0,0,13,11,0,0,13,0,11,0,0,0,17,0,50,0,14,0,63
0,0,44,17,23,2,6,0,0,0,5,0,0,0,0,36,0,0,0,4,21,0,0,12,18,4,0,0,7,0,0,2
0,0,0,0,0,0,16,33,0,5,4,0,0,0,0,0,0,0,4,30,20,15,0,19,0,5,0,12,14,5,0,0
0,0,0,24,35,0,0,0,20,0,0,0,0,24,1,0,17,0,0,5,0,0,0,0,0,4,0,0,0,2,0,16
0,0,0,14,0,0,0,0,0,0,0,0,0,60,12,0,0,0,0,0,0,0,0,0,0,9,13,52,0,0,21,0
0,12,2,5,17,0,0,0,0,0,0,16,14,0,16,0,11,0,12,43,0,0,13,0,7,69,10,17,0,47,30,0
0,3,12,9,0,6,0,4,23,0,27,0,44,8,6,0,2,2,0,15,0,0,0,0,42,41,0,0,0,0,15,21
0,0,20,21,0,0,0,70,0,0,2,48,30,0,15,53,0,7,23,28,26,0,0,14,0,36,8,0,33,20,0,0
47,14,0,0,0,0,0,12,24,14,18,0,0,13,0,0,53,0,5,0,0,38,4,0,0,12,0,34,0,0,0,14
70,14,0,0,0,19,18,0,9,18,4,76,0,7,0,9,89,13,0,28,35,11,10,0,27,8,42,26,1,0,0,16
0,0,0,9,0,29,48,91,0,0,41,0,34,7,2,0,33,0,0,0,15,16,22,21,10,55,0,0,0,6,5,0
0,0,14,22,28,13,29,32,0,0,29,0,26,41,28,37,111,0,0,22,3,39,38,0,0,75,0,45,0,0,0,0
0,0,0,0,0,73,39,0,14,57,0,15,78,41,37,124,24,80,0,0,4,14,76,142,166,17,0,30,0,0,7,44
125,0,0,17,0,27,0,24,8,0,36,41,50,55,162,129,119,22,3,0,4,25,79,150,89,16,0,0,0,0,0,0
0,28,27,9,0,28,0,2,27,30,0,19,0,14,86,252,121,66,0,0,0,118,74,133,113,0,37,0,2,11,50,60
0,15,3,0,0,5,0,7,4,19,0,0,24,50,77,30,157,22,7,0,18,16,32,132,38,0,0,22,4,0,0,0
0,0,0,25,0,0,0,27,0,1,0,0,0,17,6,46,0,10,23,34,3,0,0,62,0,0,42,0,231,28,29,0
2,1,0,0,15,26,23,0,0,11,0,32,0,13,20,0,16,2,6,0,10,0,20,18,0,30,0,16,79,11,0,3
10,14,0,4,5,0,0,0,28,231,34,0,13,0,0,2,9,4,0,22,10,0,32,7,0,0,51,24,0,0,3,0
0,20,0,17,0,16,23,87,30,216,9,0,0,1,0,29,13,5,28,19,0,17,33,0,3,19,160,38,13,0,14,44
37,43,0,0,62,122,34,0,0,0,25,13,0,0,0,84,111,0,32,0,49,38,28,40,0,0,6,0,0,31,10,11
61,3,0,48,11,19,5,37,0,5,9,3,7,12,27,9,41,4,7,6,0,41,7,0,0,0,5,0,5,0,11,26
0,11,4,3,0,0,0,0,0,8,29,0,0,28,9,0,0,0,0,0,0,0,0,0,0,3,62,4,9,0,0,0
0,0,30,2,16,16,9,0,0,0,0,0,0,0,0,0,0,0,0,0,24,1,0,13,3,0,11,11,0,0,0,0
18,0,30,13,27,27,4,13,1,30,0,0,28,0,32,13,21,9,2,0,5,0,0,7,21,34,16,11,54,12,0,0
0,35,0,0,33,4,0,32,0,60,0,0,0,0,0,0,0,0,0,0,0,48,0,0,0,0,53,18,41,11,0,0
0,57,110,26,80,33,84,61,10,0,10,0,13,17,0,0,0,0,0,6,0,0,0,0,16,27,53,0,17,0,20,9
0,5,82,39,44,0,0,20,14,3,0,16,20,6,0,0,40,0,43,0,0,11,11,7,0,6,0,21,0,25,48,24
0,0,5,0,0,31,12,21,24,10,6,7,38,1,30,26,0,0,4,21,0,0,0,0,0,1,0,8,0,0,0,24
0,0,29,6,0,0,8,0,0,22,5,44,0,26,0,0,28,0,0,49,0,0,0,1,0,18,60,7,0,35,0,0
0,23,57,0,24,41,11,0,22,13,30,61,35,31,9,0,17,14,0,7,0,18,0,0,0,0,0,10,0,1,0,0
0,0,7,27,0,4,0,0,3,1,12,0,0,5,10,20,0,12,0,1,0,11,11,0,0,9,0,0,29,23,0,0
0,0,1,14,0,0,13,0,4,11,0,0,0,14,19,18,0,0,0,18,0,8,0,7,7,0,0,22,0,0,11,2
0,2,16,0,1,0,35,8,23,2,18,28,0,0,21,0,42,18,0,1,6,0,0,10,1,0,18,15,0,0,6,0
30,35,20,0,0,16,0,0,21,27,47,0,21,0,0,0,1,23,0,0,12,0,26,114,115,0,0,31,0,2,3,0
51,0,2,40,20,10,0,0,0,0,0,6,20,0,11,48,11,0,0,0,0,0,0,189,120,82,30,0,13,10,5,16
79,30,0,0,7,0,0,2,12,0,0,0,27,1,21,34,8,4,0,7,0,0,39,116,0,0,6,0,0,0,43,58
0,10,3,7,0,0,5,18,6,0,4,31,0,0,3,47,17,0,21,0,7,138,110,0,27,0,27,0,0,0,0,61
165,0,48,45,0,0,0,15,23,0,20,0,39,0,65,0,1,0,0,44,17,40,26,0,28,0,40,7,17,39,0,185
5,0,23,0,26,12,1,32,0,8,9,0,12,13,0,0,0,11,0,9,114,0,14,2,0,0,1,10,43,48,78,44
0,18,0,0,14,0,17,0,0,24,0,5,8,15,22,0,16,0,10,0,102,58,1,4,0,0,11,40,184,0,0,0
0,0,0,10,12,21,33,10,0,0,0,0,121,0,9,0,67,16,34,12,77,7,0,0,0,16,11,32,11,0,21,0
167,0,38,51,0,0,0,36,0,0,0,16,144,50,0,21,24,43,43,0,7,18,23,0,7,0,21,11,1,0,0,221
41,0,0,21,18,9,0,25,0,0,0,0,0,0,0,27,1,46,19,121,19,0,0,0,0,5,0,0,0,235,225,73
97,0,11,0,6,17,0,0,17,18,37,27,0,23,30,0,5,215,110,118,0,0,16,20,0,0,0,0,0,75,35,30
0,0,0,0,0,1,0,0,0,52,26,5,0,1,0,3,2,0,24,16,0,0,39,75,0,0,52,1,7,41,4,0
0,4,4,0,0,0,0,0,0,2,75,32,10,5,0,19,2,11,13,0,43,0,8,0,0,51,0,0,30,1,31,29
0,0,0,10,0,6,36,1,28,9,0,32,59,55,7,4,62,0,2,0,0,0,0,0,0,0,0,2,0,2,0,0
64,0,12,0,0,21,0,0,0,4,3,135,2,237,0,7,0,4,0,76,0,17,5,0,0,97,26,0,0,0,0,30
1,23,5,0,0,0,20,50,32,0,0,0,254,196,13,22,24,0,27,0,3,34,0,0,13,6,74,0,0,7,0,0
74,0,2,0,10,0,0,48,16,0,0,185,137,73,62,0,0,0,0,27,0,0,0,19,6,0,38,0,0,26,0,6
0,29,0,0,0,0,0,0,2,29,0,9,10,73,0,0,0,32,4,0,4,23,0,0,0,0,0,0,12,0,0,53
11,39,0,0,0,0,39,0,0,44,14,0,0,20,0,0,0,13,28,16,0,4,31,1,0,0,0,18,0,0,0,43
0,26,0,18,0,8,41,7,0,0,59,13,7,0,12,0,34,0,17,0,6,4,8,19,5,0,0,0,0,0,0,0
68,0,0,0,0,12,0,0,16,14,0,0,27,4,0,26,0,24,8,14,1,35,0,0,25,0,0,4,0,0,3,0
41,0,0,11,0,0,0,16,0,0,0,36,32,5,7,25,0,11,0,0,0,0,0,6,5,4,0,0,0,4,0,0
0,0,0,0,3,2,5,12,0,29,0,53,25,0,0,6,0,4,0,0,0,0,20,0,0,0,0,0,18,0,20,0
40,0,0,0,21,51,16,0,31,11,0,3,0,0,0,0,17,6,16,0,16,26,23,0,2,10,0,0,0,0,0,35
0,81,0,2,0,19,40,26,0,38,0,0,0,21,0,0,0,12,7,0,0,8,153,201,0,7,0,6,0,0,17,12
21,37,0,0,7,0,0,0,5,27,0,9,25,12,0,0,5,17,12,12,0,61,31,34,17,0,0,0,0,0,16,20
0,20,5,35,42,0,12,16,0,0,11,21,36,27,17,22,12,54,26,13,159,148,0,62,34,54,19,30,17,29,0,9
21,0,6,9,31,0,17,16,0,0,0,42,0,0,9,58,7,0,20,48,167,24,122,89,21,0,68,0,12,39,12,182
5,17,0,0,0,1,0,0,0,6,37,61,24,0,0,2,31,7,84,10,117,46,130,80,47,0,26,0,1,7,47,23
17,0,0,0,48,21,0,5,0,12,0,13,0,37,0,53,0,61,132,88,216,3,157,57,0,0,0,23,83,17,0,97
0,36,7,0,7,59,0,0,25,27,36,0,0,21,57,51,21,0,158,197,0,108,7,0,0,117,57,150,44,0,0,76
90,19,0,0,0,19,13,0,14,0,13,43,35,0,0,10,0,18,10,0,68,56,64,0,35,85,46,0,27,31,46,16
80,0,58,35,71,0,18,0,11,0,0,0,19,11,34,0,36,0,8,12,70,0,0,0,20,13,21,72,243,40,16,38
133,10,0,66,0,16,0,48,9,6,18,21,50,0,4,160,0,5,0,33,4,12,32,50,0,16,233,96,83,5,9,0
135,0,27,0,14,0,9,44,0,10,0,0,0,30,95,60,34,5,18,14,0,23,0,0,0,249,36,85,80,20,0,23
0,3,0,12,23,0,0,0,3,28,31,0,0,49,81,216,52,0,67,22,1,0,0,16,0,14,56,12,168,61,89,0
0,0,0,46,5,0,0,27,2,0,0,0,0,0,5,26,47,38,0,0,1,0,24,0,14,3,69,34,84,71,74,30
19,27,0,1,0,16,26,0,0,0,0,13,0,18,11,9,8,53,0,3,8,0,0,21,10,17,48,0,100,0,98,52
70,0,0,2,0,0,0,0,0,2,3,0,0,0,0,41,0,7,72,11,0,85,32,0,16,0,17,0,9,0,5,94
68,16,0,7,0,10,0,137,43,152,92,102,11,0,0,30,0,0,50,18,0,98,178,0,0,24,0,17,0,48,93,63
198,19,0,0,22,0,4,52,98,247,87,31,17,33,0,0,7,0,0,0,0,2,52,29,18,0,24,0,0,36,4,26
98,6,8,0,10,10,3,193,235,30,153,210,0,28,6,0,0,0,0,0,7,0,34,0,0,0,0,0,0,9,75,26
0,7,0,0,20,7,3,93,184,43,0,83,72,2,10,0,0,1,7,3,0,1,22,0,3,10,15,15,0,17,0,23
70,0,0,0,26,13,0,84,164,70,21,54,12,33,35,0,29,5,0,0,0,35,30,0,0,4,0,0,11,0,11,55
0,0,12,1,0,0,0,20,0,0,14,20,23,0,0,19,0,0,0,0,0,48,42,0,35,36,12,3,0,0,0,27
0,50,43,0,3,17,12,0,23,0,0,39,89,16,0,0,0,0,0,0,19,4,41,2,0,7,13,4,12,25,11,4
26,20,6,0,0,12,14,16,0,0,3,9,0,46,32,4,0,0,0,21,0,3,0,0,1,9,17,0,0,7,0,10
33,0,18,0,2,21,0,0,0,20,0,0,0,58,3,0,2,0,0,0,4,29,26,0,4,39,39,0,0,0,0,31
0,0,0,0,59,0,0,4,0,0,0,0,104,46,0,0,1,0,0,0,0,0,0,18,0,0,0,0,0,29,1,4
0,35,0,48,1,39,38,0,14,6,10,19,34,0,0,0,0,0,0,13,0,0,0,5,20,22,0,0,0,8,0,30
1,0,0,8,0,0,0,0,0,10,2,5,0,0,0,0,7,0,1,0,0,10,8,23,7,0,0,0,0,0,0,0
17,0,0,13,37,0,6,2,0,2,0,6,49,0,0,43,0,0,0,0,28,22,28,0,9,19,0,0,39,0,1,0
0,0,0,1,0,0,0,0,9,3,0,0,0,16,0,0,16,0,20,1,30,26,0,10,0,0,0,28,0,2,14,33
7,0,0,0,0,11,38,36,0,12,16,22,21,0,9,0,11,1,0,0,0,38,0,0,0,0,0,0,8,32,12,10
0,44,0,0,8,0,0,0,0,11,0,34,19,15,11,22,0,0,0,11,0,28,7,0,52,0,15,13,12,0,0,0
76,1,0,0,0,12,180,45,112,0,11,24,0,0,0,29,0,9,0,8,30,0,7,0,33,43,2,20,2,0,0,0
0,6,8,11,5,0,96,97,0,0,0,4,0,2,16,0,76,97,1,9,7,7,70,32,0,0,0,10,0,0,0,22
0,0,0,1,0,15,201,93,44,0,33,0,0,25,0,177,26,21,57,0,4,80,0,41,0,0,59,58,0,0,0,0
0,46,0,0,0,71,208,85,21,0,0,13,0,2,0,242,0,0,20,34,3,0,0,0,0,3,0,0,6,44,27,0
93,0,11,0,18,166,73,10,17,6,9,20,0,0,0,151,0,13,7,0,0,18,5,2,0,8,25,25,54,54,4,22
12,2,0,1,0,3,0,0,0,19,22,0,0,127,0,12,43,31,0,74,124,0,45,5,0,0,73,39,4,16,6,54
0,0,0,0,19,29,0,0,0,10,43,0,0,0,0,0,12,105,176,0,47,27,51,0,23,0,37,0,0,0,0,70
42,22,0,33,16,0,23,39,0,0,4,0,12,16,0,0,12,3,78,182,24,67,0,0,0,1,7,45,88,20,17,50
62,22,0,38,0,49,4,0,9,29,11,2,4,0,0,22,178,9,0,0,0,56,3,89,9,73,45,52,0,0,0,42
16,26,0,12,0,36,0,0,23,33,8,0,1,1,0,6,61,16,0,0,1,20,35,0,37,30,13,3,63,0,17,27
125,0,13,0,3,39,0,0,0,0,0,0,0,2,46,43,0,0,0,0,43,3,32,0,38,30,47,25,35,57,13,20
0,24,0,0,0,8,0,0,27,0,50,55,0,0,0,18,2,18,0,0,59,0,2,6,0,67,136,43,57,22,25,11
111,2,7,0,43,45,41,0,0,1,0,16,0,0,23,5,20,17,98,12,31,6,0,0,18,0,41,36,45,30,30,15
0,0,4,0,14,11,5,0,0,0,20,4,0,0,5,3,0,3,214,59,5,0,0,18,0,0,20,2,74,11,59,59
0,6,0,0,0,36,0,45,0,0,52,0,22,0,51,0,0,10,19,10,0,0,45,0,0,28,0,0,0,4,28,84
0,54,51,0,0,6,31,78,72,118,24,0,6,33,0,0,0,38,67,5,27,22,19,9,3,0,0,46,0,11,61,0
0,0,28,114,122,5,120,15,29,0,0,10,26,16,0,5,0,0,4,0,19,43,11,5,7,13,0,6,0,11,0,13
16,0,0,69,90,18,163,111,95,30,0,0,0,0,19,64,0,10,0,0,0,11,75,20,9,21,0,3,0,15,14,83
0,0,220,118,218,220,46,14,61,34,31,31,21,32,70,1,43,16,64,0,0,18,0,8,0,6,34,3,19,31,0,28
6,142,115,187,232,189,218,0,0,25,41,0,0,19,0,0,0,13,0,5,29,25,0,27,0,0,0,23,0,7,0,39
120,94,180,196,30,149,0,62,43,17,0,23,19,82,35,12,40,7,0,24,0,0,1,8,2,8,17,0,28,0,8,24
113,240,123,174,100,78,27,41,14,0,0,67,18,6,0,6,0,2,0,11,18,61,0,22,4,30,76,0,0,1,0,0
28,127,111,176,226,65,51,43,18,6,1,31,128,97,2,3,9,0,11,0,0,0,31,0,18,31,0,0,12,0,0,14
24,82,112,13,58,10,0,2,0,0,22,10,79,31,36,2,0,45,1,0,5,11,27,2,40,41,0,24,8,0,0,68
0,96,30,235,59,40,14,0,34,28,159,73,39,43,0,0,9,14,29,21,7,0,20,7,22,0,35,0,0,0,0,0
0,0,188,124,13,0,1,40,3,24,4,5,0,0,0,13,0,4,24,0,0,0,0,0,0,2,66,0,0,0,0,0
0,0,15,210,0,2,3,0,16,0,0,0,35,3,16,0,9,29,2,38,0,11,0,0,1,17,0,0,7,4,8,9
31,4,0,0,23,27,0,11,0,0,19,0,0,0,20,38,19,18,1,0,6,25,31,0,18,0,0,70,0,19,29,0
31,0,30,11,27,24,0,0,36,0,23,31,20,9,0,0,0,0,3,0,0,7,9,15,21,13,37,0,24,16,0,3
4,0,0,5,17,58,0,0,0,0,0,0,0,0,19,0,13,0,0,1,0,0,49,25,12,0,17,8,13,2,0,0
0,0,0,0,8,0,0,2,0,0,9,14,0,19,9,8,0,0,0,0,6,0,0,5,0,21,0,0,23,25,0,23
0,8,16,0,0,0,34,96,14,22,0,33,0,0,31,2,28,0,2,23,0,0,0,0,0,0,10,0,0,11,0,41
51,0,0,0,0,0,0,0,7,11,0,0,0,24,22,0,15,12,0,28,0,0,30,5,0,0,0,0,0,3,21,0
4,2,0,27,16,0,0,68,2,0,53,24,0,0,19,48,0,4,0,0,0,0,72,20,0,66,21,0,0,0,0,14
96,29,8,0,0,25,18,0,66,26,39,0,11,105,42,88,9,1,28,0,29,103,19,9,0,0,0,28,6,0,13,30
0,0,18,0,0,8,30,16,0,23,19,68,111,5,37,3,0,8,0,11,0,30,7,1,0,0,24,0,19,9,5,0
0,0,11,0,0,0,0,5,27,0,1,102,7,1,0,6,0,0,0,16,12,0,0,1,32,0,35,0,6,0,11,0
0,20,14,0,0,38,28,14,3,16,7,92,0,48,0,0,0,64,8,110,45,0,0,0,0,30,0,24,0,0,21,37
72,23,12,2,16,0,50,3,13,0,155,83,10,0,30,23,45,0,25,0,10,0,41,0,2,3,41,8,42,21,22,34
64,3,59,12,36,14,27,25,0,0,85,73,12,0,5,0,5,0,67,10,0,0,0,0,0,0,0,5,32,0,2,81
78,94,45,5,0,0,0,8,0,0,32,10,0,30,23,51,0,8,0,0,0,3,26,8,4,0,0,0,30,0,21,53
10,137,43,0,22,0,0,3,0,0,66,5,45,6,0,18,0,0,9,4,19,0,48,22,27,7,5,4,42,7,42,0
62,92,0,0,17,35,0,0,29,18,149,4,0,0,0,45,0,19,0,16,23,0,12,2,0,61,0,12,41,22,0,17
36,84,97,3,49,0,6,0,13,16,52,0,0,6,8,10,10,9,0,0,18,31,0,0,0,30,33,112,65,0,20,5
50,2,9,10,2,0,0,0,0,75,110,0,0,0,86,2,60,55,55,0,31,0,16,3,1,12,30,30,22,6,39,93
0,63,24,0,31,58,0,0,20,18,0,0,0,0,0,0,84,19,20,0,0,12,0,0,19,28,0,0,84,12,23,88
0,29,145,0,25,19,0,0,0,52,117,0,0,38,11,20,77,26,0,0,0,0,28,4,36,0,45,29,0,14,36,0
0,58,53,8,3,0,0,37,0,50,41,0,19,2,56,171,15,3,56,47,56,0,9,0,0,0,0,27,8,18,16,55
0,11,246,120,21,11,0,11,0,81,50,0,0,0,38,0,183,29,25,0,1,121,26,0,3,0,5,0,0,0,16,0
10,0,62,248,14,0,22,0,32,0,7,0,4,0,164,222,0,20,5,0,0,10,0,18,0,0,24,12,19,14,0,0
0,0,5,35,4,0,0,40,0,0,0,0,1,45,14,149,4,0,0,28,0,0,0,32,16,0,28,0,11,8,0,0
0,0,0,0,0,0,0,0,0,11,0,16,0,0,8,4,0,0,103,95,12,10,4,0,17,0,17,8,0,0,7,0
0,0,17,0,2,0,18,0,0,0,8,16,0,0,3,11,0,0,31,63,3,0,0,3,0,8,0,0,0,4,0,28
77,0,0,0,0,2,0,0,40,0,25,6,2,4,0,0,15,22,143,146,11,0,0,34,36,9,65,75,0,0,0,27
103,0,36,60,0,36,42,0,55,19,0,7,0,33,4,0,0,0,175,114,0,0,0,23,0,0,0,0,0,45,0,38
0,0,0,12,0,219,119,0,7,1,59,0,75,0,0,19,0,0,39,6,0,16,0,0,0,0,0,8,0,7,14,48
0,20,0,7,0,37,78,0,7,0,198,4,2,30,16,0,23,0,6,0,20,0,10,0,0,0,0,0,0,2,0,0
16,0,0,17,3,0,20,10,0,0,16,0,73,0,10,33,39,0,20,5,0,0,0,4,6,4,22,0,40,16,0,0
0,21,0,0,0,37,0,29,0,0,51,20,0,70,0,0,0,21,0,2,56,0,41,3,0,36,12,8,23,8,21,0
2,22,0,21,91,4,9,36,0,3,0,0,0,11,0,1,27,0,20,38,0,16,0,0,0,0,7,0,0,3,0,4
54,0,34,0,64,20,0,55,46,0,29,0,12,0,0,0,0,3,43,5,0,0,0,12,4,0,13,37,0,0,0,5
2,0,0,11,3,19,27,6,0,0,0,24,21,1,18,18,0,0,0,6,0,0,22,0,0,0,0,10,27,0,0,21
0,41,6,29,11,0,8,29,0,0,23,6,0,0,0,0,0,10,10,13,11,26,20,0,0,0,0,11,0,0,29,13
12,0,0,5,31,6,30,0,9,0,4,0,0,0,0,0,0,14,43,0,27,8,20,0,0,0,0,0,1,0,2,0
0,0,0,21,43,59,0,25,0,0,24,0,0,4,0,12,6,25,29,30,20,32,26,0,52,0,66,0,0,3,2,17
0,0,0,0,0,28,6,0,22,50,0,0,0,18,0,0,0,21,0,0,27,0,18,38,0,0,0,24,0,20,0,75
29,26,0,0,81,0,11,4,0,0,0,29,0,61,42,6,88,0,33,23,11,113,0,0,0,0,0,0,39,2,10,0
0,0,0,20,0,7,0,4,10,5,13,6,87,24,0,16,0,12,0,0,8,1,0,4,0,0,37,9,18,0,0,0
3,41,52,25,0,50,14,0,0,0,0,2,28,39,6,6,0,0,0,3,0,10,0,0,0,0,0,8,19,13,0,12
0,8,10,26,12,0,0,0,5,23,19,25,17,12,18,15,0,0,6,0,32,16,0,19,6,0,56,0,11,0,5,77
0,16,25,7,0,36,28,20,0,0,11,8,0,1,0,0,0,0,0,19,17,0,38,44,14,17,47,0,29,0,37,0
56,0,26,0,11,0,0,1,10,0,36,26,0,38,31,39,60,0,40,3,27,12,29,0,5,0,6,44,47,2,18,2
40,24,0,35,0,0,0,48,42,0,9,31,66,0,0,0,2,1,8,43,14,3,8,0,0,0,0,22,14,27,0,23
0,28,8,0,10,27,17,0,7,49,44,0,8,16,28,31,0,0,4,0,37,52,8,3,21,1,0,0,50,86,50,87
0,29,0,18,0,5,7,0,5,20,0,0,27,87,97,2,83,43,90,0,15,0,0,0,0,0,7,12,86,19,0,0
42,62,54,0,0,8,0,14,0,15,0,0,8,0,111,10,83,233,75,52,33,0,0,8,6,9,45,96,9,25,0,10
0,0,0,82,0,17,0,0,0,35,0,0,2,115,30,20,53,18,3,0,0,28,0,0,0,5,23,17,64,0,39,82
135,0,0,42,81,0,123,18,24,107,0,7,0,0,24,12,69,0,32,17,46,0,0,16,3,2,21,25,26,22,18,0
0,0,1,33,0,70,58,55,7,10,1,18,0,7,34,0,206,96,4,21,0,0,37,15,0,8,2,0,3,14,7,0
88,20,4,0,0,28,0,19,2,69,19,0,0,10,43,142,154,210,0,49,0,23,0,8,38,10,48,0,23,1,0,27
86,0,3,0,16,47,62,1,84,241,8,0,0,0,0,0,178,131,0,0,33,71,42,63,72,0,30,0,19,6,12,23
41,17,0,0,0,22,0,26,197,131,182,14,24,0,0,55,38,212,1,0,0,12,71,3,20,10,0,0,5,5,0,34
0,13,29,0,33,0,32,42,125,97,140,61,13,5,31,0,186,199,0,0,8,68,54,169,17,0,35,15,4,0,0,0
0,5,3,39,23,0,34,27,0,42,116,30,0,43,27,5,61,89,0,11,82,0,135,177,3,2,0,39,26,0,22,0
0,0,0,0,0,13,0,0,21,3,74,38,0,2,13,59,24,10,17,41,99,239,138,6,19,21,0,57,1,0,16,0
110,0,0,10,5,0,1,35,0,0,0,52,0,0,0,39,0,24,0,69,0,110,106,0,0,21,0,0,29,0,13,22
40,0,0,18,34,0,23,0,44,0,6,27,9,0,6,23,0,0,45,0,20,1,0,0,0,0,29,0,0,9,0,0
0,0,10,0,33,13,0,9,0,0,0,5,14,12,19,33,0,1,0,0,0,1,0,27,130,100,99,0,8,0,20,0
57,0,4,4,0,31,5,0,12,0,36,63,235,154,16,0,38,83,0,0,5,7,19,50,123,254,36,0,0,0,0,54
41,1,0,0,10,8,16,9,32,0,91,125,144,52,50,30,173,53,0,27,0,0,4,0,38,37,0,0,34,3,0,0
36,26,31,0,0,0,0,51,0,11,0,0,7,5,0,2,0,0,0,0,0,13,13,0,5,2,0,34,0,17,0,23
8,24,0,0,22,2,11,36,0,12,0,4,0,0,0,0,0,0,0,7,230,0,17,0,0,3,0,0,3,11,0,6
0,0,0,6,0,9,17,5,36,50,0,0,18,0,29,0,6,0,31,0,2,0,12,0,0,0,32,10,36,6,0,7
0,0,0,45,0,0,0,0,33,0,14,18,10,38,15,0,17,4,3,7,35,0,0,0,37,0,0,0,7,0,0,0
0,0,0,5,0,23,2,0,0,0,0,19,0,14,0,0,0,0,0,21,11,0,0,0,0,0,0,0,7,34,0,0
0,21,25,18,18,7,6,0,16,8,11,0,8,29,3,0,0,34,0,9,5,0,30,6,15,0,0,7,0,3,0,0
0,0,21,5,0,0,0,33,3,0,61,19,19,1,0,0,0,0,0,3,10,49,56,21,27,4,27,0,0,33,0,0
0,18,11,6,0,1,0,3,0,0,19,28,2,28,3,1,10,0,11,33,2,0,12,30,6,15,49,13,0,9,25,13
95,17,0,10,0,47,0,16,42,39,0,0,7,51,9,0,23,0,1,11,9,100,0,0,0,42,13,8,16,0,0,0
5,6,45,11,21,0,5,0,0,29,11,37,29,0,0,44,0,13,18,11,27,0,0,11,0,26,0,0,2,6,22,27
51,0,20,16,0,0,0,21,0,0,0,52,0,17,0,27,0,0,0,64,0,0,0,0,0,28,19,0,0,22,0,14
92,0,14,0,3,0,10,0,22,0,28,77,3,33,0,0,44,17,0,43,98,35,83,32,28,0,45,30,25,1,0,0
12,32,0,0,7,34,0,0,0,0,0,7,0,2,16,31,49,17,82,86,1,2,39,0,0,0,67,65,43,0,34,19
34,0,30,0,0,7,0,0,1,67,0,0,0,25,17,3,21,4,134,236,0,19,26,10,38,0,47,23,121,43,0,0
0,0,40,0,58,20,53,0,0,30,6,0,0,28,0,0,0,73,0,37,0,0,0,27,25,10,35,31,0,21,0,5
0,0,10,10,7,15,8,0,0,0,0,17,0,4,0,24,26,14,156,70,0,21,8,14,29,0,151,121,0,17,14,19
95,0,13,10,2,1,0,73,0,24,35,0,26,1,55,9,2,21,94,142,0,5,54,88,27,69,99,0,6,0,0,0
0,34,56,16,22,0,16,42,28,0,0,0,0,0,18,60,70,90,64,8,18,19,11,28,142,153,193,0,3,0,0,47
109,0,0,37,0,0,27,34,0,0,0,24,1,0,30,113,113,12,95,103,2,0,28,28,125,26,84,0,21,29,128,126
66,0,0,9,69,0,84,0,0,41,20,10,53,66,35,0,0,26,116,0,0,0,15,18,37,0,0,7,39,25,53,126
36,2,0,10,0,0,13,48,30,0,82,31,104,144,30,30,196,13,4,6,0,0,16,55,19,3,0,4,41,101,75,147
101,0,0,0,0,0,0,24,5,126,36,33,0,8,0,0,0,0,0,10,32,0,0,0,0,0,10,0,29,142,8,0
0,0,0,0,0,12,74,0,45,9,23,48,74,0,16,21,30,129,39,0,23,0,41,0,23,41,0,13,6,0,4,32
59,12,0,12,0,35,0,0,28,67,0,96,23,0,2,0,8,236,195,26,17,0,0,6,21,56,4,5,0,0,0,1
95,0,13,0,5,0,0,12,25,42,48,47,12,0,31,0,0,219,161,16,7,3,20,5,1,0,11,0,0,0,7,187
0,0,22,16,0,0,0,0,0,0,13,10,0,28,0,0,46,30,45,8,0,0,89,41,20,0,30,20,0,24,4,67
0,43,0,0,96,41,0,0,46,0,0,49,0,0,0,32,0,37,30,0,49,19,29,0,24,0,0,69,14,0,27,9
73,16,0,14,0,22,16,0,16,0,0,52,10,12,4,61,0,13,0,17,2,0,0,0,0,0,3,31,22,16,13,7
38,20,0,0,24,10,19,10,0,0,58,0,0,19,0,0,0,0,0,18,0,0,0,0,0,0,0,4,0,25,10,23
17,0,0,0,6,4,4,0,0,0,73,0,21,202,16,0,0,2,0,0,22,17,0,0,24,34,0,0,0,0,0,0
0,0,8,16,53,11,44,0,0,0,0,40,35,101,1,45,0,8,0,0,0,13,0,81,0,0,22,0,0,0,0,24
0,0,0,0,0,0,0,0,11,25,0,0,0,49,22,0,0,0,0,1,0,0,0,0,31,6,1,0,0,41,3,17
0,0,0,27,0,0,0,49,0,3,20,2,40,0,0,12,12,0,11,0,0,0,5,2,0,0,0,8,21,0,0,21
23,0,0,19,0,0,24,16,0,3,0,0,24,89,0,26,71,21,1,0,0,1,0,0,1,0,0,0,0,0,2,0
43,0,0,0,0,48,0,0,12,13,39,0,0,34,27,35,5,1,16,0,29,0,0,0,0,0,0,16,7,28,16,12
57,0,13,15,0,0,0,5,30,20,39,0,0,0,5,0,0,24,0,0,0,0,32,0,17,0,0,2,6,0,9,20
36,1,8,0,0,16,16,9,0,0,0,7,0,9,0,12,0,4,0,3,13,0,10,10,0,0,0,0,0,25,0,0
0,6,0,10,0,14,7,9,0,5,27,0,3,0,0,20,0,1,0,27,0,0,13,30,0,0,8,0,9,0,0,0
144,24,15,0,9,32,0,26,0,51,0,0,0,49,19,0,0,33,32,0,122,190,26,14,0,16,11,0,0,0,19,59
0,19,44,0,0,6,24,1,45,0,21,0,7,0,22,13,0,30,0,91,206,0,77,6,0,0,5,14,1,17,75,237
0,2,3,6,57,0,0,0,0,0,0,17,42,0,0,0,16,12,67,213,109,160,0,33,44,0,26,0,30,61,117,63
0,0,0,0,53,21,0,4,0,18,0,0,41,18,0,0,14,1,67,102,56,84,21,0,0,0,1,32,99,59,35,0
0,0,20,0,0,0,0,3,0,0,10,39,0,0,0,11,0,71,12,50,0,9,0,12,24,67,149,162,88,56,33,3
0,0,8,0,0,0,0,19,0,5,0,64,36,0,17,0,0,26,125,155,95,31,24,1,10,182,46,0,8,7,11,0
132,0,0,19,29,0,58,9,0,17,39,25,0,43,5,0,49,30,44,40,132,1,1,28,168,58,10,0,32,33,0,0
67,0,0,10,0,0,0,0,0,0,0,36,0,15,10,0,10,13,87,142,0,0,0,13,0,28,35,45,0,10,0,51
0,11,0,0,0,0,0,0,23,14,69,0,48,26,0,40,10,72,25,0,16,0,0,13,0,11,0,160,50,43,50,42
41,0,4,0,2,48,48,0,12,8,40,0,36,0,87,74,39,8,0,0,33,16,0,0,0,0,184,76,58,0,11,33
16,4,0,0,6,51,1,41,0,23,64,0,18,0,141,191,88,32,0,5,0,0,41,0,0,34,0,0,12,13,9,43
28,0,27,40,19,36,0,0,0,0,44,0,72,36,54,195,110,61,10,176,15,0,6,16,0,0,51,68,179,58,11,33
128,8,46,0,35,3,12,0,6,0,34,0,12,9,18,28,87,0,59,7,0,0,0,26,0,0,33,13,78,82,70,19
0,0,0,0,0,0,2,69,0,79,22,10,0,28,0,0,34,18,0,16,0,0,66,1,3,0,25,0,0,2,18,38
113,0,31,0,0,0,44,110,0,0,0,0,87,0,18,23,0,15,0,0,0,0,17,110,0,0,0,0,0,0,0,48
0,41,0,43,0,13,0,50,81,31,0,76,0,0,0,32,0,18,26,23,0,0,6,0,35,16,0,48,0,0,33,13
75,7,0,0,0,1,0,103,235,171,97,11,0,11,0,0,0,0,11,20,21,0,0,10,4,0,0,15,5,9,43,1
0,0,0,0,22,41,0,23,255,246,101,32,35,0,0,36,37,0,0,0,12,2,25,0,19,13,18,29,37,67,0,0
0,43,22,0,25,0,5,0,37,144,90,20,0,1,0,27,0,13,13,0,0,0,0,0,18,6,0,18,0,29,0,0
0,0,0,6,27,21,5,0,112,189,4,0,121,0,27,46,33,0,13,6,29,0,0,0,40,29,0,0,55,0,0,0
7,7,0,0,8,5,41,21,40,0,20,91,7,38,0,0,0,5,0,2,16,10,15,0,11,1,41,0,60,1,0,20
0,9,22,21,0,60,8,2,22,0,0,0,14,0,18,0,1,0,0,0,0,3,0,9,0,1,20,0,0,0,0,0
0,0,24,0,32,0,10,0,1,0,25,40,6,71,0,0,35,41,12,0,20,0,0,0,10,25,0,17,24,0,0,29
5,0,31,57,0,0,0,0,0,17,0,0,4,80,0,0,0,8,0,3,0,9,9,0,4,0,6,34,0,18,0,0
0,12,0,0,34,17,74,0,46,1,37,0,0,30,15,0,3,0,2,0,33,0,28,47,11,0,9,23,39,4,17,0
9,54,39,30,13,1,0,17,11,0,5,11,0,20,0,0,0,0,0,0,14,0,2,0,0,37,0,10,0,3,0,0
0,0,8,0,0,0,0,0,1,0,0,1,0,0,0,0,0,0,0,0,18,4,7,10,0,0,28,26,25,59,0,22
0,20,8,2,0,24,3,5,0,0,0,32,0,22,0,11,0,28,0,0,23,12,29,0,0,11,0,0,0,0,2,0
0,20,29,0,0,0,0,29,0,2,21,0,53,21,22,0,0,0,0,19,0,0,0,0,0,0,19,0,0,2,14,0
9,0,0,33,0,0,0,2,0,0,0,0,1,0,3,3,0,0,0,0,6,3,22,0,0,0,0,2,0,15,35,0
10,0,0,6,0,23,49,32,0,15,3,0,0,0,2,9,0,0,0,0,18,26,7,18,7,19,0,0,0,0,0,2
0,10,0,0,0,0,2,27,0,0,0,1,0,0,0,0,10,5,2,11,0,0,23,32,18,4,51,11,8,0,0,0
168,0,17,0,9,19,45,176,197,137,15,0,5,29,82,32,48,0,7,0,0,68,3,20,66,0,28,47,12,0,8,24
0,0,11,34,16,31,187,249,47,38,0,0,3,12,8,0,23,168,0,26,104,28,0,0,0,0,0,19,0,2,0,0
117,2,1,0,0,44,4,173,140,0,0,3,0,195,14,2,23,52,15,50,54,61,0,12,13,13,7,0,1,0,3,19
0,0,0,0,0,40,123,29,97,4,0,0,223,33,39,156,0,0,139,0,45,53,0,16,0,5,4,9,8,6,20,74
184,0,0,17,0,0,204,0,49,0,39,0,5,1,21,35,11,26,43,43,0,7,61,0,0,0,0,0,8,16,0,0
0,0,4,6,6,21,57,57,0,0,0,28,0,0,0,0,166,0,83,48,129,0,73,73,45,33,84,22,21,7,13,0
0,0,11,0,0,0,11,7,44,0,46,0,21,2,0,0,62,66,0,0,28,33,0,28,0,26,0,0,1,0,4,83
0,1,0,3,0,11,0,22,37,30,0,0,33,66,63,0,7,15,8,0,0,2,0,40,0,27,48,0,29,0,42,18
117,14,0,6,0,7,0,32,1,31,36,94,95,43,16,90,7,0,0,0,0,15,0,0,17,16,1,0,0,0,0,0
0,21,0,0,1,0,35,55,2,23,0,1,0,30,13,27,9,0,156,19,0,8,0,0,0,0,0,0,42,58,23,0
149,0,12,8,0,118,66,156,7,0,112,0,0,0,0,24,0,20,54,24,12,9,0,0,0,41,0,15,28,14,0,0
0,11,0,0,0,25,98,24,0,0,37,0,27,0,96,5,83,24,51,0,21,0,12,7,0,0,0,68,0,0,20,25
102,0,0,24,0,0,0,24,1,0,14,0,13,106,145,133,0,14,32,19,0,0,0,0,0,0,31,19,0,0,17,3
0,30,32,0,0,16,85,21,42,19,57,35,40,239,50,80,11,2,25,0,7,2,29,0,0,6,1,0,21,21,0,71
0,0,59,34,44,196,220,96,29,0,98,39,0,60,0,0,0,0,0,8,6,8,20,3,7,9,0,0,0,0,5,47
0,0,106,80,26,84,9,0,7,98,26,0,0,0,0,129,46,1,0,0,0,24,0,27,33,0,22,38,4,7,3,0
0,52,232,245,80,226,184,0,28,24,48,0,24,17,1,16,0,4,0,0,0,36,0,0,8,0,0,0,14,9,2,0
11,118,31,46,115,68,151,125,89,0,0,13,0,0,0,0,0,0,15,41,17,18,0,0,0,0,14,19,37,0,28,22
0,209,213,218,90,72,52,0,34,49,97,24,0,0,0,0,0,0,0,12,8,8,26,0,0,0,0,0,0,0,0,0
54,23,122,11,166,247,72,60,20,0,77,27,3,20,18,5,0,9,9,31,40,35,0,0,33,0,9,0,17,9,0,23
0,17,63,190,206,3,0,0,17,0,0,73,22,0,0,0,20,0,21,0,16,0,0,0,7,0,0,0,2,29,21,2
93,20,136,227,198,93,0,0,20,18,0,0,29,29,0,0,0,31,0,0,25,31,17,32,0,0,47,34,0,0,30,30
15,7,47,49,49,26,73,0,18,9,7,30,51,8,29,12,21,0,13,37,0,12,0,0,12,11,23,0,14,0,8,0
0,0,0,0,36,16,25,0,0,33,0,11,0,14,27,14,2,13,0,18,7,0,0,0,0,0,21,6,13,4,0,39
0,24,0,7,2,0,0,0,0,0,14,0,0,0,10,0,0,6,0,0,8,2,16,4,0,38,3,6,6,7,0,0
0,0,8,4,0,0,0,22,0,60,0,0,6,43,0,0,0,0,0,24,0,0,0,0,28,0,0,26,0,0,16,0
0,1,28,48,57,0,49,24,24,0,30,2,0,32,28,5,0,1,0,4,0,16,0,11,6,0,21,43,0,0,0,0
34,0,0,0,0,0,0,29,0,0,38,0,0,6,0,8,28,0,0,2,0,13,22,0,0,3,0,11,23,12,24,0
9,8,0,4,0,0,0,37,0,9,0,5,3,0,9,11,0,0,25,37,6,39,51,10,0,10,28,2,0,0,0,0
0,10,0,16,27,0,40,0,0,0,0,28,0,0,12,0,6,0,0,0,0,0,0,0,2,30,17,1,10,17,13,0
0,0,0,10,0,0,0,0,0,0,0,0,0,0,0,0,2,0,0,0,21,16,0,13,10,0,16,47,73,4,3,6
5,0,5,0,0,0,0,3,0,0,1,0,0,18,9,0,0,7,0,0,0,0,1,0,23,0,11,0,3,0,0,0
