31,15,38,0,16,7,4,0,16,10,0,0,0,0,0,0,0,0,3,18,3,0,0,35,7,0,0,0,0,31,0,0
240,9,63,68,35,0,0,0,0,13,0,17,0,0,28,0,36,16,26,30,0,0,0,28,0,0,0,0,24,0,0,23
0,21,37,23,48,0,7,4,0,0,0,10,0,24,0,17,0,9,15,5,0,0,0,0,0,3,0,1,41,0,0,40
68,15,54,0,54,0,30,0,29,1,23,16,0,18,0,0,38,39,0,0,39,0,0,0,4,0,16,0,0,16,24,20
145,0,6,0,53,71,0,0,0,0,0,0,7,40,8,0,25,20,0,25,37,0,24,0,0,0,50,0,0,0,11,31
0,0,10,7,0,42,0,0,0,0,38,0,0,26,0,0,1,0,35,0,14,0,0,48,0,0,0,0,28,4,13,0
28,39,0,31,0,62,24,0,8,0,17,29,0,0,0,0,0,0,5,0,25,2,57,0,0,25,2,0,40,14,0,41
92,0,47,12,30,42,0,18,0,0,21,28,0,0,14,0,0,15,0,11,0,0,24,3,0,0,0,11,20,0,0,60
0,156,52,0,65,10,13,0,1,4,0,0,3,39,29,38,0,0,2,18,34,15,0,34,9,7,20,44,0,30,34,16
0,0,38,68,29,29,37,0,48,2,21,0,0,0,7,40,5,0,33,0,5,36,0,17,73,0,17,0,28,10,19,103
97,42,167,85,73,50,20,83,0,33,28,0,0,29,54,4,2,4,0,6,3,0,14,132,62,83,0,0,38,33,0,23
67,62,93,82,34,54,0,0,51,112,54,0,1,0,37,6,9,0,37,0,0,21,4,33,91,0,61,2,17,8,22,1
0,90,12,88,78,71,0,28,66,16,122,0,0,0,187,4,25,0,0,0,0,31,33,55,69,0,31,8,25,53,3,4
121,65,49,74,17,42,108,52,48,0,84,26,50,19,62,26,20,0,28,10,41,0,93,135,0,21,0,0,21,8,50,25
51,93,53,32,43,115,66,56,62,0,32,16,0,149,126,16,0,14,0,15,1,0,57,21,15,0,43,0,22,10,0,42
2,0,56,0,9,12,48,50,3,74,84,57,0,4,184,36,16,0,24,35,12,193,42,0,9,0,9,5,34,24,0,151
165,55,56,44,0,0,18,29,0,14,0,106,0,49,40,39,30,0,0,0,122,53,0,17,0,7,5,0,5,0,20,116
48,0,40,0,14,42,77,39,78,64,0,97,204,24,126,0,0,13,0,0,105,33,26,46,18,0,0,0,0,1,35,236
120,0,9,12,0,0,56,11,113,22,83,185,66,6,60,120,6,0,36,5,32,7,0,0,0,0,0,0,21,178,8,0
98,0,0,0,11,0,0,0,16,23,31,0,143,98,75,44,4,0,0,2,0,26,28,13,0,12,0,0,56,9,0,0
0,10,0,20,0,0,0,1,7,23,18,116,176,185,132,62,16,0,5,53,0,82,0,25,23,1,17,6,3,39,0,0
25,0,0,20,0,0,29,11,14,5,10,38,163,31,68,30,29,17,48,0,0,89,0,9,10,0,40,16,9,0,0,46
17,0,6,8,0,0,7,0,0,23,42,210,236,230,12,0,6,0,0,0,3,69,0,5,43,0,0,6,0,0,35,115
61,0,19,10,16,0,39,0,2,88,51,184,193,177,194,0,12,0,7,37,80,20,6,0,0,8,35,4,0,33,14,24
111,7,6,0,0,0,29,22,50,119,66,174,92,120,0,22,44,198,197,96,0,27,37,0,0,0,0,9,19,71,49,26
49,0,16,20,0,0,0,60,98,58,203,227,224,72,9,93,55,190,93,9,12,0,0,10,11,16,7,28,25,0,21,184
87,33,0,16,0,0,0,202,62,36,221,171,38,30,8,166,196,193,87,0,19,0,9,1,0,12,73,178,203,103,2,96
57,15,0,0,28,52,73,186,123,73,54,1,0,0,15,164,131,132,0,0,0,31,0,16,7,185,65,70,138,29,0,0
102,0,5,25,0,2,62,192,110,9,0,0,11,12,10,17,20,0,0,22,0,0,0,11,6,173,82,50,0,3,0,14
0,7,18,0,0,42,47,108,0,17,5,0,0,4,0,18,0,20,0,0,23,50,20,0,18,0,0,0,0,23,0,0
0,11,0,0,28,16,16,0,8,2,0,0,0,43,10,0,21,25,4,29,0,0,16,0,33,0,0,17,0,0,0,0
0,29,1,0,16,0,0,0,0,0,17,0,0,57,0,8,9,9,0,0,24,0,13,21,0,3,0,0,12,8,0,0
98,7,23,6,31,0,0,21,29,0,0,26,45,13,2,0,21,16,37,11,11,0,63,0,0,26,14,0,12,9,0,12
87,0,48,0,4,0,0,32,13,0,0,1,5,22,0,3,50,33,0,6,17,0,14,5,21,0,6,43,0,2,16,24
170,23,1,0,36,31,2,0,0,7,22,19,0,0,28,0,0,39,0,0,0,24,0,1,33,0,14,21,0,0,0,0
28,9,49,6,54,26,45,0,11,0,45,0,0,39,0,0,26,9,0,6,0,6,0,0,0,7,7,27,0,0,27,22
125,0,37,32,31,0,43,0,24,5,22,26,0,31,25,0,0,6,0,0,0,30,0,13,3,0,13,2,7,0,0,39
13,0,0,3,13,0,0,0,0,1,8,0,16,10,14,0,0,10,0,26,0,0,0,28,26,0,30,0,13,3,0,1
35,33,48,0,34,80,46,18,4,0,9,0,0,5,1,72,0,27,0,0,12,0,37,4,0,0,0,14,25,0,22,0
30,88,37,0,42,30,11,11,0,0,38,14,3,2,30,31,0,0,7,41,0,5,12,17,12,8,0,0,3,31,0,64
0,89,0,0,67,14,63,5,12,0,48,33,60,0,5,24,28,4,28,21,53,0,33,14,0,0,0,9,0,0,0,56
0,30,27,0,23,28,0,12,0,0,13,0,0,39,0,34,18,32,8,0,14,0,0,31,31,0,0,0,0,23,41,0
92,62,86,40,89,29,7,76,3,2,64,20,0,36,0,0,34,34,42,22,10,3,0,14,0,0,8,25,0,0,33,39
0,60,79,58,120,63,54,27,78,71,0,4,0,22,0,0,0,0,0,0,0,0,0,16,3,0,0,0,0,21,5,16
15,35,48,28,48,94,48,21,110,0,37,36,5,0,9,30,0,3,0,10,55,0,27,0,0,34,0,0,0,54,42,0
0,87,64,105,7,19,56,0,13,0,14,23,58,10,0,26,12,0,0,0,0,15,59,5,70,0,20,1,0,6,37,68
0,49,83,40,0,12,13,47,51,11,70,0,0,10,0,2,25,0,6,0,0,2,10,12,0,4,34,8,0,0,0,22
0,0,7,87,57,16,1,80,48,48,2,0,58,54,0,69,21,11,125,14,22,23,0,3,4,16,26,9,0,27,0,14
0,0,116,197,54,125,129,90,29,0,60,40,201,8,81,21,182,40,104,93,13,14,38,0,3,16,5,7,21,0,16,0
215,0,164,172,98,0,1,145,77,49,96,10,112,108,52,17,48,9,0,0,16,0,0,0,0,1,24,0,0,0,0,83
0,27,166,58,35,94,113,0,77,130,64,76,72,65,86,70,0,18,0,22,0,23,0,0,0,0,0,0,0,16,0,0
89,19,0,0,27,51,29,102,24,222,25,24,157,9,41,0,0,6,0,0,0,0,48,50,0,0,17,0,0,1,0,58
48,11,24,0,77,34,31,0,28,61,0,40,57,60,36,0,74,22,0,37,236,112,108,17,7,19,0,59,0,9,20,0
23,0,0,2,0,0,19,30,2,0,10,103,0,13,0,0,13,13,9,12,0,24,0,3,29,22,30,16,11,0,12,0
133,36,15,8,4,5,0,0,3,0,0,77,0,0,1,0,7,0,0,0,2,23,0,34,1,1,4,0,25,8,0,0
183,45,40,29,54,44,19,14,20,98,67,52,6,24,0,8,3,0,22,11,0,0,15,0,24,0,51,20,2,0,0,0
171,105,230,32,0,0,17,12,26,37,0,24,0,52,0,30,0,13,41,28,25,31,0,0,0,12,10,1,10,6,6,0
36,16,67,0,100,48,18,0,30,0,37,43,52,1,0,0,0,0,0,2,0,0,0,0,0,1,0,0,15,0,24,0
0,0,59,31,94,194,10,115,0,203,44,0,0,0,0,91,233,13,13,5,0,6,0,0,27,0,0,12,27,16,0,0
0,43,33,36,0,12,3,77,61,0,1,15,15,41,7,110,0,137,80,106,0,25,0,0,7,0,0,1,0,3,0,65
0,0,0,30,0,0,10,2,18,0,0,51,0,42,53,0,3,43,21,11,0,25,0,0,0,0,0,56,10,0,0,0
0,0,29,0,19,0,8,0,21,68,0,0,0,13,0,4,21,20,14,0,0,12,18,0,7,0,0,2,0,9,0,0
0,6,16,0,0,27,0,0,31,0,0,5,21,0,1,0,0,0,40,0,0,0,10,20,7,0,38,17,0,0,9,0
0,0,0,0,0,0,0,0,0,18,27,7,1,0,0,0,1,0,21,0,12,6,0,0,1,0,4,14,0,18,1,0
0,0,0,13,0,0,35,4,0,6,0,0,0,0,0,43,6,0,0,5,0,17,0,0,0,5,0,27,0,0,0,5
0,52,40,0,0,0,3,24,16,1,0,50,0,0,16,4,31,0,3,9,0,0,0,0,0,7,24,1,0,0,0,13
0,31,0,0,0,0,0,0,14,0,9,35,0,16,12,0,16,0,0,14,25,37,0,0,19,24,18,0,0,0,0,0
0,11,5,7,48,53,6,0,7,29,43,14,0,2,27,3,0,0,0,10,0,0,9,0,0,15,0,28,0,23,27,0
122,0,4,0,33,25,31,4,17,0,62,34,26,0,0,7,0,0,18,24,38,0,36,0,43,33,0,0,1,27,2,0
0,0,0,24,48,0,0,10,12,2,13,5,0,0,0,0,46,0,44,38,0,0,8,28,3,0,4,0,0,0,23,0
10,10,0,6,73,0,10,5,5,31,0,26,0,0,0,19,17,31,0,41,46,22,35,0,0,0,0,0,21,0,0,0
0,0,21,28,0,26,55,0,21,0,71,0,13,0,8,0,0,0,2,54,0,0,0,6,0,0,0,29,26,0,16,0
20,4,34,17,202,0,27,0,30,33,17,24,6,0,25,13,13,45,0,0,23,18,78,0,41,31,5,0,0,0,11,42
23,0,7,239,235,39,32,11,0,39,0,66,0,0,14,0,0,0,16,0,0,0,0,60,6,23,41,0,29,14,16,28
0,0,75,245,105,25,35,41,0,0,0,0,41,23,98,0,4,7,5,0,6,4,23,0,0,0,14,0,0,10,0,0
0,33,38,123,35,110,40,34,18,0,36,61,0,0,74,40,44,0,12,17,14,0,0,0,14,8,13,2,0,40,5,0
80,17,0,219,0,161,55,108,8,0,30,45,24,67,54,0,0,42,0,0,0,21,58,0,25,37,1,0,0,0,0,29
22,0,73,81,5,100,35,44,7,0,46,0,38,0,0,33,8,0,0,0,0,6,31,2,21,0,0,5,7,3,18,36
0,4,21,20,12,81,125,35,0,29,0,0,20,0,0,0,30,0,0,0,32,16,0,24,24,11,13,0,0,40,2,50
0,16,10,0,0,25,0,0,57,15,0,0,0,0,0,15,2,0,35,22,0,20,24,4,0,17,0,0,35,32,10,5
109,60,30,0,23,47,30,0,0,19,0,85,139,37,13,10,30,14,35,5,0,0,0,11,21,5,39,47,47,0,0,48
105,190,1,0,0,17,19,0,35,26,56,83,172,23,7,0,7,0,18,0,0,15,0,0,8,1,0,0,26,2,19,60
14,33,224,0,0,2,0,5,8,64,32,58,141,14,14,2,3,0,11,0,0,5,0,26,15,0,0,15,2,0,7,21
104,43,58,0,2,0,0,0,0,0,19,0,129,59,0,0,20,26,3,0,12,4,2,67,0,7,34,31,0,0,0,16
242,36,38,0,51,116,2,12,29,9,17,72,67,11,0,29,0,0,0,0,0,72,6,0,14,34,35,0,4,0,0,42
7,21,18,0,52,13,0,17,6,0,11,53,65,0,0,27,0,0,0,4,0,0,21,0,0,52,0,42,15,10,30,0
0,2,22,28,53,2,79,25,0,1,40,22,45,60,199,9,0,15,23,0,0,2,51,16,0,0,0,0,20,0,7,0
0,0,76,20,70,21,34,0,7,12,9,0,69,76,149,0,0,0,17,54,2,1,11,0,0,8,0,0,14,0,33,30
76,2,0,20,9,10,14,0,0,0,5,46,14,31,27,22,50,27,0,0,0,1,37,5,5,2,4,22,0,0,0,59
110,20,0,0,17,36,0,0,7,0,45,15,104,17,0,75,4,3,36,0,38,11,11,5,5,0,8,25,0,0,27,30
54,7,16,0,23,8,0,0,22,0,0,0,12,0,21,63,0,22,37,3,27,2,10,0,0,2,0,14,11,0,0,0
110,0,39,28,0,10,0,0,10,8,0,0,5,0,1,61,48,0,0,11,9,0,7,0,0,4,10,19,9,0,0,62
22,9,0,4,6,3,0,0,35,36,41,0,0,28,0,8,0,4,0,0,31,0,17,15,0,0,0,0,0,14,4,0
0,56,28,0,13,26,13,0,18,8,0,20,44,12,31,29,4,0,10,0,0,6,6,0,0,4,0,0,20,4,0,22
0,0,0,0,0,20,0,18,11,0,5,12,18,2,13,10,31,8,0,0,12,0,10,17,11,0,23,0,22,0,0,18
3,0,4,0,24,11,23,0,0,17,31,32,6,32,28,22,22,11,0,0,0,4,0,0,5,26,0,0,10,0,0,43
0,0,20,34,26,11,0,0,28,5,0,0,0,41,0,0,19,0,34,2,0,0,0,19,0,0,2,27,0,0,0,0
30,0,0,118,0,22,0,0,0,3,20,24,41,19,0,28,0,0,0,16,0,12,0,0,0,12,5,0,48,19,0,9
0,0,172,67,22,0,0,0,0,7,0,28,141,26,0,5,1,0,0,0,21,0,8,0,40,32,18,1,0,0,14,0
56,0,42,112,67,74,22,0,21,1,54,21,25,2,18,37,0,0,10,16,6,0,0,2,0,0,0,0,24,1,0,49
0,99,97,0,0,51,0,0,14,68,83,27,32,0,0,0,0,0,0,0,0,27,33,0,0,0,0,0,0,22,0,13
0,49,105,0,44,29,1,11,0,0,89,53,17,54,48,0,6,0,0,6,0,28,48,0,11,0,23,34,12,0,24,0
0,0,45,48,77,5,0,6,0,29,129,82,0,30,29,0,5,0,0,0,0,0,1,11,0,0,0,40,22,0,14,76
0,20,68,60,0,0,16,0,0,0,12,33,0,24,8,0,0,8,0,0,0,46,0,0,4,13,0,12,0,0,0,48
97,0,5,70,86,0,4,46,0,1,3,0,0,34,12,109,73,33,0,0,0,1,0,0,0,28,17,26,17,0,0,43
0,0,2,0,1,65,0,0,0,29,0,0,0,198,239,29,0,6,0,0,0,29,0,0,2,0,2,13,0,5,0,52
0,0,0,0,55,0,0,0,0,0,0,17,252,151,124,3,16,0,0,0,16,0,12,0,3,0,2,9,0,0,0,5
0,0,0,233,120,0,17,61,1,0,0,61,114,15,46,0,0,0,22,0,13,0,0,0,0,0,0,0,27,13,0,13
0,0,8,102,233,93,5,0,13,22,52,64,0,78,0,14,43,0,30,21,0,0,33,0,0,0,0,24,7,0,0,3
0,0,41,104,61,7,33,10,32,31,67,0,4,17,10,13,21,0,0,0,0,19,0,3,31,13,9,0,6,0,0,93
0,40,62,13,41,9,22,0,0,0,32,8,90,0,0,0,0,33,13,0,28,19,25,4,0,0,4,0,19,0,0,0
8,41,0,0,11,28,0,0,0,0,38,67,0,6,0,0,30,0,0,0,36,0,39,0,0,0,0,0,0,0,0,37
114,23,0,15,0,33,26,0,26,0,34,179,25,0,15,0,0,0,0,0,0,1,0,1,0,9,0,0,0,14,0,0
0,18,7,0,29,14,0,35,0,4,22,58,0,0,0,18,13,0,8,36,9,0,3,12,0,16,24,9,42,0,0,0
0,12,0,0,0,20,0,0,0,22,0,24,5,8,0,47,7,0,17,0,42,0,0,0,0,10,18,20,0,21,5,0
0,35,0,76,53,187,38,0,0,0,0,0,55,0,0,44,1,0,0,0,0,13,2,0,0,0,4,0,6,31,35,11
0,19,9,29,82,103,25,0,0,0,15,104,0,49,17,20,52,2,5,5,0,8,34,0,36,45,0,12,42,10,2,20
3,8,6,4,0,0,0,4,0,16,19,23,29,0,0,0,0,2,13,0,33,0,34,32,0,5,51,0,0,0,0,28
92,0,0,1,27,0,0,0,6,0,17,9,24,65,101,9,10,0,6,4,43,6,0,0,0,8,0,7,0,13,11,15
91,17,0,1,12,0,26,8,0,47,0,46,1,36,109,6,0,5,0,0,9,0,0,0,0,0,0,0,0,0,0,0
8,26,25,46,21,0,2,9,0,0,2,44,26,42,48,73,14,0,30,53,0,7,0,33,0,9,1,0,0,0,0,8
0,0,0,22,9,30,0,14,0,0,0,41,12,2,1,5,6,24,49,28,16,0,0,21,0,30,0,0,0,49,0,0
0,38,0,6,0,1,0,0,0,0,41,0,0,0,0,0,2,20,0,0,16,0,9,4,2,2,0,5,0,5,25,3
0,0,38,0,0,54,0,0,0,0,10,7,8,0,0,0,0,3,22,74,0,0,0,25,0,0,0,0,12,3,0,0
0,0,0,0,9,0,10,0,0,8,0,3,12,20,0,12,13,44,1,2,0,0,0,0,0,0,0,26,12,0,8,0
0,0,19,19,0,0,16,12,0,7,14,0,0,0,2,59,0,0,12,2,0,0,0,4,0,0,0,0,8,23,0,15
0,0,0,0,0,11,0,0,0,0,0,0,0,6,22,5,17,0,15,0,0,0,0,14,17,0,26,3,5,0,6,0
0,0,17,11,0,0,0,21,0,8,5,0,4,2,18,21,0,16,0,0,0,0,0,0,32,2,0,14,14,0,0,0
61,35,6,4,59,23,48,7,83,160,158,116,0,0,11,7,0,9,0,19,0,25,0,0,0,0,15,22,0,0,1,0
106,43,17,71,30,29,8,0,0,0,16,20,0,0,0,16,0,0,0,11,0,0,2,31,26,24,0,11,0,19,5,9
24,17,12,50,171,156,0,0,31,25,2,31,0,4,0,0,17,0,0,0,0,0,0,0,2,0,17,0,16,0,4,8
132,42,20,46,131,29,15,33,0,14,12,52,30,0,1,15,0,0,15,0,0,0,0,0,0,0,0,52,0,0,24,0
3,0,0,26,9,24,22,0,0,44,10,0,32,2,32,25,20,22,14,0,7,0,0,37,9,110,15,0,0,0,0,50
0,5,19,0,0,0,0,8,0,0,0,0,0,0,14,0,1,9,0,0,0,5,26,58,79,227,0,0,0,7,0,12
57,0,19,36,27,38,51,87,112,14,18,39,0,15,34,0,0,16,0,2,44,25,113,206,195,32,0,63,0,16,21,31
0,25,45,0,70,155,77,223,143,169,13,0,0,0,8,0,0,0,57,0,23,0,81,247,49,55,13,0,29,0,0,13
76,244,41,2,0,0,57,92,70,157,25,6,4,73,106,168,81,0,0,0,29,6,29,163,24,29,0,20,0,0,0,22
31,17,73,11,40,16,0,37,185,115,33,25,0,0,149,156,194,0,4,0,23,3,15,0,0,0,32,0,18,9,37,0
47,61,4,17,29,1,39,97,0,0,13,0,0,73,87,160,130,13,24,0,0,27,9,0,0,33,23,31,27,14,23,26
0,52,15,0,0,13,0,0,3,0,0,0,6,32,0,0,0,27,0,46,2,24,0,11,0,7,0,32,24,23,0,25
0,0,17,7,0,0,0,41,30,0,2,0,12,0,1,23,8,10,0,16,36,0,9,0,0,25,0,22,27,9,62,0
52,31,16,0,10,12,16,4,0,6,0,0,0,0,0,7,0,0,0,0,0,21,56,0,38,17,38,0,0,0,24,42
0,10,0,0,51,36,0,26,0,3,46,0,0,4,0,9,38,0,6,31,0,0,0,16,3,0,0,2,0,0,0,28
0,3,3,28,0,23,0,60,0,0,15,0,0,0,0,162,101,40,18,19,0,19,0,83,181,0,29,0,4,0,7,58
0,8,0,0,0,42,19,1,0,37,0,30,0,16,46,33,253,96,0,0,20,0,42,19,42,57,38,0,0,6,0,40
70,10,6,0,0,21,53,7,11,9,41,22,117,148,188,28,227,103,97,0,32,0,26,0,0,0,0,0,0,0,26,7
0,0,13,7,0,28,0,0,4,8,16,66,21,23,163,88,76,92,231,30,0,0,0,0,0,0,0,13,0,0,12,0
54,40,1,11,16,12,0,4,0,13,1,41,76,20,89,109,1,25,48,51,242,0,1,24,0,7,7,17,10,24,0,0
0,0,10,12,50,0,15,12,0,24,0,0,0,39,170,252,190,255,216,229,41,33,0,25,56,0,0,53,0,0,0,29
0,0,0,13,0,0,0,0,34,0,27,30,7,6,71,82,11,85,250,144,47,18,21,11,0,0,66,14,4,45,21,0
0,0,71,0,0,0,16,0,35,0,0,0,36,0,27,25,193,53,17,20,0,0,0,0,0,13,4,1,0,19,0,0
102,0,0,5,17,9,0,0,4,0,0,0,27,0,8,43,0,0,48,0,10,22,0,0,0,0,0,0,0,50,32,11
0,39,0,0,0,39,0,0,21,18,8,0,0,0,0,0,5,25,0,8,55,23,34,0,38,0,0,0,0,19,5,31
0,7,0,16,9,12,40,6,54,0,0,12,0,73,10,66,39,0,49,0,35,0,0,1,0,0,48,0,54,0,14,0
0,0,9,0,0,0,15,16,0,7,0,0,40,0,0,0,0,7,16,0,0,0,3,33,1,0,10,0,3,0,0,6
0,34,0,12,0,0,25,0,11,13,4,0,0,0,0,0,8,0,0,0,9,0,20,0,0,0,0,9,0,1,46,3
0,0,0,0,0,29,0,0,0,8,1,14,14,0,11,0,0,50,0,28,16,26,37,0,12,0,8,35,4,0,38,14
25,22,34,0,19,18,0,0,21,1,33,0,65,14,1,0,0,13,0,0,25,34,41,0,23,0,0,0,0,0,17,0
2,0,27,4,0,10,8,0,0,5,7,0,12,5,9,0,32,8,0,16,10,6,16,0,33,0,5,0,0,0,0,9
0,0,1,0,0,46,0,0,58,16,0,0,0,0,4,0,0,5,0,0,0,0,0,0,14,30,0,29,8,0,0,10
10,0,6,16,0,5,0,26,13,0,0,46,12,0,11,0,0,13,0,0,0,1,0,0,0,0,22,7,0,0,0,7
0,0,38,0,26,6,0,8,16,0,11,0,14,0,0,0,3,0,7,37,52,0,48,0,12,25,40,0,0,0,2,0
0,0,0,46,0,14,0,0,6,17,0,0,0,15,0,0,40,8,0,0,59,88,19,0,3,0,0,0,0,0,0,25
0,0,8,0,0,20,5,17,0,11,0,0,0,37,0,0,0,0,0,25,0,50,0,78,0,0,19,0,7,12,0,0
12,0,0,0,0,0,0,0,0,4,2,18,14,0,3,18,0,1,0,1,23,0,158,75,47,0,34,0,0,30,4,17
25,23,0,0,0,0,0,0,0,0,4,54,0,0,0,48,37,4,40,0,0,0,48,85,148,0,29,18,0,28,42,26
0,0,0,14,31,0,1,13,0,0,0,51,3,9,15,20,52,5,12,30,8,0,42,54,98,0,49,22,0,31,83,3
0,0,23,0,0,24,25,0,49,27,50,0,0,21,28,13,27,30,24,0,0,22,38,202,63,7,0,0,0,7,0,207
58,72,50,0,15,4,0,0,0,27,5,12,6,22,18,179,222,27,0,1,0,0,56,251,0,17,0,51,0,0,31,69
0,46,20,0,3,0,25,46,0,0,0,0,0,24,41,0,171,0,0,0,0,0,26,3,0,1,0,0,25,13,23,78
0,34,49,43,46,7,18,79,29,21,28,5,17,88,38,20,156,0,8,0,21,33,127,109,0,18,5,0,0,0,32,110
0,31,27,16,55,2,2,0,0,33,60,50,31,0,117,0,40,9,19,19,0,0,0,4,9,18,83,0,16,0,84,63
13,22,0,3,0,14,24,0,51,18,53,6,48,51,9,200,37,13,53,2,0,14,0,17,0,0,4,31,19,41,16,0
118,27,28,7,0,0,0,12,9,0,0,0,0,46,20,55,118,31,0,0,32,0,19,7,22,10,133,34,37,0,20,0
0,29,19,66,0,15,5,31,25,25,52,3,77,64,0,52,99,2,24,43,5,0,21,56,16,27,30,45,19,8,0,0
0,1,0,0,0,25,0,20,0,0,92,22,0,0,25,77,125,77,87,20,47,4,41,0,0,3,0,23,0,0,24,14
0,3,0,0,48,25,0,0,24,6,0,90,43,40,117,244,105,1,50,11,15,0,39,62,0,0,0,18,0,0,0,0
0,16,26,11,0,10,0,0,18,0,1,18,69,177,25,146,221,112,78,0,0,0,118,76,0,2,91,0,1,17,0,0
17,0,0,37,11,14,0,44,0,7,7,22,43,128,68,33,117,238,0,0,18,42,196,22,4,0,16,21,7,6,12,108
0,39,0,22,0,17,41,39,13,0,23,77,119,63,116,86,83,89,91,51,58,191,194,49,0,0,0,0,23,0,65,198
0,0,0,46,0,0,0,20,0,0,0,118,184,159,238,80,21,44,39,37,131,191,87,104,0,4,0,10,0,0,5,236
0,6,0,31,8,51,37,0,0,0,5,97,170,37,177,46,13,21,12,0,0,66,51,0,27,12,0,9,64,0,0,0
0,0,0,0,0,0,0,0,42,16,100,191,221,201,122,0,0,0,10,8,0,0,0,12,3,0,0,0,0,12,0,0
0,34,0,0,0,0,19,4,0,26,26,132,61,76,0,0,0,21,0,51,32,12,12,0,0,37,0,0,0,9,38,0
0,0,0,0,0,26,27,15,0,0,69,81,8,0,0,16,0,130,31,182,152,191,14,7,0,0,0,3,0,0,0,0
0,0,30,0,12,16,16,0,0,0,22,72,15,0,0,0,48,26,207,215,41,169,7,0,0,0,14,12,39,16,0,22
0,0,0,0,16,0,27,23,35,0,0,50,0,0,0,0,197,85,204,105,162,9,0,23,53,93,179,0,57,3,23,0
0,0,0,0,39,16,53,0,52,36,0,0,15,30,9,45,112,115,96,9,137,42,0,16,25,88,135,0,0,0,0,0
0,0,10,45,0,0,10,24,0,0,0,0,0,0,37,37,174,204,61,237,142,155,42,5,54,1,30,16,18,25,13,0
0,0,0,0,0,0,0,0,13,0,0,0,1,3,0,155,69,42,226,114,238,30,0,0,6,0,0,0,0,1,2,29
0,32,14,0,0,12,0,5,0,2,2,0,0,0,8,246,65,92,12,200,0,0,51,5,0,25,0,0,0,0,0,48
0,0,14,11,0,13,0,3,16,17,0,0,17,38,2,5,123,214,0,0,0,14,10,0,0,0,33,9,0,8,0,21
0,26,0,11,48,28,28,0,0,1,11,11,16,0,5,11,0,9,3,60,0,4,6,9,10,0,7,34,1,15,0,0
0,0,0,0,18,30,0,0,7,0,18,0,0,0,5,63,0,0,0,0,24,3,32,16,0,0,0,1,0,41,0,0
0,6,0,0,0,8,0,10,0,0,24,35,14,21,0,0,0,0,0,0,19,51,19,0,21,0,25,0,0,0,0,50
0,0,15,0,0,0,0,7,20,4,46,3,15,34,0,0,0,16,41,0,21,32,0,0,0,0,14,0,9,5,0,0
0,0,34,42,0,0,29,0,0,0,0,43,0,0,2,0,7,0,0,0,35,4,0,54,32,0,84,1,0,0,0,0
0,33,0,0,0,24,11,11,0,0,21,55,0,0,0,0,0,0,16,15,28,0,41,1,0,22,0,0,33,16,33,0
0,23,0,0,0,3,0,0,52,39,77,0,9,17,0,0,12,0,18,0,0,6,0,0,9,0,0,9,0,0,29,0
0,22,6,9,0,1,41,0,38,0,18,4,0,20,22,4,7,0,14,26,0,0,5,3,0,24,0,0,21,0,24,0
82,46,15,59,46,17,0,11,0,8,7,8,0,30,0,27,0,12,32,0,0,0,39,0,28,18,0,14,9,0,0,71
0,0,0,35,68,0,18,0,58,0,25,40,0,34,8,1,24,0,11,0,0,22,0,27,0,0,0,7,0,2,0,38
18,41,14,0,54,47,14,0,11,0,108,0,34,22,102,14,16,0,0,29,0,3,37,8,62,0,23,0,37,9,0,1
23,24,0,0,23,6,22,27,0,0,29,23,48,0,73,0,7,25,0,0,0,41,3,33,5,0,0,0,13,0,3,4
0,0,0,0,0,0,7,0,16,17,0,34,38,91,71,29,23,0,0,9,32,0,0,5,13,5,1,0,6,69,20,55
0,0,18,18,0,0,85,34,0,3,32,21,40,21,49,36,20,0,0,12,54,4,8,26,0,0,13,28,8,0,33,0
0,31,0,0,29,2,0,15,6,88,252,66,112,100,0,10,32,0,65,115,60,0,0,0,0,18,0,0,34,0,28,80
0,51,0,0,4,0,0,0,2,192,192,102,103,25,5,0,40,173,219,11,14,2,3,0,0,4,0,0,18,34,4,78
0,0,0,3,63,27,13,0,32,89,0,45,34,0,5,0,20,76,37,0,7,10,1,0,0,0,0,1,43,37,6,0
0,0,10,6,24,3,0,0,0,90,0,47,123,104,0,118,253,0,0,19,25,32,16,0,13,0,0,45,0,28,0,0
0,0,0,23,0,0,4,0,16,0,44,143,112,43,0,164,0,36,34,5,0,0,0,31,0,24,134,2,0,2,0,0
0,0,0,39,0,3,9,0,0,5,0,40,134,53,9,15,0,27,0,12,0,7,13,72,37,0,0,0,0,32,5,0
0,10,0,46,48,0,0,99,217,63,14,76,51,38,1,5,33,10,9,0,0,0,180,134,0,0,56,34,0,33,21,17
90,0,12,0,0,21,7,117,210,20,2,61,59,6,0,8,25,0,1,0,0,5,0,38,0,12,0,0,26,1,13,0
76,19,61,0,36,23,54,3,161,28,102,71,22,0,35,0,27,27,0,0,13,44,18,0,48,18,39,0,0,0,0,32
23,0,8,0,10,0,29,33,145,249,87,5,0,0,0,0,42,0,55,14,55,0,0,6,12,13,14,0,38,7,5,9
34,26,37,0,5,12,5,26,0,38,3,31,45,188,30,154,155,125,102,0,0,0,0,8,0,0,0,0,0,0,0,37
0,0,0,19,65,0,0,38,68,24,0,237,197,188,59,252,107,41,63,33,34,29,72,53,18,0,0,0,29,8,28,3
43,0,0,0,23,12,52,0,3,22,11,119,193,112,239,109,92,35,26,0,33,192,197,81,65,23,0,0,0,5,0,28
0,39,0,0,0,50,0,0,0,21,14,0,54,24,42,6,13,0,4,109,96,246,209,0,0,0,0,2,39,0,0,0
0,14,0,3,6,0,25,15,0,0,30,31,0,5,96,0,0,0,19,0,2,12,7,10,0,4,4,4,21,0,25,8
0,21,37,0,26,0,10,4,14,0,0,47,0,24,0,0,0,11,4,0,26,0,0,0,1,0,0,0,28,16,19,0
15,31,0,0,1,0,0,9,0,0,39,2,25,31,15,19,24,0,49,31,35,0,43,0,0,11,12,0,29,11,32,0
70,0,0,0,0,10,0,0,14,5,55,15,0,0,24,46,97,33,0,0,0,0,0,22,3,0,23,31,0,0,6,47
0,3,40,32,11,0,6,0,4,0,11,12,10,0,32,0,16,0,0,0,14,0,0,13,0,0,19,37,0,0,0,0
0,0,0,0,0,76,9,0,0,0,17,5,0,9,0,1,38,44,17,0,0,0,2,32,0,0,0,40,0,0,0,25
0,0,43,0,0,0,0,24,0,0,0,3,18,29,10,16,2,0,0,0,0,0,3,6,0,0,71,9,6,0,13,0
36,18,45,0,96,45,18,11,0,6,0,13,0,0,6,0,7,0,4,19,0,13,0,43,1,13,0,0,23,13,0,0
7,10,0,5,0,0,0,1,0,3,0,0,0,0,33,36,36,0,4,0,20,0,0,27,0,0,11,16,0,15,0,32
41,39,18,0,0,41,0,0,18,0,53,22,30,0,12,21,0,19,9,3,20,3,30,0,33,45,0,0,5,0,10,4
0,0,0,0,0,0,20,0,0,3,21,0,38,20,54,41,18,6,0,0,5,33,1,0,0,0,0,5,0,0,0,3
14,17,19,34,0,0,4,16,28,0,24,0,9,0,33,7,0,0,41,0,0,22,49,1,43,0,0,9,0,18,0,41
18,33,8,74,0,0,21,52,43,0,9,5,0,14,0,41,0,9,28,14,0,0,0,5,4,12,0,0,0,21,0,6
0,0,0,39,11,62,41,27,55,0,0,20,0,0,11,0,27,20,0,22,0,0,0,0,0,0,0,7,18,16,0,0
0,57,0,33,0,13,17,0,3,10,75,0,39,50,18,0,0,0,0,9,9,0,23,14,8,14,16,18,4,2,5,20
36,9,6,2,0,112,0,7,16,34,55,0,19,5,0,0,5,0,0,0,9,0,19,2,0,4,0,0,37,0,0,0
0,35,1,37,67,130,69,0,0,0,0,7,0,0,104,4,0,28,12,11,22,17,33,0,14,12,13,0,3,2,15,0
129,48,43,0,155,159,142,53,29,45,9,6,14,123,97,0,0,9,0,44,3,22,28,0,0,19,0,0,33,8,11,0
64,0,0,34,114,108,64,143,84,0,51,0,50,33,0,0,13,39,17,1,0,0,0,8,0,0,0,0,11,17,7,0
46,0,0,39,123,0,42,2,25,50,4,6,73,0,16,76,0,0,25,0,0,23,67,34,1,44,0,0,0,0,0,13
92,5,34,0,5,0,27,9,27,0,43,146,8,0,14,17,0,5,14,5,20,153,15,8,0,0,37,13,0,31,0,18
5,8,10,7,21,0,0,0,4,0,0,59,175,79,0,52,0,0,0,180,33,8,7,54,31,0,15,0,0,26,0,0
66,16,1,124,16,4,0,0,0,36,0,6,3,41,10,0,0,0,0,0,103,51,56,47,16,0,7,42,0,0,0,8
145,0,141,32,196,254,117,0,7,0,16,36,103,13,3,0,0,11,15,3,35,52,38,27,5,0,0,5,0,0,1,3
0,18,120,139,225,223,106,3,3,16,17,25,17,24,2,0,18,0,0,0,5,98,0,28,11,15,0,34,1,0,19,0
0,74,70,51,8,7,173,53,36,82,0,0,30,34,0,0,0,23,0,13,6,0,0,2,0,0,22,82,0,56,42,0
36,38,0,33,233,56,0,66,177,190,195,17,0,24,54,0,0,43,0,139,0,53,0,12,12,0,71,27,7,4,30,0
21,10,69,17,21,11,0,19,18,188,193,20,23,26,0,0,8,0,75,135,59,5,0,0,14,0,0,0,16,19,0,16
114,43,0,0,0,0,40,0,14,231,25,63,0,42,2,25,49,145,119,193,1,0,18,0,3,27,0,32,10,0,29,48
0,0,25,0,23,4,39,0,0,22,11,37,46,16,8,34,12,122,142,0,49,9,0,0,9,17,0,0,13,28,0,45
171,0,33,12,0,0,36,24,0,0,8,25,3,14,0,0,0,31,139,71,1,0,21,0,0,0,28,48,33,0,47,0
0,22,5,13,19,30,18,0,0,0,12,7,10,0,0,0,0,16,0,12,22,0,25,37,0,48,0,2,31,18,10,45
172,1,11,24,0,0,0,0,17,49,7,0,18,0,230,42,0,0,0,0,0,0,0,34,24,11,0,0,0,0,0,16
0,0,0,0,0,62,0,0,0,3,2,16,21,186,7,7,0,6,0,0,0,0,12,14,27,0,0,35,1,0,0,61
52,1,21,0,92,70,151,44,0,0,0,0,76,0,112,38,0,0,0,0,0,20,0,0,8,12,0,0,0,0,0,33
48,0,0,0,63,60,76,1,32,18,2,0,4,3,2,0,0,9,4,0,12,0,16,8,0,6,0,0,3,18,2,11
0,0,0,39,20,0,1,40,6,0,0,0,44,1,18,0,0,8,20,18,17,0,0,22,0,0,54,0,4,8,4,0
2,9,27,0,0,0,10,0,46,0,29,17,0,0,25,11,0,40,0,0,28,0,43,0,31,44,0,0,0,0,0,0
48,0,30,11,3,0,2,21,0,3,13,23,26,0,0,0,0,10,7,0,0,43,0,21,0,1,19,43,0,0,0,59
0,0,0,0,7,0,29,0,61,0,18,25,0,0,0,0,22,10,0,0,0,0,0,27,6,0,0,0,0,46,0,6
33,39,0,0,0,46,71,0,0,14,0,0,13,22,18,0,0,0,0,0,0,29,22,0,0,31,10,7,0,0,32,0
55,0,27,13,66,64,106,0,1,37,0,0,0,23,22,0,0,0,0,0,0,39,0,18,16,0,44,27,0,0,0,46
8,0,29,2,28,81,60,0,4,0,3,30,0,16,0,0,0,10,18,17,22,13,15,2,7,17,17,0,0,0,0,0
4,10,32,0,0,173,12,1,19,10,6,1,8,0,7,12,34,0,0,7,0,0,32,0,0,0,4,12,0,8,5,6
131,52,0,0,0,237,91,8,35,32,0,0,0,11,137,131,30,1,10,0,0,10,37,0,0,0,16,0,4,32,0,0
0,0,0,0,37,196,54,17,39,17,35,45,13,88,171,21,4,0,7,0,0,6,0,39,1,0,30,12,0,0,6,92
21,19,14,0,29,8,82,0,9,12,0,19,56,190,97,37,42,0,38,0,9,12,0,37,171,118,0,58,47,50,0,19
101,0,0,0,0,17,38,37,46,0,11,0,47,87,31,0,0,0,13,0,6,0,6,147,118,0,0,56,5,0,6,0
0,3,21,16,11,52,22,37,0,32,5,0,41,60,52,6,29,22,6,0,0,128,0,0,2,14,28,20,52,0,18,21
39,10,0,0,10,100,6,0,0,24,0,9,46,50,31,0,5,45,0,3,15,0,99,4,0,33,0,0,0,21,0,6
143,0,5,0,53,169,57,118,9,0,38,37,63,35,5,0,0,13,0,0,17,12,34,28,0,27,9,16,10,0,0,13
174,0,2,0,198,192,132,166,0,1,91,9,0,0,33,12,22,9,0,1,107,12,0,21,0,0,63,0,7,5,5,0
162,16,22,0,197,116,55,197,42,0,0,42,0,1,8,0,6,0,0,0,21,0,0,12,2,0,4,37,0,0,0,3
161,0,0,200,169,79,103,135,93,19,0,0,69,145,51,0,0,7,0,0,0,5,92,151,108,0,17,5,0,3,0,26
147,3,28,123,200,176,46,0,34,20,70,135,191,175,0,8,18,0,25,5,73,167,72,40,0,0,0,0,23,9,13,0
0,0,101,162,0,36,35,16,7,0,20,226,202,32,8,29,27,0,0,8,86,36,184,91,0,0,54,0,41,28,5,13
118,63,49,110,0,0,37,11,54,18,21,58,0,51,4,0,15,0,39,0,39,105,66,19,0,37,0,0,50,0,0,0
39,53,54,0,20,22,5,0,0,3,0,29,0,0,0,43,0,0,52,27,0,180,0,0,0,29,0,30,6,6,0,2
0,2,0,10,0,0,0,0,0,27,32,32,16,23,7,0,0,51,57,15,0,0,28,4,6,10,0,3,0,0,7,55
0,52,0,35,0,0,0,0,0,0,0,0,23,32,0,0,49,21,170,66,88,0,76,0,30,0,11,46,17,0,24,0
0,0,4,0,10,0,5,0,0,13,49,25,30,0,16,38,110,68,106,0,53,4,37,0,39,4,0,13,0,0,0,47
5,19,35,2,17,40,8,30,5,81,4,111,8,0,7,78,36,74,22,15,27,22,0,0,0,17,32,32,45,0,8,9
42,0,0,8,2,0,18,96,0,67,151,81,15,39,0,0,0,31,0,0,0,26,0,0,0,0,0,27,0,0,0,12
94,0,39,9,0,8,0,27,27,0,0,14,3,0,0,0,0,0,0,0,0,0,18,0,0,14,36,9,8,7,0,0
117,6,0,3,21,0,0,18,85,0,0,0,0,3,17,22,0,22,0,23,31,0,14,0,18,6,0,5,0,0,0,9
0,6,13,0,0,30,0,22,0,29,0,0,0,0,32,0,39,15,0,0,0,3,8,7,2,0,19,39,0,0,0,0
0,17,17,29,31,0,18,27,37,0,0,12,0,0,21,0,19,7,0,0,19,5,41,0,38,26,38,0,0,0,8,42
0,0,0,10,0,0,10,29,0,17,0,22,8,3,0,0,0,16,41,6,0,25,56,0,0,0,0,5,0,0,0,30
0,10,0,0,0,0,13,0,189,41,2,0,20,12,0,0,23,14,42,0,0,18,77,39,0,1,0,2,0,0,2,48
0,5,47,8,17,0,0,194,245,0,0,0,11,12,28,0,0,24,62,18,5,0,25,0,19,32,0,0,14,0,0,45
0,0,21,11,27,0,11,34,29,0,8,48,12,45,19,0,0,70,198,0,8,0,0,18,36,36,0,6,26,0,0,0
0,27,40,0,0,62,90,36,195,38,30,8,0,0,9,4,0,85,107,13,34,0,0,11,0,0,0,219,247,0,0,0
48,5,5,0,0,82,109,62,198,195,57,3,34,0,18,0,32,237,0,31,36,1,0,0,0,41,110,198,32,21,13,0
0,40,0,0,44,80,98,122,75,80,146,31,20,0,0,6,128,57,17,23,18,0,36,0,7,128,129,8,0,20,32,32
0,0,0,0,0,25,41,23,0,83,55,27,25,32,8,14,22,10,0,0,0,18,3,4,48,70,30,6,0,6,0,0
0,33,1,0,0,0,26,8,76,56,16,55,3,0,0,0,0,19,21,0,1,8,0,0,44,0,0,0,8,26,5,25
0,19,31,10,28,0,40,0,0,29,0,0,0,7,17,38,9,11,0,1,0,8,32,0,0,0,21,0,0,0,0,16
5,5,27,0,91,25,6,4,0,7,119,0,0,0,3,31,10,2,0,0,20,11,48,0,5,34,0,0,7,0,12,234
0,1,4,4,0,0,0,17,0,0,31,239,216,0,11,53,0,0,0,0,0,1,27,0,0,13,0,0,79,31,67,0
42,0,22,0,2,0,18,69,90,140,14,188,181,0,26,1,25,17,5,39,0,3,39,0,21,0,97,158,173,165,0,13
134,13,0,1,0,10,67,46,44,96,193,27,121,145,6,12,0,12,187,32,0,0,31,0,11,90,105,148,158,9,0,30
0,0,39,0,25,24,66,0,0,110,230,114,23,0,6,33,0,146,21,33,0,35,24,0,1,17,128,0,0,0,0,64
0,7,34,35,5,0,35,105,165,44,0,100,85,6,32,8,113,49,94,48,9,0,21,0,27,22,33,10,0,1,0,0
0,0,4,4,0,0,22,67,25,25,50,74,6,0,35,3,60,0,0,0,0,0,0,72,49,0,59,33,5,2,10,12
125,0,38,0,32,46,71,0,165,148,0,110,16,12,0,9,0,3,0,49,0,27,21,33,18,8,48,0,10,7,0,0
0,0,0,26,0,0,44,99,11,108,35,0,0,16,0,0,0,0,0,15,0,26,26,20,0,190,26,0,0,19,0,0
0,0,52,21,44,37,54,13,123,0,14,6,16,0,18,6,59,18,0,7,0,25,0,93,77,155,0,0,0,0,0,0
0,11,25,118,0,54,0,0,25,0,12,0,19,0,28,0,16,4,0,0,15,0,174,84,31,0,40,10,42,0,0,0
181,5,0,0,0,0,0,7,34,0,0,30,0,0,3,122,82,158,119,0,0,18,0,54,22,32,58,23,6,9,1,0
0,0,0,0,0,0,0,0,0,0,0,45,7,0,0,188,66,159,227,1,11,0,0,11,0,15,6,0,0,34,20,0
0,35,0,0,38,6,0,0,0,24,0,2,81,104,230,0,245,8,145,235,0,3,0,1,33,21,27,0,9,16,41,14
0,0,15,0,0,18,7,36,0,18,44,0,26,29,131,2,104,142,252,36,0,0,11,0,31,4,9,0,4,14,0,19
0,10,0,10,0,0,0,10,0,42,36,0,16,0,5,46,1,12,27,0,3,20,19,0,0,1,11,0,13,11,0,3
24,13,11,0,0,23,0,0,24,26,14,0,26,22,6,0,0,6,13,0,4,49,4,0,0,0,0,14,0,0,28,87
36,0,0,0,0,28,0,0,0,0,19,0,0,0,8,10,0,0,0,0,0,3,0,23,28,14,0,14,0,12,0,0
0,0,0,4,0,0,0,0,3,0,33,0,0,24,21,0,18,0,0,45,9,0,0,0,0,21,0,0,3,0,24,25
15,0,0,31,0,0,0,3,1,16,12,0,0,0,0,25,36,4,0,0,29,0,8,5,0,8,3,0,4,0,13,49
30,26,0,0,16,29,17,0,0,0,0,4,8,28,0,0,0,39,0,0,11,0,0,16,16,0,23,0,0,2,4,54
0,0,0,43,19,0,0,1,0,5,0,0,4,0,0,0,24,0,0,0,2,30,1,0,6,0,0,41,0,12,0,1
1,0,8,25,0,40,44,1,7,25,0,0,14,11,0,5,10,0,0,6,0,5,6,42,1,0,22,0,7,57,6,0
53,0,0,0,16,13,0,21,14,61,75,37,0,0,25,20,23,0,0,3,27,0,48,19,0,0,4,9,41,26,0,0
0,36,0,23,0,0,0,16,72,19,0,0,64,0,29,23,28,0,20,0,29,35,162,57,5,16,0,0,11,5,26,55
0,17,24,10,30,0,6,41,205,69,88,28,57,122,12,28,0,1,0,1,0,35,10,0,30,0,23,34,13,12,0,0
0,2,0,0,16,36,58,57,99,27,41,88,124,25,91,35,33,6,0,10,0,32,9,66,125,0,36,32,0,11,0,100
46,46,30,0,34,56,83,7,39,65,177,19,93,54,47,212,83,35,0,0,46,4,73,86,164,0,18,26,0,39,14,46
0,30,49,41,33,5,19,0,29,26,0,54,0,134,113,56,208,7,0,0,17,0,142,0,78,13,8,19,2,0,0,34
20,5,0,9,45,0,0,0,19,0,16,0,11,3,41,46,195,12,0,0,0,15,25,18,59,21,0,0,0,0,0,126
0,42,38,21,0,32,54,55,80,22,20,32,8,32,0,6,108,231,0,0,36,33,0,0,231,0,6,7,8,0,0,0
4,0,63,0,57,0,0,10,0,0,13,14,0,2,25,12,1,1,0,32,0,3,1,0,0,34,9,0,9,48,0,0
50,7,0,6,0,14,0,41,25,0,20,0,0,0,0,28,0,0,0,0,3,31,11,0,0,0,0,0,0,48,6,0
0,20,32,16,0,21,0,33,18,0,76,55,14,112,136,6,47,0,0,0,16,45,0,5,0,0,0,0,0,12,3,6
0,4,0,0,29,61,38,26,108,0,40,8,31,41,153,0,32,0,22,0,36,0,0,20,58,0,61,14,0,0,3,0
0,44,13,35,12,10,11,7,117,9,63,35,7,125,49,105,32,12,173,0,0,2,35,0,0,0,0,24,47,48,0,23
0,30,1,0,0,31,122,42,61,72,36,62,53,65,21,30,41,24,220,16,21,0,49,40,19,7,0,0,32,15,34,4
125,25,0,11,0,52,0,72,51,15,50,34,14,110,47,12,17,126,185,19,11,0,13,6,23,0,31,0,0,0,0,50
0,29,59,3,0,0,0,63,8,46,52,28,40,17,52,139,126,42,19,34,36,0,20,7,0,30,1,0,9,10,0,0
0,0,0,0,0,10,29,0,28,3,0,84,10,19,0,3,187,0,71,21,17,0,1,0,0,47,3,14,2,26,21,0
0,6,0,0,14,0,0,78,195,47,0,146,115,81,159,16,113,90,74,22,0,0,0,10,20,0,54,13,61,0,0,13
0,4,64,0,10,0,3,8,55,7,103,69,80,41,93,71,214,25,47,39,29,0,16,0,4,2,0,0,0,0,10,10
0,0,0,38,67,25,23,0,0,61,15,7,152,60,36,121,81,37,62,33,10,15,0,0,0,0,13,0,0,7,0,11
0,0,28,0,0,0,0,10,0,0,0,5,4,56,34,38,155,61,67,0,4,89,134,1,0,0,0,18,0,0,26,0
112,32,39,19,16,0,0,17,0,5,0,0,0,29,80,192,79,146,0,25,0,14,21,0,19,0,30,12,0,12,10,0
0,9,0,0,0,0,0,17,23,3,14,0,18,81,196,32,137,15,21,0,1,44,93,91,29,5,0,17,16,3,33,169
57,8,0,0,0,0,0,0,0,0,26,20,12,7,236,7,33,0,0,25,30,97,100,116,102,0,8,0,1,5,0,31
0,0,4,0,0,0,4,0,0,25,46,36,0,0,20,23,83,106,5,42,173,181,208,96,204,30,43,0,0,36,15,191
0,41,16,31,20,13,7,0,49,0,20,23,22,0,0,95,0,0,34,37,237,16,34,48,191,219,0,0,2,0,36,151
67,0,0,22,34,0,33,25,0,0,0,25,0,24,0,40,0,0,9,72,188,109,3,207,208,199,47,0,13,0,0,46
66,7,12,16,5,0,20,12,15,0,32,20,4,0,20,0,0,1,0,20,49,199,89,140,55,49,0,0,3,0,6,0
31,38,20,0,0,0,6,11,29,17,29,8,18,0,12,0,0,0,2,0,142,23,211,53,232,120,0,1,7,27,0,20
56,35,7,5,0,6,0,0,0,6,13,0,1,12,0,0,0,0,0,8,249,246,236,92,222,144,48,0,0,0,0,29
0,18,0,0,0,24,12,0,39,0,28,28,44,24,6,0,1,7,16,7,54,237,196,49,152,0,0,0,0,13,14,0
23,0,0,0,0,33,8,4,12,15,32,0,5,0,1,0,19,15,30,0,0,19,0,0,1,9,21,35,0,0,0,8
0,43,0,0,20,0,14,0,16,111,17,29,11,0,0,17,62,0,0,0,0,10,0,0,31,34,3,0,5,0,53,40
41,0,1,32,5,0,0,0,17,72,29,65,0,0,0,42,0,0,11,2,0,0,0,44,0,0,16,0,22,29,0,0
0,47,21,1,10,0,0,4,12,49,61,21,69,24,32,0,27,7,0,22,0,0,23,0,0,37,0,11,4,24,0,0
44,1,0,52,18,76,18,27,59,63,59,0,115,20,43,74,15,35,13,24,0,5,49,0,48,52,0,0,10,10,7,0
0,15,0,5,10,0,0,2,27,17,23,36,1,42,7,6,2,0,0,0,0,0,0,0,0,9,9,28,0,7,0,0
31,36,18,0,50,65,33,70,48,0,50,117,0,29,40,35,64,38,0,21,80,0,32,0,24,59,63,1,8,16,17,0
0,0,0,28,12,6,0,0,0,7,15,0,0,0,5,0,25,26,0,0,0,0,1,0,0,66,84,28,2,13,0,0
0,31,0,0,0,48,23,8,49,12,20,0,39,4,0,21,0,0,74,33,0,8,36,0,6,0,0,26,51,0,0,65
99,31,6,0,35,20,0,9,0,34,0,0,21,0,8,5,0,11,0,8,4,13,0,6,37,18,0,58,34,36,0,0
11,0,26,0,0,20,0,0,22,28,0,0,0,7,0,13,0,0,9,24,99,0,0,0,0,27,0,12,76,3,37,40
0,0,46,0,13,0,0,60,0,5,91,17,28,6,27,19,14,0,0,0,61,0,0,0,6,9,0,72,82,0,24,0
51,0,0,0,0,25,26,18,7,32,1,55,12,20,120,8,8,34,0,2,87,0,2,15,16,0,10,3,93,33,0,26
97,29,23,0,7,0,0,21,82,19,31,83,43,94,22,30,40,0,80,14,74,11,22,16,4,23,35,14,0,5,45,20
85,24,0,0,85,0,21,6,0,3,28,0,43,34,32,16,73,26,0,14,0,0,0,7,18,41,5,0,121,33,90,55
0,0,3,15,0,0,4,63,97,3,122,13,153,94,51,0,100,43,0,78,51,0,10,0,21,0,35,1,69,18,0,45
15,1,20,23,0,0,0,57,29,0,41,63,0,0,10,105,116,0,0,12,89,7,16,0,0,14,0,58,36,14,0,9
9,0,0,0,8,0,8,16,41,26,14,91,97,0,130,19,130,17,199,191,52,0,16,10,0,10,63,57,76,42,45,50
81,0,0,17,14,22,3,0,113,0,0,136,84,64,95,32,41,48,167,192,0,0,0,2,0,0,45,39,90,22,39,0
0,0,35,27,5,0,16,28,0,35,79,74,23,41,23,98,68,116,88,170,0,0,21,0,18,24,21,169,18,45,0,0
0,0,0,71,6,61,0,0,0,7,49,13,0,26,1,62,46,16,77,112,23,1,11,18,3,0,41,60,7,24,0,0
0,2,10,9,17,0,7,55,0,47,0,33,0,55,81,37,57,1,0,51,0,0,0,0,0,7,13,0,30,2,6,0
0,0,13,41,4,0,0,31,19,0,25,0,0,15,30,145,27,51,67,28,0,4,0,9,21,0,34,26,0,2,0,0
112,0,6,8,0,0,0,0,0,0,0,27,0,0,94,13,46,42,92,19,11,0,0,6,2,10,54,0,16,0,0,0
79,33,0,0,51,0,4,0,0,57,12,0,21,0,95,21,172,83,0,35,36,4,36,32,23,0,8,0,21,2,0,78
0,0,17,65,0,0,16,2,0,36,46,0,36,0,0,0,0,245,119,40,12,6,0,3,0,30,18,0,0,0,50,221
90,0,37,0,20,80,0,0,7,0,25,0,0,35,161,129,178,185,89,0,0,24,0,0,0,0,0,25,0,34,0,22
81,19,0,3,20,32,0,52,8,8,0,3,0,56,208,50,54,0,174,0,1,0,8,5,0,19,0,0,22,13,0,0
43,24,1,13,7,0,0,0,10,3,19,0,66,107,9,88,13,30,59,0,47,68,149,135,0,0,0,22,0,0,0,15
73,8,0,12,17,6,0,0,29,12,0,55,236,43,203,147,7,0,0,14,55,235,192,112,0,5,0,0,9,0,6,5
66,0,5,0,9,0,32,38,0,0,0,75,223,129,51,12,0,0,2,14,207,199,54,26,0,15,26,0,31,18,31,0
0,0,0,8,0,0,16,41,0,0,48,0,20,90,33,0,28,18,6,11,0,135,0,0,12,0,31,23,19,0,234,222
0,0,0,0,0,10,0,2,18,21,63,68,0,0,3,10,9,0,19,0,0,0,0,0,14,0,41,0,0,12,12,86
16,0,55,0,6,0,23,94,48,84,1,30,0,16,14,0,2,1,0,0,0,0,0,35,18,3,13,0,11,0,5,68
2,6,0,43,43,43,23,0,10,59,0,23,0,2,27,0,22,23,0,0,0,17,0,0,0,5,33,26,6,0,0,0
15,16,9,0,0,0,0,51,3,76,70,0,16,122,5,0,48,0,0,0,30,0,0,0,0,0,76,45,46,16,0,7
0,0,0,0,0,0,0,13,53,0,45,0,64,0,54,12,48,5,6,8,0,27,0,7,0,0,30,0,0,0,0,0
0,0,31,0,0,0,43,7,0,36,1,23,26,49,13,9,7,27,0,7,0,11,0,0,1,0,0,25,9,0,49,30
0,0,23,0,0,27,17,0,48,2,0,61,0,44,10,0,29,3,0,17,0,53,0,10,0,0,0,6,0,5,0,0
0,0,0,48,47,16,14,0,0,0,30,28,8,16,0,0,25,63,0,0,0,0,22,5,0,16,0,0,26,0,39,4
4,25,0,0,1,4,0,22,22,70,9,32,39,21,0,0,0,0,0,0,0,14,0,0,39,0,0,14,36,0,0,0
0,28,0,9,25,15,26,41,6,0,0,0,56,0,0,19,7,23,47,5,2,0,0,26,27,0,0,2,0,0,0,6
18,0,26,33,0,0,20,26,37,0,0,19,0,17,7,0,3,0,4,38,15,6,0,0,0,0,59,0,99,50,66,0
0,28,16,0,16,8,10,44,0,34,14,29,0,50,7,0,0,0,3,0,16,0,0,14,0,0,36,0,42,0,0,3
0,44,0,11,0,64,11,0,40,68,16,13,1,9,44,0,22,5,0,21,23,13,0,46,0,0,0,13,42,30,0,1
38,0,0,18,0,0,1,71,0,49,1,41,5,48,26,38,0,34,59,0,0,0,11,0,0,7,10,39,50,0,42,62
44,15,0,0,23,44,58,0,11,13,24,23,75,27,27,26,83,26,0,0,8,9,65,0,56,0,64,44,63,23,12,5
0,0,0,3,17,0,37,68,29,0,0,4,75,66,17,0,22,56,0,17,0,0,0,0,0,0,12,0,51,16,22,21
116,0,22,0,12,0,38,1,7,86,17,2,150,0,19,0,66,14,81,2,22,0,0,4,35,21,9,3,35,61,28,37
0,1,0,19,27,0,58,0,0,27,64,38,0,18,35,39,144,0,75,0,29,0,4,22,0,29,0,13,32,0,12,11
37,0,2,18,0,0,27,23,23,17,0,65,234,85,80,26,41,62,7,19,6,27,16,0,23,3,12,18,2,0,0,0
31,0,0,1,0,0,29,0,0,0,147,194,72,62,93,120,103,157,18,1,0,11,0,6,0,20,0,27,13,21,26,0
0,6,65,7,35,0,21,21,26,3,196,20,15,191,114,125,4,8,0,13,0,12,9,38,0,10,22,0,17,0,0,12
0,0,36,37,0,0,5,19,21,48,17,164,19,123,67,97,45,63,8,0,85,107,48,0,40,21,0,6,0,0,12,0
5,22,0,0,36,37,0,4,15,105,55,142,128,23,101,190,0,49,62,57,12,35,48,0,45,49,0,0,0,0,0,0
0,31,0,0,0,19,0,0,37,0,6,37,0,38,38,0,78,39,127,11,45,46,0,7,0,0,5,13,16,0,14,0
53,8,67,0,14,0,0,0,50,0,21,43,1,7,5,0,192,3,0,21,27,0,0,0,25,35,0,0,0,32,14,0
64,0,0,0,16,1,27,49,37,41,0,18,0,21,32,0,116,133,41,11,2,12,0,22,0,19,12,0,0,0,0,0
121,16,20,31,0,0,63,27,32,57,0,7,54,36,32,0,45,0,0,0,7,31,87,101,35,1,10,5,12,16,0,1
116,0,11,58,1,0,47,24,78,146,104,3,0,0,0,27,0,0,26,12,5,3,0,0,0,14,46,0,27,0,13,33
0,0,27,0,20,12,55,39,86,33,11,20,45,2,16,1,3,16,31,0,12,0,0,0,0,7,4,0,0,0,1,5
0,5,55,0,0,6,78,0,102,0,21,141,84,232,103,27,0,0,4,9,4,0,0,0,0,0,0,0,0,18,9,0
47,7,7,0,7,41,0,0,0,24,211,91,186,176,92,140,19,0,0,19,1,0,14,0,13,4,0,1,0,14,11,0
0,0,9,13,10,0,0,0,13,0,0,226,153,171,54,73,0,0,1,0,61,91,32,0,0,0,0,0,0,12,0,0
21,0,0,14,21,0,0,0,0,0,0,0,0,0,2,22,14,0,0,188,151,85,8,0,6,15,14,28,36,0,31,70
0,12,1,2,6,0,0,0,0,34,0,0,0,0,0,8,14,4,7,11,0,0,0,17,0,0,8,0,13,0,0,0
11,36,1,0,0,3,0,26,20,0,29,1,10,3,0,10,0,0,0,14,0,0,0,17,0,0,41,0,0,17,0,27
0,0,10,47,18,15,0,0,29,56,49,40,9,11,16,0,18,0,0,0,21,0,0,0,31,0,14,9,20,26,0,0
9,12,21,0,22,26,39,2,75,27,75,0,3,0,0,62,0,0,0,0,29,0,0,9,0,0,0,0,0,41,40,10
0,27,5,6,0,34,12,0,42,0,21,16,22,47,0,58,30,0,37,13,26,19,32,0,3,9,7,12,0,0,0,9
0,11,0,25,4,57,41,4,0,12,0,80,0,0,0,6,39,0,0,2,8,0,26,0,11,5,0,0,0,44,47,16
0,0,31,6,44,0,0,0,0,0,21,0,17,0,0,66,41,9,11,0,0,0,0,0,5,17,0,0,42,31,0,52
0,0,5,27,10,0,62,17,81,58,34,1,0,0,6,65,85,0,41,0,47,7,0,23,0,0,0,0,2,25,0,26
109,0,0,5,0,0,0,11,5,0,0,0,0,0,8,72,0,0,76,3,0,16,0,0,19,0,0,28,43,13,33,0
82,0,0,48,0,4,0,30,0,17,0,0,0,28,0,16,0,0,0,0,39,15,0,14,21,0,0,8,14,12,6,0
9,31,0,3,24,52,1,0,0,6,54,5,0,4,0,0,0,0,0,0,27,29,56,4,7,0,0,48,21,56,0,0
47,0,24,213,0,8,0,0,11,21,41,0,68,31,14,0,46,0,35,0,0,27,0,0,0,0,0,0,0,0,21,36
0,28,110,183,67,107,0,0,37,0,9,17,83,22,67,44,0,17,112,44,26,19,41,20,10,0,8,78,1,0,26,5
79,17,197,61,13,143,106,9,0,21,81,0,53,29,6,12,8,10,19,0,0,8,0,18,0,0,45,0,53,20,19,32
25,87,149,91,65,141,91,59,76,18,155,0,69,52,0,0,0,5,24,10,0,0,0,0,53,0,0,12,42,10,8,44
0,7,45,31,60,14,0,30,83,100,56,128,15,4,0,8,0,54,0,0,0,4,47,0,19,9,0,16,0,0,0,0
0,6,0,0,16,60,96,0,0,14,61,75,16,0,5,27,123,37,0,0,0,12,0,0,0,0,0,1,0,0,0,0
186,20,26,0,0,0,0,52,131,10,107,30,21,0,0,18,0,0,0,0,0,4,63,11,0,0,0,21,0,24,0,17
155,120,43,162,0,0,39,42,36,24,24,47,16,0,0,29,48,21,4,21,0,0,0,9,0,0,2,0,0,0,0,13
66,203,9,170,15,0,59,0,0,0,68,0,45,20,7,0,0,1,0,18,0,0,0,19,0,0,0,34,13,0,15,0
54,177,199,36,3,234,223,159,0,23,0,3,0,0,3,0,17,0,0,0,0,0,0,25,0,0,0,0,6,7,0,8
53,74,9,3,0,86,32,76,0,4,6,0,9,0,19,198,82,0,15,0,6,0,17,24,0,16,52,53,1,0,30,36
0,0,9,0,0,45,173,4,0,0,3,0,21,17,49,45,138,8,9,0,0,0,0,4,0,0,14,10,4,0,5,5
0,0,15,5,14,82,82,0,0,0,12,8,3,21,0,0,84,19,0,0,14,0,20,27,8,0,0,3,0,0,3,0
0,11,0,0,0,42,0,0,0,8,0,24,0,0,0,86,40,119,0,0,0,26,0,0,0,6,0,36,0,0,0,11
19,0,31,0,0,0,0,0,21,16,47,80,0,0,7,51,0,74,80,3,3,1,3,5,0,3,16,6,20,2,1,10
0,0,8,0,5,0,18,9,3,2,173,0,0,0,1,0,2,20,1,0,0,7,0,30,0,34,0,0,10,1,3,16
0,0,23,0,46,12,0,0,4,3,40,131,4,29,3,0,24,43,21,26,0,0,0,0,0,24,16,0,7,0,0,50
22,0,0,37,70,9,0,0,0,27,0,0,12,28,0,0,0,16,0,0,0,32,7,22,41,0,0,19,0,0,14,35
0,14,0,35,7,26,0,0,4,1,43,20,0,0,0,21,0,0,0,0,0,4,16,28,23,13,0,2,0,45,0,40
0,4,13,0,5,1,9,0,0,19,0,15,0,0,0,8,4,16,0,7,16,0,3,1,3,18,12,6,3,10,0,18
0,28,46,0,0,0,2,0,0,16,5,32,15,0,0,21,0,0,5,0,0,0,3,0,17,0,0,0,0,0,0,31
81,29,0,26,21,0,0,19,12,0,0,35,13,0,0,35,3,0,16,6,0,7,8,0,43,32,0,0,21,6,0,36
177,134,0,0,2,23,0,0,0,0,59,12,9,0,9,0,0,18,0,0,16,0,23,0,29,18,7,2,13,0,14,19
143,0,0,12,0,0,0,0,0,150,0,82,0,33,7,0,0,6,0,19,0,0,0,3,13,0,0,23,0,12,0,0
47,225,21,0,0,0,10,0,0,204,104,7,62,22,0,20,0,28,205,0,2,0,0,12,1,0,19,0,0,4,0,5
42,98,0,5,0,0,0,11,171,51,34,14,19,29,0,0,102,143,28,0,5,13,20,0,0,0,87,0,0,0,4,0
64,248,2,10,0,0,0,33,100,31,46,0,3,3,4,81,241,0,0,0,16,36,0,32,0,0,38,0,48,0,0,0
63,108,22,18,16,0,19,49,32,11,95,6,0,0,0,220,20,4,27,12,9,0,26,23,26,0,44,0,47,16,8,6
0,22,0,7,0,0,0,1,50,30,5,0,14,10,48,8,22,34,7,1,0,0,0,0,0,0,36,0,1,0,1,3
10,51,31,0,38,14,0,14,2,33,5,0,20,0,0,92,41,0,3,5,0,5,5,8,0,1,29,0,16,33,36,0
54,84,128,81,14,0,0,0,0,35,16,0,0,1,0,62,16,0,18,52,18,0,1,0,0,0,0,0,12,0,73,0
9,16,100,249,2,0,10,13,39,16,0,31,0,10,38,40,8,0,148,149,45,0,16,23,0,9,0,0,0,0,0,0
31,206,36,126,53,63,34,0,0,0,64,35,0,0,0,0,70,129,194,84,0,6,0,0,38,0,51,8,0,37,0,0
32,160,151,98,5,0,0,0,104,80,33,0,23,0,48,4,117,35,106,0,4,0,15,29,15,0,59,0,31,0,36,0
107,201,112,0,8,16,0,23,71,49,0,17,31,0,0,4,14,20,33,28,7,0,16,55,34,0,0,8,16,0,1,0
211,69,38,2,111,4,49,62,103,0,20,36,0,0,0,0,171,29,6,37,41,0,0,35,26,1,22,0,53,36,13,0
232,135,21,0,0,51,8,28,28,0,7,9,14,0,0,0,0,11,0,0,16,9,18,0,11,0,0,3,0,0,0,25
75,4,0,17,0,31,40,0,6,0,0,0,0,0,0,2,83,12,33,20,0,42,0,0,0,32,20,14,18,0,41,12
0,0,0,0,0,0,13,28,0,0,40,49,0,15,41,0,12,11,2,38,0,0,0,17,7,22,21,0,2,25,0,18
0,21,1,0,0,4,0,0,0,15,0,17,0,2,1,48,0,0,17,0,3,0,0,18,0,16,4,20,0,0,61,0
4,0,0,0,0,16,16,0,0,16,32,0,6,8,10,39,2,16,0,4,0,0,9,17,42,2,0,0,10,49,14,4
0,20,0,7,0,0,24,57,0,60,42,48,0,70,17,36,38,43,33,17,48,6,0,8,0,7,0,17,9,37,0,0
0,5,57,25,53,0,12,80,61,0,0,21,5,34,0,6,0,5,16,0,1,39,0,19,0,14,60,16,0,0,1,0
0,12,0,43,0,0,64,0,0,18,0,0,0,0,0,41,0,0,0,1,5,50,0,13,0,10,0,0,0,0,11,77
15,8,23,0,17,32,1,0,0,0,0,0,9,9,0,13,0,16,0,0,5,0,0,16,7,0,8,0,0,3,0,0
69,7,11,37,37,53,0,0,21,2,21,36,3,0,7,8,39,65,12,42,0,0,12,0,6,9,0,19,0,0,26,0
7,5,24,9,2,0,35,0,0,58,0,19,0,21,0,23,17,1,0,0,0,14,21,0,0,0,39,0,27,27,0,0
0,0,28,2,0,35,32,3,16,9,95,42,3,0,0,15,4,17,26,0,22,46,0,0,0,42,0,0,0,0,14,40
0,0,4,7,3,0,0,17,0,0,0,11,0,0,10,0,0,13,0,0,0,0,8,13,4,0,0,0,17,22,3,3
76,24,0,14,32,0,0,31,0,0,7,0,1,2,0,25,0,42,0,0,0,0,0,32,10,25,24,0,19,11,3,10
0,0,0,2,6,0,16,0,2,0,0,7,0,0,6,3,40,5,2,0,17,28,9,13,17,0,0,12,17,0,14,0
37,16,0,0,0,0,0,22,0,0,0,21,1,0,0,5,25,24,30,0,0,0,0,45,7,13,21,16,0,0,51,0
0,12,0,0,0,2,0,0,10,28,19,1,0,3,0,25,0,1,2,0,17,0,22,5,0,0,0,0,0,1,24,0
0,0,0,82,64,12,87,29,10,11,8,9,0,0,94,9,4,0,36,6,0,1,0,11,1,0,0,0,14,32,3,0
52,36,28,58,68,54,64,159,0,20,0,0,0,0,39,0,30,24,33,0,0,9,0,1,0,14,50,45,0,0,41,0
0,13,23,116,95,206,122,6,139,0,20,0,0,16,1,0,21,4,10,14,7,50,4,5,0,16,0,2,1,0,0,0
123,40,19,77,75,35,91,87,251,0,4,4,0,48,0,29,0,12,0,1,22,0,0,0,0,0,0,82,0,39,20,2
0,0,0,13,14,48,3,0,89,11,0,51,8,0,6,14,0,2,0,33,4,0,4,11,0,68,124,186,16,0,0,0
45,9,0,0,0,50,0,0,0,0,0,12,35,0,23,17,3,11,13,0,23,14,49,0,47,184,67,124,3,0,11,19
36,62,0,0,0,8,0,17,0,6,66,0,19,26,0,0,0,0,0,2,29,0,0,63,181,178,193,107,2,16,5,0
55,22,0,0,25,1,31,10,72,155,218,155,4,16,0,0,0,30,0,0,0,0,43,0,0,149,46,0,19,0,29,0
0,18,0,14,0,4,16,135,3,132,185,120,62,0,0,23,10,45,57,67,0,0,8,1,0,0,0,34,21,40,0,5
0,4,10,16,22,65,106,9,59,76,226,89,72,238,21,0,59,101,192,196,0,56,0,16,0,0,23,0,28,0,32,16
0,0,45,45,36,120,0,53,32,73,202,41,46,0,39,0,0,58,38,197,5,0,18,0,27,0,22,0,25,9,0,49
0,70,45,87,77,90,51,31,61,105,138,48,27,0,0,0,0,11,10,35,0,36,0,0,25,1,0,0,0,0,0,0
0,9,0,30,36,87,8,98,83,0,27,87,33,2,0,13,0,0,22,0,0,13,3,0,0,10,0,0,24,23,17,21
0,78,55,8,25,39,83,0,12,37,107,3,32,9,0,0,48,0,2,0,9,1,16,0,0,0,0,0,0,24,0,22
149,31,30,37,0,0,40,54,15,0,249,96,86,0,0,9,39,4,0,12,0,9,0,0,0,0,0,2,1,0,8,19
164,11,32,0,0,0,5,0,19,68,151,0,0,8,8,0,16,117,217,3,0,0,0,22,0,0,0,0,0,0,0,0
0,6,0,0,0,0,3,23,4,38,0,98,112,3,0,14,10,46,77,149,144,0,0,12,42,0,0,44,20,0,0,0
0,0,17,0,0,0,28,26,10,2,0,45,0,16,7,0,82,91,246,137,120,17,0,0,0,0,0,5,12,0,9,0
0,30,0,0,8,27,23,0,0,0,29,132,15,19,0,0,89,228,224,173,48,167,0,0,0,23,0,4,27,0,20,0
82,0,0,15,6,0,0,14,12,40,0,84,0,0,0,0,28,179,123,17,216,148,8,0,12,0,29,0,3,2,16,0
0,0,0,14,0,0,0,6,1,1,0,6,25,22,27,0,0,139,221,63,93,83,0,0,0,0,0,16,0,35,0,0
0,0,0,21,0,0,0,8,0,0,0,8,0,27,0,30,23,45,68,235,0,0,1,0,0,21,49,69,12,0,0,48
0,0,0,26,0,14,0,0,0,0,0,16,19,0,25,3,0,0,0,4,0,0,4,12,16,0,28,23,0,0,0,0
0,0,0,0,5,0,5,0,0,0,39,27,46,0,18,4,43,0,48,17,16,24,20,0,1,0,20,26,28,52,0,0
28,0,45,0,0,8,0,18,0,0,11,21,2,0,0,2,6,0,9,0,0,24,6,13,0,0,32,0,17,54,0,1
68,0,0,1,4,4,0,2,0,0,65,0,0,32,0,27,2,0,16,10,0,0,5,63,0,0,0,0,60,41,12,0
57,0,0,0,13,43,40,0,56,22,12,31,10,0,23,0,40,0,58,14,44,0,32,16,20,0,45,21,52,29,16,0
8,0,21,0,0,0,13,0,0,2,0,66,3,17,0,0,14,0,32,0,8,0,0,16,0,28,0,34,0,9,38,22
53,0,39,0,0,0,10,15,0,16,27,49,0,12,9,0,9,0,0,0,0,0,0,0,0,0,13,0,0,0,0,0
19,26,19,0,0,1,0,8,22,0,2,2,0,2,0,1,0,0,16,5,15,0,32,0,0,16,0,0,0,1,11,0
0,6,26,0,6,0,0,0,0,18,0,0,13,23,0,0,0,0,11,58,0,6,38,0,0,25,0,0,0,10,0,28
6,16,22,0,5,0,0,10,0,0,0,22,2,0,0,25,0,0,0,0,0,24,10,0,0,0,11,0,0,0,27,34
0,0,24,0,77,0,115,0,100,76,0,79,52,0,15,0,10,19,0,3,0,0,4,0,2,0,0,0,14,20,7,43
56,0,83,38,29,45,18,74,39,52,14,4,48,0,13,0,0,34,6,0,0,0,0,65,0,4,2,17,11,0,38,9
16,54,0,53,74,0,34,57,19,34,64,96,0,156,0,25,21,1,0,0,0,9,0,11,40,10,7,0,4,25,0,29
108,12,42,0,180,115,57,27,44,28,0,0,56,31,81,0,52,0,0,42,56,26,7,23,47,0,0,3,0,3,0,17
0,5,0,20,29,72,0,0,16,0,69,63,74,32,16,34,0,25,2,39,0,16,1,51,125,10,23,0,0,67,0,54
100,0,42,34,51,0,27,42,0,0,0,124,0,92,16,116,10,0,16,15,9,18,0,62,147,3,8,0,12,22,0,14
38,0,9,18,44,0,0,0,0,39,0,0,0,49,16,249,14,38,0,0,13,8,16,57,39,0,0,19,0,9,52,60
42,21,30,0,21,0,15,61,26,68,0,25,17,56,26,210,236,0,0,5,0,3,0,12,28,0,0,12,0,0,45,145
0,0,50,11,0,11,0,31,32,16,5,90,28,0,48,178,97,0,17,47,0,0,0,188,0,0,29,43,0,11,8,184
29,4,0,5,79,14,97,16,58,63,0,0,33,55,51,22,78,0,8,0,0,9,1,73,57,0,31,21,24,9,96,76
0,13,44,0,83,57,25,74,48,23,17,43,4,51,139,20,75,9,0,0,4,8,16,17,20,0,17,0,24,0,0,0
0,58,94,43,42,16,2,60,34,115,107,6,0,31,149,28,17,0,0,0,0,23,6,12,0,4,0,0,26,0,17,0
0,17,7,85,10,166,43,7,154,0,63,61,5,58,3,74,14,12,0,0,0,9,57,19,0,14,0,0,41,4,0,0
0,39,58,51,0,0,4,34,0,11,36,0,77,22,29,19,219,0,51,45,0,0,0,7,0,0,0,0,22,41,0,0
0,61,63,14,48,29,8,19,0,26,92,0,187,60,0,119,127,79,0,0,0,32,48,8,0,3,0,21,0,0,16,16
88,6,27,14,16,8,0,13,4,54,68,42,28,48,9,161,65,36,172,3,0,0,17,89,20,0,29,0,8,0,0,0
0,0,31,59,30,0,35,39,2,7,6,101,9,0,63,98,128,11,115,9,0,4,64,70,87,0,0,0,0,45,26,67
0,0,20,12,12,0,23,16,0,2,23,89,74,43,171,201,45,8,0,0,3,71,157,117,115,0,7,1,7,0,9,243
0,24,20,0,21,43,8,0,0,0,57,56,13,68,3,134,161,68,5,12,0,0,255,185,31,22,0,0,0,0,0,63
133,0,15,5,33,24,0,1,5,3,0,0,107,181,206,171,140,0,0,16,0,0,21,26,5,0,79,8,46,0,0,0
0,23,67,0,0,0,0,13,9,17,0,0,82,77,113,246,12,17,0,11,0,3,0,26,0,0,16,32,0,11,19,0
120,27,8,0,1,23,0,8,12,2,0,16,150,142,71,80,0,15,0,0,0,16,0,0,0,56,0,0,24,0,40,13
0,0,0,2,0,29,0,0,18,37,52,39,217,225,196,0,0,36,0,0,0,0,32,28,0,1,0,14,0,0,0,54
0,0,0,2,26,0,26,20,19,10,2,68,180,138,116,0,0,0,0,10,0,15,165,4,0,0,0,56,35,0,20,33
122,2,4,5,14,0,0,0,0,16,0,74,70,4,2,48,0,22,45,45,30,141,46,44,0,0,106,40,200,36,5,42
138,7,53,21,18,5,9,11,21,0,0,0,51,0,36,4,3,21,215,224,36,33,94,0,0,0,96,195,26,2,36,0
0,0,0,12,0,0,33,0,0,0,16,0,0,0,0,26,0,80,10,32,63,95,34,0,0,15,0,19,7,0,24,35
149,5,32,13,15,0,4,0,0,0,0,14,23,0,0,7,0,49,205,98,79,58,0,30,19,52,0,0,0,16,0,0
40,10,0,21,0,0,13,6,10,0,0,13,13,0,0,11,0,151,240,181,131,58,10,36,46,0,44,12,23,2,0,0
126,0,0,24,0,0,30,25,5,0,0,33,0,0,4,33,0,245,114,208,96,0,0,0,0,45,0,0,19,6,0,0
115,8,6,0,0,0,0,27,45,0,27,18,0,0,0,0,16,9,44,72,38,0,9,0,0,0,0,20,0,33,22,0
0,24,0,0,0,12,0,0,0,37,4,0,18,0,0,39,0,5,7,58,0,48,0,0,4,0,0,22,2,22,0,0
120,6,30,10,47,16,51,32,68,120,0,15,0,0,0,0,0,6,0,12,0,0,0,24,0,0,36,10,5,22,0,0
41,0,48,17,24,76,109,30,82,61,12,0,6,1,27,13,0,0,10,0,15,0,33,6,0,5,0,11,16,30,11,16
0,0,6,0,46,0,0,66,30,11,80,21,2,12,14,0,0,0,3,0,26,23,30,0,15,0,0,0,0,3,2,9
82,0,18,42,79,0,0,52,64,0,19,8,60,42,0,0,0,0,30,7,5,26,0,0,13,0,10,31,28,37,0,0
0,16,0,22,0,15,29,0,15,40,4,0,18,67,0,0,0,20,0,0,0,8,18,9,0,0,0,0,0,11,0,0
0,0,0,12,33,48,0,0,29,0,43,116,11,0,24,48,19,1,5,0,0,3,0,0,16,34,26,0,17,58,0,3
53,42,0,0,27,43,32,0,12,4,9,5,0,0,4,0,27,0,4,22,1,0,12,29,0,36,42,0,98,38,32,18
0,0,20,23,46,12,47,49,0,0,45,32,0,30,0,0,24,0,0,20,8,0,0,0,0,0,0,0,9,32,0,0
0,6,15,0,1,6,69,63,34,13,34,96,0,0,0,71,8,0,0,10,0,0,0,0,0,20,0,0,18,30,6,5
0,0,2,12,28,0,34,0,6,6,0,0,0,0,45,2,0,0,0,19,0,18,0,15,8,1,14,0,0,7,17,0
49,7,0,25,86,0,28,0,8,0,122,0,0,94,0,0,0,0,0,0,0,0,24,23,38,79,0,0,0,34,0,0
15,29,48,66,0,43,36,50,0,31,107,45,0,0,39,27,1,0,3,2,0,0,23,0,0,37,11,0,22,26,13,39
109,0,22,22,24,13,0,0,81,65,0,13,38,28,17,34,0,0,0,0,0,0,0,46,0,0,17,0,0,0,0,43
64,0,66,22,0,1,74,8,13,0,43,4,59,58,10,8,0,5,14,23,0,0,26,6,0,0,0,0,0,20,0,5
65,180,9,4,38,0,21,67,3,104,42,120,232,77,0,46,43,0,0,0,30,49,9,0,0,0,0,8,28,17,0,0
63,20,0,13,3,0,0,26,0,124,183,105,102,1,0,1,0,0,58,127,77,16,0,0,0,0,0,20,0,0,0,36
72,26,0,0,0,0,0,21,26,108,71,137,6,0,86,1,32,18,194,202,1,0,0,14,0,23,22,0,33,34,15,0
19,20,0,0,0,6,0,0,39,48,51,39,133,200,51,0,7,25,60,0,30,0,20,7,0,0,60,77,3,0,37,32
177,15,0,0,0,0,0,13,0,0,6,52,2,24,10,6,29,151,0,0,43,0,0,34,0,9,141,0,0,15,1,26
18,3,0,19,0,0,11,0,50,0,25,0,63,49,0,0,39,23,5,0,0,14,102,251,220,0,46,60,2,0,20,13
83,8,14,0,33,0,0,28,60,74,0,82,9,61,10,0,0,0,0,12,0,56,96,51,5,0,0,8,0,34,56,14
40,0,9,5,0,0,0,186,73,6,16,0,25,0,21,4,0,6,0,8,0,0,0,8,0,26,8,0,1,0,8,0
0,0,0,0,0,23,5,0,93,45,99,7,0,13,0,11,10,0,0,0,0,48,0,5,14,17,7,2,23,0,0,5
0,21,0,0,0,29,43,17,28,62,59,5,77,98,200,0,150,11,5,9,0,7,26,0,17,1,0,20,9,0,0,41
96,16,26,0,23,0,0,26,0,62,0,176,246,220,98,137,115,74,12,26,22,5,0,36,142,80,43,3,38,12,20,0
167,13,26,14,0,23,20,25,68,26,15,138,189,195,5,177,110,0,13,0,19,140,198,157,19,0,12,0,16,0,1,28
57,12,23,5,10,33,20,0,0,0,0,7,36,4,143,27,21,1,0,0,0,62,117,20,13,0,0,0,16,0,0,28
0,0,42,28,13,0,0,25,0,0,0,4,0,0,28,0,25,7,0,0,12,0,0,18,0,0,0,0,12,0,33,63
0,7,0,9,0,0,0,32,1,0,0,0,0,30,2,0,2,3,12,18,0,0,0,0,0,22,0,0,0,29,1,0
0,0,2,0,0,15,45,0,19,0,6,0,0,34,12,0,39,41,25,6,30,30,0,0,0,8,0,6,0,0,0,0
0,0,0,6,11,0,24,0,1,4,6,17,0,3,24,47,252,12,86,0,4,0,0,12,0,4,36,0,0,7,2,0
0,0,13,0,32,0,0,35,12,38,20,12,15,15,27,225,146,141,0,20,0,0,2,7,0,0,18,0,21,0,17,0
14,0,0,7,35,0,51,28,24,14,22,40,0,0,9,18,0,25,2,0,8,0,22,2,0,27,0,15,0,0,7,0
31,26,0,0,23,16,28,19,181,0,0,6,0,0,9,1,0,0,0,0,16,35,0,24,7,13,0,0,0,0,30,0
0,6,0,26,29,7,14,0,29,53,27,41,0,0,1,0,0,0,0,0,0,60,0,0,8,0,0,0,0,21,7,19
39,0,42,7,64,0,39,65,27,6,36,0,29,4,0,7,1,0,0,40,3,0,0,0,3,13,0,0,0,0,0,46
0,19,0,2,17,0,56,0,5,0,52,37,2,37,0,35,0,2,11,0,20,0,0,9,47,18,45,0,0,0,24,11
8,14,0,0,14,58,37,0,0,23,29,90,0,0,0,30,48,2,23,0,0,0,0,22,0,0,51,9,0,1,0,18
0,33,7,0,0,35,0,0,0,45,71,0,42,57,30,0,0,0,0,0,0,54,41,0,0,0,0,53,4,0,6,26
0,3,0,0,0,0,24,54,49,32,7,0,0,19,0,0,0,6,0,0,0,7,22,3,13,1,0,0,0,36,0,0
52,0,0,60,17,0,0,48,39,33,0,37,0,0,26,0,0,0,4,17,0,0,4,12,28,16,0,0,0,4,45,0
0,58,0,13,107,3,0,0,75,13,0,9,0,0,29,54,0,0,32,9,20,0,0,12,29,0,0,0,18,39,14,0
0,49,0,177,31,24,0,60,0,2,7,0,21,18,0,19,1,35,0,13,4,0,48,0,22,14,0,25,0,2,0,8
1,0,86,139,75,43,37,13,66,52,0,37,169,5,66,19,2,1,0,10,6,38,15,0,4,17,13,3,0,5,4,11
77,42,29,188,10,119,0,32,22,23,87,236,7,65,3,0,0,32,0,0,0,34,6,0,8,29,0,126,38,10,0,0
70,20,185,195,0,106,97,28,19,111,39,98,106,102,25,33,0,12,0,68,0,0,21,6,0,0,15,0,0,0,0,13
0,10,90,58,38,119,0,113,32,0,116,71,113,9,0,12,25,105,159,23,11,92,0,0,0,34,0,0,0,0,40,0
0,8,0,0,13,23,63,62,72,77,31,32,48,0,0,218,101,39,184,27,61,93,30,17,0,4,0,0,0,0,5,65
58,174,28,0,7,17,7,0,0,12,16,134,4,12,28,13,131,0,26,49,57,31,41,9,0,0,0,0,26,0,16,46
26,189,194,25,0,7,0,35,0,0,0,0,112,21,6,44,13,0,9,0,11,0,20,31,19,7,0,0,39,0,0,0
70,144,16,8,245,0,0,26,0,0,13,93,26,0,19,26,53,66,29,0,0,65,0,49,39,6,62,0,24,0,3,87
14,58,17,67,33,13,82,24,47,8,30,6,1,0,2,15,84,42,249,49,46,0,15,11,0,0,19,23,19,3,23,0
0,0,55,0,25,5,25,195,5,49,0,0,45,0,0,188,68,208,89,24,0,22,0,0,0,0,0,30,68,0,12,0
8,0,0,7,20,36,224,74,144,0,32,38,21,0,3,156,7,36,27,110,12,0,0,0,8,0,32,0,6,28,7,0
24,0,0,34,17,4,0,77,142,41,90,34,0,0,0,18,57,63,185,83,2,22,0,0,27,0,61,0,20,16,0,0
0,16,0,0,0,0,55,27,74,57,36,60,0,0,28,7,40,0,64,27,57,18,14,0,21,0,24,0,15,1,36,0
0,8,2,0,0,5,13,0,11,3,61,7,20,139,30,0,29,5,68,99,0,14,0,0,4,10,18,46,0,0,10,1
0,9,4,3,8,0,6,0,0,39,0,0,61,116,27,13,0,0,0,0,19,19,1,5,4,0,0,0,29,7,10,0
0,21,0,0,0,16,28,12,1,0,4,7,116,0,0,23,0,0,0,15,20,0,68,3,37,44,8,16,0,0,60,30
0,0,21,0,73,96,78,0,0,11,4,2,60,7,35,0,0,32,0,0,0,0,0,41,0,0,0,17,0,15,0,0
0,23,0,87,167,65,32,27,7,6,14,0,16,75,26,14,2,15,0,0,28,0,0,32,0,0,0,58,7,18,0,0
74,0,0,2,146,125,14,10,9,0,10,0,0,0,0,0,0,4,5,5,21,0,3,0,0,0,0,0,12,18,0,0
0,3,0,7,59,0,8,0,0,0,0,0,0,0,21,0,0,10,0,0,0,24,33,0,0,8,0,39,0,5,0,21
0,0,30,4,22,49,0,0,0,23,0,0,25,11,10,0,13,10,12,0,0,43,14,0,18,0,0,0,0,0,1,13
0,0,51,5,27,0,57,6,22,42,0,9,21,23,3,0,0,0,0,0,0,0,0,19,0,0,11,0,0,0,0,0
0,24,253,24,0,0,69,47,83,0,41,8,15,0,19,12,0,0,22,40,6,0,0,3,0,0,0,0,19,0,6,18
0,0,88,43,13,0,2,3,62,11,38,0,0,138,8,0,21,3,5,0,19,0,4,0,0,0,37,26,0,0,0,0
5,0,92,17,0,109,43,50,41,6,0,0,167,0,0,32,0,0,26,0,0,25,0,0,14,3,0,0,0,0,20,69
0,0,56,180,0,0,16,0,50,0,39,128,173,0,0,19,0,0,0,0,31,51,104,0,0,15,0,32,16,0,0,15
65,2,254,64,16,33,0,19,0,33,116,204,21,28,0,0,9,0,0,0,83,44,50,22,8,0,26,0,0,0,0,0
0,0,146,113,28,15,0,16,11,0,59,44,17,19,0,0,0,19,25,73,154,23,0,0,83,12,0,0,0,0,0,0
28,7,6,30,16,19,3,0,5,72,126,16,0,0,0,73,6,0,1,62,26,22,16,0,0,6,0,11,0,0,0,64
30,0,57,129,0,0,0,0,6,36,133,98,20,0,34,59,4,65,9,33,33,0,0,0,8,28,19,0,0,11,0,0
61,0,0,20,0,3,9,1,23,0,2,2,7,21,0,0,9,0,23,0,60,8,0,9,0,0,9,0,8,0,4,0
0,19,0,69,101,17,0,0,0,16,32,12,0,0,7,0,0,18,26,0,16,0,0,106,0,0,0,0,0,0,0,35
34,31,0,78,248,3,5,0,7,33,26,36,0,0,29,46,37,17,6,0,200,198,23,3,0,11,60,0,0,63,0,0
0,9,36,191,54,215,0,0,42,16,18,19,26,0,0,0,0,7,102,97,80,12,12,7,31,23,23,74,0,0,0,17
53,0,0,177,6,22,20,0,0,65,134,193,163,7,5,0,23,0,24,88,114,35,33,0,7,31,26,0,0,0,0,4
3,8,22,69,45,58,26,45,0,0,215,101,176,100,18,0,24,21,15,65,66,0,0,24,46,0,13,0,21,1,6,0
0,0,86,39,53,26,0,0,29,69,97,87,27,0,5,11,0,7,87,26,96,0,0,4,0,0,4,26,5,0,1,35
0,25,28,68,0,2,0,7,43,16,53,75,0,0,0,30,0,0,45,35,0,31,0,14,0,0,0,0,0,59,16,12
33,3,0,26,0,0,48,0,40,66,0,66,0,8,0,0,10,158,177,14,24,28,0,11,24,0,0,0,0,5,0,43
0,0,37,27,2,6,0,0,0,31,91,35,24,19,21,40,0,152,91,39,16,8,0,0,2,17,29,0,40,0,0,0
11,12,0,36,0,8,12,16,0,0,11,4,0,0,0,69,92,29,0,0,17,27,0,0,0,32,0,22,9,0,31,0
0,0,0,39,43,0,0,24,0,0,0,87,0,14,0,18,59,0,0,18,4,0,36,14,0,4,61,24,15,0,0,0
84,0,20,0,39,14,35,23,135,27,60,218,237,0,9,142,20,6,0,0,0,0,0,4,0,0,0,6,0,0,9,0
0,4,0,24,6,16,0,44,44,120,58,161,135,0,0,0,12,3,54,0,0,0,0,19,0,0,13,3,0,29,34,60
85,26,50,6,0,4,0,4,67,91,173,55,55,2,27,70,3,0,14,59,20,1,7,2,0,0,0,10,49,34,0,20
65,7,0,0,0,40,0,0,0,22,44,26,45,0,0,16,10,0,7,0,33,4,56,0,29,29,0,9,3,0,13,0
46,28,19,0,0,49,0,1,9,21,19,14,0,0,0,0,0,24,0,0,7,7,0,0,0,0,0,0,41,0,52,0
97,0,0,2,4,0,26,80,12,0,41,38,8,10,5,0,0,12,23,0,13,0,1,0,0,0,31,2,0,5,31,54
0,20,3,0,93,1,32,0,0,19,2,0,7,3,41,0,0,2,0,9,0,24,16,0,23,0,0,1,5,0,13,1
58,35,10,0,0,44,3,0,3,30,59,14,7,0,11,13,0,0,14,0,0,32,11,0,0,24,0,0,0,23,1,0
0,24,5,12,10,0,0,10,0,0,0,0,0,0,25,0,0,10,0,11,0,0,0,11,4,0,0,5,0,0,17,0
37,0,0,0,0,1,0,6,0,0,11,0,0,0,22,43,22,0,0,0,0,0,0,0,0,38,0,0,0,1,22,0
0,4,0,0,0,0,0,0,0,17,0,6,0,0,0,18,8,0,21,28,5,14,18,14,7,0,0,29,0,0,12,0
