0,64,0,0,8,0,45,22,0,4,0,0,12,0,0,36,4,245,105,48,0,0,46,36,0,4,6,36,168,196,0,0
17,6,19,0,16,4,0,0,19,16,65,0,57,16,0,0,28,250,117,10,34,14,55,6,33,26,5,44,45,0,28,0
23,28,0,5,4,0,0,20,18,8,4,22,13,0,23,8,68,41,128,9,0,0,0,0,29,0,234,48,0,0,20,22
39,13,66,0,0,0,27,0,30,0,0,0,12,0,0,0,223,4,27,0,3,31,8,18,17,69,3,38,45,70,37,0
126,0,4,0,0,0,0,3,19,19,2,5,14,0,10,8,226,49,22,0,0,0,0,0,0,115,67,49,11,0,0,0
0,23,36,47,0,0,0,15,14,0,5,0,33,2,20,25,137,64,79,27,63,7,0,215,51,13,34,9,0,78,0,0
134,20,0,7,55,0,0,0,0,0,25,30,21,53,25,45,4,33,0,0,0,16,0,0,103,14,30,70,194,62,0,103
0,0,0,0,0,0,9,0,69,6,0,37,66,0,24,0,31,28,41,53,4,0,26,17,16,9,38,138,108,64,16,122
0,49,0,52,36,0,0,0,9,0,17,41,0,12,0,15,0,104,12,0,0,2,0,11,0,69,152,237,66,39,33,4
0,54,49,5,0,0,0,0,0,0,0,22,37,50,197,78,41,26,64,66,0,0,14,28,39,8,41,44,181,76,0,0
147,0,0,19,13,0,5,28,9,0,17,20,98,132,192,194,86,17,27,75,36,23,29,0,32,1,15,16,45,222,0,30
14,15,40,17,11,9,17,26,0,0,0,45,3,0,158,85,61,135,194,104,69,0,46,0,1,0,22,137,6,43,155,109
7,0,8,75,0,1,0,11,0,10,69,39,11,0,55,119,49,0,85,53,0,3,0,16,0,0,0,10,15,158,95,55
13,0,0,26,14,0,0,17,69,13,35,15,5,37,4,0,16,37,0,0,0,0,47,6,17,17,38,19,13,0,8,117
72,0,0,0,0,6,0,0,16,8,0,0,35,25,0,0,5,13,13,21,16,0,0,11,0,8,0,0,0,5,28,65
0,0,0,26,5,0,0,21,20,4,18,6,28,16,0,3,0,0,0,0,0,8,17,1,3,3,16,0,0,5,0,47
0,0,0,41,2,0,0,1,19,118,0,0,0,24,0,39,11,12,21,6,0,16,0,0,0,2,11,0,7,1,0,52
0,0,18,6,38,3,0,0,202,101,210,41,0,0,12,32,17,15,22,0,2,0,0,6,0,0,16,0,12,0,0,65
140,37,0,0,23,3,0,0,76,30,193,99,56,16,27,0,0,20,0,28,42,0,46,39,38,2,29,0,0,0,0,4
0,45,16,12,0,0,8,10,16,66,206,65,25,36,0,2,0,2,0,12,16,16,0,26,30,0,15,0,9,0,0,17
0,6,0,0,0,34,0,0,10,25,129,75,0,5,8,19,0,0,0,5,0,16,0,9,0,8,11,48,38,1,23,0
28,35,0,9,0,2,28,34,9,9,0,94,2,0,0,23,3,0,24,0,9,0,0,9,0,0,49,0,18,16,0,0
0,28,59,0,0,30,34,0,28,9,61,27,6,0,3,26,0,7,24,8,10,23,21,0,0,0,0,0,3,13,13,12
0,0,16,0,9,0,2,48,0,33,0,0,0,9,0,0,0,0,0,23,6,17,32,0,16,17,0,0,1,4,23,0
0,29,25,0,16,48,15,50,0,0,0,0,0,11,0,14,0,0,16,0,1,7,19,0,18,0,2,0,10,4,0,0
0,0,0,0,0,32,0,0,40,4,0,6,0,40,7,0,0,0,12,0,14,0,0,7,0,0,39,61,0,0,0,2
0,0,0,31,0,0,6,0,0,0,0,20,0,0,4,36,0,0,0,28,0,0,0,26,0,0,0,10,1,16,0,0
0,0,0,7,20,40,0,29,0,0,9,17,0,25,0,0,10,0,0,0,22,0,0,0,16,6,11,19,0,27,0,20
0,0,3,8,0,33,0,36,0,20,33,0,0,0,0,0,1,0,0,13,0,23,24,2,31,8,0,26,0,21,1,8
0,46,16,0,14,0,33,33,0,0,26,53,0,0,0,16,0,2,8,20,0,0,0,14,0,0,26,0,26,10,0,15
0,0,0,0,36,0,17,0,27,20,34,3,0,17,0,15,0,11,0,0,0,0,30,33,25,0,25,42,0,0,0,23
39,0,0,0,1,0,11,0,0,0,43,0,0,3,0,0,2,0,11,0,5,23,0,13,0,11,3,12,13,8,0,56
76,0,3,7,0,0,16,227,152,221,46,0,11,0,0,45,0,0,0,8,0,0,2,0,19,0,0,0,51,0,0,61
0,0,0,0,0,48,173,100,222,135,11,29,14,11,22,24,27,9,37,0,0,6,30,21,13,7,15,0,8,10,2,42
22,13,53,10,40,8,224,119,31,53,3,144,4,150,63,103,18,0,19,0,15,57,0,0,40,22,0,1,37,0,0,56
0,0,0,0,9,13,193,22,80,23,10,28,41,59,0,54,5,11,0,40,61,37,0,92,23,50,2,67,13,0,16,67
0,0,18,8,0,0,201,34,3,15,0,33,3,30,0,35,0,10,83,88,53,0,9,42,87,54,72,41,54,7,0,0
2,0,4,16,0,34,48,2,0,0,0,10,25,0,0,0,11,27,22,90,28,9,7,10,54,65,53,8,0,34,0,41
0,0,0,0,7,0,0,0,22,0,9,0,24,14,10,17,8,42,28,21,0,0,48,0,43,48,109,0,11,0,11,53
1,11,23,0,0,32,0,0,63,13,20,0,15,43,56,0,20,19,0,8,15,37,216,0,0,0,33,124,0,60,9,52
11,48,0,30,20,0,0,52,5,0,0,0,11,74,79,29,7,29,18,19,185,0,46,71,13,51,12,0,66,30,0,72
0,24,0,0,15,0,68,30,49,0,71,44,45,79,15,102,30,0,0,55,191,39,14,0,0,10,60,17,59,17,64,8
0,21,11,0,35,0,111,100,3,9,93,227,130,98,43,30,22,0,9,137,52,0,7,19,4,0,0,78,38,40,0,0
0,0,0,0,0,0,73,31,0,0,248,255,26,14,27,68,80,35,21,14,3,0,0,0,0,6,5,0,25,2,16,21
12,64,19,3,0,0,0,13,0,0,11,25,0,16,121,165,0,8,112,16,21,0,0,6,3,47,11,0,22,67,0,25
0,98,0,0,6,0,0,23,0,27,7,0,25,49,0,0,49,0,0,27,0,0,5,3,0,3,0,0,11,18,20,34
0,32,4,0,1,11,0,77,16,0,0,0,0,14,0,0,105,78,1,0,35,37,0,0,14,39,0,0,0,0,9,24
0,12,0,0,0,0,0,76,75,0,0,26,24,0,4,17,34,12,0,8,42,0,64,0,48,25,0,23,0,0,28,51
3,0,40,0,128,28,86,74,19,0,0,11,0,1,0,30,78,0,17,16,5,16,2,11,26,3,0,0,0,23,8,32
37,127,7,50,65,24,57,214,19,17,12,13,0,16,23,36,60,12,4,0,2,0,0,0,20,6,0,22,25,32,18,24
57,0,28,78,198,22,89,63,119,58,112,0,0,9,0,8,22,0,16,29,3,0,18,2,37,0,4,12,7,0,0,2
128,0,82,189,53,197,251,201,23,23,30,41,0,67,34,82,5,14,0,0,0,4,0,4,22,0,19,0,23,0,1,8
32,0,53,197,185,108,179,80,7,0,1,3,5,91,203,47,44,14,20,53,22,26,0,13,0,0,0,25,0,0,20,16
59,0,0,23,158,18,33,130,44,38,0,0,19,1,167,0,0,7,2,0,0,0,0,0,9,0,8,0,0,16,0,0
0,0,15,129,249,106,33,0,0,16,0,38,8,74,0,59,2,0,0,8,6,23,18,2,0,0,0,27,0,16,0,16
0,62,0,0,105,212,87,0,0,3,33,25,0,0,9,20,6,11,48,0,0,0,42,0,21,44,0,13,25,0,26,11
0,0,0,8,8,47,0,0,0,5,0,0,0,0,26,0,15,0,0,8,0,8,0,0,0,0,0,10,5,5,0,9
31,40,0,0,0,36,0,0,1,4,0,0,4,3,8,0,0,20,0,0,0,0,29,1,5,4,2,10,7,3,0,0
0,32,0,0,0,48,0,0,0,0,31,0,0,0,19,17,14,6,0,8,9,1,14,0,0,0,30,0,0,34,0,1
0,16,4,1,0,0,0,17,20,1,0,0,0,21,14,8,0,0,0,37,25,0,0,0,7,3,0,0,12,30,3,0
0,0,0,0,0,0,0,18,36,0,0,3,0,0,0,27,0,0,11,29,0,12,0,0,4,25,1,0,11,10,0,0
0,0,28,0,0,37,0,0,0,10,0,31,5,2,0,6,0,1,6,10,8,0,0,0,20,24,0,0,0,13,0,33
0,32,4,0,0,0,14,20,0,0,0,0,0,0,0,43,0,0,16,0,13,0,6,0,8,42,0,2,13,14,1,0
0,4,41,0,0,21,0,0,8,13,0,0,0,0,10,0,0,1,26,2,8,0,7,1,16,25,11,0,25,0,14,35
86,59,0,0,0,0,0,12,84,117,6,0,19,0,0,0,8,17,0,6,43,0,18,9,4,0,1,0,0,0,6,0
18,38,42,7,30,18,0,188,150,30,37,34,0,0,30,9,0,15,63,0,22,21,53,0,0,0,22,27,0,12,26,9
0,24,10,35,123,28,0,52,189,45,0,7,0,20,0,0,27,37,42,27,11,4,1,2,18,12,0,0,11,18,15,56
0,1,99,89,67,30,40,71,61,0,0,3,72,0,16,32,39,4,16,0,30,0,28,0,0,16,0,0,0,39,0,63
0,0,2,0,28,0,0,0,21,8,68,0,0,0,0,44,9,14,0,2,0,22,37,0,22,30,24,0,55,24,18,4
0,4,9,12,5,5,33,38,2,23,0,0,42,34,3,37,42,8,1,9,34,10,5,0,0,51,0,0,0,26,0,24
0,13,1,10,0,5,0,0,0,15,0,0,0,26,11,29,9,0,0,15,0,19,0,0,14,10,73,0,16,0,0,47
93,46,0,0,0,0,0,57,0,0,27,20,0,0,22,0,8,0,3,25,1,10,30,2,5,0,0,9,55,0,28,56
20,0,0,0,58,0,0,42,39,28,0,0,25,23,69,0,2,14,0,19,29,3,12,0,15,0,14,27,37,0,14,17
18,0,0,0,0,20,29,7,0,0,0,5,52,27,53,0,11,0,11,0,7,0,14,8,7,0,19,39,0,11,29,89
82,15,0,0,19,31,27,0,0,0,82,100,35,40,92,48,0,0,16,23,0,5,0,0,0,33,0,0,77,0,0,29
98,0,0,19,1,22,0,0,26,19,13,0,40,230,44,7,0,46,20,52,33,0,0,7,0,22,8,28,24,11,0,7
76,33,0,0,0,0,0,0,6,0,0,28,112,218,4,0,30,0,4,6,0,28,0,4,0,42,68,49,0,0,19,42
190,19,0,22,2,0,29,48,0,0,0,45,85,66,0,21,46,18,0,18,0,0,6,0,0,33,0,0,4,18,0,24
198,55,0,0,18,21,17,0,39,0,39,7,160,229,3,0,164,136,7,0,31,0,0,16,0,28,38,0,0,3,25,34
148,235,3,0,9,0,9,0,0,0,0,17,0,0,5,12,60,222,0,5,0,0,5,27,1,0,19,0,0,0,19,0
18,4,1,14,0,24,5,38,24,0,26,0,27,0,0,0,35,206,8,7,6,0,0,0,1,21,8,2,35,12,0,0
24,10,0,0,1,23,8,0,7,28,0,0,0,39,17,28,30,134,0,0,0,16,27,0,0,0,5,30,29,0,0,40
0,15,33,9,0,0,0,0,0,21,38,0,13,11,0,0,23,67,0,27,0,0,50,19,0,0,0,0,0,6,19,15
0,29,20,65,17,22,0,0,0,17,0,13,0,8,7,0,0,0,48,37,8,4,7,52,11,0,0,0,55,0,0,0
34,0,17,8,0,35,22,1,222,0,26,85,30,10,7,0,0,19,0,20,5,0,29,0,0,0,0,22,0,21,4,0
0,1,26,57,178,0,0,36,139,0,0,27,152,7,9,0,5,7,6,1,0,0,19,0,0,7,1,23,0,0,0,14
11,0,16,45,28,76,52,17,35,0,0,0,113,56,29,0,0,20,0,15,0,0,0,14,39,0,16,28,0,0,0,0
0,0,0,9,0,0,37,0,34,6,16,0,23,9,92,11,2,8,0,16,0,15,29,18,14,0,19,3,1,0,0,0
0,0,0,0,8,0,6,0,37,0,27,48,0,53,0,0,7,22,2,0,0,0,0,5,0,0,0,23,19,0,16,48
7,0,20,0,0,32,6,1,0,8,20,46,67,20,48,0,0,9,17,23,14,0,0,0,0,28,1,17,0,21,1,0
0,20,0,0,0,15,0,0,0,0,0,0,50,0,8,12,0,12,0,0,0,0,6,5,0,19,0,0,8,12,0,36
18,0,41,23,32,0,1,0,1,17,0,23,17,0,0,23,0,0,0,0,18,0,11,7,23,3,24,18,0,3,0,25
1,21,0,0,0,13,28,0,23,0,0,3,2,0,0,22,0,2,34,5,1,0,0,0,11,0,0,2,0,0,0,0
3,33,31,2,0,21,0,17,17,0,0,0,0,36,0,4,8,0,0,14,9,18,0,0,26,0,0,0,0,0,28,0
0,0,0,0,15,0,8,38,0,0,0,13,8,0,1,0,11,9,0,19,4,0,0,0,0,46,0,16,32,12,4,0
0,0,40,0,97,39,17,9,0,0,4,12,35,0,15,21,17,0,6,10,3,1,41,13,12,27,4,15,0,7,0,0
138,26,0,0,28,13,109,65,68,53,38,30,37,21,0,32,11,7,5,0,38,42,41,0,7,0,0,0,0,0,0,28
24,0,32,6,12,50,108,0,67,77,0,32,32,36,13,3,32,0,0,7,3,12,11,9,5,0,2,22,6,3,40,0
79,0,9,20,5,0,40,39,0,17,2,27,14,0,0,0,4,12,6,0,0,1,0,7,22,25,7,40,0,7,0,28
31,38,34,7,23,13,0,26,26,20,27,4,4,5,4,0,11,30,48,0,14,0,0,33,0,30,7,13,0,6,25,7
180,0,0,44,0,5,60,22,50,9,45,0,7,16,0,57,0,1,27,0,20,29,0,1,66,27,0,5,30,44,28,8
23,0,0,23,36,0,18,46,0,0,3,19,0,0,55,23,16,0,13,0,36,0,32,0,38,19,88,0,22,38,0,17
0,0,0,9,0,0,0,8,0,2,5,0,0,32,0,0,0,0,0,22,0,25,31,22,1,0,0,37,33,5,0,53
0,39,0,0,0,0,0,27,21,18,2,0,0,0,57,3,0,0,0,0,56,0,0,25,9,4,0,63,41,0,31,45
0,16,17,13,0,0,4,0,0,0,13,97,0,0,38,29,0,4,0,10,0,8,0,0,0,72,0,46,32,0,34,27
35,8,0,32,0,0,0,0,56,11,0,0,0,38,18,20,0,0,2,2,7,0,0,1,0,0,4,5,38,23,48,0
0,0,0,8,0,31,0,0,0,5,0,0,0,5,82,66,66,0,0,47,0,0,19,0,36,0,0,0,18,0,10,0
0,10,31,0,59,0,5,0,14,21,0,9,30,27,0,20,16,0,22,37,31,0,36,15,26,12,0,3,8,1,18,14
0,17,60,41,24,136,41,0,28,43,0,0,45,0,61,151,60,0,9,0,42,45,0,0,20,7,0,13,30,36,28,0
83,91,10,31,0,49,160,57,5,30,48,0,13,20,17,6,85,70,14,14,9,0,57,16,17,0,21,2,0,0,0,0
94,61,82,38,87,145,9,76,12,0,16,0,0,12,40,0,14,47,16,0,0,0,18,0,5,47,8,5,1,0,33,12
37,0,36,0,59,11,0,14,69,109,14,0,7,35,6,48,76,165,0,35,76,22,18,22,127,5,0,0,0,0,8,41
0,9,13,74,59,4,113,0,0,156,0,20,0,0,0,36,4,80,8,0,92,60,60,230,179,0,4,4,5,23,3,0
0,6,1,67,80,0,110,70,217,62,41,30,0,0,10,39,65,94,94,58,53,4,51,107,65,11,4,0,63,46,22,32
0,0,0,43,0,10,6,21,33,14,26,0,0,0,1,0,2,0,17,4,25,86,63,83,172,0,15,1,0,10,0,7
0,0,7,0,12,0,11,80,43,62,0,55,67,14,0,0,20,0,0,45,48,23,143,224,29,28,27,30,0,7,13,0
81,5,0,0,41,0,0,0,0,0,0,46,22,85,0,0,0,32,22,0,78,91,0,8,6,46,60,18,25,28,27,48
36,11,0,0,8,0,0,16,0,0,38,0,11,0,0,9,31,5,17,3,48,6,3,0,38,113,90,45,51,0,58,48
56,5,0,25,0,0,0,2,0,0,0,1,18,52,0,0,65,16,0,0,0,39,17,0,1,73,193,194,53,1,0,17
48,0,12,26,0,0,11,42,20,16,0,0,23,73,0,0,59,14,0,0,21,0,0,22,0,27,12,96,39,0,0,0
46,3,5,0,16,0,3,3,6,0,0,17,17,48,126,206,19,89,182,47,6,31,9,0,0,47,4,4,36,13,0,49
48,0,5,42,0,0,26,0,0,12,0,0,1,29,111,161,0,0,0,19,0,0,61,25,18,0,0,24,8,0,20,0
0,0,14,12,0,26,0,26,25,2,19,0,0,3,9,0,0,0,0,3,6,17,37,0,7,0,1,0,5,0,23,0
32,0,0,0,22,11,0,28,0,25,6,0,8,26,2,10,1,0,0,5,12,13,0,0,0,19,43,30,10,0,11,4
60,0,0,34,1,11,0,2,0,1,15,0,13,8,0,28,0,20,2,0,0,0,9,21,0,4,11,0,0,10,8,0
0,23,11,0,38,21,32,0,34,19,14,0,7,18,1,0,0,13,0,14,0,0,43,0,19,0,0,10,27,0,31,1
0,5,1,3,23,0,0,6,38,0,18,0,0,26,0,0,0,16,11,4,13,0,21,11,0,4,13,0,0,17,16,0
0,42,0,0,0,21,5,0,11,13,9,0,0,0,0,17,22,7,0,2,0,0,2,0,7,0,35,11,27,0,3,36
0,0,39,17,46,0,43,34,37,65,0,0,34,11,0,0,15,18,0,38,0,0,20,17,0,6,36,0,18,0,16,0
0,11,0,0,0,31,36,5,40,74,0,3,5,0,0,72,13,26,0,15,17,26,0,1,6,1,88,22,28,0,42,0
0,16,0,4,38,0,8,48,28,41,2,11,0,2,0,0,17,17,37,16,21,69,0,0,8,0,0,35,0,7,32,0
68,0,0,5,39,0,48,80,21,3,16,0,32,3,0,13,49,0,0,0,2,0,26,18,30,24,26,33,29,0,0,21
76,21,44,17,18,0,19,0,0,4,0,26,0,0,6,0,1,7,0,0,0,0,0,0,33,0,83,0,52,50,0,26
0,2,0,18,0,38,0,0,19,1,0,49,4,0,17,12,0,0,0,21,10,0,0,14,11,25,85,0,0,0,0,7
0,0,13,42,60,0,0,0,0,0,0,71,19,0,0,0,12,0,0,15,0,0,0,0,13,28,177,0,0,11,0,60
0,32,11,0,60,0,0,23,23,0,0,23,0,0,9,0,36,110,21,0,33,11,30,1,0,0,152,103,0,0,30,18
0,26,0,5,0,5,0,0,11,0,0,0,13,0,9,119,130,0,11,0,17,15,10,86,2,30,62,0,0,23,16,10
0,16,0,25,20,21,55,0,0,0,11,13,5,0,16,20,55,87,0,0,25,13,0,0,52,120,65,43,0,9,6,2
0,51,0,15,0,18,0,4,10,27,33,0,34,15,90,0,142,165,35,0,0,65,0,0,39,154,0,89,0,0,5,0
38,0,32,7,0,25,0,0,14,15,11,0,20,33,84,0,51,72,0,0,5,36,20,0,145,119,0,48,0,13,0,0
0,4,50,16,0,1,0,16,14,16,31,23,0,50,29,0,47,117,43,78,53,0,0,0,246,58,0,1,0,0,0,134
28,15,0,0,0,0,54,1,0,18,32,54,4,83,0,33,32,144,0,0,0,0,42,4,121,5,0,30,42,8,129,119
0,62,27,0,10,24,13,30,0,0,0,0,166,134,50,24,83,34,0,0,0,0,48,33,19,9,0,12,87,79,98,0
7,0,1,4,41,40,40,65,72,54,16,19,18,0,36,22,18,17,0,9,0,7,0,22,13,0,0,0,0,160,0,0
6,9,0,35,16,12,27,0,17,0,15,53,17,7,0,26,0,42,8,6,0,0,13,0,0,28,0,0,0,0,0,72
135,0,0,7,11,33,30,40,31,11,0,10,55,7,13,0,0,252,74,35,46,6,0,0,23,9,56,0,9,37,0,254
99,0,8,0,60,62,45,0,26,1,62,74,9,0,30,19,12,157,118,13,0,0,0,0,0,15,0,0,0,42,5,75
59,0,0,0,0,40,0,0,8,28,0,0,0,60,14,0,0,80,5,0,0,0,0,68,0,5,0,1,30,18,0,0
59,8,0,0,13,0,37,0,42,0,0,0,0,8,6,23,2,15,0,31,5,19,0,0,0,0,0,0,0,0,13,5
0,10,18,21,5,6,0,0,0,19,0,6,32,11,30,23,17,0,24,0,0,25,0,7,29,0,3,16,42,0,0,21
25,37,0,0,0,16,0,0,4,0,19,0,0,23,9,0,0,17,14,0,0,0,0,0,0,0,0,4,7,3,0,0
7,7,2,0,1,0,6,41,24,0,0,35,0,0,0,0,5,12,34,0,14,14,0,0,0,0,0,8,0,0,0,0
41,0,0,18,0,0,0,44,0,14,8,0,0,0,0,0,27,12,0,12,0,0,2,8,0,0,0,19,12,0,4,5
0,5,7,13,0,25,45,4,0,4,0,0,36,0,34,18,21,11,25,0,12,0,31,0,27,0,0,0,0,0,13,19
0,1,16,6,28,21,9,1,4,0,11,19,0,0,52,0,0,0,0,0,0,0,28,0,6,21,0,0,1,6,0,0
30,0,7,32,26,4,26,6,0,0,24,0,21,0,29,0,0,9,0,22,0,8,4,0,0,0,0,38,0,11,0,3
17,16,0,30,37,0,43,12,21,0,32,0,9,4,34,0,16,0,35,0,7,0,0,0,0,0,0,12,9,20,17,7
0,4,0,0,10,0,0,0,0,29,0,41,0,0,1,2,0,0,0,18,0,0,1,6,0,13,2,4,17,27,1,16
0,16,4,0,0,27,0,0,17,0,0,0,0,9,8,0,2,0,6,37,0,0,40,7,0,0,0,20,8,3,0,0
0,0,0,5,14,20,5,16,0,0,0,0,0,0,7,0,19,0,37,23,0,0,0,25,8,0,12,17,0,16,0,1
184,0,16,0,0,50,7,0,44,37,36,7,20,0,0,46,164,56,29,0,24,35,0,2,0,6,0,149,162,46,26,86
0,0,1,16,3,17,48,0,53,22,0,0,0,8,10,145,167,109,0,0,0,26,12,0,0,41,0,37,81,16,41,9
133,45,0,15,34,3,0,0,30,27,65,26,20,3,9,51,59,60,118,5,0,8,0,2,62,77,57,6,0,0,19,19
0,29,6,35,2,0,0,15,38,0,0,0,10,0,70,43,134,3,60,19,3,7,0,70,16,74,67,0,21,0,45,196
113,0,28,0,0,30,0,18,5,0,0,20,0,10,71,82,153,0,23,21,0,2,22,113,112,22,17,0,26,64,0,100
0,0,21,0,0,10,0,0,0,3,14,0,0,0,32,81,62,97,26,0,8,81,139,0,0,0,0,23,48,50,27,40
105,0,18,0,19,30,35,19,8,11,0,22,0,0,24,17,50,27,11,42,20,0,31,0,5,36,126,17,60,8,4,66
52,0,0,15,27,0,0,0,27,0,0,0,52,28,0,0,37,25,0,0,23,11,30,32,0,144,244,198,74,4,30,0
0,30,0,0,0,21,16,0,0,27,32,0,35,12,0,20,0,50,0,0,39,14,0,0,42,213,112,200,0,0,4,216
0,42,0,0,0,35,0,23,30,7,29,3,28,29,0,0,0,10,0,3,33,11,28,0,35,0,0,32,0,33,0,32
0,9,0,35,0,45,0,28,0,1,4,0,197,188,91,31,8,5,0,14,24,7,29,0,12,23,24,50,160,9,0,4
0,0,8,7,2,46,0,0,0,0,0,4,23,109,164,1,71,44,0,0,0,0,31,21,0,0,189,152,53,36,0,25
196,18,0,0,21,4,10,0,0,0,0,41,59,71,62,0,91,14,157,0,22,3,30,0,14,25,0,0,63,107,52,0
0,0,0,23,0,0,20,0,28,0,0,39,0,0,9,22,3,8,77,73,9,0,39,2,0,17,14,0,48,46,137,112
0,53,0,29,68,25,0,28,0,0,0,0,0,24,18,0,0,0,0,40,0,40,15,14,22,0,65,19,54,23,102,41
17,0,0,0,9,0,0,67,57,4,68,0,26,0,23,0,14,0,3,0,10,18,0,0,0,35,33,27,0,0,0,100
0,0,0,7,8,0,0,56,42,0,0,5,26,22,0,0,29,0,0,18,0,0,0,0,0,31,0,0,9,1,0,0
0,0,0,17,48,28,100,85,186,70,37,0,0,16,24,27,0,0,0,0,0,47,0,4,0,0,0,0,0,0,0,67
46,0,0,7,72,26,38,34,29,135,0,0,0,0,1,0,4,0,13,20,0,36,14,10,15,0,8,0,0,0,11,0
50,0,13,33,0,0,0,90,213,81,14,12,7,0,16,0,38,0,0,0,29,0,28,0,0,0,0,0,7,0,0,0
0,0,0,0,44,0,0,91,183,48,24,0,0,0,0,18,1,0,10,3,0,0,0,14,4,0,0,0,0,33,0,61
0,0,0,13,0,26,0,0,51,41,40,0,4,0,14,0,0,22,0,0,0,2,37,32,38,0,0,0,0,10,0,49
56,0,0,0,46,0,2,11,17,0,6,6,18,36,0,35,0,23,0,2,26,14,0,0,0,0,0,12,0,1,0,0
0,0,0,1,0,0,0,0,0,0,0,0,29,1,0,0,0,13,27,0,0,18,0,35,14,0,14,0,30,6,0,0
20,1,12,0,0,5,0,5,0,23,0,31,15,0,8,10,31,10,12,0,11,0,2,0,0,0,30,0,0,21,11,0
15,0,12,9,7,50,35,0,26,12,2,0,61,26,13,0,0,0,0,0,0,15,0,17,21,0,0,4,47,1,4,59
22,17,17,4,17,0,25,0,5,0,0,29,0,0,0,7,0,10,12,6,0,0,12,0,0,0,0,10,0,0,4,0
0,0,0,1,8,0,0,30,0,9,18,0,34,33,23,14,0,0,21,0,8,0,3,0,7,6,0,0,20,0,0,12
0,0,0,0,0,0,3,0,0,0,0,0,25,14,6,22,32,0,0,21,0,0,35,0,0,25,29,0,23,22,0,0
0,0,0,0,0,0,0,0,0,0,7,0,0,22,1,0,0,18,0,0,19,0,26,6,9,0,16,5,0,0,29,25
28,4,0,5,0,8,0,0,0,32,25,0,0,0,0,0,0,31,0,35,0,0,22,3,0,0,0,0,0,0,0,0
0,0,0,11,0,0,0,8,0,0,1,0,1,0,0,0,4,0,0,0,11,0,0,6,0,9,0,7,0,13,21,0
0,0,0,22,84,0,122,89,81,142,0,0,0,0,83,49,36,9,0,0,17,28,103,63,0,29,38,44,0,0,0,51
188,5,67,57,5,8,110,201,135,175,31,0,22,16,14,23,40,78,25,10,22,10,48,20,0,0,29,45,0,6,21,9
0,22,0,0,54,213,88,120,201,85,23,10,0,213,77,67,86,0,9,14,70,91,0,0,35,5,0,0,0,0,0,57
90,43,0,0,196,131,115,54,254,85,50,0,117,34,78,91,6,2,0,35,35,19,16,43,0,0,0,14,1,10,0,28
0,0,1,0,117,147,163,22,46,55,0,0,102,0,22,144,13,0,0,87,6,0,89,11,58,33,9,0,0,0,0,20
0,2,27,0,73,92,101,40,58,16,23,0,29,0,22,0,0,20,160,82,46,0,0,3,42,54,31,16,0,14,0,0
0,35,8,0,124,20,4,14,0,29,0,31,0,0,38,0,19,134,15,34,10,10,0,0,0,0,0,0,11,28,4,24
164,0,0,67,100,61,0,0,16,1,48,0,27,0,43,51,0,116,0,14,26,0,45,4,36,0,20,0,27,18,13,103
56,0,23,5,0,16,20,33,0,0,4,14,14,3,12,5,71,0,0,0,27,15,8,0,0,7,4,24,4,6,10,22
0,37,0,2,25,6,6,0,13,0,0,51,0,0,32,5,19,0,0,12,214,16,0,0,29,0,39,32,67,12,0,51
0,0,0,5,14,9,0,8,33,14,43,34,68,13,78,0,0,30,0,79,255,15,0,0,0,45,0,0,0,0,0,111
134,5,11,48,9,0,0,100,0,0,0,23,0,5,27,0,24,0,32,182,0,0,0,0,16,19,58,26,33,37,0,0
0,11,9,19,0,8,43,14,0,4,139,0,57,25,26,47,0,0,141,123,0,0,0,0,0,39,18,0,55,0,6,13
35,32,0,0,0,92,229,0,23,129,159,26,0,8,5,26,0,0,0,24,0,13,0,4,0,0,0,3,28,0,21,53
25,0,49,0,0,0,109,94,0,60,240,0,21,18,68,5,0,5,45,0,4,0,0,36,0,0,0,6,13,5,1,22
0,22,0,0,0,13,0,42,0,18,0,33,11,147,132,20,6,43,5,36,0,0,57,0,44,20,27,35,0,0,10,0
0,31,39,9,63,0,23,0,47,65,0,7,0,0,37,9,203,31,0,0,0,0,25,28,13,0,8,20,0,13,0,0
0,0,28,32,26,0,177,101,13,6,4,0,0,21,25,112,213,0,0,0,0,0,0,0,3,0,0,21,11,20,15,26
79,0,0,87,111,105,74,46,0,36,17,0,0,51,0,97,32,0,0,0,0,17,0,0,0,0,0,37,0,0,0,20
22,0,0,99,121,182,110,92,4,5,0,34,0,16,23,29,46,0,0,6,0,0,3,8,13,0,59,0,7,14,0,0
162,0,0,0,231,80,139,62,0,2,0,0,0,9,142,63,31,0,0,0,23,19,0,0,13,0,0,10,0,17,21,0
59,0,0,127,89,176,184,23,0,11,1,0,0,0,35,208,0,2,16,3,11,17,0,6,0,25,4,31,1,0,0,23
93,0,0,100,221,158,190,52,24,0,0,0,22,33,16,0,14,22,0,68,47,0,0,38,0,30,0,21,0,0,21,33
124,0,81,69,255,62,142,0,0,31,0,0,35,122,228,0,27,19,4,0,0,0,1,23,0,0,18,0,0,22,0,22
0,25,0,42,87,88,45,13,18,12,12,0,2,54,0,0,0,0,0,13,0,14,21,0,3,1,0,0,0,41,0,0
0,3,0,120,94,218,27,0,8,0,0,2,68,22,0,0,0,3,5,0,1,0,0,13,9,5,48,50,11,0,0,0
15,0,0,11,207,244,89,25,0,8,33,0,15,4,0,0,11,0,0,17,0,0,0,0,11,0,0,35,0,0,9,3
0,8,0,19,68,43,0,38,25,0,0,32,0,14,23,0,11,3,10,18,30,0,0,0,8,2,6,11,12,0,16,17
6,0,0,0,0,0,0,0,4,0,10,0,0,21,0,4,2,11,9,13,10,0,0,0,0,3,0,0,0,29,0,4
7,20,0,0,5,0,13,0,2,27,0,0,0,0,8,20,5,33,0,14,0,0,0,5,19,0,0,3,0,0,0,12
0,0,0,26,8,25,12,0,21,18,0,0,21,0,0,0,0,0,0,0,0,29,0,0,6,10,0,0,0,11,0,3
0,39,16,0,0,21,0,0,0,27,3,2,50,0,11,0,0,5,10,0,0,0,35,0,7,0,0,50,0,9,0,0
0,0,0,11,0,31,0,32,6,0,0,23,10,22,0,0,0,0,19,26,32,7,0,1,60,7,0,0,2,0,2,4
46,3,0,12,0,71,2,57,0,0,42,2,60,0,0,14,0,19,14,35,21,28,112,16,0,0,95,0,0,13,3,16
0,0,0,27,62,11,0,0,0,0,24,33,0,39,10,0,52,0,35,27,0,6,10,0,41,34,59,0,3,1,40,0
0,0,0,37,31,33,0,0,0,32,0,0,109,19,8,0,5,11,0,0,14,17,8,36,0,0,0,38,0,1,0,38
0,1,0,58,13,0,8,5,42,0,62,2,49,0,0,0,21,20,5,28,2,16,48,0,35,4,15,14,0,0,0,42
0,19,13,32,34,0,13,11,48,0,18,73,6,46,4,0,28,0,10,10,0,2,3,0,0,0,110,4,0,5,0,0
0,0,0,46,0,0,20,54,44,17,63,19,0,0,0,0,0,33,23,34,5,0,2,34,37,41,0,0,40,35,20,30
0,0,71,11,57,5,68,8,72,0,35,52,0,0,0,18,36,26,26,14,37,0,41,0,0,14,0,0,60,0,0,52
0,96,23,0,0,0,3,6,18,0,0,11,37,0,51,59,0,32,0,0,44,0,0,28,0,0,0,16,0,1,2,31
67,10,22,0,0,25,42,0,116,1,4,51,6,1,20,0,3,0,11,0,0,32,52,0,39,0,0,12,33,16,0,34
31,36,109,38,0,3,0,67,78,17,1,5,0,1,5,23,0,2,0,69,9,0,48,21,0,2,0,0,5,0,4,53
0,103,142,0,39,10,2,100,76,0,0,29,0,0,0,41,21,5,30,0,28,0,8,0,3,39,29,20,24,0,45,0
81,68,51,0,0,0,1,68,58,12,0,10,2,55,81,0,0,10,70,31,9,10,0,0,7,6,22,0,6,33,0,33
162,58,19,0,0,23,0,1,11,0,31,12,0,80,32,27,0,0,0,28,39,11,0,14,9,3,24,0,33,27,14,83
155,14,2,35,0,0,0,252,107,0,0,0,30,42,76,5,38,22,38,21,0,0,1,3,0,0,0,0,0,12,0,0
232,75,8,3,11,24,0,57,58,0,20,0,0,13,53,25,8,0,5,16,13,0,0,0,0,34,4,0,47,22,30,11
215,80,20,11,21,32,33,105,180,17,0,21,0,156,140,0,18,10,7,63,31,31,4,0,0,38,0,0,0,11,12,0
1,171,20,10,0,7,7,0,28,6,31,16,0,253,54,29,31,0,0,8,6,5,21,3,0,1,0,21,20,11,0,48
221,193,104,28,37,6,14,31,0,5,26,0,36,85,0,30,39,179,3,0,19,0,33,13,0,4,0,2,0,0,8,44
0,27,248,18,49,0,21,44,20,0,17,11,0,0,0,19,110,114,29,0,49,0,0,26,30,37,0,0,20,0,0,14
104,0,85,15,24,0,11,0,18,1,0,22,0,16,3,0,2,63,10,0,22,19,14,14,16,19,11,0,0,11,0,0
54,0,22,0,32,0,0,0,20,25,0,2,0,0,20,7,0,176,16,1,2,0,11,7,0,11,0,29,0,3,9,21
0,2,48,16,34,26,0,0,0,0,8,41,82,38,71,0,2,6,0,0,0,0,24,0,24,0,0,2,0,0,0,0
0,0,0,0,44,0,0,0,2,0,27,25,48,0,24,13,10,9,0,36,20,0,13,0,0,27,29,0,0,15,0,0
0,0,0,1,24,0,0,23,5,6,0,8,25,0,16,15,7,0,11,12,0,17,0,6,0,4,0,0,0,22,0,7
0,20,0,0,16,0,32,23,0,0,0,0,0,0,0,0,0,0,1,2,0,7,24,4,23,0,0,0,9,0,0,20
17,0,0,7,64,0,34,0,0,13,0,0,19,0,0,0,0,0,0,21,0,20,25,0,0,0,4,0,16,19,1,0
16,18,10,0,0,0,0,6,0,0,0,57,21,0,17,12,8,14,13,0,24,0,12,23,16,0,16,20,1,0,1,2
0,0,0,19,0,37,0,4,3,0,27,9,36,0,31,1,21,1,0,16,7,0,14,5,33,0,40,0,0,0,0,8
0,4,0,7,0,0,0,13,10,38,13,0,6,0,0,0,0,0,16,15,11,15,40,0,0,38,5,32,32,23,0,0
4,27,11,15,49,16,0,31,0,0,0,4,0,0,4,0,0,33,13,39,27,9,0,6,0,33,0,3,26,0,1,0
43,0,12,8,2,0,0,0,17,0,28,1,0,0,0,23,0,0,55,7,10,12,30,3,0,12,23,10,6,13,7,0
0,9,30,5,9,5,0,3,22,26,39,25,0,5,4,0,0,10,0,12,0,3,11,7,1,0,0,2,3,23,3,0
16,45,0,0,0,14,18,1,18,32,0,0,44,0,26,0,0,0,0,8,10,10,50,43,0,0,41,0,0,0,33,16
0,11,0,29,5,0,0,24,0,35,91,39,30,5,0,13,0,23,29,0,9,58,39,26,54,0,0,0,0,0,0,58
0,3,0,4,14,31,0,3,0,5,43,11,10,7,0,0,0,0,0,62,8,76,26,4,5,0,0,0,0,5,10,0
0,9,11,1,30,0,6,0,24,2,0,0,33,0,0,18,7,2,0,0,16,0,0,8,6,4,0,36,16,22,0,89
0,38,0,5,19,37,0,20,9,11,7,60,10,7,45,0,0,24,17,3,54,0,41,0,0,0,13,0,20,1,0,0
0,6,36,40,61,0,26,55,0,0,37,0,15,11,0,8,0,0,59,21,0,0,0,0,0,4,0,0,39,5,7,2
62,50,11,17,0,0,0,34,18,0,0,34,0,0,29,0,49,14,55,0,4,0,0,0,1,14,40,11,56,18,19,0
103,90,44,0,0,0,30,10,16,0,6,90,25,43,22,6,0,1,0,7,0,14,0,0,0,22,12,0,39,0,0,24
42,6,45,35,29,0,0,58,7,0,0,40,33,4,1,0,0,0,2,0,0,0,0,0,30,45,61,13,10,0,0,14
48,73,3,0,0,28,0,0,0,19,78,16,28,0,0,26,0,22,0,0,0,0,39,0,22,0,0,0,0,43,13,7
45,32,16,0,42,0,0,38,0,14,0,7,0,0,2,13,35,3,0,5,0,1,0,0,11,11,60,0,0,0,0,20
210,25,0,17,12,17,0,0,0,20,42,0,0,46,3,0,23,26,19,50,0,26,0,0,13,0,0,0,17,80,0,0
0,58,1,4,1,0,33,21,0,11,0,0,57,0,0,0,0,0,0,17,0,0,0,0,9,0,27,0,0,8,56,46
0,82,0,7,5,0,13,52,0,0,8,30,0,0,0,70,68,38,0,0,0,58,0,0,0,0,0,42,0,0,16,46
0,41,41,0,15,10,29,0,3,45,72,77,95,1,0,17,120,23,143,115,126,182,0,0,0,0,0,17,7,0,0,0
8,0,44,40,74,63,94,18,33,46,0,34,26,0,0,0,0,43,92,144,59,124,1,3,18,0,6,12,4,12,34,0
0,0,0,117,0,22,22,56,227,55,46,83,148,114,75,0,34,72,116,57,186,100,183,6,16,62,0,0,0,23,26,49
20,2,32,64,25,0,88,14,108,49,33,104,127,147,144,25,0,22,61,116,28,166,48,0,10,103,44,63,1,0,0,13
105,0,13,0,31,52,59,74,0,63,55,83,212,103,75,90,7,35,0,0,0,154,167,95,11,18,21,7,36,0,0,0
0,0,0,0,34,0,1,56,13,73,7,144,91,185,183,213,75,6,0,18,0,26,42,92,0,6,207,58,76,0,4,16
37,9,8,3,0,0,35,3,0,7,0,1,57,3,17,238,1,4,0,0,23,0,10,0,8,0,0,142,101,0,16,20
42,0,0,0,0,0,0,0,2,6,0,16,11,43,0,0,0,13,0,0,0,12,35,0,26,0,0,48,0,0,0,21
0,19,0,0,0,0,0,11,0,20,0,0,0,27,0,4,0,0,0,0,0,12,0,16,13,0,7,0,0,0,3,0
3,1,0,0,16,34,4,26,0,0,6,0,0,0,0,0,4,3,0,10,11,18,8,0,0,12,19,4,0,3,37,198
0,10,26,0,0,0,0,21,0,0,5,0,4,0,0,0,13,0,0,16,13,0,0,0,4,0,0,30,0,11,30,171
0,0,0,10,7,13,0,12,0,8,27,0,210,0,4,20,5,0,35,78,7,0,0,10,0,0,16,0,32,21,0,0
0,26,0,18,0,2,24,29,0,0,0,32,25,9,23,16,26,0,2,55,19,0,0,7,3,0,4,71,25,14,14,0
7,0,32,8,0,0,5,18,0,0,0,0,0,0,0,28,0,13,0,0,29,8,7,0,2,7,131,37,0,0,7,10
0,0,0,0,3,0,0,4,0,0,0,0,14,0,2,20,8,0,7,21,5,0,14,11,0,18,7,10,0,25,16,15
35,7,0,0,23,36,15,3,0,9,0,0,0,23,0,0,0,0,33,0,34,0,0,11,9,0,12,11,25,34,0,0
0,0,0,10,0,0,23,0,0,0,26,5,0,0,0,3,16,0,0,0,0,7,0,19,0,36,0,0,28,0,0,30
0,8,18,0,22,16,27,13,36,68,27,45,4,0,4,34,29,0,38,0,9,15,0,0,0,5,13,0,23,2,0,25
8,0,0,6,17,19,4,18,0,12,24,20,37,5,11,0,2,5,0,0,0,17,24,4,17,33,0,9,15,0,14,20
16,4,0,7,7,0,8,25,26,0,0,0,0,0,0,9,32,0,2,7,11,154,0,9,23,7,9,0,0,25,0,32
0,0,23,11,0,10,0,21,14,0,37,25,31,16,0,20,0,37,5,11,0,12,0,46,0,23,0,0,21,12,13,0
24,0,0,37,0,0,0,0,2,3,23,34,24,11,6,0,0,13,0,0,20,0,5,0,22,0,5,57,0,0,0,0
5,22,0,0,75,11,20,0,53,39,62,64,32,0,14,0,0,0,13,0,21,23,39,0,39,18,0,14,1,0,19,24
45,0,29,19,22,24,8,0,38,0,43,0,17,0,0,39,0,11,0,0,0,14,14,0,0,0,41,3,0,0,0,7
0,12,61,2,0,6,0,0,0,53,70,0,0,10,16,1,0,1,16,39,0,0,51,1,28,0,22,31,7,34,2,9
0,9,71,31,0,0,0,17,0,22,12,0,44,0,26,0,31,0,0,0,0,41,5,0,37,6,0,25,0,0,0,26
0,32,7,6,46,0,0,29,49,0,0,7,0,0,3,30,1,0,0,8,52,9,0,0,0,38,0,19,9,0,0,56
0,41,0,0,4,22,0,14,10,13,49,10,0,23,0,0,0,19,8,9,29,45,0,0,0,2,0,23,5,0,98,20
0,44,11,35,2,0,0,0,0,0,12,0,22,21,15,37,0,0,20,0,229,144,0,4,0,0,20,0,17,59,136,0
0,0,0,0,1,0,13,13,0,0,0,44,0,0,0,0,17,0,87,0,54,237,7,2,0,20,20,0,92,114,51,0
0,10,20,4,0,25,0,3,0,22,0,0,13,12,0,0,0,0,3,26,239,235,16,2,0,0,0,55,70,174,18,19
0,27,0,1,0,29,55,0,0,23,7,0,0,20,38,32,83,26,0,0,90,51,0,0,0,0,0,43,48,0,39,0
7,29,1,0,47,0,28,0,20,19,66,0,0,0,58,0,100,0,60,81,71,28,0,3,29,0,0,0,76,36,32,48
48,79,62,23,10,17,0,26,0,6,10,31,21,0,16,11,105,77,0,121,0,6,25,0,0,20,30,0,9,8,19,25
120,0,0,62,39,0,44,52,2,6,13,50,126,0,44,22,44,39,23,7,3,0,0,13,0,0,4,0,0,12,0,129
143,1,0,7,16,10,23,0,10,27,30,114,48,7,0,0,0,0,0,26,3,0,0,0,11,8,64,0,0,0,0,20
33,5,0,23,4,49,62,0,0,0,49,0,0,5,98,2,0,2,22,0,135,70,0,0,0,0,13,39,31,11,32,0
0,15,23,9,0,48,0,0,6,38,0,0,0,13,0,14,0,0,0,0,145,233,31,0,0,0,3,5,6,7,12,38
61,0,0,0,1,0,6,38,0,0,18,58,1,0,8,0,53,0,0,28,5,16,10,0,32,22,13,4,36,51,17,0
40,7,7,32,0,0,0,0,0,6,0,0,10,0,0,0,3,0,0,2,18,0,6,0,15,7,32,10,0,30,0,35
4,0,8,4,0,6,4,23,0,0,13,0,0,14,25,9,6,4,0,0,1,0,10,0,0,1,0,0,3,0,0,31
17,0,17,0,16,11,0,20,0,26,3,3,0,20,0,0,15,9,8,0,0,2,19,24,0,12,0,0,50,0,0,18
0,0,0,0,0,0,14,19,8,0,0,31,0,0,0,17,26,0,11,36,8,0,0,12,1,32,0,0,33,0,0,22
16,0,0,0,0,0,14,0,20,14,20,18,11,19,0,0,0,0,2,19,23,0,36,12,10,23,25,0,0,14,19,47
0,0,16,6,32,0,11,0,2,0,20,29,4,23,0,11,0,13,0,0,11,0,0,3,0,15,0,0,0,9,0,32
8,1,0,0,34,2,42,0,11,16,0,0,0,20,27,0,0,0,0,9,0,0,0,28,11,3,34,4,58,28,3,21
0,0,0,6,42,20,14,0,25,0,36,0,14,0,2,36,10,0,3,1,0,12,0,21,0,10,0,0,0,14,0,1
7,0,16,0,5,0,0,19,0,0,19,10,18,0,24,0,30,0,0,0,0,26,0,4,0,0,1,9,16,17,18,3
0,0,0,0,0,0,0,0,0,0,9,0,0,3,6,0,0,6,5,25,3,48,18,12,0,4,5,2,0,0,1,0
103,0,2,0,0,0,0,0,36,35,7,8,0,0,0,37,18,0,73,118,34,0,0,0,0,13,0,92,232,63,0,0
9,23,21,0,0,0,2,0,0,0,0,0,12,25,0,0,5,0,153,151,62,0,29,0,0,0,0,0,144,20,0,0
117,0,7,27,32,0,19,17,15,2,0,0,7,0,5,13,18,138,245,80,58,0,0,20,7,47,46,0,9,34,29,48
32,19,7,0,80,34,0,0,22,20,42,0,24,31,0,0,37,60,40,0,52,19,28,15,155,150,0,64,81,20,92,212
78,4,0,0,9,18,0,27,0,3,0,1,0,2,0,13,105,238,9,3,0,39,0,116,64,89,88,0,80,101,19,115
33,0,4,2,8,0,29,0,13,10,48,19,0,3,0,39,63,120,13,24,19,16,17,127,130,137,0,4,2,7,21,60
0,0,33,5,22,0,5,50,0,38,0,24,0,45,7,0,75,126,10,0,9,50,149,75,23,0,44,18,16,0,0,82
0,6,12,14,41,0,15,0,33,0,3,38,0,4,37,12,62,9,182,23,0,0,0,19,0,194,174,51,68,4,38,60
0,52,33,18,0,0,0,0,9,0,28,6,63,0,23,6,5,0,0,23,0,0,17,0,76,102,77,223,0,0,0,71
18,0,24,20,47,0,0,5,0,0,0,11,0,47,91,0,0,0,0,64,23,0,13,0,0,4,51,44,18,137,12,81
0,0,0,10,0,0,0,27,7,0,0,49,6,197,192,211,108,0,42,29,0,0,0,50,0,0,15,138,74,141,29,39
91,14,17,0,0,11,0,0,36,0,76,9,11,193,197,46,28,158,58,0,55,0,18,0,33,28,90,73,66,49,23,70
0,0,12,11,0,12,7,0,0,8,0,6,0,128,120,227,196,4,32,0,0,0,36,8,0,0,42,0,41,58,90,88
0,24,31,43,0,0,0,0,10,11,0,15,18,16,3,13,0,30,30,0,24,21,225,4,0,0,11,0,22,10,19,34
2,36,28,43,0,0,61,27,0,4,6,0,0,0,13,14,100,27,24,29,12,17,0,13,11,23,0,0,0,25,0,23
0,0,2,0,0,11,2,0,14,48,54,0,0,0,0,16,0,15,1,0,13,47,0,0,23,12,0,0,0,0,29,18
42,43,46,0,56,14,46,7,16,21,44,0,3,27,28,4,3,2,0,0,30,0,31,13,0,0,0,22,0,0,4,0
32,0,9,18,29,16,39,54,125,184,30,0,10,1,13,19,0,0,0,18,8,34,15,36,0,0,0,0,0,0,0,26
45,14,18,4,2,33,2,0,85,41,168,65,0,7,20,0,8,33,0,0,0,1,0,0,0,0,20,39,4,0,0,0
16,0,53,54,21,17,0,19,140,104,56,19,5,10,0,13,13,0,35,38,0,0,0,0,0,0,16,0,31,39,6,0
71,0,37,20,0,14,0,0,60,162,102,83,66,5,30,26,15,4,25,31,0,0,0,4,0,0,16,12,24,14,0,12
0,0,0,29,3,8,0,4,0,0,14,0,17,0,37,16,1,0,14,17,10,0,30,7,0,0,0,0,39,19,0,42
23,0,2,0,0,0,0,38,0,10,0,14,23,76,5,0,6,8,0,14,23,0,17,0,0,12,0,0,5,19,5,22
0,16,0,0,15,14,0,0,30,0,50,10,44,20,3,0,20,0,25,28,36,0,29,16,24,0,46,0,23,11,0,0
0,0,0,0,0,0,0,0,26,4,21,16,4,20,17,23,6,0,0,0,11,0,2,0,0,0,4,0,6,0,21,24
1,8,13,0,12,30,14,16,5,0,7,33,0,6,0,30,0,0,6,0,0,16,16,0,0,0,0,26,8,7,2,36
8,15,0,2,0,0,16,0,6,0,0,5,16,5,0,11,31,33,0,0,7,0,25,0,0,0,4,2,0,0,0,16
6,34,4,12,0,0,0,0,0,0,13,54,0,0,0,25,0,7,3,13,23,0,9,0,32,10,0,16,16,0,19,27
22,13,0,0,0,9,0,0,18,22,22,0,28,1,16,0,12,9,26,8,13,0,16,0,19,0,38,0,0,0,31,0
0,0,4,0,30,0,0,0,7,0,0,11,0,0,0,5,17,0,0,0,34,0,0,0,6,29,0,0,0,0,0,0
0,0,9,13,4,37,6,0,0,0,0,29,0,0,0,7,39,4,19,20,22,0,32,25,10,0,4,0,0,0,0,0
0,0,0,16,29,0,0,0,2,20,11,0,0,23,13,2,0,0,6,4,4,17,54,0,0,8,0,59,0,0,0,4
139,0,0,48,97,169,180,23,16,6,14,0,98,223,87,209,73,54,0,0,80,39,39,10,46,0,0,45,42,32,0,0
55,2,37,0,98,122,54,0,1,24,40,213,181,55,64,0,17,68,0,0,66,0,61,47,14,51,0,14,3,22,0,5
106,0,34,16,255,21,107,24,4,2,47,229,121,37,0,5,0,29,160,46,63,0,8,0,76,0,51,8,0,12,0,17
0,21,0,5,42,203,0,0,80,0,0,91,28,0,45,30,39,13,17,13,17,33,0,29,15,0,26,56,46,0,40,40
78,16,31,19,10,100,52,1,33,0,0,0,0,32,51,2,197,233,31,12,0,6,17,20,103,37,52,38,58,28,34,65
0,0,0,7,89,62,0,18,7,18,21,0,33,5,0,0,148,3,21,30,0,21,16,187,29,5,18,0,0,0,0,14
0,0,0,32,0,25,0,16,53,81,67,3,5,48,22,33,3,24,21,0,0,101,81,38,45,16,0,0,0,0,0,59
0,0,15,0,0,0,89,71,67,75,60,1,0,29,3,20,23,0,1,13,193,75,78,0,8,17,30,37,9,13,0,20
0,15,0,0,0,18,44,48,44,56,11,19,11,23,8,0,21,25,0,195,91,38,0,38,0,0,0,29,7,13,0,75
0,2,0,0,115,73,178,66,70,19,0,0,0,4,0,0,0,0,14,224,28,36,0,0,0,0,0,33,0,29,37,33
0,0,0,12,98,185,19,197,39,1,85,42,78,19,37,25,49,15,41,0,13,0,30,9,32,0,31,0,0,45,0,0
0,39,19,0,35,171,8,2,24,22,43,15,60,23,52,0,0,19,0,0,13,3,0,0,0,10,0,0,0,0,37,0
0,0,49,0,0,77,43,54,17,6,13,12,6,14,9,0,0,39,0,0,9,0,0,0,0,10,0,25,0,12,13,67
10,9,0,0,16,34,0,0,29,23,37,0,15,0,0,39,19,0,0,40,0,0,0,0,0,0,0,16,0,0,5,8
34,66,30,0,8,0,0,64,0,0,15,0,58,19,37,0,20,10,0,5,0,11,2,4,0,0,0,0,2,11,0,0
24,77,0,0,32,38,31,0,0,35,0,5,0,0,18,0,5,18,0,3,0,0,0,0,3,15,22,4,16,0,0,0
0,49,39,170,116,203,103,25,39,0,0,0,0,0,6,0,0,0,0,11,6,0,0,4,1,17,0,0,15,12,0,27
57,22,67,66,184,61,89,96,62,50,13,8,0,10,4,0,2,50,1,0,9,0,45,0,23,0,0,35,7,0,22,35
53,209,120,132,78,7,1,63,80,60,0,74,0,0,0,0,11,0,68,22,2,13,0,0,0,32,0,0,25,1,8,9
0,52,192,197,4,35,3,102,22,54,8,42,34,27,0,0,39,0,55,0,51,29,52,0,0,0,0,8,0,6,0,0
0,4,174,197,164,209,20,48,50,37,0,86,9,0,12,37,33,0,0,26,0,0,44,0,0,7,0,0,14,21,57,0
84,19,99,133,2,209,24,57,0,0,19,49,0,0,7,11,16,0,6,20,0,0,0,10,0,32,35,0,54,21,23,33
6,0,151,148,26,221,0,0,0,19,0,8,5,0,27,42,6,7,0,0,23,4,0,0,0,2,0,0,8,8,0,21
0,2,19,112,148,100,0,6,5,9,20,1,0,5,0,45,0,0,0,60,1,12,16,5,0,0,0,0,0,0,0,0
8,14,0,0,0,4,0,0,11,11,43,0,6,14,41,21,10,17,0,15,0,0,0,26,6,8,5,16,0,0,0,0
0,18,0,0,33,0,19,0,0,48,1,3,56,0,0,0,22,20,15,0,62,14,15,5,0,5,0,16,0,0,0,6
3,0,26,9,0,0,7,17,19,0,0,7,46,0,0,33,13,0,37,15,36,0,41,15,27,0,9,0,0,5,22,0
20,0,13,14,0,1,0,12,4,0,0,0,0,7,3,15,0,15,0,31,0,0,11,24,0,31,0,15,0,6,13,0
0,0,27,0,11,0,0,9,8,11,27,0,0,0,16,0,0,0,0,5,6,38,0,0,0,0,14,5,0,42,17,0
0,0,0,37,0,0,0,7,0,0,0,0,16,31,14,0,40,0,0,18,31,0,30,4,0,2,0,0,0,0,29,0
18,7,0,0,0,0,0,0,0,19,0,0,0,27,29,0,0,17,0,0,10,24,41,0,10,6,0,40,0,0,21,16
0,2,0,0,0,40,11,0,13,0,0,0,14,5,0,0,0,0,0,0,23,0,0,3,2,33,6,14,24,37,17,2
60,51,0,0,0,4,0,14,101,28,36,0,0,7,16,0,13,0,0,20,9,40,56,40,17,32,12,42,25,0,44,51
0,0,0,37,0,0,5,142,28,68,30,0,65,0,56,0,0,0,98,52,36,0,35,83,30,98,63,0,21,0,7,41
53,44,21,22,0,0,0,179,26,9,9,0,0,0,0,0,6,13,118,0,0,47,0,16,21,0,16,38,0,0,0,57
0,0,0,16,85,0,25,61,46,22,0,0,0,61,0,0,10,12,0,11,4,8,26,0,0,18,0,62,26,5,37,26
21,0,0,0,0,15,46,2,31,0,10,0,0,0,38,100,20,0,19,9,8,49,12,0,40,8,0,0,36,21,3,0
42,3,52,35,71,0,0,0,0,4,0,0,23,37,0,22,30,0,0,0,38,0,42,21,24,0,25,0,0,27,48,0
7,0,34,6,45,0,0,0,0,0,8,0,48,31,14,0,20,31,0,0,0,1,29,0,63,0,0,0,43,32,0,72
104,86,70,0,13,4,46,131,66,8,17,0,0,0,81,0,0,56,0,54,6,23,5,0,0,5,0,63,0,54,0,0
69,114,0,0,11,5,14,29,0,9,0,0,0,140,5,0,21,22,1,0,0,0,0,2,20,14,37,10,25,7,0,0
108,76,0,46,20,0,163,23,23,0,0,24,11,4,98,5,15,0,62,0,1,0,0,8,33,5,20,0,29,63,0,93
157,61,0,9,0,4,9,66,0,0,12,0,13,181,61,5,0,0,40,48,15,0,17,31,8,12,13,0,0,44,22,0
140,60,0,0,0,2,57,0,24,89,16,15,33,87,0,13,0,0,0,195,5,36,7,0,13,0,0,0,0,0,0,6
0,0,0,0,5,0,44,12,0,7,0,24,176,142,41,0,51,0,149,51,2,11,0,0,33,0,0,0,0,26,0,0
215,0,41,0,25,11,9,0,25,0,0,35,65,244,15,8,0,15,11,18,29,2,17,9,4,19,4,33,0,4,21,0
170,0,37,20,0,16,51,20,0,0,0,0,62,0,1,23,206,229,8,0,0,0,0,12,0,3,40,50,2,25,0,0
139,60,2,0,70,39,0,69,17,4,23,0,3,4,28,63,0,64,15,0,21,30,0,8,8,24,0,25,0,0,41,10
0,2,0,30,23,0,20,22,0,25,0,22,0,11,0,29,41,73,0,11,0,21,0,0,0,11,0,1,0,0,0,0
63,0,5,47,0,0,0,53,11,12,0,7,8,3,0,0,163,92,16,0,11,1,1,5,5,29,42,13,21,0,0,57
40,0,0,43,10,0,0,30,0,25,32,43,27,0,0,0,31,32,20,0,0,25,0,0,3,0,34,0,7,0,16,0
6,7,24,11,0,0,0,23,37,8,0,2,0,1,7,0,0,0,42,0,0,0,0,45,0,17,0,26,12,0,0,2
3,0,24,249,12,0,0,97,155,0,9,7,0,54,1,0,13,6,0,3,0,0,0,9,0,0,17,16,8,30,3,0
25,0,30,159,173,0,0,48,16,32,0,0,41,0,29,0,0,0,34,55,10,13,4,19,0,33,0,0,16,0,0,36
0,0,0,44,187,34,0,0,0,0,10,28,9,32,96,27,7,0,0,0,0,0,6,0,0,2,16,20,0,0,0,0
8,23,11,12,14,6,0,0,0,0,32,0,20,24,251,39,24,9,0,0,0,0,7,0,5,0,0,0,0,19,10,19
28,0,25,19,27,9,20,0,8,14,0,0,14,14,33,0,40,0,35,0,0,36,0,0,16,0,0,19,0,5,0,14
29,2,0,45,19,0,0,38,0,0,24,20,27,14,6,64,26,28,0,0,0,9,29,0,0,0,21,0,3,0,0,41
0,0,14,8,0,5,36,26,11,0,0,49,5,0,11,11,0,0,38,0,6,0,0,0,37,27,0,0,0,0,5,16
22,0,5,14,22,34,29,0,4,0,3,0,4,0,83,0,17,0,0,1,0,2,22,1,0,13,43,33,0,32,38,0
19,0,0,42,14,0,0,27,0,0,0,24,25,0,46,11,0,6,12,2,0,0,0,20,5,15,43,0,0,5,0,0
0,26,0,3,0,6,16,14,0,0,34,10,0,31,1,0,0,0,24,0,10,38,3,0,19,4,17,31,0,2,23,0
10,0,0,0,19,0,0,0,37,10,22,8,0,0,48,0,0,0,7,0,16,0,27,0,25,0,6,0,0,0,3,2
0,0,0,8,0,2,0,0,46,0,0,10,44,0,0,0,0,10,9,0,8,0,0,0,31,1,0,7,0,0,0,24
65,3,14,0,0,25,38,0,20,21,33,0,0,13,23,14,10,0,20,4,18,48,71,0,33,0,0,22,0,11,12,31
0,0,0,0,0,41,22,0,0,14,8,0,0,14,18,0,3,40,11,0,0,0,55,123,17,50,92,31,0,0,27,6
16,0,0,0,0,0,0,0,13,1,21,30,42,19,2,0,82,0,0,39,0,78,0,36,0,12,0,0,0,0,35,0
0,48,14,2,0,0,48,13,0,8,49,0,47,41,22,0,16,46,14,7,30,0,0,12,0,0,0,11,91,41,70,0
54,50,0,0,0,4,9,0,10,0,0,60,0,61,24,1,0,0,0,9,0,0,10,36,15,0,45,0,25,43,16,48
12,0,0,0,5,0,13,25,0,0,0,0,0,0,0,2,0,4,0,0,16,0,52,21,48,7,10,22,0,0,67,59
104,22,0,31,0,0,0,45,12,0,0,19,0,0,0,16,0,0,0,16,11,6,0,0,32,9,0,36,0,0,10,58
113,32,81,0,5,0,4,0,41,24,11,0,0,0,15,8,0,11,4,0,0,12,21,0,0,3,36,15,11,10,0,32
65,98,19,51,0,0,29,48,0,0,53,113,40,15,54,12,59,0,10,0,16,10,13,9,35,18,0,14,0,0,0,0
0,19,0,21,0,50,39,28,63,0,0,73,59,0,0,31,0,26,0,0,17,41,52,0,44,20,0,0,60,28,42,0
105,11,42,0,0,0,0,58,4,9,138,0,28,47,0,34,0,11,0,0,20,6,0,0,0,0,0,0,0,0,12,12
25,29,57,0,0,20,0,2,0,72,53,0,0,120,10,21,6,5,0,0,6,0,21,0,0,0,41,35,0,0,0,0
174,27,0,70,0,205,19,2,0,0,30,0,43,22,0,39,50,0,12,0,0,3,0,0,0,0,1,67,5,35,3,5
0,156,37,60,0,105,113,0,0,30,10,0,5,69,53,0,11,0,0,6,33,0,0,0,0,0,0,0,12,0,21,0
0,67,126,28,116,80,93,83,31,0,44,7,95,31,82,1,156,37,26,0,16,0,0,22,0,34,0,0,19,13,15,5
9,66,78,0,93,51,62,21,54,0,0,12,0,5,10,0,84,13,104,0,0,23,0,0,0,16,0,0,15,0,0,33
0,19,41,128,5,110,101,37,177,105,0,7,5,9,0,77,165,32,77,115,107,35,73,16,10,0,16,0,0,19,0,2
0,17,14,45,0,48,61,0,127,53,0,0,0,0,0,0,9,2,53,54,88,60,197,227,0,0,0,0,0,52,3,42
0,2,2,33,15,10,67,6,18,36,0,0,0,0,0,39,0,6,39,0,0,100,232,85,0,12,0,0,26,15,43,0
0,12,0,0,0,0,20,8,0,49,5,10,33,10,0,0,2,0,32,34,35,50,20,3,9,0,2,0,18,0,41,54
98,0,0,11,5,0,0,14,0,7,0,0,13,38,0,58,0,22,4,4,60,22,22,23,76,1,149,216,0,30,0,24
0,0,35,0,19,14,5,0,30,18,0,0,0,0,20,13,35,0,7,28,0,0,12,0,3,46,226,135,0,1,0,35
0,0,7,9,0,9,0,0,0,19,20,0,0,24,0,0,0,19,0,0,0,0,0,45,4,0,0,181,0,0,2,0
0,3,0,6,0,0,0,13,2,0,0,17,70,22,67,107,9,0,3,8,9,0,0,1,1,0,0,0,0,8,14,0
38,0,0,6,0,0,11,6,1,0,3,0,16,38,20,30,0,16,0,8,7,3,10,63,0,3,4,0,0,0,0,33
0,14,0,13,1,0,28,53,56,0,0,11,0,0,12,16,0,1,0,0,48,0,225,0,20,4,0,31,0,31,0,0
0,0,0,0,0,82,6,0,73,10,41,0,0,0,0,26,46,0,68,0,2,5,26,0,24,35,40,40,0,0,7,0
0,14,0,4,8,0,0,66,32,0,0,14,10,0,0,0,0,0,0,0,0,11,39,37,7,31,0,11,0,16,0,31
0,0,7,0,24,0,13,12,40,0,0,5,0,13,13,0,0,0,34,0,0,37,25,0,35,0,5,10,0,5,6,0
0,4,0,36,46,0,0,5,0,0,0,0,0,0,0,0,0,30,16,20,0,0,0,13,0,0,0,12,2,0,0,28
13,13,0,0,0,1,0,0,14,25,0,0,0,0,18,12,5,0,32,0,23,16,7,0,0,41,25,10,0,0,0,15
0,0,0,0,18,0,0,0,34,0,10,0,0,1,16,12,0,4,0,30,0,38,18,8,25,8,25,0,7,35,3,29
0,26,0,0,0,36,0,0,0,54,6,0,3,21,17,0,0,14,0,8,0,7,4,0,0,0,0,36,0,0,4,33
2,42,21,3,0,0,0,1,0,18,0,0,31,22,19,0,3,58,7,0,14,0,0,0,1,4,0,0,0,0,0,0
90,0,3,7,3,10,3,0,14,0,0,0,12,53,41,3,0,50,0,0,19,20,3,0,0,0,0,22,0,0,0,0
11,2,3,4,23,0,0,21,0,3,0,7,23,0,0,0,0,0,18,0,3,9,13,0,0,0,0,0,35,61,1,0
52,0,23,31,0,0,14,0,25,0,43,0,0,11,10,9,0,0,0,0,0,0,78,12,0,0,35,0,10,0,0,20
0,39,4,6,0,0,0,0,0,9,5,10,5,0,0,11,0,0,0,0,9,6,144,160,35,0,32,3,0,4,0,0
0,6,1,10,0,0,0,0,0,4,43,29,0,44,0,220,1,0,35,0,12,5,194,6,49,0,0,90,0,0,0,0
14,35,30,24,34,31,27,11,0,17,37,3,1,4,59,45,0,0,38,0,1,67,0,0,5,8,32,13,18,0,12,4
45,36,22,0,0,30,17,0,35,8,16,20,19,0,32,148,16,0,14,4,0,33,0,48,0,0,0,0,10,30,0,26
25,0,24,0,0,16,21,29,10,0,16,0,12,0,24,7,39,0,23,18,58,45,23,57,14,5,0,2,0,0,0,0
51,20,0,1,20,0,42,8,0,0,37,57,28,23,125,33,125,5,0,0,0,20,38,14,29,0,0,0,0,2,0,161
0,59,13,10,0,42,0,0,0,28,9,14,13,9,71,40,117,0,0,10,39,2,24,68,0,8,11,11,0,1,126,45
14,30,28,22,42,53,17,31,14,20,61,8,26,15,32,42,115,16,4,18,8,0,0,0,9,29,0,0,0,44,4,29
0,12,30,17,38,26,72,1,43,7,9,1,40,11,35,5,89,51,18,2,0,0,2,0,5,0,47,0,24,113,184,34
55,45,169,0,43,65,39,5,0,0,13,25,123,27,0,0,184,0,3,0,5,0,1,5,0,0,34,28,238,83,0,0
0,0,13,0,52,0,0,44,23,20,26,0,39,0,0,0,0,16,0,19,0,0,17,11,0,5,0,0,45,0,0,0
0,38,5,0,7,59,22,0,31,0,8,14,4,0,0,0,0,14,15,0,35,0,27,0,9,19,11,20,12,9,18,46
77,0,12,24,0,0,50,71,1,0,0,29,0,4,30,0,0,154,153,0,0,0,5,0,27,0,5,0,6,10,0,194
6,24,10,7,37,36,0,5,0,10,11,35,27,0,7,0,0,60,187,3,0,2,0,0,36,0,4,0,35,8,0,40
91,0,20,0,0,11,0,0,0,0,0,0,0,0,0,0,0,0,22,0,14,0,35,0,0,2,31,0,2,3,0,14
0,2,0,0,21,0,0,0,0,11,0,6,24,0,0,51,0,0,45,21,6,20,33,27,4,36,0,0,0,14,0,46
64,0,29,26,0,4,0,0,0,5,17,4,0,30,0,0,0,4,0,96,0,0,0,0,0,0,3,1,0,12,16,19
0,0,0,5,0,9,19,0,8,0,24,0,0,1,11,22,10,7,39,16,12,0,0,0,0,0,0,0,9,0,0,43
62,3,8,0,0,44,0,5,20,0,18,15,24,34,5,41,39,8,0,44,0,0,21,0,0,0,28,41,0,18,17,40
0,16,0,6,0,0,11,23,11,0,0,17,5,0,0,9,0,7,0,33,11,0,0,4,0,30,0,0,19,0,20,0
16,0,11,20,46,0,0,0,0,0,0,0,20,29,7,0,0,0,0,1,0,5,0,0,14,0,0,19,0,25,0,0
46,0,0,19,0,8,0,35,0,0,31,0,0,0,22,0,18,0,12,0,2,17,0,26,0,0,0,0,0,11,9,0
11,3,3,0,0,0,0,3,2,6,0,0,0,16,0,17,0,1,0,0,8,0,2,2,0,11,0,0,0,0,18,48
5,11,0,0,0,23,2,5,4,15,0,0,0,19,0,10,0,29,0,0,0,12,0,17,8,0,36,26,0,37,32,12
0,8,0,11,0,0,0,0,0,15,0,0,0,21,0,0,26,13,26,50,17,5,9,0,0,4,0,14,16,6,21,11
0,0,0,0,0,16,0,22,2,0,0,0,2,0,0,9,0,3,2,0,0,0,25,16,0,17,0,0,8,0,0,27
0,16,28,14,5,0,3,17,0,0,11,16,0,31,20,9,17,24,0,10,18,43,33,12,0,0,0,0,10,13,3,14
42,8,0,0,0,0,27,24,7,0,0,0,0,32,152,24,42,23,0,35,8,3,25,0,14,29,7,0,3,4,0,19
0,36,3,9,43,50,8,36,0,3,0,0,19,150,31,94,6,0,0,0,0,4,6,0,0,81,0,0,0,0,20,155
57,0,0,52,0,0,0,35,0,2,53,0,27,173,169,73,0,0,16,19,0,0,0,0,53,0,0,41,0,14,86,123
0,36,0,0,0,0,18,0,20,12,21,0,1,0,92,150,25,37,2,0,0,0,0,18,4,29,0,22,25,178,0,188
60,0,0,0,0,0,23,0,73,0,12,0,22,193,83,51,0,0,0,5,0,0,23,0,0,0,0,20,106,24,13,89
0,22,0,0,17,23,33,0,0,0,0,0,7,19,0,51,15,0,13,6,16,0,0,0,5,33,181,0,87,44,13,59
0,28,24,0,3,20,10,0,33,38,85,0,6,0,39,30,0,37,0,0,11,0,31,0,35,74,235,40,75,0,30,0
11,0,10,0,0,19,0,0,38,23,21,0,4,78,0,18,0,0,0,29,19,0,23,0,0,42,8,119,0,25,0,136
111,91,40,0,0,0,9,0,0,0,0,28,0,149,5,7,0,4,50,10,0,0,48,0,65,0,81,0,19,171,0,80
91,15,4,58,24,0,0,0,0,0,20,25,238,186,60,52,12,177,29,0,35,6,42,0,44,33,10,204,48,172,0,41
0,0,0,60,0,0,21,16,0,0,0,8,12,82,0,41,210,115,17,11,0,23,0,0,0,4,24,207,137,67,51,0
0,71,5,0,0,23,0,0,31,2,0,7,9,8,11,0,37,77,0,0,2,0,12,48,0,0,0,0,54,89,10,13
60,2,16,92,0,68,0,0,41,27,22,46,28,23,0,18,35,15,96,0,42,0,35,0,48,0,0,10,0,17,62,74
0,0,22,10,10,0,0,5,0,0,9,29,33,0,5,21,0,0,26,26,10,14,20,23,9,21,0,0,18,37,8,1
0,83,67,0,64,0,0,35,44,11,1,43,102,2,29,0,8,0,8,0,0,0,36,41,26,17,65,0,0,0,0,60
0,61,13,0,13,40,24,14,49,7,62,0,27,0,4,0,16,16,0,1,9,23,0,21,0,0,0,9,0,13,29,15
0,27,51,83,44,19,40,0,70,2,0,28,0,0,24,0,20,0,0,0,0,0,41,0,1,12,0,51,0,0,0,24
0,0,19,49,0,0,5,0,16,28,16,48,38,0,8,4,0,0,0,44,14,0,0,39,0,16,0,0,0,21,15,0
71,0,57,76,37,0,34,22,104,144,39,65,0,0,11,14,44,0,0,7,0,0,0,36,0,0,0,0,8,7,0,0
0,0,24,14,59,76,32,0,0,159,0,42,0,5,0,3,3,0,31,22,0,1,0,0,0,0,2,0,8,0,8,1
0,0,32,9,2,34,0,0,13,43,0,63,3,16,27,0,0,0,0,31,0,0,0,0,0,46,30,19,16,6,5,39
1,0,1,0,0,12,0,0,51,39,0,0,19,17,5,0,0,9,0,0,13,48,0,14,7,0,23,26,0,0,3,28
0,34,4,0,0,40,0,0,64,10,52,8,10,0,6,35,0,0,12,0,28,9,26,0,32,18,0,0,0,0,17,46
25,0,0,23,0,0,0,16,0,0,11,47,29,0,0,0,41,0,3,0,8,3,0,69,1,0,0,0,0,0,0,0
0,0,17,0,8,11,0,15,0,2,64,20,0,28,8,0,8,19,2,0,0,3,2,1,9,30,0,0,10,0,16,0
47,0,0,4,0,0,0,0,0,2,0,0,6,0,0,0,0,0,5,7,0,0,0,5,4,0,0,8,28,11,34,0
0,26,0,0,0,62,34,0,71,8,37,40,3,0,0,35,1,0,0,0,18,9,34,0,0,0,0,0,19,19,0,0
34,36,0,5,0,2,0,0,18,6,0,0,40,0,25,0,0,0,0,16,0,1,0,0,14,0,43,28,34,0,0,4
15,0,8,11,13,1,20,0,18,7,0,29,21,0,0,0,16,18,0,0,0,20,18,13,0,1,0,0,0,0,1,0
3,0,12,0,2,19,0,0,17,46,0,9,8,0,0,0,16,20,16,4,0,0,2,10,0,5,41,0,0,11,9,0
0,10,0,0,0,0,0,0,14,0,32,8,0,0,5,11,3,0,33,8,16,0,0,0,0,38,19,0,0,21,36,0
0,0,1,24,0,0,0,0,0,0,0,0,0,0,0,0,0,0,37,22,0,0,0,0,12,0,0,0,12,0,0,23
12,39,64,4,93,81,33,0,2,0,0,46,0,12,0,0,0,0,13,44,60,0,40,12,0,48,0,0,8,56,3,0
19,23,13,4,136,220,99,0,0,0,39,0,0,0,0,0,0,129,114,20,19,0,56,21,0,20,10,0,60,50,56,21
60,9,33,48,201,164,12,0,14,0,35,0,37,0,0,0,0,42,75,0,0,22,0,0,13,0,0,1,0,0,31,25
83,29,0,0,141,81,25,0,38,0,0,34,0,18,0,26,104,69,0,0,0,23,46,12,0,19,0,34,0,0,0,64
138,0,0,17,0,33,0,48,15,0,0,8,0,0,0,186,230,0,9,27,16,0,0,167,41,2,57,18,85,91,0,71
0,0,22,16,6,0,0,0,24,0,0,0,0,7,28,0,0,0,11,0,0,0,10,42,0,67,48,8,21,60,0,33
0,0,0,0,0,8,0,0,33,7,0,29,7,17,4,10,10,12,29,0,64,32,73,42,61,0,16,0,62,0,21,99
0,57,6,0,0,2,0,43,21,13,47,0,0,0,0,0,0,15,13,24,158,2,0,24,26,0,0,53,14,0,40,43
0,4,0,43,14,32,46,32,0,0,0,44,19,0,0,46,17,0,41,6,0,0,0,18,0,46,61,20,16,52,0,56
0,15,0,0,119,166,43,0,3,138,72,0,3,0,26,1,21,14,123,63,0,12,22,0,0,0,0,12,46,48,40,35
83,6,0,8,0,78,155,56,75,197,64,3,22,5,17,0,7,0,34,0,28,11,0,0,0,0,0,0,27,39,0,0
90,45,64,0,0,36,106,0,6,250,0,15,0,77,67,0,33,0,0,6,8,0,6,0,9,0,52,0,2,25,0,0
115,0,0,6,0,0,0,42,0,0,0,11,9,104,4,30,0,0,20,31,15,7,0,0,0,37,0,0,34,60,36,32
0,4,80,61,48,0,0,0,0,0,0,20,88,81,25,0,211,0,16,4,0,3,0,0,1,9,35,0,27,32,19,23
0,98,0,40,25,119,127,31,37,0,5,0,0,0,6,181,163,18,37,0,17,5,2,0,0,0,9,0,15,32,0,0
160,6,0,9,0,93,153,0,40,77,0,19,58,21,53,43,0,0,0,0,0,0,37,10,0,8,0,33,39,10,34,13
0,11,0,78,203,151,30,24,35,24,2,18,0,0,66,104,0,20,4,0,0,8,0,0,0,19,5,0,22,0,0,43
0,7,12,160,58,82,125,87,75,6,0,1,46,87,22,59,4,0,48,0,12,2,5,0,0,11,0,0,0,1,20,18
166,4,0,3,1,53,96,0,70,77,6,4,36,12,0,3,5,0,0,7,5,0,0,35,39,0,44,0,13,4,25,0
93,0,30,188,45,37,52,39,0,24,12,149,70,192,175,30,0,0,11,0,0,10,26,0,0,9,0,0,15,48,2,0
183,0,0,27,25,191,43,46,0,14,24,81,69,27,67,0,0,9,0,8,6,0,0,0,0,0,0,39,0,4,0,0
137,9,0,50,168,96,178,60,6,2,0,156,204,48,26,5,69,1,16,0,24,8,0,0,0,5,0,0,10,5,20,0
83,0,0,85,223,156,6,2,0,0,125,139,6,0,30,42,24,0,14,17,25,0,0,0,25,3,14,0,43,0,0,33
0,0,34,0,67,94,67,32,5,0,14,75,2,5,0,25,23,0,27,34,52,0,0,2,41,0,32,8,0,3,0,0
0,64,28,0,38,23,0,0,9,56,35,3,20,32,15,0,29,41,0,0,28,0,19,17,51,9,21,0,0,0,19,20
0,0,0,8,65,0,7,25,0,0,0,51,0,0,10,29,0,1,0,0,8,4,30,0,50,0,45,10,28,8,15,0
0,0,18,0,36,33,0,0,0,0,0,39,35,0,0,0,0,8,0,0,22,2,12,0,15,0,32,0,0,26,31,30
5,16,21,29,0,0,43,6,1,0,0,0,0,0,20,0,0,5,0,25,0,4,37,24,0,9,21,23,0,4,0,0
0,0,32,25,37,0,0,8,0,11,0,0,0,11,1,0,4,5,0,15,0,41,23,0,0,2,0,32,0,0,0,31
19,0,7,0,37,0,0,0,0,18,0,0,0,16,17,1,8,0,0,3,0,0,0,11,8,2,0,16,0,28,0,0
0,0,0,3,0,0,36,0,0,13,24,0,0,0,0,22,0,19,0,0,33,5,6,0,0,0,0,5,0,23,35,4
22,17,1,0,22,12,0,19,35,46,0,27,0,0,0,0,1,31,0,29,0,0,0,1,7,0,0,0,1,7,21,18
48,0,1,0,3,1,137,0,0,0,0,0,16,0,0,15,12,10,5,0,11,0,1,10,7,0,55,20,6,0,35,5
27,11,0,0,0,19,123,0,0,57,7,0,14,0,0,0,10,9,0,34,29,0,60,54,2,0,33,28,5,0,33,25
22,0,40,1,16,0,198,8,7,21,0,0,48,32,0,0,3,26,0,0,17,0,7,0,19,0,0,28,0,13,0,0
16,0,0,38,0,0,35,10,0,11,0,0,0,5,5,0,10,0,0,1,0,2,0,0,0,2,0,14,0,26,0,19
20,23,0,0,24,16,68,3,0,28,79,13,0,0,0,0,0,0,21,0,16,0,13,0,28,39,0,26,66,58,43,0
54,68,0,27,40,2,48,0,7,0,18,2,0,10,0,13,0,0,0,0,0,0,41,49,37,10,26,4,1,35,52,38
8,0,41,17,19,0,60,33,2,0,0,36,51,0,0,63,1,0,0,66,0,0,61,62,43,14,46,5,37,0,8,74
90,66,82,31,0,19,87,0,25,0,5,39,0,0,0,41,0,33,7,29,0,0,27,0,0,38,0,37,0,52,2,90
169,155,18,7,32,0,59,0,0,13,7,14,0,22,7,20,0,0,22,57,22,13,0,12,0,4,20,37,19,0,33,124
102,119,24,1,0,0,147,2,12,0,15,0,0,0,12,0,0,22,0,2,4,0,7,0,0,16,0,19,19,0,0,56
127,9,0,27,0,0,54,0,0,0,0,28,19,51,12,11,1,10,4,0,0,8,24,9,3,30,10,0,10,19,60,0
46,46,0,0,0,56,33,0,6,61,28,0,108,25,22,0,19,35,0,0,0,47,5,0,0,0,0,28,0,17,0,56
195,83,35,0,28,13,90,17,16,0,0,25,49,71,17,2,0,30,0,0,0,0,0,30,0,13,0,0,0,0,9,6
196,36,0,14,22,0,13,0,14,0,6,27,199,95,0,0,0,8,0,11,0,7,0,0,10,65,13,10,13,0,0,23
163,101,0,35,67,44,0,39,21,0,20,0,24,39,0,0,242,0,0,0,22,49,0,0,0,0,5,61,4,8,0,0
0,21,0,0,37,0,35,59,24,0,24,14,34,0,0,0,212,15,22,0,0,30,35,0,11,24,0,0,19,0,37,36
36,136,0,0,0,16,59,0,0,0,0,16,20,4,0,10,54,30,0,0,27,47,23,5,0,0,0,0,0,0,0,35
28,11,0,20,0,0,83,50,0,20,0,91,89,29,14,36,164,11,42,0,6,0,10,19,0,0,0,0,0,2,13,16
48,30,0,0,9,33,135,6,38,29,0,73,65,33,18,16,12,0,0,16,26,4,0,0,0,9,0,0,0,0,0,23
59,26,13,117,91,80,44,8,28,20,58,0,125,29,35,0,0,4,11,0,19,0,0,46,23,0,89,24,4,0,13,16
122,25,0,79,170,8,0,40,162,34,20,69,35,99,47,0,3,1,27,11,50,1,21,14,0,0,1,27,2,0,0,0
0,10,12,100,106,37,0,0,244,0,0,23,31,10,8,0,22,19,0,31,0,2,0,0,17,0,36,0,0,1,0,0
0,0,52,0,171,57,0,17,12,0,16,0,40,70,168,0,0,0,37,0,23,0,35,22,41,0,0,3,11,0,5,0
16,31,58,0,0,0,0,7,22,0,0,41,23,3,149,4,22,20,32,23,0,0,5,5,4,22,36,0,24,13,15,0
46,0,0,5,20,3,0,6,0,0,0,30,0,0,0,7,0,0,0,0,17,0,0,3,7,0,0,0,17,13,0,14
0,34,0,0,0,23,12,11,0,0,0,16,32,0,0,0,18,29,0,0,0,6,4,0,18,2,0,39,13,0,0,20
50,0,0,62,59,0,2,0,0,0,31,0,22,21,20,0,33,0,8,0,7,19,2,0,8,12,0,0,0,38,0,0
0,8,0,0,0,15,14,38,14,0,0,24,0,0,8,40,24,0,20,7,21,0,0,11,7,55,0,0,7,0,23,9
0,0,19,0,0,0,0,21,0,14,0,11,0,0,0,4,0,0,0,6,0,0,12,0,5,0,0,7,0,0,3,0
12,0,24,0,46,0,20,12,37,0,0,0,6,0,0,18,22,0,19,0,2,0,0,0,0,0,6,19,27,0,0,0
10,31,0,0,0,107,0,6,2,5,29,5,16,0,0,0,23,33,0,0,0,0,0,2,0,24,55,0,0,0,37,0
0,3,16,0,19,27,0,3,0,15,4,5,36,0,12,16,16,2,9,0,0,23,0,8,41,0,0,0,0,0,6,37
0,0,0,0,4,0,0,41,13,0,0,12,0,13,24,0,0,0,0,17,0,0,0,0,12,0,41,35,0,38,23,0
0,13,0,0,0,27,0,0,36,20,0,0,16,0,2,3,5,26,0,0,0,39,0,36,0,0,0,16,0,4,49,0
53,0,22,0,24,0,14,0,0,75,6,11,0,0,0,0,0,11,20,22,3,0,9,0,7,23,84,0,0,0,10,2
0,0,0,32,0,0,26,4,14,0,0,0,14,0,5,0,0,11,51,0,50,14,0,1,14,0,0,6,0,2,0,93
0,0,11,8,0,0,1,32,2,23,0,0,33,2,0,10,0,0,0,13,0,0,12,24,42,0,0,0,32,62,0,68
0,11,4,0,28,21,10,0,50,7,49,19,0,0,0,45,9,0,27,0,51,0,0,0,0,52,29,0,2,2,37,57
0,45,10,0,0,2,15,18,0,20,26,0,0,10,0,0,0,0,0,9,0,0,0,3,7,16,14,0,11,10,19,14
13,0,18,0,0,0,0,15,45,0,16,0,0,17,16,0,31,7,0,14,8,0,0,27,13,0,2,0,10,15,31,43
0,147,32,0,59,44,0,2,30,38,39,4,31,51,2,30,0,19,16,0,0,50,28,0,3,7,16,3,0,0,30,0
0,0,40,55,41,0,56,0,42,3,28,20,14,22,28,47,0,0,0,0,0,0,0,18,0,18,12,0,0,30,0,0
0,40,17,0,13,0,0,97,20,10,23,0,0,72,0,18,5,0,20,0,11,20,0,22,12,0,22,0,28,5,26,88
0,54,25,0,0,27,9,5,38,39,69,15,65,0,16,9,26,0,18,0,0,32,0,0,1,56,0,1,2,1,16,0
0,2,0,28,41,22,19,97,11,0,10,0,36,0,0,59,0,0,0,32,0,17,0,0,0,22,0,0,16,37,0,23
0,0,100,65,97,0,0,45,0,0,38,23,55,0,15,20,116,67,58,33,27,0,0,61,24,0,45,0,0,0,0,22
0,63,45,0,37,50,0,37,53,23,25,0,153,3,0,7,196,25,0,6,0,16,20,8,9,0,10,60,0,0,22,82
0,0,17,16,57,22,20,4,5,107,2,6,0,4,3,0,0,21,0,0,12,70,45,8,19,9,5,11,11,0,0,0
0,16,0,82,72,95,16,7,69,103,25,30,0,0,14,16,129,102,12,26,13,67,13,142,67,28,0,0,0,12,1,0
0,0,6,42,108,0,65,78,27,34,0,0,0,30,60,0,17,26,6,44,49,0,29,246,21,0,1,0,16,0,0,0
0,9,0,7,12,17,94,40,39,40,48,67,15,2,16,2,0,0,21,0,31,20,127,189,0,20,0,0,0,3,0,0
52,0,0,39,0,7,0,36,0,35,0,0,0,0,31,0,0,0,0,41,18,49,0,136,0,0,23,0,0,0,27,50
0,1,37,0,50,7,4,1,3,26,0,65,0,28,13,0,0,4,11,0,41,71,22,0,32,119,252,225,0,0,1,25
131,41,0,0,0,21,0,56,0,0,0,39,0,0,15,28,31,22,28,20,4,0,0,0,0,177,90,68,30,0,62,0
56,0,8,30,22,0,8,4,14,0,0,0,25,147,126,0,0,0,0,3,18,12,35,5,8,40,154,116,0,2,0,0
71,2,0,4,8,7,14,0,6,34,34,31,107,98,188,80,3,0,19,0,25,40,13,0,3,0,24,71,5,0,0,0
0,20,27,0,16,9,24,35,18,49,72,0,0,22,11,198,0,0,147,0,0,0,0,0,0,0,18,0,28,0,0,0
21,15,0,0,35,54,18,0,31,27,26,0,22,1,0,18,1,0,26,28,21,22,76,0,0,10,0,0,0,62,22,40
62,0,0,13,43,0,7,20,0,0,0,5,5,0,34,8,3,20,4,0,0,0,0,6,11,0,7,0,6,13,0,35
0,9,0,6,0,9,18,0,30,5,44,8,3,0,16,0,0,6,24,0,11,25,19,12,0,0,0,0,26,0,18,0
20,0,0,2,9,7,12,21,0,9,9,0,0,0,0,0,0,0,5,6,1,0,2,17,0,0,13,8,0,0,0,20
0,6,0,0,0,9,0,0,0,3,29,0,0,46,1,0,0,24,0,16,0,0,0,0,31,0,0,1,0,0,0,0
0,22,0,0,6,24,0,0,18,0,35,1,10,0,0,32,7,0,0,0,10,3,0,0,0,0,0,0,15,0,6,24
0,0,1,26,0,8,1,13,12,25,0,0,21,161,15,5,23,6,6,10,6,0,0,7,0,0,0,3,29,0,0,19
0,0,21,0,38,16,0,0,0,0,0,14,9,5,0,0,19,0,0,19,25,0,0,10,0,4,17,0,32,48,6,0
25,26,21,0,0,0,0,25,33,0,0,45,0,0,0,8,0,0,7,34,36,0,18,0,0,17,0,6,11,9,31,0
0,16,0,6,0,0,6,0,0,0,4,64,3,0,0,0,0,0,0,0,12,8,8,50,9,54,14,33,32,17,0,21
0,8,28,0,14,32,0,0,18,0,18,7,0,0,17,0,0,0,0,17,0,0,33,0,1,12,41,0,28,0,24,16
32,0,43,0,20,0,0,0,25,0,0,24,31,0,0,0,0,24,0,1,0,15,9,0,19,3,39,1,5,20,15,5
0,0,0,0,0,61,0,0,14,26,5,12,0,0,14,0,0,0,0,24,4,29,0,0,0,7,39,0,0,7,0,54
7,0,23,0,0,0,56,0,24,0,0,1,10,20,6,52,16,0,14,0,40,0,22,15,9,0,37,22,16,0,10,27
0,0,13,5,0,0,0,1,11,0,26,0,27,0,0,75,66,1,0,0,7,0,10,10,7,24,8,12,0,0,0,65
0,50,0,14,0,33,0,0,6,0,16,0,28,5,60,58,103,24,0,0,0,21,0,5,12,52,34,23,0,0,3,17
0,38,19,0,0,34,0,0,16,1,0,30,13,0,0,24,155,22,6,0,46,0,53,1,6,32,12,0,45,22,23,30
0,60,16,31,0,4,0,0,0,0,14,0,31,27,65,61,149,59,6,52,0,39,57,51,52,80,9,0,0,0,0,8
2,21,76,12,21,35,0,32,16,16,0,21,0,0,81,0,3,22,0,0,0,0,40,0,182,48,7,0,0,0,50,42
28,57,0,35,21,3,7,0,20,26,45,0,0,124,72,0,46,5,38,7,56,0,0,25,0,0,11,0,6,0,20,182
75,51,58,13,107,0,27,0,6,51,29,0,26,0,32,0,70,16,16,43,40,25,2,0,0,0,46,55,0,33,181,138
25,83,0,42,34,123,66,66,0,3,18,29,171,0,5,39,107,0,1,0,0,23,0,0,0,34,21,7,98,82,168,49
151,0,29,0,26,8,22,23,11,44,0,0,1,0,1,2,44,0,1,13,23,5,0,1,0,13,31,0,59,71,0,0
62,24,0,25,11,4,18,25,15,0,19,24,0,39,48,16,19,145,2,0,43,0,0,0,15,0,0,0,7,0,0,3
51,22,0,0,0,27,0,58,111,96,16,6,84,0,22,31,76,196,172,0,56,0,31,0,31,14,0,0,0,11,5,24
118,0,12,0,25,0,15,10,12,24,56,111,29,0,29,0,49,60,41,17,18,115,0,0,31,7,27,0,36,2,0,161
119,18,13,6,34,16,10,0,19,3,0,0,17,0,0,19,16,18,0,5,9,22,54,0,1,4,0,11,0,8,0,19
93,8,36,0,1,0,0,60,0,0,0,0,0,0,21,22,19,7,15,18,0,23,0,1,29,0,32,0,40,11,0,51
15,0,37,47,19,25,30,0,14,34,21,0,20,36,25,59,3,5,0,19,6,0,4,42,1,0,0,0,0,30,0,0
0,25,5,0,0,0,6,9,4,9,18,0,4,59,27,0,0,26,0,0,1,0,24,0,0,0,0,0,0,26,0,0
0,0,10,10,0,0,13,25,0,0,67,0,19,0,5,13,0,0,13,0,0,0,1,0,0,0,0,4,11,20,0,0
44,0,3,0,15,24,29,0,7,0,8,0,3,43,7,0,35,0,0,7,9,21,0,25,1,0,17,0,0,9,0,14
51,0,0,0,0,0,0,0,24,0,0,15,77,157,55,19,27,33,0,23,0,0,0,18,19,17,28,7,21,22,24,0
31,16,20,12,0,0,43,46,18,0,0,22,16,172,118,16,0,0,4,17,0,0,1,4,34,0,34,0,55,2,27,11
72,26,0,0,0,2,6,0,22,0,0,10,0,28,214,44,0,2,0,9,14,0,0,0,11,0,0,17,17,18,25,0
18,0,0,0,0,0,23,0,13,0,59,33,0,20,103,15,0,0,0,0,14,5,0,0,0,5,0,0,19,0,0,17
0,0,0,4,32,22,0,0,8,2,0,47,0,0,61,39,40,0,0,12,0,9,0,0,0,3,34,0,4,24,18,0
41,0,0,0,0,38,2,0,49,55,39,0,0,0,24,32,0,8,12,0,32,13,22,0,17,0,0,0,18,0,13,6
11,0,0,0,0,13,0,11,0,8,23,0,13,0,5,20,17,0,0,7,10,6,0,17,7,0,0,11,0,0,11,0
