0,39,5,0,24,37,25,0,29,12,0,0,15,30,0,0,161,0,0,23,0,0,0,0,0,18,0,28,11,24,0,0
53,0,0,1,0,31,0,9,0,17,35,0,0,53,23,0,59,0,0,12,0,0,0,12,23,0,113,0,0,1,0,0
4,0,0,0,11,0,6,0,2,2,0,0,1,0,0,95,223,16,26,8,6,28,25,22,11,4,41,2,0,0,0,23
6,0,27,0,42,0,2,0,0,2,0,19,0,0,0,8,169,11,13,0,0,0,3,0,32,0,0,0,2,0,0,0
16,0,2,29,0,0,0,3,38,0,0,0,1,0,0,70,48,0,55,26,0,26,6,86,2,0,0,0,36,6,0,0
36,0,0,25,20,17,18,0,0,4,0,0,0,0,19,83,128,0,0,30,0,0,0,56,21,29,21,0,0,5,7,20
35,28,0,0,18,0,8,0,0,17,3,22,30,23,0,60,39,0,0,9,9,0,237,56,13,18,8,28,25,0,35,23
0,10,0,3,0,26,0,0,1,0,33,12,0,30,44,0,39,14,0,24,35,3,24,0,20,1,0,25,41,23,0,71
123,0,31,0,1,0,0,24,22,0,4,0,0,83,6,17,0,0,0,29,0,0,39,24,4,0,2,61,158,15,10,26
0,9,0,37,16,0,16,26,0,0,0,0,0,19,0,0,9,28,0,18,0,0,0,26,6,45,191,26,100,89,113,61
0,22,0,9,0,38,17,43,4,14,11,0,0,28,115,49,70,32,9,0,0,39,22,19,0,0,4,101,8,0,4,0
68,0,84,0,11,18,31,0,5,0,48,0,122,199,192,12,0,10,51,0,7,4,35,0,7,0,37,45,0,41,48,27
86,61,8,75,0,6,43,0,48,15,47,0,24,109,194,145,0,63,186,80,0,39,3,0,9,0,0,3,43,169,180,110
146,0,39,0,39,7,0,33,2,31,16,1,24,16,90,11,8,142,17,23,6,0,32,24,14,2,52,13,85,74,132,40
64,110,0,1,10,18,37,47,9,0,9,63,52,0,26,0,4,21,0,50,71,0,0,0,26,28,28,0,15,25,217,67
33,49,43,3,0,17,16,0,36,17,20,4,41,39,0,0,29,0,20,1,5,6,0,16,0,10,0,58,0,0,36,98
11,0,0,25,16,0,15,24,19,0,22,72,0,2,7,0,11,0,1,36,12,0,0,11,4,18,16,0,0,0,0,0
25,0,59,25,61,33,0,24,0,19,6,0,25,56,0,0,0,0,0,0,0,23,0,29,10,0,0,12,0,0,0,46
42,21,0,0,0,16,26,0,11,41,16,17,0,0,22,39,0,8,0,0,0,14,0,27,13,0,40,11,0,7,4,0
29,2,18,26,0,19,9,32,30,130,83,4,0,0,48,0,11,0,0,0,0,18,0,0,21,9,0,0,14,14,1,0
49,3,24,0,0,9,0,2,98,127,8,8,0,0,5,11,0,48,0,0,0,9,0,42,0,0,26,30,14,0,0,0
37,0,0,17,0,0,0,26,0,53,48,60,18,31,0,0,24,16,0,30,0,0,4,5,0,0,15,48,41,0,9,0
1,3,19,17,30,2,21,1,7,97,239,54,40,0,2,0,6,5,0,0,0,0,0,7,0,0,8,16,0,12,0,0
3,16,15,0,4,16,0,0,0,0,13,75,63,26,0,0,15,22,24,0,0,28,6,9,0,11,0,0,0,16,0,11
44,0,0,0,0,9,22,8,0,0,4,48,16,0,0,32,0,0,0,0,18,0,0,13,0,0,0,0,16,10,8,0
0,0,0,2,37,0,0,27,0,0,0,38,0,59,0,0,0,0,19,0,0,0,30,0,19,0,54,0,6,0,0,0
47,0,0,0,22,0,0,0,2,46,0,28,7,0,0,0,25,0,0,0,1,0,0,8,0,0,0,0,27,10,4,0
6,35,0,0,2,4,0,11,6,14,52,22,0,42,4,0,0,0,0,0,10,0,0,0,13,23,0,51,0,15,3,0
0,0,22,9,0,0,16,0,0,31,10,0,12,0,23,0,0,0,0,0,0,0,37,15,4,0,0,0,8,4,27,1
0,0,0,23,0,0,0,0,28,36,0,0,0,9,6,22,12,4,53,0,43,0,23,26,0,0,0,49,1,14,0,16
0,0,0,7,0,0,12,7,0,4,0,0,18,4,26,28,0,0,0,7,0,0,23,12,0,0,0,0,2,0,0,26
23,12,6,5,0,0,13,0,0,16,0,26,0,42,0,0,9,0,2,0,0,1,3,25,45,0,0,0,30,22,27,26
56,0,20,0,32,4,0,0,0,3,11,0,0,7,31,24,17,0,28,0,31,14,0,0,3,0,0,44,29,26,0,30
22,0,0,0,0,27,6,9,7,25,7,0,0,0,0,0,16,157,5,12,0,0,0,5,11,0,43,0,0,62,2,1
0,0,0,25,0,0,0,234,7,0,14,8,0,0,0,54,92,36,59,18,20,24,0,4,0,0,0,25,6,8,12,0
71,0,27,3,16,0,17,121,0,46,0,0,19,26,16,89,0,51,0,0,7,10,0,9,28,0,0,0,8,0,0,10
0,0,24,26,0,3,19,124,20,10,25,0,0,0,7,128,6,76,26,6,8,0,24,2,0,0,6,0,0,3,0,0
0,2,3,6,20,0,49,253,58,0,0,45,18,50,199,143,38,0,23,0,0,0,0,0,12,0,0,0,0,5,7,9
0,19,27,0,0,0,9,196,19,35,24,24,19,0,87,26,0,10,0,34,0,16,0,1,0,25,48,0,0,10,52,2
0,25,12,0,0,60,42,177,44,43,60,0,45,26,31,16,0,48,14,0,48,105,0,0,0,17,0,34,20,0,17,29
54,78,0,0,20,28,11,0,0,27,0,7,0,23,0,0,0,0,31,63,40,0,13,30,0,0,0,0,0,28,12,1
0,0,0,15,0,0,33,0,0,16,39,0,9,0,12,20,7,0,85,248,22,3,0,31,0,14,2,0,52,31,25,0
36,41,0,49,5,0,31,22,0,13,0,13,0,9,0,0,32,0,0,33,0,0,0,0,0,6,0,41,7,0,4,0
11,30,33,13,22,0,47,5,68,79,40,34,78,0,91,0,35,9,38,7,0,0,0,27,65,41,0,98,0,0,3,53
0,9,0,0,0,15,0,0,98,22,0,10,49,153,65,0,44,0,7,49,48,216,95,10,12,0,54,3,33,0,5,0
0,4,33,51,0,24,16,176,105,51,14,14,73,47,13,21,7,47,0,0,42,12,0,50,5,0,0,17,0,0,27,94
0,11,0,27,13,59,0,213,42,0,33,169,125,0,33,0,126,49,0,0,20,0,19,15,45,0,54,32,0,17,0,66
0,32,0,0,0,32,0,197,155,34,73,70,149,0,0,56,213,33,0,0,0,0,29,2,0,19,0,19,0,0,2,56
0,0,0,0,0,27,10,2,0,0,40,0,32,27,21,0,129,0,0,17,0,12,0,8,0,2,0,0,0,0,0,0
113,0,0,8,15,20,29,20,13,0,0,14,8,6,44,0,19,0,85,4,0,0,11,16,0,7,0,0,0,0,0,35
0,6,10,0,0,0,0,41,63,35,1,15,0,30,0,10,19,56,14,7,23,0,0,42,0,0,0,25,0,25,0,3
90,7,31,0,29,0,168,107,95,92,34,41,0,16,80,39,88,96,0,24,0,0,0,1,0,27,71,0,11,6,11,0
0,18,0,0,0,58,0,85,131,79,3,13,6,20,0,0,67,102,0,21,0,0,0,3,0,0,0,0,0,3,23,0
90,30,27,45,28,93,152,191,209,0,0,0,21,17,25,141,20,83,8,0,0,0,67,0,16,14,31,0,0,47,0,11
48,0,0,0,244,10,5,102,50,6,98,27,3,16,23,0,116,0,15,0,0,22,32,0,0,30,34,0,0,3,7,25
8,27,0,0,37,187,48,17,161,151,45,52,8,0,91,38,105,9,17,0,10,5,0,16,0,8,0,8,4,0,1,0
0,1,0,18,160,32,201,237,42,83,32,5,20,23,36,171,50,0,3,23,0,2,16,34,14,13,15,0,0,0,0,10
25,10,0,0,89,13,157,149,14,12,30,0,79,134,85,172,17,0,16,0,29,0,52,0,0,0,52,38,24,0,20,0
30,13,52,0,111,91,159,176,0,0,19,0,0,182,68,0,5,0,0,0,0,2,27,13,36,12,0,0,0,30,0,0
0,9,7,0,31,240,107,195,18,29,6,0,37,27,0,8,0,26,0,0,13,0,27,29,34,0,19,40,0,0,0,34
0,0,26,0,41,15,205,34,9,0,0,34,17,24,15,0,0,0,0,0,0,0,0,0,19,2,22,0,1,27,0,13
0,0,0,8,1,12,11,0,0,13,7,9,16,17,12,8,0,0,14,0,0,10,11,14,0,12,0,6,0,0,9,0
0,10,0,5,0,4,34,5,0,0,28,0,4,23,10,0,0,3,18,6,37,37,5,0,0,0,50,0,0,0,14,0
29,0,0,0,1,0,0,0,0,0,22,32,0,0,6,0,0,0,10,46,0,13,27,0,4,3,9,0,0,57,0,22
0,0,0,0,25,50,0,0,16,13,2,0,0,12,11,3,11,0,0,3,13,21,31,0,0,0,6,0,0,18,7,23
0,0,0,23,8,0,0,30,0,0,30,11,80,43,17,0,0,0,24,16,5,0,0,0,30,0,28,42,21,13,0,0
0,0,0,0,26,0,0,8,0,5,0,0,0,13,22,9,9,8,22,2,1,6,0,0,26,2,26,0,10,13,0,35
0,0,0,2,19,0,0,0,23,26,0,0,0,35,0,0,13,9,18,7,6,25,0,0,36,0,49,21,4,0,0,0
0,0,3,0,0,17,18,0,44,41,0,0,7,37,0,22,0,8,0,0,7,0,2,0,0,5,0,0,2,0,0,21
7,13,6,0,8,13,36,14,17,0,9,121,2,0,0,23,22,19,35,8,11,0,42,0,0,65,0,0,16,13,5,26
18,0,0,0,8,10,0,0,0,9,30,28,0,37,22,16,0,0,0,0,0,13,0,16,0,27,8,0,10,0,0,0
0,0,0,37,4,16,0,31,8,5,105,50,4,1,0,0,29,55,0,0,9,7,75,9,0,9,0,0,17,0,19,27
9,0,0,0,26,0,0,8,14,3,47,129,6,0,0,21,0,73,86,0,2,10,0,20,26,0,0,0,0,0,0,40
35,20,106,0,52,0,0,35,29,28,26,0,0,25,0,31,5,0,22,39,3,4,0,0,2,40,0,16,50,25,82,43
0,99,77,66,15,0,0,11,18,6,16,71,0,18,0,0,9,55,0,0,19,19,8,5,0,0,0,0,0,0,0,8
0,106,114,28,0,0,0,0,0,21,38,74,31,18,7,37,0,3,0,0,0,0,0,0,0,16,13,3,9,2,11,16
7,63,50,1,33,0,0,1,0,0,30,13,0,25,25,59,20,13,16,3,1,9,0,0,28,0,66,0,18,3,0,0
0,162,37,79,52,23,31,0,5,0,33,168,12,0,0,54,51,61,49,0,4,2,30,1,25,14,0,0,30,33,14,0
18,43,238,0,39,19,0,5,9,3,161,146,34,0,2,53,21,63,27,0,45,17,0,0,0,24,0,10,0,0,3,10
0,22,35,20,32,35,0,7,17,13,69,61,0,0,0,0,143,215,7,0,16,44,7,23,0,10,0,0,0,0,24,0
106,9,167,11,18,16,3,0,0,0,54,109,0,0,0,10,101,113,0,27,13,30,27,13,17,43,28,10,5,6,0,0
0,7,30,233,59,0,43,44,40,0,7,66,0,0,0,53,118,222,0,74,36,11,30,0,27,23,0,0,0,0,0,5
0,0,6,128,28,30,0,0,0,48,0,0,41,6,29,26,113,248,0,12,98,36,35,0,0,0,0,0,0,0,0,48
61,0,41,11,94,21,0,0,0,0,2,0,0,0,0,28,47,13,0,66,147,62,7,11,21,0,37,0,17,0,7,55
9,16,0,0,42,16,0,48,11,2,0,25,0,44,0,0,0,55,0,7,127,91,19,0,16,0,43,33,0,13,62,0
0,11,6,4,0,31,7,14,19,57,28,0,5,34,0,24,0,10,22,82,129,50,0,0,1,0,45,0,19,0,0,57
0,62,24,0,0,0,5,0,12,17,2,0,31,0,54,0,0,34,0,1,234,20,13,0,25,0,52,37,0,0,0,32
8,16,0,11,0,2,0,13,0,31,66,29,63,14,0,0,7,27,0,9,0,45,0,11,0,6,24,0,16,0,0,0
13,6,40,34,0,4,2,115,14,0,41,37,47,10,28,5,22,32,0,0,11,0,14,0,0,0,10,0,0,16,0,37
0,0,19,30,1,0,0,0,9,55,0,52,140,43,0,167,117,0,0,14,19,0,3,16,0,6,0,0,0,0,0,4
0,0,0,0,0,5,44,40,3,2,32,0,33,0,2,22,27,7,0,0,0,0,0,1,0,9,23,0,40,0,45,0
0,4,0,20,0,0,0,21,0,0,0,32,17,6,18,0,61,0,25,24,0,0,18,0,8,0,0,29,0,25,6,0
0,0,4,0,65,0,15,27,0,0,0,0,0,0,0,0,17,5,0,0,0,0,0,18,14,0,39,0,16,16,9,0
0,0,0,0,0,0,0,0,18,16,0,0,0,0,0,0,12,1,0,31,0,2,7,39,0,0,0,0,0,13,17,0
46,37,25,0,36,7,19,0,0,29,19,0,0,4,0,0,4,4,7,6,0,2,19,5,0,6,0,0,10,0,25,17
0,7,13,0,72,0,18,0,26,0,3,0,0,0,0,0,0,19,0,0,0,0,1,0,7,1,0,0,0,7,0,0
0,0,23,0,0,0,0,2,0,8,0,4,34,0,0,15,0,0,0,21,0,0,4,19,39,0,1,0,0,16,0,0
2,31,8,10,16,0,8,0,0,33,0,0,0,0,36,30,0,4,38,0,6,0,0,16,5,0,69,0,0,0,19,59
20,5,0,14,40,39,0,22,0,0,41,0,16,0,0,20,40,0,33,32,8,17,0,0,0,0,33,0,0,0,11,0
0,0,45,0,0,44,57,0,27,34,45,0,62,13,0,0,32,21,0,0,11,2,2,33,27,0,0,0,0,0,0,84
0,0,0,0,69,0,1,0,14,0,12,3,15,19,0,61,42,0,26,7,0,3,0,5,3,1,0,16,14,4,0,0
0,0,0,0,4,11,0,0,0,3,0,111,0,3,0,0,0,0,24,3,0,16,0,0,0,0,0,5,0,30,0,0
0,0,0,0,0,4,0,50,18,25,7,0,15,48,3,4,16,14,0,0,0,0,39,21,0,0,0,11,0,0,26,24
0,0,19,9,0,0,36,26,25,0,0,29,0,0,0,37,16,0,4,27,0,0,0,0,0,0,0,0,15,24,0,5
146,0,0,0,0,0,0,0,16,0,14,19,0,0,0,23,0,0,18,0,0,18,0,0,0,0,0,11,0,0,0,30
0,0,26,26,0,0,41,4,0,6,28,51,34,0,0,0,2,27,0,0,55,0,8,58,16,0,0,35,0,39,5,46
0,7,0,3,38,13,2,0,31,9,0,0,9,27,60,28,0,0,83,45,27,47,20,30,0,21,0,0,0,17,0,1
0,40,52,16,22,29,0,0,7,23,24,0,35,106,0,0,56,0,3,0,64,35,39,18,21,0,0,29,0,0,7,12
105,37,0,83,20,39,0,11,0,25,83,4,10,106,0,28,31,0,97,22,54,3,37,116,0,21,18,0,41,38,22,37
147,9,32,18,4,0,75,0,30,16,0,0,3,37,29,0,18,0,97,0,53,15,37,219,16,13,26,23,6,41,0,28
0,0,6,5,0,70,44,70,26,0,59,0,142,2,138,44,100,76,13,0,72,0,77,110,0,18,0,0,28,0,0,0
0,22,30,27,2,0,25,60,9,34,0,52,45,26,46,28,42,44,21,70,91,73,27,187,0,0,0,9,75,91,12,63
57,4,0,0,19,41,55,0,27,39,77,39,50,0,38,22,20,32,40,90,102,54,2,125,0,36,0,46,242,1,32,17
0,0,4,6,3,0,0,0,80,61,0,90,20,0,0,54,6,47,2,95,18,0,53,7,0,28,59,72,203,31,7,10
0,0,47,42,25,0,0,14,7,12,5,32,53,0,28,34,0,0,13,0,21,14,31,12,15,0,80,34,38,0,37,15
0,29,42,0,24,47,0,0,0,0,0,37,0,0,1,45,0,0,4,0,8,48,0,0,0,0,23,0,4,22,23,119
0,24,11,0,63,29,10,0,0,0,0,0,33,34,48,0,49,30,0,19,16,0,2,0,11,0,12,0,16,35,0,40
16,2,0,11,0,0,16,17,3,0,0,0,13,21,0,0,8,25,0,13,0,12,22,0,0,0,0,0,0,0,214,74
0,2,0,15,29,0,32,22,37,0,0,0,0,9,5,0,144,189,0,0,0,216,14,9,11,0,7,14,0,27,227,2
52,0,0,49,0,0,0,61,0,0,13,6,3,54,0,0,10,88,28,29,0,82,61,0,0,0,0,40,0,0,0,0
0,0,0,0,25,16,19,15,0,0,0,5,19,0,40,0,109,14,58,45,18,14,0,0,9,105,52,0,34,48,0,0
63,21,0,6,27,0,0,0,2,40,0,50,6,16,20,62,0,0,0,15,0,35,25,0,26,54,3,20,34,0,9,0
4,0,3,0,1,16,0,0,23,19,21,32,16,16,0,0,9,0,32,0,0,0,0,0,0,2,0,37,0,0,3,25
0,14,0,2,0,20,0,6,0,0,0,19,57,19,21,0,30,27,2,0,35,3,0,7,0,0,0,36,0,0,13,0
83,0,0,8,0,15,40,38,0,0,0,2,0,0,17,6,8,0,0,25,0,8,16,0,0,19,22,0,19,12,30,0
0,0,0,26,0,0,0,19,26,0,7,0,0,3,185,140,0,0,0,4,9,0,0,6,5,0,0,41,0,0,4,46
6,26,0,0,1,0,0,0,0,22,8,9,15,0,167,43,0,14,9,0,0,6,20,37,0,1,0,0,0,0,17,41
60,31,41,0,18,65,26,0,0,32,11,0,0,4,45,219,26,0,0,20,12,0,3,0,0,0,0,0,0,0,10,23
0,0,0,30,92,8,0,5,18,0,0,0,0,0,0,0,34,0,75,0,0,0,13,0,0,31,0,28,18,0,0,42
0,0,0,0,0,4,37,0,13,23,0,0,34,13,0,7,0,0,0,0,24,36,23,5,0,0,0,0,0,5,0,53
43,0,28,12,0,28,28,0,0,10,0,0,0,50,0,0,49,120,0,13,13,15,13,0,5,0,0,19,29,0,0,33
0,0,25,25,50,15,24,15,0,10,0,39,8,5,0,62,171,120,20,33,26,11,0,0,0,0,53,62,80,72,0,0
0,5,0,34,27,48,12,3,32,10,28,35,0,0,5,57,174,119,5,7,0,35,0,30,16,40,15,160,42,25,0,39
0,21,5,41,0,0,3,24,0,40,0,53,5,45,0,0,85,93,40,30,26,0,55,0,24,0,49,47,0,6,26,6
52,10,0,0,25,0,47,17,31,1,28,0,0,15,0,8,48,36,20,8,27,0,28,0,5,0,110,0,0,26,0,29
0,0,11,0,43,9,11,16,0,0,21,0,0,28,4,8,76,17,12,14,28,3,0,5,0,68,7,0,21,0,0,0
0,7,0,0,0,18,0,0,30,0,21,0,0,76,16,43,103,16,10,0,0,0,21,1,12,0,0,9,8,0,29,15
106,0,0,20,7,0,18,26,0,0,0,32,3,0,0,0,141,12,21,24,0,0,0,7,28,0,32,19,6,34,5,129
5,39,0,42,27,0,5,0,0,2,0,3,0,0,12,13,43,0,10,18,50,25,52,23,0,2,0,0,0,73,0,46
0,39,20,0,2,47,0,0,7,0,30,0,75,2,0,55,7,0,7,27,49,5,0,0,57,0,26,67,244,19,51,68
0,0,0,9,0,0,4,10,0,0,49,40,0,49,48,18,23,12,62,61,26,0,0,0,22,0,37,23,168,18,10,19
0,34,0,0,0,23,56,23,42,15,0,0,25,24,1,5,4,0,22,0,0,12,62,0,0,12,25,26,0,16,22,136
21,0,17,17,25,15,3,48,13,0,54,36,112,11,0,104,191,19,15,12,214,0,28,0,44,8,0,0,0,41,28,47
88,0,0,47,0,14,27,9,16,41,93,93,18,16,0,188,151,11,0,58,242,11,0,0,16,0,0,1,28,100,35,120
0,29,4,0,2,12,75,30,0,0,0,29,0,0,0,20,133,0,0,0,34,29,17,32,18,16,6,0,0,29,32,45
0,40,3,28,0,0,3,67,44,10,0,83,119,56,0,18,18,0,25,30,19,0,0,0,63,13,8,0,35,31,21,21
0,0,0,36,0,0,0,15,7,74,90,52,14,25,16,0,0,0,0,13,0,57,28,0,0,0,0,24,0,1,0,0
0,0,7,9,5,22,17,0,0,13,0,9,0,9,0,16,40,22,28,16,14,0,0,26,0,0,13,0,0,0,38,3
100,14,0,0,23,5,0,0,40,32,53,159,0,2,10,0,0,27,0,35,0,0,14,0,0,30,0,6,8,0,0,0
0,0,0,0,39,36,0,0,0,9,64,109,142,42,0,0,0,6,0,14,0,0,28,0,0,0,0,46,0,0,5,1
0,0,24,0,39,9,32,6,20,30,172,115,54,18,0,0,1,0,0,40,0,0,0,0,19,23,0,19,0,2,0,0
26,15,0,4,19,0,8,29,28,0,0,206,197,91,0,0,8,1,6,4,20,0,41,0,0,0,0,34,0,0,0,0
35,42,3,38,3,12,0,35,49,0,0,62,78,0,49,0,0,1,21,28,0,13,0,0,17,36,0,0,16,0,1,0
94,0,0,0,0,6,9,0,0,40,48,0,47,130,0,0,9,0,27,0,32,43,31,0,0,21,0,71,8,0,73,0
13,9,41,0,28,21,0,0,1,26,0,0,0,45,29,0,0,30,0,16,0,0,6,46,34,10,10,8,0,0,0,0
26,0,0,0,37,47,0,0,0,0,20,15,56,38,24,0,19,0,0,62,25,0,0,16,25,0,0,0,0,31,40,0
0,0,0,11,0,33,26,0,0,0,29,46,4,0,0,11,19,5,23,0,0,0,55,0,0,0,0,0,21,3,0,38
12,0,8,16,5,0,13,25,0,0,0,0,5,3,7,5,10,0,20,22,16,0,0,34,0,0,17,27,20,19,0,0
0,16,0,0,47,0,8,42,0,0,0,14,21,20,46,0,18,10,0,11,12,0,24,19,29,0,39,0,21,15,29,0
0,0,0,0,0,11,0,46,2,22,0,2,0,0,0,0,0,0,15,40,34,0,0,0,8,0,0,2,0,0,16,37
0,0,0,0,0,20,0,51,0,18,11,0,106,0,0,0,0,0,21,14,0,0,12,0,39,3,35,0,0,25,53,11
0,0,3,33,0,0,24,34,0,0,7,70,45,8,1,6,0,5,0,17,4,16,0,17,20,32,142,0,8,0,0,5
12,26,0,0,0,59,29,0,17,31,0,162,2,24,38,18,0,0,0,19,41,22,13,24,5,3,0,0,0,33,0,51
7,29,0,31,0,7,0,18,0,0,29,176,3,8,22,0,2,15,27,44,34,0,0,9,16,98,36,22,115,31,18,69
0,0,0,0,0,46,0,0,0,24,67,0,0,3,16,0,16,18,0,0,0,0,0,27,29,16,42,4,13,42,32,40
0,7,0,0,0,0,0,19,20,0,40,0,41,45,16,0,27,9,15,0,0,0,237,87,30,91,112,0,27,0,45,53
0,0,0,14,0,39,3,0,0,65,34,0,0,1,47,2,53,0,7,0,16,173,109,125,185,19,55,15,0,7,0,29
28,0,7,0,35,25,0,0,4,21,0,0,0,0,0,49,25,0,0,14,151,172,0,36,0,0,0,2,223,55,2,143
0,0,30,1,0,32,2,0,0,0,0,0,11,0,5,0,0,16,0,5,9,0,25,13,4,0,25,15,55,63,1,23
99,16,0,0,0,0,0,6,0,3,92,0,0,9,26,0,69,19,0,0,0,0,5,0,158,232,19,37,90,29,0,126
0,26,0,0,20,0,0,36,133,193,216,81,13,206,51,33,64,13,0,21,0,0,0,188,188,65,0,103,32,50,0,0
3,70,32,13,0,0,0,37,150,192,89,69,104,193,131,109,30,44,57,40,6,20,57,81,37,19,170,74,81,57,0,2
0,0,8,69,46,7,17,0,0,0,98,36,99,191,16,45,65,4,95,49,0,0,7,12,6,2,16,46,1,29,6,43
64,33,90,70,0,20,10,42,11,0,23,0,0,0,3,0,24,61,70,28,16,11,0,0,15,0,0,41,38,64,0,0
101,39,12,0,16,42,9,10,0,0,78,0,18,0,0,57,129,0,7,3,0,0,0,0,0,37,0,6,35,0,53,39
0,0,0,22,15,32,0,0,9,0,78,19,0,3,0,0,0,11,0,0,12,0,8,28,19,9,0,0,0,5,0,31
84,0,0,5,43,14,20,54,0,0,3,64,0,0,0,0,42,0,0,35,11,0,0,0,12,4,13,0,35,26,1,1
0,0,0,9,35,0,43,163,6,0,0,17,0,0,18,0,14,0,0,8,0,3,1,19,0,14,0,3,0,2,0,34
29,22,0,20,178,23,13,53,36,31,51,99,0,4,14,0,36,1,0,0,19,0,0,41,0,39,42,0,0,0,0,6
55,0,0,17,120,197,109,68,105,65,10,25,0,1,0,0,40,0,8,40,15,0,0,33,0,0,7,35,0,40,0,0
179,0,0,3,252,12,141,45,55,176,65,0,38,18,0,0,19,46,0,36,0,0,0,0,24,42,66,0,0,5,0,0
178,2,0,0,0,52,80,130,99,82,0,51,47,0,6,225,0,2,0,0,0,0,0,0,0,0,126,10,0,0,0,6
0,9,41,10,12,127,73,196,136,3,69,66,0,33,171,0,12,0,0,0,5,0,0,23,9,0,16,26,50,0,14,4
0,0,32,12,16,33,206,93,55,11,8,11,73,0,13,0,41,25,0,0,0,32,31,9,32,0,0,12,0,0,0,13
0,43,0,33,40,0,0,0,17,11,0,36,0,35,3,0,6,0,19,0,6,18,11,20,1,0,5,36,10,0,0,0
41,0,0,36,13,0,1,17,0,7,0,8,80,19,7,0,24,0,2,39,6,0,0,34,1,4,3,0,0,3,8,25
36,17,15,19,0,27,0,0,25,14,0,20,2,16,5,14,9,27,0,25,35,23,1,0,0,0,0,0,8,0,0,0
0,1,11,26,30,45,16,0,0,0,3,18,9,0,0,36,0,0,35,0,29,32,10,0,1,12,0,0,10,0,36,20
0,0,0,0,0,0,28,49,2,7,0,30,0,5,5,15,15,1,0,3,0,0,0,17,0,20,18,0,7,0,0,0
0,0,0,0,33,19,0,15,0,0,0,44,0,0,0,0,0,14,30,53,0,8,1,0,0,0,37,11,9,16,0,0
62,0,26,0,0,0,0,10,0,16,0,2,0,0,17,0,0,37,0,0,11,0,0,0,0,17,33,68,16,2,0,20
0,24,0,17,0,0,0,0,0,42,0,0,0,4,0,4,16,21,0,0,0,25,0,0,0,0,18,0,51,11,3,61
120,0,102,23,0,11,0,0,0,21,4,0,195,0,50,6,4,0,0,0,0,9,0,21,0,0,0,0,1,10,0,5
61,0,0,23,0,0,0,17,0,0,38,7,44,0,0,0,0,0,5,13,20,0,0,0,15,9,0,0,0,0,0,2
0,8,16,0,7,0,33,0,0,24,0,87,8,0,0,5,0,8,0,0,0,0,0,0,16,0,4,0,5,35,0,5
28,0,16,67,2,24,0,14,33,16,0,80,85,51,49,18,0,22,60,0,0,0,0,32,0,44,34,0,0,25,0,27
19,19,8,0,0,12,16,0,0,47,55,0,20,0,0,26,0,89,5,0,0,1,58,16,47,9,0,9,34,39,0,55
0,31,6,10,0,2,28,43,0,0,0,43,0,0,0,0,0,39,13,9,0,0,10,0,29,11,61,0,16,8,0,66
8,73,36,15,0,0,0,0,0,14,149,31,2,0,0,0,24,0,10,0,30,81,9,0,18,37,14,0,6,10,0,43
5,169,12,25,23,10,31,15,35,24,23,10,0,0,0,12,5,0,41,0,0,0,0,0,18,0,51,0,21,12,0,89
0,243,172,0,11,0,0,38,12,0,66,0,0,28,0,4,56,0,28,5,0,28,0,0,43,20,0,60,0,0,20,49
0,38,0,26,21,18,0,0,0,49,0,0,0,31,0,10,48,12,0,0,0,0,0,16,4,0,0,4,29,27,44,61
12,96,15,167,16,23,18,53,0,104,124,0,6,24,14,174,40,15,0,0,33,16,8,0,37,17,0,59,71,70,0,0
40,46,22,74,0,0,0,7,0,163,0,1,13,0,23,60,26,11,5,0,79,0,33,0,2,0,10,82,41,5,22,0
48,243,172,0,0,0,0,21,32,58,0,0,41,31,9,68,0,19,0,110,11,0,0,0,0,0,21,10,5,26,0,37
31,147,238,0,20,0,46,34,45,0,4,47,12,7,72,64,31,19,0,12,0,12,0,0,0,0,0,48,15,0,12,34
5,0,9,0,22,0,0,45,18,0,62,35,0,179,17,0,0,0,69,112,1,0,0,16,0,1,0,4,0,0,2,45
29,9,56,0,20,0,9,21,0,13,31,0,0,0,0,0,0,0,116,1,5,0,0,20,0,0,0,0,14,0,0,4
0,0,0,0,0,27,0,0,0,0,0,0,3,30,12,0,19,215,206,1,5,0,13,0,0,31,0,0,49,1,40,0
0,0,2,0,0,0,0,25,43,44,46,19,0,7,11,1,16,230,0,0,0,17,0,0,0,0,0,37,0,0,0,7
17,10,0,10,0,0,0,2,0,30,0,0,4,7,0,57,14,100,0,7,12,0,15,18,0,0,11,13,0,0,0,29
0,0,0,0,0,5,83,5,67,205,19,0,0,11,1,51,0,7,0,1,14,0,0,0,13,35,9,9,0,3,1,9
0,0,33,12,108,0,1,25,160,239,0,0,33,59,69,9,12,0,0,38,20,0,0,8,0,0,17,28,0,14,0,40
10,24,42,0,2,196,13,0,102,181,37,12,230,31,26,90,0,5,0,0,0,29,0,7,0,24,0,0,0,0,0,42
0,0,29,11,0,75,2,25,0,0,0,0,66,96,12,0,48,31,0,12,0,9,0,0,0,5,22,0,14,0,0,0
5,3,7,24,28,0,28,0,97,26,11,0,72,30,11,28,42,0,2,9,8,0,0,0,0,1,27,0,0,0,0,0
4,20,6,0,0,0,0,0,3,0,39,20,0,3,0,150,9,30,0,0,0,16,5,0,0,30,0,8,0,0,5,55
0,0,0,11,35,0,0,22,0,0,8,0,60,126,2,83,6,0,3,26,19,0,36,0,43,19,11,28,17,1,0,0
0,0,0,0,0,0,24,0,37,8,11,0,0,167,17,0,0,18,0,4,30,0,0,0,31,18,25,26,21,0,0,0
0,0,5,31,16,0,0,0,0,19,0,0,1,21,15,0,0,0,3,0,3,11,12,12,0,0,0,0,6,2,0,51
0,0,42,0,30,0,0,0,0,31,0,0,0,17,21,0,0,20,0,15,0,0,2,0,0,2,1,14,0,0,0,0
17,0,0,0,44,5,11,9,26,0,13,22,0,0,8,24,25,0,0,7,0,0,34,0,0,6,0,0,33,9,0,0
0,0,8,0,52,100,8,0,0,40,12,0,0,2,3,0,0,0,10,0,2,22,4,0,0,20,0,0,19,0,35,0
4,11,0,7,52,25,0,1,0,17,0,14,6,6,10,0,1,17,13,9,0,12,0,0,6,14,54,0,31,0,2,0
0,0,27,0,0,0,0,51,2,29,0,15,3,0,7,0,3,8,0,16,15,0,4,0,3,0,0,34,29,0,14,12
0,0,1,0,1,0,0,69,0,0,29,0,0,0,0,0,10,0,28,22,0,28,0,1,0,33,11,0,13,16,0,42
0,0,22,5,37,0,0,0,49,0,0,0,22,26,16,0,1,18,0,2,0,0,23,7,31,0,0,23,5,0,0,0
0,0,0,7,18,0,2,0,0,21,0,0,0,0,14,0,23,0,20,24,0,24,0,0,0,0,0,5,0,0,0,0
0,0,0,0,0,16,0,0,3,0,0,38,0,2,4,0,28,5,0,0,28,35,11,0,20,7,0,0,28,15,35,0
42,6,11,19,44,0,48,0,10,7,6,10,14,0,0,13,22,0,17,22,0,0,0,0,12,0,15,0,10,12,0,6
0,3,13,28,0,0,21,6,0,0,46,9,0,0,0,0,0,0,0,11,0,0,0,11,0,1,46,20,0,64,0,0
0,5,0,31,2,0,0,26,0,0,0,1,0,8,0,0,0,0,0,32,0,0,0,0,0,7,0,30,7,6,0,80
0,66,24,2,4,34,0,10,0,0,10,56,0,0,0,0,0,0,0,6,36,1,3,6,18,0,0,0,68,21,40,0
28,19,21,5,10,10,0,1,13,0,14,16,6,0,18,0,35,38,0,35,0,0,0,0,0,10,0,34,4,38,26,0
0,0,61,0,47,11,21,0,0,0,97,0,49,23,107,31,21,0,0,21,6,39,21,0,0,9,0,24,41,9,0,0
73,52,67,1,0,2,0,0,0,35,13,0,78,42,61,26,24,84,10,0,31,0,0,0,3,14,0,11,20,1,3,9
20,0,24,48,37,0,19,0,4,0,0,81,54,14,0,0,25,78,1,0,33,0,1,4,21,0,22,76,0,51,12,0
35,27,22,8,40,112,112,93,0,0,9,0,14,31,10,10,71,18,0,0,14,0,0,8,9,8,1,0,4,24,45,63
0,12,64,0,81,76,58,186,11,0,34,33,53,42,66,39,233,131,0,7,5,0,8,23,0,33,0,0,6,23,6,9
0,0,0,18,60,0,99,63,38,0,27,49,65,0,55,142,85,220,118,0,17,38,37,0,0,28,0,9,14,0,18,65
17,0,32,55,104,20,125,16,83,70,0,11,0,2,10,27,138,5,83,5,61,56,0,85,26,4,11,0,1,10,24,5
0,27,0,0,0,0,138,93,189,179,50,0,0,3,103,106,56,109,63,2,43,47,22,84,66,0,8,12,8,1,20,3
0,4,0,0,0,32,5,0,6,0,0,0,16,16,0,23,30,203,161,57,40,112,1,34,137,117,0,0,42,65,10,31
0,0,0,13,14,0,0,17,7,43,32,0,0,7,0,14,0,10,49,0,49,62,20,17,234,0,0,1,0,71,0,4
0,8,0,2,17,12,11,8,0,0,0,31,0,0,12,0,9,22,24,0,6,26,83,144,70,56,0,0,16,30,0,0
0,0,28,0,0,0,0,0,0,3,0,0,0,0,0,3,0,27,0,111,0,0,0,0,0,0,56,0,1,69,0,26
0,3,8,0,0,0,0,17,0,28,0,16,15,0,0,5,7,0,14,0,0,26,16,0,0,59,12,51,136,187,0,0
37,0,20,12,0,0,0,0,0,1,38,0,0,0,0,0,5,0,0,0,18,10,39,58,7,52,201,0,197,33,0,32
22,0,0,0,0,17,0,0,9,0,32,0,0,12,28,47,0,0,0,2,2,0,24,10,26,9,15,20,247,0,0,0
0,0,11,0,8,0,3,0,25,27,21,21,94,0,226,89,72,3,0,0,11,5,9,0,0,0,11,13,0,0,12,31
0,0,0,0,6,23,26,48,16,215,0,17,0,0,0,16,55,9,0,0,0,0,0,18,14,0,24,0,4,0,13,27
3,16,1,0,0,18,16,0,33,15,7,0,0,9,0,37,0,0,2,13,0,0,0,7,0,5,0,0,6,16,15,0
0,15,21,19,14,19,29,0,19,13,8,0,0,0,0,2,0,0,14,20,31,0,18,0,0,19,0,48,4,0,17,26
12,24,46,0,26,13,20,0,0,0,0,24,2,12,18,5,0,0,0,7,0,19,0,15,4,25,22,13,0,18,0,0
1,9,2,0,6,0,0,0,0,0,0,34,0,8,0,9,14,0,11,0,0,25,9,6,6,0,0,0,0,0,0,0
1,20,1,0,0,9,7,0,13,8,34,0,0,0,0,35,0,5,0,0,17,34,17,0,5,32,0,44,24,17,37,0
34,11,3,0,19,0,0,38,5,0,0,9,23,2,21,0,11,5,3,0,0,0,0,0,12,7,41,0,0,4,0,0
22,0,14,0,0,0,0,5,26,17,11,29,0,12,0,0,0,0,0,3,22,0,0,3,0,2,0,0,0,0,0,0
11,11,0,11,18,1,12,0,0,13,18,0,0,0,25,21,20,4,3,9,9,0,0,0,0,0,0,2,8,0,0,0
6,0,1,0,0,23,9,0,17,1,0,7,7,0,7,2,0,10,0,11,9,26,0,41,10,0,0,0,4,0,7,0
0,0,0,0,0,0,0,17,0,6,61,0,10,16,35,0,0,36,0,0,0,1,0,0,14,0,0,72,0,17,0,52
49,13,0,0,9,43,37,0,21,0,33,28,0,0,0,0,20,8,33,0,59,0,0,0,0,0,33,0,34,5,19,7
30,0,9,0,7,0,0,0,0,0,14,12,0,0,27,11,32,17,16,25,8,34,0,0,8,12,46,0,24,16,0,48
21,0,0,0,0,8,0,4,17,30,20,0,7,4,0,0,16,13,5,193,36,9,0,10,0,0,0,0,3,0,184,73
0,19,0,0,0,4,6,0,0,11,0,0,35,0,0,21,0,28,1,156,169,3,55,10,4,5,1,0,0,4,186,98
0,12,0,0,34,0,0,13,2,0,0,3,29,0,22,0,23,24,14,126,211,0,0,8,35,1,62,0,68,61,202,0
0,48,0,16,0,5,0,30,0,0,4,58,22,25,0,0,1,8,45,88,196,0,8,5,35,18,19,0,117,143,32,0
0,75,35,0,0,1,0,0,0,14,11,0,0,0,21,0,17,72,105,133,37,0,22,0,49,52,132,0,50,164,16,39
45,0,0,40,10,6,0,13,5,3,28,8,78,27,60,110,90,36,131,81,135,36,13,0,12,9,90,109,226,19,0,54
0,0,59,0,47,0,73,0,8,48,77,0,7,0,32,0,49,91,39,0,67,0,0,29,26,0,18,174,90,0,0,0
0,0,0,8,22,3,51,0,16,12,25,0,84,82,5,52,96,38,63,27,67,19,44,0,0,28,36,149,8,8,0,0
27,0,2,9,32,13,0,37,43,94,39,19,0,11,0,0,49,44,89,18,0,1,10,0,27,34,29,1,39,16,0,0
104,0,9,3,8,5,29,0,62,18,11,48,29,23,0,0,104,60,0,48,34,6,0,0,9,16,71,0,0,44,19,226
113,0,0,0,0,0,0,4,15,16,0,37,40,0,70,17,0,12,0,38,0,6,0,1,48,0,14,48,0,28,0,11
87,0,0,17,17,0,0,0,29,24,10,57,39,0,4,51,24,0,7,122,19,0,0,0,1,0,9,0,0,2,0,0
0,0,19,21,0,42,0,0,0,14,9,0,14,25,0,14,0,0,26,68,205,0,21,0,4,14,6,0,0,0,12,0
0,0,40,35,0,16,0,18,5,1,40,0,0,39,1,0,24,16,0,0,246,0,12,0,0,5,0,40,0,0,5,0
26,0,22,11,14,0,0,16,0,0,0,0,0,18,9,0,3,4,0,42,0,2,0,13,0,0,41,55,0,22,0,0
0,12,32,0,28,0,0,0,0,0,16,13,0,0,0,9,9,4,21,0,11,1,0,0,11,1,32,0,10,34,2,0
0,0,7,0,0,39,0,14,0,0,20,7,4,7,28,0,0,0,0,23,42,17,4,5,3,0,19,8,0,0,28,0
23,0,0,14,2,21,13,13,0,11,0,0,0,0,18,0,0,14,0,5,9,0,25,0,0,10,0,11,0,18,0,0
73,52,0,0,0,12,48,0,0,0,0,35,0,0,0,0,27,0,4,9,0,0,0,20,4,0,4,0,0,0,0,0
0,0,0,10,0,0,0,21,6,0,16,0,0,0,38,0,0,7,0,0,0,0,0,19,32,18,19,53,7,0,0,21
0,0,0,0,19,1,0,0,0,8,0,0,0,0,0,24,0,6,12,30,0,0,18,8,0,0,2,4,0,14,17,0
0,10,0,6,6,0,8,10,0,1,0,0,8,5,0,0,0,0,0,0,2,0,0,45,35,0,21,0,29,0,3,0
0,6,0,0,3,26,0,0,0,0,0,19,26,0,6,0,60,5,19,0,0,3,0,12,0,0,0,0,19,28,6,0
0,0,0,0,0,11,0,0,0,23,0,0,0,2,0,4,2,4,0,0,0,7,0,0,10,0,4,0,12,4,3,14
8,0,0,5,0,0,17,32,1,28,0,40,0,16,0,25,7,0,13,0,0,13,26,0,0,0,0,29,18,13,2,9
47,41,0,0,16,0,11,26,7,0,0,34,0,0,0,0,5,12,0,132,42,0,7,15,1,22,1,0,0,0,20,40
0,0,5,37,0,2,0,17,0,7,0,6,0,0,0,3,0,0,0,195,137,13,0,6,0,0,0,0,0,33,0,133
0,32,0,3,13,0,0,6,9,22,0,0,1,0,39,37,0,4,57,55,193,11,3,0,0,0,0,12,0,49,197,93
49,17,4,0,39,0,0,0,43,0,0,0,43,20,0,0,9,0,74,67,65,0,5,0,13,27,0,9,0,48,247,161
124,0,39,1,0,0,5,23,0,19,14,0,12,0,0,0,49,22,0,62,9,0,0,31,0,9,1,24,61,14,20,152
0,0,0,0,0,0,38,74,30,0,0,0,0,0,0,20,28,24,134,121,87,10,0,0,0,82,156,0,22,0,41,105
0,0,18,8,0,0,0,38,23,27,5,0,0,1,0,0,7,157,110,0,70,0,29,0,68,5,67,0,0,45,11,5
0,32,0,27,19,41,4,0,0,0,0,0,9,12,0,0,0,39,245,48,0,20,0,0,248,10,32,5,0,4,0,0
61,0,0,0,0,0,0,0,6,31,23,16,8,0,15,30,5,15,32,8,0,8,10,0,0,0,0,22,175,100,11,16
0,0,0,0,0,24,16,48,0,0,0,0,0,8,0,3,0,0,46,27,0,10,0,0,0,0,66,193,141,30,70,74
0,32,0,0,0,0,0,0,0,6,0,12,0,19,11,187,80,19,0,21,4,5,0,0,23,21,12,99,0,64,0,52
6,73,40,0,44,0,22,26,24,23,0,0,0,57,162,197,215,132,1,137,37,16,16,0,0,0,35,8,84,16,0,0
39,10,2,0,15,31,9,0,0,8,13,16,0,43,23,195,0,29,104,171,244,0,81,0,4,26,11,0,254,186,36,16
0,0,39,13,26,17,35,0,12,18,0,0,32,34,0,59,16,0,49,172,168,12,0,12,0,0,0,0,23,7,58,85
0,16,29,0,3,50,18,77,23,8,0,16,28,1,2,0,156,54,6,0,11,4,0,130,10,18,2,0,36,0,5,0
0,0,9,0,11,27,9,28,39,63,11,16,24,0,4,0,0,0,44,0,0,0,15,88,0,6,10,2,0,4,3,8
136,5,0,0,4,85,31,0,0,36,51,0,12,0,0,26,0,0,49,0,2,23,49,0,56,30,0,9,0,0,6,46
0,2,13,0,33,24,30,0,0,65,64,0,21,14,30,11,0,0,0,36,11,1,0,0,0,5,0,17,0,18,0,4
0,9,47,9,18,5,0,0,0,43,219,171,17,0,0,23,16,0,0,21,16,19,9,0,4,0,0,0,0,0,0,0
0,0,0,0,0,50,0,24,0,91,139,30,56,0,52,5,11,11,0,5,20,40,0,13,40,0,0,0,0,0,0,10
0,0,0,0,29,0,0,13,29,141,80,64,89,2,50,0,7,3,0,27,0,0,11,8,6,0,9,56,25,0,0,0
0,0,0,37,16,16,0,32,17,0,139,40,6,7,0,0,0,0,19,12,0,2,0,0,32,27,42,0,43,18,0,0
0,0,8,15,47,0,0,0,12,24,26,15,68,21,17,11,0,34,0,14,0,0,14,0,6,26,55,6,8,0,0,49
37,10,13,0,0,0,0,24,2,8,39,24,0,24,0,29,0,0,10,0,4,0,21,0,0,0,6,0,0,0,18,4
9,24,0,22,56,13,48,45,3,4,0,0,3,0,0,8,6,1,8,0,0,30,0,0,45,0,31,0,6,0,0,9
0,0,0,0,0,22,0,0,0,20,17,0,10,0,32,24,0,0,0,0,0,0,0,64,0,0,0,0,0,0,0,21
0,0,0,0,0,0,7,6,16,0,0,1,0,0,0,0,0,0,6,15,1,0,0,3,0,18,0,0,22,0,0,31
4,0,15,27,14,0,0,0,0,0,42,19,0,0,21,0,0,20,0,5,9,0,0,0,0,0,0,3,0,0,0,31
0,4,28,7,0,0,0,0,0,0,18,14,0,1,13,0,3,0,0,9,6,0,0,0,0,4,0,0,18,11,0,17
69,0,8,15,34,0,16,4,16,14,8,0,20,0,11,48,0,0,0,0,0,26,15,7,21,32,7,0,0,0,0,64
42,12,26,20,16,0,0,38,0,6,0,18,17,0,14,0,3,0,0,21,0,0,0,14,0,5,23,0,0,0,4,0
49,8,0,34,46,0,10,27,27,6,0,0,0,8,0,23,0,0,1,10,0,0,0,5,0,5,3,0,0,0,0,14
0,0,61,3,0,25,12,0,75,235,85,0,34,13,9,43,56,40,0,6,11,0,42,28,7,6,48,0,11,0,15,33
9,4,37,41,29,6,0,0,223,76,0,8,67,0,14,17,0,3,0,26,0,0,16,2,0,0,11,5,0,10,0,25
0,0,15,33,0,0,0,62,26,70,77,0,5,21,0,60,57,58,16,0,0,11,4,2,0,0,0,0,34,0,44,13
102,0,0,0,50,0,0,63,208,44,66,0,0,2,0,156,0,7,0,0,6,41,24,0,11,10,3,11,5,8,4,79
0,0,40,17,51,0,6,130,183,40,28,0,0,30,5,200,40,0,0,10,0,27,29,44,0,0,0,25,2,27,0,10
0,2,32,0,32,23,56,78,40,25,54,1,7,26,0,8,14,16,0,5,179,0,149,80,48,25,63,0,0,0,4,4
0,15,0,0,0,0,47,0,0,0,60,0,0,27,0,0,37,9,186,105,104,23,66,17,24,48,99,0,16,31,0,38
60,0,18,0,38,0,0,0,0,21,41,80,0,28,16,12,61,0,217,101,0,0,0,0,9,57,99,57,0,0,3,31
0,37,0,0,0,29,12,0,32,14,14,66,30,4,0,79,40,0,53,0,0,1,58,0,0,0,0,0,8,0,37,130
0,0,22,0,29,0,9,14,183,46,64,26,20,3,45,55,25,2,15,10,41,62,32,0,0,20,47,11,48,99,41,0
0,25,0,0,7,1,14,214,37,32,53,45,177,145,51,0,16,28,0,16,26,120,0,0,0,0,0,55,55,0,0,0
83,29,18,0,52,72,0,171,122,222,0,105,53,138,74,88,37,0,0,40,169,0,0,16,0,0,29,27,25,0,19,0
81,0,32,15,38,0,13,37,205,15,0,191,195,107,23,15,44,0,72,111,0,0,0,0,21,23,31,3,0,31,1,31
0,0,0,21,46,0,29,36,0,0,0,142,125,26,4,4,42,38,0,12,0,11,0,0,0,20,19,21,1,0,0,12
0,25,23,3,7,0,0,23,4,0,14,0,0,0,99,96,36,33,18,19,11,0,0,0,0,9,13,0,0,1,0,16
0,0,2,2,25,41,3,0,12,85,1,0,15,0,54,199,0,83,130,0,0,0,0,5,17,10,0,0,0,16,0,47
126,0,5,29,52,0,26,48,0,16,0,0,0,43,49,0,26,181,5,1,0,0,0,12,0,0,9,35,0,0,0,0
55,0,0,0,4,2,46,241,162,78,0,0,0,2,0,10,12,38,0,0,34,25,31,0,0,0,0,0,0,21,0,9
70,72,0,0,32,62,150,184,45,33,117,62,29,4,0,33,62,107,6,18,0,0,32,13,0,0,40,0,10,4,0,0
37,16,3,4,128,54,82,48,36,101,12,35,0,0,0,0,44,0,42,31,6,0,0,0,0,25,0,0,20,4,3,4
0,36,0,44,197,54,88,92,75,60,0,82,39,0,0,96,16,0,8,11,11,39,24,0,0,21,0,0,28,16,0,18
112,0,3,9,224,159,75,41,69,0,23,64,47,0,41,56,45,0,0,6,0,4,0,1,0,46,67,8,32,0,0,6
79,8,15,50,196,19,209,135,0,4,0,0,35,107,239,41,23,0,3,0,0,0,3,9,0,0,30,40,2,0,0,24
0,0,75,42,48,34,130,115,13,9,0,0,34,171,140,0,0,30,22,0,22,0,0,23,9,10,9,0,0,0,28,33
0,36,0,0,98,127,49,252,0,4,11,19,81,85,41,17,7,9,37,0,20,25,0,0,0,16,0,0,14,36,51,0
90,29,84,0,55,165,90,125,0,0,0,0,114,42,16,0,44,0,0,11,1,0,17,3,0,6,40,1,0,0,25,0
18,26,0,5,2,56,26,41,0,0,5,0,30,17,0,29,2,0,0,0,15,0,0,5,4,11,8,0,0,0,9,4
0,14,23,0,0,0,26,0,29,1,0,4,2,0,19,0,0,24,32,0,19,0,0,0,2,52,22,0,0,0,22,4
63,0,0,23,12,0,0,5,20,0,41,6,19,27,8,4,0,11,2,0,0,0,0,12,0,0,30,8,13,32,27,0
0,33,15,0,0,8,0,15,19,0,0,0,6,0,0,19,0,0,0,19,8,5,19,0,0,19,0,0,4,14,0,0
0,18,18,24,0,0,12,0,0,0,0,28,0,0,0,0,13,0,0,20,55,0,16,0,10,11,0,15,9,0,0,0
31,6,0,0,1,22,0,0,23,0,27,0,0,21,0,0,0,0,10,0,3,3,0,0,0,5,0,0,28,29,18,0
9,38,26,0,0,15,2,0,9,32,2,33,19,0,32,0,31,1,0,0,0,1,9,11,0,0,0,0,0,33,0,0
0,18,0,12,0,0,25,17,0,34,0,44,126,52,12,0,0,0,23,45,8,18,10,0,0,17,51,59,0,0,15,18
0,19,12,0,14,9,0,16,44,0,37,39,21,37,0,6,0,13,51,0,0,26,20,0,10,7,0,53,0,0,30,72
0,0,0,46,0,0,35,0,0,0,47,44,53,0,0,11,26,6,0,36,0,0,0,0,24,0,1,0,0,28,0,63
0,0,0,24,9,9,0,0,0,38,152,0,0,30,19,0,0,55,38,9,0,8,58,0,32,0,61,4,20,20,0,0
16,0,0,19,0,5,0,35,20,17,184,76,4,0,0,0,0,58,0,0,19,0,33,2,19,4,85,12,0,12,37,0
1,84,54,37,60,105,6,0,19,102,202,0,0,0,0,0,119,10,27,0,18,24,45,0,0,29,0,4,0,25,27,88
0,66,39,0,17,80,30,0,61,98,10,54,32,7,0,6,16,22,14,0,23,8,57,7,27,0,0,33,0,0,0,7
168,121,31,5,45,0,0,0,2,84,17,67,0,0,25,49,38,16,0,8,0,7,0,51,7,0,0,44,26,4,6,59
62,12,81,12,35,17,13,25,51,4,0,40,41,20,0,17,3,5,7,31,3,0,0,0,0,32,0,11,27,21,38,35
124,113,64,40,0,17,7,0,21,50,19,16,0,48,15,52,32,5,0,0,4,21,3,0,0,7,26,0,40,0,4,74
0,104,105,0,27,0,28,0,3,82,11,74,112,0,74,135,63,22,0,5,0,0,0,21,25,12,46,0,18,33,14,0
251,117,53,39,0,8,0,0,0,9,10,30,79,37,92,229,23,0,74,50,0,35,21,0,19,0,0,37,0,20,0,15
26,126,53,12,3,0,0,25,10,66,4,0,0,0,27,0,0,42,85,0,18,32,0,16,14,0,25,5,8,18,23,29
85,172,36,7,42,10,55,18,94,188,0,20,98,24,102,56,6,48,143,43,0,58,62,0,8,0,29,43,5,6,0,0
0,162,141,0,0,0,3,8,0,45,0,0,0,12,13,66,0,0,113,20,53,0,14,0,0,38,0,0,1,0,35,0
35,17,9,0,36,0,9,9,21,5,0,14,0,0,153,21,49,3,0,11,9,0,2,2,6,1,0,18,0,0,0,0
5,9,252,17,0,4,30,2,0,21,9,18,0,0,151,73,55,46,129,6,0,7,16,14,0,4,0,16,0,4,12,0
0,2,38,15,0,0,9,57,5,22,14,0,16,0,22,62,16,212,34,0,0,6,6,18,3,0,0,12,40,21,0,0
20,0,30,19,12,0,56,62,0,8,13,0,44,0,0,50,76,146,128,0,19,0,45,7,0,0,44,11,0,22,0,0
0,0,2,25,0,0,0,3,0,0,16,10,0,47,0,90,17,169,213,0,0,9,37,24,0,32,0,7,0,0,0,0
0,0,8,22,45,1,0,20,0,6,18,55,0,0,0,36,0,173,17,11,3,0,21,0,0,0,0,39,0,26,32,12
7,19,0,0,0,0,0,42,7,41,30,0,0,39,141,0,0,0,0,0,0,5,24,5,0,16,0,9,11,0,0,31
0,0,19,14,0,35,0,0,51,4,85,20,17,90,125,10,31,38,0,0,0,0,0,10,0,5,29,17,40,2,0,37
9,0,17,17,0,1,16,0,15,0,22,0,10,9,0,0,0,0,27,5,9,0,16,0,14,7,0,0,0,4,0,0
0,6,15,0,17,10,2,46,0,0,0,0,13,17,12,1,1,8,3,0,0,11,0,0,0,0,1,24,13,0,0,0
0,21,16,21,0,0,3,37,0,24,9,0,0,0,1,0,0,8,0,6,18,22,0,7,32,0,0,9,0,0,0,28
0,0,0,7,0,14,0,9,1,0,29,30,30,0,0,0,29,0,5,0,3,0,0,17,11,0,16,0,25,0,32,0
0,0,0,39,35,0,31,45,0,18,0,7,0,0,0,37,0,0,3,0,19,0,0,0,0,0,17,0,5,13,0,31
0,28,0,0,0,6,0,0,21,0,0,32,3,0,6,24,16,0,0,10,15,0,22,0,0,0,0,0,6,6,13,0
4,0,33,0,0,5,0,0,11,0,12,0,0,0,5,0,0,0,2,0,16,14,0,0,0,0,19,17,29,27,0,0
8,0,0,0,7,0,21,0,0,1,0,25,6,0,0,0,12,6,2,0,0,0,7,36,26,0,34,0,0,0,4,34
31,0,0,13,0,0,0,28,31,0,3,0,60,7,0,40,10,0,0,13,0,32,15,0,0,0,0,0,0,0,18,22
5,33,0,2,0,0,3,0,0,10,20,27,4,3,10,0,13,0,14,17,0,20,63,26,0,51,33,14,0,0,35,10
1,27,1,0,0,7,0,0,0,0,0,49,33,0,41,42,0,0,0,0,24,124,5,17,0,0,0,0,22,15,46,72
55,26,37,0,0,15,0,5,0,0,64,29,104,0,7,0,24,7,23,22,54,45,44,0,21,9,8,0,41,0,67,4
0,0,10,17,19,0,16,8,9,17,0,0,47,44,3,0,0,12,0,0,0,2,0,0,24,0,30,0,0,7,0,34
0,24,0,0,0,0,0,0,1,0,0,88,16,39,0,13,1,66,0,0,80,7,0,16,0,4,35,39,0,0,0,0
57,0,39,28,6,23,0,2,5,41,39,7,0,33,21,0,22,0,18,23,31,0,37,6,26,0,10,0,25,0,0,0
15,0,54,25,2,0,0,0,0,43,0,0,9,33,0,0,25,17,0,0,0,30,1,7,0,0,0,61,0,21,1,0
27,80,50,0,0,21,0,0,0,0,25,20,35,1,0,44,60,20,20,0,0,4,0,0,0,0,27,11,0,0,57,59
0,36,0,0,0,10,0,0,0,5,0,52,0,8,50,55,0,0,0,0,13,0,1,0,0,19,0,0,57,14,59,0
111,0,2,3,20,15,27,0,13,0,0,0,0,46,28,79,38,33,4,40,0,5,0,0,0,13,0,0,64,0,0,9
0,35,0,35,0,0,42,0,0,58,0,0,37,9,19,46,0,41,0,0,89,28,0,12,9,0,0,0,0,0,0,40
0,74,0,0,0,4,0,12,0,0,1,0,2,0,16,8,0,54,90,23,49,0,0,0,41,0,30,36,48,0,29,9
17,53,39,15,0,3,90,5,0,10,188,137,0,19,0,0,65,28,3,24,40,39,30,7,27,22,0,49,36,36,26,0
93,1,80,51,44,0,98,17,18,54,167,28,28,19,52,0,86,61,16,10,96,0,48,3,0,0,0,3,4,16,0,0
0,0,18,18,50,0,57,41,0,2,42,59,16,0,27,1,31,48,106,72,72,94,2,0,5,1,33,34,28,19,1,0
0,0,5,0,54,115,173,27,105,55,140,96,36,28,0,0,0,0,29,106,43,44,0,1,0,0,0,75,0,0,0,0
24,0,0,0,28,29,72,112,193,91,0,162,182,36,0,53,54,0,9,98,148,185,0,15,28,51,80,81,5,13,27,43
81,5,0,21,0,47,49,29,135,63,133,56,87,117,75,0,0,0,0,94,41,195,17,11,93,52,162,253,27,0,0,22
25,14,0,0,0,0,0,0,44,49,0,44,72,57,215,5,13,0,89,95,10,41,8,83,49,14,51,146,0,0,0,8
103,17,0,7,0,22,0,0,0,0,0,37,39,7,2,40,6,25,66,33,53,30,59,111,66,43,234,149,17,28,12,2
25,0,14,0,11,0,20,0,7,0,0,0,0,0,23,0,16,10,24,85,6,135,23,35,31,0,71,114,0,24,58,37
0,0,15,10,1,0,41,0,0,3,39,11,20,7,17,9,2,0,11,0,6,110,45,0,29,13,0,18,11,0,53,16
0,22,0,0,8,0,0,0,58,15,0,37,0,0,0,16,0,12,0,29,0,12,27,0,0,0,0,14,46,196,167,0
30,0,24,6,0,0,49,0,16,0,21,0,0,0,0,0,152,74,0,6,2,0,0,0,2,14,0,0,55,48,48,2
0,0,0,6,5,18,27,0,2,18,0,0,11,20,0,0,0,149,14,0,0,0,0,11,0,21,46,41,0,0,23,0
0,0,12,0,0,4,7,2,5,9,0,13,13,29,0,0,0,0,0,0,0,0,0,31,0,4,0,8,0,13,9,0
0,0,0,0,0,34,58,0,14,11,9,0,0,0,0,3,0,3,0,0,0,2,0,0,0,13,0,21,0,0,0,2
21,0,0,1,6,8,11,10,7,18,9,0,0,0,6,0,0,15,0,4,1,0,7,0,4,0,32,17,0,21,0,0
17,0,0,6,0,20,0,1,13,0,0,6,0,0,0,13,0,0,0,7,0,16,1,0,0,24,19,0,0,0,13,9
1,1,0,0,0,9,0,30,0,5,0,5,0,0,0,20,0,4,13,66,7,10,0,29,16,22,20,0,13,3,32,3
0,0,21,0,18,30,3,1,7,0,50,14,0,0,0,202,46,0,16,26,0,8,0,26,0,5,2,0,11,21,0,0
0,26,21,52,0,0,11,24,0,36,30,0,5,0,0,17,2,0,9,0,0,23,0,0,0,33,3,0,16,0,33,26
0,5,18,33,0,0,1,5,0,42,0,0,0,71,0,0,0,0,0,17,0,0,54,0,0,4,45,28,0,0,43,0
64,13,0,13,21,55,24,23,23,0,0,0,0,5,0,35,0,0,0,0,15,106,34,0,16,0,0,20,0,13,1,7
0,0,0,15,12,49,0,35,35,0,59,0,40,0,11,0,0,13,0,8,45,2,0,0,0,0,0,5,23,42,4,7
72,14,0,0,26,14,0,0,14,0,47,49,0,0,0,29,0,0,42,0,17,23,10,0,0,26,0,0,16,43,8,18
65,0,18,0,9,9,38,4,0,0,0,90,0,16,0,0,33,0,8,38,0,0,32,17,18,0,83,9,30,17,0,0
56,0,0,0,54,0,14,67,0,0,1,0,0,0,0,0,0,16,0,0,180,0,24,4,13,21,12,0,10,9,0,0
0,13,27,5,10,10,0,0,32,30,0,60,25,28,26,7,0,0,0,49,58,125,0,0,0,0,0,19,0,12,14,247
0,6,13,26,11,29,0,0,0,0,0,0,29,0,0,47,18,0,0,18,75,20,0,0,23,0,0,4,0,14,85,30
0,12,46,4,18,25,0,0,42,20,6,0,0,3,5,4,0,33,0,9,8,0,29,18,48,16,8,1,7,0,38,112
0,4,0,8,0,0,0,24,0,28,0,34,39,0,3,16,7,6,2,254,199,9,0,0,37,4,0,37,21,28,0,65
0,16,14,0,7,0,30,0,8,14,0,35,24,0,23,0,0,0,33,138,129,0,0,0,2,17,0,78,49,85,0,0
0,18,6,0,21,0,3,0,0,16,35,0,41,9,101,36,50,52,99,105,26,0,0,0,38,7,41,165,216,0,0,0
14,6,27,0,0,18,5,0,0,18,0,0,13,35,58,0,82,9,80,80,41,9,0,66,0,0,106,213,54,0,0,43
0,9,16,32,11,7,0,16,0,0,0,25,78,46,72,81,217,27,90,110,28,32,0,0,0,0,217,93,1,0,21,13
70,0,14,0,0,0,0,95,0,25,62,13,60,0,15,199,103,48,46,0,32,20,42,0,26,29,61,92,12,8,34,82
0,0,16,0,39,25,24,14,0,73,0,49,24,14,61,5,167,46,30,0,48,0,0,0,0,12,93,20,1,0,130,133
59,39,12,0,35,18,0,89,89,0,72,147,114,70,47,12,5,48,105,0,0,0,7,2,51,21,9,6,0,0,141,86
65,7,11,15,0,29,26,29,2,0,32,93,32,0,3,27,0,16,193,154,5,0,0,0,0,0,33,32,26,8,20,39
68,0,64,0,23,14,30,14,45,35,4,3,13,0,31,4,0,0,215,142,7,0,13,54,0,0,0,10,27,1,6,197
0,21,0,0,0,0,0,0,24,0,0,17,0,0,10,0,26,33,16,0,45,0,1,0,0,22,10,2,0,0,23,7
16,0,41,34,52,0,28,32,0,9,0,0,0,0,7,0,0,0,0,9,0,0,0,0,6,0,44,0,0,0,0,1
0,35,0,0,0,40,27,0,13,0,69,0,0,0,0,0,18,0,18,0,0,14,0,8,5,2,0,32,0,5,28,13
0,4,4,3,0,0,38,0,0,0,0,38,8,0,0,40,7,0,0,17,0,18,0,21,0,15,0,14,7,0,0,0
0,5,0,35,0,0,23,0,0,0,0,6,39,52,5,6,0,8,14,0,6,2,56,0,19,0,7,0,2,0,0,0
0,0,9,0,18,0,0,0,0,9,19,0,201,199,59,0,0,16,0,4,11,0,41,0,7,0,0,28,0,0,0,0
7,11,0,2,0,22,0,19,0,4,0,17,66,9,63,0,0,10,0,4,0,0,10,1,0,9,0,17,9,3,12,21
0,15,0,0,0,0,0,0,0,0,0,19,0,144,220,12,0,0,0,1,26,0,0,0,13,0,0,22,0,9,18,0
0,0,1,0,17,0,2,67,0,56,0,6,0,0,28,0,4,0,0,21,8,1,0,0,13,0,19,12,0,0,0,0
22,0,6,7,0,0,21,50,17,3,19,0,0,25,12,0,26,19,0,0,0,0,39,55,0,0,17,0,0,10,0,0
26,0,0,17,24,0,21,0,42,0,0,5,0,0,7,16,10,0,1,7,0,13,16,0,0,0,32,9,0,0,24,3
0,4,0,18,0,14,37,0,25,0,9,26,0,23,20,0,0,14,0,20,7,0,0,9,0,8,0,0,0,5,13,17
126,0,5,36,0,0,0,0,10,7,0,0,54,0,0,3,163,123,32,0,0,36,0,0,0,42,2,29,0,1,0,21
0,12,0,0,11,62,0,44,22,0,0,6,37,7,0,0,116,117,144,6,13,39,11,7,0,0,15,0,174,82,17,24
22,18,0,0,0,65,6,71,2,0,0,42,0,0,0,11,82,101,151,0,61,45,13,23,0,19,0,148,180,46,59,47
105,0,20,0,0,0,0,0,0,13,29,9,22,0,14,96,206,17,195,111,33,44,8,5,0,120,68,81,38,41,1,107
60,11,3,0,0,30,0,0,15,19,0,0,22,6,13,25,98,108,112,26,18,0,16,63,132,122,0,0,0,39,11,113
0,0,8,22,0,0,23,15,0,19,31,0,13,0,176,7,69,132,19,105,0,0,49,165,113,0,55,27,6,0,0,35
0,17,0,0,5,0,3,0,0,0,0,51,0,0,68,85,13,96,34,0,12,68,114,0,0,0,24,2,80,0,48,29
0,33,0,0,0,0,39,27,3,0,1,0,5,63,22,0,35,2,91,48,5,7,10,0,0,56,4,85,85,0,1,65
0,14,0,0,0,10,2,0,11,16,43,0,0,10,0,0,26,73,33,22,0,47,0,15,59,65,161,151,21,32,3,0
28,48,12,12,0,0,27,0,8,4,0,0,73,7,0,0,0,36,18,10,0,5,0,186,63,60,34,19,66,40,87,20
0,79,0,0,7,18,12,0,22,9,0,39,197,215,63,0,22,3,16,0,17,30,34,8,0,0,34,41,65,82,14,0
6,0,10,0,33,0,0,13,0,15,0,191,196,149,69,46,201,76,12,34,0,19,0,17,0,191,120,73,22,67,28,37
32,16,0,0,11,0,0,6,4,0,0,215,181,235,188,64,161,26,102,7,5,71,24,0,57,167,96,57,83,87,27,106
11,70,0,0,0,12,0,0,0,11,0,4,0,12,16,28,19,19,29,52,45,25,1,0,0,0,40,11,36,42,66,44
0,33,0,0,4,74,30,61,0,31,100,0,29,0,0,0,154,26,19,16,0,0,3,0,0,0,24,0,125,28,47,16
12,0,17,38,0,1,0,5,0,0,62,13,0,0,0,0,0,1,0,0,0,20,7,0,13,9,2,14,0,0,0,32
42,0,32,0,59,0,56,0,48,0,10,14,13,0,48,0,105,17,45,0,24,1,31,0,18,11,45,0,0,28,92,0
0,0,0,0,0,13,45,118,12,0,80,0,0,0,0,6,4,7,0,0,8,0,6,0,0,0,17,27,52,16,56,47
0,29,0,34,44,18,145,49,112,32,0,55,12,29,35,33,0,0,0,11,15,0,0,27,0,10,0,0,10,45,13,16
0,0,7,20,7,0,185,100,37,97,1,0,37,0,24,0,0,0,0,0,0,0,0,28,5,0,61,0,0,18,0,17
11,0,0,0,41,0,201,77,151,55,38,0,0,0,0,18,17,9,36,15,56,0,20,36,0,0,0,0,23,5,34,7
0,46,0,0,0,24,50,220,42,0,0,45,0,8,16,0,0,4,0,25,0,9,0,0,0,0,42,0,6,0,0,0
38,0,0,24,0,0,0,0,1,0,0,43,31,8,0,18,8,12,21,12,41,0,27,4,14,0,8,0,0,0,21,0
0,0,7,14,0,0,0,0,5,6,0,0,68,42,0,0,0,0,0,13,21,11,0,0,0,2,0,17,0,14,0,0
0,32,8,0,0,41,0,22,43,3,19,75,0,12,14,0,3,11,5,0,29,0,15,0,0,0,0,19,16,0,33,0
0,28,0,27,16,0,0,38,0,0,7,29,4,0,7,27,0,21,0,0,27,5,17,0,0,19,35,0,18,0,0,36
33,26,0,6,6,0,0,0,20,0,12,19,0,11,8,6,3,0,35,0,10,0,0,0,17,13,0,6,0,17,0,0
0,30,0,0,13,0,0,0,0,0,2,6,0,0,0,50,0,6,26,22,0,21,1,6,0,16,9,0,27,16,28,31
0,0,37,34,6,0,0,12,17,0,0,0,0,22,19,0,0,0,0,3,9,0,34,0,15,0,30,13,3,0,0,0
0,4,0,1,31,5,0,0,7,0,12,34,0,0,20,0,0,0,11,0,0,0,6,0,19,16,0,17,15,0,0,9
0,0,0,0,0,61,0,49,14,1,6,11,12,1,23,0,0,18,0,0,0,10,5,0,0,0,4,0,0,0,12,43
21,10,3,0,0,0,6,0,23,0,0,6,0,0,21,8,7,0,1,0,0,0,0,0,0,11,0,0,3,14,0,1
0,24,6,12,139,35,101,48,159,112,18,0,0,0,11,0,40,0,24,11,32,0,14,14,1,4,64,0,0,0,32,14
105,16,19,0,149,33,96,137,96,70,39,3,0,3,56,7,12,16,24,6,91,0,9,8,0,48,51,0,0,2,23,53
87,9,6,145,125,153,112,183,8,121,64,0,30,194,33,116,6,25,0,0,36,0,41,8,7,8,41,21,2,0,33,12
0,19,0,137,187,129,74,16,149,95,12,0,153,76,34,71,0,4,0,9,0,0,0,3,1,0,0,3,3,12,16,56
0,38,0,144,98,147,120,36,43,0,6,12,52,6,35,88,18,0,25,7,1,0,93,18,0,0,0,29,54,30,39,40
0,0,0,128,211,187,210,119,63,0,41,248,0,44,45,0,49,135,35,64,134,25,116,64,29,41,82,0,0,0,4,12
0,0,5,92,220,0,76,15,5,24,62,133,0,7,0,6,18,13,0,0,30,0,54,8,91,0,66,0,23,8,0,93
0,0,0,242,82,49,26,14,3,61,8,46,0,30,1,0,19,19,101,0,0,0,0,30,33,0,0,44,2,0,0,63
37,13,13,75,8,0,0,26,38,47,36,70,29,1,144,53,0,26,0,0,14,18,0,0,0,28,108,19,16,29,18,87
0,48,23,0,0,0,0,23,0,0,35,19,30,8,207,24,18,0,22,15,32,6,0,23,0,6,25,0,58,117,53,66
0,0,0,10,0,65,0,49,55,59,99,19,14,70,48,0,0,14,5,29,0,0,31,19,46,0,54,59,61,46,0,25
0,0,0,0,12,57,30,65,90,100,10,39,78,11,94,0,0,54,58,0,9,44,0,0,6,5,86,36,39,0,7,36
0,0,0,14,45,150,13,5,2,61,87,85,31,94,67,0,71,194,69,7,0,52,53,12,0,0,0,25,25,51,35,21
0,0,0,24,35,99,54,0,65,74,31,18,33,122,0,0,108,135,0,0,0,0,0,8,25,2,0,0,57,0,0,42
0,0,8,123,104,96,0,211,100,100,0,1,86,152,58,0,29,26,7,19,0,0,0,4,2,0,33,23,52,12,9,0
0,0,12,9,245,0,5,223,211,0,0,8,18,111,0,0,6,0,10,6,0,0,0,53,0,0,2,22,6,0,0,9
50,7,18,0,21,5,9,52,13,0,0,57,72,18,0,66,24,43,0,0,0,14,3,11,4,0,30,10,0,28,75,0
29,0,0,0,0,0,26,30,28,11,16,156,94,0,63,0,4,7,14,32,0,18,53,9,0,0,0,13,0,0,0,107
2,18,0,28,0,43,32,44,35,0,0,120,0,80,178,11,48,17,32,32,9,0,0,34,28,4,58,8,18,38,20,0
21,9,0,0,55,139,136,19,35,12,0,0,0,43,0,3,0,0,0,5,27,0,46,37,0,11,0,0,0,37,0,0
0,0,3,0,207,64,0,24,0,40,0,0,43,129,0,0,0,12,0,11,0,9,6,47,14,9,0,28,0,7,23,0
0,0,4,0,113,71,0,27,7,9,0,45,93,83,0,0,22,6,0,29,0,8,0,0,0,0,0,32,1,9,0,0
29,0,7,0,137,57,29,25,14,0,0,145,164,38,32,12,33,9,48,38,15,0,0,29,0,0,22,0,0,0,0,50
0,43,250,102,107,8,16,0,7,0,43,57,193,82,42,0,43,16,29,0,0,0,0,0,0,1,0,19,19,0,36,0
212,3,31,108,102,0,19,19,0,49,166,55,138,94,22,25,41,3,37,10,38,9,1,4,10,0,0,25,0,0,0,5
15,43,206,29,122,25,0,27,0,40,109,62,102,17,0,9,0,0,0,46,0,0,33,21,0,0,37,0,26,30,8,17
0,50,102,96,111,28,0,0,0,75,195,218,0,0,31,28,31,26,49,0,4,0,0,3,19,0,43,0,6,0,0,1
0,82,232,55,165,0,0,0,12,21,63,0,0,0,0,0,0,2,0,34,0,0,0,0,0,11,12,0,0,0,13,3
0,0,58,9,0,0,17,0,4,1,28,0,0,5,0,10,0,0,0,0,7,25,17,0,0,16,12,0,9,0,0,0
0,18,0,4,0,0,21,0,0,33,21,0,3,17,18,7,3,0,2,0,0,0,0,0,0,7,0,1,12,0,0,0
23,17,0,2,0,0,5,33,33,0,0,48,0,7,16,0,32,7,0,0,9,0,0,5,23,0,36,0,24,9,35,3
0,0,38,11,0,24,27,24,33,0,0,24,9,0,0,10,0,0,7,24,21,22,29,0,0,10,0,12,7,7,0,0
0,37,12,0,0,3,0,0,34,16,80,9,0,0,0,0,0,2,36,6,33,11,0,1,0,10,0,0,58,22,24,12
0,0,3,0,10,50,31,0,0,0,0,0,0,11,10,4,0,29,32,12,17,0,4,17,26,17,0,24,11,8,40,0
7,27,30,15,0,9,13,0,25,0,0,0,50,47,60,1,0,0,0,0,9,97,0,31,36,0,0,0,0,0,34,13
0,12,0,0,64,41,35,0,15,25,40,0,54,0,4,0,0,25,0,32,0,1,4,4,32,25,0,19,0,0,4,6
0,48,0,0,21,16,31,0,33,0,56,7,17,18,5,0,0,9,41,29,34,0,75,14,14,4,0,0,70,15,29,0
0,0,9,1,60,0,8,0,0,0,0,49,12,0,16,0,24,6,0,0,39,17,11,10,7,22,34,17,0,0,0,2
5,0,30,0,28,7,0,36,0,14,87,0,29,0,14,41,0,0,65,0,46,42,87,16,33,9,7,29,3,0,0,73
9,0,0,14,0,93,90,0,38,72,27,15,0,0,0,7,6,0,0,0,0,7,0,18,0,0,27,20,0,2,29,0
93,0,28,0,29,0,19,14,9,165,0,28,30,2,4,15,51,0,49,0,16,0,8,13,35,0,41,28,0,6,0,58
22,0,0,20,4,0,0,0,34,0,40,15,12,32,43,0,0,0,0,0,0,43,0,0,16,16,12,1,73,13,54,55
32,5,8,14,0,13,1,3,70,0,8,16,0,41,39,2,17,0,3,0,0,0,22,0,31,0,32,0,2,14,3,0
62,0,12,5,0,8,5,12,27,172,1,0,123,13,21,12,9,1,0,0,18,36,14,43,18,0,0,31,31,0,0,30
49,0,20,0,16,40,11,0,170,23,15,1,83,87,11,15,18,12,51,0,4,0,1,13,0,2,38,37,45,24,0,0
47,0,0,3,0,6,0,0,26,5,0,18,36,11,114,0,0,0,0,0,0,0,31,7,5,19,3,15,6,1,36,61
6,15,0,24,0,0,29,0,175,8,43,31,118,8,59,0,109,32,6,16,0,0,22,0,32,0,0,26,67,10,76,3
243,0,5,5,31,0,19,0,149,0,0,19,0,60,0,57,0,0,13,10,4,0,0,2,0,0,0,5,31,13,15,0
89,113,5,1,0,17,7,0,213,161,37,14,39,0,54,44,0,8,17,0,21,31,23,0,0,6,11,42,0,17,24,0
212,93,29,5,1,0,6,21,211,32,0,0,104,37,134,10,16,6,15,0,0,0,23,17,0,16,27,0,0,0,5,0
0,87,109,13,18,0,13,0,0,6,0,27,33,25,32,0,38,21,8,10,0,14,0,6,10,0,0,0,28,17,0,0
0,144,0,0,23,0,0,0,0,0,35,53,11,121,16,0,70,0,5,17,0,0,0,21,16,0,54,0,19,18,47,0
26,34,63,0,0,9,0,0,10,0,0,19,21,0,20,21,75,14,35,27,17,0,0,23,14,70,56,0,27,0,25,0
0,20,0,0,0,0,24,0,29,0,25,0,31,0,25,30,17,151,12,17,5,18,1,0,0,21,0,14,5,1,0,31
0,31,61,22,0,0,0,11,30,3,15,23,0,16,5,0,0,93,12,13,0,31,20,16,0,5,13,1,0,8,7,0
0,0,0,0,87,21,46,0,3,0,44,10,61,11,11,0,0,21,0,6,0,0,0,0,18,0,1,0,0,0,4,39
0,38,0,0,90,0,0,3,11,34,0,34,0,13,0,0,9,0,23,54,10,0,17,0,0,19,22,0,37,5,31,0
33,0,21,1,35,29,8,66,0,45,112,27,6,0,0,9,0,0,12,9,0,0,31,29,0,18,0,41,11,0,0,0
28,11,0,0,43,102,141,0,0,8,0,0,0,0,0,0,3,0,10,33,25,0,19,0,0,0,0,0,0,0,0,46
32,25,28,0,10,3,14,0,23,0,15,0,0,0,0,29,18,0,0,0,0,5,3,12,0,61,0,0,2,19,7,31
47,9,0,0,0,49,0,0,37,24,32,0,40,3,14,0,0,0,0,9,2,0,0,0,0,23,0,0,0,34,0,0
0,28,1,3,38,0,8,0,28,0,54,0,0,11,0,10,0,0,8,4,22,0,28,0,14,7,6,0,0,2,0,3
21,0,38,0,0,29,0,16,0,29,1,2,1,25,9,0,0,11,0,0,0,0,0,23,14,6,11,28,0,22,0,0
0,47,0,0,25,18,16,29,0,21,0,21,0,0,42,19,9,2,10,0,3,0,0,4,0,28,14,0,0,18,20,22
23,34,0,0,0,39,0,16,0,30,0,28,2,0,5,0,10,0,0,0,0,0,0,0,7,29,0,0,0,0,0,13
0,0,68,4,0,6,0,0,22,0,5,16,0,0,33,0,17,10,0,0,0,18,1,3,0,36,5,0,4,0,24,22
11,0,0,16,13,0,33,0,31,24,0,0,0,31,6,0,1,0,0,46,0,91,0,27,0,0,23,0,3,48,0,0
51,9,14,0,58,0,5,0,0,14,0,0,11,0,0,3,23,30,0,4,12,74,0,0,0,39,0,37,0,0,1,32
157,0,27,0,0,0,0,50,0,0,82,50,46,0,0,0,0,48,30,2,27,25,58,9,0,4,0,35,34,1,26,0
0,8,3,7,11,0,50,0,29,58,17,64,0,8,0,15,0,13,0,0,40,17,49,0,0,3,54,25,21,11,10,27
117,38,0,14,0,17,0,0,29,9,46,9,0,0,0,5,18,33,0,0,0,4,39,9,23,18,20,0,10,32,36,97
0,1,0,0,11,0,0,45,0,68,32,0,0,0,0,12,0,16,17,0,0,0,0,21,0,0,0,50,38,0,0,42
0,0,19,0,12,24,23,1,0,2,23,32,9,0,0,44,0,0,0,16,9,1,7,8,45,33,0,0,17,1,0,9
0,1,8,0,0,5,27,18,0,0,20,6,23,43,16,27,0,17,0,0,28,0,3,0,19,0,0,18,4,21,56,81
0,0,3,0,51,0,0,41,0,0,0,31,0,39,20,0,48,0,0,96,0,99,0,0,11,11,28,13,30,26,14,0
0,7,0,0,0,46,0,0,27,23,38,0,37,69,24,0,0,18,70,0,124,48,140,0,0,0,0,0,0,44,26,0
42,0,0,0,58,8,0,0,71,24,36,14,86,0,7,56,15,101,71,28,0,11,0,0,0,15,40,32,66,0,29,23
53,20,0,52,4,12,0,0,7,0,9,19,58,97,0,0,34,20,18,21,76,45,80,25,29,0,61,0,0,8,0,7
36,76,32,0,35,80,84,3,31,0,23,25,154,126,3,15,0,7,62,20,13,0,114,0,0,0,0,0,12,36,16,0
100,87,12,18,34,0,0,9,60,49,60,48,60,59,0,0,0,0,180,129,148,53,31,0,0,0,0,48,0,0,14,0
144,25,31,0,48,39,63,16,0,0,54,83,50,52,161,0,0,21,73,91,191,120,0,0,4,18,59,78,16,0,30,0
154,0,3,106,64,23,60,74,85,39,16,149,139,61,151,0,8,0,0,42,138,59,145,13,0,55,121,241,4,0,34,30
113,6,22,28,1,54,42,17,113,10,6,102,26,51,108,36,20,19,10,39,64,54,139,6,42,102,251,223,0,0,0,3
61,3,0,48,0,0,39,54,12,19,3,80,122,51,62,114,19,0,0,19,17,14,28,2,55,28,60,124,9,0,18,10
161,0,0,25,0,36,13,62,0,20,0,45,0,0,0,0,4,0,2,0,14,0,3,19,74,51,209,38,0,2,0,9
0,0,34,0,0,11,10,0,0,0,26,26,0,0,2,22,0,0,0,0,5,0,33,0,32,0,36,0,0,8,0,0
0,26,12,3,20,38,22,0,0,7,1,45,10,0,19,18,17,0,28,0,0,33,27,0,13,25,12,0,0,31,36,0
0,8,5,0,31,2,0,0,23,14,40,0,77,0,0,17,167,17,0,0,13,8,0,0,0,16,0,0,25,197,29,34
0,0,3,0,2,19,32,1,19,13,4,0,0,0,0,0,78,80,0,0,163,231,0,14,0,0,0,27,4,0,11,0
0,0,4,0,0,10,0,0,0,0,0,0,0,23,0,1,0,1,5,0,5,113,6,10,6,65,0,0,0,36,0,13
0,0,0,0,0,76,11,0,0,0,0,44,0,32,0,17,20,0,0,5,18,2,0,0,34,4,4,42,21,23,11,0
0,20,0,0,0,24,0,0,0,18,2,20,2,1,0,1,0,37,0,14,17,0,15,17,0,2,0,0,0,0,15,0
0,4,3,0,0,0,3,0,27,0,0,31,0,0,7,0,31,0,0,0,0,17,2,0,0,27,0,8,11,32,0,0
27,24,12,24,8,0,26,10,25,3,17,1,0,0,16,11,0,3,0,1,0,0,0,0,0,0,0,0,2,0,0,41
0,0,0,12,36,27,0,0,0,0,9,15,0,0,11,0,0,0,8,0,0,0,16,33,22,0,47,20,6,4,18,36
0,0,13,10,0,0,0,31,17,0,18,0,5,2,25,0,11,7,14,9,0,0,20,0,0,2,49,0,20,28,0,0
0,2,0,17,11,0,5,33,19,7,0,8,5,20,9,3,17,0,0,29,0,1,0,0,10,0,5,0,0,0,7,0
30,2,0,1,0,0,16,29,0,0,4,22,0,0,20,34,0,0,36,16,0,0,0,0,0,13,0,0,43,25,3,16
40,9,0,0,0,36,13,0,0,52,0,0,28,7,0,2,0,17,0,0,38,20,18,26,17,0,0,19,12,2,0,0
55,27,19,0,44,0,0,18,0,0,0,8,19,0,41,9,29,0,8,0,13,35,16,0,0,0,29,0,15,0,10,14
0,1,0,0,14,0,0,18,4,0,5,28,45,40,0,8,0,0,8,0,16,18,6,31,11,0,0,0,11,15,0,15
31,5,3,6,23,20,13,21,2,0,8,63,0,15,0,0,15,23,9,0,47,0,28,24,0,0,11,0,31,0,4,52
54,2,25,0,0,21,21,31,23,2,40,2,0,21,0,9,0,102,18,7,0,3,31,0,0,17,0,22,232,31,16,0
0,6,0,6,43,25,34,1,39,33,16,0,15,0,0,0,0,102,48,0,18,0,0,0,18,5,37,112,95,0,0,10
0,8,0,20,0,0,21,0,0,0,29,27,0,0,0,0,39,193,68,10,23,0,0,21,0,0,75,97,48,19,0,20
11,0,0,0,0,41,0,14,0,0,0,4,16,18,28,6,0,152,104,4,34,48,0,0,11,0,103,87,9,11,14,25
0,19,45,20,36,0,0,23,0,0,16,11,0,0,5,10,21,218,59,9,0,20,27,0,40,125,0,18,31,0,16,0
4,3,0,0,0,7,0,3,0,0,24,5,20,0,9,20,0,81,0,14,0,3,2,6,102,12,60,0,0,0,9,93
0,14,0,0,4,0,4,0,0,0,0,0,22,17,0,82,4,15,92,0,0,0,0,29,195,11,12,0,1,0,18,116
0,0,0,0,0,0,0,12,9,34,0,0,27,16,24,24,44,59,2,54,0,0,55,27,32,0,0,10,0,4,205,25
0,113,34,9,0,0,0,40,0,0,34,0,35,43,40,10,213,0,17,0,0,0,0,0,2,14,24,7,102,152,35,0
0,12,0,0,31,0,2,14,23,62,60,7,49,0,6,0,27,38,0,0,0,0,9,16,30,0,4,39,132,25,0,31
0,41,0,35,0,16,49,0,34,59,31,61,10,0,14,0,79,126,33,0,0,0,36,13,0,0,17,0,0,0,12,11
0,0,0,33,0,0,51,89,59,82,31,92,41,122,0,27,110,192,85,0,0,76,0,14,18,0,29,13,0,224,70,0
31,7,0,0,0,0,41,57,38,0,33,109,0,0,0,11,0,248,10,7,50,23,2,0,12,43,0,0,28,0,144,0
0,0,0,24,0,37,5,59,0,32,0,52,21,13,0,0,0,0,0,35,0,10,20,0,0,1,0,0,0,0,0,8
13,0,0,27,0,28,20,18,0,0,0,24,0,0,5,0,0,0,0,0,0,10,0,5,67,92,21,0,12,0,0,0
57,0,0,24,6,14,0,7,29,2,6,0,10,5,0,21,0,0,2,0,9,11,1,2,8,26,64,19,0,3,6,0
3,0,0,0,0,0,16,58,16,0,0,0,1,0,0,15,0,0,39,2,17,0,0,3,0,9,16,18,23,23,0,0
0,0,0,17,0,9,15,8,0,0,0,48,0,26,0,9,0,0,0,0,0,28,0,7,0,14,9,3,0,17,0,13
0,6,0,35,0,2,27,0,27,6,0,0,80,47,0,0,0,0,0,0,0,0,43,0,0,8,0,20,20,0,0,26
0,5,0,0,27,23,0,1,0,13,0,2,66,121,50,8,0,0,0,44,9,0,31,21,0,0,0,16,0,6,0,0
0,15,0,0,0,0,17,7,4,0,0,33,0,136,19,82,37,22,3,0,0,5,0,7,0,11,46,0,0,5,39,44
0,0,0,31,50,0,0,0,0,0,0,16,0,49,32,4,4,0,23,0,0,0,0,0,0,0,9,0,0,25,0,27
55,0,0,1,11,0,0,53,21,0,16,30,0,22,0,0,1,0,0,0,1,0,11,0,33,0,0,0,0,8,12,0
0,13,0,7,1,0,59,0,30,0,33,0,0,3,27,0,15,0,22,5,0,6,0,0,0,16,21,21,0,6,0,0
33,0,27,16,0,0,3,27,0,0,0,0,35,0,0,37,13,5,0,0,13,14,0,35,12,0,39,0,6,19,16,3
0,12,0,21,53,6,27,28,23,0,18,33,10,0,20,20,42,2,28,33,0,10,10,0,2,19,37,11,46,8,21,0
0,2,0,0,8,0,0,52,0,2,8,1,0,13,12,170,3,0,0,0,21,0,5,20,17,92,139,0,36,50,34,0
1,24,0,0,0,51,0,5,21,0,2,8,0,0,202,92,63,14,28,0,0,0,0,14,54,29,17,0,11,4,12,12
0,9,0,15,0,0,30,15,2,2,7,0,0,0,85,176,0,48,0,0,0,25,0,95,29,0,0,0,0,9,128,17
113,0,0,14,19,3,18,0,8,0,16,39,7,10,210,181,118,45,13,19,0,0,117,0,0,55,23,18,13,132,109,95
0,18,17,0,16,14,16,0,26,68,0,0,0,183,203,212,61,59,0,25,7,31,14,31,18,16,0,4,13,24,0,103
45,22,18,0,34,31,0,0,18,32,4,0,0,247,1,0,54,142,0,0,101,20,0,0,0,24,188,12,8,63,12,63
62,0,0,2,0,61,12,60,22,44,47,4,0,21,0,10,30,5,16,75,25,0,0,0,50,195,108,0,19,0,15,0
2,3,0,0,0,36,17,8,43,1,47,0,0,37,0,0,5,19,27,0,42,25,0,145,187,0,0,65,49,160,84,196
31,4,0,0,1,11,16,3,19,26,0,0,23,16,2,72,18,0,0,0,0,44,0,97,0,0,0,4,19,15,4,100
67,0,39,17,4,0,18,25,0,0,0,101,187,64,49,26,7,0,14,20,0,11,0,0,0,9,23,77,22,0,0,39
55,0,10,26,0,30,0,0,7,9,7,126,190,234,123,25,88,99,0,16,0,0,21,0,87,106,43,48,56,0,0,27
11,28,0,33,7,0,6,0,0,0,0,123,191,190,28,227,191,13,9,12,0,0,6,3,3,32,121,39,31,5,3,28
79,4,11,16,29,0,39,13,5,0,11,33,14,77,18,38,0,0,54,28,0,0,0,0,36,50,42,33,48,10,0,12
0,75,48,0,21,6,0,0,42,5,0,8,0,0,0,59,14,0,0,0,53,7,0,0,0,26,0,0,56,29,17,16
70,11,0,0,38,9,0,0,0,0,40,47,8,14,1,9,4,44,16,30,31,0,0,62,3,4,0,0,5,16,13,0
19,3,8,11,38,27,29,0,0,0,0,11,0,0,10,0,0,0,18,8,0,4,49,0,0,24,0,0,0,0,0,44
73,93,31,10,8,0,36,3,0,0,0,0,0,19,24,0,10,0,0,0,0,17,3,10,22,0,0,33,0,0,13,34
0,0,1,0,0,54,82,237,33,0,0,58,0,0,0,0,0,0,0,0,0,10,0,0,0,18,0,0,11,37,0,13
31,0,51,1,26,0,187,45,37,57,4,18,0,29,0,15,21,0,14,0,8,23,0,0,0,4,0,0,9,4,5,0
0,0,23,4,0,0,40,64,159,167,0,11,0,31,0,32,63,0,59,0,0,31,31,0,0,0,62,0,6,12,0,61
0,0,63,13,36,0,71,191,225,161,25,18,19,0,30,27,7,0,21,11,0,0,0,0,0,6,0,0,14,0,0,0
0,0,0,7,34,0,48,135,158,0,0,25,0,0,50,7,22,4,42,0,4,26,39,14,0,0,5,6,2,0,0,0
0,0,26,0,14,0,0,43,27,0,24,1,0,0,7,5,0,0,0,0,16,0,0,8,5,0,0,6,0,18,4,0
0,0,10,23,0,0,0,0,13,16,0,12,40,0,13,0,31,3,0,0,0,0,27,23,0,4,15,13,7,0,25,16
45,0,6,41,53,0,5,12,2,0,13,0,0,40,0,0,0,0,61,6,0,3,14,12,0,16,10,36,0,0,0,12
1,0,0,0,0,0,0,42,0,3,0,33,0,5,0,0,22,0,0,22,0,0,0,0,0,6,46,34,0,0,0,0
24,6,11,3,4,0,35,9,0,0,0,38,0,3,0,18,0,0,0,0,0,0,0,3,31,2,0,0,0,21,0,0
0,0,8,0,0,0,0,25,0,20,0,13,8,0,0,24,0,0,0,1,16,0,10,14,3,0,0,0,30,17,19,3
0,4,0,0,27,0,16,27,0,0,26,0,0,20,16,0,0,0,0,0,3,0,0,0,2,33,0,0,0,0,8,38
0,0,8,4,0,0,0,23,0,0,0,0,0,14,0,0,16,0,7,29,0,0,0,8,0,0,0,0,10,41,1,0
0,24,13,0,17,0,0,7,26,0,42,20,29,0,0,13,0,31,0,0,5,0,2,6,0,0,5,0,4,0,0,5
7,2,1,7,15,25,8,14,53,24,0,0,0,0,0,0,0,0,1,0,18,21,0,0,0,19,0,0,5,1,2,0
