0,0,62,0,101,0,31,36,0,0,0,12,0,5,10,0,0,4,0,0,43,0,25,66,34,0,26,7,39,0,6,29
0,5,12,0,41,0,29,0,0,0,9,0,0,48,0,0,9,0,15,0,0,9,0,0,0,0,39,19,0,0,0,11
0,0,0,53,88,77,48,0,0,0,0,0,70,0,20,35,0,0,10,19,0,2,42,38,33,0,6,0,22,17,0,0
13,16,0,231,26,121,30,5,0,0,49,46,87,0,0,0,8,2,93,36,54,20,33,0,1,35,23,64,122,8,41,59
0,10,0,90,3,144,101,8,3,5,0,0,0,16,22,0,0,70,48,0,25,0,55,32,34,28,42,1,66,45,30,70
78,0,0,215,128,238,30,0,0,5,0,116,14,14,3,2,10,193,7,48,140,0,0,39,11,0,61,7,0,28,0,45
0,11,0,45,162,71,0,0,21,32,17,0,0,0,1,12,0,0,18,0,9,16,38,0,25,0,17,0,0,0,0,132
0,45,0,230,61,28,0,0,0,9,0,0,33,29,11,102,0,12,17,0,12,34,0,0,0,0,0,13,0,0,10,77
0,0,0,170,99,0,35,0,16,0,27,0,0,0,51,91,0,23,0,0,1,26,21,0,0,7,10,1,27,0,0,76
124,0,0,15,30,15,0,0,8,19,0,0,3,9,0,12,19,16,2,4,21,3,0,0,0,23,0,0,37,0,12,17
45,5,0,0,0,0,14,39,0,0,34,54,0,19,3,0,2,15,0,42,26,0,43,18,21,0,0,18,0,0,13,0
0,9,0,19,0,0,0,120,0,31,21,0,0,14,0,0,0,127,13,4,0,48,0,0,0,0,10,0,0,0,50,0
82,2,13,0,27,32,11,35,35,0,16,33,0,0,0,0,14,94,106,0,4,0,22,56,0,28,0,0,13,54,0,0
22,0,75,31,36,20,3,3,0,89,161,1,0,0,13,0,0,9,19,22,21,0,0,1,0,1,0,0,0,0,0,6
94,0,19,0,0,200,26,23,61,140,85,9,24,115,92,31,94,0,24,17,0,0,2,0,0,11,0,10,0,0,0,0
0,0,0,44,28,0,27,34,0,120,77,0,58,88,74,0,40,29,0,0,31,0,22,42,27,0,42,27,36,4,25,0
0,0,0,0,0,0,22,0,59,9,0,3,70,57,87,0,22,3,0,8,0,0,41,0,12,0,0,0,0,0,0,0
57,3,8,0,0,0,115,88,0,17,20,0,26,76,72,108,20,0,0,1,0,18,0,3,4,41,0,11,0,0,34,0
46,0,0,16,0,109,89,55,12,0,23,0,37,0,75,36,0,0,0,0,0,0,10,4,4,0,53,0,0,21,31,0
61,10,26,121,153,86,28,119,0,61,0,0,0,5,0,0,37,8,0,66,19,0,9,0,36,6,0,0,58,0,39,0
0,23,3,19,115,208,0,53,0,69,0,7,0,0,0,33,7,0,0,0,0,18,0,0,0,43,0,18,0,0,10,0
4,0,21,67,106,141,184,0,0,0,0,0,0,61,31,0,13,0,0,0,16,0,25,0,0,0,184,0,0,37,0,33
0,26,97,44,183,146,116,19,27,0,10,0,9,79,197,21,15,0,4,28,0,17,5,0,0,6,0,0,31,1,0,24
0,0,208,16,137,184,60,21,0,0,0,0,26,112,4,55,6,0,23,11,66,0,36,13,7,0,24,0,0,0,0,20
0,0,101,72,226,94,13,26,0,0,0,17,38,62,16,2,0,0,7,16,0,0,31,0,14,0,0,0,0,0,0,0
0,0,162,40,61,111,17,0,20,5,18,0,28,13,16,0,34,0,0,0,0,3,0,0,39,11,0,0,5,0,0,0
0,0,8,219,245,144,0,0,13,0,0,32,90,0,16,0,0,0,4,0,25,6,38,0,0,20,0,0,0,7,20,21
0,61,25,217,117,159,54,0,11,0,3,41,0,0,0,29,7,0,70,0,43,0,18,0,0,0,0,15,32,0,10,48
0,14,5,57,35,19,0,12,0,24,0,9,0,25,4,0,0,0,0,0,0,0,14,0,0,10,0,0,0,0,16,0
0,6,9,0,35,67,24,0,29,12,0,15,0,0,7,0,2,1,14,0,0,22,3,0,7,30,0,11,5,6,28,6
24,12,8,0,20,0,2,0,0,1,0,16,0,16,14,0,0,21,0,0,0,0,5,0,0,0,0,25,20,0,0,0
23,0,25,28,53,0,0,0,0,0,13,7,0,0,26,0,11,22,0,0,9,0,0,0,15,5,13,30,0,9,24,0
0,0,0,6,0,5,8,0,23,0,0,22,8,0,23,0,0,34,0,9,0,5,19,17,0,0,0,0,0,0,1,14
0,18,24,0,13,26,8,0,3,0,27,0,5,0,0,13,9,0,0,7,10,5,21,48,0,0,39,0,0,0,25,19
45,10,16,41,0,0,33,0,32,41,0,0,40,18,32,0,0,49,3,0,14,0,8,2,0,0,28,19,0,0,0,0
0,0,0,0,13,0,0,31,0,4,0,23,0,0,0,38,0,0,0,2,0,51,0,14,0,0,14,6,62,2,0,44
14,21,0,0,0,18,6,9,25,1,0,14,0,0,0,0,0,0,0,0,0,58,31,38,9,0,13,0,94,105,0,70
0,29,0,16,2,0,0,33,0,23,0,21,0,18,0,0,14,0,19,50,0,0,0,0,13,6,44,0,0,0,4,39
7,30,2,0,8,0,0,75,19,9,0,6,0,0,38,17,30,0,0,0,9,6,37,0,0,14,0,0,17,0,10,79
0,0,0,21,0,0,0,40,110,30,0,0,0,0,10,10,0,0,0,36,0,0,0,0,0,11,1,29,0,14,0,30
18,58,13,12,19,0,0,52,25,0,0,8,32,0,41,0,0,14,8,11,0,0,12,12,23,0,17,23,0,0,18,66
0,20,12,0,25,13,8,16,144,39,0,0,0,4,35,0,16,16,0,0,0,0,0,0,18,13,0,1,35,41,10,46
0,0,0,0,22,26,40,215,8,0,0,0,0,0,105,72,58,0,0,0,14,14,29,9,0,24,14,0,0,28,0,0
5,73,0,0,0,13,0,0,76,48,34,5,0,0,41,1,0,0,55,6,31,21,0,0,0,0,0,0,0,24,9,18
0,8,46,13,22,0,0,57,78,17,18,30,57,75,56,10,0,23,11,60,12,0,24,0,0,0,0,8,24,0,0,47
14,0,0,8,1,9,0,75,24,0,0,0,62,39,100,0,0,0,0,0,35,0,32,0,0,0,0,0,0,0,14,0
5,16,0,0,0,0,41,31,29,6,8,4,52,77,131,0,0,0,0,0,16,29,0,0,33,7,19,3,0,0,0,22
207,0,1,31,0,11,16,4,11,19,0,0,0,37,19,0,56,4,178,0,21,10,0,57,15,0,8,0,0,0,0,27
24,249,0,0,0,0,0,0,254,0,21,18,14,0,88,0,2,39,0,0,0,11,5,0,5,14,8,23,0,15,7,0
106,215,0,15,0,7,4,0,41,19,0,0,4,180,60,6,8,41,0,0,0,24,0,0,0,19,0,5,3,0,3,0
34,195,198,0,7,22,8,0,3,0,0,0,49,134,235,18,60,93,89,3,16,43,0,0,6,0,0,0,24,20,10,0
113,16,49,22,2,44,41,0,0,20,0,1,49,43,40,0,49,80,49,0,0,0,8,0,40,0,138,11,20,0,0,45
151,2,66,0,8,0,0,0,0,13,0,8,0,0,0,0,26,114,189,0,15,13,20,0,0,0,0,13,16,0,0,0
0,3,26,32,0,12,15,23,0,18,0,0,0,0,12,39,0,106,52,0,0,4,7,9,0,1,56,40,10,0,0,13
0,0,23,51,49,0,92,7,22,33,0,0,76,0,0,39,13,254,130,0,28,0,6,0,0,0,11,34,9,0,11,11
0,33,3,0,0,0,29,0,41,47,63,19,11,22,0,21,0,0,0,0,43,0,75,0,0,29,0,0,5,0,0,20
0,0,0,0,0,6,0,16,5,82,31,16,0,18,70,5,1,0,14,0,0,0,5,0,0,4,12,16,19,0,26,9
0,3,0,50,10,0,3,43,0,1,125,67,32,102,171,201,0,0,13,0,0,9,18,14,23,3,39,16,8,20,0,30
0,0,0,25,0,34,0,0,1,36,16,27,0,99,98,12,9,0,0,0,10,0,0,18,0,0,18,9,0,0,0,53
0,48,4,0,0,0,0,37,45,0,39,0,0,69,188,0,11,86,21,0,4,2,18,0,35,19,0,0,0,0,22,11
0,0,0,3,0,53,12,0,42,17,4,8,0,7,2,0,17,237,10,0,27,3,0,27,3,6,0,0,0,5,16,0
0,1,0,31,29,36,12,0,12,0,12,27,0,24,0,0,0,0,22,0,0,2,24,0,0,26,14,0,0,40,0,9
0,14,44,33,0,0,12,0,23,16,0,0,5,52,0,0,0,23,34,0,4,11,6,9,12,0,11,11,0,5,0,4
31,0,4,16,29,24,20,0,0,18,41,22,28,19,33,0,31,9,28,0,11,5,0,0,35,0,0,0,0,0,0,0
0,0,0,9,2,1,4,7,4,25,34,0,0,0,0,22,0,6,45,3,1,28,0,12,0,1,25,40,4,0,0,0
3,0,6,27,0,0,0,2,0,0,20,0,17,0,0,19,5,0,21,0,0,0,0,2,0,0,52,0,42,28,0,0
7,1,0,0,0,1,0,0,0,0,11,0,7,7,0,2,0,7,9,0,0,76,2,0,0,0,0,19,6,16,10,40
58,0,1,0,1,30,9,0,51,26,5,2,0,0,0,0,0,0,0,0,0,36,0,0,2,4,16,39,58,0,0,0
0,1,16,0,19,0,0,0,19,27,54,0,22,0,19,8,1,0,0,0,0,12,29,0,11,23,67,0,67,45,4,59
0,20,0,0,0,14,0,0,0,10,58,50,0,0,0,45,2,28,27,0,30,13,43,0,24,54,45,13,0,0,39,19
7,19,0,0,51,23,36,0,26,0,0,0,0,0,0,1,18,0,39,15,19,0,0,0,0,29,7,18,11,0,2,13
46,12,0,7,39,3,0,0,50,21,48,5,35,0,5,0,0,0,0,0,18,20,0,0,32,27,0,2,19,11,24,73
0,0,0,0,17,28,0,0,19,0,0,23,0,17,0,0,17,42,0,0,0,0,0,0,12,16,0,0,0,0,29,29
50,0,0,0,0,35,0,0,33,14,40,38,0,0,4,33,0,42,1,0,6,14,0,0,0,12,0,25,9,0,20,0
0,8,0,0,0,4,0,0,0,0,0,0,17,23,0,2,27,0,35,0,22,28,0,9,0,0,0,17,9,0,20,0
0,33,20,0,0,5,0,40,8,23,0,0,0,2,0,7,13,2,0,0,12,6,0,64,103,13,5,0,11,0,9,13
0,0,0,0,0,38,0,0,0,12,16,0,0,2,0,0,24,0,38,0,0,58,23,82,97,0,67,0,0,22,0,0
0,26,15,0,0,0,0,21,14,0,31,52,0,0,14,117,0,3,27,0,7,17,33,0,0,28,0,29,11,0,23,0
0,33,75,13,61,5,49,30,0,0,28,38,90,0,9,31,0,11,0,27,18,0,0,0,40,11,2,8,0,30,0,16
59,19,13,15,37,24,42,70,25,4,36,0,22,40,16,103,174,0,11,0,88,53,19,58,112,0,12,15,14,0,4,0
0,0,78,106,53,4,127,37,0,6,0,93,75,0,66,21,47,42,0,34,13,51,31,38,8,0,0,8,0,11,0,5
63,12,14,24,11,0,107,120,153,29,81,108,94,95,82,176,12,91,7,16,53,4,75,33,51,72,0,0,19,2,18,129
54,7,0,0,0,49,71,0,71,76,40,110,0,38,0,48,36,102,12,0,63,45,16,74,217,59,0,19,0,2,149,2
57,0,0,4,0,10,0,22,0,22,11,83,69,4,1,0,58,95,0,10,53,0,56,65,88,25,0,0,0,0,176,17
85,0,28,31,15,0,4,2,18,23,0,18,83,63,66,0,0,59,2,9,0,112,0,0,0,16,10,36,47,43,99,32
77,26,6,0,0,22,0,0,12,22,21,0,59,3,0,64,6,0,6,0,8,60,12,0,0,8,0,2,24,119,112,36
132,11,28,37,0,10,0,0,38,26,0,0,32,2,0,35,0,0,0,0,0,30,1,0,0,0,0,0,0,0,0,51
0,3,5,0,0,13,0,0,17,29,6,0,2,0,0,1,12,0,0,13,1,0,0,0,19,0,25,0,0,0,0,11
20,0,0,6,0,11,0,0,0,0,0,0,1,63,0,2,0,27,0,173,25,18,0,0,1,13,0,0,0,0,7,0
13,35,28,0,0,24,30,7,9,3,10,18,0,0,9,0,20,12,14,0,81,18,8,95,61,33,0,0,13,0,22,16
32,0,0,33,0,0,0,65,0,0,0,2,0,46,0,0,39,10,0,12,24,0,0,0,22,0,30,4,0,6,0,0
0,11,0,0,0,17,8,0,0,0,10,0,0,18,0,3,0,22,0,23,12,27,17,23,17,5,5,34,43,0,16,0
11,0,19,0,26,0,0,0,0,16,2,0,8,0,8,8,0,18,4,0,0,18,0,28,4,0,0,0,0,10,2,0
0,16,34,0,0,0,0,22,0,0,3,6,0,0,14,0,0,1,13,25,3,4,0,2,0,10,19,0,11,12,0,0
4,9,0,0,0,0,54,21,0,0,16,23,2,0,0,0,0,16,4,3,1,0,36,0,17,0,16,6,12,0,2,0
0,19,0,0,0,0,0,31,0,2,0,0,2,0,21,25,16,0,0,0,5,20,2,3,0,0,0,0,25,0,0,12
32,0,0,37,4,0,29,2,3,0,34,16,0,18,0,17,9,0,19,9,0,0,0,0,0,21,44,18,0,9,0,11
0,14,1,8,0,8,0,34,1,0,0,0,0,0,0,0,10,0,0,5,16,13,24,16,21,0,14,0,10,3,34,0
0,2,0,0,0,9,0,0,0,0,0,0,0,30,0,7,0,3,0,14,0,113,21,13,0,40,30,20,4,0,14,33
0,0,57,23,36,0,0,31,0,20,21,3,18,23,0,0,11,19,0,0,0,28,0,23,4,0,12,25,0,0,0,0
44,0,0,0,3,0,25,7,43,6,27,0,0,0,0,21,30,0,13,1,33,0,45,0,23,20,0,0,0,0,25,0
0,0,0,27,27,0,27,0,0,0,0,46,45,0,0,0,0,0,0,24,59,0,0,0,0,6,10,0,14,0,16,14
0,0,4,0,0,16,37,0,0,0,1,23,1,0,5,6,9,4,2,0,18,0,71,0,0,0,0,0,0,0,0,3
20,26,0,5,0,16,0,4,9,0,0,18,42,0,22,0,12,0,18,12,17,222,248,0,38,10,0,0,0,4,0,32
33,19,0,0,0,9,0,0,0,0,16,47,0,0,0,6,11,0,4,33,40,108,90,0,0,10,0,0,0,0,34,144
11,0,0,0,7,0,0,0,33,0,16,0,0,3,14,25,0,0,3,0,21,37,9,8,20,25,0,0,0,0,28,178
73,0,0,0,0,0,0,0,0,0,29,0,14,0,6,41,5,24,14,0,43,98,0,3,4,0,0,0,0,14,122,38
30,28,32,0,29,0,28,28,0,0,25,0,0,14,30,21,0,0,0,28,129,89,6,29,0,0,25,0,0,181,0,0
33,0,0,39,0,0,3,0,17,0,10,1,0,0,0,14,0,2,57,41,0,0,0,0,0,0,0,58,158,13,0,0
63,0,0,10,0,27,0,0,0,0,0,0,0,12,16,0,89,0,10,29,138,46,3,3,0,0,0,244,151,19,17,0
33,55,0,10,20,20,0,26,0,0,72,0,19,3,23,0,124,28,0,29,13,1,0,0,29,0,0,0,38,16,0,45
0,0,0,74,0,0,50,9,10,53,31,33,48,43,15,128,83,40,119,27,78,0,0,39,0,13,53,0,16,0,0,192
0,0,23,11,100,0,0,61,0,0,0,65,0,16,3,22,100,0,83,29,36,0,0,39,0,0,0,38,0,0,0,4
0,0,0,73,20,3,67,48,60,69,12,80,120,96,99,0,43,44,0,219,197,20,30,3,39,22,18,58,0,7,0,15
0,0,45,1,0,63,5,0,59,4,57,79,50,37,33,100,8,41,0,22,32,0,15,28,218,0,2,3,9,0,0,0
0,0,0,0,33,26,54,0,5,59,59,0,75,18,15,119,40,0,0,23,29,20,0,0,0,4,0,2,2,0,0,26
254,0,27,0,34,5,0,0,0,61,37,6,26,40,23,0,36,28,0,0,3,0,0,19,8,23,0,17,0,0,0,62
0,13,22,0,56,0,45,0,0,6,0,0,0,0,0,0,0,7,19,8,3,14,0,0,0,0,0,0,19,0,18,0
0,11,17,0,0,25,0,0,0,0,0,19,0,45,0,5,28,42,0,43,8,0,0,10,0,0,0,6,0,0,11,0
0,14,33,0,0,28,40,0,43,0,5,2,0,0,16,0,0,11,0,0,2,17,0,0,31,5,22,1,12,16,0,5
0,0,15,0,13,34,17,0,0,28,0,0,0,11,0,15,0,0,0,7,0,20,12,1,0,11,0,15,0,0,0,56
11,0,2,14,0,0,26,37,4,14,0,34,0,6,0,0,15,8,9,0,0,43,0,0,5,3,12,0,9,0,11,55
0,0,0,0,8,8,0,0,35,16,0,1,0,14,17,24,0,0,9,17,0,24,45,0,31,0,1,0,11,2,12,2
0,11,8,0,0,42,58,0,0,0,5,0,2,0,20,7,0,0,0,0,0,7,29,0,0,32,0,0,9,8,5,6
0,19,0,0,0,52,0,0,20,5,31,0,0,0,0,14,0,7,24,10,1,0,30,9,0,16,0,15,0,53,9,0
0,36,0,0,59,18,0,0,18,10,11,16,40,0,0,25,5,28,31,0,40,0,13,3,0,0,10,0,17,0,18,0
10,0,1,4,4,6,0,34,0,18,0,0,3,6,9,0,0,0,0,0,0,13,1,1,0,0,26,7,0,6,0,0
0,0,1,0,18,0,0,0,0,17,20,0,10,0,0,20,2,27,8,0,25,0,21,0,6,0,0,0,0,0,36,22
48,28,0,0,34,20,38,0,49,12,0,0,17,0,0,0,17,10,190,30,36,0,5,12,0,16,0,0,0,2,49,16
0,0,40,9,0,0,0,21,11,0,0,0,24,0,11,31,8,5,181,35,6,0,9,0,6,16,0,0,33,117,168,0
0,0,0,0,0,0,0,0,3,0,0,0,39,0,0,16,0,111,195,100,11,0,0,0,2,24,0,5,0,39,59,97
0,28,0,6,30,0,42,1,0,0,51,37,11,0,22,24,41,35,175,6,38,0,9,31,5,26,16,242,72,79,109,91
0,15,0,0,17,8,66,10,43,0,36,18,12,35,6,47,65,35,99,0,15,0,7,13,0,176,69,27,66,57,19,133
0,0,0,0,4,0,0,6,9,0,0,12,0,3,0,1,189,160,0,14,0,0,0,0,8,59,78,0,0,0,0,27
0,0,0,12,26,0,0,79,55,0,0,67,0,0,10,22,50,131,95,5,25,55,0,135,101,11,5,21,18,45,29,112
0,6,0,0,24,58,0,5,0,28,0,0,41,16,37,0,31,57,131,42,0,0,0,0,2,16,0,54,65,43,0,137
63,28,41,26,46,0,0,14,0,31,73,0,34,28,10,0,0,1,29,8,45,0,57,11,31,0,34,68,112,82,50,48
0,20,17,32,0,0,0,0,0,31,0,0,26,16,14,45,0,0,8,0,0,0,33,11,38,3,105,33,34,0,0,119
31,0,0,5,0,37,0,0,0,0,29,0,0,36,250,224,10,0,10,0,0,2,0,0,0,0,4,0,0,0,3,20
22,16,32,30,1,0,16,0,43,0,0,0,0,8,197,35,43,0,66,229,33,14,0,1,0,2,5,0,154,184,31,0
13,0,18,18,0,0,0,0,0,0,1,19,0,0,53,166,74,72,196,50,159,0,0,16,3,0,30,48,49,157,0,16
0,0,0,0,0,36,0,27,7,26,11,0,0,10,3,20,29,0,161,134,108,3,11,0,29,11,0,0,0,0,35,2
27,40,0,10,0,0,8,6,8,6,32,35,69,42,0,0,72,39,21,29,34,25,0,0,13,2,0,0,0,0,41,68
12,69,0,0,0,14,36,0,87,39,49,0,46,39,67,0,0,0,0,0,44,61,9,5,25,30,79,7,10,0,0,55
0,66,0,17,81,9,29,47,59,0,0,67,56,0,32,0,116,0,80,22,35,0,0,12,6,0,10,15,27,0,0,0
0,0,28,29,41,0,32,35,18,3,5,8,26,80,81,0,0,11,29,0,0,28,0,0,7,9,6,0,0,0,0,1
0,0,45,79,0,0,2,39,32,120,111,7,0,35,41,13,0,0,27,48,0,1,50,0,0,0,37,25,31,21,0,0
23,10,85,58,0,35,3,0,0,5,51,10,0,0,25,0,0,13,0,54,0,1,0,12,0,0,36,75,0,15,7,0
89,36,13,0,31,14,12,0,37,210,106,90,59,0,0,42,0,0,0,0,0,38,3,0,0,0,6,0,0,0,0,30
0,0,0,11,4,1,15,0,12,240,87,216,19,62,14,14,0,0,3,9,0,0,0,46,68,0,0,43,0,0,0,0
0,0,36,0,79,23,1,0,0,62,17,22,70,44,0,27,38,13,0,0,0,0,6,8,1,11,0,0,17,0,0,20
11,3,22,0,0,95,43,0,10,42,0,0,0,19,0,0,0,46,10,0,5,0,0,14,0,2,50,0,16,24,19,0
0,0,43,0,10,0,46,40,5,0,53,24,0,0,16,0,0,0,9,0,0,0,0,49,14,0,0,0,0,0,12,0
16,0,0,30,0,0,0,0,7,16,26,0,39,0,12,0,0,26,13,3,10,12,18,7,6,10,10,8,0,0,42,22
37,12,0,0,15,0,0,7,0,0,0,17,26,19,0,0,0,0,13,0,0,12,0,0,0,0,0,18,29,0,11,0
3,9,8,0,0,14,0,0,27,13,0,0,0,0,0,0,8,0,16,2,13,50,0,0,0,13,9,20,0,18,19,0
10,12,0,3,0,0,30,0,8,11,21,0,18,0,12,23,0,2,21,0,1,0,0,0,0,0,0,28,11,3,0,54
8,16,0,29,9,19,38,24,0,0,0,9,7,0,4,0,15,0,28,0,0,0,0,0,1,0,18,24,18,2,0,48
0,8,0,0,0,3,0,15,50,14,0,0,0,0,20,16,0,0,20,0,12,0,38,0,3,0,0,8,0,0,14,5
9,0,16,0,12,15,0,0,0,7,4,43,0,23,36,0,0,16,0,0,8,4,9,16,0,0,0,19,4,21,0,0
0,21,88,7,0,0,0,0,134,147,5,4,0,0,13,20,12,0,0,25,32,16,10,2,6,12,5,0,12,3,0,8
0,5,0,0,0,0,0,0,131,41,38,0,0,14,0,1,0,32,66,60,19,0,9,0,67,97,43,1,77,0,1,4
0,32,76,0,0,47,37,30,2,33,55,16,39,0,52,79,0,51,57,0,22,0,0,102,181,34,19,19,0,0,74,28
101,0,0,0,0,30,15,95,72,0,0,15,1,0,10,0,31,3,17,0,35,45,2,56,0,18,0,23,7,32,17,84
0,0,0,41,0,0,37,127,88,17,0,0,42,12,4,0,17,0,27,21,0,0,31,0,48,28,0,1,8,107,44,151
0,0,5,0,0,5,0,222,89,31,0,0,0,2,14,0,0,23,0,14,0,35,127,93,50,0,73,53,0,23,45,84
95,28,24,7,26,0,0,107,47,0,5,30,0,0,0,91,14,0,43,18,18,0,87,9,0,14,69,2,0,0,43,61
35,0,26,14,82,0,11,60,40,37,0,9,32,10,5,25,0,15,0,0,13,68,0,1,0,0,56,59,18,0,0,36
0,0,0,0,4,0,0,117,16,32,0,0,19,31,18,9,0,0,2,24,2,0,2,2,0,99,48,54,0,48,65,17
92,12,0,0,0,0,0,0,0,0,29,0,0,33,0,0,0,0,65,130,14,0,14,0,42,22,12,9,0,8,0,65
42,22,0,0,46,0,0,0,0,0,0,30,28,91,64,0,28,19,0,17,0,0,38,49,58,23,44,49,44,0,1,0
0,44,0,9,0,0,13,4,18,14,33,10,0,27,52,14,0,0,14,0,13,5,14,206,31,11,0,25,11,0,7,21
10,30,0,8,0,0,0,17,32,7,16,0,3,66,80,13,0,0,0,0,5,0,140,9,13,0,17,12,24,20,0,48
44,24,0,0,0,32,0,18,0,42,0,0,11,125,9,95,0,8,0,34,25,66,3,2,0,0,25,30,17,15,17,0
0,47,39,0,0,7,0,29,32,0,26,20,78,34,55,0,229,17,6,12,70,106,53,37,0,0,0,0,30,35,49,31
24,24,0,0,42,9,27,4,23,20,0,33,189,0,0,21,12,95,98,0,9,0,0,12,12,21,31,0,56,13,0,0
57,37,1,0,17,0,0,16,0,0,0,64,31,58,0,42,91,87,45,42,0,34,37,0,22,0,0,30,16,22,0,0
80,0,0,5,68,0,0,63,0,2,3,17,70,0,16,186,65,9,0,26,0,5,0,0,0,44,0,0,0,6,0,1
77,0,0,29,26,25,26,13,145,28,186,87,50,0,0,168,39,65,159,0,10,18,0,21,0,58,32,0,0,0,5,50
0,0,17,0,2,28,193,92,63,80,60,0,54,0,0,0,64,18,112,0,23,8,2,0,2,0,6,8,18,4,0,41
140,22,0,11,104,23,29,115,115,181,6,49,0,0,0,0,64,114,90,0,0,0,0,0,21,0,41,5,0,34,45,0
42,0,0,53,23,29,161,243,180,59,0,0,6,60,33,0,16,112,0,0,43,18,0,0,0,40,0,0,0,27,0,0
17,3,0,0,0,84,31,65,224,34,180,37,0,0,0,0,141,177,42,0,49,16,34,2,0,19,0,28,0,17,0,79
0,0,0,59,14,195,26,195,161,222,129,24,0,0,165,16,175,71,0,0,0,9,0,0,0,0,30,35,0,0,6,0
77,35,52,0,152,53,186,27,3,154,89,0,0,35,31,95,222,53,17,0,0,0,0,0,0,0,0,20,39,16,0,13
0,0,1,0,236,53,9,216,37,7,82,0,26,82,84,18,61,20,1,43,0,14,0,48,0,23,61,0,0,12,0,0
0,32,4,0,50,215,8,186,2,61,58,10,2,82,154,73,45,7,0,8,18,45,3,3,19,25,0,3,66,14,26,0
0,18,0,0,48,250,65,41,236,84,18,0,11,94,82,69,0,0,2,0,0,6,22,31,0,0,0,8,0,26,0,0
0,0,31,20,11,111,2,85,178,80,13,8,70,119,147,27,3,29,0,32,0,0,0,23,0,0,0,0,0,15,0,44
32,21,20,9,0,0,45,87,203,58,7,0,0,7,2,0,9,9,34,9,0,0,30,0,14,0,0,40,46,0,0,35
0,44,14,0,0,9,0,25,19,0,22,0,11,39,0,0,8,16,0,0,0,0,1,0,30,0,0,19,0,0,0,36
0,0,0,29,0,0,0,0,0,5,4,13,0,0,2,19,0,0,0,4,0,0,0,17,0,0,0,12,0,2,0,0
0,13,0,0,39,32,6,0,0,0,0,0,18,47,0,0,8,1,0,6,0,0,0,47,0,6,1,0,18,0,19,17
0,10,0,0,0,4,0,23,27,0,25,0,4,4,8,1,0,9,3,0,7,28,17,2,0,0,38,0,22,29,0,38
39,0,0,13,0,0,26,0,61,12,0,0,0,0,4,50,0,0,0,7,34,0,0,2,68,2,60,0,6,10,39,43
0,0,0,2,6,12,0,46,0,0,19,6,0,0,0,12,0,0,6,33,17,4,16,38,1,20,0,67,126,47,30,113
31,0,0,28,0,46,0,0,0,41,0,0,0,0,0,0,0,0,30,37,0,0,11,0,0,0,0,0,32,111,4,20
0,0,0,19,30,20,0,13,0,0,0,101,16,0,9,6,41,0,32,16,43,0,0,20,0,28,33,0,34,24,4,0
34,20,59,33,6,0,8,0,21,0,0,23,0,3,0,75,8,25,0,0,41,26,0,0,0,0,0,13,3,40,0,133
29,0,58,0,60,31,0,0,0,2,87,22,0,11,33,0,0,28,40,0,0,1,0,0,18,0,0,48,2,17,20,148
0,18,21,0,0,0,0,8,0,15,43,106,14,48,11,0,0,20,0,0,0,49,0,0,0,36,8,4,0,13,35,37
0,0,2,0,25,2,28,0,0,6,62,0,10,0,3,0,15,0,19,5,11,0,0,0,0,0,19,20,61,0,37,33
0,2,83,69,38,0,0,0,0,13,0,8,0,0,0,2,0,5,59,0,0,0,0,7,0,18,0,47,21,0,0,0
2,16,130,43,3,5,0,0,0,0,3,7,12,0,65,0,5,28,0,0,20,0,0,13,6,0,8,0,0,10,0,0
123,2,35,6,70,0,57,0,48,62,28,60,32,20,36,0,51,21,75,29,0,2,0,22,4,0,0,51,0,0,0,31
70,17,220,17,65,0,5,19,23,4,119,0,13,0,0,8,0,0,0,0,0,0,29,0,28,0,5,0,0,0,0,0
52,82,54,43,0,0,6,23,0,4,189,45,20,13,19,4,157,72,0,37,0,0,0,0,2,21,0,12,2,5,28,0
21,4,78,5,42,0,0,93,0,0,40,49,7,11,2,16,81,124,28,14,0,0,0,0,0,16,0,0,7,0,12,22
0,0,163,23,36,0,0,0,59,24,77,0,26,0,0,45,50,6,33,0,52,0,0,3,7,34,0,0,7,0,18,25
0,0,80,209,88,0,0,34,0,0,0,117,0,0,5,34,83,16,17,55,8,0,0,4,0,23,0,0,0,7,1,6
0,23,0,148,60,0,0,43,11,50,0,95,0,0,0,54,23,54,17,0,0,16,7,0,38,19,0,0,32,7,11,0
0,0,18,60,208,6,60,0,0,49,32,0,50,0,8,30,37,161,8,0,19,28,16,0,0,11,0,7,8,1,1,0
0,19,23,0,172,89,95,0,7,41,32,0,12,0,0,32,0,164,4,0,67,0,27,0,27,44,33,0,0,0,0,33
0,20,14,9,27,23,23,15,33,0,11,0,10,5,6,3,33,13,68,19,1,141,34,4,6,0,0,0,0,0,0,18
63,19,0,47,0,0,0,8,0,4,0,0,0,2,43,0,0,17,33,26,102,0,0,1,22,0,0,0,6,0,0,1
54,15,0,0,0,27,7,0,0,70,54,0,10,0,0,0,23,2,0,80,21,25,22,0,9,0,0,21,11,0,0,42
0,21,30,0,0,0,6,22,0,43,37,31,0,0,0,16,0,57,0,0,17,148,0,25,0,0,0,17,0,0,17,36
50,0,44,0,0,0,0,0,0,17,0,37,25,0,24,0,10,0,0,0,0,22,19,11,0,5,9,28,0,0,0,0
96,12,28,0,0,0,1,86,51,49,5,8,23,0,9,24,43,4,25,0,33,0,72,2,27,0,9,0,5,0,9,0
46,0,5,11,0,0,0,16,0,18,13,0,0,0,7,0,0,0,0,0,10,5,0,18,0,0,6,29,18,0,0,39
0,3,0,0,0,0,0,0,1,0,0,0,9,0,0,16,0,0,16,10,27,0,36,0,0,30,0,0,23,0,0,0
0,0,0,0,0,17,20,0,0,0,0,0,11,3,0,0,0,0,0,0,0,0,0,0,0,0,0,0,0,7,9,29
16,0,0,32,0,0,0,10,5,0,26,0,25,3,0,0,0,0,0,0,18,12,0,14,9,20,42,0,5,0,0,0
49,0,17,0,13,0,2,0,22,0,39,0,0,0,0,24,2,2,0,7,0,7,18,10,0,35,0,43,7,18,0,25
0,0,0,14,0,0,0,7,0,0,6,0,21,1,4,13,20,0,0,12,5,0,25,8,0,7,27,20,0,53,5,0
0,0,0,7,26,0,15,0,0,0,49,26,20,16,4,0,0,0,0,21,5,0,14,7,23,26,50,16,3,0,27,0
16,0,8,17,0,0,0,5,0,25,51,0,0,0,0,3,0,0,0,18,20,104,1,0,3,3,25,28,35,30,55,0
0,12,0,14,0,18,0,0,25,6,0,16,0,13,0,17,9,18,6,0,37,26,0,27,2,12,0,43,74,37,13,0
101,0,69,70,16,32,0,53,0,8,35,0,0,0,26,5,16,0,41,0,12,1,8,2,0,0,0,1,70,94,0,0
0,7,0,0,0,24,0,0,22,19,0,77,0,33,14,4,34,0,46,3,55,10,0,0,0,33,0,0,18,49,20,2
81,55,0,0,0,9,0,0,5,23,47,4,10,0,0,44,0,16,13,0,2,0,76,23,25,0,39,0,0,30,7,64
86,0,60,0,36,16,27,18,0,0,0,30,0,0,21,32,34,0,0,0,8,3,19,1,0,0,5,40,0,0,0,104
41,0,15,25,0,12,0,7,61,0,19,0,1,0,6,0,34,18,39,7,38,10,0,0,10,1,0,0,60,0,0,0
14,87,0,0,41,67,0,0,52,18,37,18,10,5,5,0,0,0,12,0,0,11,27,0,13,0,18,26,19,0,0,5
0,0,0,0,0,3,37,0,29,0,12,0,17,0,60,0,25,0,0,0,9,0,5,0,0,4,48,0,35,0,12,35
0,20,27,7,11,0,31,0,0,30,0,0,0,22,0,0,49,11,0,6,46,0,0,0,74,121,107,6,5,7,10,21
19,15,0,16,0,77,0,0,2,2,6,22,13,43,34,54,125,41,12,23,39,0,5,0,52,51,100,0,0,20,38,0
52,51,0,18,0,0,53,0,0,2,21,47,0,0,17,102,127,113,39,25,17,4,61,11,0,9,27,0,0,0,0,0
75,15,43,4,0,34,11,36,12,22,0,13,47,49,0,0,117,82,18,23,12,11,15,27,21,0,197,0,13,0,13,0
125,0,0,0,14,4,29,0,55,30,44,30,50,7,19,3,125,158,0,0,0,10,21,34,62,79,212,22,0,9,0,0
0,1,0,0,9,38,58,80,7,17,29,3,0,17,8,0,63,99,225,0,21,17,41,29,0,95,107,3,6,12,0,0
117,0,0,0,0,0,0,39,144,28,44,124,130,90,46,22,98,4,27,2,12,0,49,3,94,80,23,31,0,6,0,35
95,0,21,7,0,0,0,0,18,27,48,90,61,23,0,86,19,0,77,0,16,51,0,0,6,3,10,16,3,36,82,2
0,41,2,0,0,0,11,34,35,31,0,3,0,17,6,0,56,7,134,80,1,64,89,50,42,13,10,0,37,37,130,12
0,0,9,0,7,5,0,0,0,5,0,74,11,69,27,30,0,1,4,8,0,74,33,0,6,18,2,94,56,24,101,218
50,0,0,10,0,0,2,0,15,17,30,0,0,0,0,14,0,0,0,0,1,14,21,27,11,13,0,0,0,31,154,24
0,52,0,0,10,22,0,0,0,7,0,19,0,36,17,0,1,24,0,0,0,0,0,13,15,7,16,0,0,4,22,22
0,0,46,19,27,0,4,22,0,1,0,5,0,18,0,0,9,0,0,0,17,0,0,6,3,5,23,0,13,0,3,0
27,0,5,36,27,2,0,38,0,8,0,16,10,27,5,7,15,17,0,30,66,0,21,0,5,24,0,10,27,0,0,0
48,0,18,0,10,0,16,0,0,0,0,0,0,0,6,0,19,0,25,34,10,6,0,0,6,26,50,18,0,3,0,0
6,18,0,0,0,0,7,35,0,0,0,25,15,0,28,22,3,0,1,11,0,0,30,20,0,16,0,0,17,0,21,0
36,20,0,0,0,42,0,0,0,1,7,0,42,39,0,0,0,0,0,0,0,26,7,0,0,23,0,0,12,0,8,32
0,0,0,0,0,0,1,0,0,0,10,40,5,12,0,12,2,0,4,2,0,0,11,0,0,41,21,0,5,11,7,0
0,0,8,2,0,34,41,10,0,0,63,4,29,0,10,0,12,0,0,0,0,46,0,0,9,0,20,0,0,25,47,28
17,0,0,0,22,3,8,0,3,0,0,0,0,0,18,7,20,0,0,6,0,11,0,0,0,0,7,6,7,34,11,0
1,16,49,8,31,0,0,20,0,0,0,15,0,0,0,0,0,7,0,31,0,0,14,0,0,21,0,18,0,0,1,8
13,0,0,0,0,5,0,3,26,0,73,12,0,0,0,0,0,7,0,0,38,0,0,18,17,52,0,0,28,39,37,0
0,10,0,8,7,13,16,0,4,0,11,0,32,9,11,0,0,0,0,0,0,0,0,7,10,54,83,16,32,27,0,22
48,0,0,1,16,4,31,0,0,0,0,0,0,19,18,20,1,0,7,0,14,105,0,0,25,0,24,0,28,16,8,8
0,37,35,25,0,0,0,0,34,39,44,0,19,25,0,0,9,0,0,10,17,8,0,9,0,46,7,41,89,32,23,8
0,11,0,29,0,0,5,74,0,0,0,37,0,19,0,0,11,5,9,44,0,0,0,0,4,6,18,0,21,11,0,0
0,17,0,0,0,7,13,0,7,0,0,75,33,17,0,0,0,0,6,0,170,33,0,0,0,0,17,3,0,0,4,0
35,28,18,3,0,41,0,61,22,23,0,0,0,0,0,0,0,23,0,22,40,27,0,0,0,1,0,0,0,16,20,46
0,0,0,34,28,0,28,7,33,1,0,0,2,30,0,37,18,10,0,4,203,49,47,0,0,16,0,0,24,28,112,65
0,35,1,0,0,13,0,0,0,0,29,28,0,0,0,24,16,0,32,194,72,0,32,0,2,43,18,0,60,29,48,2
52,37,0,0,0,0,0,0,2,8,0,0,14,13,0,0,0,16,0,59,58,0,6,0,0,11,0,9,204,109,85,13
53,8,29,0,13,0,1,0,0,18,0,0,25,0,2,4,0,41,18,0,0,4,1,13,0,1,0,59,93,13,17,10
30,4,40,0,29,27,0,13,0,0,5,0,0,0,0,10,0,37,32,91,109,0,55,59,0,0,110,37,0,16,0,0
51,0,0,0,0,23,0,0,6,18,13,22,17,2,13,0,4,21,98,23,66,0,10,18,34,90,97,16,0,0,0,0
3,1,0,0,8,30,1,0,6,1,18,0,9,6,0,16,45,46,99,0,0,21,0,0,0,0,0,19,0,0,0,7
76,1,0,5,20,0,39,16,7,33,14,11,35,8,2,0,100,0,0,21,8,16,51,0,0,5,38,0,9,96,163,49
100,0,0,20,0,0,51,23,72,9,86,54,22,5,17,74,0,129,181,0,0,3,0,0,33,3,3,5,0,0,0,168
0,0,55,7,0,17,31,43,16,23,34,34,0,11,31,24,7,187,244,7,0,0,0,10,8,25,0,0,9,0,0,35
0,12,0,0,0,14,7,0,63,49,19,57,38,67,64,0,1,211,174,19,27,7,0,0,0,14,23,0,6,8,103,53
155,0,0,0,0,0,23,32,12,30,45,26,2,24,9,0,1,16,30,18,13,25,13,17,9,11,7,29,0,0,10,0
0,0,13,40,13,4,0,20,7,0,0,33,87,18,7,0,1,0,65,39,0,0,0,0,51,19,58,32,45,4,0,0
0,48,0,17,28,0,0,12,0,0,0,64,17,0,0,52,19,0,32,16,16,0,0,1,0,0,4,0,11,30,33,0
0,18,20,0,27,19,10,12,7,0,48,0,14,4,2,30,9,0,26,11,22,0,0,12,0,5,0,0,37,17,0,2
0,0,0,0,23,0,41,0,0,29,0,10,114,100,0,21,0,0,0,0,0,0,0,18,13,19,0,19,12,14,0,28
90,0,3,0,4,0,18,28,0,2,6,194,233,153,10,0,11,14,9,0,11,16,0,6,0,0,0,4,1,0,1,0
0,8,0,6,1,0,12,12,0,0,1,3,253,68,0,0,14,1,0,16,0,0,0,9,0,3,0,0,20,2,16,0
18,0,2,8,16,0,0,41,0,0,31,0,155,151,30,0,29,0,25,16,15,20,3,0,18,0,44,0,6,8,0,0
0,0,0,0,7,0,19,51,0,25,0,22,0,0,12,12,4,0,25,0,0,0,20,0,0,0,0,53,7,7,0,13
0,0,0,27,0,16,0,0,19,4,0,13,29,28,0,14,28,0,32,22,25,0,21,0,0,0,10,6,0,0,17,0
0,0,0,4,61,0,0,2,31,6,35,4,0,28,0,6,0,0,0,4,2,0,3,4,0,35,0,0,12,1,52,0
32,0,0,61,32,0,0,9,0,41,0,0,0,8,25,0,0,0,0,10,0,2,21,12,7,0,0,37,24,0,0,18
11,6,16,3,0,22,16,0,53,0,42,0,0,15,0,0,0,0,0,0,11,0,2,18,20,0,0,0,13,0,0,0
21,28,31,0,0,0,0,4,0,5,0,0,31,0,29,6,1,12,0,1,0,0,0,0,5,9,0,0,19,0,26,0
0,0,0,19,0,0,48,8,0,5,20,5,0,0,7,46,75,102,7,14,0,17,0,0,0,180,16,0,17,6,4,3
66,0,17,10,0,2,54,7,0,0,51,53,14,31,58,44,27,153,46,0,4,0,0,6,0,183,136,28,0,0,0,0
0,0,0,0,49,0,46,0,21,9,0,0,0,106,249,155,53,73,142,16,0,0,38,81,46,23,34,58,24,6,5,0
119,1,0,0,0,9,2,0,0,33,31,0,18,203,65,175,126,2,6,0,36,27,81,11,0,13,0,0,0,104,4,0
107,11,11,0,0,0,0,25,0,25,0,0,4,102,24,108,105,27,0,35,0,163,57,27,12,4,0,0,0,0,2,40
0,45,0,13,112,0,64,41,0,0,0,0,101,171,17,12,111,89,0,108,96,0,33,45,0,0,192,0,0,8,0,61
75,0,36,33,0,20,10,0,25,0,19,0,17,0,20,20,80,0,4,168,146,12,0,0,39,78,94,0,0,39,0,31
1,0,0,0,0,40,0,3,1,0,0,4,0,47,17,38,30,20,0,0,0,0,10,0,171,82,39,90,42,0,25,136
71,0,24,44,17,0,0,19,0,0,0,52,18,0,23,2,22,51,0,0,0,13,200,209,164,28,74,102,23,21,0,76
114,2,3,1,0,0,0,0,0,0,0,7,9,9,3,9,11,36,0,0,32,0,5,4,45,14,30,6,73,35,62,53
161,0,0,0,0,0,21,11,5,7,212,15,132,87,36,0,0,17,62,0,25,43,0,0,8,114,0,51,8,17,21,0
0,0,58,0,0,0,16,0,0,46,196,98,143,66,32,72,64,20,17,23,0,16,0,47,194,231,165,47,35,19,13,61
60,8,0,0,40,1,40,13,21,0,188,0,83,208,189,201,122,0,121,30,4,0,0,101,59,77,85,2,97,162,66,32
0,0,13,0,44,0,0,0,49,15,0,0,26,38,54,8,64,45,0,44,49,0,0,0,0,54,81,0,57,94,153,114
0,0,0,0,0,71,36,0,0,3,0,0,0,70,73,39,227,41,43,16,37,37,14,0,13,9,40,20,36,10,46,145
95,55,0,0,0,14,22,0,23,3,81,48,0,0,9,61,58,15,93,0,0,0,0,44,0,0,34,0,36,34,9,93
0,20,49,4,4,10,38,16,12,21,29,83,0,0,53,0,141,55,35,15,0,0,0,8,0,30,53,0,28,85,0,54
49,0,36,0,0,24,168,176,0,50,0,0,38,6,12,0,0,0,0,0,24,0,9,0,0,0,60,0,6,0,0,57
84,0,0,22,101,77,160,184,55,92,54,0,0,20,11,27,18,7,5,5,4,0,0,0,7,17,0,0,0,0,0,9
18,9,11,38,137,195,162,122,33,45,16,43,0,0,0,33,0,0,6,43,0,8,0,41,23,0,50,0,2,16,0,0
0,0,0,0,52,206,87,90,65,89,0,0,65,4,27,0,33,28,0,0,10,0,36,26,34,4,74,0,23,0,0,0
0,56,0,15,0,122,194,250,195,0,7,50,22,18,0,18,0,47,22,0,0,0,0,3,0,17,28,0,0,0,21,0
0,0,0,11,21,29,212,167,46,0,91,78,0,0,0,6,7,9,0,1,5,0,2,22,4,0,0,0,0,0,0,19
0,14,0,47,0,0,53,21,25,0,46,53,0,37,0,16,0,0,0,0,8,22,0,0,0,2,20,0,20,9,33,0
62,4,0,37,0,0,7,18,6,32,30,18,54,53,0,11,22,4,0,0,0,2,25,0,11,0,35,0,16,2,2,0
46,0,16,0,7,0,0,48,40,6,7,27,15,68,4,4,6,6,0,16,7,0,0,0,4,0,24,1,0,8,22,0
24,0,0,26,0,0,22,0,0,9,0,0,6,0,0,21,28,10,0,9,22,12,0,28,0,0,18,12,0,5,1,0
0,42,7,0,0,5,0,0,4,11,8,19,0,0,6,15,0,6,5,6,14,17,7,0,18,0,0,26,0,0,36,0
41,0,14,0,0,36,12,0,1,9,35,0,6,0,0,31,0,0,0,0,9,14,0,0,0,12,13,3,0,0,0,8
0,0,0,2,7,0,0,29,0,0,34,0,0,22,5,12,0,0,0,0,5,25,33,0,0,0,43,20,0,0,18,0
11,21,0,43,0,0,0,0,10,0,6,0,0,0,4,22,0,0,17,12,0,18,0,14,30,16,0,7,0,0,8,0
0,48,0,9,28,7,0,0,6,17,44,0,0,37,33,17,12,1,39,1,3,15,20,0,0,0,12,0,0,0,0,0
122,0,11,0,67,0,140,40,14,62,0,13,5,0,63,190,28,4,0,12,22,0,32,0,0,2,0,0,0,0,0,0
48,22,8,23,228,32,64,121,48,20,0,20,13,7,0,63,0,0,38,20,53,0,0,49,0,0,0,1,0,3,1,76
0,45,9,0,110,72,29,46,183,3,0,0,4,84,135,104,0,22,0,0,14,91,19,8,0,21,13,0,22,9,48,51
18,0,30,62,96,42,102,0,138,16,0,0,0,101,34,53,0,16,0,0,0,12,0,26,0,0,0,38,0,0,0,0
59,0,14,0,48,37,115,32,41,5,31,0,23,0,0,109,5,35,0,0,15,39,55,7,3,11,31,5,13,80,22,45
0,0,24,166,153,144,85,9,0,0,16,0,14,64,0,0,4,0,65,11,118,0,118,5,9,20,37,0,0,0,0,24
52,10,0,236,226,67,0,0,0,4,16,0,7,0,68,0,0,77,2,12,0,0,0,10,31,0,0,0,31,0,5,54
0,0,0,49,132,44,0,0,9,0,0,84,2,40,0,0,7,38,139,34,10,0,0,24,29,0,0,56,47,13,17,54
155,45,31,201,28,0,0,0,0,0,76,115,31,27,15,10,140,0,0,0,0,36,51,0,34,0,2,38,0,1,0,68
0,46,46,66,0,14,28,9,0,0,0,14,0,36,56,155,112,0,36,12,3,9,6,1,0,0,0,58,67,34,0,0
41,0,26,0,0,25,26,0,0,0,12,22,19,0,114,7,2,0,0,1,0,0,13,51,47,68,79,22,45,0,10,34
0,42,0,0,0,0,0,8,0,40,35,0,72,29,42,15,0,0,29,0,0,22,0,16,29,19,22,33,64,16,41,29
104,0,0,0,10,0,14,14,16,25,74,25,64,57,36,51,0,38,243,0,3,0,0,8,0,0,29,8,60,21,46,51
0,0,0,0,22,0,0,0,0,27,14,0,46,58,13,0,25,171,52,0,13,34,38,3,15,0,1,0,20,8,12,65
9,0,1,0,50,0,0,0,7,28,56,0,122,129,60,0,251,252,1,25,3,0,0,0,0,25,0,16,0,0,0,72
0,0,6,9,4,27,0,33,10,119,0,0,50,68,77,0,80,86,3,0,0,30,31,0,25,0,55,49,0,4,23,4
73,4,39,0,0,0,19,0,9,25,0,22,9,5,3,0,1,32,40,0,0,0,6,0,0,0,31,13,0,0,2,0
137,25,15,0,0,7,0,29,160,0,0,60,65,151,48,34,50,13,0,0,3,19,8,11,1,0,10,0,0,0,12,0
0,0,0,4,10,0,0,20,0,40,0,20,97,129,62,10,21,10,0,14,10,5,30,0,0,8,55,26,0,0,0,45
0,10,0,0,0,0,39,95,58,25,0,140,78,0,91,72,42,0,70,21,0,13,47,0,0,16,0,0,0,30,27,0
0,1,0,0,0,4,22,0,0,80,0,26,0,106,150,40,0,0,22,7,24,0,16,0,0,70,0,32,0,0,7,0
78,18,40,2,0,13,9,57,28,0,0,0,0,50,153,3,51,21,36,22,3,0,0,4,0,4,20,16,0,25,34,0
32,0,41,0,16,48,160,0,22,30,78,0,0,89,1,50,0,0,0,0,22,9,58,3,8,0,7,54,0,19,19,0
0,0,0,0,64,122,108,15,0,12,0,0,153,115,218,0,0,23,0,6,0,0,0,0,28,38,0,12,0,0,0,23
17,11,0,86,144,79,21,34,0,0,0,5,101,91,0,6,0,0,0,0,0,0,63,11,3,0,0,0,0,19,0,0
0,17,0,210,98,123,8,0,17,0,0,67,112,70,33,0,0,4,0,0,9,34,0,0,0,0,0,8,19,0,21,0
3,94,74,250,97,237,66,17,0,0,71,180,133,58,16,7,18,1,5,0,1,16,0,21,8,10,55,0,0,0,0,8
36,100,226,115,251,0,49,32,0,0,0,17,35,45,0,11,0,0,8,36,38,0,26,0,3,0,0,51,0,11,7,0
0,82,45,190,160,71,26,0,51,19,41,93,178,16,0,0,0,0,4,0,12,8,9,0,0,0,0,0,45,0,23,12
1,0,86,210,58,252,0,0,20,0,0,0,0,4,0,22,19,0,0,0,1,0,5,9,19,0,0,0,56,14,16,20
5,4,16,125,153,81,4,33,20,6,0,2,11,17,0,0,0,0,0,0,0,0,17,0,0,10,0,19,10,0,4,6
0,13,0,123,125,0,3,56,0,0,0,9,0,0,0,0,15,4,10,28,0,0,0,32,28,12,10,0,17,0,26,0
14,11,0,12,24,24,0,8,0,16,0,25,0,0,0,51,19,0,0,18,0,0,9,11,0,3,37,1,27,0,23,34
0,0,0,20,13,0,28,8,0,13,51,0,21,35,0,0,37,0,5,34,0,0,0,0,0,0,43,23,18,0,23,0
54,1,2,2,26,0,8,14,43,16,34,4,45,0,0,0,0,0,0,0,0,5,2,0,15,0,66,29,27,0,16,15
0,5,19,5,0,7,22,2,0,0,19,0,14,44,3,0,0,13,6,5,19,57,0,16,0,32,0,0,11,20,0,0
33,0,0,19,0,0,11,2,5,42,11,2,0,0,9,9,0,0,7,0,21,65,23,0,0,31,56,0,14,0,0,45
4,0,0,0,13,22,21,0,16,0,26,95,0,0,14,0,35,65,23,20,31,0,0,0,38,0,19,0,0,0,0,35
0,0,4,0,0,13,0,0,0,21,70,0,0,3,0,24,0,0,39,0,25,0,36,52,0,5,3,0,14,0,6,47
0,5,18,5,0,11,0,7,0,74,27,0,35,0,5,4,5,6,36,8,43,0,0,13,67,4,0,57,7,0,3,23
2,9,36,0,18,5,9,20,0,65,12,18,0,0,40,17,52,0,0,33,0,6,0,2,13,5,0,1,39,0,0,0
63,4,7,0,13,48,0,0,0,53,0,0,0,0,0,31,0,0,0,0,13,35,39,0,45,11,16,0,0,3,19,110
80,20,35,0,2,26,0,0,0,34,93,0,0,19,34,0,0,19,0,0,0,0,0,0,0,0,0,59,71,55,16,6
14,0,0,23,0,7,59,0,0,103,0,0,19,1,0,7,0,0,0,0,1,27,0,0,4,0,18,78,16,16,0,0
0,0,4,14,0,18,43,0,0,25,63,0,78,36,0,0,56,2,32,0,6,12,0,13,17,0,12,51,0,43,1,43
0,22,0,0,0,0,72,68,1,3,11,32,17,5,15,0,29,30,0,0,9,6,14,0,6,0,36,0,67,10,43,48
150,42,33,16,10,12,14,44,31,0,0,42,70,20,0,14,14,29,22,5,49,0,62,0,0,9,0,34,9,0,28,32
84,32,16,0,9,0,27,70,0,45,11,1,2,0,0,56,29,13,2,21,23,4,0,0,39,16,0,0,13,25,19,13
0,102,14,1,28,22,0,35,58,81,17,0,0,25,7,10,124,0,0,18,5,0,2,9,6,10,0,0,16,13,31,32
105,49,63,0,1,0,27,0,10,0,112,0,9,81,157,187,20,0,0,0,24,0,13,1,2,0,26,0,0,29,16,0
39,0,208,110,5,0,9,21,0,32,253,0,34,1,80,161,76,4,12,17,10,13,22,0,23,0,28,19,0,0,0,14
107,12,148,126,0,0,4,27,0,0,15,12,10,26,0,228,159,5,0,0,0,0,14,16,0,17,0,0,21,3,0,0
47,12,30,36,9,0,0,56,12,0,0,0,30,10,0,3,49,0,0,11,0,0,25,9,16,28,0,0,0,2,16,17
0,0,12,13,27,0,26,26,10,0,0,32,0,0,0,0,12,17,32,16,0,0,0,16,0,0,4,25,3,0,0,0
0,0,0,23,0,0,0,53,28,0,7,27,0,7,19,0,20,29,46,151,35,0,11,42,27,0,83,13,22,31,11,0
0,0,21,11,0,0,5,11,0,64,56,0,72,0,9,12,6,29,99,144,188,0,28,4,17,0,15,0,0,22,7,0
28,6,0,0,40,0,5,12,0,8,0,0,0,12,0,0,0,9,15,3,34,17,13,0,0,0,0,6,31,0,0,0
27,11,5,21,18,34,9,5,0,17,0,0,17,0,31,10,28,0,0,0,0,28,0,24,0,0,16,17,42,0,11,41
40,8,0,0,0,12,0,251,6,54,0,27,200,29,1,0,0,32,0,0,0,0,0,0,15,0,0,11,0,0,17,12
49,0,16,0,23,19,19,8,160,10,0,0,0,44,0,23,0,2,0,0,0,0,0,13,0,0,0,9,6,31,1,0
0,0,0,16,11,13,0,0,18,0,0,0,0,0,14,1,0,9,5,7,12,12,0,0,3,0,0,13,0,0,20,0
25,0,31,0,1,0,46,16,14,2,0,26,3,5,0,0,0,0,8,26,0,0,0,0,3,23,26,0,28,10,0,0
5,0,0,10,3,0,11,11,0,5,0,0,0,34,0,8,58,0,40,6,0,1,0,42,0,0,0,1,17,0,3,0
1,2,10,0,28,6,2,2,5,5,0,2,0,1,24,0,22,0,10,0,0,0,0,0,0,18,42,1,8,3,0,6
0,0,5,0,17,0,0,11,0,0,0,8,0,4,0,21,0,0,37,4,6,0,9,29,19,0,25,11,0,10,0,9
23,0,7,15,8,4,7,7,0,0,24,9,0,25,0,0,3,0,0,0,0,0,26,0,16,0,52,54,17,2,11,36
16,12,0,0,30,0,21,10,20,0,55,0,0,9,3,0,2,0,0,7,0,69,15,0,71,7,0,0,20,0,0,39
50,44,4,0,0,6,0,20,12,16,17,4,39,0,0,0,20,0,48,10,8,49,0,0,43,48,22,0,34,7,47,0
80,22,45,0,8,9,0,0,0,16,0,38,2,38,13,29,5,18,23,1,12,0,18,54,13,0,0,40,0,24,15,0
100,4,29,0,0,12,0,18,48,2,3,39,0,0,15,4,7,0,0,0,23,9,12,0,4,11,16,0,4,0,1,55
0,22,0,0,1,0,21,91,4,4,40,15,26,19,0,0,38,9,0,26,31,0,0,19,3,1,0,28,18,10,33,48
0,0,24,49,29,0,17,35,0,0,0,18,0,0,0,39,0,0,35,0,13,0,0,11,13,0,6,105,0,17,0,0
0,31,0,1,17,0,0,20,0,7,18,0,9,6,28,18,0,0,46,0,34,3,8,5,23,0,0,31,34,19,0,0
6,0,0,2,0,5,0,0,57,4,18,0,14,0,0,41,17,15,9,17,2,2,0,0,6,139,45,68,48,14,0,14
13,1,9,5,0,0,0,10,11,16,0,12,18,9,64,66,3,3,0,2,0,29,0,6,54,253,31,13,7,0,0,19
71,0,0,0,0,0,43,0,9,18,0,16,10,20,33,0,28,27,2,2,0,0,0,11,126,83,1,0,20,0,13,0
92,0,0,27,8,0,6,19,21,0,10,21,0,1,13,106,0,62,14,0,0,0,23,27,152,0,39,0,21,0,8,12
97,0,0,1,0,0,0,33,21,0,4,0,0,0,7,38,138,10,33,34,44,26,0,21,151,21,15,0,0,0,0,0
0,26,51,21,9,30,17,82,45,0,37,0,135,102,26,59,195,23,0,0,0,2,0,56,125,9,0,0,1,4,42,0
0,66,55,0,71,8,30,56,0,31,31,69,60,0,0,128,24,7,47,0,13,0,18,85,15,28,12,0,0,10,45,0
70,46,2,101,17,13,18,35,0,0,0,61,1,3,42,4,146,0,11,16,28,5,0,224,130,33,5,0,77,125,28,0
0,0,35,26,5,0,22,78,48,23,0,31,34,83,19,15,34,1,0,0,1,46,65,0,7,0,1,0,24,102,10,0
1,0,9,25,2,51,19,41,19,21,40,37,40,5,20,0,31,1,0,0,18,55,20,0,0,0,0,35,223,0,9,9
42,0,34,85,0,35,12,0,0,7,0,82,5,0,0,25,0,0,0,53,0,0,0,15,0,38,30,0,6,0,0,2
0,0,7,16,0,0,37,27,44,15,22,0,47,16,25,10,0,55,0,0,0,42,0,0,43,0,4,14,0,0,0,21
0,0,1,38,0,1,11,0,37,0,6,0,0,1,0,26,108,188,100,70,0,15,23,11,9,0,0,0,0,8,221,141
0,0,0,0,0,10,4,0,0,9,34,0,0,0,15,0,30,194,201,1,7,134,69,11,25,0,0,6,4,15,43,0
11,0,0,48,11,0,14,23,0,0,5,9,0,0,6,16,82,0,4,11,22,12,0,0,0,0,0,0,4,1,0,0
77,0,0,0,0,32,44,32,32,0,23,28,46,0,23,17,12,0,12,0,0,0,35,20,0,7,0,0,2,46,10,0
25,11,28,40,22,44,0,0,0,17,0,24,21,22,4,0,0,0,10,1,0,23,13,0,0,17,39,0,5,27,2,0
0,22,0,26,0,12,0,0,0,0,10,0,0,2,0,0,0,0,5,0,33,8,0,26,4,16,34,0,0,30,35,26
4,6,0,0,0,0,21,10,0,0,0,0,26,27,0,0,0,27,0,0,0,0,0,14,11,0,48,26,0,0,0,30
25,13,6,0,19,31,3,0,0,0,0,0,13,13,20,10,16,23,0,0,0,0,12,0,62,0,0,17,0,0,0,0
0,5,0,0,1,4,0,54,17,7,0,9,11,4,0,0,10,0,14,31,0,20,17,11,12,21,0,49,0,0,0,0
9,2,0,34,0,27,28,15,10,21,2,0,0,32,133,0,0,0,0,0,21,0,21,11,0,0,0,35,0,30,35,8
1,0,37,0,4,2,0,5,0,31,39,21,0,0,0,14,0,10,0,10,13,6,11,0,4,5,7,0,14,19,14,0
73,34,8,30,0,0,30,0,0,0,0,8,0,0,11,12,0,1,30,17,12,6,27,0,25,0,23,0,33,28,47,0
84,14,34,0,42,0,23,0,7,15,30,0,31,0,25,34,0,24,0,0,4,35,1,0,0,5,49,0,0,0,0,42
72,3,16,0,0,38,0,0,0,26,0,6,0,4,0,11,10,210,37,0,0,123,23,24,4,0,14,13,12,13,30,12
0,24,14,0,55,13,0,0,0,20,0,4,0,0,32,16,185,64,0,23,0,28,0,0,11,0,20,63,166,87,0,0
0,0,11,0,59,37,28,0,15,5,0,4,17,3,9,0,97,105,8,35,0,0,14,20,64,10,0,182,108,41,0,33
67,0,25,18,27,0,37,0,0,12,0,22,0,0,39,75,188,202,13,0,0,40,0,28,22,0,49,26,0,0,0,26
0,5,26,0,2,0,45,9,21,8,0,10,0,0,0,237,220,75,24,0,0,41,0,26,57,125,21,0,15,19,31,2
100,23,8,0,23,54,6,0,2,22,35,3,0,23,8,0,60,3,4,0,16,0,22,29,62,0,46,0,0,0,0,57
119,8,0,0,4,42,0,0,41,19,0,0,0,0,0,182,40,50,19,4,10,42,9,0,0,12,22,0,0,46,0,61
13,25,6,0,11,0,21,0,0,13,0,0,0,43,0,0,29,10,0,9,0,0,47,3,0,0,12,48,18,45,48,30
0,37,1,0,0,15,0,0,0,6,0,0,24,17,17,15,54,22,8,0,37,12,47,0,0,0,9,115,153,44,24,65
0,0,0,16,32,0,49,0,0,0,6,29,0,0,0,15,0,2,0,0,0,0,0,20,0,177,27,149,39,48,2,49
0,0,0,0,0,14,0,61,0,0,0,12,13,0,0,0,0,1,0,9,0,1,0,25,7,86,52,0,13,5,17,9
0,6,5,0,23,53,10,72,0,0,26,91,31,218,205,0,0,0,0,48,0,0,0,0,0,0,0,3,0,72,5,0
0,18,0,0,0,27,0,16,29,0,56,14,0,48,250,35,0,208,192,0,55,16,24,0,12,25,0,191,127,0,0,20
0,0,5,19,24,0,0,0,10,59,18,25,0,56,184,0,27,246,12,57,11,0,0,7,0,20,10,174,62,4,12,26
21,60,6,0,19,16,56,1,0,44,0,0,0,0,0,16,4,0,99,44,0,5,116,0,0,4,36,5,0,28,93,5
0,0,0,33,0,0,47,75,16,0,6,15,21,26,23,0,9,0,0,0,0,0,27,37,0,0,21,0,0,0,14,74
0,0,1,84,37,0,27,28,7,0,0,0,0,2,0,0,9,0,4,12,0,7,0,10,0,0,0,0,43,0,8,0
27,0,0,6,0,15,0,35,17,0,0,0,0,10,0,0,14,0,0,0,34,0,0,37,4,0,0,0,24,0,4,0
78,0,0,3,0,0,0,0,109,63,0,0,0,30,21,0,0,0,2,0,34,0,0,0,2,0,0,5,0,0,22,0
2,0,0,0,0,26,0,0,246,243,79,0,0,29,26,0,0,21,0,0,0,6,10,0,0,0,0,2,0,0,0,0
0,15,0,8,17,0,0,0,144,131,227,69,0,0,0,0,4,0,22,37,27,4,0,0,0,13,19,1,66,23,8,25
7,4,4,0,3,19,7,50,104,201,96,55,2,0,10,8,4,2,35,17,0,0,0,0,0,0,0,0,0,17,20,0
8,0,21,18,18,0,0,0,0,89,101,47,0,12,0,8,30,18,3,0,0,24,0,16,0,0,3,1,0,0,13,0
46,0,2,0,13,18,0,59,24,0,0,23,57,0,0,16,0,0,10,0,3,23,0,0,5,21,19,0,0,0,0,22
30,34,0,0,0,36,0,0,0,17,0,0,0,27,11,0,9,35,0,0,1,8,73,9,7,0,4,32,17,0,18,1
18,0,0,0,0,16,0,0,0,0,0,35,19,20,12,0,0,26,0,7,5,25,0,33,0,5,26,0,0,16,1,0
27,5,0,16,0,0,29,9,12,31,30,5,0,0,16,25,8,23,8,12,0,0,0,17,0,0,6,1,0,0,20,16
0,0,14,0,17,0,27,33,0,0,0,0,1,0,14,11,6,0,0,17,4,6,0,0,5,2,1,9,3,20,10,0
27,0,0,0,0,29,0,0,38,30,14,0,0,9,0,0,0,31,0,31,0,0,21,6,0,0,0,2,0,0,0,20
6,27,26,0,4,16,8,0,1,21,42,0,16,0,0,0,0,15,0,1,12,0,0,7,0,0,0,1,10,6,0,22
0,0,0,0,0,0,0,67,0,239,17,0,30,155,49,7,7,0,0,18,0,129,34,0,32,0,44,30,36,0,0,3
35,4,0,8,0,10,16,9,0,183,0,92,117,11,46,0,0,0,17,122,32,20,0,0,2,0,5,4,0,0,18,0
63,0,30,0,0,0,0,8,0,102,37,62,82,212,5,9,0,0,65,28,0,0,0,0,4,126,50,7,43,59,44,10
0,38,0,0,54,32,18,0,147,231,152,41,253,35,13,33,0,0,146,0,48,27,0,14,40,0,2,59,60,0,21,0
210,0,0,0,25,0,37,12,200,1,134,67,54,24,55,86,27,70,24,32,0,1,0,0,19,0,62,0,86,0,1,2
104,0,6,17,0,17,15,0,27,105,32,110,15,41,11,11,88,48,3,0,0,0,55,76,4,56,25,0,13,34,20,58
0,19,0,37,48,31,0,0,34,137,73,0,17,10,28,93,18,0,29,1,0,31,0,6,87,8,56,0,0,0,19,67
41,0,0,42,11,1,0,49,25,0,2,28,0,30,0,19,3,0,19,37,10,139,0,9,0,0,0,56,13,51,19,75
0,17,0,11,0,18,0,0,1,5,0,0,57,31,8,0,14,0,0,240,156,0,28,9,37,3,24,0,31,16,57,10
112,0,0,43,0,29,0,1,31,12,18,5,32,19,41,0,0,28,27,222,38,0,18,0,6,0,28,30,18,4,30,2
101,30,4,0,13,48,0,8,18,0,0,27,0,0,0,0,18,0,0,0,3,28,23,0,0,0,1,24,0,45,0,0
28,0,38,18,0,0,22,0,0,80,0,21,0,28,18,31,29,7,24,0,0,13,28,47,19,0,21,13,0,0,0,69
0,0,21,0,27,34,0,12,127,40,0,0,90,212,93,0,16,22,0,7,9,69,57,16,36,30,69,29,13,0,0,19
0,13,5,5,0,0,0,1,194,53,0,112,186,175,9,0,30,16,11,0,0,66,0,11,0,0,43,0,81,24,1,115
0,28,0,0,4,0,18,5,4,19,13,0,189,122,0,45,247,53,0,12,10,3,0,24,0,0,0,0,53,0,18,0
0,26,0,0,33,14,17,37,0,0,30,22,59,0,0,123,115,211,106,17,0,27,0,0,9,35,0,0,0,44,7,0
0,39,0,11,0,21,0,0,16,0,22,0,1,16,0,112,101,0,0,0,0,35,16,0,10,24,0,0,0,7,0,1
18,44,1,0,25,5,8,0,0,19,0,0,0,3,0,9,5,34,92,14,12,34,0,3,0,58,8,49,0,0,0,71
137,22,0,0,13,7,0,0,56,7,10,2,0,0,0,18,32,147,14,11,0,0,15,0,0,0,14,0,0,8,25,0
0,0,16,0,35,31,214,72,11,0,37,4,15,0,21,10,96,6,25,0,18,20,0,0,0,32,0,0,10,0,0,0
45,20,3,0,54,162,0,103,28,0,11,59,8,6,30,17,2,29,37,44,41,0,34,0,0,18,16,0,48,0,40,0
92,8,15,12,30,139,190,144,3,0,0,0,0,30,18,112,0,58,9,9,0,12,9,0,8,17,0,7,0,0,20,2
77,13,50,10,97,145,0,96,22,0,123,19,19,5,165,10,137,0,0,0,0,0,2,7,17,15,12,4,13,0,0,15
0,0,0,18,138,110,112,55,35,112,42,0,12,88,246,12,0,9,43,4,0,4,0,0,2,32,0,16,0,0,0,6
0,34,0,0,83,241,193,172,0,26,84,49,18,66,30,209,0,18,60,0,39,0,56,0,56,13,0,0,50,17,8,62
0,48,0,64,0,120,72,131,32,0,0,17,124,77,115,16,0,24,6,24,1,0,9,56,41,4,5,0,20,9,0,0
0,9,26,0,0,153,172,253,0,2,0,5,11,15,0,28,0,15,0,14,5,0,0,0,6,21,0,0,2,17,0,0
0,35,0,1,0,0,15,10,23,16,0,8,0,12,51,0,0,19,2,0,37,10,0,17,16,0,0,11,43,13,0,0
0,84,0,0,0,20,0,4,3,0,0,0,43,12,0,0,0,6,0,0,0,4,12,0,13,0,0,0,0,10,0,34
9,26,14,0,0,0,0,8,6,11,0,23,2,0,32,0,25,11,0,17,0,15,0,0,5,0,22,0,13,0,7,0
26,0,0,8,3,18,16,0,2,0,0,0,0,12,0,12,2,0,0,0,27,0,37,8,0,1,0,0,0,0,6,47
70,0,12,0,10,7,0,2,0,0,0,0,0,3,20,31,3,16,0,1,8,0,35,0,0,36,0,0,0,7,0,56
126,0,21,5,0,0,0,1,99,8,7,0,80,0,0,59,0,0,0,2,0,0,13,0,0,11,0,38,23,0,0,48
0,0,0,15,0,5,0,0,94,4,0,0,2,8,33,5,21,32,26,0,0,9,0,0,30,34,67,41,30,0,0,0
2,0,0,42,24,0,0,39,0,16,0,0,3,68,86,0,0,14,17,4,40,6,34,0,18,0,20,29,0,0,0,44
0,0,8,0,0,3,38,127,108,10,27,8,119,0,16,0,0,4,0,0,3,42,0,13,0,0,8,26,0,1,3,0
90,3,2,0,0,18,53,40,32,0,9,8,0,59,0,1,0,0,0,0,0,0,11,11,17,15,49,0,6,86,8,21
0,0,0,0,9,24,67,13,74,0,0,146,49,13,27,0,8,0,6,18,0,0,20,0,18,0,74,21,0,21,0,25
0,0,0,85,0,25,60,75,0,0,0,93,0,0,0,0,0,0,0,20,50,0,1,26,13,0,53,103,10,20,8,38
0,17,37,7,44,66,35,7,19,0,0,48,0,69,0,32,0,1,42,29,13,0,5,0,2,0,25,83,0,0,37,201
45,140,108,41,0,17,29,16,0,0,15,36,23,7,2,0,0,59,0,0,0,36,0,0,0,0,0,4,0,22,27,31
192,106,60,33,0,0,33,0,0,0,71,34,0,7,0,17,18,25,0,0,14,0,8,57,51,0,0,0,0,24,41,24
0,132,148,83,0,38,0,0,0,39,114,0,0,59,0,0,86,8,0,22,0,6,15,0,14,0,0,17,26,0,0,0
13,158,165,97,60,11,38,0,45,25,2,10,0,0,20,69,27,19,2,0,0,3,0,6,1,31,0,7,0,8,0,0
0,123,50,73,0,0,0,2,38,17,46,0,0,0,0,95,0,40,2,0,40,0,28,28,56,6,0,0,0,43,0,0
0,159,207,0,0,0,0,55,0,20,0,12,0,0,43,45,0,0,62,16,0,0,41,22,0,0,23,21,61,21,9,0
19,163,73,0,0,26,0,0,12,95,35,0,0,0,40,77,10,0,25,0,21,20,30,16,0,18,0,0,0,34,0,40
34,167,83,4,0,0,0,16,0,58,15,33,22,0,183,9,0,0,0,35,8,0,19,15,0,0,0,0,0,5,36,0
0,39,214,98,0,0,0,0,42,0,6,19,0,8,90,4,46,22,31,2,10,0,0,0,10,0,0,16,11,59,0,42
0,0,40,54,10,48,28,9,10,0,0,13,28,0,7,27,35,7,0,24,0,16,4,25,0,0,37,0,38,0,3,16
2,0,31,33,2,0,24,43,3,8,0,24,0,0,0,15,32,12,33,37,0,26,0,8,0,0,16,0,6,19,0,0
18,7,14,0,0,0,10,13,18,1,56,0,0,0,0,7,9,173,70,0,5,0,6,0,22,24,15,11,27,3,56,10
61,32,10,0,0,11,2,6,0,31,0,13,0,11,8,0,40,150,3,7,0,0,0,0,0,7,17,24,0,5,32,29
0,0,0,0,23,23,13,14,27,1,0,0,4,6,11,59,0,103,0,0,13,1,19,0,35,0,5,34,20,0,0,0
9,0,0,27,28,0,14,39,2,20,143,33,0,31,190,0,0,7,12,32,0,0,0,0,13,2,21,35,17,1,0,0
17,0,14,9,12,0,31,1,0,49,84,16,0,164,118,0,4,0,2,8,0,0,0,0,43,0,4,2,0,7,0,18
13,0,0,13,0,0,16,7,2,38,102,15,0,59,10,0,0,0,4,28,0,7,0,5,0,11,0,38,0,9,12,12
0,16,0,6,0,0,0,11,0,32,8,0,93,135,0,93,9,0,0,0,16,0,0,13,16,0,45,0,3,0,24,4
0,31,0,0,27,69,0,0,12,0,50,0,26,0,20,39,47,48,0,0,0,3,0,9,5,0,0,23,9,0,0,34
9,15,18,0,0,0,0,5,0,0,0,0,0,40,36,0,29,36,0,6,0,0,48,6,38,3,14,3,0,22,7,0
0,19,0,0,0,14,0,35,0,0,3,0,0,0,9,0,54,0,0,0,0,34,0,4,15,0,15,0,4,12,10,0
16,28,0,16,13,4,30,0,0,0,22,50,31,60,21,33,25,0,39,0,0,0,0,0,0,3,22,0,48,29,0,0
4,0,16,11,0,0,0,8,0,0,0,0,4,10,21,0,8,8,0,0,14,0,0,0,0,22,34,0,22,0,16,0
25,0,0,7,0,31,0,0,18,7,31,0,3,8,0,0,52,36,0,0,0,4,20,0,1,0,0,0,0,0,0,10
0,23,25,0,0,14,0,0,0,1,0,29,0,27,15,4,43,3,7,41,14,33,44,0,31,0,21,0,4,0,0,0
3,6,0,0,33,0,0,0,26,29,0,0,0,12,0,0,0,1,0,0,21,0,3,2,8,32,16,0,3,0,17,15
0,27,19,0,29,0,0,9,0,18,9,0,15,26,4,0,0,1,0,5,0,50,25,0,3,11,33,23,0,0,0,0
59,0,0,56,5,16,10,0,26,21,18,3,65,37,0,1,0,20,0,1,48,12,24,38,16,0,0,64,0,19,18,30
11,0,39,12,0,0,0,8,0,22,0,25,27,0,13,8,0,31,22,0,0,23,0,25,10,26,37,0,28,43,15,39
28,17,0,0,0,19,0,0,12,0,52,101,0,0,25,12,0,0,16,0,24,17,38,0,0,0,31,0,12,71,0,0
237,29,49,0,38,86,0,0,10,0,51,5,0,0,0,0,3,28,11,0,4,0,11,0,8,5,0,28,8,0,13,45
96,2,19,32,21,0,31,0,4,0,38,12,3,1,3,0,2,26,18,11,10,0,22,18,7,13,0,50,0,17,27,22
94,2,0,0,15,2,0,0,0,3,23,37,0,0,0,46,3,0,5,17,0,1,32,16,4,10,28,7,0,0,32,0
69,0,0,14,42,11,0,22,25,6,0,0,12,0,0,2,0,29,0,0,0,0,28,21,8,0,11,16,73,0,27,54
0,35,61,0,43,25,2,0,0,0,27,0,51,22,83,0,45,53,0,6,0,2,0,0,26,1,0,0,0,0,0,45
24,60,78,21,0,34,0,0,0,13,57,0,16,0,60,32,0,25,15,0,21,36,22,0,0,0,0,17,0,11,10,0
50,0,8,11,7,17,0,14,0,18,59,31,53,71,61,27,0,0,58,7,0,3,45,5,6,0,4,40,19,0,0,2
0,0,28,42,44,39,10,21,0,0,41,4,58,21,40,0,0,0,5,0,6,0,0,0,0,37,14,0,67,0,10,51
70,0,92,36,70,118,177,5,0,22,0,0,108,66,164,19,23,28,4,0,0,0,0,34,0,0,18,13,21,0,11,15
14,10,24,2,21,13,60,13,0,7,0,0,33,66,68,222,17,6,8,0,0,4,0,14,27,0,12,0,11,0,0,31
0,7,0,48,60,5,36,110,37,36,0,12,5,10,76,78,10,0,16,38,81,23,6,8,0,27,0,0,22,0,0,23
0,0,0,0,0,7,118,186,81,0,27,0,12,80,80,231,58,27,11,110,61,19,34,0,21,0,0,0,34,4,0,33
5,0,0,15,0,72,74,71,136,63,14,0,0,45,101,156,240,8,0,0,54,84,23,19,0,0,39,9,18,0,0,7
0,1,19,0,5,62,67,63,0,43,7,0,20,16,53,118,82,7,76,144,59,63,128,0,16,8,0,0,0,0,0,0
0,0,35,0,0,0,27,29,35,69,0,38,45,49,0,28,0,14,80,66,126,170,36,0,23,3,3,0,0,53,0,0
76,0,10,34,8,40,52,0,0,44,32,0,18,0,14,0,0,0,0,0,18,252,0,0,0,3,0,11,9,0,0,0
76,0,42,23,0,0,10,8,0,9,0,0,29,14,13,3,0,0,22,24,21,0,22,0,0,7,38,0,16,2,0,0
0,0,60,0,28,0,0,20,0,0,25,13,0,0,0,21,7,0,0,0,6,0,33,0,25,2,11,0,0,0,0,2
65,31,0,12,17,0,8,5,30,38,1,11,0,0,18,0,0,16,0,42,0,7,0,0,36,69,20,0,24,0,1,0
42,0,0,26,38,22,16,2,27,0,0,29,4,0,0,1,23,0,0,22,19,20,8,0,0,53,0,0,0,30,10,0
46,34,0,0,0,0,0,0,0,16,0,0,19,20,0,16,0,0,17,0,1,16,1,0,0,35,47,0,30,9,17,0
64,0,0,0,19,0,12,25,0,0,13,1,12,11,23,6,0,8,0,30,74,0,4,17,22,7,40,18,8,0,0,0
0,3,0,13,16,0,7,0,10,1,0,31,49,0,25,18,14,0,0,0,93,8,33,38,11,20,0,0,0,45,12,0
107,8,3,0,0,15,7,4,0,0,0,38,0,18,21,0,0,0,6,14,0,9,31,0,7,14,18,0,0,19,0,13
27,0,0,35,0,19,21,0,0,12,30,0,0,0,0,27,8,0,0,0,0,0,0,19,8,0,46,0,0,0,0,0
0,11,17,5,0,0,23,33,43,0,10,23,0,8,10,0,6,3,17,24,50,0,0,0,21,22,49,0,34,17,43,15
0,0,0,17,16,42,0,0,0,0,0,27,0,0,0,4,0,2,14,0,0,16,12,7,16,0,0,8,4,18,20,0
3,8,31,0,0,37,12,0,0,0,1,5,0,0,0,20,0,36,17,1,19,0,4,0,19,28,0,0,4,0,19,32
20,28,9,3,0,0,0,31,0,0,0,0,8,19,0,35,0,0,0,8,0,29,0,0,0,31,0,0,0,1,0,51
0,0,0,0,0,19,6,0,0,0,1,0,66,1,0,2,5,0,0,46,0,10,2,0,7,0,11,0,3,0,14,0
0,8,6,12,0,0,0,30,0,11,0,16,41,0,0,0,4,15,4,10,17,30,16,5,38,32,0,9,0,37,0,0
0,2,0,20,41,0,2,16,0,1,0,20,4,0,0,0,11,3,36,5,111,16,47,34,4,48,0,0,16,21,0,8
0,19,0,0,16,0,0,12,0,0,0,0,3,0,0,30,0,2,0,1,24,0,0,0,39,15,43,0,22,0,21,13
0,9,0,22,8,0,0,29,0,8,25,12,4,0,29,0,4,0,0,11,0,48,0,2,19,11,32,10,0,0,0,0
3,1,7,0,0,12,1,9,2,0,60,7,0,0,17,1,0,0,10,3,29,19,0,0,5,0,0,6,13,0,0,0
68,5,11,0,19,0,0,0,0,0,0,0,0,35,0,0,0,14,40,0,39,41,7,0,0,0,155,20,17,0,16,2
0,38,0,0,0,14,0,0,0,2,0,0,11,11,0,0,0,101,21,33,32,0,42,8,35,80,86,1,6,3,40,0
60,0,78,0,0,21,35,0,0,48,19,0,20,0,0,38,60,199,14,0,0,0,0,24,91,161,53,37,0,33,0,0
0,0,20,65,20,0,2,0,0,0,55,0,0,0,75,83,84,30,13,14,0,0,10,14,89,122,33,50,0,0,0,0
1,0,0,0,0,0,17,0,0,0,0,29,0,0,24,3,45,176,0,0,0,16,83,17,28,85,0,12,0,0,0,102
0,51,21,11,64,4,0,28,13,14,46,0,38,59,0,63,202,173,0,0,0,4,0,66,50,209,0,0,12,26,19,0
0,22,16,9,1,3,0,21,24,89,0,3,0,2,7,120,108,68,73,1,0,10,28,38,206,215,6,0,13,17,17,10
0,2,17,8,11,21,16,26,0,25,3,38,26,30,74,12,44,0,36,35,0,9,32,92,125,1,0,10,3,7,2,0
51,26,0,2,0,14,48,131,59,0,15,145,79,103,41,0,58,32,0,3,35,12,8,8,70,8,1,0,3,7,136,0
0,0,43,46,0,0,5,12,0,82,11,2,0,68,14,0,32,0,0,0,0,0,0,60,5,0,16,0,154,13,17,26
103,9,6,0,59,3,18,42,17,13,0,40,57,34,25,28,10,22,0,3,0,0,0,2,2,0,17,0,16,22,0,0
0,0,0,0,38,0,51,0,0,23,0,22,0,0,6,4,0,0,14,32,0,22,5,0,0,44,26,0,7,0,0,9
15,0,3,9,0,0,0,0,0,3,0,44,0,0,26,9,20,36,34,14,21,6,25,16,0,0,10,26,0,0,24,41
0,2,0,38,25,37,18,26,6,0,0,7,15,5,12,0,30,9,146,26,45,0,22,8,6,16,18,0,0,0,227,125
61,0,12,0,25,5,0,0,20,0,20,0,8,0,4,0,1,0,3,0,0,0,0,0,26,0,51,0,0,25,19,7
18,0,0,22,0,12,11,11,0,7,13,0,0,0,0,0,3,10,0,8,0,16,24,0,11,10,36,0,0,0,0,0
0,0,3,0,14,0,0,0,0,0,44,0,0,22,0,9,0,20,2,0,12,20,0,0,24,105,0,7,0,0,0,54
0,20,0,0,44,17,16,0,0,0,0,27,44,23,34,39,0,30,0,0,0,0,0,35,1,1,43,35,22,0,22,0
0,46,16,0,33,16,11,0,2,0,7,5,0,0,16,0,11,17,23,2,0,10,1,11,0,11,3,8,0,5,5,9
0,23,0,0,0,0,0,0,0,3,0,26,51,22,1,33,0,0,11,4,5,5,0,0,30,0,11,0,0,0,0,7
37,0,0,20,30,0,61,9,34,0,0,5,0,16,34,22,0,0,25,15,0,0,15,0,0,1,12,0,1,19,0,0
10,23,0,0,0,14,0,0,19,2,0,7,0,11,27,12,34,29,20,16,5,17,0,0,0,0,0,20,0,0,17,0
0,0,0,1,0,0,0,18,0,16,0,0,0,13,0,0,3,20,0,24,0,60,11,0,13,9,0,4,0,0,0,15
0,25,0,0,19,0,0,10,0,30,9,8,0,26,32,1,9,0,0,0,30,0,22,2,2,0,1,40,35,2,24,0
0,1,44,0,0,0,0,0,21,0,0,2,0,22,0,0,34,0,0,23,0,15,13,0,17,14,16,10,0,6,30,0
0,14,0,26,11,8,10,0,26,3,0,0,0,29,0,0,0,38,247,12,4,31,0,9,0,16,17,18,3,36,0,62
107,0,0,25,0,0,3,22,14,0,0,0,50,0,0,0,0,168,242,39,0,25,0,1,0,0,0,27,78,26,0,0
0,0,33,12,0,8,0,0,12,20,21,26,3,0,0,43,0,165,15,0,42,2,0,0,0,14,7,134,166,9,0,1
0,17,0,5,6,0,0,20,0,17,40,4,0,0,0,0,74,239,56,0,64,0,0,6,8,18,49,0,0,13,0,18
0,0,0,0,0,6,13,14,16,23,0,0,14,0,4,40,237,101,0,39,0,0,11,0,10,27,14,0,7,0,0,66
0,16,22,30,0,4,40,46,8,0,2,36,0,5,24,50,165,3,54,14,0,0,0,5,254,24,3,14,14,0,0,0
0,0,0,39,0,0,0,46,0,0,0,0,0,22,0,51,0,0,0,9,0,28,0,105,0,0,0,0,0,53,27,155
0,15,0,0,37,0,0,8,2,0,0,8,0,0,20,39,85,0,22,0,0,40,58,31,0,0,16,0,0,6,107,44
0,0,0,0,32,20,5,0,0,0,30,0,38,10,0,14,94,84,0,0,0,22,8,0,0,7,2,71,83,48,26,51
40,35,52,12,0,8,0,0,0,0,46,0,0,0,8,57,1,95,16,0,42,27,0,0,0,12,126,177,39,27,18,0
0,1,0,66,0,4,0,0,18,7,0,27,7,53,0,5,0,0,3,26,0,0,0,0,0,131,201,25,0,35,23,189
0,0,20,0,0,16,0,0,46,33,34,0,33,65,205,0,16,28,0,0,49,0,4,28,24,13,0,24,0,33,32,0
0,75,48,0,0,55,0,68,35,7,55,6,55,105,38,0,0,0,13,0,0,0,10,0,0,24,0,6,176,94,0,0
104,6,29,0,20,0,0,0,33,22,49,30,9,26,57,0,0,230,242,0,0,0,18,29,0,6,17,99,151,8,0,36
4,9,14,1,61,0,37,43,0,29,60,98,9,0,46,0,21,21,105,25,11,0,34,2,52,0,26,52,43,33,58,28
84,5,24,16,0,0,37,0,44,11,8,82,78,9,7,18,1,21,0,6,0,21,1,23,0,15,0,0,0,30,38,52
0,0,2,9,32,47,0,0,5,38,50,70,5,6,30,40,73,25,12,0,33,38,16,4,6,24,21,8,0,23,5,0
0,9,0,24,0,0,15,22,39,54,0,51,0,47,0,17,0,20,26,3,18,8,0,11,24,0,53,0,0,0,0,45
0,22,13,0,48,19,0,25,0,177,60,15,0,0,40,0,15,27,0,7,18,0,10,18,35,0,59,36,31,0,0,45
9,1,28,8,59,19,0,19,17,120,166,14,0,0,4,0,16,12,0,27,0,18,13,0,57,51,38,0,26,27,0,0
0,30,36,0,17,12,0,14,221,163,28,68,21,0,0,0,5,0,3,0,16,0,0,12,0,23,6,0,0,10,0,3
78,11,0,4,0,4,6,0,212,122,52,65,30,20,0,0,25,0,0,8,0,0,2,13,14,0,0,0,6,0,20,0
48,6,0,17,48,0,6,27,0,152,65,101,47,0,1,0,22,25,0,0,8,0,31,6,27,0,24,16,0,0,0,53
52,0,7,17,12,0,5,0,0,41,65,63,19,0,0,0,12,3,0,0,0,0,0,0,0,0,0,2,2,8,0,21
1,0,1,8,29,0,28,14,0,0,38,7,0,0,35,0,33,0,0,0,0,1,0,0,0,2,0,0,16,42,18,0
56,30,0,0,0,0,37,20,22,19,0,47,35,0,42,0,0,1,3,38,0,0,0,0,0,20,31,0,0,4,16,0
62,44,6,11,23,42,0,0,0,0,0,11,1,0,16,0,0,0,28,0,0,3,48,9,0,0,0,0,0,0,3,29
0,23,24,0,0,2,5,0,27,23,34,0,0,0,0,13,0,19,58,0,22,6,47,6,0,0,0,0,0,8,8,0
30,7,0,0,0,5,31,0,0,0,10,4,0,0,20,0,5,0,16,0,0,11,9,0,29,0,0,0,12,5,16,0
0,0,38,0,2,47,4,28,13,0,0,0,12,19,30,0,0,0,0,3,18,0,33,0,4,0,37,0,0,16,0,0
8,16,0,0,31,29,0,12,26,45,89,0,5,8,5,0,0,0,0,0,92,27,0,0,0,8,41,0,0,3,1,19
0,0,26,0,22,9,0,2,8,0,32,36,3,0,0,4,38,0,31,39,3,0,0,23,0,13,1,0,11,47,17,0
112,12,46,0,9,32,0,0,37,62,75,34,49,0,17,0,39,33,73,24,0,0,56,0,22,41,20,3,0,0,3,7
53,0,11,0,0,0,18,0,76,93,77,0,2,0,0,4,8,0,88,12,0,0,0,0,67,114,3,0,0,21,12,58
0,10,6,0,23,10,0,1,63,160,101,31,13,1,16,0,1,0,14,0,0,0,0,13,13,7,41,0,0,0,0,44
20,0,0,21,0,7,0,21,73,9,18,40,12,61,0,21,0,18,0,0,1,0,0,27,0,0,9,0,0,39,8,50
0,1,0,47,0,0,28,12,41,38,120,94,75,1,21,58,70,23,11,0,0,6,66,22,61,47,134,41,42,37,30,8
0,4,30,0,38,46,0,0,78,31,9,7,0,45,0,0,0,9,0,0,0,118,48,0,41,0,19,64,23,37,7,34
133,0,0,0,11,0,0,2,43,31,34,14,24,35,30,0,0,0,0,0,0,45,55,0,42,0,4,26,14,1,0,13
0,0,1,0,59,40,0,0,50,0,15,10,9,0,0,0,14,0,22,6,112,0,34,0,13,8,6,13,32,0,0,108
27,0,22,24,16,0,8,0,17,25,36,0,0,0,11,78,16,0,5,0,8,0,0,10,0,0,0,26,0,70,23,0
25,83,26,0,0,24,0,41,0,17,0,64,6,4,0,20,0,23,0,0,2,28,0,0,0,41,36,18,23,0,6,0
160,43,24,62,21,0,5,33,20,17,0,0,29,0,62,14,0,26,0,14,0,133,110,70,102,0,0,0,53,0,29,11
0,0,37,11,12,27,6,38,37,9,98,49,66,0,26,23,0,19,11,51,189,96,33,27,9,0,0,9,56,34,0,0
72,4,32,57,20,0,8,2,0,9,8,62,23,2,0,13,1,0,0,16,77,0,0,28,23,0,63,46,30,17,0,10
46,0,0,0,27,0,45,10,24,54,0,62,0,1,0,60,101,1,11,0,18,20,44,10,12,0,0,3,0,0,17,23
0,0,0,0,24,0,3,0,0,0,0,18,38,0,74,5,100,16,0,35,16,0,29,12,17,0,0,0,26,0,3,10
56,0,0,0,0,7,3,23,13,0,16,9,0,53,104,46,0,0,0,25,0,0,0,25,56,0,0,9,26,13,0,86
13,55,0,0,0,0,0,0,0,9,0,0,3,34,0,0,0,112,0,2,0,24,0,0,0,25,0,10,17,0,30,0
58,2,37,0,0,16,131,4,54,21,16,20,0,0,0,0,0,25,5,0,0,0,0,8,37,18,0,0,11,24,0,0
0,12,0,0,53,73,0,17,62,6,0,0,21,0,17,3,0,0,17,0,0,12,0,24,12,49,0,0,0,0,16,41
0,0,0,32,94,184,113,170,51,0,0,14,23,66,0,0,6,0,8,0,0,9,18,0,44,0,10,1,27,16,0,21
37,11,0,133,173,121,176,89,52,0,18,29,0,0,0,5,21,0,29,45,58,1,17,0,0,27,0,0,0,40,14,0
0,28,0,213,62,176,3,115,88,149,16,0,22,48,179,0,0,0,9,0,32,0,3,18,0,0,0,0,3,0,13,0
0,7,23,142,130,184,83,208,20,43,0,8,1,98,24,16,0,0,15,0,28,8,11,0,0,50,0,1,0,0,0,0
138,0,0,154,116,33,51,57,43,18,0,0,198,80,215,0,15,6,7,0,10,15,27,0,28,0,51,30,5,10,0,0
128,0,27,0,49,68,140,250,26,39,2,129,214,226,0,9,0,27,5,0,7,0,40,0,39,0,0,0,0,0,0,35
53,27,36,0,0,93,167,168,0,2,37,120,0,28,0,0,0,20,0,8,0,0,55,30,16,0,29,1,0,16,37,0
0,0,0,0,0,0,42,1,21,0,0,6,7,36,0,0,3,13,0,4,0,24,11,2,0,9,11,11,0,9,7,2
0,20,18,0,17,0,0,6,0,0,1,9,0,4,3,7,14,0,23,0,7,0,0,0,0,20,0,12,0,0,0,0
27,0,3,36,27,0,10,22,17,0,4,0,0,12,11,0,0,0,61,14,0,0,0,0,0,0,0,30,28,0,0,0
0,40,3,0,19,14,21,0,18,7,6,27,0,0,0,0,28,0,62,13,13,31,0,0,0,0,44,0,34,11,35,0
