0,3,0,0,0,3,9,13,3,5,10,2,0,3,0,1,4,0,0,7,2,2,0,2,0,0,2,0,0,11,0,0
0,0,0,1,0,1,1,0,1,0,1,1,0,0,0,0,1,3,1,0,3,4,0,0,5,0,11,0,0,4,4,5
1,0,0,0,0,0,1,0,0,0,0,0,0,8,2,3,7,0,0,1,0,4,1,0,0,0,0,0,0,4,0,12
4,0,9,3,1,0,5,0,0,0,2,0,10,1,5,1,0,0,0,0,3,3,0,4,0,0,3,0,0,1,0,0
1,0,5,1,3,0,8,0,10,0,0,0,0,1,6,0,1,2,2,4,0,0,0,1,0,0,0,0,7,0,0,0
0,0,0,0,0,0,3,5,0,2,0,11,0,0,2,5,0,0,1,0,0,0,2,0,4,0,16,0,0,11,7,0
0,0,3,8,0,0,0,0,9,0,0,0,3,9,0,0,0,1,0,0,2,0,6,0,3,4,10,0,0,0,2,12
0,8,0,8,0,3,0,0,0,4,0,1,6,6,0,2,0,0,0,3,7,5,11,0,1,0,0,0,0,0,0,0
5,6,8,3,7,6,5,0,0,2,0,5,11,0,0,0,1,0,0,4,5,4,0,0,0,7,5,0,0,0,0,0
1,0,0,2,0,0,0,1,2,3,0,5,4,3,0,1,6,0,4,3,0,0,6,0,0,0,0,0,0,0,0,0
1,0,6,0,0,5,0,1,2,3,4,0,0,1,0,2,7,0,0,0,3,0,9,0,1,0,0,5,4,0,0,1
1,1,8,0,3,6,0,0,0,0,0,0,11,2,6,0,0,0,0,6,4,0,0,0,0,3,0,0,0,0,13,0
2,0,5,0,5,7,5,0,8,0,1,2,0,7,0,0,0,0,1,1,3,0,0,0,5,3,4,0,0,0,0,0
0,1,1,0,0,8,0,0,2,1,5,2,0,4,0,0,7,0,0,0,0,0,8,5,3,2,0,0,0,0,0,9
0,0,0,6,0,5,0,1,8,0,0,0,0,4,0,0,3,0,0,2,1,0,2,0,0,0,0,0,0,4,14,0
0,0,0,1,0,0,1,11,0,0,0,0,2,0,0,0,3,0,0,2,1,0,7,0,3,0,14,0,0,5,0,7
1,0,1,10,6,1,7,0,0,0,8,8,0,0,7,0,0,0,4,0,0,0,1,0,0,0,0,1,7,0,0,8
3,0,5,0,3,0,7,2,0,0,0,4,0,2,5,2,0,0,0,0,1,0,2,0,0,0,0,1,9,0,0,0
0,0,0,3,0,9,0,0,2,0,2,0,3,3,0,5,0,0,0,0,0,0,0,3,0,5,0,0,8,8,8,16
0,0,0,2,3,0,0,7,5,0,8,1,5,0,0,8,1,0,3,0,10,4,0,4,8,0,9,0,4,4,0,0
0,6,0,0,5,5,0,0,1,1,0,0,0,0,0,1,4,0,1,0,0,0,0,0,0,0,3,0,1,3,0,0
1,2,1,0,2,0,0,5,2,6,0,3,0,2,0,5,0,0,0,0,0,0,0,0,0,0,0,0,8,0,0,9
2,0,0,3,0,0,0,0,1,0,6,0,0,2,8,0,0,2,0,2,0,0,0,4,0,8,8,0,1,1,1,0
0,0,5,0,0,4,0,0,0,9,0,0,4,1,0,2,2,0,4,4,0,6,0,0,5,0,0,0,0,0,0,4
0,1,0,0,0,0,0,0,0,1,0,6,0,0,0,7,0,2,0,4,2,0,2,0,0,0,0,0,8,0,10,0
0,3,0,0,0,0,0,0,2,0,0,0,0,0,0,0,0,3,0,2,0,0,0,0,0,0,17,0,0,0,5,0
0,0,0,3,0,0,2,0,0,0,7,2,2,0,2,0,2,3,0,3,2,0,0,0,0,0,2,0,0,0,0,0
0,0,0,4,0,0,0,1,6,0,3,4,0,0,0,2,0,2,1,4,0,0,4,0,0,0,0,6,0,0,0,14
0,3,0,0,2,0,0,1,1,0,0,0,0,3,0,0,5,0,0,0,2,0,4,6,1,0,0,0,0,0,2,0
2,0,0,3,2,1,0,2,0,0,0,0,0,2,5,0,0,0,0,1,0,2,0,2,4,0,1,0,0,2,4,10
0,3,4,0,0,10,0,0,0,3,8,1,2,2,1,0,0,0,1,0,0,7,0,0,0,8,0,3,0,7,3,0
0,0,3,5,0,3,0,0,1,0,8,0,2,0,0,4,0,0,1,0,1,0,3,0,5,2,0,0,0,0,0,14
0,0,0,5,0,3,0,0,0,0,7,7,0,0,0,0,0,1,0,0,1,0,0,4,0,0,0,0,3,12,5,31
2,0,0,4,0,0,1,0,1,0,0,0,3,4,5,2,2,0,0,0,0,1,0,0,4,0,8,0,4,0,13,22
1,5,0,2,0,7,1,14,0,0,9,5,0,0,2,0,0,0,1,10,0,0,0,0,0,1,0,0,0,0,0,8
0,0,0,6,4,0,0,5,0,0,5,0,4,0,0,0,1,0,6,2,0,0,0,0,0,0,1,3,5,2,3,0
0,1,1,0,0,3,1,5,0,1,0,1,0,2,2,3,0,3,3,7,0,4,4,0,0,1,9,3,0,0,2,0
0,0,0,3,5,0,0,9,0,0,4,0,0,0,0,1,0,6,0,0,1,0,0,0,0,1,0,0,4,0,2,0
0,0,0,0,2,0,0,0,0,0,0,0,0,0,0,0,0,1,0,0,0,0,0,0,4,8,0,9,0,0,5,0
0,0,0,2,5,5,3,0,0,0,3,0,0,3,4,0,0,0,0,0,0,0,0,1,2,1,0,0,0,3,2,1
1,0,8,7,0,0,0,0,0,0,9,4,0,2,0,0,0,0,4,6,1,2,2,3,0,0,0,0,0,2,3,16
0,1,0,5,0,0,6,0,0,0,2,0,0,0,0,11,0,1,0,0,7,1,5,0,0,0,6,0,3,0,0,0
0,0,3,6,4,0,4,0,0,0,0,4,0,8,0,0,5,6,0,0,4,1,2,0,4,0,0,9,3,0,0,2
0,0,0,5,0,0,0,0,2,0,0,0,0,6,1,0,0,1,0,0,0,0,0,2,0,0,0,3,0,1,0,5
3,0,0,0,0,5,6,0,2,0,0,0,0,3,0,0,0,6,5,1,4,4,0,0,0,0,6,1,2,0,1,5
0,0,0,1,0,3,0,0,0,0,4,0,4,0,1,0,0,2,4,0,6,3,0,2,0,0,0,0,0,0,10,0
2,10,6,5,14,0,13,17,7,0,6,4,4,0,5,6,6,0,1,3,1,1,0,0,7,0,8,9,0,0,6,0
0,0,5,0,0,0,1,0,0,0,5,1,2,4,0,0,0,1,1,0,10,1,1,0,1,0,2,4,0,0,7,0
0,3,8,0,5,0,0,0,1,0,6,0,0,2,0,0,0,0,0,6,1,1,0,0,0,0,0,0,0,7,7,2
0,2,1,0,4,5,4,0,0,0,2,0,0,0,0,0,0,0,1,0,0,0,0,0,0,0,0,1,4,5,5,0
4,0,0,6,1,0,0,0,5,7,0,0,10,0,0,0,2,0,1,7,0,0,0,1,0,0,4,3,0,3,0,0
0,0,0,6,0,0,0,5,1,0,1,0,5,0,0,0,0,0,0,2,0,0,0,0,6,0,0,6,2,0,0,11
0,0,2,0,5,3,0,0,8,2,3,0,0,0,2,0,5,0,1,0,0,4,0,0,4,0,5,2,0,5,1,2
0,1,0,1,6,0,6,4,0,4,0,2,3,0,0,0,0,0,0,0,4,0,0,3,2,0,0,0,1,0,0,7
1,0,0,0,0,5,3,2,0,0,1,0,0,4,2,0,0,0,0,0,1,1,1,0,0,5,6,0,3,0,0,0
0,2,0,0,0,2,4,0,0,3,0,0,0,0,1,2,9,3,2,0,0,0,0,0,0,0,14,0,1,0,0,0
8,3,2,2,3,5,2,4,0,0,0,4,0,0,3,0,6,3,0,3,0,0,0,0,2,2,0,0,0,0,0,2
3,0,0,0,0,4,1,1,0,1,0,0,1,0,0,0,3,0,0,0,0,3,0,0,0,0,0,0,0,0,0,0
4,0,0,0,0,0,10,0,0,0,0,2,0,0,5,5,0,0,0,0,0,0,3,0,0,0,0,0,0,0,3,0
0,2,0,4,0,5,0,0,0,8,0,0,3,0,4,3,6,0,0,0,0,0,4,0,4,0,3,0,1,0,0,0
3,4,9,0,6,0,0,0,0,0,2,0,0,5,3,0,2,4,0,2,0,8,9,0,5,0,0,0,1,0,7,18
5,5,0,1,0,0,3,2,7,0,11,0,4,0,4,0,0,3,0,0,4,0,0,0,0,10,0,0,7,0,0,2
0,0,0,0,0,0,0,0,1,0,0,2,0,0,0,0,0,0,0,1,0,0,0,0,0,0,0,0,0,0,1,0
3,0,0,0,7,0,0,0,4,0,0,0,1,3,0,0,6,0,0,0,0,0,0,0,5,0,5,0,1,2,1,10
0,5,0,0,1,0,0,6,0,0,0,1,0,0,0,0,0,3,0,0,0,0,5,1,4,0,6,0,0,0,0,0
0,0,0,1,0,0,0,0,0,1,0,0,0,3,0,0,0,8,3,2,0,0,4,4,0,7,6,0,0,7,0,0
3,0,9,6,0,7,0,0,4,3,0,4,10,3,5,0,0,0,1,5,2,0,0,0,4,0,0,0,2,2,0,5
0,0,1,1,0,0,0,0,4,2,0,2,0,6,0,0,4,0,0,0,1,0,4,0,0,0,0,0,8,0,1,0
6,0,0,0,1,0,0,4,1,0,0,2,2,0,3,0,0,0,0,0,0,0,0,0,0,0,2,0,0,0,0,0
1,7,8,0,9,5,0,0,4,0,4,3,0,0,0,6,0,0,0,0,6,0,4,4,0,3,5,0,0,6,1,1
0,0,0,4,8,0,0,3,2,0,2,6,0,0,0,0,0,0,0,3,0,0,0,0,0,0,4,1,0,0,0,0
0,0,0,0,0,1,2,0,3,0,6,0,0,0,0,2,6,0,0,0,0,0,7,0,0,0,10,0,0,0,0,0
0,2,0,0,0,0,0,5,0,0,0,4,3,1,0,0,0,0,0,2,0,0,0,5,3,0,0,0,6,0,5,6
3,0,0,5,0,0,0,0,0,3,7,2,0,0,0,0,3,5,1,3,0,0,0,2,0,0,0,0,0,0,0,0
0,0,1,1,0,0,3,0,0,0,7,0,0,0,3,1,0,5,0,0,0,2,0,0,6,0,0,0,0,7,0,11
3,0,0,4,2,2,1,0,0,0,0,0,0,2,3,1,0,0,0,0,0,3,4,0,3,6,3,1,10,2,10,2
2,0,4,0,0,0,0,0,0,3,0,1,0,0,1,0,0,0,0,0,0,0,0,0,0,5,0,7,0,0,0,0
0,0,0,1,0,0,0,0,0,0,0,0,0,3,0,0,0,0,0,0,0,0,6,0,0,1,6,2,1,2,0,0
0,0,0,0,0,0,4,0,0,0,0,8,0,0,0,2,0,0,0,2,1,3,0,3,6,8,3,0,2,0,9,6
0,1,0,0,0,0,1,0,0,0,0,0,1,1,0,0,0,0,0,1,0,0,0,0,0,0,0,0,7,2,0,0
1,3,0,0,0,0,0,7,1,0,0,0,2,0,0,6,0,0,0,8,8,2,0,0,2,0,0,0,0,0,8,0
0,5,0,9,4,0,0,0,2,0,0,1,0,0,1,8,2,0,2,0,1,2,0,0,0,4,0,0,0,5,0,0
0,3,0,2,0,0,0,0,0,0,3,8,0,3,0,0,1,6,0,3,3,0,0,0,2,0,0,5,0,0,0,0
0,0,11,5,11,1,2,0,3,1,1,1,0,0,0,1,2,0,4,0,0,7,0,0,3,0,0,2,0,0,0,5
0,5,3,0,0,0,0,0,0,0,0,1,0,0,0,0,0,1,0,6,1,0,0,3,0,0,0,0,1,0,3,12
1,0,0,4,0,0,0,10,2,2,5,0,0,0,1,4,0,0,0,5,0,0,0,2,0,0,2,0,0,4,0,5
0,0,0,0,3,0,4,0,5,0,2,0,0,0,3,0,0,0,1,0,7,0,0,0,3,2,0,0,0,0,2,11
1,0,1,0,0,2,0,0,4,0,0,0,2,0,0,0,3,0,0,0,0,2,0,6,2,3,0,0,3,4,6,16
2,4,0,4,2,1,0,7,3,0,6,0,0,1,0,0,0,0,0,0,0,0,0,0,3,0,5,3,2,0,0,1
4,0,1,6,8,1,1,0,0,1,1,0,0,2,0,2,5,6,2,0,2,0,0,3,5,0,4,0,0,0,0,0
4,3,6,9,0,0,0,1,3,0,0,0,0,0,1,0,1,0,0,3,0,0,0,2,0,2,4,0,3,1,0,16
0,3,0,0,0,0,0,8,0,0,0,6,0,0,0,4,4,0,0,0,6,0,0,0,7,0,0,0,1,1,0,0
1,0,0,0,2,0,5,0,0,0,1,0,3,0,1,2,0,0,0,2,0,0,0,0,0,1,0,3,0,6,0,0
0,0,0,1,0,1,0,3,4,0,8,10,3,4,1,10,0,0,0,1,0,2,0,0,0,0,0,0,0,0,1,0
0,0,2,5,0,0,0,4,0,0,6,2,6,0,0,0,0,0,0,0,0,0,3,0,5,0,0,0,2,0,0,0
3,0,2,8,5,0,0,1,1,2,1,0,0,0,0,0,0,1,0,3,0,0,6,5,0,0,4,0,4,0,0,0
8,0,1,4,10,5,0,0,0,2,0,0,1,0,5,0,0,0,9,9,0,0,4,0,5,0,0,0,6,1,0,0
0,2,0,0,6,1,0,0,0,0,0,0,3,0,0,0,0,0,3,0,0,0,0,5,0,0,0,0,1,2,0,2
2,0,1,0,0,0,0,0,0,0,0,0,2,0,0,0,0,0,1,0,0,0,1,0,5,2,0,3,0,0,4,18
5,4,0,0,0,4,0,0,0,0,0,10,0,0,3,7,0,0,2,0,3,0,2,7,4,0,3,0,0,0,0,3
3,0,0,5,0,4,0,0,5,0,0,8,0,0,0,0,0,1,2,0,1,3,0,0,0,0,0,1,0,0,0,0
4,1,0,3,0,0,0,0,0,2,7,2,0,0,0,0,0,2,0,0,1,0,1,0,0,0,1,0,0,0,0,0
7,0,0,0,2,1,7,1,0,3,0,14,4,0,0,0,6,0,3,0,0,6,7,4,0,1,0,0,0,12,0,6
0,0,4,0,0,0,0,9,0,1,0,6,9,1,0,0,1,0,1,6,0,1,5,0,1,0,0,1,0,5,0,9
0,0,0,1,10,0,0,2,4,0,10,4,0,0,0,0,0,2,0,0,0,0,0,0,6,3,0,2,0,0,0,0
0,3,0,0,13,0,2,0,0,0,0,0,0,0,0,1,7,0,0,0,0,0,1,0,0,0,0,0,0,0,0,0
0,2,1,1,0,0,1,0,0,0,0,0,0,0,0,0,1,4,0,0,1,4,5,9,0,0,8,0,3,4,2,1
0,1,1,0,7,0,0,0,0,0,16,3,9,0,0,0,0,0,0,0,0,0,5,0,0,0,0,0,0,0,0,14
8,0,1,6,3,0,0,0,9,0,11,1,17,0,5,1,1,2,3,0,1,3,0,11,0,0,0,0,0,0,0,0
0,0,3,1,2,0,1,5,0,1,0,2,2,0,0,2,0,0,0,2,1,2,0,0,0,0,0,0,3,15,0,0
0,7,1,1,0,0,0,0,0,0,1,0,0,0,0,5,0,1,0,0,0,0,0,0,2,0,0,0,6,0,0,11
3,11,9,0,5,0,0,11,2,0,0,4,0,0,0,2,3,0,0,0,0,0,5,8,0,0,4,0,0,0,0,0
0,0,0,2,0,0,5,15,0,0,0,11,0,0,0,0,0,0,0,0,0,7,0,0,0,0,0,0,0,9,0,12
0,0,9,0,4,3,0,0,0,0,0,0,0,0,0,8,1,0,0,0,6,0,0,2,4,0,0,0,0,0,0,1
0,0,4,0,0,0,4,0,3,0,0,12,0,1,0,0,0,0,2,1,0,2,6,1,0,2,5,4,1,6,7,3
5,0,1,5,0,2,3,0,0,1,0,0,0,0,0,0,0,0,0,6,3,0,2,0,1,0,4,12,0,9,3,1
0,0,0,2,13,7,3,0,6,4,0,3,0,2,0,1,0,7,0,0,2,6,5,1,1,1,0,1,0,0,0,0
4,0,5,0,0,0,0,2,1,2,0,0,0,0,0,3,3,0,0,1,6,1,0,2,1,0,3,0,3,3,1,12
0,0,2,0,0,0,0,0,3,5,7,5,0,8,3,4,0,0,0,0,0,0,4,0,0,0,0,5,0,0,0,0
0,0,2,0,2,0,0,3,0,7,0,5,0,0,0,0,0,2,0,11,0,2,3,0,0,0,4,0,0,1,0,0
4,1,0,6,2,0,0,4,1,0,2,2,1,0,0,0,0,0,0,0,1,7,0,0,0,0,2,0,5,0,4,0
0,0,0,1,0,0,0,0,0,2,0,2,4,2,4,5,4,2,3,4,1,0,0,0,0,0,0,10,0,14,5,9
4,0,0,0,0,8,4,3,0,6,7,3,5,2,2,0,4,0,1,0,0,0,0,4,0,0,0,0,0,3,7,0
0,0,3,1,0,0,0,0,0,5,0,0,3,0,0,3,3,0,0,4,2,2,1,0,0,5,2,5,2,8,0,0
1,0,0,0,0,2,0,2,0,0,0,2,0,2,0,0,0,0,5,0,2,4,0,0,3,0,2,0,5,0,0,0
0,0,0,0,7,0,6,10,0,0,0,1,0,0,0,0,4,0,3,0,0,0,1,1,0,0,1,0,1,0,0,0
0,0,0,0,0,0,1,0,0,0,0,0,0,4,0,0,1,0,0,4,0,0,0,0,0,0,0,0,0,0,13,0
3,0,0,0,3,1,1,0,0,0,0,0,0,0,0,0,0,0,6,0,2,0,2,2,0,2,0,3,9,4,3,0
5,4,5,0,0,0,4,5,8,0,9,5,2,0,1,3,0,0,9,1,7,5,4,2,0,0,0,0,7,0,0,0
1,0,1,4,0,0,0,6,0,0,10,0,0,0,2,0,0,0,0,2,0,3,3,0,0,1,1,4,10,2,1,2
2,0,0,0,5,1,0,0,0,0,0,3,0,0,1,4,0,0,0,0,0,0,2,0,2,0,0,2,0,0,0,16
3,0,0,0,0,0,0,7,1,0,2,5,2,0,0,1,2,0,4,4,0,0,6,0,0,0,1,0,2,4,9,8
0,0,0,7,0,0,2,0,3,0,0,7,0,0,0,0,3,0,2,2,2,0,0,0,0,0,0,0,1,2,0,0
2,0,0,0,1,0,0,10,7,0,2,5,0,5,0,3,0,1,5,3,3,0,0,0,0,1,4,3,0,7,0,6
2,1,4,0,0,3,0,3,0,0,1,4,0,0,1,0,0,6,0,0,0,0,3,1,4,0,0,13,0,5,0,8
0,0,6,3,0,0,0,0,0,0,0,0,2,5,3,0,0,0,4,0,0,0,0,4,4,2,0,0,0,0,0,5
0,2,2,0,0,0,0,1,0,11,0,5,2,0,0,0,0,0,6,3,2,0,2,0,0,10,0,0,10,0,4,0
0,4,0,2,0,4,0,3,2,0,0,0,0,0,0,0,0,4,0,0,0,0,0,0,0,0,0,0,0,0,0,7
8,0,0,2,0,0,5,1,1,0,1,5,0,0,0,0,0,2,0,2,0,3,0,0,3,0,2,0,0,0,0,0
0,0,3,5,9,1,0,0,0,0,0,0,2,4,1,0,0,1,6,0,0,0,0,0,0,0,3,0,1,1,0,0
1,0,4,0,6,0,5,4,0,0,0,8,0,0,0,2,5,0,7,2,6,0,0,3,0,3,7,2,9,0,0,0
0,1,0,0,0,0,0,0,0,0,0,4,2,2,4,0,2,1,0,0,0,0,1,7,0,0,16,0,0,0,9,2
3,0,1,1,0,0,3,0,0,0,6,5,0,0,1,0,0,3,0,0,3,5,0,0,0,0,1,0,0,5,0,3
1,2,0,0,1,3,3,1,0,0,0,0,0,0,2,1,0,0,7,0,0,0,0,3,0,0,0,0,9,0,6,7
1,0,10,3,8,0,0,3,0,0,0,0,6,0,3,0,0,0,0,0,0,0,0,6,0,0,0,5,0,0,3,3
0,0,8,1,2,0,6,2,4,0,5,5,3,0,0,0,0,0,1,1,2,0,1,0,0,0,0,0,0,0,0,12
1,0,0,5,0,0,0,0,0,0,0,0,0,0,0,0,0,0,1,0,0,2,2,0,9,0,1,0,2,2,0,0
7,0,0,1,0,0,1,10,2,1,0,5,3,0,0,0,2,0,2,7,0,0,1,2,0,0,4,0,0,6,10,0
1,5,0,0,0,0,2,0,0,0,4,2,0,0,3,1,4,2,6,4,0,0,8,1,3,0,3,8,0,10,0,0
0,0,0,0,0,0,2,5,2,0,1,0,3,2,0,0,0,0,0,0,0,0,0,1,0,0,0,0,0,0,0,0
2,0,0,2,5,0,1,0,0,0,0,0,0,0,0,0,3,2,0,0,0,0,2,0,0,1,1,0,0,0,0,5
0,5,0,1,0,0,0,0,0,0,0,0,0,0,0,0,0,0,0,0,4,2,0,0,1,0,0,3,0,7,0,14
4,6,5,2,0,0,0,0,0,0,6,7,5,0,6,3,0,0,1,0,6,3,0,1,0,0,0,2,2,0,9,10
2,0,0,0,11,7,8,0,1,0,2,0,0,2,0,0,0,0,3,0,0,0,0,1,0,0,0,1,3,0,0,0
0,0,0,1,0,0,2,0,2,0,0,3,3,0,0,0,0,0,0,1,1,0,0,0,8,1,0,0,0,0,4,4
0,0,0,0,0,8,1,0,0,0,3,0,0,0,1,0,2,2,7,3,0,0,2,5,0,0,10,0,6,1,1,0
0,0,0,4,0,1,0,0,3,0,0,0,0,0,0,0,0,0,0,0,2,2,0,0,0,0,0,0,0,9,0,10
2,0,5,0,0,0,4,1,0,0,2,5,0,1,1,0,2,2,0,5,0,0,0,0,0,0,8,0,4,5,0,0
0,0,0,0,0,0,0,4,0,1,0,0,5,0,0,0,3,1,0,0,0,0,0,0,0,0,7,1,0,0,3,15
3,1,7,0,2,0,0,0,0,0,6,0,0,0,1,0,0,0,0,4,0,0,8,0,0,3,1,0,0,0,0,0
0,0,0,0,0,0,0,0,0,6,5,0,0,0,0,0,0,0,0,0,4,1,1,0,0,0,0,7,1,1,0,0
5,0,0,0,0,0,5,4,4,0,0,2,0,0,0,4,0,0,0,0,2,2,0,0,3,0,1,1,4,0,4,0
0,0,3,0,7,0,0,0,0,0,0,0,0,0,0,0,0,0,0,1,0,4,8,0,0,0,0,0,0,0,0,14
2,6,2,0,3,0,0,0,0,6,0,0,0,0,0,0,0,0,0,5,0,0,0,2,0,1,0,2,4,6,8,0
0,8,0,0,4,0,0,1,15,3,2,0,12,2,2,0,1,0,1,0,5,4,0,7,3,0,1,4,0,0,0,7
0,0,0,8,3,3,0,5,1,0,0,0,0,0,0,1,1,0,0,0,0,2,0,2,4,0,8,0,0,0,0,16
0,0,3,5,0,12,1,2,0,0,0,13,0,0,1,0,0,0,3,0,0,2,3,3,0,0,0,1,1,2,0,0
0,0,3,4,2,0,0,3,0,0,0,3,0,0,0,0,1,0,0,6,0,0,0,4,0,0,16,0,0,0,1,0
0,0,0,1,0,0,0,6,0,4,0,0,0,5,0,0,0,0,0,3,0,0,0,1,0,0,0,0,2,0,0,0
2,0,0,2,0,0,0,0,0,6,6,0,0,0,0,0,0,0,0,0,0,6,0,5,0,0,14,9,0,6,1,14
0,0,0,0,0,0,2,0,4,0,0,3,0,0,0,2,0,5,0,0,5,2,6,0,0,0,6,0,3,0,0,3
0,0,2,3,0,0,2,3,1,0,0,3,1,3,0,1,1,0,0,0,0,0,0,5,3,0,8,6,0,0,0,0
5,0,0,0,0,0,0,0,3,0,7,4,0,2,0,0,0,0,0,1,0,0,0,1,0,0,0,0,0,8,0,0
0,0,0,2,0,0,4,0,0,0,0,0,0,0,0,3,0,1,2,1,6,0,0,0,1,0,0,0,0,0,0,11
0,5,0,6,0,1,2,3,0,0,4,0,0,0,0,4,0,2,3,0,0,2,0,2,1,0,2,0,6,1,6,0
0,3,4,7,0,0,1,2,0,0,0,2,0,7,1,0,0,1,0,0,0,0,3,3,0,0,0,2,8,1,0,0
1,0,0,4,6,0,8,1,0,5,0,0,0,4,2,0,2,0,1,5,1,0,0,0,0,0,3,3,2,0,9,2
0,0,3,7,6,1,6,7,0,0,8,2,0,0,0,0,0,0,0,0,0,0,3,0,6,2,0,16,0,1,0,1
2,2,0,0,4,0,0,0,0,0,1,0,0,1,0,0,4,0,0,0,0,0,0,4,2,0,2,0,4,6,8,17
0,0,0,1,0,0,0,1,2,0,4,0,0,0,0,0,0,9,0,0,1,0,1,5,0,0,5,3,0,0,0,21
5,1,0,0,9,1,4,0,0,2,4,7,2,0,1,0,5,4,6,0,0,0,7,0,1,2,0,1,0,0,0,1
0,1,1,0,0,6,0,2,0,0,7,0,3,0,3,0,0,0,0,0,0,0,2,4,0,0,0,0,1,2,10,4
0,0,0,0,3,0,3,6,0,1,0,1,0,0,0,0,0,3,1,0,1,0,0,0,0,0,5,0,3,0,0,0
0,0,0,0,7,0,0,1,0,6,0,6,0,0,0,2,1,0,0,2,0,6,5,0,3,5,1,0,5,2,0,2
2,2,0,0,2,0,0,4,1,4,0,3,11,0,3,12,0,3,0,1,4,6,9,5,0,2,3,0,0,0,0,3
3,3,1,0,0,0,0,0,0,2,5,0,1,2,2,0,1,0,0,0,1,0,7,0,1,0,0,0,0,6,8,0
0,0,5,0,0,0,0,1,0,0,1,2,0,0,0,0,0,0,3,0,0,2,0,4,0,0,1,0,0,4,0,0
0,1,0,7,0,0,0,0,2,0,1,6,0,0,0,3,0,3,0,0,0,0,5,1,0,0,0,0,4,3,0,0
2,0,6,0,0,13,3,0,0,3,0,0,0,2,2,0,0,0,0,0,2,4,7,0,0,0,3,0,0,0,10,9
7,4,0,0,0,0,0,4,0,0,0,3,1,0,4,0,0,1,0,0,0,0,1,0,0,0,0,4,3,0,3,22
7,0,0,1,0,0,0,0,0,0,4,3,1,0,0,0,0,5,0,0,0,4,0,2,3,0,1,3,6,0,0,0
1,0,3,1,10,0,2,0,0,2,4,0,0,7,0,6,0,0,0,9,4,0,2,0,0,4,0,0,0,0,6,2
0,1,0,0,0,3,10,0,11,4,1,0,0,0,1,0,0,0,1,1,0,0,3,0,2,2,0,5,0,4,4,0
0,1,0,4,0,1,0,3,0,2,0,1,0,0,0,0,0,0,0,0,0,0,1,0,0,0,0,0,4,0,4,12
0,0,3,2,0,0,0,17,0,0,0,4,5,0,0,2,9,0,1,0,0,0,0,0,0,1,7,8,1,0,0,0
0,2,0,0,4,0,0,0,0,2,0,2,0,0,4,0,0,0,7,0,3,0,6,2,0,5,0,0,5,0,0,0
3,0,6,0,0,0,1,1,0,0,0,0,0,0,0,0,0,0,2,3,3,0,1,0,0,3,0,1,0,4,3,0
0,2,0,0,0,0,0,0,2,0,0,8,0,2,0,0,10,0,1,0,2,2,0,0,0,0,8,0,0,0,4,2
0,0,0,1,2,0,7,5,0,3,0,0,0,0,0,0,0,0,0,0,0,0,0,0,0,3,3,0,0,0,1,2
0,0,0,3,2,0,5,10,0,0,0,4,0,0,0,4,0,0,4,0,0,2,0,0,0,0,3,1,10,5,1,3
0,1,0,0,10,1,3,0,7,0,4,2,0,0,0,6,1,0,3,2,0,0,4,1,2,0,6,0,0,0,3,0
6,0,1,0,0,0,0,0,2,0,0,0,1,3,0,0,0,0,1,2,2,0,0,7,0,0,16,3,2,2,2,2
1,2,0,1,2,2,0,0,3,0,0,2,0,0,0,0,0,0,0,0,0,0,3,1,2,1,0,0,7,0,0,10
2,0,0,0,0,6,0,0,0,0,0,0,0,0,7,0,1,7,5,1,0,0,0,0,2,0,0,0,8,0,8,0
5,2,4,0,7,0,0,0,0,2,0,5,2,5,5,0,5,6,0,0,3,0,4,0,3,1,0,7,2,8,9,0
3,0,1,0,0,0,0,0,0,0,5,1,1,3,0,0,0,0,0,3,5,0,0,1,0,0,3,0,4,0,2,1
3,0,0,0,5,0,0,1,3,3,2,0,0,0,0,0,5,0,0,0,0,2,0,10,0,0,7,0,0,0,3,0
0,0,1,3,0,0,0,3,3,0,2,0,0,0,4,6,1,0,0,0,0,2,0,7,0,5,0,0,7,0,0,0
0,0,0,1,0,0,1,0,0,1,0,3,0,0,0,2,6,0,0,1,0,0,0,1,0,0,0,0,0,0,3,0
0,3,0,0,2,0,0,0,1,0,0,9,1,1,0,0,0,0,0,0,2,3,0,0,1,1,0,7,9,0,0,3
0,2,0,4,1,0,0,0,1,6,0,0,0,0,0,5,0,2,0,0,2,0,1,0,0,8,0,0,0,0,3,5
1,2,5,0,2,5,0,4,0,0,1,0,0,0,0,4,0,2,0,5,0,0,3,3,0,1,0,0,2,0,0,0
3,0,0,2,0,0,9,1,4,0,0,0,1,0,11,0,5,2,3,0,1,0,0,0,0,0,2,2,7,2,0,0
0,1,6,4,1,0,0,7,0,0,0,0,0,0,1,2,4,0,2,0,0,1,1,0,0,0,0,0,0,0,4,11
0,2,0,2,0,0,0,0,0,0,0,1,7,0,0,3,4,1,0,5,0,0,0,0,0,0,0,0,0,0,0,2
0,0,0,0,0,9,0,0,0,0,3,0,0,0,4,0,0,0,0,0,0,2,0,0,0,5,0,0,5,1,2,0
4,0,11,6,0,2,0,0,0,0,0,4,8,0,3,0,0,0,0,5,0,2,0,2,3,0,0,0,2,1,0,1
0,1,0,2,0,0,4,0,0,3,0,4,0,0,5,0,0,7,0,1,0,3,2,0,0,7,0,0,1,14,8,0
0,3,1,0,0,3,0,0,0,5,1,0,1,4,0,4,0,2,0,0,0,0,8,3,0,0,0,3,0,1,0,0
0,4,7,4,2,0,0,2,0,0,5,1,0,0,0,0,0,0,1,1,0,0,2,0,7,0,0,2,2,0,0,1
0,0,0,4,0,2,10,1,6,0,0,0,0,0,4,0,4,0,2,0,1,0,3,0,4,0,0,4,0,0,0,0
2,0,5,0,0,1,0,0,0,0,0,1,0,0,0,0,0,2,0,0,3,0,2,0,3,0,4,3,0,0,6,21
0,4,0,0,5,2,0,0,0,0,0,0,2,4,6,3,0,1,0,0,0,0,0,0,0,0,2,0,0,0,0,5
0,2,2,6,1,2,0,0,2,0,0,0,0,0,0,0,0,0,0,0,0,0,0,4,0,0,0,0,0,4,0,0
0,0,3,0,0,0,11,7,0,0,0,1,5,5,0,1,5,0,0,4,1,1,0,0,1,0,7,0,4,0,5,1
0,0,0,0,7,2,7,0,6,0,5,4,0,0,0,8,5,1,0,0,0,0,0,3,0,5,2,0,0,0,1,11
0,0,0,0,0,0,0,0,1,0,5,0,0,3,0,0,0,0,1,0,0,0,2,0,0,0,0,0,0,12,0,0
0,0,0,7,0,0,0,2,0,3,6,3,0,0,0,0,0,0,2,0,0,0,4,0,0,4,6,0,0,12,0,0
0,0,2,0,1,0,1,0,0,0,0,0,0,0,0,2,1,0,4,0,0,1,0,0,0,0,0,0,1,0,1,2
0,0,0,0,0,5,0,0,0,1,5,1,0,0,3,0,0,0,0,0,3,1,1,0,8,2,0,2,0,4,2,0
0,0,5,1,0,2,0,0,0,0,0,0,0,2,0,0,0,1,0,2,2,0,0,0,0,0,0,0,1,4,0,0
2,4,0,0,1,3,1,0,4,0,4,0,1,0,0,0,0,0,5,0,1,0,0,4,0,3,0,0,1,6,0,0
1,4,1,0,0,0,1,0,0,0,2,0,0,0,0,0,0,0,3,0,0,0,0,0,0,0,0,0,4,0,9,18
0,0,0,0,0,12,0,0,6,11,0,0,1,2,8,9,0,4,0,0,0,2,10,0,2,0,0,0,14,0,7,6
2,0,6,0,0,3,0,0,6,5,3,2,9,0,3,0,0,2,0,0,2,0,0,0,2,0,7,0,6,0,3,0
0,0,8,7,0,0,3,2,0,0,0,2,2,0,0,0,0,0,0,0,0,0,5,0,0,0,0,0,6,0,0,7
0,2,5,5,1,6,0,9,3,0,0,6,2,1,0,0,0,2,0,1,0,5,0,0,7,2,0,0,7,1,0,0
4,0,0,6,0,0,0,0,0,2,1,0,0,1,2,5,3,0,0,0,0,4,0,0,7,0,5,0,0,1,0,6
4,3,2,0,1,0,1,0,1,4,0,0,8,1,4,0,2,9,0,0,0,0,0,0,0,0,0,0,0,1,2,1
1,0,0,0,0,0,0,0,4,0,1,1,0,0,3,0,1,0,0,1,0,0,0,0,0,0,8,0,0,0,8,10
0,0,2,0,0,6,1,0,6,0,0,0,0,0,7,0,0,0,0,2,0,0,0,0,0,0,0,2,6,0,0,4
0,0,2,0,4,0,0,10,2,0,0,0,0,0,0,7,0,1,0,0,0,1,0,2,5,0,3,6,0,0,0,6
6,0,1,0,1,0,0,0,0,1,0,0,8,0,0,0,0,0,0,0,0,2,0,0,5,0,0,3,0,0,0,3
12,0,0,2,1,3,1,0,2,5,0,5,0,0,0,0,4,0,0,0,0,0,0,0,0,3,0,0,11,0,0,0
0,0,0,0,4,0,0,0,2,0,0,0,0,0,1,0,1,1,0,0,0,0,0,0,0,3,2,0,0,2,11,16
3,0,0,3,0,6,0,0,0,1,0,0,0,0,0,0,4,0,1,0,0,0,0,1,0,0,16,9,11,4,0,0
3,2,4,0,14,0,1,8,0,0,0,0,0,8,1,0,0,1,5,0,3,0,7,0,0,2,0,7,5,0,0,0
2,8,0,4,1,0,0,0,1,0,0,0,2,0,3,1,0,0,0,1,0,0,0,0,0,4,0,0,2,0,0,3
0,0,0,0,6,0,0,0,0,1,0,3,0,0,0,0,0,0,3,0,0,0,2,0,0,5,0,1,0,0,5,0
0,1,0,0,0,0,0,5,0,0,6,5,0,0,0,0,0,0,2,0,0,0,0,0,0,2,0,0,0,1,0,0
0,2,0,1,0,1,0,0,3,5,8,0,0,7,0,5,0,0,0,0,2,0,0,5,0,0,0,0,6,0,0,8
6,0,8,0,4,0,2,0,0,0,1,0,4,0,0,1,3,0,0,0,4,0,0,0,2,0,0,0,1,0,9,0
0,0,0,0,0,0,0,1,0,0,0,4,0,0,1,0,0,1,0,0,0,0,4,3,0,6,2,8,0,2,8,0
0,0,0,0,0,0,0,7,2,0,0,0,3,5,2,0,0,2,0,1,0,6,9,0,0,0,8,0,7,7,0,1
0,0,3,2,6,0,0,2,0,0,6,0,7,0,8,3,4,0,0,0,0,0,0,0,0,0,7,0,0,0,0,0
3,1,0,0,0,0,0,0,0,2,0,0,4,0,1,2,1,3,0,0,4,0,0,0,2,0,0,3,0,4,0,0
0,0,0,2,0,4,0,6,0,5,0,0,3,1,0,5,0,0,0,0,2,0,0,0,1,5,0,0,0,2,0,0
0,0,0,0,0,0,0,0,5,1,0,3,0,0,0,4,0,0,0,0,1,1,0,3,0,8,6,0,3,5,0,0
0,0,0,3,0,2,0,1,0,0,0,0,2,0,0,0,2,0,2,0,2,3,7,2,0,4,0,2,1,0,0,6
0,0,2,2,0,5,2,5,0,0,0,0,0,2,0,0,0,0,4,4,0,0,7,1,3,0,4,4,1,0,0,0
0,0,0,0,0,3,0,8,3,2,0,0,1,0,0,0,0,0,0,0,3,2,5,0,0,6,4,0,0,3,7,0
0,0,7,2,0,0,1,0,6,0,0,0,6,6,0,0,0,0,0,0,0,1,0,0,7,0,7,4,0,8,0,2
2,0,1,2,0,0,3,3,7,0,0,0,0,0,2,3,0,5,3,0,0,0,0,0,0,0,6,1,0,0,16,5
0,3,0,0,0,0,4,0,7,0,1,0,0,7,0,3,0,4,1,0,0,0,0,0,0,0,0,0,14,0,0,3
0,5,0,1,1,0,3,1,0,0,4,0,4,0,0,0,0,0,0,0,0,0,0,0,2,0,0,0,0,0,1,0
0,0,4,13,7,0,0,0,0,0,0,0,5,1,0,3,0,0,0,0,0,0,0,3,0,0,0,0,0,4,7,1
4,0,7,0,2,0,0,0,0,0,0,0,4,5,0,0,0,0,0,0,1,0,3,1,0,0,0,0,0,3,0,1
0,0,0,2,0,1,0,4,0,1,2,0,1,0,1,3,0,1,0,0,0,0,0,1,3,6,0,0,2,0,3,0
0,0,0,0,0,0,2,4,0,3,0,2,0,0,0,1,2,10,0,0,0,0,2,0,0,0,5,0,0,1,0,0
1,0,0,3,2,2,0,2,6,1,12,0,6,0,3,0,0,0,7,1,0,3,7,0,4,0,0,13,0,0,9,0
0,0,9,5,7,0,7,16,0,0,1,3,0,0,3,4,3,2,1,0,3,0,0,0,0,1,10,0,5,0,0,17
5,0,0,2,0,0,0,0,2,0,5,0,0,0,2,2,1,0,0,0,0,2,2,3,5,0,4,0,0,1,0,0
0,0,0,0,0,4,0,1,0,0,0,0,0,0,0,0,0,0,0,6,2,0,0,0,0,0,8,0,4,0,3,0
0,0,0,9,0,1,2,2,0,0,10,6,0,4,0,3,0,2,1,5,3,0,0,0,0,0,0,12,0,7,3,0
2,6,0,0,0,3,5,0,2,0,4,2,5,0,1,0,0,5,0,0,4,4,0,0,0,0,0,2,2,0,0,0
5,0,0,5,2,3,0,0,0,2,0,4,1,1,0,2,6,0,0,0,0,1,0,0,0,0,10,1,2,0,0,11
1,0,4,0,0,0,0,3,0,0,0,1,0,0,4,0,0,5,5,2,4,4,0,5,0,0,0,2,0,0,0,8
0,0,0,2,0,11,0,4,3,0,0,4,2,0,0,1,1,0,5,0,0,0,15,1,2,0,0,0,7,6,14,4
0,0,0,0,0,12,3,6,2,6,0,0,0,0,5,0,2,2,2,0,3,0,5,0,0,0,6,0,0,4,0,5
2,0,0,6,0,0,0,0,0,0,0,0,7,3,0,5,1,0,0,3,7,2,0,0,0,2,0,0,0,0,0,0
0,0,1,0,2,0,0,1,3,0,1,0,0,0,1,0,4,0,5,3,0,0,5,0,0,0,2,0,1,8,0,8
1,0,3,0,7,0,2,7,0,0,0,0,0,0,0,0,0,0,4,0,0,1,1,2,0,5,6,2,5,6,0,0
4,6,0,0,0,0,1,14,3,0,6,11,0,0,4,0,0,1,3,3,2,1,5,0,1,5,0,4,0,4,0,0
0,0,0,1,0,6,1,0,0,0,0,0,1,1,0,4,2,0,0,1,0,1,12,0,1,5,9,3,1,5,0,11
0,1,1,0,1,0,5,5,0,0,6,0,0,0,0,4,0,0,0,1,0,0,4,0,0,0,6,0,0,0,10,14
2,0,0,2,0,16,0,0,0,0,6,0,0,1,5,0,0,0,0,2,0,0,0,0,1,6,0,0,6,0,0,19
1,0,0,1,0,8,0,0,0,0,0,3,0,3,1,2,0,0,0,3,4,0,0,6,0,0,12,0,0,0,0,0
4,1,16,5,1,0,1,3,4,0,6,5,2,3,0,3,4,3,0,2,0,0,0,0,0,5,0,0,1,3,6,11
0,1,2,1,0,0,0,8,0,0,1,0,6,1,5,6,0,0,0,2,2,6,0,5,1,0,0,0,0,0,5,6
0,0,0,3,0,0,3,0,0,0,0,0,4,1,1,0,3,3,0,0,0,0,1,0,0,11,5,0,0,0,0,1
0,5,4,3,3,8,0,0,0,0,0,0,0,0,1,0,0,0,2,0,0,0,0,0,8,1,0,0,0,0,0,0
2,5,0,0,0,0,0,0,0,0,2,0,13,0,0,0,0,3,3,0,1,0,7,1,0,3,0,2,0,5,0,0
3,4,0,4,0,1,0,1,0,3,0,3,2,0,0,0,0,0,0,4,6,0,0,1,3,0,0,0,0,0,5,0
1,0,0,0,0,0,0,5,0,1,0,0,7,0,0,0,0,6,0,0,1,0,0,0,0,0,0,2,4,0,4,21
0,0,1,3,0,0,0,0,3,2,0,0,0,0,0,0,2,0,0,5,0,7,6,0,0,0,0,3,3,3,10,0
2,5,0,2,0,0,0,0,0,0,0,0,0,0,0,2,0,0,0,0,4,0,4,0,1,0,6,0,10,0,17,0
2,2,0,0,0,0,0,4,0,0,0,0,0,0,3,0,0,1,3,0,0,0,0,0,0,0,0,0,0,0,2,0
0,0,3,5,3,0,8,0,0,0,0,0,0,0,0,2,2,1,0,0,0,4,3,0,0,0,9,0,0,3,0,0
2,0,11,0,0,0,7,3,0,0,0,0,0,3,0,0,0,3,2,6,3,0,0,0,7,0,0,0,2,0,0,0
0,9,0,0,0,7,0,0,0,3,7,5,0,0,1,8,0,0,0,4,0,1,1,0,0,2,0,0,0,5,0,0
1,0,0,0,0,0,0,0,5,0,0,3,3,0,0,0,0,0,4,1,3,8,3,4,0,1,0,8,0,10,0,0
0,2,6,6,0,0,6,2,4,0,2,1,0,0,2,0,0,0,0,0,0,0,0,0,0,0,0,0,6,1,0,0
3,0,0,7,0,0,0,0,6,0,4,1,1,0,4,3,4,0,0,0,1,5,0,1,0,0,2,1,9,0,0,10
2,0,1,3,1,6,0,0,0,0,0,0,0,0,0,0,3,1,0,0,0,0,0,0,1,0,3,0,0,0,1,0
3,0,0,0,8,4,0,0,0,0,1,2,0,0,1,0,0,0,0,2,0,8,0,1,0,0,0,0,0,2,0,0
1,0,0,0,0,0,0,0,0,0,0,7,0,3,5,0,0,0,1,0,0,0,2,8,0,0,4,0,0,0,0,0
2,0,0,3,0,0,3,3,4,0,0,2,0,0,0,0,0,0,5,0,0,0,8,0,0,0,1,7,1,0,0,2
3,2,0,0,12,0,0,0,0,5,5,0,0,0,0,0,0,0,0,2,0,4,0,0,0,1,0,0,0,0,0,0
0,1,1,0,9,11,0,0,3,6,1,3,6,0,3,13,0,1,0,0,9,2,0,2,0,0,0,0,0,0,4,7
8,0,0,2,9,0,2,0,0,0,0,0,0,0,0,0,0,0,2,0,0,0,0,0,0,0,0,0,2,0,3,0
4,0,0,5,4,1,0,0,0,0,0,0,0,3,0,0,5,0,1,0,0,1,0,0,0,0,0,0,6,0,0,0
0,0,0,10,6,0,3,3,0,7,0,0,0,4,0,0,3,1,0,0,0,0,0,0,0,0,0,10,2,0,1,0
0,0,0,0,0,0,0,2,0,0,0,0,0,2,6,0,0,0,0,6,0,4,7,0,3,1,0,0,0,1,11,0
0,3,0,1,0,3,0,0,0,0,1,0,0,2,1,0,0,5,5,0,8,1,2,9,0,0,0,0,0,1,0,0
0,0,0,1,0,0,0,0,0,0,0,3,0,0,2,0,2,0,0,1,0,1,0,0,0,0,3,5,0,2,4,5
0,2,0,0,0,4,0,8,0,6,7,0,0,0,0,5,0,0,2,0,0,1,8,0,3,0,0,0,5,0,0,9
0,0,4,0,0,0,0,0,0,0,3,4,0,0,1,7,0,0,0,0,0,2,0,0,0,0,0,0,1,3,0,0
0,0,0,1,0,0,6,3,2,0,2,0,8,0,0,0,0,0,0,0,6,0,0,0,3,0,0,0,0,0,0,4
0,0,3,3,2,3,1,0,0,0,7,0,3,3,1,6,1,0,0,0,2,4,0,0,0,0,0,0,0,0,0,1
0,0,0,2,0,0,0,0,0,0,0,0,6,2,4,1,0,0,0,1,0,0,0,0,0,0,4,0,0,4,2,8
0,0,1,5,13,0,8,0,6,0,0,0,8,0,0,6,11,0,0,2,0,0,0,0,0,4,4,0,0,0,4,1
0,0,0,0,0,0,0,0,7,0,9,5,0,0,2,0,2,0,0,0,0,0,0,1,0,0,0,0,0,4,0,0
0,2,5,0,0,2,0,0,0,0,0,0,0,0,0,4,1,1,0,1,0,0,2,0,0,0,0,3,0,2,0,0
0,0,2,0,0,1,3,13,2,0,0,4,0,0,1,0,0,0,0,10,0,0,0,4,0,0,0,5,1,0,0,0
0,5,0,0,0,5,0,0,4,0,0,2,1,0,0,11,1,4,5,2,2,1,0,0,0,0,0,0,7,1,4,5
0,0,0,0,0,1,0,0,0,0,8,0,0,0,0,2,1,0,0,4,4,2,0,0,0,0,6,0,7,0,10,6
2,0,0,6,11,0,0,1,5,0,0,0,5,3,1,3,2,0,1,1,6,0,3,0,1,0,11,1,0,0,5,0
8,0,4,0,0,1,11,0,0,1,0,0,9,3,0,3,5,0,0,3,0,1,0,5,0,0,7,0,0,0,0,2
5,0,0,1,0,6,1,0,0,2,9,3,0,3,0,0,0,0,0,0,0,1,0,0,0,0,0,5,0,0,0,0
4,0,0,0,0,3,0,0,0,0,0,8,3,2,0,0,0,1,0,0,2,1,4,2,3,1,0,1,12,0,0,4
1,0,0,0,0,0,0,1,1,2,0,0,0,0,0,6,1,0,0,0,0,0,0,0,0,7,0,1,10,0,5,6
0,5,0,0,8,4,3,0,0,0,0,0,1,3,1,6,0,2,0,3,1,0,0,0,4,0,0,0,3,7,3,8
5,0,4,0,0,0,0,2,0,0,0,1,0,3,0,7,0,0,0,0,1,0,0,1,0,4,0,0,0,1,0,1
0,0,5,0,10,0,0,0,0,0,0,2,0,0,0,0,0,1,0,0,0,2,0,4,2,0,0,0,0,0,0,18
6,2,5,0,2,1,0,12,0,0,8,0,0,0,0,1,0,0,0,5,0,0,0,4,0,1,7,9,0,0,4,0
1,0,0,4,0,0,4,0,0,0,0,0,0,0,0,2,0,1,0,0,0,0,10,0,0,0,8,0,5,0,0,14
0,0,8,3,7,4,3,0,0,1,1,0,0,1,1,0,0,2,0,0,0,7,7,0,0,0,4,4,0,0,0,0
0,0,5,0,0,3,8,5,0,1,2,10,1,0,4,0,0,0,0,0,0,0,0,4,3,2,1,6,0,6,0,4
0,0,2,0,0,0,2,6,2,0,0,1,0,0,0,0,2,2,0,0,0,0,0,0,0,0,0,0,0,0,0,0
0,0,0,0,4,0,0,0,8,1,0,0,4,0,0,0,0,0,0,5,0,0,0,0,0,0,1,0,0,1,2,0
3,10,0,0,0,8,6,7,0,0,1,0,4,0,0,2,0,0,2,0,6,0,2,2,1,3,0,0,0,0,0,0
6,2,0,3,0,2,0,0,2,1,1,0,10,2,0,0,1,0,1,2,1,0,0,1,0,0,4,0,2,12,0,4
2,0,0,3,3,8,0,2,0,0,0,0,0,4,3,0,3,0,0,0,0,0,0,0,0,1,4,0,0,0,6,0
0,4,0,4,0,0,4,9,0,0,0,0,0,11,2,0,1,5,1,10,0,0,3,0,0,0,0,9,9,0,1,0
0,1,9,0,8,0,0,0,7,7,2,3,4,0,0,13,6,0,0,0,6,0,0,4,0,0,0,1,8,2,0,0
4,0,1,2,0,7,4,0,5,4,4,2,0,0,4,0,0,2,0,3,0,4,0,0,0,1,5,0,9,0,0,0
0,0,0,0,0,2,2,0,0,0,5,0,0,0,1,0,1,0,0,3,2,1,1,0,3,0,9,2,0,0,1,0
5,0,3,0,0,0,0,4,0,0,1,6,0,0,0,0,0,1,0,1,0,0,0,2,6,0,0,0,3,5,0,0
2,4,0,2,0,0,0,0,0,0,9,0,8,0,0,5,0,0,0,0,0,4,1,0,0,0,2,0,5,0,7,0
3,4,0,2,4,1,0,0,0,0,0,1,0,0,3,0,0,0,0,4,0,0,0,4,0,0,0,2,0,0,1,0
0,1,0,0,0,0,0,0,0,0,0,0,7,2,4,0,2,0,0,1,1,0,2,0,0,0,7,0,0,0,3,3
0,3,0,0,9,0,0,0,0,0,3,14,0,4,3,6,0,6,0,0,1,0,5,2,0,0,10,1,0,0,8,0
5,0,0,1,0,3,0,0,4,0,0,0,0,4,0,0,0,0,0,0,5,7,0,0,0,0,0,1,1,0,0,0
0,7,2,0,0,0,0,2,0,0,0,0,1,0,0,0,0,0,0,3,0,0,1,0,0,3,0,2,0,0,2,5
1,0,6,0,4,2,0,0,1,5,0,0,0,0,0,9,0,1,0,0,0,0,1,0,1,4,0,0,0,0,1,0
0,0,3,0,0,0,2,0,0,0,0,0,3,0,0,9,2,5,2,0,0,0,0,0,3,4,3,0,0,0,4,0
0,0,0,1,0,0,0,4,0,0,5,0,0,0,1,0,1,3,3,0,0,0,0,1,3,0,7,0,0,0,9,1
0,0,5,0,0,0,0,0,0,0,0,6,0,0,0,5,0,0,0,0,2,0,0,0,2,0,0,4,0,6,5,0
1,5,0,0,0,5,0,0,0,0,0,6,7,0,1,6,0,0,6,0,4,0,5,0,0,5,0,0,6,0,2,0
6,7,0,0,0,6,2,0,0,0,0,0,0,3,0,5,2,2,3,2,0,5,2,0,0,0,0,0,4,2,0,14
4,1,5,0,1,0,2,1,6,1,4,0,1,0,0,0,2,0,0,0,5,0,1,0,0,0,5,13,0,0,0,18
0,1,0,0,2,0,1,0,0,0,1,0,0,0,5,2,6,0,0,4,0,0,3,3,0,0,4,0,0,4,0,0
0,0,0,3,0,0,0,6,3,0,0,0,0,7,0,0,0,1,0,2,0,0,0,0,4,0,17,4,0,0,3,4
0,2,0,1,1,1,2,0,0,0,0,0,0,4,0,0,2,0,3,0,1,0,0,5,1,0,2,0,0,0,0,0
5,0,3,0,0,0,5,0,0,0,0,4,3,5,1,0,2,0,3,2,0,0,0,4,1,0,0,2,0,1,0,9
1,0,0,0,0,4,0,4,2,0,0,8,1,0,0,0,0,3,0,4,0,0,7,1,0,0,8,0,7,3,0,0
0,0,1,2,0,3,7,0,6,0,0,5,0,0,2,0,2,3,6,9,4,0,0,0,0,0,14,0,0,3,0,1
0,0,0,0,0,1,0,0,0,0,0,5,1,2,0,4,6,3,2,4,1,5,0,0,1,7,0,1,0,0,0,0
0,0,0,0,1,1,0,0,0,0,1,2,0,2,0,1,2,0,0,1,1,0,0,0,0,6,0,0,1,0,6,0
3,3,2,9,0,4,7,0,0,0,0,2,0,5,8,6,0,2,0,0,2,0,0,0,0,0,0,0,0,1,1,12
0,10,7,2,0,0,0,2,1,0,2,1,3,0,1,2,3,0,0,1,4,0,0,0,0,7,3,0,0,4,7,5
8,0,4,1,0,0,0,0,1,0,3,6,1,1,0,0,3,0,1,0,0,3,0,3,0,1,0,0,1,0,0,8
2,1,1,0,0,3,0,0,5,0,0,0,0,0,0,0,1,0,0,3,0,0,3,2,0,2,0,0,2,0,0,0
0,6,3,0,0,0,0,5,0,5,0,0,0,7,0,0,0,0,0,0,0,0,0,3,4,8,0,8,0,3,1,7
4,2,2,0,8,0,0,0,0,0,6,2,0,0,1,0,6,0,5,0,5,0,1,0,0,0,0,0,5,0,10,2
4,0,1,6,0,5,15,3,0,0,0,2,0,0,4,2,1,0,0,5,0,0,0,0,1,0,8,3,3,3,0,0
1,3,0,2,0,0,0,7,1,0,3,0,1,0,0,0,8,0,0,0,0,2,0,1,0,3,6,0,0,0,0,0
5,0,2,2,0,0,0,0,0,4,0,0,0,0,1,2,0,3,0,0,0,0,0,0,0,0,8,0,0,0,6,4
0,2,0,0,0,8,0,0,0,0,3,0,0,6,5,5,0,8,0,0,0,0,4,0,2,0,0,5,1,0,0,0
3,0,4,1,0,0,7,6,0,10,0,0,1,0,0,0,0,0,0,0,0,0,0,0,0,0,0,1,0,0,0,0
3,0,0,4,2,0,1,0,0,3,0,0,0,0,4,0,2,0,0,4,0,0,0,0,2,0,2,0,0,0,0,3
3,1,0,1,0,4,0,0,0,0,5,0,0,2,0,1,5,0,0,0,0,0,0,0,0,0,0,0,0,0,0,11
0,0,0,0,0,1,0,3,0,0,0,0,3,1,0,0,0,0,0,0,1,3,5,3,0,0,0,4,3,0,0,12
2,1,3,0,8,3,3,0,0,0,5,3,0,0,1,2,3,0,0,0,0,0,0,9,0,0,0,3,0,0,0,6
1,0,7,2,2,1,0,0,0,0,0,0,0,0,0,3,0,1,0,0,0,2,0,1,0,0,0,2,0,1,0,5
0,1,3,1,0,0,0,0,0,0,0,0,0,0,2,0,2,0,0,3,5,0,1,1,1,0,0,5,2,0,0,9
0,6,0,3,0,0,3,0,4,0,0,0,0,0,6,0,2,1,0,0,0,0,2,0,0,1,7,1,0,0,0,15
5,0,0,0,0,0,3,4,0,0,0,4,6,0,0,0,0,3,0,0,0,0,0,4,4,4,9,0,2,2,6,0
2,1,2,0,0,13,1,0,4,8,0,6,0,0,0,4,1,0,0,5,0,0,0,0,1,0,0,0,0,3,0,0
6,0,2,0,0,3,4,0,0,0,6,0,0,0,2,0,0,0,0,5,0,1,0,1,1,0,0,4,0,7,0,0
0,0,0,0,0,0,0,0,0,0,0,6,0,0,0,4,0,0,0,0,0,3,2,0,0,0,15,0,0,0,0,9
0,0,4,3,0,0,6,0,0,0,0,0,0,2,0,0,1,0,2,5,1,0,2,0,0,1,0,0,2,0,1,12
0,4,0,0,4,10,4,4,0,0,0,9,0,0,0,3,0,3,4,2,0,9,0,0,1,0,0,1,0,0,1,0
0,0,4,0,8,0,6,0,0,0,0,0,2,2,0,1,2,0,0,1,4,0,4,0,1,0,0,0,0,3,5,0
1,0,1,0,3,0,0,0,0,0,0,0,0,0,0,0,1,0,0,1,0,2,0,0,0,5,0,1,0,8,0,4
5,0,4,0,0,0,0,4,3,0,0,1,5,0,2,0,0,5,0,5,0,0,0,0,1,0,0,5,0,0,3,0
1,4,0,0,0,5,0,3,11,0,0,0,0,1,0,0,1,0,0,0,0,0,0,0,0,0,3,0,2,5,5,3
3,0,0,8,1,0,3,1,3,0,2,0,3,9,1,0,0,0,0,4,0,0,0,0,0,1,0,3,0,4,10,20
0,0,0,1,0,3,2,0,0,0,5,1,0,0,2,0,0,0,1,4,0,0,2,0,0,0,7,0,0,2,0,0
0,0,1,1,0,0,0,0,2,0,3,5,0,0,0,0,0,0,0,0,0,0,6,0,0,0,0,0,1,0,6,2
0,0,3,1,1,0,8,0,0,1,0,9,0,0,0,3,2,0,5,3,0,0,0,0,0,0,0,0,4,0,0,0
0,1,0,0,0,0,0,0,1,0,6,1,0,0,0,0,5,0,2,0,4,0,0,5,0,0,0,0,5,0,0,5
2,0,0,2,2,5,11,0,6,0,0,0,4,1,0,0,0,0,0,0,0,4,0,0,3,0,0,0,5,0,0,8
6,5,0,0,3,3,0,3,0,0,0,0,2,2,0,0,0,3,0,1,0,1,5,0,0,0,0,0,0,0,0,0
0,0,0,7,0,0,9,0,2,2,7,0,0,0,0,3,7,0,3,0,0,0,0,3,0,0,2,2,0,0,0,5
0,0,0,2,10,2,2,0,8,0,5,11,5,0,8,0,0,0,0,0,2,2,0,0,1,0,5,0,0,4,0,1
2,0,7,4,0,3,7,0,5,3,0,0,6,0,0,0,1,0,1,2,0,1,2,0,0,0,4,0,0,0,3,4
0,3,0,1,0,0,1,3,3,0,2,5,1,0,2,2,0,0,0,2,4,0,6,0,5,0,0,4,1,0,0,2
2,0,2,4,3,0,0,6,3,0,0,0,0,0,2,5,0,4,0,0,0,0,1,2,1,4,0,10,0,4,0,2
2,0,0,0,1,0,0,0,0,7,0,0,1,5,0,0,11,0,0,0,0,0,1,7,2,3,0,0,0,5,0,2
0,0,1,0,0,0,0,0,0,0,2,0,0,0,2,0,0,0,0,0,0,0,1,0,0,0,8,7,7,5,1,0
0,6,3,0,0,0,8,0,0,1,0,3,0,1,1,0,0,1,0,1,5,0,0,0,0,0,0,7,0,0,0,8
0,1,0,3,8,0,1,0,0,0,0,0,0,3,1,0,0,0,0,3,9,0,6,0,0,0,8,0,0,0,0,0
0,4,4,4,0,0,0,0,0,0,0,4,2,0,5,0,0,2,0,0,0,0,0,2,0,0,2,0,0,5,1,0
2,0,0,3,0,0,0,6,2,1,1,0,0,0,1,2,0,0,0,2,0,9,0,0,0,0,0,0,0,0,2,11
0,0,3,0,0,0,0,0,0,0,0,0,0,0,0,1,2,0,0,4,0,0,7,0,0,0,1,1,0,1,0,1
0,0,0,1,0,0,5,0,5,2,7,1,0,8,0,2,0,0,4,0,0,0,1,0,0,0,4,0,0,0,11,3
2,3,4,11,0,2,2,0,0,0,0,2,0,0,1,0,0,0,5,0,1,0,5,0,5,0,0,6,0,6,0,0
0,0,1,7,2,0,8,0,0,2,0,0,5,2,1,7,0,0,0,0,0,2,0,1,0,0,0,0,0,1,5,1
0,7,4,0,0,0,0,0,3,0,0,0,0,1,0,0,4,5,0,0,3,0,9,0,4,0,1,3,0,7,1,0
0,0,0,1,0,0,1,2,0,0,0,0,2,0,0,0,0,0,0,3,0,0,0,0,0,0,0,0,2,0,4,0
0,0,10,0,0,0,0,0,2,0,0,0,2,0,3,0,0,3,1,0,6,0,0,0,0,0,1,1,0,0,8,2
5,2,2,1,16,1,0,0,2,11,11,4,4,2,2,1,0,2,0,0,0,2,6,2,7,5,6,0,0,8,3,6
5,1,6,0,0,0,0,2,0,0,0,2,3,0,0,0,0,0,0,0,0,0,2,5,6,1,5,0,1,0,0,16
2,5,0,7,0,0,2,3,0,0,2,0,6,0,2,0,0,0,2,3,3,0,0,1,0,1,0,0,3,4,2,11
1,0,2,0,6,0,0,1,0,0,0,5,5,0,0,0,2,3,0,0,5,0,2,7,0,0,0,0,0,0,0,0
0,2,4,1,0,0,0,0,0,2,0,0,3,0,0,0,9,0,0,0,0,0,0,0,2,0,0,2,2,0,0,0
0,4,0,0,0,10,0,0,0,0,0,1,5,0,1,5,0,4,2,1,1,0,6,0,0,0,4,5,0,4,0,2
0,0,12,4,0,3,4,0,0,0,0,0,2,3,1,3,3,0,0,1,0,0,0,0,0,4,2,0,0,0,2,0
0,0,0,0,0,4,0,0,4,0,3,0,4,0,0,0,1,0,0,0,0,0,0,0,1,0,5,0,1,0,0,6
1,2,1,0,7,0,3,3,0,1,0,0,0,2,2,0,0,0,0,0,0,0,0,0,3,3,1,0,0,0,0,3
0,0,0,0,15,3,0,6,0,0,0,2,0,0,0,5,0,0,0,0,0,0,0,5,0,2,0,3,4,4,0,1
0,0,3,0,0,0,9,1,0,1,0,0,0,0,1,2,0,1,0,0,0,0,2,0,0,0,2,3,0,0,3,0
0,1,4,0,0,8,0,0,0,0,0,0,0,2,0,0,0,0,0,0,5,0,0,0,2,1,2,2,0,0,0,1
0,0,0,0,0,0,0,0,8,0,0,12,3,0,0,10,2,0,6,0,0,4,5,5,2,0,8,0,1,0,0,7
2,0,5,0,0,0,6,9,13,0,2,3,0,0,2,0,0,0,0,6,7,0,0,0,0,1,0,0,0,0,0,0
0,0,0,1,7,2,0,2,0,0,1,0,3,0,2,0,0,0,0,0,0,0,0,0,7,0,8,0,3,0,0,4
0,9,0,1,0,0,0,6,0,0,0,0,1,0,2,0,0,1,2,1,0,2,2,0,3,0,0,0,0,5,0,0
0,2,0,1,0,0,7,0,2,3,0,0,0,4,7,0,0,0,2,0,0,3,0,0,3,0,0,4,6,2,0,3
4,1,0,0,7,5,11,0,2,0,0,0,0,2,0,6,3,2,6,0,3,0,4,0,0,1,0,6,0,0,0,0
2,0,4,0,0,0,3,0,1,0,0,0,0,4,4,0,1,0,0,2,2,0,0,0,3,3,4,1,0,4,0,5
2,0,2,6,0,2,0,12,4,5,0,0,0,0,0,3,2,0,2,4,0,0,0,0,0,5,0,0,0,0,0,0
0,1,4,0,0,0,7,2,0,0,3,2,0,0,5,7,0,0,0,4,0,0,0,0,0,0,0,1,0,0,0,0
0,6,0,9,0,0,0,0,7,0,6,1,6,0,3,1,0,0,1,2,6,0,3,1,0,0,0,0,0,0,0,2
0,0,0,5,10,0,0,1,3,0,0,7,0,0,0,8,4,0,2,0,0,1,2,0,4,0,0,0,3,0,0,0
0,0,5,0,7,0,3,0,0,0,0,0,0,0,0,3,5,1,0,0,3,0,0,0,3,3,0,0,0,5,5,0
0,0,0,0,0,0,0,0,1,0,0,1,4,0,2,4,0,0,0,11,0,1,0,0,0,3,0,0,4,13,0,0
4,7,6,0,3,0,0,0,0,0,8,4,8,7,0,0,0,0,0,1,2,0,4,0,3,9,0,0,0,0,3,1
6,0,3,0,0,1,5,0,0,1,0,0,0,5,0,1,0,0,0,0,5,8,5,0,12,0,0,0,0,2,0,11
0,0,0,4,0,0,4,0,0,0,3,0,0,0,0,0,0,0,7,2,0,2,0,4,0,0,0,0,0,0,2,0
1,0,0,0,0,0,2,6,0,0,11,7,1,1,3,4,2,0,0,1,1,0,0,0,2,4,0,3,3,1,2,0
0,0,0,0,0,0,1,0,0,0,0,0,0,0,0,0,2,2,4,0,4,1,2,2,2,0,1,1,0,2,3,6
0,0,4,6,0,0,0,6,0,0,2,0,1,0,0,0,0,0,0,1,0,0,6,0,0,0,0,5,5,3,0,0
1,0,2,0,0,6,0,0,0,3,8,2,1,0,0,1,0,2,0,0,6,0,7,0,0,0,2,0,0,0,7,1
0,0,0,2,6,1,0,0,0,0,0,0,1,4,1,0,0,2,1,0,0,0,0,0,6,0,7,6,0,1,0,0
2,0,0,0,3,0,1,2,0,0,0,0,0,0,0,0,2,0,1,0,0,2,1,0,0,1,4,0,0,7,0,0
0,0,0,3,7,2,0,2,0,1,5,0,1,9,6,0,0,0,0,0,0,0,2,2,0,0,0,8,1,0,0,0
6,0,0,0,11,0,7,0,4,0,0,0,0,0,2,0,7,0,13,3,1,0,1,5,5,0,0,0,0,3,0,0
1,0,3,0,1,0,1,0,0,0,0,2,4,0,1,3,6,0,0,5,0,0,0,0,1,0,6,3,0,0,0,10
0,1,11,0,4,0,0,1,0,0,0,0,1,8,0,0,0,0,0,2,0,0,0,0,0,0,11,0,12,0,3,9
2,0,7,0,4,0,0,6,0,0,0,7,1,0,0,0,0,8,0,5,2,0,0,9,2,0,6,0,4,0,6,0
0,0,0,4,0,0,0,6,2,0,0,0,1,3,0,3,0,0,1,3,0,3,3,4,0,2,0,0,0,8,1,0
5,0,5,0,0,0,1,0,0,0,0,4,1,0,0,0,0,0,0,2,0,0,5,0,0,0,0,6,5,0,0,0
0,0,0,0,3,0,0,0,3,0,2,0,0,0,0,0,0,2,2,3,0,5,0,0,0,0,1,0,0,0,0,0
2,8,1,0,0,0,3,0,3,2,3,2,1,0,0,4,0,0,0,0,0,4,0,0,13,0,0,0,4,0,3,19
0,0,0,3,0,0,0,1,0,0,0,1,0,6,0,0,3,0,0,0,0,0,0,0,2,0,0,0,0,0,0,0
0,0,0,0,0,0,0,0,0,0,0,0,0,0,0,6,0,0,0,5,0,0,0,1,0,0,1,0,4,0,0,0
0,0,0,2,7,0,0,0,6,0,5,4,2,0,1,0,0,0,0,2,6,0,0,3,3,0,3,0,0,2,0,0
0,0,0,0,0,0,1,0,3,5,0,0,0,0,0,0,0,0,0,2,2,0,0,0,1,5,0,0,2,3,6,0
0,2,0,0,0,0,0,2,4,0,4,5,0,0,0,0,4,0,0,2,6,0,5,2,0,0,0,0,2,0,8,0
0,0,0,0,0,0,0,0,0,0,0,3,0,0,0,2,0,0,1,0,0,0,4,2,0,0,0,2,0,5,0,0
0,0,0,6,5,3,5,2,1,1,0,2,0,0,4,1,0,0,5,3,0,0,2,0,3,0,2,0,0,0,5,0
0,3,4,0,0,6,0,0,0,3,1,5,1,0,0,0,0,0,1,8,2,0,0,0,0,0,0,0,0,0,0,0
0,3,0,3,0,1,5,0,7,0,3,0,6,0,0,2,0,0,7,0,3,0,0,3,0,0,2,0,9,0,0,0
2,0,11,0,0,0,6,2,0,3,1,3,8,7,0,0,0,1,6,5,0,4,0,0,4,0,2,0,0,0,8,0
4,0,0,0,1,1,5,0,4,0,0,3,0,2,0,0,0,0,0,0,3,2,0,0,0,1,0,2,0,0,1,14
0,0,0,0,0,2,0,0,0,0,2,3,1,0,0,0,0,2,0,3,0,0,2,0,0,0,0,0,0,0,0,0
0,0,0,0,5,1,6,0,7,0,0,0,4,0,6,4,3,0,5,0,1,0,0,0,0,2,1,0,0,4,0,1
0,4,0,0,0,2,0,0,3,0,0,10,0,0,0,0,0,3,3,0,0,1,0,0,0,0,0,0,4,0,6,0
2,3,0,0,0,0,0,0,0,0,4,0,0,1,0,6,0,0,1,4,0,1,0,2,0,0,0,2,0,0,2,9
0,0,3,4,0,0,3,11,0,0,0,0,0,6,0,0,0,3,2,7,0,1,0,0,0,0,0,0,3,0,6,0
0,1,0,0,0,7,5,1,0,0,0,6,1,0,0,0,0,0,0,0,0,2,4,1,0,0,0,0,3,2,3,0
3,1,1,0,4,2,5,0,0,0,0,4,3,0,0,0,0,0,0,0,0,0,0,0,0,4,5,0,4,0,1,6
0,0,0,0,0,4,0,0,0,9,5,0,0,0,3,0,0,4,0,0,0,0,0,0,0,0,0,3,0,2,0,3
2,3,3,5,0,0,2,5,0,0,0,0,0,0,0,6,1,0,0,0,5,3,2,6,5,2,5,0,4,1,0,0
7,4,0,1,10,8,0,0,0,0,0,2,0,3,0,3,0,0,0,0,0,8,2,0,8,2,5,4,0,0,0,3
0,0,7,0,13,0,3,3,0,0,0,0,0,0,0,4,6,0,0,4,0,2,7,0,2,0,0,10,0,3,1,2
1,7,6,0,2,0,0,2,2,2,12,0,5,0,0,5,0,0,2,0,0,5,8,4,3,4,0,0,2,0,6,8
4,1,11,1,0,0,2,3,0,0,2,2,2,1,2,2,0,0,0,0,0,0,0,0,0,0,0,4,10,0,0,0
0,0,0,5,11,0,0,0,0,4,0,0,0,0,6,0,1,0,0,0,0,0,0,0,0,0,0,0,0,0,12,0
0,0,4,0,3,3,0,2,0,0,0,4,0,0,2,3,0,0,0,0,0,0,0,3,0,0,0,0,0,0,5,0
0,2,0,1,0,0,1,9,0,0,0,1,2,2,2,0,5,5,1,0,1,5,9,0,0,0,0,11,4,3,8,3
0,0,0,2,0,0,1,0,4,0,0,0,0,0,0,0,0,0,3,0,3,0,4,0,0,0,0,0,0,0,5,0
0,0,8,0,0,0,4,4,0,0,5,0,0,2,3,0,2,5,0,0,0,0,3,0,0,0,2,0,0,0,1,0
0,5,3,0,0,0,5,0,0,0,0,1,0,0,0,5,0,7,0,3,3,2,0,0,1,4,0,3,0,0,0,5
3,9,0,0,0,5,3,3,0,0,1,0,0,0,0,0,4,0,0,5,5,1,0,0,0,0,2,0,1,3,0,0
3,0,2,0,0,0,0,0,0,0,0,0,0,1,4,0,0,1,0,3,0,5,2,0,0,3,0,0,0,6,6,0
7,3,0,4,9,2,4,1,1,0,1,2,0,5,0,1,4,0,0,0,0,0,0,0,3,0,0,0,0,6,0,3
0,0,0,4,5,0,0,0,0,0,3,0,1,0,2,0,1,0,2,3,5,0,0,6,0,5,0,0,0,3,0,0
0,0,0,1,0,3,0,11,0,0,0,0,0,0,0,4,0,1,0,0,4,3,5,0,0,0,5,1,3,0,0,0
0,0,0,0,9,0,0,0,5,0,0,0,0,0,1,0,3,0,0,4,0,0,0,0,0,0,0,0,1,0,0,0
0,0,2,8,4,0,4,1,0,0,0,4,1,0,3,0,0,0,0,6,0,0,0,6,2,0,0,7,9,0,0,0
1,4,0,5,0,0,3,0,0,0,1,0,0,2,2,5,1,3,0,1,0,0,0,2,0,0,0,0,0,0,0,0
1,4,0,0,9,0,9,0,9,3,0,0,0,0,3,3,4,1,4,6,1,0,0,0,0,3,7,0,0,3,0,13
3,0,0,0,0,0,0,0,0,0,0,3,0,0,0,4,4,0,0,1,0,2,0,0,4,4,11,0,0,7,0,0
6,1,4,0,0,0,0,3,0,0,3,0,1,0,0,0,1,0,1,0,0,0,2,0,0,0,0,1,3,0,0,0
3,1,0,1,0,7,0,0,0,0,0,0,0,0,0,0,0,0,0,0,0,0,3,0,8,0,0,0,0,3,0,0
3,0,0,0,6,6,11,3,2,1,0,0,0,6,0,0,0,0,0,0,0,2,0,0,0,0,0,2,1,1,6,8
5,0,2,5,9,2,6,0,3,0,0,0,0,0,0,2,0,3,0,0,0,0,6,0,1,0,8,0,1,0,0,0
0,0,4,1,0,0,0,6,0,0,0,0,0,0,0,5,0,0,2,0,0,0,1,0,0,1,0,0,2,0,2,2
1,2,0,0,9,0,2,11,0,0,0,4,1,2,1,2,1,0,7,0,0,0,0,0,0,1,2,0,0,4,0,12
0,0,0,1,0,0,0,0,0,1,0,0,0,0,3,3,3,0,0,0,0,0,0,0,0,0,6,0,0,3,8,9
0,0,0,4,0,9,0,0,0,0,0,6,2,0,0,0,0,2,0,1,3,0,0,1,0,0,3,5,0,5,0,0
0,0,12,0,0,3,0,0,0,0,1,4,0,6,0,3,0,0,0,0,0,6,0,0,4,3,0,4,0,3,13,2
0,3,8,0,5,0,0,0,0,0,0,0,0,2,1,2,3,1,0,1,0,3,0,0,0,2,0,2,0,0,2,0
2,3,0,0,0,0,0,0,1,0,0,3,0,0,4,4,0,4,2,1,1,0,0,0,3,0,0,0,0,0,4,0
0,5,1,8,7,6,0,0,0,0,0,0,0,0,2,0,0,0,0,2,6,0,9,2,0,0,6,0,1,0,0,0
2,7,0,0,5,0,0,4,9,0,0,0,0,0,0,9,1,0,0,5,6,0,0,4,1,0,6,0,5,4,5,12
0,0,0,0,5,3,0,1,0,0,5,0,2,2,0,0,0,0,0,6,2,0,4,0,0,5,0,0,3,3,3,0
0,0,0,0,0,0,1,0,0,1,9,1,0,0,0,0,0,0,0,3,6,0,0,3,0,0,0,0,1,0,9,0
1,0,0,0,1,0,0,0,0,0,4,6,0,0,0,4,1,1,0,0,2,0,1,1,0,0,0,1,0,3,0,3
2,0,3,5,0,1,1,1,9,0,0,2,0,0,0,5,1,0,1,1,0,2,0,0,0,0,1,9,0,0,0,8
0,0,5,1,2,1,0,4,0,0,0,2,0,0,0,5,0,0,0,0,0,5,0,0,0,0,0,0,0,0,0,2
4,0,0,0,0,0,1,0,3,0,0,0,0,0,0,0,0,0,1,5,0,0,1,3,1,1,0,0,0,0,3,0
1,0,8,3,0,0,1,0,0,1,0,5,0,2,0,0,0,3,0,1,2,0,0,0,0,0,20,0,0,4,0,19
0,1,0,0,13,0,0,9,0,0,2,0,5,0,1,2,0,0,0,2,2,0,5,0,0,1,0,0,7,1,0,0
0,0,3,0,6,3,0,0,0,2,0,9,5,0,4,0,0,0,0,0,0,8,0,0,9,2,3,0,0,0,2,0
0,4,6,3,0,3,0,0,3,3,0,5,0,8,3,0,0,0,1,0,2,0,16,1,3,0,1,0,0,0,0,7
6,0,0,1,0,0,6,2,3,0,0,5,0,2,0,0,0,0,0,0,2,0,0,0,0,0,0,0,0,2,0,0
0,0,0,1,1,0,0,2,3,0,0,0,0,4,1,0,0,1,0,0,0,6,0,0,0,0,0,0,0,5,0,4
1,0,6,0,16,11,3,0,0,3,7,0,3,0,2,0,2,6,0,0,0,0,4,0,3,0,0,5,0,0,0,6
0,3,0,1,0,10,0,0,0,0,0,1,0,4,0,0,0,0,9,0,3,6,8,7,1,0,0,0,0,0,2,0
2,2,4,0,0,0,2,0,8,0,7,2,1,0,0,1,2,0,0,0,0,0,2,0,0,0,1,0,0,0,9,4
0,4,1,4,13,0,0,0,2,0,3,5,7,0,0,0,3,0,0,0,0,3,0,0,4,0,3,0,1,5,6,1
0,1,0,0,0,6,0,0,0,6,5,2,7,0,1,1,0,2,0,0,3,0,6,0,7,3,0,0,0,0,1,0
0,0,0,4,0,0,11,0,0,0,0,0,1,0,0,0,0,0,0,1,0,0,0,2,4,0,0,0,0,0,0,9
0,0,3,0,2,0,0,0,6,0,0,0,0,0,1,0,1,0,0,0,4,4,9,2,0,0,3,0,0,6,2,0
2,0,0,0,1,0,0,0,6,0,0,2,0,0,0,2,2,0,0,0,0,0,2,0,1,0,4,4,9,0,0,7
0,0,1,1,0,0,0,6,0,0,0,0,1,0,3,0,0,3,7,0,4,4,2,0,7,0,0,0,2,0,5,7
0,0,0,1,4,0,4,0,2,0,0,0,0,0,0,0,0,0,0,0,0,0,4,0,0,0,0,0,1,0,0,2
1,4,2,0,4,2,0,3,0,0,6,4,0,2,0,3,0,0,0,3,0,0,0,2,0,0,0,0,0,0,9,11
5,5,1,0,0,0,4,0,0,0,14,0,0,2,2,11,5,0,0,10,12,3,0,1,0,3,4,0,3,0,0,0
0,6,4,0,0,0,0,1,0,0,1,0,0,3,0,0,1,0,0,0,6,0,0,0,0,0,0,6,0,0,4,8
1,0,0,5,0,4,0,1,0,0,3,0,1,1,0,1,0,0,0,3,2,0,0,0,1,2,0,0,0,0,0,3
0,0,6,1,4,0,5,0,0,0,0,3,3,1,3,3,1,0,1,5,0,0,0,2,0,4,5,0,0,2,0,0
1,0,0,1,0,0,3,0,0,0,0,0,7,1,0,3,0,0,0,1,0,0,0,0,0,0,1,2,0,4,0,0
2,0,3,2,3,3,0,9,0,2,0,1,0,0,0,0,0,0,0,0,0,7,9,3,0,1,3,4,0,0,0,0
3,1,0,0,0,9,1,7,0,0,7,8,0,0,0,1,0,0,3,0,1,0,0,0,0,0,0,0,2,4,3,0
5,0,0,0,5,1,12,6,8,0,0,8,6,0,1,12,2,2,5,0,4,1,3,0,0,0,0,0,8,0,2,12
0,0,0,2,0,0,3,0,10,0,0,2,6,2,0,0,0,0,3,5,3,0,4,2,0,1,3,0,5,5,0,0
0,0,3,0,0,0,1,0,0,0,3,2,0,3,3,7,0,0,0,0,0,0,1,1,0,1,0,0,0,9,0,2
0,0,0,0,0,0,0,5,0,0,5,5,0,0,5,0,0,1,0,4,3,0,2,5,1,0,1,7,3,0,6,4
3,2,0,1,3,0,7,3,8,0,11,2,0,0,7,0,3,2,0,4,0,7,0,0,1,2,5,0,0,4,0,0
0,0,0,0,0,0,0,0,0,0,0,0,0,0,4,0,0,1,0,0,5,4,0,4,0,0,0,0,1,0,0,0
0,0,5,0,0,7,0,1,0,2,0,0,2,0,0,5,0,1,0,0,0,5,2,2,0,0,0,0,3,0,0,0
6,7,2,0,0,0,0,7,2,0,1,1,0,0,2,4,1,0,0,0,0,1,2,1,0,0,2,8,0,0,0,5
2,0,0,2,0,0,0,3,0,0,0,3,0,0,0,1,0,0,2,0,6,0,0,0,4,0,12,1,1,1,0,12
0,3,0,8,0,9,5,0,1,0,0,0,0,0,0,2,0,0,0,1,2,0,1,0,0,1,7,4,0,0,2,1
1,0,0,0,1,0,5,0,6,0,0,0,1,0,2,0,6,0,0,1,0,0,0,0,2,0,0,0,2,1,3,16
2,0,1,1,3,0,0,5,0,0,0,0,1,0,0,0,0,5,0,0,0,0,1,3,1,0,7,1,2,0,9,3
5,1,0,8,0,0,1,0,0,0,0,6,0,0,0,1,0,0,1,0,4,0,0,1,1,0,0,0,5,5,0,3
8,0,0,2,0,0,0,1,0,0,1,0,0,0,0,0,0,0,0,4,0,0,0,1,0,2,0,0,3,5,0,0
0,0,2,0,0,0,5,0,1,0,2,0,0,0,0,2,0,3,0,0,2,0,0,0,0,1,0,0,0,0,0,4
0,3,7,0,0,0,0,0,0,3,0,7,0,11,0,0,3,3,0,2,2,0,0,0,2,4,0,6,0,0,0,27
0,10,0,0,0,0,0,0,0,0,7,2,2,0,0,1,0,4,5,2,4,3,15,0,1,2,19,0,0,3,0,0
0,0,6,0,1,0,1,2,0,0,0,9,0,0,0,6,0,0,1,3,0,0,0,0,0,1,10,0,1,0,0,12
0,1,0,2,0,0,2,0,0,0,0,2,0,1,2,0,0,0,0,0,2,0,0,6,0,0,0,6,0,0,0,15
2,0,0,0,4,0,1,1,0,1,0,0,3,0,0,0,0,0,0,0,4,0,1,0,1,1,0,3,0,0,0,0
0,2,0,0,0,0,0,0,2,1,5,0,0,0,0,0,0,3,0,0,0,0,0,2,0,0,0,0,0,2,0,5
0,0,0,0,11,0,2,0,0,0,0,5,0,0,0,4,2,1,4,0,1,0,0,0,0,5,1,0,0,7,0,10
1,0,0,0,0,0,3,0,3,0,2,1,0,0,0,4,1,0,0,0,0,4,2,0,5,0,6,0,0,0,0,0
3,0,0,0,0,0,1,4,0,0,8,3,0,0,1,2,0,0,0,0,0,2,0,0,1,0,0,0,4,0,0,0
0,5,0,6,0,3,5,0,1,0,0,12,0,0,0,0,2,0,2,8,2,1,9,7,5,0,0,7,0,0,6,0
0,0,0,0,4,0,0,7,5,0,0,8,0,1,0,0,0,0,0,0,6,0,11,4,0,0,11,0,4,0,17,8
0,0,1,0,4,1,0,1,3,0,3,3,2,2,0,4,0,0,0,3,0,3,0,0,0,3,0,9,0,4,0,10
0,0,0,2,0,0,0,0,0,0,0,5,6,5,0,1,0,4,0,5,0,0,0,0,0,0,0,5,9,0,3,0
6,0,2,1,5,0,0,0,0,0,0,0,0,4,1,0,0,0,1,9,5,0,5,1,0,5,3,0,0,0,0,0
0,0,0,0,0,0,1,6,0,0,5,1,0,1,0,2,0,0,3,0,0,3,0,1,0,1,3,6,2,1,0,2
4,0,6,0,0,7,9,2,0,0,2,4,0,0,2,0,0,0,4,0,0,0,0,5,1,0,0,12,7,0,0,8
0,0,2,4,0,0,0,8,0,0,2,2,0,0,0,4,0,0,0,0,2,0,0,0,0,0,0,0,0,8,3,7
0,0,7,2,5,1,1,4,0,0,2,4,0,2,0,4,0,0,0,7,1,0,0,3,0,0,7,0,0,0,0,0
7,8,4,0,6,3,2,0,0,2,0,0,1,0,1,4,0,0,0,0,2,0,2,0,1,0,0,0,0,0,0,0
4,0,1,0,0,0,0,0,4,0,0,0,4,3,3,8,2,1,0,1,0,0,0,0,0,0,1,0,0,6,0,0
2,0,1,0,0,0,0,1,0,0,3,0,0,0,4,1,2,0,0,0,0,0,0,7,0,0,9,0,0,0,2,8
2,0,2,4,0,1,0,1,0,0,4,2,1,0,0,0,0,0,0,0,0,0,0,0,0,0,6,0,0,8,0,19
1,0,0,5,0,0,0,7,0,1,0,0,0,5,0,0,0,2,0,9,0,0,0,0,6,0,6,0,0,0,0,3
0,0,1,2,17,1,3,0,4,0,0,3,0,2,0,7,2,3,4,0,0,2,0,0,0,0,0,0,0,0,9,3
5,0,0,0,0,2,0,0,3,0,2,2,0,0,0,0,0,0,0,0,0,0,0,0,0,0,6,6,0,0,0,0
0,0,0,3,0,5,0,0,0,0,0,0,1,3,0,0,2,1,0,3,2,6,0,0,5,0,0,0,4,0,2,7
0,0,2,0,0,0,0,1,4,1,8,1,5,0,1,4,1,0,3,0,3,0,3,6,3,2,0,0,0,0,0,12
1,0,8,0,2,0,1,0,1,0,12,0,9,0,5,0,0,1,0,0,0,0,4,1,0,0,0,1,0,7,0,9
0,4,0,0,2,2,0,0,1,0,2,7,0,0,0,0,0,0,0,0,2,1,1,0,0,1,11,1,8,0,0,8
2,0,8,0,3,0,11,0,0,0,1,0,0,0,0,0,0,0,0,1,1,0,0,0,3,0,0,1,0,0,0,0
3,0,0,1,0,0,2,0,0,2,0,0,3,0,3,0,0,4,0,0,2,0,3,6,7,0,2,7,1,0,0,0
1,0,8,0,10,0,0,16,0,0,0,6,2,3,2,8,0,0,0,3,0,1,0,2,0,0,12,0,1,0,0,17
0,0,0,0,4,0,0,4,5,0,0,3,0,0,0,0,0,0,5,0,0,0,5,5,0,0,9,0,9,0,9,27
4,3,2,0,0,0,0,0,1,0,2,1,0,4,0,1,0,0,0,0,5,0,0,0,0,0,0,0,0,3,0,0
0,9,0,0,7,3,0,0,0,0,0,0,2,0,3,0,0,2,8,0,0,0,4,0,0,0,2,0,0,9,0,0
0,0,5,0,3,4,2,0,4,2,0,0,0,0,7,0,6,0,4,5,0,0,11,0,0,0,0,0,1,0,0,2
1,3,0,0,0,0,3,0,0,5,0,0,5,2,0,0,0,0,0,0,5,3,2,0,3,0,3,0,3,2,1,4
0,0,0,2,0,0,0,0,0,0,0,4,0,0,2,11,0,0,0,0,0,0,3,3,1,0,4,0,0,0,12,0
9,1,2,3,0,5,0,0,0,6,4,0,0,7,1,0,2,0,1,0,0,0,5,2,2,0,3,4,0,0,3,8
1,0,0,1,0,0,0,0,5,0,0,2,4,5,3,0,5,0,5,2,0,12,2,0,0,0,3,0,0,0,0,0
0,0,2,0,14,0,0,0,3,1,0,6,0,0,0,1,6,0,0,0,0,4,0,0,0,1,0,0,2,0,0,5
0,0,0,1,2,1,1,0,0,0,0,2,0,0,2,2,0,0,0,0,1,0,5,0,0,0,0,0,1,1,0,0
2,3,0,0,0,8,0,0,0,0,0,4,3,0,0,9,3,0,0,0,3,1,0,2,1,2,0,0,3,7,0,0
5,5,0,0,0,0,0,0,0,0,0,7,0,0,0,5,1,0,5,4,0,0,2,0,0,0,0,0,0,0,0,0
3,0,0,0,0,5,0,0,0,6,8,0,0,0,3,0,0,0,0,0,0,0,0,0,7,0,0,0,0,10,15,22
1,0,2,1,6,0,0,0,0,6,8,0,4,0,0,0,11,0,0,8,2,4,0,0,0,0,4,6,0,0,0,0
3,0,0,0,1,0,0,7,0,0,5,5,3,0,5,3,0,0,0,1,1,0,0,0,0,0,0,0,3,0,0,6
0,0,0,2,4,0,0,0,0,0,1,0,2,0,0,0,1,0,0,2,0,0,0,0,0,0,0,0,0,8,1,1
5,0,0,0,0,2,0,0,0,0,2,0,0,0,1,6,2,0,1,2,0,0,0,0,0,0,0,0,0,0,0,0
0,2,1,0,0,0,4,0,5,0,1,8,0,0,0,2,2,0,5,3,2,0,0,0,0,0,0,0,0,3,0,4
0,0,4,4,0,2,3,0,0,3,0,5,0,1,0,1,0,4,1,4,0,0,1,0,0,0,0,0,6,5,0,0
0,0,1,0,0,0,0,0,0,1,2,0,0,0,0,6,4,0,0,0,0,0,0,0,0,3,0,4,0,6,0,12
0,1,3,6,0,3,0,5,4,0,2,0,0,0,7,0,0,0,0,0,0,0,8,4,0,0,6,1,0,0,5,0
0,4,2,0,0,0,0,0,8,0,1,8,7,0,2,0,6,0,0,3,0,0,0,5,2,0,0,0,7,6,7,1
0,0,0,1,0,2,0,0,7,0,5,0,0,0,6,0,0,0,0,0,5,0,0,1,3,0,0,9,4,0,6,4
0,0,0,0,0,0,0,0,0,0,1,0,0,0,2,0,1,0,0,4,4,2,0,0,0,0,4,0,6,0,0,0
2,0,2,0,8,0,2,1,4,0,0,0,0,2,0,0,1,0,0,0,4,2,0,1,0,0,0,1,9,4,0,1
4,1,4,2,4,0,0,5,0,0,0,9,0,0,0,3,0,4,0,4,0,3,8,0,2,6,0,0,1,0,0,1
7,0,1,0,4,0,1,6,0,0,0,2,0,0,0,2,8,1,3,1,1,0,0,0,1,0,3,2,2,0,0,19
5,0,0,1,1,1,2,0,2,0,0,0,0,0,0,2,0,2,1,0,0,0,1,0,0,0,0,0,1,2,0,0
1,0,0,0,0,0,0,0,0,5,2,1,3,4,0,0,0,0,2,7,0,0,2,4,0,0,5,0,0,2,8,0
0,0,0,4,2,0,0,6,0,0,0,0,4,0,0,10,4,0,3,3,0,0,0,6,6,8,0,4,0,0,0,4
0,0,1,0,0,4,13,5,2,4,0,0,0,0,0,0,0,1,0,0,3,8,0,0,0,0,0,2,0,7,1,0
1,0,0,0,3,1,0,0,2,0,0,2,0,0,1,0,0,0,2,1,0,0,0,0,0,0,0,0,2,3,0,0
0,0,0,0,0,0,0,0,0,4,7,0,6,0,0,5,0,0,0,6,5,0,0,0,2,0,0,0,0,0,0,0
4,0,4,2,0,0,0,3,7,0,0,4,0,0,0,0,0,0,0,1,8,6,0,0,4,0,0,0,0,0,9,0
0,2,0,0,0,0,0,0,9,2,9,2,2,0,0,3,0,1,2,0,0,0,0,2,0,0,0,0,0,10,3,0
0,0,0,0,0,0,7,1,2,0,0,0,2,1,0,2,2,0,0,8,0,0,0,1,0,0,0,4,0,0,0,0
1,0,0,2,4,0,1,13,0,1,0,4,0,2,0,0,0,0,0,1,0,5,0,0,0,0,0,0,0,0,0,0
0,5,0,0,5,0,2,0,0,7,7,2,2,6,2,2,1,4,0,2,0,0,14,1,5,0,3,11,3,0,0,4
1,0,4,0,0,0,4,0,1,5,0,5,0,1,4,2,1,0,0,5,1,0,0,0,0,0,0,0,0,0,0,0
0,0,3,0,0,0,0,0,3,0,0,0,0,0,0,1,5,0,2,1,0,0,1,5,4,0,4,3,5,4,11,0
0,0,0,0,0,1,0,0,4,0,2,1,0,2,1,0,0,2,2,0,3,0,0,1,0,0,1,0,3,0,0,3
2,0,0,7,0,0,0,0,0,4,0,0,0,5,5,0,0,0,0,0,0,6,4,0,0,4,1,0,0,0,0,0
3,0,2,0,0,5,0,0,0,0,0,3,0,2,0,0,0,0,0,1,2,0,1,2,4,0,13,0,4,0,1,2
1,2,0,4,0,3,0,4,0,0,1,4,0,1,0,0,2,0,0,0,0,1,4,0,3,2,0,0,0,1,0,2
0,0,2,0,2,0,0,0,0,5,0,0,5,3,1,0,0,6,0,5,0,0,0,1,0,0,1,8,1,0,0,0
