0,0,0,0,0,0,8,0,0,0,8,2,7,0,0,0,6,1,0,0,14,0,0,0,3,0,1,0,7,0,0,1
8,4,5,0,0,1,0,2,0,11,0,0,6,8,0,5,0,1,11,4,0,7,1,2,0,0,0,0,0,0,0,11
6,0,0,0,6,1,0,0,7,0,0,1,4,0,2,12,0,3,0,3,0,0,0,0,0,0,0,6,0,8,0,0
9,0,0,0,5,6,5,0,0,0,0,0,0,9,9,1,0,0,2,0,3,5,5,0,0,0,24,0,0,6,0,0
0,0,0,0,4,0,0,6,2,13,0,0,0,0,0,0,0,0,0,0,2,8,0,4,2,0,8,0,4,14,0,0
0,2,1,7,0,2,3,17,7,7,0,11,0,6,0,0,0,3,0,9,0,2,0,0,0,0,4,17,15,0,0,0
0,0,0,0,8,0,6,6,1,0,0,5,0,0,4,0,0,3,0,4,0,0,0,5,0,2,0,7,0,3,0,0
0,6,0,5,9,1,0,0,4,0,10,8,2,5,0,8,0,7,0,2,0,2,0,0,5,4,0,0,0,15,0,0
0,0,8,0,0,0,3,0,0,0,8,0,0,10,0,5,4,8,0,5,7,7,0,6,11,2,13,0,0,0,1,0
18,14,0,0,0,0,5,0,6,3,0,13,7,0,1,0,0,0,6,0,5,0,8,0,7,6,0,0,2,21,0,2
12,0,0,0,16,5,0,9,0,0,0,0,3,0,2,0,0,0,0,0,0,5,0,0,2,2,11,0,5,0,19,0
5,0,10,0,0,0,0,0,10,0,10,0,20,9,1,0,3,0,1,9,0,0,1,2,1,0,0,0,0,4,6,0
0,0,9,6,0,0,3,0,10,0,0,0,6,13,3,8,0,0,3,10,0,0,0,0,0,1,0,0,7,14,0,0
8,0,0,6,0,4,4,18,0,0,0,0,0,3,5,0,5,0,0,1,1,2,25,0,0,0,0,3,0,0,3,2
0,0,0,0,0,9,0,44,0,2,0,0,0,9,0,0,35,0,0,0,3,0,0,0,0,0,16,0,2,1,4,0
0,4,0,1,0,6,0,2,0,25,57,0,0,16,0,0,4,6,19,2,0,0,3,5,0,5,19,0,10,9,7,3
121,16,0,6,5,0,11,0,0,18,29,31,8,0,0,3,0,5,59,2,8,12,43,0,11,0,0,0,20,0,0,0
0,0,0,0,0,0,0,9,22,0,0,2,13,0,53,5,43,26,1,1,0,0,4,20,39,1,9,1,8,13,0,2
64,0,0,0,5,0,4,1,2,1,4,57,0,12,0,62,1,3,4,15,10,58,28,0,8,28,35,9,0,0,0,0
32,0,0,0,17,41,0,0,0,0,0,18,0,36,3,19,1,0,9,0,50,19,19,0,1,25,0,7,18,8,50,24
88,0,0,8,0,0,0,0,2,0,13,26,0,56,2,8,0,5,0,18,17,91,19,1,8,0,0,9,42,7,5,6
0,0,0,24,18,0,3,25,3,0,0,16,0,0,1,10,14,29,8,6,4,22,0,5,39,13,15,0,10,2,0,0
0,0,0,7,0,0,0,6,0,5,0,0,0,28,7,12,19,2,5,1,0,0,0,0,25,71,17,2,20,6,0,0
0,0,3,0,0,0,15,9,0,0,0,10,2,13,6,0,9,0,29,7,4,0,16,27,10,0,0,0,8,0,7,0
0,25,7,3,16,0,14,2,0,0,0,1,13,0,0,22,0,20,33,1,19,23,1,21,0,1,0,13,6,1,0,0
0,4,0,8,10,0,16,1,6,9,10,3,0,9,16,9,30,0,2,10,0,0,0,17,15,40,7,0,4,0,0,0
17,0,0,0,16,4,3,0,10,1,11,0,16,5,0,0,0,1,23,3,9,0,16,0,0,45,1,0,0,0,9,0
0,0,0,0,0,0,0,0,0,0,10,16,0,7,6,1,0,0,0,4,3,0,0,24,7,2,10,11,0,10,0,0
0,4,0,5,2,1,0,0,0,0,0,0,19,6,0,0,0,0,4,6,0,0,11,0,0,0,0,0,5,1,10,0
7,0,16,0,0,0,8,0,0,0,23,8,7,0,0,0,0,0,0,9,0,4,0,0,5,0,14,0,0,0,0,0
0,0,0,0,11,0,2,0,0,0,20,0,6,1,0,0,0,5,2,0,10,0,0,0,2,0,7,0,13,0,0,6
0,0,0,1,0,2,0,0,0,0,0,0,5,0,7,0,0,0,12,3,2,1,6,5,2,0,0,0,0,0,2,0
0,19,14,0,0,21,0,24,0,5,2,0,0,0,0,5,0,4,0,0,0,8,24,27,3,0,0,15,0,12,0,9
9,27,9,0,0,12,0,4,0,0,0,34,0,6,4,0,2,0,0,11,0,2,10,0,43,9,7,4,7,0,5,0
3,9,0,0,21,5,5,0,0,0,30,0,0,0,0,16,16,0,0,12,21,0,0,19,0,0,0,28,0,7,16,6
10,20,0,6,37,4,9,0,0,6,0,5,0,7,18,15,13,8,0,0,0,0,0,0,19,0,21,0,11,0,0,39
45,0,0,1,21,1,4,11,19,32,3,15,5,0,0,13,43,8,6,0,34,37,0,0,15,0,54,0,0,27,0,0
11,0,2,5,11,0,6,0,0,0,22,0,1,0,0,0,26,0,0,1,13,26,1,7,0,20,0,0,0,0,0,20
0,9,0,22,45,16,16,0,0,0,0,0,0,6,0,0,0,22,0,20,0,0,63,0,0,0,0,0,12,8,40,0
11,46,0,10,26,28,0,0,0,21,7,2,10,0,14,0,59,0,0,0,0,11,54,23,0,4,0,0,0,0,6,0
0,0,8,0,12,0,73,0,0,8,24,0,0,0,0,0,42,2,49,0,0,16,41,20,0,0,0,0,18,1,44,44
8,18,31,0,9,12,0,0,0,16,0,0,0,0,18,0,0,2,8,0,10,6,16,0,0,0,0,0,11,0,6,0
16,19,19,17,32,0,18,1,0,21,0,0,21,15,0,22,0,0,0,0,0,27,0,0,0,16,0,10,0,52,0,3
3,0,9,0,25,11,25,0,0,25,0,0,0,20,3,31,19,9,16,8,0,0,0,5,35,29,31,0,13,13,0,0
71,0,40,18,0,0,21,20,5,0,8,32,0,47,0,0,35,14,0,44,43,10,5,0,37,0,66,0,0,0,4,26
0,38,0,0,0,9,0,0,0,11,0,0,0,35,0,0,0,15,0,14,0,22,13,0,2,0,22,0,0,53,15,0
21,80,0,0,23,6,0,23,0,5,48,27,0,36,30,99,0,0,8,9,26,49,13,0,32,0,32,77,62,0,0,0
0,39,21,9,7,34,0,0,27,45,33,15,6,0,0,0,22,0,16,15,0,0,0,0,29,0,25,84,4,43,16,0
0,0,0,44,23,0,20,11,0,24,0,82,39,54,0,27,0,0,65,0,20,5,0,0,55,1,240,25,2,0,9,64
26,14,0,0,10,9,36,0,14,7,0,0,0,16,15,0,39,35,28,11,13,19,12,0,52,0,8,0,37,9,23,0
0,0,0,0,17,0,0,0,0,44,0,25,0,47,0,66,29,9,0,41,0,88,0,44,5,36,0,0,1,0,18,0
0,59,0,32,20,0,0,30,55,37,0,0,53,0,0,0,50,4,27,0,0,41,67,12,0,2,0,0,5,0,40,15
0,0,0,30,0,58,19,0,5,0,33,77,0,85,0,30,16,0,43,68,39,119,0,0,0,6,0,21,96,1,46,41
0,0,74,12,70,0,22,2,1,0,13,0,0,6,38,10,12,10,32,0,0,0,0,0,0,0,22,0,8,4,0,18
26,0,56,0,0,7,0,0,0,0,53,0,0,75,0,0,0,0,29,0,43,50,0,23,8,62,41,23,0,3,18,5
0,4,31,19,0,12,0,5,5,0,0,9,0,23,44,13,1,27,41,34,40,6,5,0,20,10,20,25,23,0,0,6
0,0,39,0,38,0,0,1,0,0,0,37,55,0,23,17,0,0,59,60,8,0,0,0,18,60,111,0,0,4,0,43
43,17,3,40,0,12,14,0,24,0,70,23,85,104,111,14,0,19,21,0,34,0,28,16,28,109,16,0,0,0,4,0
51,0,0,0,21,42,4,22,0,0,0,82,162,27,123,46,0,0,0,0,0,0,0,0,149,165,30,0,0,0,0,53
0,13,6,17,0,4,29,32,9,0,15,238,156,65,134,0,0,37,28,25,14,0,0,83,65,39,0,4,0,0,3,3
36,0,0,0,0,0,0,33,2,0,5,54,187,178,66,0,0,36,4,28,0,0,230,199,46,9,5,0,0,0,0,0
0,0,0,12,0,8,0,16,17,15,37,11,3,74,0,0,12,5,0,14,88,115,161,119,1,25,4,0,2,0,0,9
29,32,40,2,16,29,4,0,28,5,40,0,27,22,20,5,9,13,0,6,46,170,21,0,0,11,4,0,0,17,12,47
24,0,52,0,12,0,0,23,10,14,0,11,25,4,0,0,0,25,0,52,0,0,0,0,0,0,0,0,0,0,0,11
0,30,0,25,0,0,0,63,43,57,55,37,44,0,34,115,0,12,0,3,14,0,31,8,0,0,0,47,0,94,0,18
0,0,45,10,0,0,0,0,18,6,0,26,44,0,16,77,0,0,0,0,0,0,40,26,7,6,0,26,7,59,0,0
15,0,0,0,0,0,0,0,19,43,62,0,22,26,0,0,18,59,4,11,0,0,45,29,0,14,0,60,2,46,0,1
19,0,0,18,29,0,23,0,0,0,0,38,0,31,0,22,1,0,8,22,9,0,18,0,0,0,0,10,8,19,2,0
10,60,0,0,0,15,0,13,0,3,2,0,0,55,0,39,0,0,0,29,21,12,0,5,0,3,40,0,0,0,11,0
0,0,0,18,19,4,0,0,1,59,0,0,12,44,0,0,0,9,113,24,5,16,0,2,4,194,31,0,0,0,16,0
67,85,36,5,0,0,0,1,19,0,6,0,0,34,17,0,0,0,103,0,48,30,13,4,0,71,0,31,14,49,0,0
0,0,0,0,2,11,0,14,0,25,0,0,14,0,0,0,18,6,0,21,0,5,74,0,36,24,3,10,33,0,0,13
2,0,27,6,11,0,4,0,0,0,0,26,19,1,31,95,0,19,0,34,34,16,0,13,89,8,13,26,58,98,7,0
0,0,34,26,0,0,3,10,0,1,0,60,0,0,0,0,0,0,0,38,31,0,0,0,61,0,38,0,0,0,1,68
0,0,0,0,20,5,9,70,0,68,30,26,48,56,27,0,0,0,10,14,23,0,28,57,7,24,21,0,11,0,7,0
0,0,0,58,27,0,0,17,19,0,9,20,43,6,0,0,16,0,0,26,32,22,14,0,3,4,0,0,32,0,12,0
0,0,1,0,0,0,29,13,0,23,0,0,0,33,0,57,16,0,4,0,0,0,0,34,0,9,9,26,0,18,21,0
0,0,0,43,27,0,0,72,13,34,0,0,0,0,19,29,14,20,0,0,46,0,0,36,0,22,0,0,0,2,31,0
0,26,0,52,7,0,16,17,39,0,23,14,0,0,0,0,27,0,9,58,23,32,0,0,0,0,0,0,22,77,8,0
0,0,0,0,0,13,0,27,52,50,0,9,0,39,0,0,27,52,0,0,17,10,0,34,0,224,0,0,0,48,0,0
10,0,0,4,0,0,0,0,23,0,0,87,0,0,0,29,17,45,79,0,68,0,0,0,85,132,96,0,0,0,0,24
12,49,0,0,34,35,39,45,14,1,46,37,58,0,24,35,0,10,14,0,0,44,56,0,111,13,0,0,0,26,0,0
0,0,15,0,33,57,0,0,0,52,0,61,0,0,19,0,12,0,0,9,39,40,57,0,0,0,59,36,11,65,33,0
4,27,0,0,0,93,59,0,35,42,63,0,18,19,21,5,37,3,14,0,0,0,1,32,30,0,49,0,49,20,0,4
60,0,0,1,0,20,0,39,0,4,6,60,0,32,0,7,50,0,31,13,6,87,9,16,0,0,230,67,0,0,4,24
5,45,6,33,0,44,43,0,5,0,0,0,5,22,14,42,0,0,0,5,0,0,22,24,47,0,10,0,17,0,0,0
0,6,17,27,0,4,0,0,13,0,52,4,0,0,0,18,0,0,0,8,38,13,132,102,0,75,34,9,32,0,0,64
0,48,0,0,18,12,0,0,27,73,0,0,12,0,5,0,15,21,0,0,8,44,77,67,73,5,29,0,0,66,0,1
22,0,0,0,0,0,18,0,0,0,15,56,0,55,0,0,0,0,29,23,0,8,40,51,68,27,42,49,9,0,16,19
55,54,0,34,0,0,8,0,4,37,14,66,199,50,0,36,0,0,0,58,0,0,1,233,207,30,41,62,0,17,0,0
0,0,0,0,0,0,23,54,0,13,226,109,126,83,55,0,46,3,0,0,0,10,0,74,11,32,0,0,40,30,0,55
6,0,0,0,53,0,0,57,0,6,230,215,169,121,78,0,55,0,25,13,11,0,0,36,83,37,89,0,44,0,33,0
52,0,0,0,0,0,0,0,16,0,2,125,237,0,5,0,0,11,16,0,1,197,167,0,0,3,2,0,12,29,0,0
0,32,0,0,35,0,0,0,43,27,41,87,154,0,64,81,7,0,41,0,190,32,0,0,0,0,0,41,0,19,41,19
47,64,5,14,10,5,0,0,0,0,26,41,0,24,0,18,22,22,106,206,33,40,0,0,14,17,3,0,0,0,0,0
43,0,16,0,0,2,43,0,0,0,0,0,48,0,0,6,0,40,49,80,0,6,14,25,7,0,49,0,52,14,17,12
0,0,30,1,4,0,0,19,34,32,35,0,0,0,0,2,3,0,0,42,0,8,0,0,7,5,3,6,20,10,0,0
39,0,22,0,0,15,25,2,17,25,19,0,0,0,14,0,6,10,22,0,63,0,21,16,11,8,0,0,7,18,11,0
16,0,7,18,0,1,10,26,18,0,0,0,3,0,0,0,13,1,20,0,0,3,0,0,0,0,0,0,0,1,0,0
0,64,3,19,0,29,0,0,17,0,49,0,0,0,19,0,2,11,0,23,6,0,24,0,0,0,12,9,26,0,2,0
10,0,0,31,0,1,0,33,2,0,0,30,17,0,16,12,14,0,6,0,0,0,0,4,0,6,0,0,0,16,0,0
0,10,59,0,0,0,0,0,0,0,0,0,0,28,17,40,121,9,24,15,0,16,0,21,0,13,43,1,31,0,27,0
0,0,52,10,0,0,7,12,0,14,0,0,0,46,5,241,167,29,0,0,7,0,251,138,3,2,29,0,0,16,8,17
20,50,15,16,13,0,11,0,16,8,30,0,17,0,74,50,40,0,4,0,24,40,9,22,0,7,0,0,0,0,31,0
31,30,0,31,0,35,0,0,3,31,6,6,0,14,2,12,0,24,0,0,18,20,81,20,0,0,0,28,0,0,0,14
0,22,5,0,0,0,7,0,3,0,43,0,27,19,38,0,0,0,0,32,38,43,11,0,6,0,124,0,0,24,9,0
18,10,0,7,0,14,1,0,0,3,17,0,0,17,46,0,6,9,13,0,109,0,0,4,0,128,2,0,11,8,38,46
19,0,0,76,0,2,0,1,0,25,0,0,0,0,1,0,1,12,38,74,53,0,0,14,9,31,3,0,0,0,19,44
7,0,0,33,62,0,20,46,13,0,0,0,4,10,16,32,9,0,63,143,10,0,0,20,163,7,6,0,0,4,0,0
23,21,5,6,32,0,5,11,0,6,13,27,18,0,41,26,33,6,209,25,14,0,18,20,37,66,22,0,13,0,0,2
15,45,31,0,16,0,41,0,0,0,0,0,0,1,0,0,8,0,116,5,0,0,0,46,5,41,0,0,0,0,0,0
0,0,20,74,0,0,0,0,0,0,0,0,0,20,5,28,13,0,0,0,0,69,41,38,0,8,185,29,0,13,0,30
35,27,43,27,0,9,49,0,20,4,0,33,0,0,3,40,0,0,33,0,0,109,85,0,0,52,156,0,0,14,0,7
0,0,21,32,0,0,0,0,11,33,3,0,0,34,0,0,0,0,0,17,31,54,81,30,20,17,0,0,0,35,0,19
0,0,0,0,0,11,0,11,0,9,0,53,0,4,0,54,40,6,5,30,25,0,10,13,133,4,28,0,0,0,17,0
26,0,0,55,0,24,0,41,27,0,1,0,0,0,33,29,0,1,39,0,0,48,0,160,20,28,33,2,0,0,2,18
35,0,0,0,7,0,0,12,18,0,59,0,38,24,0,75,9,7,0,0,13,1,132,241,4,15,53,0,5,0,0,0
0,23,0,60,0,0,0,26,0,0,0,11,0,0,17,11,37,0,0,0,28,61,165,33,84,0,100,0,56,0,0,0
0,0,11,6,41,0,4,0,0,0,23,10,1,40,0,21,0,0,70,157,34,56,33,0,22,102,0,0,0,0,15,50
29,10,0,0,0,53,5,6,0,0,35,0,0,19,18,10,0,12,37,139,171,7,56,7,46,0,9,3,0,10,0,0
0,65,38,0,0,0,18,11,0,0,37,29,1,43,30,0,6,101,91,98,12,39,0,51,9,28,0,2,0,0,0,0
0,35,45,24,51,0,9,29,0,25,113,34,0,0,40,0,0,30,0,66,86,21,68,41,31,50,14,0,20,0,5,27
0,16,0,20,13,15,110,224,11,183,34,91,0,0,13,0,11,0,0,133,67,21,0,16,3,46,0,0,0,8,2,60
20,36,21,0,45,0,178,227,81,16,2,23,0,13,6,0,9,2,25,115,89,8,7,32,0,0,27,0,19,0,0,3
0,0,0,0,24,0,194,88,76,0,25,22,16,22,0,9,21,80,57,20,41,0,0,0,0,14,0,8,15,0,6,0
32,0,0,22,0,0,45,70,0,11,30,0,0,0,26,42,33,23,20,0,136,39,0,0,0,0,0,1,5,0,27,4
2,12,23,0,11,23,22,0,0,25,13,0,0,0,0,1,117,16,0,83,0,0,0,0,0,15,14,0,18,25,16,2
0,0,5,65,0,0,38,0,11,48,0,33,12,31,14,0,101,20,12,46,11,0,21,26,0,1,12,0,13,3,0,22
39,0,0,0,0,0,8,11,31,0,3,0,5,0,0,0,0,0,0,7,2,0,6,21,0,16,0,9,0,0,0,24
0,33,0,0,22,46,0,0,0,0,0,0,0,0,8,16,0,0,18,9,0,13,19,4,0,18,2,0,6,18,0,0
0,0,0,22,8,9,0,0,0,8,0,10,0,0,21,0,9,0,6,0,0,2,5,0,0,27,0,0,0,0,0,9
0,0,0,0,19,28,0,18,0,16,0,0,0,27,0,0,0,24,0,0,10,14,4,14,0,0,0,7,0,0,0,0
23,0,0,0,0,0,0,0,0,0,0,18,65,0,23,0,2,0,19,19,0,0,0,23,0,11,0,0,0,0,31,28
0,25,0,0,35,2,0,51,0,0,0,0,28,0,31,28,29,0,0,15,20,4,7,16,0,0,0,0,14,0,13,0
17,62,0,0,2,0,32,0,0,7,25,3,2,27,0,45,1,67,107,0,89,43,6,16,12,14,8,47,16,0,5,0
47,0,13,0,62,29,9,0,0,22,83,0,7,0,11,19,85,68,64,44,0,0,0,11,0,0,0,0,10,7,0,19
0,35,0,10,6,1,26,0,4,71,0,0,0,10,0,0,89,170,57,10,28,0,40,7,0,9,3,7,0,0,25,0
30,0,0,1,48,0,0,61,0,0,16,1,0,37,22,12,126,60,0,0,0,237,0,0,3,0,0,15,4,0,22,0
18,0,0,16,28,45,0,0,173,0,0,0,21,16,22,202,116,12,10,0,148,100,117,87,50,45,0,2,7,28,0,31
0,0,12,0,92,0,0,19,129,85,0,20,0,15,202,148,41,0,16,0,49,214,136,0,59,0,9,0,14,30,15,21
15,0,0,55,0,0,8,43,68,0,12,18,0,99,135,63,1,0,41,171,0,0,0,0,12,0,0,20,27,14,24,0
3,0,0,11,2,0,20,100,29,42,0,0,43,222,80,0,10,4,57,130,33,0,15,0,22,0,74,0,0,0,0,0
0,5,0,0,30,12,0,176,39,28,26,0,63,218,0,11,0,24,55,39,31,0,33,37,10,12,0,0,0,0,12,23
29,0,0,67,23,0,0,53,0,0,0,16,0,0,37,27,23,61,99,24,12,233,0,51,49,33,1,0,15,37,0,0
41,0,0,0,0,0,0,3,0,27,0,5,10,4,0,0,95,76,45,23,56,125,32,0,64,16,29,21,37,12,18,59
7,0,0,1,60,8,0,30,0,0,46,0,0,0,0,179,240,62,0,0,0,0,0,26,125,10,45,0,0,7,0,49
42,2,0,0,36,0,23,9,0,5,24,24,0,26,23,7,29,7,0,62,71,56,20,33,0,0,0,0,33,0,8,4
0,7,45,69,0,0,0,0,46,7,26,0,30,1,34,0,0,0,235,107,44,0,41,104,76,10,0,0,0,4,16,0
0,0,0,25,17,0,0,1,0,17,26,18,20,23,2,0,8,25,114,0,66,113,89,0,12,49,0,63,0,0,0,0
52,0,0,0,0,24,0,0,2,0,0,18,22,8,0,0,5,193,87,110,16,65,52,10,99,31,104,0,63,0,36,0
63,1,25,0,0,21,10,13,17,0,31,12,0,43,164,0,32,0,69,19,49,43,0,7,0,72,70,19,0,0,18,1
82,0,0,0,19,0,14,0,0,1,0,2,63,90,171,0,75,1,26,98,65,0,63,10,51,51,20,10,0,17,0,0
0,1,4,9,0,0,2,0,0,0,25,11,83,137,70,92,75,65,127,93,20,12,25,6,34,44,42,19,16,0,0,2
42,24,0,55,87,7,0,45,1,0,0,22,11,6,68,48,53,1,112,34,12,0,58,16,0,25,45,21,4,21,6,81
16,0,0,33,0,0,30,14,11,0,34,1,19,20,61,109,65,19,72,57,26,0,6,0,42,50,0,31,14,18,5,48
0,0,13,0,0,23,0,0,0,42,28,0,43,41,54,11,20,4,55,105,32,33,0,16,8,0,0,56,16,1,6,52
24,8,42,10,0,4,14,0,48,5,0,3,0,39,13,1,0,37,10,21,29,37,0,2,0,0,0,0,12,12,26,0
0,0,0,0,0,66,0,0,27,10,0,11,35,49,14,109,0,31,0,0,121,13,0,12,0,0,0,0,15,0,17,0
12,46,17,0,0,0,2,0,4,13,0,22,185,71,47,78,28,4,6,88,0,0,0,19,23,16,0,0,0,0,0,0
0,0,42,0,0,12,2,19,0,20,39,37,68,0,15,36,36,26,0,0,0,0,20,17,6,0,0,25,0,45,0,0
0,0,0,0,14,16,67,23,39,42,6,0,15,0,0,6,4,9,16,0,17,12,0,0,0,9,0,1,0,0,37,67
0,0,19,22,0,0,0,23,0,0,18,0,22,3,17,0,0,0,1,16,0,14,0,0,0,9,61,0,0,19,11,0
4,43,44,0,31,0,0,0,0,1,0,1,0,42,0,0,0,9,0,25,5,0,24,0,2,0,41,32,20,0,53,16
4,32,0,11,0,0,4,0,0,0,46,20,0,0,7,8,0,0,17,11,18,22,0,16,0,0,0,9,73,14,16,0
40,20,0,9,17,13,0,26,10,9,21,17,4,15,9,12,0,13,16,0,0,16,20,0,8,23,15,7,37,15,9,0
0,27,0,0,45,0,0,0,11,33,4,4,0,21,0,0,56,14,0,0,5,8,8,0,0,17,18,10,10,0,23,3
11,0,0,5,23,0,0,0,0,6,34,21,28,0,13,0,13,0,0,17,6,0,0,0,0,0,17,0,0,0,0,35
71,21,0,0,89,16,5,17,0,0,0,10,168,49,22,0,6,0,0,4,29,0,0,10,0,41,4,0,0,17,0,0
0,18,0,223,206,0,40,16,6,11,75,141,142,40,0,0,9,0,16,3,0,5,19,0,0,27,14,6,11,33,0,40
38,0,0,23,163,9,0,27,0,0,0,38,0,0,0,0,72,23,0,29,0,34,0,0,0,0,41,0,34,26,1,0
0,40,0,253,91,70,0,0,0,13,210,68,14,12,8,236,12,55,0,71,58,2,0,120,0,0,23,0,9,31,34,0
77,0,57,169,89,7,12,4,46,143,28,26,0,1,237,104,93,122,43,18,21,26,41,3,4,0,0,18,11,7,0,0
0,2,4,130,36,45,0,17,197,55,51,0,49,16,175,55,86,31,120,42,110,15,5,8,15,0,51,0,22,17,1,33
0,0,35,60,0,59,15,6,93,67,39,0,33,29,42,67,0,22,51,6,2,41,59,17,15,0,0,12,0,0,0,14
0,0,21,20,40,0,7,65,203,7,0,0,73,183,66,1,182,33,0,61,53,16,6,26,13,0,7,0,4,4,15,26
0,0,0,0,0,26,28,29,34,0,12,38,128,7,0,9,41,20,94,44,15,45,24,19,19,2,0,1,20,3,11,2
78,28,28,24,25,0,9,0,0,9,33,181,33,9,22,253,112,53,20,19,1,72,44,0,52,26,3,38,0,0,9,13
0,0,0,7,0,0,5,0,0,11,125,14,4,0,19,29,17,16,0,20,0,30,0,0,24,22,59,0,3,8,2,12
0,0,9,26,0,7,0,16,0,0,48,31,12,194,51,36,6,0,0,33,0,110,0,6,1,4,11,0,7,13,0,10
0,46,39,8,1,0,0,20,0,0,10,0,79,51,45,60,53,0,0,91,3,0,0,28,27,0,0,0,12,8,0,1
0,35,0,0,0,27,11,4,30,0,0,66,155,94,144,0,28,87,16,0,32,79,0,14,0,25,0,28,49,16,0,0
0,58,46,0,0,34,0,25,21,0,0,232,223,58,7,40,0,0,27,80,0,127,25,0,97,34,46,16,39,29,0,0
135,0,0,0,0,35,18,0,30,25,54,15,118,95,146,0,100,0,61,2,69,11,19,4,15,91,1,9,2,0,0,31
28,0,0,20,26,0,34,39,95,131,104,0,110,26,75,0,92,0,21,100,39,39,0,0,17,38,0,15,0,0,11,37
3,8,9,7,0,0,43,139,13,64,63,20,37,34,0,111,159,54,58,75,25,29,0,0,35,26,0,14,24,0,16,3
80,0,0,17,0,0,0,0,4,36,0,0,0,80,2,49,7,19,47,0,43,0,109,14,0,0,0,5,0,14,0,0
19,1,27,0,0,0,0,41,0,182,123,14,57,2,37,52,63,0,98,49,48,19,0,0,32,27,15,31,2,0,0,0
0,19,3,8,42,43,7,0,0,5,19,16,20,11,0,33,23,6,8,80,19,14,0,12,0,2,0,0,14,0,0,13
46,0,0,2,0,0,0,0,0,0,2,12,38,4,48,0,0,53,4,18,16,5,28,2,0,8,0,6,0,14,0,32
0,0,12,0,0,16,0,0,0,27,5,25,33,30,66,11,0,89,20,0,105,5,9,22,0,0,0,6,9,0,0,0
0,0,11,23,0,0,0,0,0,19,20,28,148,58,36,5,0,1,5,0,3,0,0,13,0,0,0,0,0,32,4,0
13,16,0,0,0,16,0,35,0,0,75,68,59,44,0,4,0,16,0,11,9,25,33,0,14,0,8,52,18,0,24,7
0,55,15,2,0,21,15,0,0,0,0,39,0,0,19,0,3,0,0,0,0,0,0,8,0,0,0,6,10,30,12,0
0,0,0,0,0,0,0,6,0,8,0,8,0,0,0,5,0,0,0,5,0,1,30,1,7,3,24,0,31,4,0,0
0,0,0,0,0,0,6,5,0,0,33,13,0,1,13,5,8,5,0,14,20,0,4,0,0,3,0,20,0,23,0,0
0,0,0,19,0,0,10,11,3,0,0,0,0,11,0,25,1,22,0,39,0,0,0,9,0,0,27,0,0,0,0,0
0,0,11,16,15,4,18,0,4,13,15,0,6,2,16,0,33,13,0,10,1,0,28,0,17,0,0,0,0,0,0,11
0,20,0,0,29,0,0,19,0,5,53,12,0,17,0,22,0,12,0,0,0,0,22,0,8,0,0,2,0,0,10,24
0,22,0,25,8,0,9,10,0,16,16,0,0,0,14,0,0,0,0,0,0,0,0,21,30,0,0,68,2,7,0,33
0,34,6,6,44,235,0,0,41,12,23,0,39,0,4,0,7,16,23,0,1,0,2,16,4,0,0,0,0,32,0,0
10,24,4,16,112,35,3,20,0,0,0,0,0,0,2,3,13,13,0,0,0,4,0,4,0,8,11,0,22,0,0,0
16,0,47,18,55,58,0,16,38,31,58,0,16,0,20,0,0,3,0,19,0,16,16,25,0,0,1,6,15,8,0,7
59,0,29,172,70,4,0,0,67,228,208,96,73,79,88,22,23,9,0,58,11,5,0,10,2,0,27,16,0,1,5,61
75,0,23,239,25,0,0,0,19,209,158,20,111,13,172,35,70,0,39,26,15,0,10,7,0,0,0,0,0,20,0,0
0,26,102,122,19,18,5,140,57,0,19,68,34,29,52,25,28,33,107,3,61,11,0,13,0,15,0,0,13,0,26,0
84,0,38,49,31,14,15,21,87,23,6,0,31,34,0,21,61,35,9,12,28,10,27,0,7,0,0,17,0,0,32,13
0,46,3,9,0,0,200,142,10,0,156,9,80,35,8,0,193,41,4,49,80,24,33,10,0,0,1,43,0,0,10,19
0,0,6,17,0,0,11,48,2,209,121,109,6,0,5,0,55,0,34,29,17,32,0,0,0,15,16,10,12,26,0,0
13,1,19,0,27,66,127,0,2,205,0,68,8,1,34,0,47,4,103,17,18,75,33,4,16,4,60,5,24,0,34,5
0,51,19,0,0,78,0,25,74,22,0,8,21,57,48,0,37,84,21,2,22,0,7,0,21,0,48,0,0,6,9,0
0,0,7,0,0,6,0,240,119,31,91,20,21,55,2,61,4,14,37,38,56,109,22,29,42,0,9,14,19,0,0,0
45,0,28,9,0,19,14,217,38,77,0,67,113,27,19,143,0,0,0,70,36,5,11,73,35,0,39,0,11,0,0,12
0,3,0,14,0,0,30,151,30,56,0,140,31,68,143,69,10,29,11,17,50,92,39,0,26,31,21,64,40,0,9,17
0,0,0,2,8,31,133,66,90,5,0,30,40,39,8,116,1,65,51,23,3,59,25,4,111,0,48,0,17,8,19,0
0,0,0,37,0,9,100,16,36,11,155,69,110,78,74,0,0,35,54,21,13,39,0,7,24,51,39,25,26,5,0,59
57,0,0,8,19,0,21,11,72,37,0,93,95,7,202,0,96,8,39,69,41,0,0,2,30,45,0,26,0,13,0,0
23,4,15,0,56,0,0,11,0,89,34,22,0,24,2,107,147,58,95,72,14,63,0,0,5,0,7,32,6,0,6,24
34,0,0,0,27,44,0,0,12,30,30,48,31,51,14,111,85,0,114,3,25,10,25,25,25,0,33,0,0,36,3,0
0,0,56,0,249,76,13,36,18,24,27,10,8,0,0,0,68,19,84,12,37,3,17,0,2,48,0,4,4,5,1,0
0,29,2,25,93,33,17,0,13,0,15,51,2,35,20,29,0,0,20,75,51,18,0,30,3,0,0,6,30,8,12,0
0,38,24,0,78,47,0,0,34,0,33,60,4,0,12,90,35,34,36,0,42,46,3,0,6,24,22,0,35,0,21,47
0,14,0,16,133,0,8,6,28,1,9,5,19,70,16,62,0,5,0,0,47,17,0,4,0,0,35,0,10,0,0,7
32,0,14,26,45,10,0,0,0,28,4,42,104,43,33,1,4,22,46,19,0,10,17,0,7,0,0,25,0,29,0,0
16,0,0,0,0,12,18,16,10,8,39,3,27,9,6,5,0,26,3,0,7,7,10,4,27,0,31,0,0,12,0,8
72,23,38,19,0,14,0,0,11,0,0,0,0,0,0,0,0,0,0,4,0,7,0,0,17,11,16,31,25,5,9,6
4,8,23,0,13,18,0,0,18,0,0,35,0,0,11,9,8,10,38,1,9,0,0,18,7,0,0,0,16,37,0,0
0,11,13,13,7,1,0,0,1,0,10,0,0,0,6,0,0,12,0,0,0,14,1,21,12,0,0,0,32,7,0,0
17,0,0,7,0,0,0,39,0,0,0,12,8,0,19,14,20,0,6,0,0,25,7,0,0,0,0,6,0,1,17,0
12,25,0,0,0,20,10,0,0,0,14,8,0,0,4,43,0,0,0,0,0,23,15,0,3,20,0,2,7,18,0,0
0,6,0,10,0,0,0,0,0,18,7,0,0,31,25,44,0,0,4,0,0,0,0,2,5,0,16,17,0,26,0,0
11,13,18,14,34,22,20,0,11,6,0,3,20,22,0,0,0,5,0,1,0,5,0,6,2,4,0,22,38,3,0,0
57,243,0,0,48,19,0,0,25,2,0,9,2,0,2,49,0,0,16,0,0,0,0,6,0,6,23,0,17,0,35,0
1,236,0,0,27,17,18,41,19,0,0,5,0,0,0,25,0,7,16,4,11,0,0,5,0,26,0,5,16,0,2,5
9,0,0,0,0,10,35,0,0,0,0,1,0,0,0,8,24,0,0,14,0,0,0,0,0,0,22,0,7,0,19,16
0,7,15,31,21,24,47,105,5,0,4,0,1,33,4,50,23,0,19,0,9,0,0,0,5,0,2,0,0,0,27,17
0,6,0,0,113,78,11,57,38,6,53,6,111,0,1,58,0,0,0,0,2,0,10,7,30,0,0,0,0,7,0,11
37,0,16,0,25,99,0,25,0,13,55,40,36,17,28,0,7,1,80,18,1,1,11,0,5,0,27,0,17,0,23,0
5,0,58,0,60,0,0,28,3,30,1,24,0,20,23,26,0,2,17,15,22,1,48,27,0,27,0,0,12,0,0,4
0,0,0,21,75,2,140,101,0,0,93,3,13,33,0,0,80,41,0,39,36,60,13,0,43,0,0,0,0,8,0,0
0,45,0,0,0,34,187,0,64,96,55,23,4,27,21,0,44,0,64,9,0,9,9,17,38,0,0,18,8,0,16,0
0,15,0,9,3,95,173,0,0,0,28,25,25,0,10,0,57,0,58,61,29,22,55,5,52,1,0,25,28,35,13,11
31,17,69,13,0,3,16,31,22,0,0,76,119,41,54,0,31,15,10,4,28,73,20,0,60,9,9,0,2,0,4,23
17,8,11,11,51,54,9,60,0,64,63,40,4,33,7,92,4,0,0,48,9,76,25,16,35,14,8,0,0,0,0,16
0,2,0,0,190,40,45,0,54,33,20,41,93,16,27,25,0,0,0,55,19,15,24,22,27,36,38,0,38,8,1,37
0,23,0,0,38,0,13,66,86,34,17,53,52,0,11,26,4,21,92,0,40,66,87,0,4,23,0,53,0,2,0,0
0,11,8,101,0,39,0,41,80,33,0,33,0,4,33,180,9,2,0,0,13,80,18,0,40,0,36,7,1,0,0,0
16,0,0,21,5,41,43,13,11,26,82,29,32,95,82,0,43,5,82,16,9,11,11,0,8,88,38,19,3,0,30,0
0,0,0,12,19,0,0,10,0,0,7,18,67,18,59,0,95,2,0,44,36,0,0,54,14,21,0,12,19,16,2,17
45,0,56,8,17,1,0,1,9,73,37,12,62,68,24,53,78,93,77,11,56,14,0,9,4,7,18,7,18,5,21,0
0,0,14,13,0,0,14,18,0,17,6,8,90,88,4,48,32,0,92,22,68,9,3,5,4,4,4,0,17,0,0,23
0,0,0,0,4,8,10,14,0,0,37,105,5,26,32,0,43,0,101,67,37,0,0,16,12,38,12,0,0,33,0,22
16,0,22,6,10,11,15,0,1,29,8,2,38,43,44,0,0,0,24,17,21,18,0,0,0,8,0,28,0,0,16,27
14,0,0,0,0,0,8,12,0,7,0,9,3,4,0,2,11,28,30,0,3,16,0,0,0,6,0,4,0,7,8,0
0,30,0,0,0,45,8,0,0,14,9,0,42,69,46,18,45,11,0,10,77,13,29,2,33,0,0,8,0,0,16,27
0,0,8,0,0,16,0,14,3,1,0,0,0,38,48,11,0,8,18,0,18,23,0,0,0,0,0,0,0,0,5,6
17,17,0,0,0,0,0,0,0,0,0,0,0,28,0,0,0,0,0,12,0,0,0,0,3,1,0,1,0,17,5,0
0,0,12,21,0,11,8,0,0,7,24,3,3,0,11,8,0,12,4,4,11,0,2,14,1,0,5,0,0,4,1,0
4,0,0,0,18,0,2,6,0,0,0,0,5,2,13,0,0,0,2,0,0,12,0,0,0,6,2,0,0,7,0,0
11,0,0,0,0,0,1,0,0,12,0,0,17,0,0,0,0,1,3,7,6,0,3,1,0,1,0,0,0,3,6,0
16,7,0,9,13,0,1,11,2,0,0,7,0,0,0,0,8,0,0,9,0,0,0,0,6,0,29,0,12,0,0,12
0,13,6,9,7,2,0,3,0,0,0,0,0,0,0,2,0,6,0,0,4,0,0,5,0,1,0,8,0,0,2,0
0,0,5,11,0,0,0,0,0,0,0,4,2,6,11,16,4,0,0,0,6,0,0,0,10,0,0,0,3,0,1,0
4,0,1,0,16,12,0,9,7,0,0,14,8,0,0,12,14,0,2,0,0,2,8,4,2,5,4,8,0,7,0,7
8,0,20,3,12,11,8,0,15,3,5,8,0,2,0,5,0,0,0,0,4,5,9,1,0,0,0,0,4,2,0,25
27,5,0,16,5,3,0,0,11,0,9,21,0,0,2,0,0,0,3,0,11,17,14,0,0,0,0,10,0,0,0,33
0,0,0,1,0,10,0,0,8,0,0,7,0,4,0,0,5,1,0,0,4,8,0,0,1,1,0,0,0,0,1,0
0,0,13,4,0,0,0,0,10,0,0,0,0,2,17,0,11,0,0,1,5,1,12,0,9,0,0,11,0,0,0,4
0,24,0,1,0,0,0,5,12,0,0,0,0,35,26,0,4,0,17,9,14,0,8,12,4,0,1,1,3,8,31,0
0,0,0,0,10,0,4,13,3,0,0,10,29,0,49,0,0,16,105,51,41,0,6,3,1,0,0,4,0,3,0,0
74,0,2,0,0,9,80,39,0,35,42,1,16,12,0,0,87,8,0,11,0,13,35,2,1,0,0,7,0,5,9,0
95,13,17,4,11,0,9,39,8,7,82,17,82,32,15,0,140,0,0,26,6,0,9,0,0,2,13,0,0,10,0,0
0,4,0,0,7,20,3,80,21,80,69,31,0,0,0,10,32,1,46,24,26,13,0,3,7,30,11,0,1,0,0,0
0,1,0,9,32,11,23,19,12,0,6,137,7,11,0,9,37,4,67,36,5,0,42,6,0,11,0,2,1,0,8,0
10,2,13,0,2,0,68,49,45,2,0,61,89,90,66,0,17,11,20,41,0,22,33,16,32,0,0,0,5,0,13,0
0,0,13,0,0,0,0,32,69,18,66,101,23,16,1,88,0,52,16,35,28,70,18,1,27,1,32,0,0,9,12,4
79,0,17,6,7,9,14,75,0,0,1,3,26,0,23,152,119,0,5,68,45,16,0,33,11,3,18,1,22,2,0,0
0,1,0,0,0,0,0,45,45,30,0,106,0,40,12,32,21,5,22,16,35,83,59,19,0,0,9,30,0,0,2,0
49,0,0,0,3,0,8,37,0,3,18,48,32,3,37,63,9,19,71,33,0,9,70,2,85,0,20,0,0,2,0,2
121,0,14,9,0,0,54,8,23,0,111,31,86,54,69,0,24,0,3,17,0,23,3,0,13,56,11,0,0,3,0,3
0,5,2,3,18,0,0,23,62,58,21,59,76,62,65,3,89,1,65,4,48,4,13,0,24,9,3,4,0,1,8,0
41,16,1,0,0,0,0,0,0,50,0,0,0,20,0,66,77,31,67,65,20,36,16,14,0,13,11,0,1,17,0,14
56,3,0,14,0,0,0,24,0,15,0,17,49,25,25,50,36,19,66,35,69,0,48,7,14,6,34,0,0,0,4,4
0,0,0,0,0,0,0,0,3,0,1,58,0,11,16,2,26,0,86,20,15,0,4,1,12,26,0,12,16,16,0,3
0,11,0,8,1,0,0,11,12,4,4,25,68,40,84,18,2,0,5,5,44,2,0,26,4,0,0,0,12,0,0,6
0,4,20,0,0,0,0,0,0,0,0,14,30,0,3,14,6,15,32,1,6,18,0,0,0,0,3,0,6,0,5,0
0,1,0,0,0,0,7,22,0,0,4,1,1,45,2,9,9,14,7,5,67,3,1,6,3,1,0,0,1,2,0,20
0,0,0,0,0,0,0,0,0,1,11,0,0,0,32,5,0,5,2,0,0,0,0,0,10,0,0,3,0,6,0,0
12,1,7,0,0,4,2,0,15,0,0,8,0,0,10,3,0,0,2,0,0,6,0,0,0,0,0,0,3,0,4,9
9,0,0,7,4,0,0,8,0,1,0,0,0,9,8,0,2,0,0,2,0,0,0,0,1,0,1,4,0,0,0,0
0,0,12,5,4,0,0,0,0,2,3,4,10,0,0,0,0,0,0,5,0,2,3,0,1,2,4,1,2,1,0,0
0,1,5,1,0,0,1,0,0,0,1,0,0,0,3,7,2,0,5,0,1,0,2,0,1,4,6,4,1,0,0,32
0,0,10,0,0,0,0,6,8,0,0,0,2,0,0,0,0,0,1,0,0,0,0,0,0,6,0,0,3,11,6,0
1,0,0,0,0,0,0,1,0,0,2,6,0,0,1,0,7,0,1,0,0,4,0,0,0,3,0,0,0,0,8,0
1,4,9,0,0,0,1,0,0,0,0,0,3,7,0,0,0,2,0,0,1,0,1,3,4,0,0,7,3,2,0,0
6,0,0,4,0,0,14,0,0,5,2,2,0,1,0,0,8,0,0,4,1,0,0,0,0,0,8,0,0,0,0,9
1,0,0,7,2,2,0,0,0,4,0,0,1,7,2,0,0,2,0,2,7,0,3,0,2,0,5,0,3,1,0,0
4,0,0,3,0,0,0,14,0,0,7,5,1,0,0,0,0,0,0,9,0,1,8,0,0,4,0,0,3,2,3,4
5,18,1,0,0,2,0,2,3,0,7,2,4,1,2,0,0,0,0,8,0,0,6,0,9,4,0,0,0,2,5,4
0,0,0,2,7,5,4,0,0,8,0,0,0,0,0,0,0,9,0,1,4,0,0,0,0,0,0,0,3,0,0,12
17,0,0,0,0,3,1,0,0,9,0,0,0,0,9,0,0,3,0,0,4,0,0,0,3,0,0,0,9,0,0,19
0,1,0,0,9,0,0,2,2,0,0,1,45,16,15,5,1,4,89,45,7,3,12,0,0,0,3,0,3,0,7,0
0,0,1,1,6,3,10,12,0,0,1,6,27,10,12,13,8,25,2,19,0,0,43,0,8,4,9,0,6,0,0,0
5,0,8,0,1,19,0,24,0,0,48,8,53,22,1,0,153,32,0,23,12,2,11,6,0,11,9,0,0,10,0,0
0,0,0,1,0,0,6,69,24,85,62,21,6,0,12,0,58,0,49,6,39,10,3,0,13,9,0,0,0,0,4,0
26,8,3,0,3,2,0,17,3,0,4,65,7,0,2,3,88,12,33,38,5,6,36,0,20,3,8,0,0,0,4,7
0,0,2,7,0,0,0,19,30,3,0,56,55,68,52,1,54,33,20,3,0,11,13,20,31,1,18,0,3,0,0,0
20,2,0,6,2,5,0,36,33,18,48,109,5,44,8,103,1,35,11,31,13,66,16,13,0,0,28,8,4,0,0,20
0,0,3,2,0,0,32,0,5,37,1,39,24,25,0,148,25,0,2,2,47,0,2,0,15,23,8,0,0,0,2,24
0,0,1,8,0,0,0,29,51,28,0,78,0,40,38,5,45,30,44,27,61,69,52,8,0,8,5,8,34,8,0,0
0,0,11,14,0,0,0,17,0,41,4,37,23,9,0,5,4,22,0,56,0,18,52,5,86,7,92,1,0,4,0,0
31,13,13,0,1,0,0,0,46,0,73,59,84,90,87,8,0,1,16,2,1,0,21,0,21,94,26,0,21,0,4,0
14,14,0,2,0,0,0,2,103,34,23,51,90,14,145,0,62,14,29,31,45,2,6,45,17,1,20,0,26,0,0,13
0,0,0,1,2,1,7,0,35,56,32,9,22,23,16,46,86,3,66,49,22,19,11,14,0,0,2,5,0,4,13,14
0,5,0,0,0,0,0,10,33,0,28,14,95,19,23,88,33,3,79,46,2,0,32,0,10,48,1,1,6,0,5,1
9,0,7,7,11,9,2,7,4,0,9,102,0,0,0,4,0,0,73,47,56,0,0,0,0,0,1,0,0,1,3,0
0,2,3,2,2,0,1,0,0,0,0,0,26,26,38,32,0,0,7,3,1,17,0,6,0,0,10,10,8,0,0,0
0,0,0,0,0,0,0,0,1,2,1,0,27,2,12,0,5,32,14,0,19,30,0,0,0,0,6,0,0,0,0,2
0,8,0,0,0,1,0,1,0,0,0,0,0,4,0,7,6,14,4,0,47,5,2,0,0,0,0,0,0,0,0,7
2,9,22,6,0,4,0,0,0,0,0,0,0,0,36,2,1,0,0,1,12,2,0,0,2,1,5,3,3,3,0,2
0,0,2,0,1,9,0,2,0,0,0,5,6,1,4,2,0,0,0,0,3,0,2,2,0,0,0,4,1,2,23,0
0,1,0,5,0,0,0,0,0,0,0,3,0,0,0,0,0,9,2,2,6,3,1,3,2,0,2,0,4,0,0,4
0,0,4,0,0,1,0,14,9,0,3,0,0,0,0,0,0,3,0,0,8,0,0,6,0,0,0,0,0,0,0,0
2,0,0,0,0,1,9,5,9,4,4,1,6,0,0,1,0,7,0,0,6,0,13,0,1,0,0,3,5,1,2,19
0,0,0,0,0,1,0,0,0,0,0,0,0,0,0,0,0,0,7,4,0,0,2,0,0,2,4,1,0,0,0,7
0,0,0,0,0,0,0,0,0,0,0,0,4,0,13,0,1,0,0,0,0,0,0,0,0,1,0,0,0,1,0,0
14,2,3,0,0,0,0,2,6,0,1,6,5,0,0,2,0,0,5,2,0,0,4,5,0,2,9,0,0,0,0,7
0,0,0,4,0,1,6,0,1,14,2,0,0,1,1,0,3,0,0,0,0,1,0,1,0,0,0,3,0,0,0,0
0,4,1,0,1,0,0,0,1,0,0,1,0,2,0,0,0,2,0,0,0,0,3,0,1,0,0,2,1,0,0,10
0,5,0,0,3,0,13,0,0,6,0,0,0,16,0,0,0,3,0,5,0,0,0,2,0,1,1,1,0,2,2,0
5,0,5,7,1,0,0,0,7,6,4,5,0,0,0,4,0,1,0,5,1,1,4,0,1,0,0,0,0,0,3,0
0,9,0,6,0,2,4,0,2,0,0,7,3,0,0,0,0,4,0,3,0,0,0,0,0,3,0,0,9,4,1,5
20,0,0,0,6,10,0,0,3,2,0,0,6,2,0,0,0,3,0,0,0,0,3,1,0,0,0,0,0,0,0,18
11,0,0,3,0,0,0,2,0,0,8,4,0,0,0,0,4,1,49,53,12,0,10,0,5,5,2,0,0,5,3,12
24,0,4,4,0,2,58,0,0,2,5,0,13,14,3,7,9,0,0,2,6,0,32,0,4,0,6,0,0,0,1,5
18,3,13,0,0,0,23,29,0,0,53,0,63,6,26,0,200,30,0,0,5,14,18,4,0,0,0,9,1,0,0,0
27,0,18,7,3,0,0,20,18,58,47,0,0,5,0,0,51,0,88,19,14,11,2,2,0,3,0,5,0,0,9,0
87,0,0,7,0,0,12,16,0,8,4,64,0,1,0,2,82,19,76,29,32,2,33,0,23,4,0,0,0,5,0,0
0,0,14,4,4,0,35,18,28,0,0,3,15,110,80,0,63,41,22,39,24,22,5,16,88,0,4,2,0,3,0,8
21,7,0,8,10,3,3,9,25,44,70,71,24,38,37,112,0,23,41,29,52,124,57,0,1,0,27,5,2,0,0,10
0,0,0,0,0,0,26,2,0,10,0,80,61,38,0,126,27,0,0,16,52,1,38,8,58,23,6,0,10,8,5,0
110,0,15,1,3,1,4,25,50,30,3,88,5,31,16,25,18,16,1,27,33,66,22,0,4,7,11,17,16,0,4,1
0,0,0,6,6,5,0,29,27,24,18,39,45,9,32,37,7,5,0,0,0,2,62,14,30,2,95,0,1,0,0,0
3,0,9,2,0,3,0,0,74,2,81,17,140,91,86,0,16,0,10,0,0,0,0,1,11,39,27,8,19,9,0,0
52,0,0,0,7,0,0,1,62,17,29,44,89,23,155,5,4,0,14,34,57,0,1,0,22,18,6,0,28,0,5,12
0,5,0,1,0,4,2,0,11,74,39,6,0,29,0,63,81,58,36,69,0,37,1,12,0,3,0,0,0,0,6,4
0,4,6,0,0,0,1,0,21,28,6,32,131,0,0,32,24,1,29,43,7,0,41,4,5,0,19,2,0,0,5,7
0,4,5,4,0,0,0,2,8,9,8,85,0,7,2,10,7,1,81,23,34,1,3,0,0,30,0,6,7,0,16,0
23,0,0,10,1,7,0,0,0,0,0,0,37,10,25,23,0,0,11,19,0,9,0,20,4,0,0,0,1,0,0,13
48,7,10,0,0,5,0,0,5,4,3,6,19,2,52,0,0,40,21,0,16,31,7,3,5,0,0,1,0,0,12,0
0,0,0,6,0,0,0,1,3,4,6,7,0,0,10,0,30,8,4,2,71,0,9,0,4,9,0,0,0,6,0,15
21,0,0,7,5,3,4,1,5,2,0,0,0,7,0,0,0,1,0,0,5,0,0,2,0,1,6,0,0,2,0,0
0,0,0,0,5,0,0,0,0,5,4,0,0,0,3,0,0,0,0,0,4,4,4,0,0,5,0,5,0,0,0,0
0,6,0,2,14,7,12,0,1,0,0,2,0,0,0,0,0,6,0,0,15,2,0,0,0,1,0,0,0,2,1,1
0,0,1,0,1,2,0,0,5,0,0,11,5,0,0,3,8,1,0,3,1,0,0,0,0,0,4,0,0,0,0,0
8,1,0,6,0,11,0,0,0,2,8,4,1,2,0,0,0,0,0,0,0,0,9,0,0,0,2,0,0,3,0,5
2,4,0,0,0,0,0,2,0,0,0,2,0,0,4,0,0,2,0,0,0,0,0,0,0,3,0,0,3,0,0,0
0,0,0,2,0,1,0,0,4,0,5,0,0,0,0,1,0,0,0,0,8,0,0,3,0,0,0,0,0,2,0,5
2,3,0,5,0,0,0,7,2,0,1,1,0,0,0,0,0,0,0,0,0,0,0,3,0,1,0,0,0,7,0,18
0,9,5,5,12,0,13,11,4,0,0,0,0,0,1,10,0,1,4,0,0,0,1,0,0,0,2,4,7,0,0,0
0,12,0,0,0,1,5,4,0,4,0,6,0,0,4,12,4,0,0,0,0,0,0,0,0,0,0,3,0,0,2,0
0,0,2,1,1,7,3,1,0,0,0,0,0,0,0,0,1,1,1,1,0,0,0,0,0,0,4,7,4,0,7,9
0,0,0,0,0,0,0,0,5,0,0,9,1,0,6,4,2,0,2,4,3,0,1,3,0,0,0,5,11,0,0,0
0,0,14,0,0,4,0,0,5,0,0,0,0,0,0,7,0,0,3,0,0,0,0,2,0,5,5,0,3,0,13,0
0,0,0,0,0,3,0,0,7,0,0,0,0,0,2,0,2,2,0,0,0,0,0,0,0,1,9,3,7,0,0,0
0,10,10,0,11,5,5,0,0,0,0,6,2,0,0,0,0,0,52,55,0,0,7,0,5,0,0,3,1,2,4,9
39,0,0,0,0,0,76,0,0,0,1,0,0,48,3,0,2,1,5,1,1,0,26,3,0,2,8,0,1,2,0,0
0,0,0,0,0,0,17,30,10,4,46,0,65,2,4,1,148,27,0,0,53,11,14,0,0,0,7,0,7,0,1,0
0,3,5,4,9,0,8,46,56,70,61,0,2,4,11,0,0,4,67,2,23,34,0,0,20,0,12,0,4,0,0,14
71,0,0,1,0,3,27,0,0,18,7,59,0,7,0,0,157,4,85,35,8,6,39,3,26,7,0,0,0,5,0,1
0,16,9,0,0,3,2,33,18,5,3,5,22,71,48,7,23,53,1,30,3,30,11,7,85,0,0,8,7,0,0,0
0,0,0,7,11,0,1,0,27,48,33,45,13,0,25,114,28,35,20,31,3,51,12,12,11,7,13,0,0,1,0,0
0,4,2,8,0,2,5,0,16,0,2,30,43,16,7,82,32,2,0,2,53,0,2,15,65,21,13,0,0,0,1,4
1,1,0,0,0,15,5,26,65,7,13,91,22,33,68,1,10,33,0,35,54,65,24,1,14,14,0,0,35,0,6,18
0,0,0,0,0,0,5,22,27,33,0,40,30,0,24,48,0,41,44,0,0,23,20,10,32,1,99,3,1,0,0,3
27,4,11,0,7,0,0,0,61,10,87,8,38,44,35,0,17,0,9,1,1,0,0,0,55,46,24,1,22,0,0,12
2,7,6,17,1,0,0,0,16,12,5,0,128,56,52,0,19,0,38,31,40,0,6,0,4,16,10,0,4,0,0,6
0,0,1,0,13,5,10,0,4,43,14,21,0,33,0,35,64,42,73,88,10,22,17,18,0,2,8,6,2,9,0,0
0,0,0,12,6,0,2,6,2,18,0,33,97,0,7,64,39,3,64,24,10,0,51,4,16,12,30,0,2,0,0,12
4,5,0,9,0,0,1,0,0,0,0,113,0,12,22,0,10,0,72,22,33,1,0,0,25,36,2,0,0,0,5,1
0,0,9,0,1,0,0,5,0,0,3,1,48,3,42,33,2,6,10,25,0,11,2,24,1,5,1,2,0,1,0,0
6,0,0,0,1,0,4,3,0,7,0,0,0,6,20,9,0,23,8,0,4,38,1,0,0,0,0,1,0,0,0,3
0,0,0,2,0,0,0,0,2,0,14,0,0,0,10,0,0,9,28,1,73,5,2,0,0,1,4,2,0,0,0,0
12,0,0,0,11,3,0,9,0,7,3,0,0,0,2,0,3,3,0,0,2,0,0,1,0,0,0,2,0,0,0,0
0,0,0,1,0,0,0,4,0,3,5,11,0,3,3,1,0,6,0,2,4,0,3,0,0,0,0,0,0,11,0,0
4,0,9,3,0,0,11,0,1,3,0,4,3,1,0,0,0,0,3,0,0,3,0,0,0,0,0,0,0,3,0,14
0,0,0,0,4,4,5,0,4,1,0,0,0,1,0,2,1,0,3,0,0,0,0,0,0,0,4,0,0,3,4,1
0,0,0,2,0,1,1,0,2,5,0,0,0,4,0,0,0,0,0,0,0,0,0,0,0,0,0,0,0,0,0,4
0,0,0,2,0,0,9,0,0,0,0,2,0,3,0,0,0,3,0,0,0,4,6,7,0,0,0,0,1,3,0,3
0,0,6,6,0,0,0,0,0,0,0,6,0,5,0,0,2,0,4,2,6,4,1,0,0,0,5,0,0,0,0,0
3,4,2,0,0,0,7,0,0,1,2,7,0,0,0,5,0,4,0,2,0,1,0,2,0,1,4,4,15,0,10,11
4,0,7,9,13,0,4,8,0,0,0,8,2,0,3,0,1,0,0,0,0,0,0,0,0,0,0,2,6,11,12,0
0,5,16,0,0,5,0,3,5,0,0,0,7,5,5,0,2,0,2,0,0,0,0,0,0,3,5,0,0,11,0,9
21,9,1,1,0,9,2,0,1,0,8,0,0,0,0,0,7,0,0,0,0,2,4,2,0,0,5,0,0,0,0,13
0,1,0,5,0,0,1,0,0,0,1,3,1,0,0,0,7,0,9,0,1,3,0,1,0,0,5,6,0,2,5,14
0,4,0,0,0,12,4,5,0,3,7,0,0,0,0,0,6,3,2,0,0,1,6,2,4,5,0,0,6,0,6,9
0,0,7,0,4,0,5,0,0,0,0,2,0,0,0,0,1,4,0,0,0,0,0,0,0,0,0,0,0,0,0,6
15,8,0,0,0,0,1,7,2,0,10,10,5,0,0,0,4,0,44,0,0,1,2,0,0,2,0,0,2,0,0,5
35,0,0,8,0,2,4,4,0,5,3,7,0,26,0,0,0,0,0,0,3,0,22,0,0,0,0,4,0,4,1,9
0,0,0,0,0,0,2,47,0,0,15,17,91,0,14,8,112,35,5,25,42,0,14,0,5,10,3,0,9,0,0,21
22,0,2,4,0,0,0,4,49,68,55,34,0,6,0,0,0,0,76,7,5,0,0,1,1,0,0,0,0,10,0,6
31,8,14,7,9,0,14,0,8,31,6,52,1,5,0,2,72,21,48,39,0,18,39,0,24,1,0,2,0,0,0,1
0,0,2,1,4,7,0,21,5,0,0,0,49,33,10,3,57,36,16,4,0,12,6,10,85,4,0,0,0,0,0,3
0,0,0,11,0,0,1,21,21,50,59,84,3,0,20,120,2,48,11,62,1,116,17,1,26,0,29,0,2,2,0,0
0,0,0,11,0,0,12,2,0,26,0,35,38,19,0,89,31,2,11,43,59,5,14,2,42,25,11,0,19,2,0,6
15,19,0,7,0,0,0,23,65,34,2,78,12,48,0,5,14,43,19,24,24,67,43,0,0,6,1,8,34,6,8,1
0,0,0,0,0,10,0,33,0,35,9,30,35,3,33,56,0,26,13,87,4,48,9,15,37,1,93,0,0,6,10,3
0,0,0,3,2,0,0,0,99,0,67,16,21,74,56,0,8,5,0,0,2,0,2,0,7,38,17,5,22,0,0,0
0,2,4,0,0,3,0,1,15,4,7,0,69,64,83,0,56,33,51,3,29,0,17,7,17,0,10,0,16,2,0,0
0,7,0,3,8,11,0,0,6,50,7,28,14,25,2,74,68,26,42,91,10,18,0,0,0,29,3,7,0,0,0,9
13,0,5,12,11,0,0,0,0,0,2,0,67,0,1,64,20,5,30,11,1,7,6,0,16,19,27,0,0,0,3,0
10,0,0,2,0,0,0,10,0,2,0,35,6,17,0,2,45,1,67,3,38,0,0,5,15,32,0,0,16,6,0,1
0,0,0,5,5,0,0,11,0,0,3,1,52,28,34,2,7,0,6,19,41,11,3,25,8,9,7,3,5,0,0,3
0,5,0,0,3,0,0,0,0,0,0,0,0,1,6,1,1,20,0,0,16,11,0,1,0,0,1,1,2,3,5,13
17,0,1,6,5,3,0,0,2,0,0,2,0,0,0,11,4,21,15,0,11,1,1,1,0,0,0,2,2,0,0,0
20,0,0,3,1,6,1,0,0,0,10,0,0,4,2,0,0,6,0,0,0,5,2,2,2,0,0,1,3,0,0,0
4,0,18,3,13,3,0,6,0,0,0,0,0,0,0,10,0,0,0,4,0,0,0,0,0,3,0,0,0,5,11,0
0,10,2,0,6,8,0,0,2,7,0,1,5,0,1,5,0,3,0,0,0,0,5,2,0,3,0,0,1,0,2,0
0,0,0,1,0,0,6,0,0,6,0,0,0,4,3,0,0,0,0,2,1,0,7,4,0,0,2,0,0,0,0,0
3,3,11,0,2,1,0,0,3,5,0,0,0,1,0,0,0,2,2,0,3,0,0,0,0,0,2,6,0,0,0,10
1,1,6,0,0,0,0,6,4,0,6,0,0,1,1,0,0,0,4,4,0,0,0,4,0,5,0,3,0,0,0,0
3,0,9,5,4,0,1,0,0,1,4,0,1,0,0,1,4,0,0,2,0,0,0,1,0,5,9,0,3,0,0,5
0,0,0,0,9,5,0,0,0,2,2,0,0,10,0,0,0,1,0,0,4,3,3,5,3,0,1,12,0,0,7,0
11,2,9,6,0,12,0,0,5,0,0,0,3,5,1,0,4,7,0,2,0,0,10,0,0,0,6,0,0,0,0,0
0,0,3,0,0,0,7,0,0,0,0,0,3,0,0,0,0,0,6,0,1,3,0,0,0,0,4,3,2,0,6,0
0,0,2,0,11,3,0,0,1,0,3,0,4,0,3,0,0,0,5,0,0,0,0,0,2,0,1,0,6,0,0,0
3,7,0,4,0,6,0,0,3,0,0,0,0,2,4,4,4,0,3,0,0,0,2,0,0,5,0,0,0,2,4,0
0,0,6,0,6,0,2,5,0,0,2,5,0,0,1,0,2,0,1,10,0,0,0,1,1,0,0,0,5,2,0,4
0,3,8,6,6,0,5,0,0,4,12,0,7,2,0,4,0,0,0,0,0,0,0,0,4,5,0,3,0,0,0,0
12,0,0,2,0,0,0,5,0,7,0,0,0,0,2,0,1,4,31,0,3,1,6,1,0,0,0,0,0,0,0,0
0,5,5,3,11,0,2,8,15,7,8,0,2,34,0,0,0,0,16,0,6,7,44,0,0,0,0,0,2,1,0,0
0,0,0,0,0,0,0,2,0,0,37,0,29,4,1,0,94,35,8,0,28,0,15,6,0,0,0,0,0,5,0,0
0,0,0,6,0,3,0,0,25,23,64,22,4,2,0,3,0,0,49,0,2,5,0,0,0,4,12,10,0,0,0,9
73,0,0,0,0,0,14,9,0,19,14,44,0,3,0,0,40,0,90,0,0,5,30,5,35,0,0,0,0,0,1,0
0,0,0,0,13,0,0,20,1,0,0,0,28,35,3,0,80,36,7,0,0,14,7,8,57,0,0,7,3,3,0,17
3,0,0,17,6,7,15,0,27,50,16,73,0,42,4,118,22,37,6,25,0,108,3,0,16,0,11,0,4,5,0,7
0,0,11,2,8,6,7,0,0,28,0,12,35,20,4,96,30,0,2,76,54,4,5,10,53,14,4,2,30,4,0,0
92,0,3,2,0,0,8,5,71,6,1,82,6,29,33,38,10,4,0,26,0,77,26,5,3,5,0,0,9,7,3,9
0,0,0,0,3,12,0,21,8,44,0,27,7,0,7,8,0,22,26,74,0,37,13,15,53,8,63,0,11,16,0,0
13,0,0,0,3,4,0,0,78,8,50,3,16,30,40,0,30,9,0,0,0,0,17,7,4,39,16,0,22,5,0,1
0,5,0,0,0,0,0,0,0,2,4,10,86,54,32,7,38,10,20,18,51,17,11,0,30,12,14,0,27,2,10,0
18,6,0,2,0,0,8,0,0,52,0,25,0,27,3,75,83,36,47,95,1,18,8,0,0,35,9,0,2,0,7,12
0,9,0,0,13,12,0,15,0,0,24,0,50,0,0,54,30,3,50,36,5,0,27,0,10,21,16,5,7,0,6,3
0,0,0,11,5,0,0,4,0,0,3,0,0,8,0,0,20,0,64,6,34,0,0,5,9,31,0,0,0,4,0,0
0,0,2,10,15,6,5,0,4,0,0,0,52,32,56,21,11,0,16,9,36,0,0,28,0,0,0,1,4,1,4,0
0,0,3,5,0,0,10,0,4,0,0,7,6,0,16,0,0,17,5,1,17,1,0,5,9,0,0,2,5,0,0,0
20,0,0,0,1,0,6,0,1,0,0,0,0,6,8,23,13,21,15,0,8,1,0,0,5,0,0,0,0,0,0,7
38,2,6,0,0,0,2,0,5,2,0,0,0,0,0,0,0,15,0,0,0,0,0,0,0,0,0,7,2,0,0,0
3,0,0,0,8,0,0,3,0,0,14,12,3,0,0,5,0,4,0,0,2,2,6,0,3,3,0,2,4,2,2,1
0,0,1,0,0,5,0,0,6,3,2,11,12,0,4,0,0,2,0,8,0,0,0,3,0,1,0,0,0,0,0,2
1,0,2,3,0,0,0,0,0,0,4,0,0,0,8,4,0,0,6,2,0,0,0,0,0,0,12,0,0,0,0,0
0,9,11,20,5,0,3,0,1,0,1,4,0,0,0,0,0,2,0,3,0,0,5,5,0,2,1,0,2,5,0,0
0,6,0,2,0,14,10,0,0,6,0,0,0,1,0,11,0,6,0,0,0,2,0,0,0,0,5,0,8,7,9,11
0,0,0,2,15,0,2,3,5,0,0,2,4,3,0,0,0,1,0,0,0,3,0,0,0,0,4,3,0,0,2,0
0,0,4,8,0,3,0,0,1,0,1,1,0,0,3,5,9,0,0,0,0,0,2,0,0,1,4,7,1,0,0,9
5,6,4,5,0,9,3,0,5,0,0,0,0,0,0,4,7,2,0,3,0,0,4,0,0,0,0,0,3,4,2,10
0,0,0,6,0,0,0,1,5,2,1,0,0,0,1,0,0,0,0,0,0,0,0,1,0,0,6,0,0,0,0,0
0,0,5,7,10,0,3,5,2,0,0,0,0,0,0,0,0,0,3,0,4,0,3,0,0,4,8,0,0,0,0,8
5,0,8,2,0,6,11,0,1,0,0,0,0,3,4,0,0,0,1,0,9,0,2,0,0,5,0,1,0,0,11,0
6,9,0,0,0,0,0,3,0,0,17,2,0,0,0,0,1,0,8,0,0,7,0,0,0,4,1,7,0,0,9,1
6,0,0,11,0,0,1,0,0,0,0,0,0,11,0,0,0,0,4,0,3,3,3,0,0,0,0,5,0,0,0,0
0,0,0,0,0,2,14,0,2,1,0,0,0,3,1,0,0,3,44,0,0,1,0,0,0,0,0,0,0,1,2,0
2,0,0,11,1,15,2,8,0,0,0,6,0,33,4,2,0,0,17,5,4,2,30,3,0,0,0,0,1,11,11,0
0,0,0,3,0,12,0,41,2,0,29,0,35,1,0,4,68,23,7,0,3,8,6,0,0,0,0,0,3,2,9,0
0,0,0,1,0,2,0,12,26,30,57,18,5,4,7,0,6,0,9,2,0,0,0,4,3,0,10,0,3,10,1,0
0,0,0,15,0,2,7,0,0,3,8,46,0,11,0,0,55,0,57,16,2,0,45,0,33,0,0,2,0,0,3,0
0,0,11,1,0,7,8,6,4,0,0,1,28,23,0,0,40,25,33,35,0,29,10,0,38,1,0,0,1,0,5,0
0,0,2,2,0,0,0,1,26,39,7,58,29,0,0,109,26,35,24,24,0,116,22,1,11,0,24,0,10,9,0,0
0,0,14,0,0,0,2,4,0,23,0,22,47,19,0,62,0,10,0,5,53,0,9,4,45,42,16,0,1,0,0,7
50,1,0,0,0,0,0,6,24,3,0,96,24,36,32,35,11,8,0,34,21,66,36,0,10,32,5,0,24,8,0,4
1,1,0,0,0,0,0,31,1,32,0,29,11,6,0,33,0,17,22,0,0,43,12,16,52,0,71,0,0,9,0,3
0,0,0,0,2,7,0,0,67,11,45,21,38,62,27,0,38,0,25,2,0,0,0,0,0,44,34,2,32,0,0,0
0,9,0,0,0,0,0,0,0,0,11,9,99,55,26,0,36,7,18,17,46,27,4,0,20,9,10,0,13,0,5,11
0,0,0,0,0,0,8,0,6,40,0,22,0,32,0,38,17,47,48,84,27,20,7,11,0,0,0,3,0,1,13,0
26,0,7,11,0,0,0,0,0,2,0,4,46,0,4,65,19,18,20,5,1,0,36,0,11,21,34,0,0,0,2,23
3,0,1,0,7,0,0,0,0,4,0,0,0,12,2,14,0,0,59,1,14,0,2,0,0,42,24,0,12,1,1,14
0,0,0,2,2,0,3,2,2,0,0,10,8,18,81,16,0,0,5,6,36,7,0,25,0,3,6,3,0,0,0,0
19,10,6,4,3,0,0,10,0,0,0,6,0,0,22,0,4,31,27,0,13,0,5,5,10,3,12,0,5,0,4,0
15,4,20,0,3,0,0,0,0,4,1,0,0,2,2,3,0,19,17,2,16,1,1,7,0,0,4,0,2,0,0,9
0,0,0,0,0,2,2,0,1,3,3,0,0,0,3,5,3,4,9,0,0,0,4,0,5,0,0,0,0,1,3,3
0,0,1,7,1,0,0,0,0,0,5,1,0,3,1,0,1,0,0,0,1,0,4,4,6,0,0,6,3,2,10,0
7,9,4,0,11,17,3,0,7,0,1,0,0,9,0,0,1,0,0,4,0,0,3,1,0,3,1,2,3,0,8,0
3,0,2,3,17,0,0,3,4,0,1,11,0,3,0,0,5,0,0,6,1,0,3,5,0,2,0,8,0,0,0,0
1,0,0,10,0,0,0,0,7,7,0,0,0,0,0,0,0,0,0,0,4,2,6,0,0,0,0,3,0,0,0,9
0,0,7,0,0,4,0,0,0,0,0,2,0,0,6,1,5,3,0,0,0,0,0,2,0,6,0,0,1,1,0,0
0,4,8,0,0,6,1,0,1,0,2,9,0,2,11,8,2,3,0,3,0,1,4,2,0,0,0,0,0,2,0,0
0,17,1,0,5,10,0,0,3,0,0,3,3,0,5,3,0,2,4,0,0,0,9,3,0,2,0,0,16,0,2,0
0,0,0,3,0,3,0,10,0,6,0,2,0,0,6,6,0,0,0,0,1,1,1,1,2,0,3,9,0,0,0,13
0,0,4,4,2,10,0,4,5,0,2,0,0,0,0,1,0,0,5,5,0,1,2,7,0,0,6,9,0,0,6,7
0,0,0,9,11,0,0,0,0,0,0,0,4,0,0,7,0,0,0,0,0,0,0,0,0,2,0,0,0,0,11,11
0,0,3,0,17,4,0,0,0,0,0,0,0,5,0,0,0,0,1,0,1,0,0,2,0,0,5,0,0,5,1,7
0,7,14,0,4,6,7,0,6,4,0,8,0,0,6,3,2,6,0,0,0,3,0,0,0,2,0,3,3,0,4,0
13,0,0,4,0,0,0,0,0,1,0,0,0,0,0,0,0,0,0,11,0,2,0,0,1,0,8,7,4,0,0,0
5,3,0,0,0,2,10,2,0,0,3,0,0,2,9,5,0,0,29,0,0,0,0,3,0,0,7,1,0,8,0,0
14,0,18,0,0,0,8,0,0,0,12,1,3,51,0,0,0,0,7,6,0,2,45,0,2,5,0,0,7,0,10,0
0,3,0,0,0,0,3,24,1,2,30,0,9,6,3,3,20,15,5,0,11,4,13,0,0,0,0,0,0,0,2,0
0,0,8,0,0,0,3,0,53,29,26,9,0,5,0,0,1,0,16,0,0,0,0,0,0,4,3,0,0,1,0,8
33,10,0,6,0,0,0,3,0,0,3,58,1,0,0,0,56,2,48,1,0,3,40,0,31,0,0,0,0,2,0,10
14,0,4,16,4,0,1,4,14,0,0,0,8,0,45,4,39,18,41,0,1,15,40,11,69,3,8,0,0,0,0,0
41,0,6,3,0,0,7,2,19,32,2,61,26,7,0,101,22,21,5,34,4,112,31,6,0,0,27,4,1,1,8,6
0,10,14,0,2,5,14,0,5,9,4,39,25,30,0,102,2,0,5,2,45,1,0,3,0,60,5,0,3,0,5,4
27,10,4,0,19,0,0,9,11,12,0,96,16,30,106,37,16,11,0,30,3,75,33,0,5,24,0,0,14,0,6,19
0,6,1,10,0,0,0,35,2,0,13,45,11,0,16,37,4,7,5,0,1,1,9,18,51,0,83,0,0,0,0,0
6,3,1,0,7,7,0,0,68,10,79,24,34,16,35,10,44,0,32,5,2,1,2,0,0,64,24,2,26,0,9,8
44,0,0,8,0,0,0,0,0,1,4,12,103,50,9,0,4,0,14,26,41,22,18,0,17,4,0,0,31,0,0,14
8,12,0,3,0,9,3,0,0,33,0,15,1,37,0,77,17,57,56,69,9,16,8,11,3,0,5,0,3,2,0,3
0,0,0,0,0,0,0,5,3,8,0,0,48,10,29,28,17,12,17,12,3,1,57,0,18,2,16,4,4,0,6,13
0,2,0,0,1,0,5,0,0,11,10,0,11,31,3,0,5,0,72,1,12,2,0,0,0,28,0,9,8,0,6,3
0,1,1,0,0,2,0,0,9,10,0,0,0,21,72,16,6,1,5,0,41,0,1,35,2,0,0,0,0,0,0,0
0,17,0,0,5,11,4,0,0,0,0,0,11,0,17,10,1,33,23,0,11,12,0,2,1,0,5,0,0,5,0,14
16,0,5,11,0,17,0,0,3,6,0,0,3,0,0,4,0,19,17,0,10,28,6,6,6,3,1,0,7,0,7,0
15,2,0,0,13,0,14,1,0,2,0,4,0,7,0,7,0,2,8,0,4,1,0,4,5,0,5,3,4,0,0,2
0,13,2,0,0,13,0,0,0,3,1,0,13,0,7,0,0,0,0,9,11,0,5,0,1,0,4,0,1,1,1,0
5,1,0,7,3,0,0,12,4,2,0,0,4,0,1,6,4,0,0,0,1,3,0,7,0,0,0,0,0,1,0,0
0,0,2,0,0,0,0,0,0,2,2,2,0,0,1,0,0,0,7,8,0,0,0,0,3,0,0,0,0,2,1,0
5,0,0,0,8,4,2,0,0,0,8,0,0,0,0,2,0,0,9,8,2,1,0,6,0,6,0,0,3,6,11,13
0,0,2,0,14,7,0,2,14,6,0,0,6,0,0,0,0,4,1,10,0,3,4,5,3,2,0,12,2,0,0,7
6,0,7,0,0,0,7,6,0,0,0,1,0,0,2,2,0,0,10,3,0,0,2,0,0,0,0,0,14,5,8,18
0,1,0,0,12,0,1,0,6,2,10,0,4,0,1,0,11,10,0,3,0,1,0,0,0,0,3,1,0,0,0,0
0,14,0,0,1,1,0,2,0,0,5,8,0,0,0,0,0,0,5,4,2,2,7,0,0,0,1,0,4,2,8,0
0,13,14,5,0,0,0,6,0,5,4,2,0,0,0,5,0,3,1,5,7,0,0,5,3,0,2,0,1,0,0,0
27,0,0,17,0,3,0,0,0,0,5,0,0,3,0,0,1,2,0,3,0,0,4,6,3,1,5,4,3,4,0,0
0,0,0,0,0,0,2,4,0,0,4,3,4,5,0,1,0,0,0,0,0,3,0,0,4,1,0,0,0,0,0,3
1,6,1,6,5,0,0,8,1,4,0,4,4,1,0,0,1,0,2,0,3,0,0,0,0,0,0,0,3,9,18,1
0,0,0,0,10,0,1,0,0,0,0,0,0,6,0,0,5,6,0,2,1,0,0,2,0,3,0,0,2,0,1,0
0,0,8,0,0,0,0,4,1,3,0,0,0,4,6,0,5,2,7,0,1,0,7,8,1,0,0,0,0,10,0,15
6,8,0,6,5,0,0,5,8,0,10,10,5,0,7,6,2,1,1,0,0,0,10,0,6,7,8,0,13,0,0,0
4,3,11,0,1,9,2,17,0,0,27,1,0,0,0,0,55,27,0,5,4,0,18,0,0,2,5,2,3,1,0,0
0,0,0,1,16,0,0,12,8,22,8,7,0,1,0,5,2,0,3,0,0,0,13,0,8,2,19,0,2,0,0,0
11,0,7,0,0,9,0,0,16,11,0,48,4,3,4,2,15,0,42,28,10,6,10,0,0,0,0,11,2,3,6,8
20,10,18,0,0,0,0,17,14,7,0,0,4,0,46,2,44,33,41,0,3,19,41,6,50,0,0,0,0,0,0,0
0,0,0,10,9,0,0,0,11,15,16,46,2,0,1,85,29,0,9,40,4,116,8,0,0,0,16,0,2,0,10,1
0,0,0,0,22,4,12,11,0,19,0,47,21,26,0,112,9,0,0,2,50,0,9,3,1,36,6,0,25,0,0,0
0,3,0,6,0,3,0,5,0,29,0,90,17,33,0,41,5,7,2,16,0,78,48,0,8,29,13,0,42,17,3,0
0,0,8,9,7,0,0,16,0,9,7,34,22,3,0,43,0,3,21,0,8,0,1,19,12,8,41,0,0,5,0,18
17,0,0,0,0,0,1,2,28,8,64,22,7,24,34,2,50,3,27,8,0,0,6,5,0,58,16,0,22,1,0,21
0,0,16,4,6,7,0,0,5,19,10,4,91,46,17,2,14,8,11,3,33,19,0,0,11,7,0,2,23,2,0,0
4,0,0,0,4,0,0,5,1,25,13,20,0,24,0,81,18,23,65,31,9,28,1,3,0,0,9,4,11,5,0,0
27,0,1,0,26,7,19,0,0,7,0,0,34,0,41,61,14,5,1,19,0,7,41,0,5,3,22,0,0,0,0,19
0,11,0,5,0,0,9,1,13,1,4,2,0,20,0,12,2,0,76,3,0,6,2,0,0,32,0,0,18,5,0,0
0,3,0,0,0,0,0,0,0,4,3,0,0,20,77,1,0,9,0,10,43,0,9,31,1,4,1,2,0,0,5,11
25,0,0,3,0,6,7,0,0,5,0,0,0,5,7,17,0,54,29,0,12,10,2,0,5,0,0,0,10,0,13,6
19,11,1,0,0,1,0,0,1,0,0,6,13,1,1,0,2,2,24,5,0,8,8,0,0,5,3,0,0,2,0,0
10,4,0,4,2,0,3,24,0,0,1,0,0,0,3,10,0,0,12,0,0,0,0,6,0,10,4,0,0,8,3,0
0,1,0,0,0,0,13,14,4,7,0,6,2,0,0,3,0,0,0,3,0,3,0,0,7,2,2,2,7,2,8,8
0,0,40,5,4,7,8,0,14,0,0,0,26,0,0,29,13,16,0,28,0,10,0,0,10,9,0,9,0,6,0,0
0,0,0,3,0,0,53,12,26,0,21,0,0,0,0,0,0,0,18,0,17,21,0,0,16,38,1,1,13,0,0,0
1,4,26,30,62,29,0,6,32,13,5,27,0,0,0,0,10,32,27,0,0,33,0,8,0,17,0,0,17,3,10,85
0,0,0,7,0,4,21,27,10,0,8,0,24,10,1,0,0,10,0,0,0,36,0,0,4,17,0,0,0,26,1,36
14,0,14,0,38,18,51,34,0,14,0,21,30,0,18,25,33,1,0,0,0,0,6,0,4,0,0,4,0,0,0,56
17,0,0,0,27,40,0,0,14,0,1,0,0,0,0,1,0,0,10,0,4,19,3,15,18,0,0,12,0,0,0,8
19,1,0,0,14,0,21,0,0,46,12,13,0,0,0,9,16,20,12,0,15,0,0,7,0,34,10,0,4,38,0,29
7,18,0,0,13,10,52,0,4,14,0,0,11,9,0,0,4,13,6,0,0,0,3,7,0,12,1,2,7,12,5,0
0,33,0,22,30,18,10,0,10,0,17,0,20,0,0,0,0,30,24,0,0,8,0,4,27,0,0,17,15,9,0,5
0,0,0,55,0,33,0,0,14,31,25,0,0,17,0,0,1,6,0,0,0,0,0,0,0,16,0,28,1,0,6,29
0,23,0,11,0,20,0,34,39,8,1,0,0,2,1,0,0,1,7,0,0,21,0,0,0,0,0,10,6,0,0,0
0,32,0,0,0,0,77,0,22,13,0,0,0,23,0,1,0,0,0,0,22,14,0,0,0,27,0,0,0,14,27,0
0,36,0,26,0,0,0,71,0,16,0,64,3,0,6,9,0,0,0,0,4,0,5,7,7,0,0,0,0,13,0,2
5,61,0,30,6,41,0,45,17,11,0,21,8,0,0,9,7,0,0,0,0,31,19,0,0,0,11,0,0,1,0,0
83,0,0,0,0,0,21,0,0,0,53,51,0,0,8,19,14,3,0,0,16,30,69,0,8,0,0,0,0,47,8,5
63,4,15,0,0,12,0,0,0,20,4,0,0,0,0,10,4,13,0,0,0,0,3,21,2,0,1,20,10,21,21,23
81,0,0,31,0,33,10,12,0,9,20,54,0,0,1,16,5,2,64,17,0,0,47,5,0,0,0,0,18,0,0,0
0,0,0,72,0,33,0,37,20,0,6,0,15,0,26,0,45,0,37,26,0,13,16,0,30,13,14,0,39,0,17,0
41,0,0,26,0,0,0,6,0,2,61,57,19,0,0,53,27,6,0,65,14,63,6,28,19,21,36,8,0,0,0,48
0,51,0,0,0,0,7,0,0,13,0,0,47,0,0,0,5,28,39,20,29,0,13,4,0,10,0,0,0,3,22,0
0,2,77,0,18,38,22,0,0,7,0,56,10,58,0,10,32,0,30,22,60,89,45,0,16,0,0,0,37,5,12,19
0,20,6,5,17,15,23,27,13,4,0,24,7,0,31,62,0,24,39,0,0,16,0,9,53,12,0,2,0,18,41,20
33,0,0,0,110,2,27,0,0,44,14,9,6,112,0,0,40,5,0,7,0,0,0,0,2,28,11,7,22,40,0,0
0,0,69,0,40,13,6,18,4,5,23,0,29,6,14,3,25,16,9,56,49,0,46,0,21,28,142,10,66,1,18,0
0,26,19,0,0,12,0,13,0,42,0,28,0,44,44,213,168,42,0,1,0,31,0,11,7,0,6,0,16,32,0,0
25,0,0,0,11,0,0,29,0,12,5,29,0,13,1,148,68,38,5,2,37,0,3,15,0,7,28,231,1,0,0,0
52,61,49,0,0,57,0,44,0,3,0,10,36,0,91,70,186,1,14,19,0,0,0,5,19,0,72,156,27,0,27,71
0,0,6,40,63,0,11,0,4,0,0,14,0,20,226,156,21,6,0,0,33,16,0,0,24,68,149,0,0,13,0,0
0,10,0,2,0,9,6,19,0,46,1,0,0,0,106,119,0,0,0,0,8,10,3,16,0,173,130,0,0,0,13,0
10,0,81,0,0,24,3,0,0,28,7,0,0,10,0,24,0,9,0,0,20,14,27,1,169,0,39,42,0,8,4,16
39,0,0,0,60,22,21,24,10,0,3,1,0,32,0,21,22,7,0,12,0,43,27,3,68,38,13,14,0,0,5,24
0,42,0,1,26,40,0,5,0,0,0,9,0,0,0,0,0,12,2,0,20,1,23,46,0,0,0,2,0,0,1,13
0,41,0,0,0,14,56,0,43,12,0,1,18,13,0,0,0,0,0,8,14,0,0,0,21,12,0,0,10,0,18,49
2,0,55,0,0,0,24,0,4,6,43,7,6,0,0,2,0,0,0,30,0,0,0,14,0,5,0,0,0,0,0,0
0,0,0,6,0,0,5,30,0,10,0,14,19,0,0,0,2,0,0,12,0,28,0,1,0,13,35,26,0,5,0,0
0,41,0,4,29,0,9,0,0,4,7,11,17,0,1,0,3,0,0,0,2,5,24,0,5,4,47,29,23,28,0,0
0,0,0,8,15,0,0,10,0,0,0,8,0,0,12,17,2,0,0,0,0,32,0,0,0,19,0,18,15,0,0,4
0,2,30,0,0,0,0,1,14,0,22,2,33,0,23,0,10,0,20,17,14,2,62,0,0,0,0,0,0,0,5,5
0,23,0,45,0,0,5,0,9,19,0,0,5,0,34,39,9,0,0,4,7,52,45,7,4,1,0,23,92,153,10,14
13,36,0,0,44,0,12,0,0,0,0,0,9,0,0,0,0,2,0,0,8,24,3,0,13,0,0,17,55,8,6,0
3,0,5,0,7,5,13,0,23,19,0,0,0,0,0,22,9,0,22,0,10,67,12,1,0,0,17,198,20,0,0,22
0,51,0,17,0,0,7,3,61,0,11,10,0,0,19,17,28,3,16,0,0,7,0,7,0,0,14,31,13,10,25,0
2,56,0,1,0,55,35,0,0,34,0,0,0,0,0,18,1,41,0,0,10,0,0,0,0,80,0,6,0,28,42,7
3,51,46,0,0,10,0,42,0,0,0,0,0,0,25,6,0,0,0,0,0,11,0,0,0,97,3,27,0,95,0,0
45,0,3,0,29,20,31,0,0,9,1,0,8,7,0,0,4,61,7,0,17,0,8,16,3,32,1,0,24,2,14,0
0,0,42,28,0,0,7,0,0,32,0,0,0,53,14,0,0,7,0,1,0,0,19,16,6,0,16,19,92,14,21,0
0,35,6,0,5,1,5,32,0,0,48,57,0,0,20,0,1,0,0,0,0,0,0,79,0,28,0,84,1,0,15,1
0,0,3,0,0,77,13,0,10,37,36,2,1,0,8,0,0,18,4,18,5,2,0,15,0,0,109,4,0,19,23,7
159,0,43,31,21,0,0,0,0,0,0,39,0,2,0,5,53,0,39,7,14,63,54,0,0,191,97,0,28,122,193,52
0,86,83,0,38,0,0,0,3,0,0,2,0,5,29,17,38,46,0,0,11,34,0,11,6,0,16,1,29,115,7,86
0,12,23,0,0,40,33,0,5,0,38,0,0,0,5,8,11,29,0,32,0,97,30,27,4,71,0,16,229,0,46,8
0,0,26,0,0,0,0,0,13,14,0,0,31,75,24,52,14,0,12,15,46,0,25,5,25,0,0,0,78,32,0,0
0,34,2,0,37,25,10,0,18,0,0,55,0,1,0,1,0,14,16,0,6,55,13,6,5,0,12,0,11,9,8,6
0,74,0,0,0,6,5,0,0,9,0,0,0,17,32,31,0,64,6,0,0,75,0,1,5,0,21,28,0,0,32,22
50,14,0,0,0,5,19,5,27,2,31,29,20,58,38,0,9,0,5,14,3,0,50,102,16,60,20,11,30,0,0,44
0,40,0,42,0,13,30,0,20,0,0,35,112,7,17,4,108,14,32,22,22,0,0,142,89,37,0,20,17,11,0,5
128,0,25,0,37,33,7,0,0,32,28,10,0,91,1,80,73,57,82,9,20,58,8,37,46,31,0,35,18,0,3,27
0,0,0,20,0,0,0,0,11,41,95,7,38,81,27,102,0,0,43,27,0,16,0,237,6,57,51,0,25,25,3,0
98,18,1,0,23,0,17,0,0,30,4,129,130,93,77,0,63,20,82,39,13,0,0,115,30,88,18,60,6,0,4,0
5,0,17,0,0,35,44,3,0,27,54,21,75,61,78,36,0,0,1,20,0,0,0,19,20,0,53,0,6,0,6,22
90,29,48,4,0,0,0,15,11,10,126,94,60,20,48,6,4,28,9,16,13,239,195,19,30,20,12,0,0,24,10,0
56,0,0,0,0,17,23,0,3,31,16,0,0,0,16,0,14,0,0,21,185,93,22,37,8,0,0,0,0,27,0,0
50,14,36,0,12,0,0,6,7,0,42,0,21,0,31,10,0,0,0,123,68,71,0,6,27,0,17,0,19,0,3,17
3,0,0,0,34,7,0,0,0,0,0,16,0,6,1,1,16,23,9,59,0,0,0,0,0,0,3,0,0,0,19,15
0,12,0,20,80,55,18,0,18,33,10,0,0,31,0,0,0,23,0,0,19,0,0,18,0,0,0,0,0,16,1,0
0,0,0,1,14,0,0,15,0,0,11,8,0,1,0,9,0,5,18,0,12,13,8,0,11,5,0,0,16,22,0,20
21,0,0,0,69,0,46,0,18,0,21,5,12,8,0,0,21,1,18,0,0,20,15,0,3,0,0,13,0,0,0,13
0,0,0,0,68,2,0,0,27,18,0,0,28,0,20,0,1,0,26,20,0,0,4,35,42,15,0,7,8,41,0,35
0,52,22,58,0,16,0,19,14,27,0,12,0,0,0,3,0,0,32,19,0,0,20,0,28,28,42,0,7,0,0,48
12,22,0,0,0,0,47,0,0,0,0,12,0,31,0,21,20,12,12,5,6,0,0,0,0,0,0,0,1,0,34,64
35,0,0,0,0,0,32,9,38,4,63,34,0,0,5,0,7,80,28,1,0,17,33,77,5,9,0,1,11,36,0,21
0,0,63,82,0,66,45,4,0,19,13,0,33,6,0,0,102,0,0,16,21,0,218,245,2,0,16,0,0,11,0,9
0,0,16,27,0,0,0,24,0,0,86,0,0,0,12,64,65,6,12,7,0,31,44,1,0,0,25,0,49,41,22,0
46,16,46,0,21,25,45,0,5,0,0,0,0,6,22,38,0,0,0,0,0,153,4,0,24,10,101,18,15,8,24,33
0,6,0,29,39,34,53,0,4,0,0,11,47,21,239,35,0,0,0,5,121,0,24,1,0,12,8,52,0,0,0,4
7,11,0,31,0,22,6,30,0,10,0,0,0,0,101,48,0,0,8,42,6,0,7,17,146,216,71,33,45,0,30,0
0,64,0,0,0,34,0,17,0,0,16,31,19,0,5,11,0,0,102,211,0,0,39,28,88,37,47,0,34,0,0,44
0,73,9,0,0,16,0,0,16,21,36,0,63,151,25,4,9,20,87,0,0,0,21,203,0,0,31,0,0,0,0,9
0,36,0,0,0,26,25,17,0,0,0,0,48,51,22,0,49,41,174,6,0,0,84,14,3,13,59,30,0,12,9,0
0,0,0,45,0,0,0,17,70,22,0,0,9,0,0,0,0,5,0,0,7,189,9,0,18,11,5,0,43,13,2,5
33,0,7,0,0,18,0,15,54,11,0,42,19,4,0,37,0,8,10,14,193,207,5,13,113,91,164,28,22,20,0,16
48,0,0,46,30,0,10,45,22,0,35,4,8,0,43,6,0,25,0,104,133,60,27,0,188,0,15,0,29,48,1,0
55,9,55,85,0,5,21,11,0,0,80,0,17,0,8,58,0,8,17,73,116,0,0,117,7,17,0,14,43,0,0,13
0,14,0,0,44,42,0,0,26,38,0,0,0,33,41,50,47,0,0,0,0,0,43,0,24,9,0,14,25,39,0,0
73,111,0,11,18,3,9,47,16,14,14,71,0,18,31,0,0,0,0,25,2,39,0,30,0,0,17,34,25,0,27,16
0,91,0,35,0,0,12,0,66,33,39,0,0,40,0,42,0,0,0,19,0,122,22,16,0,0,4,0,0,28,0,0
0,26,0,66,90,0,0,0,49,0,16,27,0,9,27,0,69,0,119,48,0,0,0,5,8,117,36,68,0,12,59,0
0,0,0,0,0,0,0,2,0,0,0,12,95,41,0,11,147,34,28,163,47,0,0,55,50,61,40,0,0,22,0,0
0,38,0,0,0,9,35,13,0,57,0,60,40,78,0,85,112,17,148,29,65,146,49,54,0,0,0,26,13,0,55,0
6,0,84,0,28,31,20,0,66,37,19,9,84,2,23,0,12,9,149,0,70,56,63,112,28,31,48,0,0,11,0,13
0,47,26,0,44,41,236,176,61,182,77,167,11,0,0,2,8,0,83,21,17,21,89,25,60,66,36,0,0,12,8,0
59,0,59,0,56,138,46,127,121,35,9,33,0,0,0,0,21,21,14,65,42,7,43,55,23,4,0,41,0,0,13,0
0,0,0,44,31,64,27,0,0,21,25,0,30,0,2,16,0,29,5,36,21,89,47,4,15,0,0,32,0,0,0,0
42,26,12,23,0,3,47,6,0,0,0,0,0,0,6,36,0,50,0,16,83,25,0,26,0,0,0,5,1,0,20,23
6,33,0,11,45,0,12,0,9,27,0,0,0,7,4,11,21,67,28,77,0,83,1,1,0,0,38,0,38,28,0,0
0,15,60,42,0,19,6,0,0,6,3,9,0,23,3,65,6,72,36,37,13,0,0,49,14,0,0,0,0,0,7,0
