0,19,0,0,19,60,0,0,21,213,0,26,0,44,0,0,0,0,0,0,0,18,4,0,0,0,2,17,0,0,0,4
0,18,19,13,0,40,19,36,9,87,0,34,14,11,5,19,19,7,0,3,0,0,0,14,0,14,40,0,9,19,0,35
14,3,18,0,7,5,0,0,1,34,31,0,0,0,29,0,8,6,0,0,20,0,0,31,0,0,27,0,48,4,2,0
53,0,4,54,165,0,0,25,11,94,7,12,0,13,0,18,2,0,16,12,22,0,21,0,0,36,0,27,0,0,22,10
0,0,1,10,116,11,4,0,15,0,0,0,0,14,0,3,23,2,0,0,0,0,0,0,0,12,18,11,0,1,0,42
0,37,0,6,243,103,7,0,10,52,38,0,0,14,0,8,32,37,26,28,0,0,17,0,0,0,6,4,12,0,7,43
0,11,0,25,198,109,19,0,9,14,107,0,0,8,0,22,0,1,0,20,13,0,5,8,0,12,19,0,2,18,40,29
0,0,0,21,81,182,2,0,13,0,0,0,0,0,249,45,0,0,5,0,0,0,0,0,0,8,0,0,0,0,0,52
60,10,60,2,0,1,0,20,0,0,0,0,15,0,90,6,18,9,0,0,0,0,0,4,0,13,31,0,0,0,0,22
0,11,18,3,0,1,7,0,0,0,26,3,0,34,0,47,36,12,20,0,0,0,0,4,0,6,22,11,16,57,0,52
21,0,34,17,43,0,20,0,16,13,22,0,5,0,0,8,2,0,0,0,15,21,26,0,26,0,0,0,0,40,0,13
0,0,19,6,32,0,0,63,0,0,31,31,20,0,0,24,21,0,0,17,0,28,0,0,20,10,21,22,16,0,0,31
30,172,0,3,0,17,0,4,0,5,0,33,57,0,25,0,48,0,46,9,14,0,8,0,0,12,0,8,15,10,13,0
36,70,1,0,26,16,0,7,63,18,0,2,4,4,0,20,0,0,14,47,25,0,0,9,0,3,2,16,6,32,0,0
0,167,217,0,0,20,0,21,0,0,0,0,8,0,22,47,81,5,17,9,0,0,0,0,0,9,0,28,29,17,12,0
32,53,104,0,0,0,2,17,0,6,0,8,0,20,0,0,0,5,2,0,1,0,16,55,0,4,0,0,62,0,58,59
0,0,8,0,0,30,0,4,0,0,0,0,0,0,0,0,13,15,27,0,0,6,45,1,0,0,0,0,0,0,0,0
0,0,12,1,59,30,0,26,0,16,0,21,0,23,19,0,0,24,5,0,0,0,45,17,0,36,0,11,41,0,0,0
0,0,23,0,34,14,0,5,16,0,0,43,40,7,0,8,30,0,9,41,0,4,0,25,5,35,6,0,0,0,35,31
1,0,14,81,0,27,23,150,13,35,0,23,0,0,0,22,0,24,0,0,0,14,0,0,3,2,34,14,50,0,0,17
0,0,0,43,64,227,22,7,1,8,18,0,0,2,0,15,12,8,3,0,58,0,48,0,6,21,10,6,3,17,0,0
23,25,3,0,74,226,236,53,0,0,0,0,0,0,0,9,9,6,0,6,4,18,1,15,0,21,42,6,0,0,9,24
0,0,0,0,31,109,184,0,9,0,0,42,0,19,20,11,0,8,12,19,0,8,13,24,0,0,0,0,2,41,0,0
0,17,0,17,0,20,30,25,0,0,82,0,2,30,0,8,0,0,1,0,16,6,0,16,20,37,32,0,0,0,26,0
3,0,28,14,0,0,16,3,11,0,32,0,11,1,23,0,0,22,14,0,12,5,24,14,32,8,17,0,0,2,2,31
0,44,18,0,18,0,0,0,0,11,7,24,0,0,11,26,0,3,46,23,44,8,26,2,54,25,1,17,0,2,0,0
23,0,0,0,35,0,0,10,4,2,31,0,0,0,0,0,0,37,0,0,0,18,0,20,1,0,0,26,2,36,0,41
0,0,18,0,6,3,8,10,12,3,32,27,30,0,9,27,4,5,16,0,0,15,0,0,5,0,16,0,29,22,4,0
0,0,0,19,0,0,10,0,18,10,0,0,29,11,11,0,21,11,3,0,0,9,18,0,0,0,0,27,12,0,0,0
0,33,16,0,0,0,0,0,0,0,0,0,0,0,20,16,10,0,0,9,0,5,0,9,5,11,3,9,0,1,0,16
14,0,0,0,0,0,24,0,0,0,0,41,23,0,10,0,0,0,9,0,0,0,31,14,6,18,0,0,4,0,0,0
18,0,0,38,0,0,33,6,2,0,6,37,0,16,3,0,4,7,14,0,21,0,16,30,0,0,0,29,0,0,0,8
134,35,0,1,0,18,0,31,0,0,24,31,65,207,6,0,43,4,17,0,27,19,0,0,0,40,0,1,12,0,18,45
0,3,0,0,41,28,10,12,0,0,27,0,182,161,34,0,0,5,0,7,0,29,0,0,0,0,3,12,0,24,0,25
0,0,0,6,21,0,19,0,18,0,0,35,107,213,167,16,49,18,4,0,0,44,0,7,0,0,24,80,6,0,0,6
0,0,0,18,0,25,0,0,13,12,42,0,48,43,88,1,0,4,0,0,0,10,0,0,16,0,50,11,0,15,0,0
109,0,0,4,9,67,73,0,0,0,0,0,1,20,130,105,0,3,16,0,0,0,0,0,10,11,32,0,0,4,0,17
23,38,9,17,42,34,21,0,29,0,0,11,3,160,85,16,10,0,7,0,0,0,0,0,0,0,13,0,0,0,0,0
46,27,22,17,15,44,93,44,0,94,0,0,0,39,158,215,14,0,20,4,0,0,46,0,0,23,0,32,0,37,0,0
73,16,24,0,0,12,65,80,86,115,38,9,0,17,223,96,2,0,0,15,14,36,40,0,0,0,0,37,0,0,5,0
0,12,0,13,8,27,41,81,36,97,176,66,0,11,169,249,6,16,8,55,36,31,30,31,0,0,14,0,6,0,3,13
0,0,0,0,6,28,0,0,60,34,243,208,0,0,1,149,75,0,120,45,253,0,7,0,8,0,0,19,34,0,0,3
0,9,0,16,0,14,9,43,17,17,61,13,0,15,0,88,45,2,132,154,175,0,16,0,0,0,0,55,12,0,45,0
14,27,44,0,3,0,10,0,18,60,119,230,55,0,0,34,0,0,33,232,191,0,44,0,36,36,13,0,0,0,0,77
0,0,34,0,30,18,10,0,0,1,12,2,0,0,0,0,16,0,56,21,122,0,13,0,29,0,17,16,0,0,0,0
59,0,23,0,0,6,18,15,0,0,0,5,0,0,0,0,0,0,0,6,0,11,0,13,4,0,0,0,0,20,24,10
32,0,27,55,19,58,113,64,0,2,0,7,13,21,23,4,33,2,28,0,0,4,7,18,0,8,16,0,0,0,0,12
0,28,0,0,23,33,170,80,0,0,0,53,23,16,2,0,13,6,21,0,8,0,0,21,13,0,27,0,24,0,37,0
0,0,0,9,0,99,76,51,0,0,0,108,120,194,19,0,9,6,71,2,11,13,6,22,0,0,0,0,0,0,0,16
0,3,0,6,30,0,4,31,23,0,0,0,218,241,193,0,18,28,11,3,8,0,18,0,32,0,0,0,0,2,0,0
88,0,0,31,0,0,29,133,25,7,0,0,0,133,196,11,28,0,10,26,0,0,0,0,4,0,18,0,20,0,27,0
0,0,16,2,0,35,2,22,31,0,0,37,8,0,32,0,0,8,0,0,6,0,7,0,32,18,26,6,0,0,0,41
50,0,0,14,0,76,0,12,23,11,0,33,0,0,0,25,0,2,0,0,43,8,0,0,2,3,10,4,0,4,0,0
0,7,0,20,68,0,32,41,64,0,21,0,11,0,0,0,23,6,0,51,6,0,30,0,0,2,30,0,0,48,0,0
55,35,14,0,0,0,73,49,113,38,101,72,6,38,38,0,0,2,4,26,22,0,0,5,0,2,0,0,0,0,0,23
6,0,0,24,8,0,0,0,56,129,227,76,160,83,0,0,0,0,30,24,7,14,34,0,0,6,17,0,0,0,0,0
0,8,18,0,15,38,0,0,0,38,35,154,74,0,10,0,0,0,0,10,0,7,0,0,0,0,0,0,0,0,0,13
0,0,19,10,0,0,21,0,26,2,41,103,25,0,1,0,2,0,0,0,25,0,36,12,0,0,16,34,14,0,0,0
0,17,0,17,7,0,0,6,2,4,0,0,2,0,11,0,0,4,0,0,0,9,0,0,0,0,51,0,14,0,0,27
0,35,36,0,0,0,5,17,24,0,78,0,0,0,0,0,0,0,0,30,0,0,13,0,21,27,24,0,25,0,0,0
0,0,0,5,0,20,1,10,0,11,0,0,0,10,0,0,12,0,23,3,0,0,0,0,0,24,0,0,4,11,16,0
0,0,0,21,0,35,0,0,0,2,0,5,23,17,29,0,3,0,7,21,13,1,21,0,35,0,0,21,42,0,0,0
0,32,0,0,50,0,0,7,0,13,6,13,12,0,2,3,0,41,13,0,0,17,0,20,0,15,18,8,0,0,5,0
10,0,0,0,0,0,0,0,0,0,0,0,4,3,27,0,0,3,20,0,0,0,0,9,0,0,0,6,19,16,4,0
153,18,0,0,7,23,37,0,0,0,11,0,0,0,0,0,35,11,0,13,11,3,0,0,0,14,0,0,16,22,0,31
27,0,40,0,0,17,0,5,0,36,0,0,67,18,3,0,0,0,0,0,0,8,0,7,0,0,21,0,0,56,0,6
79,0,14,0,0,0,37,7,0,15,0,0,0,4,0,67,16,1,6,1,5,6,6,5,0,0,0,0,2,19,6,38
0,13,39,0,2,54,0,33,8,12,14,0,0,5,8,53,26,12,35,20,2,0,16,5,0,25,0,0,24,0,0,0
0,0,33,0,0,0,33,0,0,16,48,0,39,28,0,174,11,32,16,42,40,14,5,0,0,0,0,0,29,14,0,47
32,38,27,0,31,30,68,41,5,16,0,28,0,0,0,0,39,81,85,94,118,41,3,0,0,9,13,5,47,9,2,19
168,28,11,0,19,4,48,0,0,20,35,11,16,0,10,0,2,78,0,95,185,31,0,2,16,0,3,33,0,4,21,0
62,6,27,15,49,8,46,25,50,11,3,28,0,22,12,0,2,16,112,165,111,32,13,0,6,17,0,0,0,0,21,29
0,38,0,3,7,0,5,21,38,43,0,61,51,35,0,0,0,24,3,125,75,226,0,0,0,5,6,60,26,43,61,7
0,23,7,0,32,37,16,30,54,2,0,52,0,12,30,34,16,0,16,22,70,242,50,0,40,5,0,0,0,46,36,2
16,13,0,0,0,4,3,0,0,23,92,28,24,155,99,57,255,0,0,5,186,43,0,8,11,2,0,8,7,3,32,0
119,42,0,0,0,0,10,0,24,74,89,4,107,65,161,82,16,243,8,8,27,54,133,14,0,0,21,0,0,0,0,16
0,0,0,5,3,8,0,17,6,14,25,49,11,67,64,85,197,73,0,19,0,153,28,5,0,11,0,0,1,10,0,0
173,0,28,48,18,6,1,15,0,32,16,0,7,59,32,79,116,187,17,50,20,244,169,10,0,4,0,0,8,0,0,0
0,1,48,21,80,0,0,87,33,0,25,0,0,0,0,25,153,223,0,0,17,9,55,10,53,0,0,42,4,0,17,23
0,0,0,19,0,0,0,0,29,7,38,0,0,3,8,0,20,136,32,0,3,0,0,0,16,120,194,0,0,5,0,0
185,13,0,0,34,9,44,0,0,0,4,42,0,5,2,8,4,22,8,13,13,28,29,8,0,9,106,3,0,29,31,16
0,0,0,3,0,0,10,52,43,7,16,26,49,0,0,34,0,0,0,0,10,0,0,0,23,0,57,49,11,0,0,0
72,0,0,16,0,68,13,0,35,30,203,11,197,9,0,0,46,46,0,0,0,36,0,18,16,11,36,7,0,0,0,0
182,20,32,16,1,1,21,20,5,0,12,95,189,12,0,0,25,163,136,249,0,8,11,16,0,8,15,0,0,0,37,38
0,3,0,38,0,0,12,0,0,13,1,98,102,192,7,0,31,125,192,138,0,0,35,23,0,15,3,13,29,3,0,11
0,0,0,0,8,28,58,0,26,24,14,0,89,112,7,0,10,66,63,194,16,0,17,13,0,7,5,34,0,85,0,62
149,0,38,0,0,19,5,0,28,26,0,0,3,13,0,0,0,0,26,128,28,0,22,0,24,45,37,0,0,3,0,0
0,0,6,0,0,25,0,0,0,33,38,32,16,0,0,0,0,0,24,0,5,60,24,0,0,1,22,0,0,0,41,0
0,9,0,1,0,0,9,3,0,20,48,1,49,0,0,19,0,14,0,0,12,30,0,5,16,0,4,40,5,0,6,17
71,0,46,0,8,0,0,0,3,4,0,0,0,50,0,25,0,18,0,2,1,0,9,25,33,13,0,12,43,40,0,0
0,0,0,38,66,0,20,10,0,0,16,0,0,42,0,16,0,0,0,33,17,6,0,0,9,0,0,0,0,2,0,14
45,0,0,4,5,0,23,4,0,0,14,12,0,5,0,0,0,11,18,23,0,0,3,0,0,9,23,0,0,0,0,0
0,2,0,2,11,0,0,0,0,0,6,24,1,0,26,0,0,0,4,27,0,4,11,0,0,0,10,22,27,0,6,0
0,16,2,0,0,14,0,0,0,0,16,0,0,24,29,0,39,0,0,5,15,0,14,11,0,0,0,0,0,0,0,0
0,0,7,0,26,13,0,13,19,0,6,0,14,0,4,27,1,2,0,16,9,18,0,0,8,0,50,16,0,9,0,29
4,18,0,1,0,0,0,13,6,13,22,3,4,19,0,6,0,30,6,0,17,16,0,5,10,19,27,0,19,9,0,0
87,8,12,15,9,19,0,0,0,0,6,30,0,22,0,0,13,3,6,6,0,20,16,0,18,0,18,0,40,0,2,25
0,0,0,23,12,2,7,0,0,0,0,0,98,24,13,0,0,27,0,0,7,0,6,0,0,7,0,30,35,0,18,0
0,0,0,4,14,17,0,0,0,1,9,0,0,4,12,16,4,2,17,0,0,0,0,0,7,28,0,0,0,10,0,55
9,17,0,0,0,27,0,0,25,0,17,41,13,0,7,16,0,0,0,18,5,3,16,0,24,15,0,0,2,0,0,14
0,0,16,12,0,1,3,18,0,0,48,0,0,0,11,86,4,0,0,8,0,0,0,0,24,0,26,72,48,1,1,14
0,0,11,0,0,8,0,33,0,0,35,79,0,0,2,0,0,71,16,23,3,0,34,5,27,0,0,0,7,23,0,22
33,0,16,3,0,0,10,0,0,2,11,6,0,16,25,16,0,6,7,0,27,0,0,38,32,16,6,0,16,38,17,1
0,26,0,0,33,5,40,32,45,45,0,19,0,19,0,0,0,0,57,13,0,25,43,0,19,61,0,4,0,15,24,0
67,0,0,18,10,15,14,0,11,5,24,0,66,0,24,18,0,4,0,9,0,12,34,58,23,144,146,5,0,0,0,32
0,59,0,12,21,0,0,21,52,2,22,0,7,43,15,0,0,0,21,0,31,0,3,0,77,106,55,0,26,33,0,86
0,5,0,38,0,0,19,0,52,24,2,0,18,133,2,38,1,0,17,22,26,0,0,10,7,138,217,0,0,0,0,41
0,13,35,22,12,0,0,8,0,4,0,23,71,30,38,7,79,0,14,13,52,21,0,19,40,135,191,0,10,23,83,1
0,3,12,35,22,36,17,0,35,0,12,28,34,71,20,57,23,43,94,115,211,154,1,0,0,78,143,40,7,0,2,0
0,9,0,25,23,0,31,40,0,10,26,5,0,0,14,127,7,21,168,103,253,182,48,0,0,54,211,157,6,0,0,9
115,0,0,0,0,7,0,16,26,5,10,13,16,0,0,16,207,105,46,85,181,182,7,0,21,0,141,25,10,49,0,49
127,0,0,0,23,17,7,0,16,0,0,5,32,21,42,0,31,64,100,200,7,36,192,40,0,0,212,6,22,54,0,0
0,0,0,0,0,8,39,1,0,9,0,8,0,0,0,0,2,1,74,94,10,125,85,236,10,0,1,91,5,0,1,0
125,2,16,0,0,0,0,50,0,0,5,0,8,2,18,11,0,0,17,18,0,42,165,160,0,17,11,0,0,6,0,28
155,0,0,7,0,10,29,41,0,30,50,73,16,3,14,27,16,0,0,58,11,0,45,43,0,10,0,0,0,39,0,16
72,20,30,0,6,0,44,37,0,0,0,0,41,0,8,64,83,67,24,0,56,0,0,34,0,3,0,0,10,53,0,0
161,0,7,10,1,0,16,8,30,1,0,32,0,57,0,148,92,233,202,13,54,2,15,4,0,35,38,0,18,0,14,31
0,20,0,0,13,0,10,49,0,0,0,57,0,1,42,146,16,98,41,0,0,89,0,0,0,13,0,6,0,0,9,42
0,0,41,0,0,0,0,4,18,28,37,92,0,82,49,20,56,91,197,12,0,16,37,92,13,11,0,10,1,0,0,82
0,30,15,0,0,0,9,28,20,42,36,43,103,2,5,21,0,0,195,137,4,0,42,113,76,29,3,0,0,6,7,71
0,0,3,5,0,0,0,0,27,2,35,0,33,34,10,26,27,8,3,20,0,2,0,54,0,0,0,29,0,53,1,0
19,13,9,19,0,19,0,0,0,0,0,1,11,3,2,0,0,0,0,0,14,0,0,7,0,0,11,10,0,0,0,2
79,0,0,0,0,22,7,23,16,16,4,0,14,7,2,0,23,0,0,0,28,33,2,0,15,25,16,39,0,25,0,1
67,27,1,0,0,16,0,12,0,0,20,0,0,32,0,0,0,0,16,17,0,0,0,0,0,9,0,17,0,2,18,0
45,0,23,27,41,0,15,4,56,0,6,18,17,11,2,16,5,9,0,0,1,0,4,1,0,0,0,19,0,31,0,0
0,0,11,15,10,13,0,0,0,0,0,21,0,9,0,6,0,13,30,0,8,5,10,17,0,0,0,0,4,0,16,0
31,0,18,0,9,0,18,5,2,0,0,0,0,6,0,0,2,5,0,4,0,6,24,32,0,0,0,3,16,3,0,4
0,4,0,2,0,0,0,29,0,0,0,0,0,0,0,0,0,4,0,21,0,0,35,0,0,0,19,0,23,7,0,19
0,0,26,0,10,0,39,13,0,0,0,2,0,4,29,45,0,0,13,0,0,30,26,12,0,0,3,11,1,7,0,0
14,18,4,0,0,4,0,0,0,0,0,3,0,7,3,13,0,0,6,0,16,0,0,0,9,20,0,8,7,5,12,5
0,16,8,1,0,11,18,0,0,0,28,0,3,0,0,0,0,0,0,1,18,0,0,5,18,4,14,5,0,0,8,2
23,3,0,0,0,0,1,13,0,0,0,19,0,0,3,0,0,0,0,0,16,0,11,1,0,0,0,13,9,4,0,23
21,6,0,0,0,29,17,0,0,26,0,0,1,14,4,0,12,1,0,5,0,0,0,0,0,0,9,9,34,0,9,1
0,8,0,10,0,0,0,26,0,0,12,60,0,0,0,13,0,0,0,0,0,16,0,0,0,0,0,2,8,0,5,4
39,9,0,13,0,4,3,19,0,6,3,0,0,20,0,3,12,2,4,11,2,1,23,18,8,0,0,0,0,9,2,0
51,0,7,0,0,10,22,0,9,9,0,0,0,13,0,3,0,12,4,12,6,0,0,9,0,0,0,0,5,8,19,17
207,0,8,21,8,0,39,0,37,31,0,37,36,0,0,85,0,0,5,21,5,6,10,0,0,2,0,0,0,13,0,0
39,9,0,0,0,0,0,0,20,23,0,0,1,0,17,0,12,8,13,0,0,0,0,0,0,0,0,0,6,0,2,26
0,0,0,11,14,0,25,0,0,23,27,8,12,24,42,53,35,24,35,26,0,15,0,0,2,0,29,0,40,0,0,0
0,65,29,21,0,22,0,23,3,4,0,0,7,34,35,41,0,0,7,13,17,8,2,10,21,12,0,12,27,5,7,36
0,8,15,12,0,0,7,56,8,0,31,5,39,0,26,25,6,0,75,94,0,12,18,0,27,3,0,3,33,0,0,54
0,0,0,1,0,23,0,0,0,0,26,9,0,0,0,70,0,0,0,0,19,32,32,0,22,34,0,11,0,0,0,7
0,0,0,0,7,0,6,40,14,0,0,1,0,25,6,0,56,23,0,30,0,21,5,7,12,0,23,9,67,16,0,5
123,13,18,0,6,0,0,2,6,15,15,11,8,1,0,0,0,13,117,30,91,58,25,4,154,68,216,44,14,34,0,0
0,4,0,0,0,11,18,0,0,3,0,28,0,0,6,3,5,0,40,34,65,44,28,0,2,0,38,57,37,60,0,34
120,0,5,0,35,0,2,35,4,0,21,17,0,2,22,4,6,0,0,0,18,9,79,0,80,80,56,9,35,0,0,6
105,14,3,0,18,23,0,29,18,40,27,82,0,35,6,0,0,0,0,23,7,2,19,15,6,9,7,1,0,5,10,0
0,0,6,0,0,51,4,0,0,0,13,0,5,38,7,0,0,0,1,8,43,3,0,6,0,0,0,22,17,0,5,0
145,2,0,0,0,26,0,0,9,6,6,74,0,34,2,44,8,0,29,7,57,0,2,0,0,7,0,0,4,0,0,15
95,4,1,0,7,0,35,26,5,0,20,29,1,0,0,57,0,9,42,91,1,67,58,46,147,0,2,10,0,2,0,9
105,2,0,2,0,0,0,0,8,3,53,3,0,57,32,0,37,11,9,39,45,24,0,0,128,0,0,0,0,4,0,0
0,0,35,7,7,0,0,1,1,1,15,7,18,2,2,0,8,4,51,22,15,0,2,2,1,0,0,0,0,0,0,8
0,2,9,0,18,2,0,5,7,9,1,22,16,36,0,0,7,5,0,0,0,0,0,0,1,5,30,1,0,0,0,13
25,0,8,0,0,0,0,5,0,2,9,0,5,0,0,1,0,0,0,0,0,12,0,0,11,6,0,3,3,0,4,4
18,0,0,0,0,0,0,0,0,0,0,1,9,6,0,7,19,0,0,0,9,0,3,0,0,0,12,0,0,0,0,6
19,4,0,1,6,9,0,0,0,0,2,0,0,0,0,21,0,0,0,7,0,0,0,2,0,0,2,0,2,0,0,3
0,2,10,0,0,0,2,0,0,4,3,0,10,3,0,0,2,2,1,0,0,1,0,0,2,0,9,0,0,0,0,16
0,0,13,0,3,0,2,5,0,0,0,0,2,0,0,10,0,3,7,0,6,0,5,6,3,0,0,0,0,2,0,0
0,5,0,0,0,3,1,3,0,0,0,4,0,0,0,3,0,0,0,3,0,2,0,0,0,0,0,0,0,5,2,9
11,0,0,0,14,0,0,4,3,3,1,0,0,0,2,0,0,0,0,0,0,1,5,0,0,0,0,0,2,2,0,0
0,4,3,0,4,1,0,2,0,0,0,0,0,0,0,3,3,0,4,4,0,2,0,0,0,0,1,0,0,5,0,7
0,0,0,0,0,0,0,0,11,0,0,4,0,0,0,0,0,0,3,0,0,0,9,4,0,0,8,3,2,0,0,0
3,0,0,0,0,6,0,0,0,0,0,2,0,0,0,0,0,0,0,2,0,0,0,3,2,0,2,5,0,0,11,1
0,0,0,2,3,2,2,0,4,1,8,0,5,0,0,3,0,4,0,2,0,4,0,0,0,0,0,7,1,0,6,0
1,0,0,2,0,2,0,0,0,0,0,5,0,3,0,0,0,0,0,0,3,0,5,4,0,0,0,0,3,0,6,9
0,0,10,0,0,5,2,0,0,1,0,50,0,2,3,0,0,0,0,0,1,0,3,0,2,0,0,0,3,0,0,5
8,0,12,7,16,19,0,7,2,16,0,0,0,2,0,0,0,7,3,0,0,0,2,0,0,0,0,1,0,0,1,25
0,6,0,0,7,3,58,1,0,42,0,0,0,0,0,8,0,3,0,13,8,0,5,0,0,4,0,0,5,0,0,0
123,1,0,0,0,8,5,4,0,8,7,0,52,0,6,52,15,0,4,4,6,6,0,1,0,0,0,0,1,0,0,0
0,0,6,0,0,5,0,21,0,2,3,0,0,29,17,0,0,0,0,3,2,0,0,10,13,6,0,7,6,0,3,24
31,0,0,4,0,5,0,0,1,0,0,4,2,35,1,12,0,0,0,1,1,0,0,0,0,9,8,1,0,1,0,0
0,2,0,0,3,0,0,0,0,2,0,12,0,0,29,0,10,0,55,8,8,2,0,0,0,0,21,0,0,15,2,0
57,0,0,1,0,0,0,3,0,0,9,4,35,10,31,12,0,16,69,70,10,0,3,4,0,2,7,3,17,3,0,4
0,0,0,0,0,0,0,0,4,2,5,2,0,1,13,0,0,14,7,0,24,1,22,0,2,0,6,0,0,0,14,14
112,0,0,0,0,0,0,29,0,4,0,0,1,0,2,0,230,17,15,7,31,8,10,8,0,0,38,0,2,17,3,0
0,0,4,0,6,8,4,0,3,14,1,0,0,16,0,7,13,0,13,37,75,43,0,45,3,33,13,21,6,20,2,0
55,7,29,0,9,0,23,3,0,9,6,31,1,0,2,1,4,0,75,1,100,7,23,0,0,0,29,12,0,0,0,0
0,2,0,0,0,0,11,20,0,0,13,3,0,0,0,0,0,1,1,13,0,12,23,0,37,9,0,0,0,0,0,0
28,1,3,12,0,0,0,0,0,33,65,12,0,0,0,10,29,0,10,31,0,7,0,0,5,0,0,2,0,3,7,0
0,9,0,0,13,20,0,10,4,0,1,0,14,43,3,21,1,8,14,1,3,0,3,4,0,0,0,4,0,0,13,7
0,0,9,0,0,5,7,16,42,0,10,70,20,39,52,0,2,0,2,23,14,0,0,0,0,0,0,0,0,2,0,10
0,1,0,0,0,0,0,19,1,0,8,5,26,0,0,57,2,5,48,5,0,21,0,0,0,0,3,0,0,5,6,0
0,0,0,3,0,1,11,0,25,15,77,4,17,43,19,0,0,5,0,4,3,0,0,15,0,0,1,0,6,7,0,16
42,0,0,0,0,3,5,8,13,15,0,5,69,34,0,11,0,0,0,1,0,0,0,0,0,4,5,0,0,0,3,8
0,0,10,0,0,0,4,3,9,0,6,8,0,0,2,0,0,0,0,0,4,3,6,0,6,0,1,2,0,2,0,0
0,0,0,0,9,10,0,2,0,5,0,7,0,0,0,0,0,0,4,0,6,2,1,0,0,0,0,7,0,4,0,0
0,0,2,0,2,1,0,4,5,0,7,0,3,0,0,0,2,0,6,0,1,1,4,2,0,1,0,0,0,4,0,2
0,1,2,0,0,0,0,6,0,0,0,9,0,0,5,11,3,0,0,0,5,0,1,6,4,0,0,8,2,0,0,0
17,0,0,0,0,0,0,11,0,0,0,6,0,0,2,0,2,1,0,4,3,1,0,0,0,0,0,0,5,6,1,0
0,0,0,0,0,0,1,0,0,0,0,0,9,0,0,2,2,0,0,0,0,1,0,5,0,0,3,4,1,3,0,10
2,0,0,1,16,0,0,3,6,0,6,0,0,0,1,0,4,0,0,1,6,3,2,0,3,0,2,0,0,0,0,0
7,7,0,2,6,4,0,3,7,0,0,2,0,5,0,0,0,0,0,0,0,2,0,0,0,2,0,0,0,3,0,20
23,8,9,6,9,0,1,0,0,2,17,0,0,3,0,0,0,0,0,0,1,2,0,0,0,0,0,0,1,3,5,0
0,0,0,0,0,0,0,0,3,5,0,7,1,2,0,2,1,4,0,10,0,3,0,0,0,3,7,2,1,2,0,11
0,4,0,3,0,0,8,0,6,0,0,4,0,0,7,0,0,0,2,8,0,1,10,3,0,9,6,0,0,0,0,11
0,9,2,0,0,0,0,0,4,0,10,4,13,2,7,3,1,5,5,0,0,0,0,0,3,6,0,6,0,0,0,14
19,0,1,1,0,0,0,0,0,0,17,0,0,0,5,0,0,5,1,0,5,3,0,0,0,4,6,0,0,5,0,0
0,0,7,0,3,0,1,1,0,0,0,75,12,0,1,0,1,0,0,2,1,0,0,4,0,0,4,6,7,0,12,0
0,0,0,0,2,16,0,6,0,28,1,8,0,0,7,0,0,6,0,0,0,0,0,0,5,6,0,0,0,0,0,2
15,0,8,8,0,0,27,7,0,16,9,4,0,0,0,4,3,0,0,0,0,0,0,6,0,0,0,2,0,0,0,2
35,0,0,3,4,0,8,19,0,0,0,0,9,0,0,5,7,4,1,0,0,4,0,3,0,0,1,0,0,1,0,3
41,0,0,2,0,7,0,3,10,0,0,4,0,7,13,4,0,4,0,0,0,0,0,0,0,2,0,0,0,0,2,0
0,0,0,0,0,2,0,0,16,7,15,0,8,3,11,32,0,2,0,2,0,0,11,0,2,3,0,4,0,1,0,0
76,44,0,1,3,0,1,0,0,9,2,0,0,10,25,0,8,2,0,3,48,0,0,3,3,0,0,0,0,7,6,2
95,0,1,0,8,0,0,5,0,1,6,22,54,3,23,18,0,0,53,51,2,0,0,8,1,4,4,0,0,0,0,7
102,0,1,0,4,0,0,0,0,4,5,0,2,0,7,12,3,10,0,2,17,0,19,0,0,0,0,0,0,10,2,0
48,3,11,0,11,0,9,31,0,0,0,0,0,0,1,0,114,38,3,17,31,0,23,0,0,0,1,2,0,0,0,0
69,0,11,0,21,5,0,0,1,2,1,0,4,20,8,0,8,3,49,5,0,58,0,0,14,19,23,0,0,7,0,5
0,1,0,4,0,4,2,0,3,14,1,35,8,0,0,1,0,35,33,17,0,12,43,3,13,2,2,22,3,4,3,0
0,6,2,0,0,3,0,28,2,0,0,0,11,14,0,0,1,0,2,3,0,3,17,0,35,0,0,0,0,13,1,0
26,0,2,32,4,6,0,4,0,19,0,38,3,5,3,55,21,0,1,31,6,69,31,0,8,12,8,0,0,0,0,0
24,0,0,11,15,19,33,0,7,29,3,4,45,8,0,2,3,7,6,0,2,0,2,0,1,0,5,3,5,0,0,25
0,1,5,0,0,0,14,2,39,0,0,80,5,25,55,0,0,3,0,6,37,3,0,0,0,0,0,1,0,0,0,12
35,6,0,11,0,8,0,13,8,42,0,0,0,0,0,47,0,3,48,0,0,0,8,10,3,0,7,1,0,1,4,0
0,5,0,3,0,0,0,3,16,16,57,0,1,49,12,3,0,4,5,0,0,3,0,1,0,0,0,0,0,4,0,0
0,4,21,0,5,2,6,0,14,14,6,0,68,5,4,0,6,0,9,3,2,0,0,3,0,5,0,0,0,0,8,17
0,0,0,0,5,0,1,0,0,0,0,1,7,0,5,5,1,0,8,0,5,0,1,4,1,0,0,0,0,0,3,0
0,0,5,3,0,14,3,7,1,0,0,1,1,0,0,0,1,0,0,2,2,0,0,0,0,0,0,0,0,7,0,0
0,4,0,3,0,0,0,8,0,8,0,0,0,0,0,13,0,1,0,4,0,0,2,0,0,0,3,8,1,0,3,8
10,11,0,0,0,0,3,0,3,0,2,0,1,10,0,0,0,0,0,10,0,0,0,0,0,6,0,5,1,0,0,5
0,0,0,0,0,0,0,5,1,0,4,5,2,6,0,10,0,0,0,0,0,1,1,0,0,5,6,0,0,3,2,0
0,0,0,0,0,0,5,0,2,0,0,3,7,5,4,0,2,0,0,3,0,0,5,0,0,0,5,2,0,0,1,3
7,0,0,0,4,0,0,0,0,0,0,0,1,7,4,0,1,0,1,0,0,0,3,0,3,0,6,0,1,0,0,7
0,2,3,0,0,0,0,5,0,0,0,0,0,1,6,0,2,11,4,0,1,4,0,3,2,0,4,2,0,0,0,4
0,5,0,0,8,0,7,0,0,0,0,0,0,0,1,11,0,0,0,2,0,0,0,0,0,0,0,1,2,19,0,11
2,0,2,0,0,1,7,0,0,0,10,0,0,0,0,0,0,0,3,7,4,2,2,3,2,3,0,1,2,1,0,0
1,0,0,1,5,0,1,0,4,1,0,2,0,0,0,4,0,0,0,1,0,3,4,3,0,0,0,0,0,3,7,0
0,0,0,0,0,0,3,5,0,0,0,1,7,4,0,0,1,3,0,1,0,4,0,3,3,0,0,0,1,5,0,0
0,0,10,5,4,0,0,4,0,2,0,10,0,0,7,0,7,2,0,3,2,0,0,0,0,3,3,0,0,3,0,0
16,0,0,5,0,0,0,0,1,0,19,7,2,0,0,0,0,0,0,0,0,6,0,2,0,0,4,0,0,1,13,4
2,6,0,2,24,12,0,5,0,0,0,1,0,0,0,3,2,0,2,0,1,0,0,0,0,3,0,0,2,0,1,4
0,0,3,4,5,0,16,12,0,4,0,0,0,19,3,10,0,4,7,6,11,4,1,0,6,0,12,2,15,0,2,1
0,0,0,2,0,6,0,1,14,17,13,1,9,2,10,0,9,2,1,3,0,5,0,0,0,4,0,9,6,2,0,0
45,5,0,0,0,2,0,0,2,10,0,8,4,0,15,2,2,6,0,0,1,0,0,2,0,10,1,0,1,0,16,0
0,2,0,1,0,4,0,0,2,10,0,2,0,0,2,34,0,0,0,0,1,0,1,0,0,0,0,0,0,0,5,0
55,43,0,5,3,14,0,0,0,3,3,1,4,0,13,9,29,1,32,0,59,0,0,1,0,1,1,0,10,5,9,10
0,0,0,0,0,0,0,0,0,5,29,0,12,0,20,5,0,0,42,5,8,3,0,6,1,1,2,0,0,8,6,0
57,0,13,0,0,5,0,0,0,7,4,0,0,2,5,12,7,12,0,0,0,5,0,0,0,0,27,2,3,1,13,0
0,6,8,0,0,8,0,9,0,0,5,0,2,6,10,0,138,35,11,16,7,1,25,0,4,9,9,0,9,0,9,3
68,0,0,0,31,0,3,0,0,3,0,0,0,12,3,3,2,4,55,14,75,26,2,0,22,29,14,0,0,0,3,0
0,7,8,0,18,13,0,0,26,1,0,31,8,0,0,0,8,6,57,6,1,0,50,0,7,9,1,22,6,4,0,0
0,0,19,5,0,0,0,17,0,1,0,12,0,0,0,4,21,7,0,0,1,14,48,0,33,0,0,0,0,3,0,1
0,0,0,40,0,0,0,8,0,0,0,21,0,0,0,33,15,0,4,18,9,41,31,0,11,0,0,2,0,5,0,0
42,0,0,16,20,0,32,12,0,0,0,11,0,15,0,6,0,3,0,0,1,0,7,0,0,0,6,0,0,5,4,0
0,1,0,0,7,4,17,2,27,27,16,58,11,33,11,6,1,1,0,0,0,0,5,0,0,0,0,0,0,0,1,0
0,0,0,8,0,0,16,3,0,0,1,7,4,0,1,6,0,0,2,0,0,8,0,0,3,0,0,3,0,3,2,0
3,0,0,4,0,0,0,0,25,9,20,4,7,56,38,0,2,0,5,3,0,1,0,0,0,2,0,0,0,3,0,6
43,0,0,1,1,2,0,3,0,3,2,5,64,0,0,0,0,0,2,7,0,0,0,0,0,3,1,0,4,0,0,16
0,7,6,0,10,1,0,0,0,0,0,0,16,0,4,0,0,0,7,0,0,0,4,2,4,8,0,5,3,0,0,0
7,0,0,9,0,0,13,5,0,0,0,5,0,8,1,4,0,0,1,1,0,3,0,0,2,0,0,1,4,0,0,0
2,0,0,0,0,0,0,2,0,0,2,0,0,0,0,1,0,0,0,0,0,0,11,0,3,6,8,0,0,0,2,16
2,0,4,2,0,3,4,0,0,1,0,0,0,6,7,6,3,6,0,0,3,1,5,0,1,6,0,0,0,0,0,4
10,1,0,0,0,0,0,0,0,7,0,2,3,0,1,6,2,0,1,0,3,0,1,4,0,0,10,6,0,0,0,0
0,0,0,0,0,0,0,0,0,4,0,10,0,0,0,0,0,3,4,1,9,0,0,2,0,0,0,3,2,4,4,0
7,0,0,0,0,4,0,0,0,0,6,7,7,0,6,0,1,8,0,0,0,3,4,0,0,0,0,0,0,0,0,0
1,0,0,0,0,0,0,0,0,0,1,1,0,3,0,0,0,0,0,3,5,0,0,0,1,1,0,7,0,0,0,29
0,0,4,0,0,6,1,0,0,3,0,0,5,0,5,0,2,0,1,0,0,2,0,0,0,0,5,0,4,0,0,2
0,0,0,0,2,0,0,0,10,8,0,0,13,8,0,0,8,0,0,0,0,0,0,4,0,7,0,0,0,2,4,18
2,0,0,0,9,7,0,2,0,1,3,1,0,0,1,0,0,0,0,0,6,1,0,0,1,2,0,3,0,0,3,21
0,3,0,1,0,10,0,0,0,6,2,0,4,0,1,1,0,1,0,0,0,1,2,3,5,0,0,0,3,11,0,0
7,0,0,7,0,0,0,1,0,1,0,0,0,0,4,0,2,0,2,6,4,5,0,0,0,3,0,5,0,0,0,8
0,1,0,4,11,4,4,0,0,3,0,2,0,0,0,1,0,0,0,0,1,6,0,0,0,4,5,5,0,2,0,0
12,2,0,0,18,17,1,0,0,28,0,8,8,2,0,0,6,3,0,0,10,0,0,0,9,0,0,0,4,0,5,0
14,0,1,1,4,6,0,0,1,3,4,1,0,10,0,0,2,4,0,0,0,0,0,5,1,0,0,0,1,0,10,11
44,2,6,0,0,1,0,0,2,9,0,1,0,5,0,0,0,0,0,1,0,0,0,1,0,0,4,0,0,0,12,4
6,0,0,1,8,0,0,0,13,8,10,0,0,0,0,0,0,0,0,0,0,6,0,0,0,0,7,7,0,0,0,2
0,1,7,0,6,0,0,1,7,0,7,0,0,2,8,35,0,4,0,0,0,0,0,0,0,0,4,0,0,3,20,4
60,51,0,0,3,2,0,3,4,12,0,1,11,1,12,9,32,5,4,2,1,0,0,1,3,0,0,0,0,1,0,0
0,0,3,0,0,0,0,7,13,0,0,43,33,0,21,26,6,19,53,0,5,4,4,0,5,2,0,0,0,0,0,3
23,0,2,0,0,0,3,4,1,0,0,0,1,8,4,6,1,44,1,0,1,0,13,0,0,6,2,0,0,0,0,0
0,0,0,0,0,0,0,13,4,0,0,1,3,0,3,3,123,25,0,6,0,4,31,0,2,1,0,0,3,0,1,0
38,0,0,7,7,0,0,0,1,3,0,9,0,0,0,6,15,1,60,3,15,6,3,0,0,0,27,0,0,0,3,0
0,6,12,0,5,5,27,6,19,30,4,34,0,0,5,0,3,55,69,0,0,5,17,4,12,6,0,0,0,0,1,9
0,0,0,23,0,0,1,21,2,3,2,0,0,8,4,3,38,15,0,0,6,0,35,0,53,1,3,0,4,0,4,0
88,0,0,36,0,3,3,5,6,0,0,42,0,2,0,33,35,0,3,13,0,21,0,0,0,6,5,0,0,6,0,27
56,9,0,0,29,18,46,4,0,11,0,7,1,10,3,2,0,0,0,0,1,6,0,0,0,0,0,2,3,0,0,18
32,6,10,0,5,0,7,3,25,31,0,42,0,44,7,0,8,0,1,2,3,0,0,3,0,0,0,0,0,2,0,17
46,1,0,0,4,0,2,0,11,0,2,4,0,1,6,2,0,0,0,2,2,0,0,0,0,1,0,7,0,1,4,0
0,0,0,2,5,1,1,0,21,7,21,1,35,47,39,6,1,0,0,1,0,0,4,3,0,0,0,1,0,5,0,2
0,1,7,8,0,0,0,1,0,13,0,7,0,1,0,0,10,0,0,9,3,0,0,0,0,1,4,0,1,0,0,3
0,4,0,0,2,4,7,2,1,1,0,0,0,7,1,8,5,1,0,0,0,0,8,3,4,0,0,0,0,0,4,0
10,0,0,0,0,0,4,0,0,6,0,0,0,5,3,7,0,5,0,4,0,0,2,0,0,0,9,0,1,0,0,3
14,0,0,0,9,7,2,0,0,4,0,3,0,0,5,0,0,0,13,3,0,0,0,0,0,2,0,0,5,1,4,2
0,0,0,3,3,0,2,4,1,2,0,0,0,1,0,1,0,2,0,3,0,4,3,0,4,0,0,0,4,3,8,11
0,12,0,1,0,0,0,8,0,0,5,10,2,0,6,17,8,2,0,0,0,0,0,1,3,1,3,0,0,5,7,0
0,5,0,5,0,5,0,15,3,0,0,1,0,2,0,1,0,0,0,6,0,0,0,0,1,0,6,3,4,3,0,0
0,0,2,3,0,2,0,0,0,0,4,5,0,0,0,7,0,0,0,0,0,1,0,0,1,0,1,0,2,1,0,0
0,5,0,0,0,1,2,0,0,1,3,0,2,0,4,5,1,4,0,0,0,0,5,0,0,0,0,5,0,0,2,0
0,1,10,3,12,2,5,0,0,0,1,0,4,2,0,1,8,7,0,4,1,3,7,0,0,0,0,0,0,6,0,3
0,0,5,0,6,0,0,6,0,0,1,7,0,3,9,0,0,0,0,7,9,0,0,5,0,0,0,6,0,0,0,12
7,1,0,1,1,1,8,3,0,1,3,3,7,2,0,8,1,0,0,0,1,0,1,0,8,0,2,0,6,13,0,15
0,0,0,1,0,0,0,0,0,0,3,0,0,0,0,8,4,0,0,0,0,0,0,0,0,0,0,0,0,0,0,0
0,0,0,0,2,0,2,0,0,2,6,0,0,0,2,8,0,2,0,1,0,0,8,0,7,0,0,0,1,1,0,10
0,3,3,9,0,0,0,0,0,0,0,0,0,0,2,0,0,0,9,3,0,0,12,0,1,4,2,0,0,0,0,0
0,4,6,2,30,10,18,0,6,32,10,0,0,0,0,0,4,0,1,0,0,0,0,0,0,7,0,0,0,0,17,0
1,0,0,1,0,0,9,2,0,21,0,0,3,2,0,0,0,0,0,0,0,0,0,3,5,6,0,0,0,0,0,0
0,0,0,1,0,6,0,19,18,22,0,0,0,10,4,0,0,1,0,0,0,0,0,0,4,2,0,9,0,0,0,0
4,4,0,0,18,0,0,3,8,3,1,4,0,7,0,0,1,5,3,4,0,1,0,0,0,0,0,6,0,0,6,0
11,0,1,0,12,2,2,9,6,0,4,7,6,0,0,19,0,0,0,6,1,0,0,0,0,7,0,0,0,0,0,0
0,37,6,2,0,0,0,0,0,14,10,9,3,0,8,32,9,0,0,0,0,6,0,0,3,0,0,0,0,7,0,0
82,0,3,0,3,3,0,0,0,2,0,16,0,0,27,2,3,0,80,0,0,0,0,0,0,3,4,0,3,3,0,15
85,3,10,15,3,0,0,3,1,0,0,1,0,5,9,0,4,39,9,0,6,2,20,3,0,0,0,0,0,0,0,0
0,0,12,0,5,0,0,18,5,0,1,0,0,0,13,0,137,5,12,5,11,0,36,1,0,0,2,0,0,4,0,9
0,0,0,2,0,0,5,4,6,0,14,13,10,0,0,14,5,4,15,0,1,11,3,0,10,0,22,0,0,0,0,0
0,0,0,9,0,13,0,0,8,31,0,2,0,13,17,0,3,58,77,9,0,1,40,0,12,0,5,0,0,7,4,0
0,0,16,14,0,0,0,10,7,0,0,0,0,4,2,4,39,14,2,5,7,0,21,0,0,0,0,4,0,5,0,0
0,0,18,32,0,0,0,1,0,1,2,7,0,5,10,30,26,1,0,16,0,0,2,1,5,7,0,16,2,0,0,0
55,0,0,7,8,14,28,6,2,0,0,4,0,27,3,1,3,5,0,4,0,2,0,0,5,0,3,2,2,6,0,0
57,5,0,5,1,0,10,16,34,30,8,40,0,38,0,1,6,7,0,0,1,0,0,4,2,0,0,1,0,0,0,0
30,7,13,5,0,0,0,13,6,29,0,5,4,0,0,0,1,0,0,7,4,0,0,5,5,0,2,0,6,0,0,22
0,3,0,0,5,2,0,0,11,25,0,9,33,48,13,2,0,3,0,0,1,0,0,7,9,0,0,0,0,0,0,0
41,8,16,2,6,0,1,0,0,0,0,0,0,10,6,0,8,1,9,0,3,0,11,7,0,3,1,0,12,3,0,0
0,0,5,0,0,0,0,1,0,0,1,0,2,0,7,0,0,0,0,2,0,0,9,4,0,7,6,4,1,0,9,2
0,0,1,0,0,7,0,2,5,0,0,2,3,0,0,0,0,0,0,0,0,0,0,0,0,4,6,0,0,0,0,0
0,3,0,0,1,0,6,0,0,5,5,7,0,0,0,0,0,2,0,2,11,0,0,0,0,5,10,0,3,0,4,9
0,1,4,0,0,5,0,0,0,0,6,0,8,7,4,0,0,0,0,3,0,0,2,0,7,0,11,9,5,0,17,0
6,0,0,10,5,0,0,3,3,0,0,6,0,0,0,1,8,0,0,4,2,0,0,0,0,8,0,0,0,0,0,3
0,1,0,0,0,0,5,5,2,4,6,0,0,1,0,2,3,5,0,1,0,0,7,0,0,0,2,0,2,0,3,0
10,0,0,0,0,2,11,1,0,0,9,0,0,0,1,4,4,0,0,0,4,1,0,0,0,0,0,0,1,1,0,1
9,9,2,3,0,0,0,2,3,1,0,4,0,0,0,6,0,2,0,0,0,0,0,0,0,5,1,3,0,0,0,0
19,0,14,4,1,0,16,0,3,0,0,0,2,5,4,1,0,0,0,1,5,0,0,0,0,3,2,16,0,4,0,3
3,1,0,0,0,0,0,0,0,0,0,0,3,5,5,0,1,7,7,1,3,0,2,0,0,3,0,0,0,0,4,0
0,0,2,0,0,0,1,4,0,3,9,0,0,2,9,0,0,5,0,0,1,0,0,8,4,0,6,0,2,0,0,6
7,2,9,0,0,0,0,0,0,0,0,4,8,2,0,0,1,0,0,1,6,0,0,4,0,2,0,0,0,0,8,15
0,0,2,8,0,3,9,0,6,0,7,10,7,0,1,0,0,0,0,0,8,7,18,0,4,4,6,1,10,0,5,3
0,6,0,0,0,0,0,2,0,0,0,0,0,0,7,0,0,0,0,3,0,0,2,2,4,3,7,0,7,1,0,0
1,0,0,0,0,0,20,1,7,18,0,3,0,5,0,0,0,0,0,0,0,5,0,0,0,0,0,0,0,0,0,13
8,0,16,0,0,0,22,0,1,22,6,9,0,9,1,0,1,0,0,0,0,0,0,0,2,0,0,0,1,0,8,0
5,0,4,0,0,0,4,0,0,10,0,6,3,5,0,0,0,0,0,0,0,2,0,1,0,1,12,16,5,9,0,11
0,0,7,0,20,9,0,0,6,6,4,0,1,3,7,0,7,0,0,5,0,0,0,0,0,0,11,10,8,5,0,0
70,6,4,0,12,5,0,1,1,0,0,11,8,0,0,12,0,0,4,0,16,0,11,3,0,0,7,0,5,1,5,4
24,39,7,0,1,10,5,0,0,0,2,5,2,0,21,0,21,5,0,0,1,0,6,4,1,3,0,0,2,0,13,5
16,0,5,3,0,0,4,0,1,0,10,25,20,4,27,33,12,0,63,21,1,0,0,0,0,2,0,6,0,0,0,0
0,12,18,0,0,2,2,0,3,0,0,0,0,0,22,26,8,10,0,0,4,0,37,0,7,0,13,9,4,1,0,0
0,0,14,0,2,8,4,0,0,0,6,0,0,0,0,0,139,33,2,0,19,0,4,1,0,0,0,0,0,4,10,0
0,0,0,0,3,9,0,1,0,0,0,1,0,2,18,0,1,0,70,5,0,0,0,0,1,0,25,2,0,0,0,0
0,0,0,3,16,3,21,0,2,13,0,11,0,2,20,0,0,22,91,1,0,38,41,0,29,0,4,0,0,10,0,0
0,0,9,21,0,2,0,0,0,12,0,0,0,7,1,1,30,10,0,3,0,3,0,5,0,1,0,0,8,5,3,1
54,9,1,9,0,4,2,0,0,0,9,49,4,6,5,35,40,0,0,28,0,0,0,0,0,0,0,0,0,7,0,0
0,0,10,0,38,46,22,11,1,5,0,0,0,9,0,0,6,0,0,6,7,2,0,10,0,0,2,0,0,0,0,0
32,0,0,0,6,3,3,12,0,28,0,15,0,27,0,7,3,1,2,0,0,8,0,0,0,0,1,10,5,0,0,0
9,7,6,0,6,15,3,0,0,37,0,0,3,8,4,0,0,0,11,0,7,0,0,8,0,1,2,0,3,0,0,0
26,4,0,0,2,0,0,2,13,2,4,0,41,77,2,0,1,2,0,0,0,4,0,1,0,0,0,0,0,1,0,0
32,3,2,9,1,0,0,5,2,2,0,6,2,4,1,0,0,0,0,0,5,3,0,1,4,0,0,9,13,0,0,10
13,3,10,7,0,0,0,2,0,0,0,0,0,6,9,0,1,0,16,5,0,1,0,11,0,1,1,0,4,5,0,1
0,15,10,0,0,0,1,1,7,3,0,0,0,9,0,0,0,2,0,1,0,3,0,6,0,0,0,0,0,8,1,0
1,10,8,5,0,7,0,5,3,0,17,6,5,3,0,3,5,6,0,1,0,6,2,0,0,0,0,1,0,0,0,0
0,2,1,9,0,0,16,0,12,0,0,13,0,4,5,0,0,3,8,7,7,11,0,0,1,0,0,0,0,0,0,13
2,0,0,8,10,5,0,8,1,0,0,1,4,0,1,0,3,0,0,0,0,0,18,0,0,0,11,0,6,0,0,9
0,0,0,6,0,0,0,1,11,0,0,0,0,8,12,9,0,0,0,0,0,3,4,0,3,0,9,1,0,0,0,1
0,3,0,0,4,0,0,0,9,0,0,0,2,2,3,4,6,4,1,2,2,0,0,2,0,0,13,2,0,0,0,0
0,0,0,0,4,0,1,0,0,0,0,0,5,0,0,0,2,0,0,0,0,0,0,0,1,0,0,0,1,0,0,9
8,0,20,0,12,0,0,0,0,0,21,0,5,0,1,0,7,11,4,0,0,0,6,20,0,0,12,0,4,0,0,20
1,1,5,0,12,0,3,0,2,0,4,0,5,2,0,13,0,0,0,0,4,0,6,13,6,0,12,0,0,0,7,3
0,5,1,0,0,12,19,3,13,6,0,5,0,9,0,0,0,5,0,0,0,0,0,6,5,1,10,0,2,5,0,15
16,0,0,4,0,9,2,1,0,0,3,0,5,0,0,2,7,3,0,8,0,9,0,0,2,5,2,0,13,0,0,0
0,0,0,12,0,0,6,1,0,13,0,0,0,3,0,7,0,0,0,0,11,8,6,0,4,5,16,1,0,0,0,36
0,9,0,0,0,12,0,3,0,0,0,0,1,3,10,7,0,0,0,0,0,5,0,0,0,0,4,11,14,0,2,9
0,6,6,11,11,0,14,0,4,35,6,0,0,0,10,0,10,13,5,0,0,0,3,0,8,0,2,0,0,5,4,0
1,0,23,0,10,0,15,3,8,0,0,4,0,0,4,4,6,4,2,0,11,17,0,0,0,7,0,0,0,11,11,0
0,1,0,1,0,0,0,32,0,0,0,50,74,0,14,22,1,0,2,0,14,0,11,0,15,8,26,0,9,0,0,40
0,21,0,0,64,17,31,0,16,0,6,14,0,0,11,34,21,0,12,7,17,0,34,7,29,0,22,3,3,0,0,8
0,40,18,0,0,0,17,0,14,0,41,0,29,0,0,0,0,2,1,22,0,0,0,9,0,0,0,0,10,0,2,0
0,0,7,0,0,19,0,0,0,0,0,0,93,0,1,2,22,0,0,16,0,0,7,3,2,14,0,0,8,4,16,0
36,0,17,0,39,31,7,0,30,3,6,128,42,26,21,0,28,13,56,0,29,0,0,13,0,36,30,9,19,0,3,4
0,34,30,0,42,43,27,0,0,7,12,74,0,234,148,0,55,13,29,0,0,0,2,7,17,12,15,0,4,0,38,37
0,3,17,0,14,0,0,64,0,0,22,0,0,89,64,185,13,11,0,6,32,52,0,0,28,0,76,5,35,0,0,0
36,0,20,0,9,30,0,0,26,0,0,3,8,133,28,113,229,0,20,7,18,1,14,8,0,0,49,52,21,0,0,0
0,0,18,29,8,4,6,1,0,18,0,0,0,20,86,17,86,29,44,0,0,0,8,16,5,0,0,0,0,0,0,0
145,8,3,9,38,15,29,0,0,0,3,15,0,0,0,135,95,0,31,15,6,18,0,15,0,16,0,0,19,5,0,16
0,50,0,21,22,13,0,13,14,0,43,52,0,0,24,0,47,0,0,11,0,25,0,19,0,0,14,0,0,0,0,0
16,0,0,0,21,4,102,13,22,24,0,0,46,0,15,38,142,9,0,0,13,5,0,2,17,0,0,0,0,0,20,37
0,30,2,0,31,108,121,0,23,15,13,42,32,18,4,0,1,12,0,0,0,0,0,25,0,38,0,0,48,50,25,0
36,0,0,40,0,88,114,5,21,0,26,29,38,0,19,13,29,32,0,0,0,3,0,0,6,0,11,6,0,0,0,0
30,22,0,11,22,99,89,51,18,0,0,36,0,30,0,7,0,0,0,0,40,0,0,23,24,0,19,3,11,0,26,40
30,0,15,26,17,26,2,31,0,4,32,10,18,10,29,33,5,0,0,0,4,0,0,13,24,0,9,28,22,0,14,0
2,10,21,0,2,33,0,0,0,11,0,0,0,1,0,0,0,0,0,0,0,8,0,0,0,0,0,0,0,39,0,0
10,31,0,0,24,0,0,47,0,0,0,0,0,15,9,0,37,0,0,3,0,0,5,16,0,0,0,2,0,27,1,0
30,0,17,0,0,14,37,0,0,6,16,26,0,0,0,7,2,0,6,0,4,0,0,2,1,0,0,9,0,23,0,77
0,23,0,0,0,10,0,0,14,3,0,0,0,32,0,24,0,4,9,13,7,0,28,10,1,0,0,8,12,19,0,0
0,39,25,0,0,13,8,0,17,2,16,0,0,0,11,22,23,2,7,0,0,0,1,5,24,7,19,32,0,0,48,60
0,9,0,2,13,0,2,0,0,29,50,7,16,0,0,0,14,10,0,2,0,0,1,22,0,16,36,9,37,7,0,0
2,0,2,0,0,23,0,11,0,0,0,0,11,12,0,5,5,5,0,16,0,0,0,0,0,5,20,0,0,45,11,0
0,0,0,20,0,13,10,0,5,11,0,0,0,0,5,13,0,10,0,0,0,0,0,1,5,5,0,7,0,0,8,26
0,11,42,0,0,0,21,30,0,0,0,0,27,28,5,2,31,7,0,5,33,0,16,31,0,0,0,11,0,0,16,13
41,0,0,0,35,0,6,4,0,0,16,0,14,3,1,0,5,0,5,0,1,3,12,14,0,10,9,11,0,0,0,2
36,0,0,2,25,0,0,16,11,0,28,0,10,4,0,44,0,0,0,0,7,0,0,0,25,17,6,22,7,0,11,34
0,0,16,0,0,11,18,4,0,12,0,0,0,12,0,0,0,7,0,3,0,25,15,1,5,0,0,0,1,8,0,19
17,0,53,0,0,0,0,42,26,8,2,0,31,15,6,18,0,8,36,0,0,0,0,0,50,0,0,17,0,0,0,0
0,0,0,0,0,0,0,0,73,187,0,0,0,0,1,0,0,1,0,17,0,1,17,5,0,0,16,43,0,0,10,0
4,7,32,15,165,53,3,0,16,35,140,4,7,26,4,9,26,0,3,16,22,0,15,0,0,1,0,0,0,0,84,54
0,0,0,18,152,234,23,19,0,27,14,16,0,151,161,0,0,0,11,0,0,11,0,0,0,6,0,22,0,12,0,0
0,17,9,0,96,91,5,0,0,0,0,0,9,41,95,7,0,21,0,6,3,0,0,4,12,8,0,0,22,0,15,55
20,16,7,38,44,154,63,0,0,33,0,0,0,2,87,0,1,0,0,0,22,0,0,0,0,0,0,8,0,30,0,0
0,0,53,0,17,0,0,0,0,0,17,0,36,0,2,24,0,0,0,0,0,21,1,11,6,0,29,0,48,0,0,95
23,0,0,0,0,0,0,0,0,32,0,0,2,0,56,27,18,0,0,8,7,0,0,32,0,4,5,0,0,0,0,28
0,20,4,0,5,4,0,0,0,10,0,60,17,31,83,0,28,57,90,8,0,12,0,0,0,0,1,0,19,0,17,82
0,10,23,5,0,0,48,107,68,19,12,0,15,160,67,118,68,66,0,41,19,0,8,26,11,2,10,0,25,0,34,0
91,0,0,5,0,0,0,34,169,236,0,15,8,26,57,23,246,36,0,0,18,0,1,0,3,0,0,0,0,0,35,35
0,0,41,16,21,0,0,52,10,47,19,11,0,0,0,140,136,0,0,3,0,25,0,0,13,0,0,21,2,10,18,0
133,33,8,15,0,0,2,23,1,0,13,0,0,0,12,0,12,2,30,0,0,16,18,2,6,0,20,33,6,0,0,43
0,0,28,0,47,0,0,10,19,0,0,0,0,6,0,0,10,0,21,4,0,7,0,0,0,0,0,0,0,0,6,0
0,0,53,22,0,1,0,0,8,132,0,52,0,33,9,0,8,22,0,0,0,0,7,0,0,0,0,0,0,0,16,1
0,47,0,0,0,37,75,0,5,69,60,0,27,0,13,24,6,0,10,0,3,0,0,0,16,7,25,5,43,0,54,34
82,0,0,0,3,14,0,100,109,0,0,21,0,0,0,0,6,0,0,0,5,9,6,12,6,43,0,30,19,0,7,0
57,0,0,0,1,7,122,150,141,59,0,13,1,0,0,30,0,0,11,41,0,0,0,5,18,31,0,0,5,0,17,0
0,16,0,1,0,39,119,114,186,21,0,14,0,1,0,0,3,37,33,0,32,0,0,0,0,22,0,0,0,0,1,0
11,21,93,0,34,34,62,0,169,75,28,10,19,0,0,34,2,0,7,22,0,0,0,0,0,16,18,0,0,0,4,48
12,34,7,12,0,0,0,8,26,29,0,0,11,0,10,0,0,0,0,4,39,21,0,0,12,1,0,6,2,0,16,0
0,47,0,14,8,6,0,49,0,20,40,0,0,0,0,15,0,5,4,0,0,0,2,6,0,0,0,0,0,4,29,0
52,0,0,0,0,4,19,4,13,0,0,0,0,16,0,0,9,0,0,11,18,0,13,0,29,17,10,12,8,0,7,0
33,1,0,0,22,0,2,7,12,2,21,0,18,0,0,6,0,9,0,0,1,21,26,0,0,0,0,0,0,11,0,57
6,8,0,0,0,0,5,7,0,0,22,0,1,30,0,23,5,6,0,4,0,0,22,1,0,0,0,53,6,3,17,59
7,0,0,0,0,15,0,15,5,0,16,0,17,0,0,0,10,0,8,11,1,25,0,0,18,35,0,1,3,3,36,0
10,0,0,0,44,0,38,37,21,0,0,10,0,17,0,10,15,0,26,33,0,12,7,5,0,0,43,11,0,0,0,0
1,26,0,12,3,0,0,0,20,0,0,31,23,0,0,0,0,0,0,0,0,24,43,17,0,0,12,18,0,0,0,0
0,0,0,3,0,0,5,0,11,13,8,0,0,7,9,0,0,6,10,0,0,11,0,12,0,3,0,40,3,0,0,76
34,11,10,0,28,28,13,1,24,11,8,0,22,3,0,16,0,0,5,4,20,0,3,0,4,13,0,0,0,0,0,0
0,0,45,3,3,0,0,40,0,0,0,8,0,31,10,0,14,0,0,0,0,28,0,0,1,10,6,4,0,0,0,7
23,0,16,4,33,0,0,0,24,20,0,0,109,29,13,8,0,30,30,2,14,12,0,2,0,0,0,6,31,56,57,0
0,0,0,15,21,0,4,51,0,0,0,54,45,0,6,0,0,0,0,24,0,1,0,0,16,55,0,0,26,0,26,0
0,0,0,33,28,33,3,2,147,78,0,30,0,89,109,61,0,0,0,0,0,0,40,0,6,0,18,0,1,0,0,0
0,27,0,21,23,8,34,24,0,201,0,4,0,85,249,182,10,10,1,0,0,0,0,0,0,19,57,0,2,0,0,60
0,0,0,11,39,0,84,29,46,179,49,1,23,0,1,81,16,8,184,57,0,0,8,29,3,0,0,1,1,0,0,33
0,15,11,0,1,1,15,17,19,39,27,31,4,0,0,36,0,34,14,35,26,2,50,0,8,0,25,0,27,0,0,0
0,0,0,1,13,67,0,0,0,17,84,0,0,28,0,2,0,12,0,80,0,0,0,18,0,0,12,0,0,10,0,7
0,0,0,12,11,21,0,0,7,0,0,21,5,0,3,5,0,0,0,16,0,1,11,0,0,3,0,0,25,6,0,21
0,38,0,0,0,0,0,0,0,13,17,11,0,1,0,22,11,4,10,25,24,0,0,0,0,35,0,0,0,15,54,0
0,6,22,0,0,0,0,0,0,21,23,63,68,7,8,21,0,1,249,88,16,39,0,0,0,0,22,0,16,0,0,0
43,52,46,0,11,39,42,0,3,0,33,46,79,189,146,14,19,22,134,228,219,70,0,11,0,3,21,0,8,0,38,0
0,10,64,8,8,0,0,24,17,0,100,31,202,197,215,0,186,29,138,14,176,162,54,4,3,22,20,8,0,0,4,30
0,42,34,28,16,18,12,1,6,5,21,10,0,103,105,24,45,19,0,29,128,88,0,6,3,26,11,9,0,6,5,22
0,21,57,20,5,0,31,41,32,0,0,8,4,19,15,11,0,7,24,0,14,75,18,21,0,0,0,0,0,26,0,0
22,0,58,27,0,0,36,61,20,0,0,0,0,16,48,39,28,0,34,0,25,20,21,6,17,0,12,27,14,0,52,0
0,1,29,17,14,12,11,13,15,31,10,23,0,44,108,10,0,0,0,0,0,0,16,0,10,4,0,45,14,15,0,0
0,0,0,0,0,0,43,25,16,10,0,42,88,52,209,0,3,0,16,20,11,0,28,0,0,6,0,0,0,0,0,0
115,1,7,0,0,0,0,10,113,4,12,181,104,86,219,16,14,0,15,3,0,10,0,0,0,0,0,22,13,0,16,16
0,0,0,0,44,6,60,40,123,23,26,180,170,183,82,22,0,0,0,0,0,24,41,0,16,0,0,0,0,0,0,0
63,0,12,0,0,6,32,16,48,0,19,103,224,157,0,2,21,31,0,22,7,0,0,9,0,5,7,7,15,0,0,0
0,0,0,0,7,1,14,0,0,0,0,52,204,144,0,0,1,5,9,2,1,0,10,6,7,6,0,0,7,1,23,1
0,2,11,0,0,19,38,7,0,2,13,9,57,6,15,29,0,9,0,0,10,0,18,0,2,0,0,22,2,0,0,0
50,0,3,0,6,2,4,42,21,0,10,14,24,0,31,0,0,0,37,0,30,0,0,0,22,0,5,7,0,0,8,27
17,0,15,0,0,22,0,0,0,4,0,16,9,0,0,44,0,0,2,2,23,6,31,0,0,0,0,23,0,0,32,0
37,0,38,0,0,0,0,8,0,19,2,31,0,0,23,27,20,16,0,0,0,0,44,0,14,0,27,29,17,8,14,0
10,44,0,6,29,17,16,0,0,0,0,0,0,0,0,2,10,0,6,0,4,0,0,0,22,0,0,0,15,81,0,0
0,0,1,12,11,11,0,0,0,8,0,0,0,0,0,0,7,0,14,9,0,0,54,29,0,10,0,0,17,33,2,15
13,0,0,0,0,0,0,0,8,3,20,0,4,5,0,0,0,0,0,25,0,0,0,0,13,21,16,0,16,4,14,2
30,0,14,0,13,0,31,0,0,20,0,13,14,18,0,0,3,24,16,31,3,0,18,2,0,0,0,4,0,0,0,6
5,39,0,3,31,0,0,19,18,6,0,25,23,0,0,0,12,0,12,20,0,0,6,0,9,30,11,0,0,0,0,0
0,21,0,0,26,0,0,20,4,0,0,28,0,0,12,24,18,4,16,0,1,0,0,1,0,0,0,8,0,0,0,28
0,0,16,2,9,11,12,0,32,18,0,0,0,19,0,0,59,0,0,30,0,10,0,0,0,0,21,0,8,21,22,0
0,17,0,1,0,10,5,14,13,0,0,8,0,0,0,0,0,108,0,0,0,0,4,10,0,0,17,7,0,19,11,0
0,25,0,0,0,0,0,0,0,9,13,8,0,0,6,69,0,82,8,0,0,0,11,0,0,16,0,15,0,33,42,0
0,40,18,0,0,42,0,24,9,10,84,144,16,0,0,10,94,192,215,9,8,0,22,22,0,32,19,0,24,19,0,21
138,0,2,42,36,16,13,0,0,65,2,12,92,190,19,33,27,145,18,0,0,2,0,28,0,0,0,0,2,21,10,37
12,0,44,0,17,15,0,0,15,79,60,35,88,42,42,5,2,2,162,0,0,25,190,0,0,8,33,29,23,3,0,22
125,30,0,0,35,18,0,55,14,3,0,20,35,33,174,12,0,0,10,0,0,1,50,46,0,4,0,58,0,20,0,0
0,30,38,0,0,1,0,37,0,20,45,21,0,20,97,9,0,31,0,2,0,0,0,0,0,0,24,24,0,13,0,0
0,39,0,0,29,0,52,1,0,0,0,0,0,60,0,0,2,9,0,17,18,0,0,0,0,11,0,0,20,0,0,0
14,33,4,12,42,0,48,8,12,13,18,0,3,11,0,0,0,0,4,7,8,16,28,19,0,0,0,3,0,0,0,0
86,0,2,11,0,0,0,47,0,10,0,19,0,0,0,41,9,0,42,46,1,0,9,0,0,17,17,4,0,2,18,0
0,0,11,0,0,4,55,37,10,0,112,54,4,17,38,81,70,197,76,6,43,113,175,0,5,30,0,2,0,0,16,35
0,0,10,19,33,16,0,29,0,5,53,169,8,32,26,129,97,196,28,0,58,27,51,0,0,0,0,1,2,37,0,0
0,0,19,28,7,0,20,24,0,7,16,0,6,40,11,13,64,99,21,39,25,43,3,1,2,5,0,26,0,0,12,0
136,13,0,5,0,0,9,0,0,0,0,0,0,13,2,0,0,0,0,2,15,19,26,0,0,36,0,0,0,0,0,0
107,9,0,0,0,0,20,17,0,1,0,5,4,0,19,4,0,0,0,0,22,11,15,19,8,0,5,8,0,23,0,0
0,26,0,0,0,22,0,0,7,61,4,64,27,8,0,0,17,195,16,0,0,0,1,16,40,27,0,0,11,0,26,0
0,12,7,10,9,16,6,13,0,16,0,0,32,6,28,21,74,105,0,17,0,2,0,0,0,21,0,2,6,0,75,16
0,0,20,0,15,20,0,16,51,29,41,45,5,31,81,70,3,138,0,0,15,13,10,13,0,0,45,0,45,22,0,0
0,0,0,14,0,0,44,0,49,50,11,10,27,11,152,184,227,89,2,5,0,12,0,19,18,0,0,0,0,3,26,0
0,0,0,7,0,0,1,22,20,0,112,41,114,0,146,39,17,4,1,0,15,0,20,0,25,32,21,9,4,0,0,30
0,2,0,33,19,0,14,22,15,0,18,24,45,0,191,13,83,48,0,0,0,11,21,8,31,0,21,26,0,13,0,2
40,0,15,8,1,15,0,7,0,8,1,0,12,2,18,0,27,0,0,8,7,4,0,0,11,0,31,0,4,0,0,29
0,0,9,0,0,0,0,0,16,0,0,0,1,0,14,0,6,0,3,3,33,2,0,10,3,0,0,9,0,3,18,0
0,0,0,26,0,44,0,0,0,0,51,0,0,18,0,0,16,4,0,35,22,0,11,1,5,0,0,0,0,3,0,52
3,25,31,0,0,41,0,0,0,5,32,0,0,7,0,0,0,10,0,0,0,0,0,0,9,10,39,0,0,0,0,40
4,4,10,0,0,21,0,17,20,26,9,18,5,1,0,8,21,42,1,0,2,0,9,3,0,17,2,0,12,0,0,0
12,33,0,25,15,13,0,0,0,0,0,0,3,0,0,5,20,0,5,0,0,0,9,0,22,0,0,55,0,0,0,10
0,3,0,1,3,0,20,9,0,12,10,17,0,0,0,0,7,32,1,0,2,0,0,27,3,0,41,0,6,0,26,0
23,40,49,20,4,48,25,12,3,0,0,1,0,1,17,0,5,13,9,13,20,0,21,16,8,9,3,0,24,20,2,0
250,17,0,8,0,0,27,0,15,0,0,0,14,0,5,21,0,0,0,0,0,4,12,0,0,0,36,22,29,0,0,0
45,8,0,0,24,6,23,0,13,24,29,0,15,9,0,0,25,0,0,23,0,0,15,0,0,11,4,0,2,2,0,0
0,0,25,11,26,0,7,0,0,0,0,15,0,0,13,0,0,0,6,2,1,6,0,4,0,0,0,0,0,14,6,0
0,8,51,22,0,38,0,0,2,23,0,0,0,0,2,26,9,0,6,5,24,22,22,0,22,22,22,39,20,16,0,0
0,0,20,0,0,11,37,16,0,0,43,21,0,40,22,122,17,103,6,21,152,0,54,11,93,161,38,0,0,0,0,0
159,9,3,0,0,38,0,0,0,0,3,78,68,84,8,19,93,133,62,168,72,76,0,71,123,155,112,3,19,0,20,30
0,9,0,0,11,19,0,41,17,53,118,33,0,0,42,135,15,54,93,83,232,0,66,38,80,29,192,65,8,0,32,20
136,20,0,0,39,0,43,55,38,16,0,40,32,21,36,33,46,34,244,90,115,30,166,5,34,0,60,60,0,0,0,0
146,0,0,16,15,0,39,48,0,0,39,59,32,80,75,133,30,101,0,20,92,146,189,0,0,1,0,0,0,0,23,71
46,14,15,7,5,9,4,38,23,0,0,0,0,36,54,0,15,2,102,0,0,9,0,0,0,30,0,0,0,0,30,173
21,0,0,0,8,1,1,0,26,4,13,0,0,5,1,0,0,0,21,0,0,8,0,0,0,5,38,0,0,0,5,11
64,12,22,22,4,15,4,0,8,0,0,26,0,3,35,23,23,0,0,6,1,0,0,0,14,0,0,0,30,0,0,48
211,44,0,0,0,0,15,0,9,32,0,0,18,93,5,0,1,0,173,72,17,0,0,1,5,0,0,0,0,45,0,0
0,0,51,2,0,8,35,6,0,24,0,0,10,57,10,25,68,13,40,185,0,5,48,251,255,186,41,0,4,0,35,1
0,0,44,12,0,0,0,0,0,0,29,3,34,23,0,0,4,53,73,4,26,17,35,219,109,197,0,17,0,4,7,58
36,2,0,12,5,0,4,0,30,1,27,0,0,0,0,0,0,29,74,0,21,31,35,91,249,212,24,0,0,0,12,0
0,0,0,25,8,0,0,14,0,6,28,56,0,0,0,10,0,0,0,18,16,0,0,0,0,7,22,48,0,0,0,23
0,0,56,0,28,11,23,0,6,0,17,0,0,16,16,0,1,0,15,13,17,0,49,0,8,9,0,0,23,53,0,0
25,60,0,0,13,23,8,0,14,11,38,11,32,0,0,0,54,41,98,0,0,76,0,23,20,0,71,16,0,0,50,7
0,0,0,0,38,0,80,0,5,22,0,0,18,0,0,31,66,4,17,82,82,12,98,15,16,1,27,52,12,28,0,0
153,0,17,33,0,39,29,0,38,0,0,106,12,18,60,91,56,46,140,0,88,167,27,157,122,10,0,0,14,20,0,47
133,11,144,0,10,0,30,24,0,0,0,49,38,0,40,152,24,27,76,3,0,184,103,115,10,5,67,28,49,5,71,0
0,12,2,0,0,0,3,14,23,0,43,56,70,9,55,7,22,2,84,12,80,39,116,36,4,21,0,0,0,21,0,0
0,0,0,38,0,6,0,0,0,0,0,44,12,0,0,0,16,15,2,45,51,0,19,0,0,26,25,0,2,0,0,3
15,0,0,14,0,35,11,36,0,0,13,0,24,7,0,6,20,0,18,25,5,0,36,0,0,41,45,0,50,44,30,104
0,11,0,0,7,0,9,59,21,0,0,56,0,0,9,13,0,0,12,0,12,2,27,13,21,33,25,51,0,0,0,0
48,1,31,2,0,42,0,0,41,20,2,0,8,29,14,10,9,0,19,0,0,0,0,3,9,10,0,16,0,0,7,0
22,22,0,0,34,0,0,39,0,0,23,0,0,24,0,0,22,0,0,0,0,10,0,2,0,0,0,10,0,0,0,16
0,0,0,0,0,0,20,6,0,9,8,17,0,0,39,1,0,0,0,0,1,0,0,0,7,14,0,15,21,0,0,11
0,0,0,19,0,0,14,0,0,0,72,7,0,2,20,15,0,0,0,2,0,0,9,0,0,0,0,0,0,7,0,13
0,52,0,0,0,0,3,0,9,22,0,0,0,4,0,0,8,0,9,0,7,0,0,21,0,0,9,0,0,0,0,16
0,0,4,0,0,1,3,8,0,3,10,37,0,2,0,0,0,0,2,0,19,0,0,0,0,0,0,0,12,0,0,0
225,0,0,8,52,27,0,0,0,0,0,0,5,0,11,0,0,0,0,0,1,0,3,4,19,0,0,0,0,0,10,0
0,0,19,4,2,0,0,0,0,0,10,0,0,0,0,1,21,0,0,0,0,0,18,18,26,0,0,0,0,6,0,0
0,1,0,0,4,26,19,0,39,0,4,13,8,0,0,0,0,14,10,0,2,0,0,25,0,8,0,0,21,9,15,0
0,0,0,16,0,0,12,13,0,0,0,1,5,0,0,11,0,0,17,7,6,9,0,0,0,1,0,0,0,16,0,0
0,0,0,3,3,0,0,0,1,0,20,3,4,0,0,13,10,0,0,0,10,0,0,0,16,0,0,19,18,15,17,0
0,0,35,1,17,14,0,9,21,8,0,91,4,0,0,19,27,5,11,0,33,13,0,49,35,0,125,41,142,71,22,37
0,49,0,0,0,31,0,0,18,46,0,0,21,24,0,71,30,23,0,48,14,0,30,35,164,75,172,77,124,230,44,0
0,4,0,9,14,0,28,10,0,6,45,4,22,0,1,11,29,0,135,30,27,87,2,0,8,39,0,67,7,16,102,0
127,44,0,0,0,22,0,9,0,41,15,16,20,72,3,73,4,17,0,26,6,6,0,45,48,19,74,151,110,88,0,0
0,33,3,4,39,0,23,61,0,0,0,0,0,18,0,0,14,39,0,1,1,7,0,0,2,6,14,34,0,0,24,0
0,7,15,0,0,4,0,0,0,25,9,0,0,14,3,0,11,4,20,0,4,0,16,0,10,23,0,0,0,0,0,49
0,32,24,0,31,21,10,14,0,0,0,0,0,2,0,21,19,0,5,9,17,0,14,17,142,86,7,17,30,0,36,22
188,58,0,0,10,11,6,0,14,0,0,15,53,13,0,0,0,0,52,45,27,27,40,48,124,166,155,0,0,0,0,30
39,0,0,0,0,22,41,0,5,39,0,0,27,11,4,35,9,6,0,1,1,18,97,57,19,31,33,0,9,0,17,27
0,0,14,0,0,0,32,0,20,0,28,25,27,0,6,31,234,33,0,44,21,26,40,10,36,73,9,3,0,0,0,0
0,0,29,8,0,0,0,29,0,15,17,0,0,15,0,0,0,0,49,15,13,45,0,3,10,9,12,11,4,28,0,19
31,0,0,5,0,17,21,8,0,12,0,9,0,0,7,0,0,0,60,0,0,0,0,0,0,6,0,5,20,0,0,0
69,0,9,0,3,21,21,42,0,0,4,0,0,9,28,5,0,1,8,0,0,4,5,0,2,0,0,0,5,12,2,2
0,13,2,0,0,22,13,0,1,25,0,22,0,22,9,14,32,0,0,0,4,35,0,15,8,0,13,14,4,2,6,14
1,24,6,0,0,31,33,0,0,9,1,14,19,0,16,0,21,18,5,0,30,0,0,58,72,6,26,0,7,1,25,0
105,0,0,5,0,12,0,0,31,0,3,66,27,23,75,18,3,9,10,6,93,53,1,0,17,25,0,9,43,0,0,11
0,0,23,0,0,0,3,11,0,0,19,50,8,0,2,45,5,53,33,0,1,0,0,9,22,0,23,2,0,0,2,0
29,6,0,7,19,6,5,17,10,0,5,13,0,29,44,0,41,5,0,7,1,0,5,21,11,0,7,22,8,0,0,0
50,4,0,0,0,0,0,6,0,0,17,0,9,0,2,21,0,12,0,0,0,7,38,0,11,0,31,8,10,0,17,0
11,0,8,0,0,0,13,0,0,0,0,0,0,9,0,5,8,4,0,0,0,0,6,0,15,0,6,0,0,0,0,0
0,0,0,7,0,0,0,0,9,3,0,0,0,0,0,0,0,0,9,0,2,0,0,0,0,0,0,0,0,0,3,0
0,13,0,2,6,0,0,14,4,6,0,0,0,0,0,0,0,11,0,0,5,0,0,6,2,0,0,0,0,9,13,0
0,0,3,8,0,0,0,0,21,2,5,0,6,0,13,0,4,8,2,0,0,13,0,0,10,0,14,9,0,13,0,5
0,0,0,8,6,2,0,10,0,0,0,8,15,9,2,8,0,0,0,4,0,0,7,0,0,0,0,8,0,0,0,10
3,0,1,8,3,0,2,0,7,0,13,17,1,3,7,8,0,0,0,0,0,0,5,17,0,3,0,0,19,0,0,0
9,0,28,2,1,0,0,0,0,0,0,0,0,4,0,19,9,5,0,0,0,0,6,9,0,0,0,3,1,0,0,0
0,19,0,0,0,0,1,4,0,6,0,12,0,6,3,0,0,0,5,12,1,8,0,0,0,0,0,0,19,0,5,0
0,7,0,0,0,0,2,0,0,2,0,7,0,2,7,0,12,3,0,4,0,0,0,5,0,5,0,0,0,1,0,7
0,0,14,6,0,0,0,5,4,0,0,1,3,0,0,2,0,0,0,0,1,5,0,0,0,2,0,1,0,0,0,4
9,0,0,1,2,2,8,0,0,4,1,0,0,3,0,0,0,3,3,6,3,3,4,3,0,0,8,0,0,5,0,0
5,2,9,0,8,0,0,0,3,2,0,1,0,0,8,0,1,0,5,9,0,0,1,4,0,0,4,0,3,0,0,5
20,1,2,1,2,0,3,6,0,0,0,0,7,0,2,0,0,1,0,0,2,0,0,0,0,0,5,0,0,0,0,15
34,4,0,0,10,0,5,2,0,0,0,61,4,0,7,5,0,2,17,0,0,5,0,0,0,0,0,11,0,0,2,11
86,0,0,1,31,13,0,3,0,9,0,5,22,5,0,33,0,7,2,0,5,3,6,0,1,0,1,8,0,1,0,23
86,3,0,0,2,0,31,0,2,37,47,0,2,3,0,0,31,0,76,1,16,0,16,0,0,0,13,7,7,0,0,0
193,0,0,0,0,0,5,9,0,5,0,43,7,8,0,44,42,44,6,0,0,27,19,1,6,2,0,5,0,1,3,10
115,0,8,6,0,0,0,3,7,0,0,11,0,0,36,0,0,25,0,7,4,2,19,0,9,4,6,13,1,0,0,8
0,0,22,0,0,0,0,8,2,0,0,0,0,30,16,39,3,2,7,0,7,0,2,0,33,18,3,2,0,0,0,0
0,4,2,14,8,0,0,2,0,0,6,0,3,0,11,12,7,0,13,0,31,0,4,0,76,31,82,0,7,0,0,0
183,0,30,0,0,1,0,0,0,0,7,28,0,0,3,21,12,0,51,66,8,0,13,41,36,3,9,44,64,18,5,4
0,0,8,8,3,0,16,4,0,2,5,0,13,0,12,7,1,2,0,0,22,6,77,0,2,7,0,0,72,32,6,12
18,5,0,0,0,3,0,20,6,4,39,0,6,7,18,0,141,31,0,24,17,15,10,0,1,5,62,0,10,0,1,13
50,0,0,0,0,0,0,0,12,0,3,10,8,11,3,0,0,4,26,2,21,33,0,7,3,5,15,0,0,3,3,1
0,0,0,0,9,0,0,0,0,24,5,39,10,0,10,1,10,4,61,0,0,0,3,4,5,3,0,0,0,2,0,0
69,4,0,0,0,8,0,17,0,0,0,0,1,4,44,0,29,0,2,8,0,0,0,0,12,0,0,0,10,7,2,0
16,0,11,0,9,0,0,0,7,0,6,4,0,0,11,16,28,0,5,1,0,66,4,0,0,2,0,0,0,1,0,0
78,1,8,0,7,15,30,0,0,7,0,0,33,21,3,0,2,0,9,0,0,0,0,0,0,1,4,0,5,3,0,6
6,1,28,0,0,4,11,10,18,15,0,21,41,39,74,4,17,0,2,1,0,0,0,0,0,2,0,0,0,7,3,1
45,0,9,1,0,2,6,0,13,9,5,0,4,0,0,6,0,4,0,3,0,0,1,0,2,0,1,8,0,0,1,0
56,0,11,8,0,0,0,1,35,23,1,14,21,29,2,0,2,3,0,0,0,0,0,5,0,0,0,0,0,0,0,4
37,7,0,0,0,0,0,0,2,0,0,7,0,0,0,12,0,0,0,0,0,0,0,0,2,0,0,7,0,0,0,0
0,0,0,0,0,0,3,8,1,0,2,0,0,0,0,1,4,0,0,0,8,0,12,13,0,0,2,2,0,0,0,0
7,0,0,0,1,0,0,2,0,0,1,0,13,0,3,0,0,4,2,0,1,4,0,0,0,0,10,0,0,0,2,14
7,0,4,0,0,2,0,0,0,4,0,0,0,3,2,3,4,0,0,3,2,1,2,8,2,4,0,0,0,0,5,6
0,3,0,0,0,0,1,1,0,0,0,0,0,0,0,0,0,8,1,0,3,8,1,0,0,0,0,1,0,2,0,13
3,0,5,0,0,5,0,2,11,0,0,0,1,0,0,6,0,0,0,0,5,0,7,3,2,2,3,0,0,2,0,29
0,0,0,4,0,2,7,11,8,0,2,0,5,0,0,0,5,2,0,0,0,4,0,0,0,0,0,3,0,0,9,0
0,2,0,4,0,5,0,0,0,2,0,0,4,9,0,0,3,2,0,0,2,0,0,0,0,0,0,5,13,0,19,0
1,0,0,1,10,0,0,0,3,0,4,3,0,5,0,0,0,8,0,2,0,0,0,1,0,0,7,0,2,10,0,21
0,10,9,0,3,0,5,0,0,0,5,0,0,2,0,8,0,0,0,0,1,5,0,3,0,4,0,0,0,4,0,0
4,0,0,1,0,2,0,0,1,0,0,6,0,3,0,0,1,0,0,1,0,0,0,2,2,3,6,0,4,0,0,15
0,10,2,5,2,8,2,0,0,0,0,3,0,1,0,1,10,0,11,6,0,9,1,0,0,1,4,0,0,0,0,3
1,7,0,0,0,0,0,0,0,0,0,0,3,0,1,9,13,10,0,0,5,0,1,0,2,0,3,6,0,0,10,0
9,6,0,0,11,0,3,2,0,0,0,5,0,0,0,12,2,0,0,4,3,2,0,7,0,0,0,0,0,0,0,9
44,0,1,1,13,0,0,0,0,0,12,51,1,0,0,5,0,0,1,0,3,0,0,1,3,3,0,0,1,4,0,1
57,7,23,27,10,26,0,5,0,30,0,0,37,1,5,39,8,3,0,5,0,0,2,0,0,0,0,0,0,1,0,0
0,3,0,0,0,2,26,4,9,0,11,35,1,4,13,21,37,31,5,0,0,0,24,0,3,10,0,0,5,0,1,22
42,2,0,5,0,0,0,28,0,1,0,13,69,24,0,51,58,38,11,4,10,2,2,0,0,0,0,0,0,0,0,10
0,1,13,2,6,0,1,0,11,0,0,0,0,43,24,1,0,13,3,2,5,0,10,5,0,0,9,4,0,0,2,0
0,12,32,8,0,0,0,0,0,0,0,0,2,38,10,43,0,2,5,32,4,0,0,34,0,10,0,0,0,0,9,6
118,0,0,13,0,0,1,2,0,3,10,2,39,0,14,9,46,0,0,0,3,5,0,1,12,62,48,2,5,0,0,5
0,0,11,1,0,6,0,7,0,3,12,26,61,3,30,8,9,0,56,0,0,3,0,18,1,4,4,2,58,0,12,1
90,3,0,0,0,0,63,0,0,2,12,0,25,4,15,4,1,0,2,0,0,3,4,3,0,4,61,0,1,3,1,6
0,0,17,0,0,0,23,37,0,0,40,31,2,2,2,0,220,31,3,0,13,62,21,4,1,0,4,4,0,0,0,0
0,0,0,4,8,0,0,14,13,0,6,2,2,0,0,0,0,5,16,2,34,29,8,7,3,0,6,9,1,5,0,0
0,0,21,0,8,16,0,0,6,28,0,24,0,11,0,0,26,0,29,6,1,10,0,0,0,3,2,2,0,5,0,0
11,0,7,0,0,0,0,36,0,0,6,5,10,0,25,9,32,16,5,4,0,6,0,0,0,0,4,0,9,0,19,0
0,2,18,3,0,0,4,8,0,0,24,44,7,2,9,33,35,0,0,0,2,3,0,0,3,0,15,0,2,0,3,1
0,1,0,7,9,9,32,0,0,24,0,1,0,23,0,11,0,2,0,4,0,0,2,0,0,2,0,2,3,7,2,0
83,0,32,2,0,0,12,0,47,11,0,47,34,29,2,7,5,0,0,0,0,0,0,0,0,0,6,5,5,0,0,0
5,2,10,0,0,4,2,0,5,28,3,2,2,0,0,0,0,0,5,0,5,0,0,4,0,2,2,0,9,0,1,7
0,0,26,1,0,0,0,0,19,1,0,6,5,3,0,0,5,0,0,3,0,0,1,0,0,2,0,0,0,0,0,7
6,0,0,7,6,6,0,0,14,4,0,0,0,0,2,0,0,1,0,7,0,0,0,3,0,3,1,0,0,6,0,0
0,3,0,5,0,1,7,0,9,0,1,0,0,2,0,8,0,0,0,0,1,0,6,2,0,1,0,2,0,0,5,0
0,13,1,0,0,0,0,0,0,0,0,0,0,0,3,0,0,0,0,0,0,1,0,0,1,0,0,0,0,0,1,0
4,3,5,8,2,0,11,0,0,2,9,2,0,3,0,0,1,3,5,7,11,1,2,1,5,0,1,2,0,1,14,4
0,5,0,3,0,0,0,0,0,0,0,6,1,12,0,0,2,1,0,4,0,0,0,1,1,0,2,0,0,0,7,0
0,0,0,2,0,0,9,0,4,7,3,0,0,0,0,0,0,0,0,8,2,0,0,0,0,1,3,0,0,0,0,16
1,0,0,0,0,0,0,0,0,0,0,0,0,0,1,1,0,0,0,3,0,0,5,0,0,1,6,0,3,0,0,0
5,0,0,1,1,5,0,2,0,0,0,2,0,0,0,0,0,0,2,0,0,1,0,0,0,0,0,0,4,0,0,8
0,2,0,1,0,5,1,0,0,0,8,0,0,0,1,0,0,2,3,13,5,5,0,0,0,0,0,0,0,9,0,16
0,3,16,0,0,8,0,0,1,1,6,6,2,0,3,0,9,4,0,0,0,0,6,1,1,0,0,4,0,4,0,0
2,1,0,0,0,1,6,10,1,3,7,0,0,0,0,0,0,0,0,0,2,0,0,1,1,0,11,2,4,1,0,0
2,0,5,4,0,3,0,0,0,0,2,1,0,0,2,13,2,0,3,0,0,1,0,0,0,3,1,0,0,9,0,0
1,0,2,2,12,0,0,4,6,0,8,1,7,0,5,2,0,0,7,0,4,0,9,0,0,4,0,3,0,0,1,4
2,1,6,0,2,0,0,4,0,0,8,0,0,0,0,14,0,2,0,0,0,0,3,0,0,0,3,1,2,2,2,0
43,1,0,3,6,6,0,0,5,3,0,61,3,2,0,0,0,0,0,0,6,0,0,9,1,0,3,0,0,4,0,2
0,0,20,9,21,14,10,0,9,4,13,6,51,0,0,18,15,0,0,3,0,3,8,0,0,0,0,1,0,0,0,0
0,1,3,0,2,0,24,0,0,34,1,9,4,12,26,10,34,2,9,0,8,0,14,4,4,0,0,0,5,14,0,1
129,1,0,0,0,0,0,41,4,6,9,0,37,26,0,54,17,24,26,6,3,3,4,0,0,0,0,12,2,0,0,4
48,0,0,0,2,0,9,0,12,0,5,4,0,45,0,2,1,14,0,0,1,5,33,0,1,0,2,7,2,0,0,12
87,2,11,0,0,1,0,2,3,0,0,5,0,14,0,28,3,2,0,4,34,4,0,0,0,17,1,0,2,1,5,0
0,35,8,0,0,7,0,0,0,0,0,0,0,13,8,0,24,0,28,7,58,0,0,0,0,4,41,2,2,4,0,0
107,0,27,2,7,0,2,0,3,0,17,25,36,0,27,22,7,0,48,7,2,4,0,19,0,0,6,0,52,0,0,0
89,3,6,3,12,0,25,0,0,1,23,1,26,43,29,3,0,25,0,0,10,4,0,0,1,0,0,0,5,1,18,6
0,0,12,11,0,8,7,20,0,9,25,10,2,4,5,0,224,16,3,0,22,3,17,4,0,0,0,0,0,0,13,4
0,0,0,5,0,0,1,5,24,0,0,0,0,0,0,3,7,0,20,12,7,0,6,0,9,3,4,0,1,0,0,12
61,4,0,0,8,16,11,0,11,28,5,35,0,0,14,0,27,3,58,0,0,0,13,3,0,0,0,7,11,3,0,16
40,4,21,0,4,0,0,23,3,7,0,9,4,2,31,0,19,12,0,0,0,4,2,0,3,0,13,0,0,3,1,1
73,0,12,0,2,0,5,0,0,20,32,44,0,0,1,52,27,1,3,16,4,0,0,1,0,0,0,11,6,3,0,2
0,0,13,1,0,18,37,0,0,24,6,0,48,13,6,5,4,0,0,0,0,14,1,1,0,1,0,0,0,2,0,0
0,0,32,0,0,0,0,0,35,2,13,43,9,46,66,0,3,1,0,0,1,0,0,0,1,0,0,2,7,0,7,8
0,1,0,1,0,0,0,0,8,32,0,2,1,5,0,0,4,1,0,0,0,0,0,0,3,2,0,0,3,0,0,0
0,5,0,1,0,5,0,0,22,7,0,7,0,4,0,0,0,0,0,2,8,0,0,0,0,2,0,0,2,0,5,14
5,0,0,8,0,0,8,2,19,0,1,7,0,0,1,4,1,0,0,0,0,1,2,0,5,4,6,2,5,0,0,0
0,2,0,0,5,4,0,0,3,0,16,0,0,0,0,0,4,0,0,0,1,0,2,6,0,2,0,0,9,10,0,5
0,0,0,0,0,0,0,4,0,1,3,2,0,2,2,3,0,0,0,0,0,3,0,0,2,1,0,0,0,0,0,0
0,0,1,0,0,0,0,1,6,1,2,7,4,0,3,8,0,1,5,5,0,0,0,0,6,0,0,4,1,0,0,4
5,2,0,1,0,0,0,5,2,0,0,6,0,0,3,0,0,3,1,1,0,8,0,0,3,0,5,3,0,0,13,1
5,0,0,0,0,2,1,0,0,0,1,0,5,7,0,0,3,3,0,2,0,0,0,0,1,2,0,1,0,0,0,5
0,3,0,0,0,0,2,0,0,0,7,0,0,0,3,0,0,0,0,0,5,2,0,2,0,4,0,2,0,0,0,0
0,4,0,0,8,5,3,0,0,8,3,0,0,0,0,1,0,2,0,8,5,1,0,1,0,0,0,0,5,0,1,0
5,0,1,0,0,0,6,4,0,0,5,2,0,4,7,0,0,3,0,0,8,1,0,0,0,4,0,5,0,0,11,0
