133,17,0,0,60,29,0,0,16,0,0,11,10,0,22,0,0,0,18,0,0,0,13,18,0,3,23,0,31,0,10,52
0,0,0,2,0,35,35,5,0,0,3,1,0,0,0,0,0,8,0,16,0,17,0,10,0,17,0,0,15,24,19,6
0,0,0,27,0,0,13,0,0,0,33,14,31,16,0,0,0,23,0,8,118,232,0,14,28,30,0,0,0,19,0,18
0,7,0,0,4,0,16,8,1,0,0,20,4,14,0,13,31,0,123,31,67,197,33,0,17,15,53,2,0,13,0,21
95,0,0,1,0,0,0,27,13,12,0,0,23,51,10,147,202,4,0,39,36,74,54,12,1,0,0,50,17,0,0,14
11,2,0,21,8,0,9,31,0,0,0,100,5,62,102,69,229,55,0,0,27,58,27,0,4,6,13,0,0,70,23,24
106,16,3,23,45,0,0,8,2,41,11,7,19,0,56,12,126,0,0,0,0,19,11,9,5,11,18,0,29,0,0,111
15,0,2,0,0,22,48,59,16,58,53,37,0,31,110,6,40,75,39,13,17,42,192,51,0,39,56,0,0,0,0,0
94,0,40,0,76,17,14,79,6,57,0,16,55,31,51,11,114,157,79,0,0,48,104,158,15,10,35,16,0,27,0,66
58,0,34,37,37,15,13,55,156,17,16,21,1,0,6,36,39,71,45,29,7,44,43,31,0,0,0,0,1,42,2,74
35,41,8,0,17,12,37,48,28,25,43,3,46,104,39,20,63,9,0,48,24,14,18,29,0,0,0,0,0,0,0,98
38,31,0,0,0,11,0,0,0,25,29,20,21,0,25,44,24,0,16,91,0,0,57,5,62,6,7,0,16,0,0,64
39,0,10,0,0,0,17,21,3,0,0,31,20,0,0,27,0,0,43,52,10,0,0,29,23,8,29,0,155,0,64,0
0,0,0,0,0,16,14,0,0,27,13,0,10,12,0,16,0,6,0,0,0,7,13,5,0,0,5,32,204,0,0,59
57,0,0,0,2,0,0,17,41,0,0,46,0,38,52,8,9,0,0,15,0,30,18,0,0,6,21,0,16,10,0,0
0,0,24,0,2,32,0,15,37,14,21,47,33,24,203,0,0,0,0,11,0,0,0,5,28,6,0,18,0,0,0,11
0,0,26,32,0,0,21,69,0,7,17,60,0,16,246,0,25,0,70,60,168,49,223,0,0,7,0,4,1,0,13,59
99,21,10,0,0,16,0,12,17,14,0,96,61,0,40,19,13,1,68,58,173,223,129,0,62,14,11,0,10,0,9,45
0,0,4,10,0,13,0,22,20,14,0,62,0,4,4,0,0,41,0,131,0,40,77,29,0,0,25,0,0,44,0,0
33,48,57,0,16,0,20,99,66,11,0,0,0,8,0,65,49,17,23,99,27,0,0,45,83,50,54,0,24,2,33,0
113,6,0,0,0,0,0,19,0,0,0,16,0,38,0,55,4,0,0,11,55,86,65,2,9,50,4,29,8,0,2,21
0,4,15,0,0,0,0,54,0,0,0,0,11,0,0,19,0,0,1,0,17,171,0,19,0,0,0,16,20,19,16,0
0,0,0,10,0,0,0,23,0,0,29,0,0,13,7,14,0,206,39,124,85,46,0,16,19,0,0,3,20,0,5,49
0,41,15,52,6,0,0,45,0,0,36,0,0,0,91,0,72,214,230,216,176,5,20,0,0,0,0,0,0,0,0,25
70,17,17,0,0,0,10,16,0,0,6,0,0,15,16,11,62,45,220,113,10,0,10,16,4,0,10,3,0,16,0,0
135,0,0,25,0,0,9,5,22,0,35,33,88,24,3,64,68,164,105,59,13,0,17,26,0,41,0,0,36,0,37,33
147,0,0,0,9,20,1,30,26,0,70,0,0,22,17,18,10,10,242,65,0,13,0,0,4,3,7,0,12,0,10,11
26,0,0,0,0,7,23,0,24,0,23,0,46,0,21,0,0,0,1,16,0,0,0,0,0,20,16,45,4,0,13,0
0,8,0,0,0,0,22,0,0,6,0,0,29,0,0,0,0,0,0,25,0,0,0,0,0,0,15,23,0,0,17,24
11,0,0,29,0,0,0,29,18,0,1,0,0,0,15,0,21,25,7,28,1,0,17,10,25,0,24,0,33,0,10,53
10,28,0,0,0,6,0,0,2,0,35,0,0,0,0,18,0,0,0,0,26,6,0,0,26,0,41,4,23,0,0,3
30,6,4,0,14,0,29,0,0,0,5,8,12,9,0,0,4,11,0,0,0,0,19,21,0,14,21,0,0,48,3,7
73,0,0,0,16,0,48,0,8,1,0,0,0,0,0,0,0,0,45,0,33,15,7,21,12,8,0,0,0,0,0,12
0,2,0,38,0,0,23,2,0,0,31,0,19,0,19,0,0,1,1,0,6,10,0,0,0,0,0,0,0,2,0,34
16,0,0,0,0,1,24,2,14,0,36,6,0,0,0,2,7,9,0,0,0,4,7,0,6,0,0,45,0,53,0,0
40,21,23,7,0,13,16,0,2,17,0,0,0,0,0,0,0,19,11,0,13,0,4,2,37,38,43,146,10,19,0,42
0,0,13,0,6,30,19,0,0,0,39,0,0,0,0,6,25,8,4,0,28,4,59,46,45,22,50,55,28,0,0,12
0,6,8,19,0,4,0,0,21,12,12,36,0,17,6,0,8,0,37,15,16,24,70,81,65,53,51,0,11,0,9,0
0,0,0,26,0,0,0,0,7,0,13,26,0,0,0,18,0,50,9,26,0,26,103,46,85,13,58,12,53,0,40,0
157,0,10,17,25,40,31,0,43,1,0,11,0,10,28,0,0,18,83,65,50,52,41,0,21,65,14,12,15,0,0,0
79,31,34,0,3,0,48,31,4,10,19,55,28,0,18,14,48,38,37,0,1,0,49,100,76,25,0,0,0,5,6,53
57,0,6,1,8,63,0,14,39,16,6,35,0,0,41,26,23,37,0,18,0,0,1,0,10,24,0,50,25,0,9,0
0,46,0,19,0,0,17,35,0,0,0,0,0,25,25,0,8,8,0,25,0,0,0,0,0,0,5,40,21,0,0,0
27,1,0,24,7,0,19,18,56,0,0,1,0,0,3,9,12,0,38,0,31,9,0,0,0,35,49,0,0,0,0,0
0,0,6,0,8,21,21,0,0,0,0,11,0,0,20,30,0,0,58,0,0,0,0,9,0,60,34,14,0,19,13,2
0,0,0,0,5,0,21,0,0,0,28,6,0,13,26,4,28,0,20,3,21,7,70,12,37,0,0,7,41,17,31,51
0,37,0,19,0,2,0,23,5,0,36,34,0,0,0,0,6,5,4,49,0,0,13,0,0,0,5,0,8,0,16,0
0,4,0,18,3,0,11,16,15,8,0,6,0,0,11,11,30,0,146,29,12,0,0,0,0,13,7,0,13,0,0,3
107,5,17,1,9,0,25,0,4,0,0,2,0,35,19,0,18,0,12,0,0,0,4,0,16,44,7,0,0,1,0,4
0,23,0,0,3,0,24,3,0,0,0,16,24,0,0,0,18,4,31,4,5,0,9,0,0,0,11,0,26,0,0,19
0,9,11,0,0,18,0,0,4,9,0,0,0,5,3,6,0,0,0,0,12,18,11,0,11,0,0,19,0,10,0,10
0,3,0,11,0,0,11,14,0,0,20,12,35,0,9,0,13,8,0,2,9,8,4,0,0,0,0,21,0,0,0,0
0,0,0,5,7,0,8,29,0,6,0,0,0,0,10,0,16,0,12,24,7,71,24,3,0,202,0,0,0,0,0,15
78,6,0,9,14,0,0,0,0,9,4,12,0,6,9,0,4,26,35,0,0,40,12,83,131,9,121,3,0,0,0,6
41,0,0,3,0,14,6,17,3,0,0,0,17,16,5,0,13,0,50,2,16,0,60,17,177,97,36,2,0,0,0,17
0,0,14,13,0,7,20,0,0,2,0,0,5,11,1,0,13,8,24,26,46,10,0,13,0,9,0,7,0,0,0,28
0,2,0,0,0,0,11,10,0,2,1,0,0,6,0,19,42,0,6,0,14,8,5,0,0,17,9,3,0,0,17,12
0,0,9,0,0,0,0,0,0,0,0,0,41,17,3,0,17,0,17,24,0,18,0,20,6,5,6,0,6,0,2,1
0,0,0,8,0,0,0,3,21,5,25,37,9,7,0,28,7,9,0,11,5,0,0,0,18,0,0,6,2,14,5,0
55,0,0,0,9,0,32,0,6,0,0,11,9,29,0,0,11,12,9,5,0,7,0,2,12,0,31,3,20,0,0,0
0,0,4,15,0,29,31,0,6,11,23,10,4,0,8,0,0,8,0,0,4,0,3,0,1,3,0,11,0,16,0,0
4,0,0,3,2,6,5,0,18,0,0,14,0,0,0,0,0,0,6,0,16,10,0,6,0,5,0,0,0,4,0,0
22,10,0,0,0,0,1,10,0,0,0,0,12,5,0,14,10,0,0,13,0,12,0,0,0,8,8,0,0,6,10,0
22,0,0,0,0,0,21,0,0,0,0,5,0,4,11,2,6,0,0,0,0,2,0,8,0,0,10,0,0,10,7,13
0,0,5,1,0,0,0,11,0,0,0,0,1,0,0,0,0,0,0,2,3,0,1,7,5,2,0,0,3,0,0,0
9,4,7,0,0,5,18,1,2,0,0,16,8,0,2,3,0,2,0,0,2,0,8,0,0,0,0,0,7,1,6,7
0,0,2,1,0,0,3,6,0,0,0,0,0,2,0,0,0,0,0,0,2,0,1,9,0,2,3,0,9,8,0,0
0,0,4,0,5,0,2,0,0,0,9,2,6,2,1,2,2,0,5,0,2,0,0,0,0,0,0,0,5,0,0,0
27,0,0,8,7,0,0,0,0,0,8,1,0,0,5,0,0,0,0,7,6,0,0,0,0,1,18,0,26,10,0,0
15,0,0,0,4,0,0,8,0,0,3,0,9,0,0,0,0,0,0,1,0,8,0,9,3,58,0,0,1,0,0,3
0,0,4,0,0,17,0,0,5,11,0,2,3,0,0,1,4,25,0,0,0,0,2,7,0,0,0,1,11,3,0,0
0,0,0,0,10,10,12,0,0,35,14,37,0,0,5,0,39,2,71,13,1,40,0,0,0,2,0,0,0,0,9,5
203,1,14,0,3,0,9,49,5,27,13,26,31,24,0,44,55,50,26,6,0,0,0,0,0,7,0,0,10,1,0,0
0,4,6,14,3,0,0,35,122,0,1,2,3,6,29,23,0,27,0,0,0,10,7,0,0,5,0,0,0,0,10,3
152,3,0,1,0,9,0,25,12,28,31,4,2,2,1,14,0,0,0,0,2,0,3,6,0,9,0,5,3,3,4,0
0,23,3,0,7,0,0,2,3,1,16,0,3,2,0,0,0,0,0,3,2,0,0,0,0,0,5,0,0,2,0,10
151,0,2,0,1,3,0,0,0,0,0,0,0,0,0,0,1,2,56,3,0,2,5,0,0,3,0,0,0,0,7,35
0,1,7,0,8,6,0,0,0,6,0,4,11,1,10,5,19,0,7,0,1,1,16,1,0,3,0,0,5,0,2,8
0,0,0,1,0,0,0,0,0,1,0,0,1,1,0,0,32,38,10,0,0,1,0,0,0,8,2,1,9,5,0,0
0,0,2,1,0,0,0,4,1,0,8,3,0,0,0,0,0,0,11,1,4,1,0,6,0,3,0,0,0,0,0,0
0,0,2,0,3,0,0,3,0,0,0,15,0,0,0,1,8,71,22,0,0,7,15,13,4,0,0,0,5,0,0,0
0,0,1,2,8,0,9,5,3,0,0,0,0,0,5,4,6,0,17,0,0,0,0,3,0,14,0,0,0,12,0,0
0,1,0,2,0,9,0,1,0,3,0,0,0,0,0,5,0,5,1,6,0,0,4,0,0,5,0,0,0,0,2,0
0,1,0,0,4,0,3,0,5,0,0,5,3,5,3,1,5,6,0,0,0,7,3,0,0,0,1,0,3,3,0,0
10,0,0,7,1,0,0,0,7,2,3,0,0,0,0,0,7,0,0,22,0,6,0,0,0,0,3,0,5,0,0,9
0,0,0,0,0,0,0,0,7,1,20,0,12,0,5,15,0,3,1,0,5,5,7,0,13,3,1,0,0,5,0,5
52,12,3,0,0,0,0,7,2,0,0,0,11,0,0,4,3,0,9,2,5,0,0,0,0,0,2,10,4,6,8,0
7,2,1,0,0,9,4,4,3,0,0,0,0,8,0,0,7,0,0,1,3,0,0,7,0,0,0,1,7,1,0,7
0,2,0,0,1,0,11,0,0,0,0,0,0,0,7,1,0,0,0,5,10,0,0,0,0,0,12,0,0,6,0,0
51,2,1,0,6,5,0,10,0,3,2,0,0,2,0,0,0,0,2,0,6,0,6,0,0,4,0,0,7,1,3,0
27,2,4,1,0,0,3,2,1,0,1,15,0,0,0,1,0,1,2,0,0,2,2,1,0,1,0,0,0,0,0,0
0,5,0,2,9,0,0,4,4,0,0,0,0,0,7,0,0,3,1,0,0,0,0,2,0,0,2,2,1,0,0,4
0,0,0,6,0,0,0,2,5,4,2,1,0,0,4,4,4,0,2,0,2,1,5,0,0,0,2,8,0,1,0,7
0,0,6,4,0,0,0,0,0,0,0,8,0,0,0,12,3,3,0,4,0,0,0,0,0,0,4,3,4,4,3,12
0,6,3,4,0,0,2,0,0,0,0,16,3,0,0,0,10,9,0,0,0,6,3,4,0,3,6,0,5,0,2,2
0,0,0,2,1,0,0,5,0,0,6,0,0,3,0,5,1,0,1,0,0,4,0,1,0,1,2,0,0,1,0,10
0,0,0,5,1,6,0,0,0,4,5,0,0,11,0,0,6,0,1,0,0,0,4,0,0,0,2,4,4,4,0,0
0,0,1,0,0,2,0,0,4,7,0,1,0,0,2,0,0,7,0,0,6,6,0,0,0,0,1,0,3,0,1,23
0,0,0,0,0,0,2,0,0,0,1,0,3,12,0,0,2,4,0,0,0,3,0,0,0,0,0,5,1,0,1,12
0,2,0,3,0,1,0,0,3,4,0,0,0,0,2,0,0,0,0,0,0,0,0,6,7,0,0,0,0,5,9,30
0,3,0,0,0,0,5,0,1,2,0,0,0,3,0,9,3,0,0,0,0,0,0,4,0,0,30,0,4,0,3,23
31,2,0,0,0,0,0,0,0,2,1,10,4,1,0,9,0,3,0,0,2,8,4,6,1,0,13,2,0,1,8,0
14,13,8,1,4,6,0,0,3,2,0,1,0,0,4,0,9,0,0,1,0,1,0,1,6,1,5,16,6,3,11,3
104,0,4,0,0,20,16,0,4,14,0,17,0,2,9,3,14,0,15,0,0,0,4,0,0,0,0,3,0,0,15,0
0,0,19,0,0,7,9,0,0,27,8,35,0,18,3,57,43,62,29,3,0,1,0,3,3,0,0,0,1,17,0,0
0,0,0,12,30,1,0,4,35,0,14,0,0,16,10,21,3,29,3,0,8,0,1,0,2,0,0,8,0,1,0,0
0,1,0,0,0,0,1,26,21,1,0,4,0,6,4,9,0,6,1,1,0,0,2,0,0,0,0,0,3,3,5,0
70,48,3,2,0,0,0,1,8,0,0,0,6,2,0,4,0,2,0,0,3,0,0,7,2,0,1,0,0,0,0,20
0,9,0,12,0,0,0,16,4,0,0,12,0,0,0,0,0,0,47,0,0,0,5,0,0,0,4,2,2,0,2,23
27,5,0,0,0,4,0,0,3,1,7,0,0,0,0,0,11,1,12,0,2,3,0,0,6,1,0,11,1,0,0,4
69,5,4,5,0,1,0,0,5,0,0,2,0,6,0,0,14,17,5,0,0,2,0,2,6,5,7,0,0,0,0,3
56,0,0,0,0,0,2,4,0,0,0,0,2,1,4,0,1,1,11,5,0,0,0,0,0,1,0,0,4,0,1,4
0,2,0,0,0,0,3,0,2,0,0,18,0,0,6,3,14,82,6,11,0,0,0,0,0,9,0,0,7,2,2,0
9,0,0,8,1,0,0,6,0,0,0,1,8,0,7,1,11,0,0,0,0,0,7,0,0,4,5,0,0,9,5,12
0,14,0,0,0,0,0,0,0,0,0,0,0,2,3,0,0,0,8,4,6,4,5,0,0,3,0,0,10,14,0,25
13,6,0,0,5,0,7,2,10,0,0,3,5,0,0,1,4,0,0,0,5,3,8,0,0,0,11,0,3,4,11,0
28,0,4,0,0,0,9,4,0,0,0,4,0,0,0,0,0,3,0,0,6,6,3,2,1,3,0,0,1,8,0,1
0,2,0,0,6,5,0,3,0,0,0,0,0,0,0,0,10,2,30,2,5,0,5,3,7,1,0,5,0,4,4,0
0,0,0,3,0,0,5,0,0,0,2,0,2,0,1,3,0,0,0,0,0,0,0,0,0,0,0,0,0,3,10,4
0,2,0,0,0,0,5,6,2,2,0,8,0,3,6,0,0,5,0,1,0,2,0,0,0,0,0,7,0,2,0,0
0,3,0,0,0,2,0,3,2,0,2,0,0,0,0,0,3,0,0,0,1,0,5,5,0,1,0,0,0,6,2,0
0,1,0,0,0,3,0,0,0,2,0,0,0,3,0,0,1,2,0,0,0,0,0,5,1,0,0,6,0,10,0,0
0,13,0,1,7,5,0,0,0,1,0,1,1,0,10,6,0,0,0,0,0,2,0,3,7,0,3,5,5,0,0,0
12,3,0,0,0,0,0,0,0,6,2,4,11,0,2,0,7,0,9,0,0,0,3,6,0,0,0,0,0,0,0,6
10,0,0,3,0,21,0,0,4,0,0,5,0,0,2,0,3,5,2,4,0,0,10,5,8,0,5,11,8,0,4,15
11,0,0,0,2,0,0,0,4,1,0,0,0,0,0,4,0,0,0,0,1,2,0,0,0,0,0,3,5,0,0,0
20,12,0,0,0,3,3,0,4,0,9,2,1,0,2,0,0,0,0,0,0,0,0,0,0,7,0,0,4,0,8,4
3,0,1,1,1,0,0,0,2,2,3,7,3,0,0,12,0,0,0,0,0,0,3,0,0,2,1,0,0,0,1,4
0,0,7,0,0,2,6,0,0,0,4,0,6,0,11,8,5,0,0,0,4,0,1,0,0,0,7,6,0,3,5,27
0,4,6,0,0,0,7,0,0,0,0,2,0,0,1,1,11,5,0,4,0,0,9,0,6,0,0,5,0,4,7,1
0,0,0,1,0,0,2,0,0,0,2,1,0,1,0,0,5,1,0,4,0,1,0,6,2,0,0,0,0,0,0,0
0,0,0,7,0,3,0,3,1,0,2,12,3,0,3,0,1,0,0,2,0,4,4,8,2,0,0,0,0,0,0,0
8,10,0,0,0,1,0,0,6,0,0,0,0,0,0,2,6,0,0,0,0,5,2,0,0,0,6,0,2,0,1,7
4,0,2,0,1,0,0,0,0,5,0,10,3,0,11,0,0,2,0,6,0,2,2,0,0,0,13,1,0,0,0,0
7,0,8,8,4,4,0,0,0,0,0,0,3,0,1,0,8,7,7,0,0,9,7,0,2,0,0,5,3,0,0,8
0,0,8,1,0,6,8,0,3,0,7,0,0,1,0,0,0,3,0,9,3,0,0,0,0,0,0,0,0,13,2,0
58,6,37,5,2,1,0,9,0,11,8,0,0,2,0,54,38,57,16,0,0,1,2,0,0,7,0,0,4,6,0,0
0,11,0,12,0,7,0,6,16,1,2,0,4,5,17,39,9,24,0,0,0,1,0,0,0,4,0,5,0,6,16,0
4,0,4,0,6,4,0,0,0,4,0,0,0,5,2,11,0,1,0,0,0,0,0,3,10,0,0,6,3,1,0,0
32,34,8,1,8,0,0,0,0,0,0,0,1,0,0,0,0,2,0,1,0,0,5,1,5,0,15,4,1,1,0,20
0,8,5,4,0,0,0,0,3,0,2,3,3,2,0,9,6,2,48,1,0,0,0,1,0,8,11,0,0,0,0,3
50,1,2,0,2,0,3,0,0,0,0,0,0,2,2,8,6,0,9,0,0,0,4,0,0,0,0,4,2,0,2,0
34,6,0,0,2,0,0,8,4,0,1,6,0,0,0,11,2,3,7,0,6,0,3,0,2,0,0,0,0,9,6,1
0,0,0,3,0,0,0,3,5,0,0,4,0,0,0,4,8,0,9,5,5,0,0,0,4,5,3,0,9,0,3,0
81,0,4,0,0,3,0,0,0,0,0,18,1,2,2,0,1,116,8,1,5,0,0,0,6,0,7,4,0,0,2,0
12,1,0,0,0,0,0,4,0,0,3,0,0,8,0,12,0,0,0,2,0,0,6,0,1,0,1,7,0,0,0,0
0,2,7,0,1,0,0,0,0,0,0,2,0,0,4,12,0,0,3,0,12,0,9,5,0,0,0,0,0,10,1,0
2,0,0,0,0,11,0,1,8,0,0,1,0,0,1,0,0,4,0,0,2,0,0,0,0,0,3,0,0,0,5,5
51,5,1,0,0,0,0,0,0,9,0,4,11,2,0,0,0,2,0,0,7,1,3,6,0,0,11,0,2,0,0,0
0,3,1,6,0,5,0,0,5,2,0,3,11,4,0,0,4,0,29,0,4,0,2,0,0,0,0,0,5,2,0,8
0,0,0,1,0,7,0,0,0,0,0,0,0,0,0,0,1,3,6,1,0,0,8,0,9,3,2,0,1,8,6,5
0,0,0,6,3,0,6,0,0,8,0,0,0,0,0,4,2,0,1,0,0,0,0,0,0,0,5,0,0,7,0,0
0,0,0,0,0,7,4,0,4,0,0,4,0,4,2,0,9,4,0,2,0,0,0,0,0,0,6,0,0,1,0,6
0,1,7,5,0,4,0,0,0,11,6,0,0,10,3,0,1,6,0,4,0,2,0,7,0,0,0,5,0,13,0,4
0,0,3,1,0,0,7,5,0,2,0,0,0,2,0,3,4,0,0,0,8,0,5,2,0,0,0,0,0,0,15,36
35,0,0,0,0,0,4,4,9,0,13,0,1,0,4,0,5,2,1,0,1,1,6,0,5,0,2,3,0,0,5,5
0,2,0,0,2,0,0,0,4,3,0,0,0,0,0,0,0,0,0,0,7,0,2,0,0,0,0,0,10,0,1,0
7,0,0,0,0,0,5,7,0,0,0,1,6,1,0,0,0,0,0,6,0,1,1,0,5,0,0,0,0,3,0,0
0,0,4,0,0,7,5,2,6,9,2,0,0,1,0,0,0,3,0,0,7,6,0,0,3,4,8,15,6,2,4,4
0,9,9,0,9,0,10,2,1,0,3,7,0,0,0,0,10,0,0,6,3,0,3,0,0,0,7,0,8,3,0,6
81,0,0,0,3,7,0,0,0,5,10,0,0,0,2,0,4,6,4,4,0,0,0,1,3,0,0,0,0,0,16,9
0,0,0,2,1,0,0,0,3,0,1,0,0,4,0,0,3,3,0,3,0,0,0,0,14,2,0,0,0,5,0,0
0,0,0,1,0,0,0,0,0,0,3,7,0,0,0,0,4,0,0,0,0,0,1,6,0,0,0,0,6,8,0,13
0,3,0,0,0,0,1,1,0,3,0,0,0,0,0,0,1,7,2,0,0,0,1,0,0,0,0,0,0,2,7,16
0,0,0,2,0,0,2,1,0,0,13,0,6,5,0,0,0,11,0,0,0,1,0,0,0,0,1,0,0,6,0,0
11,5,7,0,4,0,6,9,8,0,9,0,0,0,0,0,0,0,6,0,16,0,0,0,8,0,1,0,0,3,2,4
17,0,2,1,2,0,0,0,0,11,9,0,3,6,7,7,7,2,0,0,0,12,4,0,0,0,0,8,9,0,0,11
96,0,20,0,0,5,30,0,2,4,9,0,0,0,16,7,7,7,0,2,7,7,0,0,2,0,0,1,14,3,2,6
0,0,0,3,0,0,0,15,2,11,5,0,6,7,6,55,40,43,1,2,0,1,0,0,0,6,5,6,0,0,0,13
52,12,4,12,27,0,8,3,6,0,4,5,0,0,26,26,2,34,4,0,12,0,5,0,0,2,0,0,2,5,0,8
133,4,0,0,17,3,1,5,0,0,0,3,0,6,0,5,0,0,0,9,5,0,20,0,0,2,0,0,0,9,16,22
46,0,11,1,3,0,3,0,0,5,0,3,8,0,0,5,0,0,2,0,0,10,0,6,4,0,14,0,0,8,0,14
32,0,4,5,0,0,0,1,0,0,0,0,0,0,0,0,9,10,64,0,0,0,0,0,0,0,0,0,0,0,1,4
0,0,4,10,5,0,4,0,0,2,7,0,3,0,8,1,6,7,0,0,0,4,0,0,9,0,4,3,5,4,0,0
7,0,0,7,0,0,0,5,0,0,2,0,0,0,0,4,1,10,0,0,3,5,2,0,0,4,0,0,0,0,18,0
37,0,1,0,1,2,1,0,0,0,0,4,0,0,0,1,0,0,3,2,3,0,3,2,0,1,5,0,2,13,8,0
103,0,0,0,0,0,0,0,7,3,0,14,0,0,1,0,0,26,3,4,0,0,2,0,0,6,9,8,2,2,0,2
48,0,1,7,0,0,0,5,0,0,0,0,0,0,0,0,8,8,2,0,0,0,0,0,0,0,0,1,4,0,0,3
23,0,0,0,0,0,0,3,3,0,0,0,1,0,0,2,2,11,0,4,0,0,0,7,0,3,12,0,10,2,0,0
0,0,0,0,0,4,0,0,0,0,2,0,0,0,0,6,6,0,0,0,0,0,0,7,0,0,11,6,0,3,0,0
0,1,2,0,8,1,1,0,2,0,0,0,0,0,0,0,6,8,0,0,3,0,1,0,1,0,0,0,2,0,4,10
50,6,0,0,0,0,0,0,0,2,0,0,0,1,0,3,0,0,0,1,0,5,0,0,0,3,0,0,0,7,2,0
6,0,0,4,0,0,0,4,0,0,0,0,0,1,0,0,1,0,0,0,0,0,1,2,0,0,1,0,0,1,9,0
1,0,0,0,0,0,9,1,0,7,2,0,2,0,0,0,3,0,0,0,0,2,1,0,1,5,0,0,1,0,2,8
0,2,3,7,0,2,5,2,2,1,0,0,0,0,6,0,0,0,8,1,1,0,0,2,0,0,0,6,10,6,0,0
0,2,0,4,16,3,0,0,0,0,0,6,4,0,0,5,0,0,0,8,0,9,5,5,2,0,0,0,0,0,1,4
1,0,2,3,0,0,0,0,0,0,2,0,0,0,6,0,0,2,0,0,0,0,0,2,2,7,0,1,5,5,0,11
1,3,0,0,4,2,0,0,0,1,6,1,0,0,0,1,0,0,0,5,0,0,1,1,0,0,0,0,0,0,0,0
13,0,3,1,3,2,5,0,1,0,0,11,2,0,0,0,0,0,0,0,0,0,4,7,0,11,0,0,3,0,0,3
2,8,0,0,0,0,0,9,3,0,4,5,3,0,0,0,4,0,1,0,0,0,0,0,0,0,4,4,0,3,0,0
0,5,2,0,12,0,0,0,0,0,5,3,0,0,7,3,2,6,0,3,3,3,11,2,5,0,6,8,3,4,0,6
8,0,0,0,0,0,1,0,1,2,9,10,0,0,3,3,0,0,0,0,0,1,0,0,0,4,14,0,0,8,0,7
20,1,11,0,0,4,5,0,0,6,4,6,11,4,0,3,2,0,0,0,0,0,3,7,7,0,0,8,0,0,6,14
0,0,3,0,0,0,0,0,2,6,10,2,4,1,0,0,6,0,0,0,0,0,0,0,0,0,3,0,0,0,0,2
0,1,0,0,0,0,0,0,0,3,0,0,1,1,0,0,0,0,0,0,0,0,0,2,1,0,0,0,1,0,0,0
1,0,2,1,0,0,0,0,6,0,0,2,0,2,0,1,0,4,0,7,7,0,0,5,1,0,0,1,2,0,0,0
1,0,0,4,0,3,0,0,0,5,1,4,0,2,0,0,0,0,0,0,0,1,3,0,0,1,1,0,0,3,0,6
15,5,3,10,11,0,13,20,9,0,0,1,0,0,0,3,4,0,1,0,17,10,0,0,0,0,0,0,2,0,6,0
1,3,4,0,0,2,0,0,0,0,4,4,0,13,1,8,12,0,0,2,5,5,1,12,0,0,0,0,9,6,0,24
14,2,9,7,0,8,17,1,0,17,2,0,1,3,0,0,0,1,0,1,1,1,8,0,8,8,2,0,0,5,1,12
0,0,0,0,0,0,5,13,0,0,3,7,37,0,0,51,33,49,7,0,0,0,1,6,6,0,0,0,7,0,0,30
0,8,0,15,26,0,4,2,4,9,0,0,5,0,18,31,3,31,3,0,0,0,0,5,0,7,0,0,0,0,0,0
0,1,1,5,1,0,0,0,0,1,0,0,0,0,1,13,1,0,0,9,4,0,0,4,0,0,0,0,4,12,0,7
0,2,0,1,0,0,6,0,2,7,4,0,0,0,0,4,16,2,1,5,0,0,0,0,1,7,0,9,18,10,0,0
112,3,6,0,0,1,0,0,0,0,2,0,0,0,0,0,14,3,70,0,0,5,0,0,0,1,12,9,1,11,0,0
0,0,0,3,0,0,0,0,0,2,0,0,0,1,0,9,0,0,5,0,14,2,19,0,6,0,11,0,3,6,7,0
0,3,0,0,0,5,2,0,0,0,0,1,0,0,0,0,11,0,6,0,0,0,0,0,8,0,0,3,0,0,1,2
7,0,7,4,1,1,0,0,0,7,0,3,5,0,0,7,5,0,0,0,6,0,7,0,1,2,0,6,3,0,5,1
76,3,5,0,0,0,0,2,0,2,0,1,2,2,0,0,7,46,0,0,0,0,3,6,0,0,11,7,0,0,0,0
58,0,0,2,0,0,16,0,0,2,0,0,0,4,0,0,0,6,0,9,0,7,0,0,0,0,11,6,2,0,4,7
0,0,7,0,0,1,0,1,0,0,0,0,1,3,0,0,0,7,0,2,0,2,0,3,3,0,3,0,0,6,8,0
0,0,9,7,0,0,0,0,0,0,6,0,0,0,0,0,12,0,0,0,2,0,9,1,0,0,0,0,4,22,10,0
13,7,0,0,3,6,2,0,0,5,9,12,0,1,5,0,0,0,2,0,6,10,1,7,0,3,0,8,0,9,2,4
0,4,0,0,13,0,3,0,0,0,1,6,4,0,0,6,4,7,8,0,7,0,0,2,2,0,11,9,4,0,14,7
0,1,2,0,0,3,0,0,3,0,0,0,0,0,0,1,0,4,2,0,3,0,0,2,0,6,7,3,0,0,4,6
0,4,0,0,2,0,0,0,1,0,4,4,16,0,5,0,10,6,0,0,0,0,0,0,0,0,3,6,0,0,2,0
2,0,0,2,0,0,9,4,0,2,0,2,0,0,0,3,0,0,1,0,2,0,0,3,0,9,0,0,7,6,1,6
3,0,0,3,0,0,0,0,0,0,0,0,0,0,0,8,0,0,0,0,6,2,3,0,0,0,0,0,0,9,0,2
6,2,0,0,2,2,2,3,0,0,0,0,1,5,0,0,6,0,0,0,6,0,0,0,0,5,0,1,5,6,0,10
32,0,9,0,10,1,2,0,4,0,0,0,0,9,0,0,0,0,0,0,0,0,0,0,3,3,0,2,0,0,3,20
2,0,0,0,0,0,0,1,0,0,3,0,3,4,4,0,5,2,0,4,0,0,0,0,0,0,3,0,4,0,0,0
0,0,5,0,2,1,1,9,3,0,0,2,0,0,1,0,0,0,4,3,0,0,7,5,0,2,0,0,4,0,0,16
0,0,0,8,0,0,0,1,0,0,5,3,0,1,0,5,6,0,3,0,1,0,0,1,0,0,0,0,0,0,0,11
0,0,0,3,0,0,2,0,1,3,0,5,6,0,0,0,0,0,2,2,0,0,0,0,0,0,1,0,0,0,0,0
75,5,8,0,0,0,13,0,0,0,0,5,0,7,0,0,0,0,3,0,1,0,2,2,0,4,5,0,3,8,9,0
2,4,1,7,7,0,4,6,0,0,0,2,0,0,0,2,0,7,0,2,0,0,0,0,4,0,7,6,3,15,0,0
0,0,0,3,0,0,10,0,0,4,7,0,0,3,8,1,3,0,0,0,0,1,0,0,5,0,0,7,0,0,0,11
1,3,0,0,0,0,0,11,3,6,0,0,0,0,0,0,0,0,0,8,0,0,4,0,0,0,0,0,0,2,24,0
10,3,2,0,0,0,3,0,0,0,0,1,0,0,4,5,0,4,13,0,0,0,4,0,0,7,0,4,0,0,0,0
0,0,3,7,0,0,2,10,0,0,15,0,6,0,0,0,2,0,5,0,24,0,1,4,9,0,0,0,0,0,0,5
17,1,0,0,0,9,1,0,0,2,4,4,0,0,0,3,2,0,3,0,9,3,13,0,0,0,0,0,1,0,0,1
0,4,0,2,0,0,25,1,0,13,0,2,0,4,3,0,4,0,0,0,0,0,0,0,2,0,6,0,3,0,8,0
0,0,0,0,0,0,18,32,1,16,0,0,9,2,7,23,41,32,6,0,0,0,0,0,0,0,0,11,0,0,0,0
21,2,0,7,18,6,0,1,0,0,3,0,0,0,29,17,0,34,0,3,0,0,15,1,0,0,0,0,13,0,0,0
67,0,0,0,5,0,0,0,0,0,0,2,0,4,4,0,3,0,1,0,1,0,0,0,1,1,0,0,0,2,0,31
69,4,7,0,0,0,1,0,7,1,0,0,0,2,13,4,16,0,0,2,0,3,0,0,0,0,9,1,0,0,0,12
0,0,14,0,1,3,10,0,0,0,2,0,0,0,7,2,12,0,61,0,0,1,0,2,0,0,2,0,4,1,2,0
0,0,0,0,2,0,4,3,0,5,0,17,0,0,0,6,12,0,10,5,0,3,0,0,0,0,12,5,4,0,7,5
76,2,0,0,3,3,1,0,0,0,0,4,0,0,2,4,7,3,7,0,0,0,0,0,0,1,0,4,0,0,0,0
7,0,0,0,0,1,3,0,8,2,5,0,0,0,0,10,9,0,0,1,0,0,0,8,0,4,0,0,0,15,6,0
0,14,0,0,0,0,0,0,0,0,0,0,1,0,0,0,0,78,4,0,0,0,7,0,0,0,0,2,0,0,2,0
0,10,0,0,0,1,0,0,5,0,0,2,4,0,2,0,6,2,0,0,0,0,4,0,0,0,0,0,0,6,0,0
52,0,12,7,0,0,0,0,2,4,0,0,0,6,0,0,2,2,0,0,1,0,1,0,7,0,0,1,0,0,1,0
0,4,11,0,0,5,0,0,0,0,0,0,6,0,0,0,3,0,0,0,0,0,3,5,2,0,0,6,0,13,4,14
0,0,1,0,7,5,0,0,0,8,3,0,0,3,0,0,0,2,1,5,10,0,0,8,0,1,0,4,0,2,0,0
1,2,0,0,0,9,5,0,3,9,1,0,0,0,1,10,0,5,0,4,0,2,0,5,0,4,7,0,0,12,0,12
0,3,0,1,0,4,0,3,0,0,0,0,1,0,9,0,0,0,0,7,0,2,2,0,0,0,14,12,5,0,4,5
2,4,0,3,2,3,0,0,1,0,0,0,0,1,11,0,4,0,0,0,0,1,0,7,0,2,0,0,0,0,0,2
0,7,0,0,0,0,0,0,0,0,2,1,0,0,0,0,0,1,0,0,0,1,0,0,0,0,0,0,8,1,1,2
0,1,0,0,0,5,0,6,3,4,0,0,0,9,1,15,0,3,0,0,4,4,16,0,5,1,0,2,6,4,0,0
0,0,0,10,0,0,0,0,0,0,3,2,3,0,3,0,0,0,8,2,0,1,0,0,7,0,3,4,1,8,0,3
1,0,0,0,0,5,7,0,0,5,0,0,5,3,0,0,9,0,0,1,0,0,0,0,0,0,9,2,3,2,1,0
0,3,5,0,0,6,1,0,1,4,0,0,15,2,1,0,1,2,0,0,3,0,6,1,1,0,0,0,0,0,0,17
0,7,2,3,4,8,5,0,0,4,0,9,3,0,5,0,0,1,1,0,8,0,0,0,0,0,0,0,6,6,0,0
3,0,0,0,0,2,0,0,1,6,2,0,0,0,0,0,0,0,2,1,5,3,0,0,0,3,0,7,8,3,0,13
4,0,0,9,2,0,0,0,0,0,0,0,0,2,3,0,0,0,0,0,0,5,0,0,0,0,0,14,1,0,11,30
0,0,0,4,10,9,0,0,1,8,10,0,0,0,2,0,0,0,14,1,0,7,2,0,0,0,0,1,0,0,0,0
3,1,0,1,12,0,8,0,0,2,5,0,0,4,2,0,7,0,0,1,0,4,0,6,1,0,0,3,4,0,0,0
2,5,9,1,5,0,1,0,3,0,0,0,0,0,2,10,3,0,0,4,0,1,0,0,1,4,0,0,7,2,6,0
0,1,0,0,0,0,3,3,0,0,0,0,0,0,13,0,0,9,0,0,0,6,2,0,7,0,0,6,3,5,2,3
0,0,0,0,14,0,0,3,0,0,0,0,0,5,14,0,0,0,0,7,2,0,0,0,2,0,2,0,0,0,15,10
2,0,0,0,0,4,3,0,3,0,0,0,0,6,0,6,0,0,0,0,15,0,0,0,0,0,0,0,3,11,7,0
6,3,0,0,0,8,1,3,0,0,15,0,0,0,0,3,0,0,0,0,6,0,9,0,0,0,2,13,8,6,5,0
91,12,2,6,0,0,9,0,1,12,0,0,0,7,6,9,3,10,0,0,0,0,10,0,0,0,19,0,2,0,0,0
0,0,0,0,0,0,0,26,0,19,0,0,5,0,0,9,40,26,0,2,0,6,9,1,6,0,0,3,2,0,0,0
117,0,0,7,9,12,11,9,11,7,0,0,2,0,24,34,16,34,0,0,3,0,0,10,5,0,7,7,0,0,0,21
72,5,0,0,8,3,0,0,0,0,2,2,0,2,6,6,6,1,0,14,0,0,0,6,0,2,16,0,0,0,5,0
0,0,2,0,9,6,0,0,0,4,0,0,0,5,6,8,4,0,1,0,6,8,5,0,0,2,10,0,0,0,0,0
0,8,13,0,0,0,0,1,0,0,0,7,5,0,0,0,14,0,43,0,0,0,0,0,7,14,16,5,0,0,1,4
73,0,0,4,0,0,2,8,1,0,3,5,0,0,0,12,0,0,11,10,2,0,2,0,0,0,10,0,10,3,0,0
0,2,3,0,7,0,0,0,0,0,7,0,8,8,7,0,3,9,0,5,0,0,10,1,2,0,0,0,0,1,4,11
0,11,0,0,0,4,2,0,3,0,0,0,0,3,9,4,0,0,3,0,7,0,0,8,0,3,0,0,5,0,0,0
0,0,0,11,9,0,3,0,2,0,3,0,2,0,0,0,2,5,3,1,0,9,0,0,0,0,0,0,0,4,0,0
0,2,0,9,1,0,0,3,2,0,0,4,1,0,5,3,0,3,7,9,0,0,0,0,0,6,1,0,0,11,0,0
12,0,0,1,17,0,0,0,7,3,0,0,6,0,5,0,2,1,6,16,3,0,9,1,12,12,0,2,5,1,0,18
2,13,1,10,4,1,0,4,0,0,7,2,0,0,0,8,5,0,0,4,9,4,0,0,8,4,2,0,4,3,0,5
0,0,5,0,5,3,0,0,2,0,17,6,0,4,0,0,3,0,2,0,0,4,0,0,1,5,0,3,2,7,2,0
3,13,0,6,0,0,1,18,0,0,2,4,0,0,0,0,0,0,0,5,3,0,0,3,2,0,1,0,5,5,0,2
8,9,0,5,0,0,0,7,0,0,4,6,0,0,0,13,0,0,0,5,2,0,1,0,0,5,2,0,19,0,2,0
0,2,0,0,0,0,0,6,6,0,0,0,4,0,0,0,7,12,0,0,7,2,7,12,0,0,0,0,0,0,1,0
6,10,4,5,0,0,0,0,0,0,0,13,0,2,0,0,0,0,1,0,0,0,0,8,0,0,0,0,0,0,12,0
5,4,0,0,7,0,0,10,3,0,0,0,5,0,0,2,0,0,17,4,0,5,0,5,3,0,9,0,0,0,0,4
0,0,2,0,0,6,3,0,14,2,0,0,5,0,8,0,5,4,0,0,0,3,0,0,1,0,4,3,6,0,0,0
0,0,0,0,2,2,2,0,0,3,0,0,2,7,0,9,2,0,3,11,17,10,13,0,0,0,0,0,0,10,0,0
6,2,0,0,4,0,3,0,9,0,0,0,11,0,0,3,2,4,10,0,1,5,8,0,0,0,0,2,0,10,4,8
2,3,2,1,5,0,0,0,0,0,0,6,0,0,0,1,0,0,1,7,2,16,1,0,2,1,0,0,2,1,5,0
4,12,0,0,1,0,0,0,0,5,0,1,3,2,0,0,0,11,0,6,10,3,3,0,0,8,0,0,1,3,7,0
5,8,2,1,0,0,0,13,0,1,1,0,0,3,3,0,0,0,2,0,2,0,0,0,0,0,0,0,6,0,0,2
0,0,0,4,0,0,0,0,12,0,4,0,0,0,1,0,4,0,0,0,0,1,0,10,9,0,0,18,0,8,0,0
0,0,0,3,10,9,6,0,0,0,4,0,0,1,0,12,0,1,0,0,3,0,21,1,0,2,1,0,0,5,0,0
0,0,0,0,5,5,0,0,4,0,0,0,0,5,11,2,3,0,0,2,3,9,0,3,2,0,0,12,3,0,0,0
3,4,9,0,0,0,0,0,12,4,3,0,13,0,4,5,0,0,3,0,7,0,4,12,0,12,0,3,7,1,18,0
9,2,0,0,7,5,0,7,2,0,0,14,0,5,0,4,3,3,0,0,8,0,14,0,22,6,0,0,4,0,0,3
20,6,0,2,0,0,1,0,0,5,0,9,5,0,4,8,5,0,1,10,21,10,10,0,0,0,0,0,0,8,18,0
0,17,0,33,0,0,0,18,0,5,0,7,0,20,10,0,0,3,1,0,6,2,0,13,5,0,18,17,0,0,16,12
0,0,16,1,6,2,5,19,0,0,19,20,14,2,5,3,0,0,3,19,0,11,17,0,17,5,11,16,0,0,0,24
100,0,5,4,0,0,9,37,0,16,0,0,0,0,4,0,35,32,0,6,0,6,0,0,0,9,7,2,0,0,0,0
109,0,0,0,2,4,0,6,0,25,0,22,12,0,20,27,0,26,14,5,0,0,0,0,7,10,3,21,16,0,0,5
133,0,9,0,0,0,0,0,0,0,2,4,0,0,9,0,0,7,0,0,3,1,14,7,3,16,17,0,0,2,0,0
62,0,16,0,0,0,7,0,0,0,1,0,0,0,4,0,0,1,0,0,0,0,31,8,0,0,0,3,0,0,23,20
0,8,0,0,0,9,0,0,5,2,0,8,0,8,10,2,10,12,51,0,0,0,0,0,10,18,27,0,0,0,0,0
0,4,18,6,0,18,0,0,6,0,0,0,1,0,6,31,0,6,0,5,0,0,9,0,0,0,0,0,6,21,1,0
45,5,0,0,21,0,18,0,10,0,0,0,10,0,0,0,1,0,6,1,0,0,0,5,14,0,0,18,22,0,9,0
0,0,28,3,0,4,0,0,9,0,0,1,0,5,0,0,3,25,5,7,0,7,0,0,0,5,10,20,10,0,7,76
0,0,0,21,7,0,19,14,0,0,0,0,0,21,0,0,0,6,0,3,0,0,0,0,0,0,14,0,0,0,0,17
0,0,0,0,0,0,0,10,0,12,16,0,5,3,0,0,6,0,0,0,33,2,25,0,4,0,0,0,0,0,0,0
0,0,0,0,0,0,2,0,0,7,6,26,15,13,14,12,0,0,0,0,0,7,8,4,7,0,0,0,28,0,24,7
3,9,16,0,21,34,11,5,0,3,0,0,0,0,0,0,3,0,9,0,0,0,0,3,0,0,28,26,0,0,26,0
16,0,0,12,0,2,23,2,0,0,47,9,6,0,0,12,0,0,24,13,13,0,43,12,3,19,0,0,7,0,4,43
24,0,14,16,11,0,11,23,0,1,0,8,0,0,7,8,7,0,0,1,0,53,0,0,3,0,0,0,23,6,14,17
30,0,0,0,15,26,0,5,0,2,3,0,6,11,0,0,11,5,28,0,0,1,62,0,0,0,3,0,0,1,14,0
18,0,6,11,8,0,18,0,0,0,18,19,0,0,0,6,0,6,0,15,0,0,0,0,0,0,0,0,8,0,17,0
0,0,0,0,30,2,48,25,35,0,1,0,0,0,26,0,27,29,0,0,0,3,10,0,18,0,0,0,19,0,0,38
0,0,24,63,21,23,0,96,15,10,0,20,0,0,0,0,0,12,39,8,0,0,60,0,0,0,0,0,0,8,0,0
17,0,0,0,0,18,6,0,0,28,0,4,21,6,18,0,0,0,22,0,46,21,72,27,22,0,28,7,26,0,23,0
0,9,22,0,0,0,17,0,0,0,0,37,0,5,0,0,0,33,0,6,0,3,36,0,0,0,35,3,0,0,1,0
76,10,7,0,13,19,0,8,0,16,0,18,13,0,0,3,11,0,0,21,0,0,0,38,27,0,44,4,0,10,0,0
0,9,0,0,0,0,10,1,12,11,0,0,0,0,0,0,3,0,1,0,0,2,0,7,39,0,34,0,12,0,15,0
7,22,20,0,2,0,3,0,17,0,0,4,7,0,14,0,40,12,1,0,7,11,38,0,40,9,0,29,0,0,0,6
0,0,0,0,0,10,3,0,14,0,0,45,34,14,0,44,0,0,0,6,20,15,8,5,0,24,64,0,0,22,9,0
0,0,57,38,0,8,0,0,0,0,6,29,13,0,1,0,34,13,0,11,45,2,15,0,0,0,12,0,6,0,0,38
17,1,0,2,4,4,11,23,0,29,0,0,0,14,11,5,7,1,0,0,7,1,0,0,15,0,39,0,0,32,0,0
0,0,0,13,0,0,2,14,46,0,9,12,12,4,4,20,1,6,12,0,0,4,8,17,12,0,4,0,0,0,1,22
2,10,16,0,9,0,0,0,40,2,0,0,15,26,0,35,0,0,0,18,0,0,12,7,0,11,13,0,0,32,7,0
0,0,10,0,0,0,18,0,0,14,0,0,26,0,9,0,0,0,0,0,32,0,24,6,7,0,0,0,0,0,37,0
30,5,98,1,0,5,36,7,11,27,0,0,0,18,40,0,0,3,0,22,0,0,30,0,16,24,10,0,7,0,0,21
35,0,66,0,16,26,0,0,15,58,5,0,16,0,16,0,0,0,0,6,0,0,1,0,0,0,44,35,37,12,0,0
12,0,105,13,0,22,0,0,7,17,10,0,5,33,0,0,12,0,0,0,0,18,22,4,24,1,0,14,0,0,0,0
110,0,137,17,31,4,0,50,0,0,30,24,0,2,0,8,0,35,4,19,15,0,0,0,0,29,0,24,0,0,0,0
22,0,33,23,0,0,0,41,20,0,4,1,14,0,13,0,0,42,0,35,18,0,0,0,8,0,1,0,0,64,4,0
96,0,77,0,0,0,44,30,9,43,0,0,0,0,23,0,31,17,6,0,9,0,25,39,32,0,22,31,0,5,6,0
0,13,45,0,16,6,191,29,0,6,0,0,0,10,0,1,6,12,20,1,9,0,0,4,0,36,0,48,46,19,5,0
48,0,9,17,0,46,60,12,0,3,0,0,0,16,0,0,16,18,27,2,0,16,0,24,0,0,0,22,0,12,20,0
0,0,64,8,82,9,106,0,50,0,25,0,18,26,0,8,0,0,0,0,0,3,63,21,0,0,0,43,42,32,0,0
0,4,0,38,0,0,40,0,6,17,0,0,13,28,0,0,38,0,12,0,0,25,0,0,23,72,0,27,0,0,25,0
0,2,13,10,0,0,10,0,15,0,0,23,0,0,0,0,9,4,15,6,11,11,0,6,0,0,0,16,0,0,17,40
0,24,0,7,0,0,0,41,29,0,0,14,27,0,10,6,0,16,0,0,0,36,0,27,0,0,0,0,14,7,0,0
0,0,0,14,0,0,25,18,40,0,17,0,0,12,0,10,0,6,0,2,6,13,21,0,0,0,0,13,19,0,0,0
0,0,0,17,13,0,48,73,176,41,0,13,0,0,12,0,5,0,48,29,1,0,0,0,0,19,4,16,0,0,0,3
11,0,8,8,22,0,17,28,17,13,0,26,5,2,19,9,13,10,0,0,0,0,11,23,23,0,23,23,17,0,0,0
7,0,0,0,0,0,0,6,0,36,44,0,32,12,3,0,24,0,9,13,4,0,12,27,48,21,30,7,4,31,0,7
3,16,9,0,0,28,0,0,0,38,23,0,0,0,14,12,0,0,14,5,0,1,0,15,0,0,12,1,22,10,32,0
34,16,0,0,20,27,0,16,55,0,0,22,16,1,0,0,0,0,0,5,16,9,17,0,20,1,38,1,0,7,10,0
173,0,0,0,11,0,0,6,54,3,0,16,18,0,0,0,1,0,0,7,0,0,0,55,0,19,10,29,2,0,0,0
209,5,10,5,0,1,0,14,55,1,14,5,23,10,0,0,5,0,0,3,9,46,0,11,0,0,53,8,10,2,21,4
223,0,19,0,2,5,0,0,19,0,0,0,9,0,11,12,9,0,11,0,2,16,10,0,23,0,4,6,0,8,20,0
93,0,19,0,80,0,39,43,0,37,28,36,13,0,0,9,0,0,2,0,0,17,0,22,0,0,95,27,0,0,22,2
177,0,0,11,0,0,0,17,6,0,0,4,0,0,2,0,9,0,0,10,0,0,0,8,0,0,0,8,0,10,0,0
144,14,0,7,0,23,2,46,9,16,0,19,0,21,0,0,0,13,0,0,0,5,0,0,0,25,19,0,0,0,5,17
9,3,0,12,0,0,0,13,22,22,0,0,13,29,0,3,30,8,14,2,18,0,0,0,24,35,0,55,0,0,0,32
14,0,0,0,0,0,28,0,0,15,0,17,0,0,0,0,27,0,0,18,0,0,12,12,0,0,0,20,4,16,4,10
0,14,19,0,0,0,0,0,4,4,24,8,0,2,0,0,0,3,12,29,0,0,31,5,0,37,59,0,0,0,31,0
56,0,0,18,0,0,30,51,0,4,26,24,16,0,0,0,18,0,13,29,0,6,78,2,0,13,0,39,0,10,42,52
0,4,51,22,9,21,0,51,0,17,21,0,0,17,18,25,36,0,0,8,0,0,0,27,0,0,0,1,26,16,23,0
0,0,0,20,80,41,26,0,11,0,5,0,0,4,0,28,16,0,37,4,0,0,0,28,0,0,8,0,38,28,0,0
0,18,63,0,162,0,0,55,4,0,17,2,0,0,36,45,16,0,0,26,0,0,8,0,0,23,0,0,10,6,3,18
7,0,0,1,0,35,0,2,0,0,14,0,0,26,0,0,0,28,23,0,0,22,13,0,0,8,10,0,26,2,0,0
60,11,0,34,5,85,85,43,0,0,0,0,0,0,0,0,6,22,0,0,70,28,28,0,23,0,29,0,0,20,0,26
47,7,0,12,22,19,144,31,1,18,14,0,23,2,16,0,25,19,1,18,13,22,83,0,23,0,5,52,0,0,0,44
176,67,0,0,0,44,109,8,0,22,5,7,1,0,16,0,0,8,0,5,15,33,8,6,0,2,0,0,0,52,10,26
64,205,31,4,0,0,19,37,0,7,0,9,0,0,2,0,7,0,15,10,3,38,29,28,13,15,7,0,14,0,0,0
123,229,49,0,32,3,65,179,0,0,0,0,8,0,30,15,12,3,5,0,0,0,0,30,18,0,0,12,55,0,0,21
112,101,153,48,12,0,18,176,0,0,0,0,26,13,0,0,0,1,32,0,0,9,5,19,5,18,37,0,1,0,0,31
0,34,153,3,0,20,12,0,23,0,17,90,101,5,4,0,0,20,0,0,0,0,0,16,24,14,0,8,0,0,0,0
0,0,2,0,7,0,0,37,13,0,8,97,58,0,0,0,0,0,61,7,48,0,14,25,0,4,0,57,0,13,46,5
27,0,9,11,8,0,28,0,74,6,0,0,24,0,0,0,5,24,18,0,0,39,0,19,32,0,0,52,4,0,26,45
29,7,5,0,21,0,14,0,0,0,0,3,31,10,2,19,0,10,0,0,67,32,0,0,16,35,0,14,0,0,0,32
1,0,21,8,13,1,10,3,6,0,22,5,0,18,38,0,29,7,0,0,10,19,0,13,0,11,24,24,0,0,7,14
0,0,0,0,11,2,0,0,0,60,1,106,42,1,0,8,0,0,0,0,0,16,85,8,49,0,0,20,1,22,0,0
0,20,1,3,68,0,30,0,25,18,13,30,151,65,31,0,20,0,48,3,0,0,0,27,0,3,0,15,0,0,0,0
11,23,0,0,14,27,26,20,15,69,55,160,118,108,112,17,0,0,53,0,0,0,0,12,34,5,29,28,13,7,0,47
52,10,21,0,2,0,0,0,0,87,0,0,218,15,97,134,0,0,19,0,10,0,35,0,0,0,0,0,22,58,18,0
0,0,0,2,6,0,52,20,0,34,0,46,78,117,121,106,144,5,0,0,0,0,0,2,0,10,17,0,91,34,1,0
0,0,8,0,11,9,0,0,0,8,0,20,9,3,19,5,103,0,0,7,0,0,1,5,34,0,0,13,0,15,0,20
0,14,0,0,91,76,232,0,17,15,5,0,126,22,40,21,0,0,0,2,59,11,0,0,36,23,92,0,48,0,22,19
0,16,0,161,12,141,150,9,16,0,0,6,0,0,0,11,0,0,16,22,29,0,0,13,0,0,0,0,25,26,25,2
0,43,58,82,147,131,41,20,0,12,0,0,18,0,18,0,4,0,11,41,48,0,41,40,17,0,0,18,0,2,12,0
0,0,2,96,40,58,0,0,0,0,26,0,0,0,10,0,2,0,8,0,0,0,2,0,20,0,43,1,0,0,0,1
15,44,23,41,73,51,0,4,10,0,0,13,0,0,2,0,0,2,0,0,0,25,0,0,0,49,31,14,34,0,0,0
0,18,1,0,0,0,0,0,10,23,0,0,10,22,6,0,0,0,0,0,9,0,19,34,13,0,0,20,12,0,13,5
0,0,0,0,5,0,2,0,14,2,2,0,0,40,8,7,0,0,2,0,0,12,14,11,33,0,30,0,0,0,0,9
22,6,0,0,0,6,0,14,14,9,17,0,0,0,0,8,11,0,0,22,14,0,0,2,27,33,0,0,20,0,0,32
5,9,5,30,0,0,0,16,0,0,0,0,0,10,0,16,5,0,0,0,7,0,27,0,5,4,38,56,35,6,0,38
0,0,0,0,7,14,25,21,50,0,8,0,0,0,11,1,6,0,8,1,30,23,0,3,0,1,0,0,0,8,0,0
0,0,52,0,0,0,0,1,0,21,17,0,29,0,29,0,0,0,0,0,20,0,37,0,16,0,0,0,0,3,0,7
78,0,2,4,13,0,0,0,5,3,0,18,51,0,10,72,0,0,0,0,18,6,10,17,0,0,0,0,5,0,0,29
2,0,0,0,7,0,0,0,12,0,0,0,0,22,11,169,48,26,0,1,35,0,16,0,0,51,0,0,60,21,0,0
50,11,0,0,7,0,0,39,18,75,65,0,17,34,39,192,83,0,0,0,3,0,0,4,0,19,21,0,0,19,30,0
0,0,1,0,0,33,51,59,97,48,42,31,0,2,0,188,88,0,0,0,0,12,0,3,0,0,5,0,0,0,0,8
0,17,50,0,19,61,37,33,48,1,28,43,21,19,0,0,162,62,0,0,0,5,16,8,8,0,0,0,0,0,24,0
0,0,26,64,0,6,159,0,0,26,116,18,0,0,32,127,45,31,40,0,0,0,0,16,28,0,64,0,0,45,12,90
111,20,97,29,0,74,71,121,66,32,79,254,0,0,0,2,24,176,31,36,18,0,26,0,16,26,0,0,59,0,0,40
0,94,17,0,0,26,13,7,0,35,0,156,77,12,12,27,76,238,13,0,9,7,31,0,30,9,11,0,0,12,29,43
7,35,36,77,19,32,143,0,104,8,0,18,26,0,11,2,49,51,93,0,0,0,28,22,0,0,0,43,14,22,0,17
0,26,2,0,61,40,38,93,6,37,97,0,206,92,0,42,14,49,147,27,6,0,8,0,0,13,49,25,44,0,11,0
0,25,2,35,58,48,0,0,25,27,8,74,39,52,0,0,0,31,5,9,121,0,110,13,0,0,0,16,34,0,0,16
0,11,15,0,0,3,0,0,0,25,1,0,0,20,0,0,0,10,31,43,42,44,154,35,0,13,0,0,0,16,14,0
80,32,0,0,9,0,13,8,10,5,10,8,0,0,0,0,25,0,0,38,0,51,6,6,24,0,0,15,41,31,0,0
53,0,0,27,0,0,8,0,18,17,7,0,8,0,9,9,3,0,0,12,27,0,41,2,18,12,20,10,0,0,0,22
29,0,43,0,22,7,0,24,10,54,0,0,17,37,27,38,16,0,14,9,9,0,0,0,0,0,41,0,17,32,0,13
0,0,11,0,19,31,20,0,4,28,10,0,0,0,201,164,190,0,58,79,35,14,0,0,34,0,0,64,0,23,0,0
137,0,0,0,1,0,0,17,5,13,16,77,51,100,220,95,116,0,53,221,213,60,37,13,42,40,0,1,5,33,11,0
223,27,8,13,0,12,5,4,7,17,25,96,0,62,23,16,14,26,17,144,112,54,215,6,0,39,27,3,0,56,0,0
14,0,0,4,11,0,0,25,0,0,0,56,12,0,62,11,74,16,45,115,94,30,251,107,0,0,0,24,23,6,25,0
0,8,53,0,0,0,0,43,0,0,0,37,0,43,105,0,0,77,0,23,147,47,92,159,0,2,0,12,9,16,0,0
92,14,0,17,0,24,17,0,5,39,16,0,5,0,3,141,5,33,94,6,13,16,36,16,4,11,30,26,0,0,0,18
187,0,0,0,0,0,45,34,4,51,60,94,137,142,71,11,0,14,23,10,0,0,0,0,0,0,21,0,2,65,0,50
237,0,11,13,30,0,43,0,8,0,167,44,225,128,171,0,12,4,30,0,21,12,0,0,0,27,40,0,0,0,9,0
61,25,46,10,0,0,0,84,3,47,86,5,56,37,18,0,30,3,5,0,17,0,15,28,6,0,58,16,23,0,22,26
76,27,4,0,0,48,0,102,25,42,30,0,0,0,14,10,0,0,23,0,20,7,60,0,15,0,20,19,1,67,33,0
115,3,0,43,0,74,27,39,0,0,25,0,0,36,14,0,28,0,7,0,0,2,22,0,17,0,37,8,0,0,0,44
0,0,25,0,8,52,0,11,0,7,0,0,32,12,1,0,0,14,0,0,0,7,0,0,2,0,0,33,0,0,0,0
122,17,18,0,0,12,0,0,0,0,0,2,0,0,0,4,0,15,0,0,22,21,13,28,5,0,0,11,66,0,46,0
0,0,0,8,0,0,1,1,24,2,4,10,0,0,0,0,23,0,7,25,3,8,0,1,1,0,0,16,0,0,0,0
17,7,0,2,0,0,0,18,11,1,0,0,15,3,52,3,0,0,0,0,19,0,9,3,1,8,41,5,0,46,9,34
0,20,42,0,0,23,13,0,24,0,0,6,8,1,13,11,0,0,4,9,0,0,6,0,6,0,0,0,63,8,2,0
0,0,0,0,12,0,0,0,12,0,7,0,21,22,0,6,0,0,0,0,10,0,3,9,0,0,12,18,13,13,50,0
0,22,21,0,0,0,13,6,8,0,0,0,0,26,0,0,9,1,8,19,0,3,0,4,28,0,23,27,0,0,3,61
0,0,0,0,9,0,40,0,13,4,10,0,22,38,14,0,44,32,72,0,0,113,0,14,8,0,14,0,0,32,0,0
26,0,0,38,17,0,11,0,1,13,28,39,75,33,10,112,11,23,33,44,171,71,0,7,0,9,0,33,0,0,0,0
0,4,2,16,0,0,30,24,69,79,36,24,28,30,0,176,58,78,0,92,49,243,87,0,10,84,13,0,7,21,0,0
0,37,13,30,40,36,19,41,21,0,60,123,33,45,13,28,135,65,78,165,146,75,90,0,24,79,108,0,55,30,12,0
4,43,0,0,71,16,22,22,6,32,0,7,24,18,10,95,19,101,137,53,216,23,202,39,14,29,14,17,166,0,0,16
0,18,130,26,0,67,76,68,58,8,99,0,17,0,30,19,45,1,183,94,134,9,180,97,0,0,56,55,123,84,0,15
80,44,0,0,11,1,0,58,0,57,6,33,0,50,48,48,53,100,9,184,133,80,163,27,0,37,186,183,93,0,19,0
34,8,35,107,72,0,9,32,103,13,0,0,8,14,0,0,49,0,27,5,212,53,109,48,0,0,0,45,113,23,29,0
53,0,0,0,7,8,0,28,65,0,21,7,20,17,0,14,5,8,18,10,80,0,32,40,0,0,29,18,32,21,0,0
0,0,6,13,0,16,0,0,0,42,4,11,4,6,9,0,8,6,0,5,17,7,0,17,0,45,26,9,9,0,0,0
0,0,0,5,0,0,10,0,0,0,0,0,13,15,0,0,0,2,14,0,0,31,0,0,2,0,0,0,0,16,22,56
27,14,2,8,0,0,27,0,0,0,0,0,0,18,0,0,2,17,26,36,24,5,5,0,12,34,68,0,0,0,0,35
0,24,3,0,0,4,2,0,23,15,0,18,2,0,0,23,49,26,23,35,29,0,0,0,12,16,30,0,30,19,0,0
0,22,0,10,0,0,16,31,0,0,5,0,14,1,9,0,4,18,0,0,1,0,35,0,171,7,3,36,1,0,9,17
119,14,0,3,0,28,0,0,0,0,0,37,0,14,34,5,0,0,0,13,16,9,2,37,173,16,1,27,0,0,4,45
0,0,0,12,50,0,0,29,62,0,48,0,0,11,9,0,67,0,0,9,33,0,98,0,139,0,0,0,22,0,11,32
0,0,10,0,0,35,0,0,0,30,0,10,9,16,0,32,1,0,0,20,46,47,46,0,0,23,0,19,0,16,0,0
0,6,0,0,0,14,0,0,0,1,44,19,26,3,5,0,74,0,1,30,16,58,0,7,13,63,15,83,7,0,8,11
182,4,0,13,22,0,13,37,20,26,13,7,76,23,112,22,53,58,47,0,29,38,17,0,0,0,0,0,14,0,36,0
0,0,0,7,2,0,19,34,0,15,0,12,13,13,0,8,0,11,32,108,134,6,0,10,0,6,5,8,0,43,5,0
0,0,0,9,36,0,52,0,27,24,52,0,62,68,31,0,13,20,2,0,0,0,7,27,1,0,17,1,8,7,0,13
0,8,0,0,9,0,9,0,6,5,7,45,91,28,15,29,25,0,0,0,18,0,0,10,0,0,8,0,0,0,21,5
18,13,13,3,16,35,0,12,0,43,0,0,0,6,15,2,0,7,0,11,0,0,18,12,1,1,0,0,0,4,5,8
0,22,7,5,8,55,7,2,3,16,0,16,0,16,17,0,0,0,0,6,4,1,12,5,0,11,0,0,5,18,14,0
0,0,4,17,4,10,0,0,0,18,0,0,0,17,8,0,0,11,0,0,0,38,0,13,0,0,4,0,0,5,0,0
0,4,13,4,0,0,0,5,0,0,0,4,0,0,13,10,5,3,11,14,0,0,0,1,0,2,0,10,5,0,11,35
0,0,0,0,4,7,9,16,0,1,24,16,0,0,0,11,10,24,0,1,0,0,10,11,0,1,24,2,4,2,8,0
13,0,11,0,0,0,0,0,0,0,14,49,0,23,0,3,10,0,0,20,9,9,0,5,7,0,7,0,7,0,7,0
22,0,0,0,0,1,26,0,0,5,29,0,5,10,5,2,33,17,0,4,0,0,0,16,4,0,32,5,0,0,0,9
3,0,2,7,11,0,0,26,0,0,0,0,2,0,0,0,6,4,0,3,0,0,5,4,8,0,21,0,7,39,0,20
0,5,0,8,0,0,0,6,13,0,0,0,0,1,1,0,1,6,5,2,2,0,8,0,0,0,6,10,2,0,18,1
16,3,0,7,0,0,0,0,9,1,0,0,0,1,0,4,4,6,0,1,2,2,0,0,3,0,0,0,1,3,2,32
15,4,0,7,8,3,13,6,2,6,0,2,0,5,0,0,7,0,4,0,0,0,0,0,10,10,0,1,0,0,0,27
58,1,0,0,7,18,0,0,5,28,84,0,85,1,5,20,5,23,0,0,4,6,0,0,0,2,17,2,0,0,0,2
51,0,0,0,7,12,3,34,29,21,16,14,34,24,10,140,4,33,0,33,8,7,51,0,0,41,7,0,2,0,1,0
60,0,0,0,35,31,16,3,11,0,8,78,0,35,19,3,63,121,26,80,118,4,119,40,64,155,31,8,0,0,0,27
0,8,33,33,18,30,11,10,11,52,50,3,40,24,9,43,75,68,11,10,44,0,129,53,212,16,72,6,6,3,0,0
0,7,33,8,0,86,121,58,19,43,33,27,6,6,34,3,47,25,152,147,129,19,32,2,54,33,16,28,10,0,0,7
63,52,20,5,1,0,33,13,5,9,29,55,4,9,0,85,94,112,17,6,21,8,39,97,61,33,48,52,7,0,0,15
0,3,23,4,22,13,5,0,95,9,0,1,0,36,41,24,1,10,9,0,0,40,11,12,43,5,14,31,21,1,0,40
67,39,9,1,0,0,6,0,2,0,25,0,1,0,0,0,0,0,0,0,27,0,0,3,0,0,0,2,0,0,0,0
42,31,2,0,4,24,0,0,3,3,23,4,11,2,0,0,4,0,10,12,3,3,0,0,2,11,0,0,2,0,0,16
6,0,0,0,0,0,3,0,0,6,0,10,0,0,4,3,9,0,56,2,10,0,0,7,0,0,7,0,9,0,24,43
40,1,0,0,0,0,0,0,0,1,2,8,12,5,0,0,0,6,17,3,3,2,0,0,0,0,2,5,0,0,12,30
17,3,1,3,0,0,0,0,2,0,0,0,1,1,0,2,0,0,0,8,10,3,0,0,0,0,2,0,1,7,0,13
27,3,0,2,1,0,0,0,0,0,5,1,0,36,0,6,2,0,0,0,3,0,0,0,0,5,0,0,0,11,21,0
71,8,0,0,4,0,0,8,8,1,7,29,0,4,0,6,0,0,44,3,0,1,0,0,3,0,0,0,0,12,2,0
0,0,0,0,0,5,2,0,0,0,0,0,0,0,28,0,5,37,3,0,11,0,6,4,0,4,10,0,6,1,0,0
0,0,0,0,0,0,0,0,0,0,2,30,2,0,4,52,11,4,2,19,0,0,6,0,3,0,0,3,0,0,0,0
47,4,0,1,0,6,0,1,0,0,8,0,36,18,3,15,24,0,1,3,0,0,0,0,7,6,0,5,2,0,0,48
0,10,0,0,0,9,0,0,0,0,9,65,18,28,74,0,0,0,10,1,0,0,2,4,0,0,0,0,3,0,0,0
21,0,1,2,7,0,7,4,2,0,0,9,32,0,3,3,5,0,9,0,7,0,13,0,2,0,9,6,0,3,0,0
16,0,0,0,0,11,32,6,15,0,63,0,0,48,4,0,1,0,11,1,9,2,0,0,8,4,10,0,1,12,10,0
0,3,11,0,29,7,0,13,0,25,6,0,0,0,9,6,10,0,2,0,8,0,0,8,4,0,0,0,4,11,0,4
0,4,0,4,49,19,8,14,19,2,0,0,9,0,11,0,0,0,0,3,0,10,6,2,0,0,0,0,0,0,0,0
0,0,0,3,12,18,0,0,30,1,0,6,0,0,0,0,0,0,0,2,0,0,0,0,0,3,1,0,4,0,0,15
0,0,7,28,13,26,0,6,17,0,0,6,1,5,3,0,0,0,0,1,3,2,0,2,0,5,6,0,0,0,0,5
0,0,1,0,0,0,0,2,0,1,2,8,0,7,2,6,9,7,4,0,0,4,2,0,9,0,3,0,3,0,0,4
23,3,0,0,22,0,1,0,3,0,0,1,5,0,5,2,0,7,9,0,0,0,0,0,4,0,0,0,0,0,0,11
6,7,4,0,0,0,7,0,10,0,0,3,0,0,2,0,0,0,4,5,6,6,6,0,0,0,0,4,0,0,0,0
10,0,9,0,0,0,0,0,5,8,11,5,0,0,0,0,5,5,7,0,8,9,10,7,1,0,0,0,1,2,0,1
2,3,0,9,2,2,0,0,12,0,6,0,0,0,0,0,0,10,0,4,3,0,0,8,0,0,5,4,0,7,0,6
61,6,0,0,0,0,0,0,9,0,0,0,3,6,8,0,3,3,0,11,0,0,8,0,0,3,0,0,0,0,0,4
0,0,0,3,4,0,6,0,7,4,0,1,0,11,0,7,4,0,0,5,9,0,11,0,8,0,0,0,1,0,0,0
0,1,0,0,0,0,0,8,10,0,6,6,4,0,1,9,0,0,6,6,6,0,10,2,1,7,0,0,0,2,3,0
11,6,0,1,23,7,0,0,0,0,20,11,84,0,0,0,0,6,0,2,0,3,1,0,0,0,3,0,0,0,4,0
76,0,2,0,0,0,0,17,39,2,12,9,30,35,1,30,0,8,6,0,0,4,9,0,0,0,0,0,0,1,0,0
0,0,8,0,29,45,1,0,0,3,4,78,15,1,22,0,25,182,60,29,117,8,69,0,2,0,17,0,0,1,7,9
4,0,26,38,15,26,5,0,2,28,10,0,48,32,11,29,5,53,0,0,44,25,28,20,39,12,66,0,0,3,0,0
24,11,24,0,0,1,72,45,38,10,4,27,0,10,55,14,68,0,123,47,65,21,15,0,7,0,5,21,14,0,9,0
0,18,40,6,0,10,33,0,4,60,11,29,7,0,0,100,50,40,12,0,0,0,36,101,16,28,9,14,4,2,2,0
0,0,36,0,32,19,7,5,158,0,10,5,2,46,0,15,1,15,4,0,0,56,12,0,16,0,4,18,3,0,12,5
98,5,10,0,0,21,0,4,10,0,5,1,0,1,0,19,5,0,7,3,0,0,0,1,0,2,0,0,5,13,12,0
0,28,0,0,6,1,4,2,0,0,2,0,0,0,1,3,14,0,7,5,12,0,0,3,2,2,7,0,0,0,0,5
13,3,0,9,0,0,0,9,0,4,0,0,0,3,0,2,4,0,51,0,0,0,0,5,1,0,0,0,8,0,0,23
0,0,4,1,0,4,8,0,3,0,0,1,1,12,0,0,1,0,3,0,4,1,0,0,0,0,0,6,0,4,8,0
0,3,0,0,0,1,0,0,0,2,8,0,4,0,0,13,6,8,6,0,3,0,10,0,4,2,0,0,0,4,0,5
0,0,0,4,0,2,0,0,0,0,0,6,0,18,0,0,2,0,0,7,0,0,0,1,0,0,0,0,0,4,0,2
0,0,7,0,1,0,0,0,5,4,4,16,0,8,0,0,3,70,41,0,0,0,6,0,0,0,0,0,3,4,0,0
63,0,0,0,0,1,1,4,0,1,0,5,0,4,5,11,34,23,0,10,0,0,0,0,1,4,0,0,6,0,0,0
81,0,0,0,3,2,7,0,0,0,4,11,10,0,0,75,33,2,0,0,1,0,0,1,1,8,0,0,0,0,3,14
0,7,0,0,10,0,0,10,0,0,3,8,0,0,0,7,3,0,4,0,6,1,7,0,0,3,0,0,5,5,0,0
45,0,6,5,0,0,0,3,2,33,2,61,21,30,23,0,0,13,0,0,0,0,4,3,0,6,0,8,0,15,1,0
21,0,0,0,1,0,2,0,1,4,0,1,0,6,0,0,0,0,6,0,0,3,0,0,0,0,0,0,1,9,5,0
0,0,0,3,0,8,0,0,7,3,38,0,10,9,2,0,1,0,0,4,1,10,3,0,0,1,1,0,0,6,0,0
0,0,7,0,5,0,3,0,0,13,3,0,0,10,10,0,3,0,0,0,0,2,0,0,0,2,1,7,2,0,0,11
0,4,0,1,16,6,0,7,21,0,8,0,0,0,3,3,3,0,0,6,1,0,2,0,0,0,6,0,6,5,0,0
0,5,0,0,5,16,1,7,6,0,0,5,0,0,10,0,0,0,0,0,0,0,0,1,3,6,3,4,0,0,1,6
36,0,4,0,0,0,4,8,7,0,1,10,0,3,0,2,2,0,5,6,6,0,1,2,0,10,0,3,0,4,3,1
0,4,10,0,3,6,0,0,2,3,0,3,6,0,0,2,0,0,3,0,0,0,0,4,0,2,0,1,0,3,0,7
0,4,0,0,5,6,0,0,5,0,5,3,0,8,0,0,0,0,0,0,0,6,0,0,4,0,0,4,2,6,0,0
0,3,0,0,6,0,0,0,9,0,0,0,0,1,0,0,0,0,6,4,1,1,0,0,4,2,0,0,0,0,1,0
0,0,0,0,0,0,0,1,0,5,2,0,0,0,1,1,0,1,0,0,0,2,0,0,1,1,8,0,0,3,0,7
1,0,0,4,5,0,1,8,0,0,0,1,0,0,0,7,5,0,1,0,0,3,0,1,0,0,1,1,0,0,0,0
121,4,7,0,0,0,8,4,9,0,0,8,2,0,0,0,0,1,6,1,3,0,6,0,0,0,0,0,0,7,8,2
0,0,0,0,0,0,0,0,0,0,0,0,0,5,6,0,7,0,3,3,0,0,9,0,4,0,8,0,0,4,18,18
0,0,2,0,13,0,1,0,1,0,0,0,0,0,6,0,1,4,0,13,0,3,0,0,0,0,1,1,0,0,5,0
0,1,2,0,6,4,3,5,7,0,7,5,103,0,0,4,0,26,0,0,0,0,0,0,0,10,0,1,2,0,0,9
98,0,0,6,1,0,0,0,8,21,0,15,6,41,2,48,0,31,0,0,0,3,0,0,5,0,1,4,0,0,0,22
70,4,5,0,55,41,4,3,5,3,0,45,9,3,4,0,29,132,20,3,59,0,24,0,0,0,10,4,2,0,4,5
0,4,26,25,30,21,5,4,0,9,0,7,50,7,0,30,8,9,1,1,10,0,34,26,0,16,2,0,0,10,22,9
14,13,34,1,0,2,16,0,14,43,0,12,0,11,9,9,63,8,97,9,4,1,13,9,0,0,28,43,0,0,0,17
0,0,29,2,0,3,37,3,2,27,13,8,21,22,4,32,74,49,14,3,0,10,41,12,0,20,17,4,0,3,0,2
0,1,1,12,43,17,8,16,119,6,0,1,3,6,9,16,0,20,0,0,0,31,22,0,0,0,0,14,0,7,0,0
116,0,0,5,0,13,0,19,23,0,0,2,3,0,5,32,6,0,0,0,38,0,0,0,8,0,0,0,1,8,6,0
7,24,1,0,1,14,0,0,0,4,0,7,6,0,0,1,0,0,0,0,0,2,0,0,0,0,0,3,0,2,0,8
0,4,5,0,0,9,7,2,4,0,0,0,1,0,0,0,0,0,61,2,5,0,0,0,0,0,0,0,0,5,5,6
0,0,0,1,0,6,0,0,0,11,0,0,7,0,2,8,0,3,14,0,3,5,0,0,0,0,0,0,0,7,0,0
32,0,0,7,0,0,3,8,0,3,0,0,0,0,2,1,32,0,8,8,0,0,0,0,0,7,0,0,3,0,0,19
19,0,0,0,0,0,1,0,0,2,0,0,0,10,0,1,9,0,13,4,0,0,8,7,0,3,0,0,0,0,10,9
52,0,0,0,4,2,0,0,0,7,0,48,0,0,7,0,3,64,8,3,5,0,4,3,0,4,9,0,0,6,7,0
0,1,0,0,0,0,5,11,4,1,5,8,0,0,0,2,30,0,8,3,8,0,0,0,0,1,0,0,11,2,4,0
65,0,0,0,0,0,0,15,0,5,1,40,2,0,4,34,18,0,0,0,4,0,0,0,0,0,0,11,0,1,0,2
0,0,0,0,0,0,1,0,0,0,0,0,0,0,7,2,2,6,0,10,3,1,2,6,2,0,1,0,0,0,6,12
128,0,0,0,0,0,0,0,0,21,0,58,25,36,2,0,0,0,0,1,3,0,0,0,6,9,2,0,0,0,0,0
0,0,0,0,0,2,0,0,0,0,0,0,0,0,0,0,1,0,1,1,1,2,0,0,0,0,1,0,0,8,0,0
53,3,16,0,0,0,2,2,5,23,7,11,0,2,1,2,0,3,4,0,4,0,0,0,3,0,0,0,0,0,0,29
0,1,1,2,0,0,1,1,0,23,0,0,2,0,0,0,7,12,0,0,0,0,0,0,0,0,1,0,6,5,0,0
65,1,14,1,12,31,2,47,0,3,2,0,0,0,0,2,0,0,0,0,8,0,0,3,3,0,0,0,0,3,3,4
0,3,0,0,14,16,0,3,0,3,0,0,0,7,5,0,0,0,0,1,2,1,7,0,5,0,0,0,2,2,0,0
6,2,11,0,6,7,0,0,0,1,2,0,1,1,8,1,0,0,0,2,6,3,14,6,6,0,5,0,0,2,0,0
0,0,0,0,0,3,0,0,0,0,3,0,0,7,2,0,0,0,0,0,0,0,3,0,0,0,0,0,0,5,0,0
20,3,5,0,4,0,0,0,0,0,1,3,1,0,0,9,0,0,0,0,1,0,0,0,1,0,10,0,7,0,0,0
6,2,0,3,0,0,0,5,2,0,4,11,4,2,0,3,0,0,0,8,0,0,10,0,0,5,0,0,0,1,3,0
0,0,0,11,0,0,0,0,0,1,0,5,0,0,0,6,4,0,7,1,0,0,0,0,0,0,6,0,18,0,0,5
0,1,0,7,0,0,1,0,0,6,1,0,0,17,0,0,0,0,4,0,1,2,0,7,0,0,0,12,0,5,0,0
97,0,0,0,0,0,0,0,0,4,0,0,2,0,3,0,2,1,1,0,5,0,0,0,4,0,0,4,1,0,0,0
3,3,4,0,0,1,0,0,0,0,0,0,5,0,16,1,1,2,1,0,0,0,3,0,9,0,0,0,0,4,4,4
0,0,2,0,3,2,0,0,0,0,3,0,0,0,4,7,0,0,0,0,0,0,0,6,0,0,7,0,0,0,0,20
4,0,3,6,0,0,10,0,6,0,0,0,87,3,1,1,2,19,0,7,2,0,1,0,0,4,0,0,2,10,0,0
16,0,0,0,0,0,1,3,14,0,5,50,17,37,0,67,4,9,6,2,2,0,0,7,0,0,0,0,16,9,0,8
0,0,0,6,19,16,8,8,5,0,0,69,2,5,0,0,21,95,2,2,26,0,0,0,0,5,0,1,0,3,4,0
0,12,29,26,9,26,8,9,0,16,0,0,42,0,0,16,9,3,8,2,15,0,36,3,16,14,5,0,4,0,0,0
2,1,17,8,36,0,41,8,21,22,0,20,3,6,10,8,41,11,91,14,0,0,10,0,0,2,14,30,1,8,0,5
0,8,14,7,0,0,9,0,3,12,18,16,16,8,16,30,40,18,14,7,2,7,16,4,0,16,0,0,10,0,2,9
0,6,0,0,4,7,3,15,1,4,0,0,1,15,35,25,0,6,0,0,1,18,23,0,5,1,5,23,0,0,0,11
139,0,0,0,0,12,39,22,5,0,0,0,0,0,5,30,1,0,0,0,0,0,0,0,0,0,0,11,0,0,4,8
0,36,0,2,0,22,18,0,0,4,3,1,0,3,5,0,0,5,0,8,0,1,0,1,9,10,7,0,0,6,0,10
125,0,7,0,2,8,4,8,0,2,0,10,0,2,0,9,3,4,48,0,5,0,0,5,0,0,0,0,0,6,0,17
0,0,3,0,0,8,1,0,12,1,0,0,1,0,9,0,1,0,12,0,2,0,0,3,0,0,15,0,0,0,0,24
59,0,0,13,0,0,0,10,0,7,0,0,0,0,5,0,18,0,2,0,0,0,0,7,2,0,5,0,0,0,0,0
26,0,0,0,8,7,5,1,0,0,0,0,0,19,3,3,2,0,0,0,0,0,0,0,0,0,0,0,0,0,1,3
39,0,0,0,0,11,0,3,7,7,0,22,1,4,19,4,4,62,4,0,1,0,4,0,0,3,12,0,0,2,0,15
0,0,0,4,0,0,6,0,4,5,0,0,0,10,8,0,29,0,0,0,0,4,0,2,0,0,0,1,0,0,0,9
0,0,2,6,0,0,0,5,0,3,0,47,0,0,0,0,10,2,0,0,0,0,0,2,0,13,3,8,4,0,0,15
0,0,2,3,0,3,0,2,10,2,0,0,9,21,0,0,0,0,0,0,2,1,0,0,0,3,0,0,6,0,0,7
0,2,6,0,5,1,0,3,10,4,0,59,43,28,0,5,0,0,0,0,0,0,2,6,0,3,10,0,0,0,14,0
0,0,0,0,0,0,0,0,2,0,0,10,5,0,3,0,0,2,0,10,0,0,0,1,7,3,0,0,0,8,27,0
0,1,2,3,0,0,0,0,0,8,5,0,0,0,0,5,0,0,0,0,0,3,5,0,0,1,2,1,0,11,7,0
0,0,18,0,0,1,0,14,3,7,1,0,1,1,4,0,10,0,0,2,0,1,5,1,1,6,1,0,7,0,5,0
27,0,0,3,25,28,0,38,7,2,0,2,1,2,0,1,0,0,0,1,4,0,0,7,1,0,0,9,0,2,0,0
60,4,0,0,13,11,2,0,0,8,0,0,0,5,1,0,1,0,0,2,2,7,1,0,0,4,0,0,0,9,20,4
23,0,1,3,0,2,0,1,0,0,0,0,3,2,7,2,0,4,7,0,0,0,3,0,0,6,0,0,1,1,0,13
0,3,6,0,1,1,4,0,0,8,1,0,6,3,0,5,0,1,0,2,1,0,0,0,5,4,0,0,0,4,0,0
0,0,0,3,3,6,0,13,0,0,0,0,0,0,1,0,0,0,0,0,0,0,3,3,7,0,0,1,1,0,0,0
0,0,0,0,3,0,0,1,3,1,0,0,0,0,0,0,7,0,2,0,0,0,0,5,3,0,0,4,0,3,0,0
2,0,0,2,8,0,7,0,2,4,0,7,0,0,2,8,5,0,7,3,0,0,0,0,2,0,3,0,0,0,11,0
1,0,4,1,8,0,0,0,0,2,0,3,0,0,7,4,0,0,2,6,0,0,0,0,0,0,0,1,5,14,0,0
71,0,8,11,0,0,0,0,0,2,0,4,0,0,2,1,0,4,0,0,0,0,0,4,0,0,2,4,3,8,0,0
0,0,0,4,0,0,0,0,4,1,0,0,0,2,0,0,0,0,0,3,0,0,0,0,2,0,0,2,2,1,0,8
0,7,0,0,0,0,0,0,0,2,8,2,0,2,0,0,0,2,0,0,2,0,0,11,5,0,1,0,0,0,1,0
21,0,0,0,8,0,0,7,0,0,31,6,77,7,0,0,0,7,0,0,0,0,0,0,0,0,0,0,4,13,2,0
22,4,1,0,0,0,3,0,9,16,0,39,10,53,3,47,0,30,0,0,7,0,1,0,0,4,0,0,0,0,1,0
0,2,17,0,34,20,0,0,0,0,5,77,0,0,0,0,24,57,1,1,19,0,0,0,9,0,0,0,0,0,0,0
78,2,17,3,29,11,0,2,0,7,24,0,0,5,0,1,15,2,1,0,0,0,0,1,24,1,5,0,0,2,0,0
0,0,24,0,39,0,31,5,3,17,6,39,4,5,0,10,36,4,102,0,0,20,28,0,0,2,12,36,0,0,0,9
49,0,34,0,1,4,9,2,0,26,0,2,20,44,0,39,35,26,10,7,0,2,9,0,16,8,4,0,0,10,5,2
0,0,18,10,35,5,0,6,9,2,0,8,1,6,24,27,3,2,7,0,5,24,32,0,0,0,0,14,5,0,6,10
90,0,0,4,0,11,2,9,20,0,0,4,0,0,1,27,8,3,8,0,0,0,1,2,0,0,1,2,0,0,2,8
0,16,24,0,8,20,1,0,8,0,0,0,0,2,0,2,18,2,0,0,0,0,0,0,2,4,0,0,0,4,0,13
0,2,16,4,0,4,2,0,5,0,0,0,0,0,0,0,0,0,50,3,1,3,0,3,2,0,0,0,0,1,0,0
21,0,2,0,1,0,0,0,0,0,0,0,0,5,2,0,4,0,9,0,0,4,1,0,3,1,6,2,4,0,5,0
0,0,1,0,2,5,0,0,4,4,6,0,0,5,4,1,1,1,3,9,0,5,1,0,3,0,0,5,0,4,0,16
0,1,4,0,6,2,2,0,6,0,0,0,0,7,0,0,7,6,9,4,2,0,0,0,8,2,7,11,0,0,0,0
0,0,0,14,2,0,3,5,1,0,0,25,0,1,3,0,1,0,0,2,3,4,2,0,5,10,0,5,0,0,0,0
43,0,16,0,1,0,0,0,0,0,0,0,0,0,0,0,29,1,11,0,6,0,8,0,0,2,0,0,0,0,13,17
6,0,0,0,0,0,5,4,0,0,0,17,0,0,0,0,16,0,0,4,0,3,0,0,6,0,5,0,0,2,0,2
43,1,0,6,0,0,6,9,5,0,3,5,19,23,3,0,0,5,0,0,0,0,0,0,0,0,8,2,5,8,0,0
108,0,0,0,0,0,0,0,0,15,0,52,6,23,0,2,1,0,0,2,0,0,7,0,0,2,1,3,0,8,0,9
0,1,8,1,4,0,0,0,0,0,0,6,5,0,0,9,2,4,0,0,0,7,0,1,7,0,0,8,0,2,0,15
21,3,0,0,1,5,0,4,0,0,2,13,0,7,0,0,0,11,0,0,0,3,0,0,0,6,0,0,0,2,0,7
36,0,8,3,0,3,1,24,0,0,0,0,0,8,2,0,0,3,0,2,0,0,16,0,0,0,0,15,0,0,0,29
0,2,0,2,16,25,12,0,0,5,0,0,2,0,11,0,5,0,0,1,0,0,0,0,3,0,9,0,5,4,0,1
0,0,1,7,1,20,0,0,0,7,0,4,0,0,0,3,8,0,7,0,0,0,0,0,1,0,0,2,6,0,0,0
7,0,0,7,0,4,0,0,6,0,0,2,0,0,3,0,0,0,0,2,4,9,0,4,0,0,0,0,3,2,0,0
1,0,10,0,0,0,0,0,8,0,0,0,11,0,0,4,0,0,0,2,0,0,0,0,0,0,0,0,0,0,7,0
0,0,1,3,3,2,0,0,0,0,0,0,1,0,2,0,0,3,0,0,0,2,6,0,5,0,7,0,0,0,14,0
0,0,2,3,0,2,0,0,3,5,0,0,0,2,0,0,0,0,2,3,2,4,0,0,0,0,0,0,1,2,0,0
2,0,0,0,0,0,0,2,1,2,0,1,1,0,0,0,0,2,0,0,2,0,0,3,8,3,0,7,0,0,7,9
0,0,7,0,1,1,2,1,0,2,0,0,0,11,4,0,5,0,0,0,0,0,0,3,4,0,3,0,2,5,0,21
0,0,4,0,22,0,0,6,0,2,0,5,0,4,0,0,5,3,0,0,6,0,1,1,0,0,8,0,0,0,3,9
4,2,0,0,0,0,0,0,7,0,8,0,5,10,4,0,1,2,2,0,6,0,1,0,5,0,0,0,5,0,4,3
6,0,3,6,0,0,1,7,0,0,0,0,0,0,1,1,1,0,0,2,0,0,0,0,3,3,2,4,4,0,1,0
0,0,6,0,14,15,0,0,2,1,7,0,46,0,6,0,2,18,11,0,0,0,0,0,0,0,0,2,0,0,8,0
0,0,2,0,0,0,0,0,0,8,7,12,16,46,1,41,3,3,0,0,0,0,3,0,0,6,8,6,3,4,0,10
0,10,3,0,25,22,0,2,2,0,7,66,0,0,0,9,24,128,3,0,41,0,10,0,3,9,3,0,2,4,6,0
46,1,13,11,12,9,0,0,0,28,16,0,0,0,2,22,18,10,0,0,3,0,0,7,1,13,0,0,0,0,0,13
0,0,21,1,44,2,16,0,10,16,15,27,0,2,9,0,41,0,15,0,0,0,22,0,14,2,0,32,0,0,5,22
173,0,32,0,5,0,10,12,6,2,0,4,3,32,5,34,33,18,24,11,2,0,9,2,5,7,0,0,10,4,0,0
0,5,16,3,9,5,0,0,0,7,0,8,12,46,12,15,10,16,0,2,9,0,3,0,6,2,6,0,5,5,1,7
0,0,0,4,0,0,0,0,0,1,6,0,0,7,0,8,0,2,0,7,8,4,0,2,0,0,0,4,0,0,0,0
0,13,2,1,2,4,3,0,0,0,0,3,2,0,2,0,19,2,0,2,8,0,14,7,0,0,0,0,2,4,0,8
0,1,9,0,0,0,0,0,6,2,0,0,1,7,2,0,7,0,28,5,5,0,0,0,1,0,0,0,5,0,14,25
0,1,2,0,0,3,0,2,0,0,0,0,0,3,2,0,5,4,18,0,0,3,16,2,3,0,5,0,2,4,0,16
0,0,0,0,0,5,1,0,0,0,0,0,0,1,0,0,0,3,2,0,1,1,0,0,0,0,0,6,0,0,0,0
4,0,3,0,1,0,0,2,0,8,6,0,0,10,0,2,0,4,0,0,0,0,0,0,0,0,0,0,6,5,7,0
109,0,0,8,0,0,1,0,2,0,0,14,0,0,5,0,3,6,2,1,9,0,0,1,0,2,5,0,0,0,0,0
0,4,0,0,0,6,3,0,6,0,11,16,0,0,0,7,1,2,3,0,3,0,1,0,1,1,0,0,0,0,10,23
0,5,0,0,0,0,0,0,0,0,2,10,0,1,0,0,0,0,0,14,3,0,4,0,0,4,3,0,2,0,0,0
28,0,6,3,7,2,0,5,6,4,2,13,4,3,6,0,0,0,0,6,2,0,0,0,2,1,13,0,0,0,0,6
0,0,1,0,0,0,0,1,8,0,0,34,0,6,0,0,0,0,0,0,5,1,0,0,0,0,0,0,0,0,1,0
5,3,0,0,0,4,0,0,0,0,0,11,0,0,0,8,0,0,1,12,3,0,0,0,0,0,3,0,0,0,0,1
32,0,0,2,0,0,0,10,0,0,0,0,0,12,0,1,0,0,0,0,0,3,0,0,0,0,0,9,5,0,0,10
0,0,11,0,4,0,0,2,9,0,0,6,0,5,1,6,0,0,0,0,8,0,4,0,0,0,0,8,0,8,0,10
0,0,0,0,23,28,5,3,20,0,0,0,0,0,1,4,0,6,2,0,0,2,0,1,0,10,0,0,4,3,1,33
51,0,4,9,5,13,0,0,0,0,6,4,0,0,0,0,9,2,1,0,0,0,0,0,0,0,0,0,8,0,9,8
35,0,0,0,13,5,0,0,0,0,3,0,0,0,3,0,3,0,4,8,0,0,0,0,0,3,0,4,0,0,0,20
0,1,9,0,0,0,7,5,0,1,8,0,0,1,0,0,0,0,1,0,1,0,0,0,0,0,0,0,8,0,12,12
0,8,0,0,0,0,3,0,1,8,3,2,3,1,0,0,1,0,0,0,0,3,6,4,4,0,0,0,0,0,2,11
0,0,0,15,4,0,2,1,0,0,2,5,0,0,0,2,4,0,1,0,0,3,0,0,0,0,0,6,3,4,0,0
0,0,6,1,0,0,0,3,6,6,0,0,0,0,0,0,0,0,0,0,0,2,3,11,0,0,7,0,2,0,2,8
0,4,0,1,6,0,1,9,1,0,3,0,3,0,0,0,2,2,0,2,1,0,0,2,1,0,3,0,3,0,2,6
