0,0,7,0,17,0,2,3,0,0,3,6,1,0,1,0,5,5,0,0,0,0,0,4,0,1,0,7,5,10,18,5
3,0,0,0,1,6,7,0,0,0,1,0,0,2,2,0,2,0,0,0,0,0,0,8,0,0,0,0,0,8,0,0
0,0,0,0,6,0,9,0,0,8,3,2,0,3,0,0,0,3,0,0,0,8,0,0,3,0,5,4,8,0,0,13
0,0,2,0,8,0,10,0,7,5,0,0,0,5,5,0,0,0,5,2,3,0,0,0,0,0,0,1,0,0,0,0
7,4,0,3,0,0,0,0,0,8,0,0,0,0,0,5,0,1,8,0,0,0,0,5,0,6,4,0,0,0,0,0
50,2,0,8,11,2,0,0,0,0,0,64,0,8,0,2,0,0,0,4,0,0,3,0,0,0,2,9,1,1,0,7
13,0,0,8,26,17,2,0,0,1,5,10,0,0,0,27,0,3,0,0,1,3,0,0,1,0,0,14,0,0,12,33
63,0,14,0,22,8,0,0,7,32,3,13,0,3,24,14,29,7,4,0,0,0,18,7,0,0,0,0,3,3,8,1
0,3,6,1,0,6,0,0,0,17,3,0,9,18,0,51,47,10,14,0,1,0,0,0,0,0,0,8,0,0,5,0
0,0,6,4,21,1,0,0,38,0,0,0,3,52,22,9,1,33,0,1,0,5,16,0,5,0,4,0,0,10,0,0
0,2,0,0,6,0,0,0,9,0,0,2,0,31,3,38,0,0,8,0,23,3,3,0,5,0,0,1,2,0,5,8
0,30,10,6,0,0,0,3,0,4,1,7,23,0,9,14,29,7,0,0,40,2,0,0,2,5,30,1,0,3,0,2
123,0,11,0,0,0,3,0,0,9,23,19,56,4,25,4,5,4,49,6,4,0,15,3,0,0,5,0,40,6,0,3
0,0,4,0,1,0,61,0,0,2,10,1,33,29,33,12,3,26,0,2,0,1,9,5,0,0,10,7,0,6,0,0
0,2,16,0,0,0,14,12,0,0,18,2,9,8,0,7,115,27,16,7,33,0,14,6,0,0,9,0,1,14,2,0
0,4,0,2,0,0,8,0,26,0,8,0,0,24,2,3,10,0,97,4,6,0,0,0,0,4,27,0,0,0,0,7
0,0,28,5,0,16,0,0,17,0,0,36,0,0,4,0,45,0,81,0,0,11,13,3,0,0,6,0,0,0,0,0
14,5,7,6,7,0,1,17,3,2,2,0,9,0,25,0,33,28,0,0,0,0,0,0,0,1,0,0,1,8,4,0
36,0,7,0,0,0,0,0,0,0,0,53,10,0,8,34,32,0,0,6,0,12,2,0,2,6,0,3,1,2,1,8
5,0,6,1,0,5,38,0,0,0,1,17,0,15,3,0,7,0,5,11,4,0,3,0,0,0,1,0,0,0,0,0
0,0,17,7,0,0,10,0,0,0,0,52,4,32,23,0,2,4,3,0,3,0,0,5,0,0,0,0,0,10,0,0
19,6,5,4,8,0,3,0,2,27,0,6,0,14,0,5,0,0,6,0,0,0,0,0,0,0,1,6,3,7,0,0
0,0,0,3,1,0,6,0,10,0,0,2,2,5,0,0,5,0,0,0,0,0,0,0,0,0,0,3,0,4,0,7
4,7,0,0,2,0,8,1,7,0,0,4,0,4,0,0,0,0,5,5,5,0,2,0,0,0,1,0,7,0,2,0
1,0,0,3,2,0,0,3,7,0,4,6,0,0,0,7,0,0,9,0,0,2,6,0,0,0,0,0,0,0,0,12
0,0,0,9,7,0,3,0,0,0,1,3,1,7,0,0,0,0,0,0,4,2,2,4,0,0,4,0,0,3,0,9
1,0,0,0,10,9,0,0,0,1,0,0,0,0,2,0,2,0,0,0,0,3,0,0,1,5,2,0,0,0,0,0
0,0,0,0,0,1,0,0,0,0,0,0,0,0,0,2,1,2,0,0,0,6,0,0,0,5,5,6,9,0,0,20
3,0,0,0,5,6,0,1,5,0,0,1,0,0,8,2,6,1,0,0,0,0,0,0,0,9,0,6,0,0,0,0
0,0,0,0,0,0,1,0,0,0,2,0,4,10,0,0,5,1,10,0,0,1,0,0,0,0,2,0,2,3,6,0
0,2,3,0,0,2,0,0,1,1,7,0,0,0,5,0,4,3,0,0,2,0,7,0,4,1,5,0,0,0,0,0
0,0,1,3,0,0,0,7,0,2,0,5,0,0,0,2,0,0,5,0,2,0,0,6,0,0,0,0,0,3,6,16
59,4,2,0,12,0,0,0,0,0,3,0,9,7,0,5,8,0,0,1,6,3,0,0,0,0,4,0,0,8,6,0
0,2,4,7,0,2,5,0,4,2,1,0,0,0,0,5,1,4,1,0,1,0,0,8,4,0,3,1,4,2,8,18
0,0,0,0,0,1,0,5,0,0,6,4,0,0,0,0,0,0,5,1,2,0,4,4,0,0,4,0,0,0,0,5
0,0,0,7,0,0,11,0,0,2,3,0,9,6,2,0,0,0,0,0,0,0,0,2,3,4,4,3,0,4,0,0
0,0,0,0,0,0,0,0,0,0,2,9,5,2,0,0,0,0,1,0,10,4,0,7,0,0,0,0,1,0,3,4
1,0,0,4,0,3,8,0,0,0,0,53,0,0,1,0,2,0,0,4,0,0,3,0,6,0,0,0,0,5,0,0
0,1,7,3,18,2,0,0,0,32,0,2,0,0,0,6,0,0,0,0,0,7,0,0,1,0,0,6,0,10,0,11
25,0,10,8,17,0,11,6,0,36,0,3,0,1,26,3,42,0,5,0,2,0,15,0,0,0,0,4,8,0,0,7
86,0,0,1,0,6,0,1,17,20,0,1,10,18,2,50,49,3,6,2,0,0,9,3,0,0,8,2,0,1,4,0
107,0,16,0,22,0,1,4,0,0,0,0,3,35,27,1,3,26,0,0,0,5,0,1,0,0,3,14,0,0,0,15
0,4,13,0,24,9,0,1,0,0,3,0,0,32,0,29,0,8,0,0,20,0,0,3,4,7,0,1,0,0,1,27
87,41,4,0,4,2,0,5,0,19,0,2,5,3,8,8,11,10,3,0,30,0,4,0,4,1,61,5,3,0,0,0
117,0,14,0,0,0,0,6,0,7,8,17,77,0,20,11,2,0,55,7,2,0,5,0,0,0,12,0,16,6,2,14
123,10,12,2,10,13,97,0,0,0,7,0,28,9,9,19,4,22,14,8,0,1,4,0,0,1,0,0,8,0,0,0
0,3,0,0,0,4,21,15,0,0,31,0,57,10,6,0,150,13,3,26,0,0,0,4,1,0,0,3,0,0,4,0
0,0,0,2,0,0,0,2,6,0,0,2,0,11,3,0,3,1,71,5,0,7,0,3,3,0,12,1,9,6,0,0
0,3,3,0,5,14,17,0,27,28,2,37,0,6,21,2,27,67,44,0,0,3,1,0,0,0,13,0,3,0,5,2
83,0,0,0,0,0,6,11,0,0,0,6,17,0,33,0,34,29,3,9,2,0,0,0,0,7,3,3,3,0,8,0
77,0,3,0,0,0,0,5,0,0,0,13,0,0,3,0,33,5,0,0,2,0,0,6,6,0,14,0,0,0,5,0
0,0,0,9,0,0,32,6,0,0,3,1,2,10,2,8,12,0,0,0,0,7,0,0,0,5,0,0,0,0,0,0
74,2,0,4,0,1,14,0,0,24,0,51,1,35,0,0,12,7,0,0,0,0,0,2,0,0,0,0,0,0,0,0
0,0,0,9,4,0,6,4,7,0,0,3,0,0,6,0,5,0,0,6,0,0,0,0,4,8,0,2,0,0,0,14
1,3,8,0,0,4,0,0,13,0,0,10,2,1,1,2,0,0,5,0,1,3,0,0,0,5,0,4,13,2,1,14
0,1,0,2,4,0,2,2,19,0,1,0,2,0,0,0,0,0,5,0,0,0,0,0,0,11,0,0,0,0,6,4
0,1,0,0,2,1,1,5,2,7,0,1,8,1,5,0,5,0,0,2,0,7,5,0,0,1,0,3,0,0,5,0
1,0,4,0,0,15,2,0,6,0,0,0,6,0,0,0,1,0,2,0,4,5,0,0,1,1,0,2,0,10,16,1
1,0,4,5,0,0,5,0,0,0,6,0,0,0,0,0,0,0,0,2,9,0,0,4,0,0,0,0,2,0,0,0
0,0,0,3,0,0,0,0,0,0,6,0,0,4,0,0,0,0,0,2,5,0,0,0,6,0,12,5,9,0,4,14
0,0,3,0,0,0,0,0,0,0,4,0,0,0,4,4,0,0,0,0,0,1,0,1,0,1,0,0,0,0,1,1
0,0,0,3,4,0,0,0,3,0,0,2,14,2,6,0,0,1,7,0,0,3,0,3,0,8,16,4,5,0,8,0
0,0,0,0,0,1,0,0,7,2,0,0,0,0,0,2,0,1,1,1,0,0,0,3,0,0,6,0,0,0,0,0
0,7,0,0,9,0,0,0,0,2,1,0,0,7,5,0,0,1,0,0,4,0,0,0,6,0,0,0,0,0,1,0
48,4,0,0,15,0,0,6,0,6,0,0,8,0,7,0,0,0,0,4,0,0,0,0,5,0,0,11,7,6,0,3
0,0,0,0,2,1,0,0,0,0,0,1,0,0,0,5,1,0,1,0,0,0,5,0,1,7,0,11,0,0,6,0
2,2,0,4,0,1,0,7,0,0,13,0,2,0,7,8,0,0,0,0,0,0,0,1,1,0,0,10,1,0,3,0
0,3,0,0,0,7,0,0,0,0,0,4,0,0,3,6,2,0,7,0,3,8,0,2,2,0,0,5,0,1,0,12
0,2,0,5,0,4,2,0,6,0,12,0,0,6,0,1,0,0,0,0,4,0,3,0,2,0,0,0,8,0,0,0
0,0,4,3,8,5,2,0,7,0,1,64,0,4,1,0,0,0,0,3,2,0,0,0,5,0,0,0,0,7,1,7
42,6,0,0,13,11,0,0,0,39,1,1,0,7,0,0,1,0,1,4,1,0,0,0,7,0,0,3,6,14,0,34
0,14,5,0,9,0,12,0,0,17,1,19,14,3,43,4,48,7,1,0,0,0,7,3,3,0,7,0,8,4,4,0
0,2,0,0,0,0,0,0,0,20,0,0,4,6,3,44,27,40,19,5,0,0,1,0,0,2,9,0,0,4,0,16
0,0,5,6,10,0,0,0,16,6,4,5,5,45,20,0,5,21,0,6,0,0,11,4,7,0,0,0,0,0,0,0
18,1,0,0,5,7,0,0,12,4,7,0,0,31,6,34,7,0,4,2,0,3,0,0,3,3,0,0,9,0,0,0
92,6,7,0,4,7,3,0,0,4,0,1,48,10,29,0,11,1,0,0,5,0,0,4,0,0,45,0,0,7,2,4
0,0,0,0,0,0,0,0,0,3,4,0,51,4,23,16,3,1,52,2,0,0,0,4,3,0,8,0,0,14,0,0
0,4,0,0,5,1,0,0,2,5,9,0,26,0,10,19,1,31,1,4,0,13,34,0,0,0,0,5,0,0,5,2
232,0,0,0,0,1,0,26,0,0,35,4,9,0,2,1,156,21,19,13,0,4,18,0,0,0,0,3,0,0,0,0
97,10,0,0,0,0,2,0,3,34,1,0,0,17,0,0,8,4,16,3,4,0,0,6,0,1,0,0,3,0,9,7
63,0,21,0,5,13,0,0,5,39,0,33,0,0,0,1,36,73,84,0,0,0,0,3,2,0,1,0,0,7,0,0
62,1,0,0,0,7,6,23,0,0,0,1,18,1,10,0,23,22,1,2,0,10,8,0,0,0,0,0,0,10,8,0
0,0,0,4,0,0,0,4,0,0,3,49,0,0,1,63,19,0,0,0,0,0,0,0,1,4,0,0,0,4,0,9
0,6,0,0,7,21,0,9,0,0,0,8,3,7,0,0,5,0,5,11,5,0,7,5,7,6,0,0,11,4,0,0
0,12,0,0,0,0,0,21,0,24,9,30,8,43,11,0,10,0,7,0,0,0,0,7,1,0,0,4,2,0,0,3
0,1,10,0,0,0,0,0,5,0,0,4,8,0,0,2,0,2,0,0,0,0,7,0,0,6,0,1,1,1,1,13
0,0,0,13,0,4,1,0,0,0,11,4,0,0,0,3,0,0,0,3,0,4,0,0,5,4,1,0,0,3,2,0
0,0,11,0,13,3,7,0,14,0,0,2,5,0,0,0,0,2,0,2,8,0,2,0,6,7,0,0,0,0,0,0
1,1,0,0,0,0,5,0,13,2,5,0,3,0,1,0,0,0,0,0,0,0,0,0,0,0,5,1,0,0,2,25
2,0,0,0,3,5,7,6,7,4,0,0,0,0,7,0,0,0,3,3,3,3,0,0,0,3,0,0,0,0,0,0
0,0,0,0,0,9,0,3,0,5,0,3,3,2,0,15,0,0,2,2,6,0,0,0,1,5,2,0,4,0,3,0
11,0,4,0,8,4,1,0,0,0,1,0,2,1,14,5,6,4,3,0,0,0,0,3,4,0,1,5,8,2,0,0
4,0,0,4,0,0,1,18,0,0,6,12,0,2,0,0,1,1,0,7,4,0,0,0,0,0,4,0,1,3,13,34
0,0,0,0,0,6,0,0,0,0,0,0,1,0,7,2,0,0,5,0,0,1,0,2,0,0,0,0,12,10,2,15
4,0,1,0,0,0,0,0,3,7,19,0,0,7,5,0,0,0,6,1,0,0,10,0,0,3,14,1,5,5,5,0
4,3,0,5,0,8,6,3,0,0,0,2,1,3,0,0,0,0,0,4,0,0,0,0,1,13,0,0,0,0,1,9
16,10,1,0,0,9,0,0,1,4,0,0,5,11,7,0,0,0,0,4,0,0,0,0,0,0,5,0,2,0,5,13
0,0,3,0,0,1,0,7,0,0,9,5,5,2,0,4,8,0,0,4,2,7,1,6,5,4,9,0,9,0,0,1
6,0,8,0,10,0,10,12,0,0,0,14,1,6,0,0,5,9,18,0,0,0,0,8,0,0,2,0,0,2,4,0
3,2,10,0,6,0,12,1,5,7,0,12,14,0,6,3,0,0,4,1,0,0,4,0,3,0,0,7,2,0,0,0
0,0,0,7,0,0,0,7,6,0,0,2,1,6,1,3,1,0,0,0,0,6,0,0,9,0,0,7,0,1,0,4
8,1,0,3,0,0,0,0,0,7,9,65,0,6,0,0,3,0,2,2,2,0,0,3,0,2,0,0,0,0,6,0
0,0,20,3,11,1,7,5,10,23,0,10,0,0,0,0,10,9,4,2,0,0,0,0,0,0,0,11,1,0,0,0
0,0,0,0,16,0,3,5,0,0,10,29,0,0,35,3,0,0,1,0,4,0,20,0,10,1,0,0,0,5,1,0
0,0,0,10,0,0,0,0,0,28,0,0,5,2,11,32,49,13,4,11,0,0,0,4,0,0,3,0,1,0,12,0
99,18,0,0,31,20,8,7,17,1,0,0,6,46,13,0,17,40,8,0,6,0,0,4,0,8,2,0,4,10,0,13
0,3,7,0,14,22,0,0,0,3,15,2,0,31,3,23,13,0,8,5,32,7,1,20,0,0,25,0,9,0,5,18
27,4,1,3,7,0,0,7,2,1,4,4,37,8,11,21,75,0,6,0,14,0,2,0,27,6,34,0,0,0,3,16
105,7,7,0,0,0,0,0,0,3,13,2,48,5,14,4,9,11,24,1,0,0,0,2,0,0,0,13,10,7,15,0
97,6,12,0,15,4,71,0,0,0,13,0,4,3,17,46,2,30,0,0,0,27,9,0,7,0,20,8,15,0,8,1
0,0,0,0,0,0,10,29,4,2,36,16,17,11,3,0,206,18,0,4,23,0,2,0,0,0,0,7,1,0,8,3
98,5,9,0,0,1,4,0,7,32,10,0,2,4,0,5,0,9,48,0,0,20,7,9,15,0,0,0,0,0,0,0
0,13,18,19,14,0,0,29,3,21,6,42,0,0,28,0,19,33,59,7,5,4,0,1,0,0,0,0,0,0,3,28
0,4,3,33,0,47,28,41,9,0,14,19,9,0,19,22,0,11,0,1,0,0,23,12,9,22,17,0,24,0,0,0
22,0,0,23,0,0,11,0,0,13,0,48,5,7,8,0,28,11,0,8,3,5,6,0,6,37,0,0,0,5,0,32
1,0,38,0,0,0,5,7,6,0,33,0,11,21,28,0,27,12,9,0,11,4,0,0,0,0,0,9,0,37,0,8
0,25,0,32,7,0,0,0,0,4,12,27,0,0,3,28,39,3,27,0,14,7,8,6,0,0,0,0,9,2,0,0
0,14,24,6,1,0,19,0,1,20,10,11,6,6,0,0,0,16,0,7,0,3,0,0,0,0,22,11,4,1,0,0
0,0,7,0,16,0,19,9,9,0,19,11,27,0,6,2,0,0,0,0,15,12,5,0,17,0,13,7,0,0,0,9
0,0,0,16,0,0,5,29,0,0,1,0,4,0,5,1,33,1,19,0,0,28,1,17,18,10,0,16,0,9,0,0
35,11,0,0,6,0,56,48,0,6,18,0,0,0,5,16,18,12,6,12,0,30,32,0,19,20,5,21,0,13,0,20
0,10,16,0,8,133,0,8,1,41,10,0,4,0,0,0,2,0,0,0,0,0,1,0,9,16,0,0,0,0,0,47
37,26,5,0,161,23,61,19,36,0,0,14,0,0,2,7,0,0,31,0,14,10,0,3,0,0,0,0,6,23,0,0
0,13,7,0,34,15,226,109,13,0,0,17,0,42,0,0,18,14,0,0,0,13,10,6,0,9,24,6,0,20,2,12
0,0,0,0,0,29,176,68,0,0,5,4,0,17,0,20,0,10,0,0,7,0,0,2,18,1,25,0,15,0,8,55
0,0,22,0,14,9,147,196,0,0,0,5,23,0,0,0,0,0,0,0,10,39,0,0,20,0,0,10,0,0,7,46
0,0,0,12,27,2,0,0,21,10,11,12,0,0,0,32,0,0,1,29,1,8,8,15,8,18,0,0,0,0,0,0
0,0,14,0,1,35,3,8,0,0,5,32,0,0,4,0,5,4,0,0,22,13,10,35,0,0,0,26,36,0,5,69
48,19,58,7,0,0,31,0,0,0,23,0,30,0,8,7,35,4,0,0,0,0,0,0,14,6,0,24,0,0,36,5
10,17,1,0,0,0,0,17,6,0,0,0,0,0,10,21,0,1,0,23,0,13,0,0,0,9,2,0,6,15,1,0
0,0,13,0,0,10,0,47,8,25,46,26,0,0,17,0,0,3,0,0,0,0,0,13,6,5,0,0,0,0,9,0
0,3,8,0,0,28,0,0,2,23,10,0,12,44,5,0,0,0,17,0,0,3,0,22,0,0,0,28,3,16,19,0
2,0,32,8,20,0,0,26,14,0,0,1,46,0,14,9,16,23,21,0,11,0,0,7,0,0,12,0,0,3,0,35
33,0,0,7,18,0,0,0,7,23,52,40,0,0,0,23,0,0,0,0,18,8,52,23,0,0,46,1,0,0,0,0
0,0,16,0,28,0,0,20,22,4,32,57,0,9,10,40,15,0,0,30,0,0,10,0,16,12,0,0,0,0,0,79
0,0,203,27,16,17,4,20,99,26,0,26,16,0,0,27,5,17,0,0,0,10,0,27,1,0,0,0,33,0,61,0
0,0,72,7,0,0,5,0,0,4,0,19,63,0,39,54,16,30,0,14,0,9,0,16,0,24,0,0,17,0,53,2
0,22,21,63,54,0,28,9,235,5,7,8,16,0,41,71,0,52,0,0,18,31,19,0,0,0,10,0,15,27,0,0
58,19,0,69,0,0,26,0,43,42,0,9,0,0,25,37,17,36,0,0,34,19,5,14,0,12,29,16,5,39,64,0
93,0,0,154,39,0,0,11,118,80,69,41,119,203,0,51,0,0,8,5,37,0,39,0,19,0,107,19,0,0,0,0
0,0,10,23,58,0,0,0,0,35,9,4,95,146,0,0,0,0,22,5,0,8,0,24,3,0,1,0,4,10,0,0
54,11,0,0,0,43,0,56,61,0,0,0,50,104,14,15,0,0,10,0,4,0,15,2,0,3,8,5,0,12,0,0
0,0,10,0,7,0,0,0,0,0,0,40,0,11,0,18,43,58,12,27,0,11,0,0,0,11,0,29,6,0,0,0
80,48,21,0,0,24,75,18,0,10,4,1,0,27,15,2,41,178,41,0,9,0,0,7,12,0,64,0,56,31,51,1
21,17,18,5,9,8,16,6,0,11,0,35,1,4,0,0,10,39,15,0,0,8,0,0,0,4,0,24,0,5,0,11
65,0,5,4,7,0,48,0,25,0,0,52,39,14,57,0,9,0,13,0,0,13,0,16,9,15,0,40,0,0,0,14
10,0,0,18,5,21,8,4,0,0,13,45,0,0,8,112,10,28,9,3,0,0,26,4,5,0,0,0,0,3,0,0
69,0,0,0,8,33,32,47,19,0,1,31,0,0,22,58,156,200,0,0,5,17,15,3,0,1,8,13,0,3,0,61
0,0,0,21,0,0,0,24,31,0,0,2,0,0,9,9,43,141,73,0,29,9,13,0,24,0,3,12,0,0,0,0
0,0,10,0,9,5,0,0,0,0,0,1,0,0,12,0,0,58,62,0,16,5,0,6,0,4,25,0,8,1,0,0
0,24,12,16,0,0,0,0,26,5,11,0,4,0,0,0,4,14,0,9,0,0,0,21,18,11,0,0,19,0,0,2
0,17,0,4,0,0,0,0,14,11,0,13,0,9,0,2,6,0,16,25,13,1,16,0,1,32,0,0,6,3,0,19
0,0,17,31,0,0,0,110,0,0,0,10,0,0,0,0,1,0,2,18,27,0,0,0,0,6,0,38,0,0,20,6
25,11,0,7,2,34,45,52,37,10,0,8,3,23,31,13,32,0,17,39,0,10,59,0,0,0,0,0,0,0,12,49
0,0,4,0,26,90,179,102,53,0,0,13,5,8,13,9,17,2,0,7,0,5,36,0,0,0,5,11,0,12,4,0
9,0,14,23,0,0,36,188,53,0,0,34,11,0,0,7,0,8,4,0,0,18,0,0,0,0,4,28,6,0,2,0
0,0,1,15,3,13,0,0,77,28,0,0,0,7,27,0,9,0,0,0,0,41,0,7,0,0,8,0,10,9,0,0
13,0,0,0,6,29,0,0,0,25,16,16,3,0,8,19,5,37,0,2,19,0,10,0,0,4,0,0,13,0,0,22
0,0,0,0,0,0,0,0,35,0,31,32,0,0,1,0,5,0,0,23,2,15,0,0,5,0,1,5,0,0,0,33
29,42,13,36,28,0,13,0,16,1,0,0,7,5,9,0,0,0,20,2,0,0,42,0,12,30,0,0,0,9,0,17
0,0,0,19,11,4,0,8,0,0,37,33,17,0,14,13,33,2,0,0,0,0,0,33,0,12,20,19,3,46,34,12
16,0,32,5,17,44,0,0,1,0,12,33,10,0,37,3,2,13,0,0,6,0,29,0,19,18,22,2,13,0,3,10
0,17,0,0,0,0,4,0,7,0,0,0,1,0,0,0,0,8,0,0,0,0,0,34,0,0,16,0,43,0,31,0
0,0,3,2,16,7,0,21,1,7,116,0,0,25,0,0,0,0,1,0,0,17,0,14,54,0,36,10,30,0,0,56
0,10,3,15,0,20,0,33,16,0,86,29,18,0,0,26,13,0,0,5,36,0,24,2,0,22,16,30,0,0,0,0
0,23,0,0,0,21,0,0,0,51,4,80,0,1,28,0,18,0,51,5,9,3,0,24,0,0,0,0,4,27,22,35
0,0,8,26,2,132,0,0,0,72,53,38,0,68,0,0,0,0,0,7,0,11,0,0,0,2,9,36,0,0,1,0
0,19,33,18,0,73,92,0,0,0,25,110,223,0,0,10,0,0,9,18,16,16,0,0,0,38,28,0,0,11,0,0
0,5,0,11,38,57,18,57,0,16,87,91,106,10,0,0,9,4,0,0,0,0,0,0,17,2,44,8,0,31,0,0
0,0,0,9,30,101,195,70,0,0,63,0,33,0,0,59,0,13,0,1,20,26,21,0,18,0,11,12,0,29,0,66
98,9,24,9,99,72,72,250,29,0,38,31,35,169,18,49,0,4,16,0,45,0,33,0,24,0,26,0,0,0,0,29
0,22,32,6,63,95,10,55,128,12,0,11,27,104,1,0,62,230,71,0,0,0,0,7,17,16,21,9,0,0,0,0
81,59,0,23,0,36,2,56,145,12,0,68,80,0,68,0,0,8,115,0,1,8,0,0,0,53,0,12,0,0,0,86
0,10,22,16,0,0,105,71,0,119,0,0,0,0,0,0,31,89,44,42,24,0,1,7,4,6,34,0,0,2,0,77
67,0,0,0,7,0,0,52,0,0,7,10,0,20,3,0,3,7,0,0,0,0,27,0,6,0,21,0,3,3,0,0
0,19,0,20,54,0,0,1,0,0,0,7,45,25,0,0,0,0,0,30,0,54,7,1,0,0,0,28,0,0,0,0
2,0,0,8,0,35,24,0,33,21,0,42,6,0,2,0,23,20,45,0,20,16,0,0,0,19,0,35,0,0,0,0
0,0,9,0,0,25,59,0,47,17,42,0,150,0,0,0,43,193,14,51,9,0,29,0,0,26,6,0,32,0,42,0
124,6,20,27,41,49,144,0,0,4,0,52,133,0,0,70,39,32,197,74,74,211,32,0,0,31,31,0,17,2,32,41
0,34,0,0,19,1,74,43,0,0,2,0,15,0,17,0,0,20,83,52,115,80,139,32,0,23,0,0,0,23,31,21
0,0,16,0,0,9,3,52,0,9,0,33,32,0,37,0,0,26,0,13,40,107,78,25,0,1,78,0,43,0,0,0
0,0,0,0,26,0,12,2,4,3,0,37,9,0,24,25,0,13,0,0,0,26,0,0,6,0,0,13,0,4,12,0
13,31,0,0,8,0,0,0,0,0,4,10,8,14,0,0,29,8,22,18,0,0,0,0,0,14,58,12,33,0,27,0
52,16,0,0,0,3,0,0,0,14,11,2,0,31,4,4,0,0,0,0,13,14,0,0,11,8,0,16,4,56,0,0
0,9,8,0,0,0,0,6,0,63,60,207,165,72,0,16,6,2,9,0,0,0,0,0,24,0,0,20,0,6,0,16
23,0,0,0,9,0,0,32,0,72,36,103,90,213,0,0,1,0,0,0,0,18,5,13,44,0,0,49,11,51,0,0
76,15,0,0,44,0,7,16,18,113,35,235,85,101,9,0,7,13,3,0,0,20,71,39,27,21,61,0,20,0,0,9
49,0,0,0,8,0,6,15,39,0,1,30,80,46,0,0,7,4,0,12,5,14,0,0,0,0,28,40,0,23,0,49
59,24,59,7,35,19,0,1,10,0,0,132,64,107,6,16,0,0,0,20,24,45,22,0,0,35,2,0,9,15,0,0
0,22,0,12,4,0,0,0,0,0,20,3,6,14,19,0,0,1,1,16,19,0,0,0,0,0,0,19,21,0,26,34
32,6,0,0,20,18,1,0,10,0,5,36,0,14,13,0,24,2,0,0,7,0,0,6,0,0,0,0,3,21,0,12
0,0,0,3,17,31,0,22,0,9,10,0,0,0,6,0,0,11,13,21,0,0,4,0,0,8,0,0,0,0,5,0
0,24,19,0,35,7,0,0,0,0,0,41,48,0,3,0,0,6,0,0,10,16,0,0,7,56,5,17,7,0,26,32
0,1,0,0,0,37,0,0,8,16,0,0,0,0,4,22,8,1,20,0,43,0,0,0,9,0,26,12,9,0,2,0
0,43,0,0,0,15,5,0,0,14,0,0,0,72,32,0,4,14,0,4,0,0,0,33,0,9,0,0,8,1,63,0
27,0,0,0,0,0,34,7,0,0,4,6,19,34,205,17,9,18,6,0,17,0,0,0,0,0,0,0,0,30,0,0
0,40,0,25,0,0,0,16,0,0,33,9,1,0,127,63,0,0,27,0,0,0,0,0,0,0,0,0,0,22,35,0
0,8,0,8,0,85,0,0,23,37,0,22,27,37,38,0,36,3,0,7,4,0,0,7,4,28,0,0,0,0,23,40
0,20,35,0,52,29,17,0,16,140,0,0,0,74,74,173,18,0,19,21,18,0,40,21,5,0,64,0,1,1,36,46
0,0,6,9,18,34,41,73,32,67,14,8,2,14,1,149,0,7,0,14,1,20,40,0,0,0,0,0,17,17,27,0
134,31,16,7,0,0,21,70,0,13,51,1,0,0,48,41,56,35,10,5,13,0,0,14,16,5,0,43,0,0,0,0
0,0,0,38,26,28,4,0,57,2,174,13,0,9,33,4,132,1,12,0,177,39,0,0,11,1,30,0,2,2,0,46
0,27,18,3,2,61,25,59,7,43,120,215,0,0,0,96,181,0,1,42,150,58,28,9,20,20,0,4,0,19,0,33
0,0,0,0,28,43,0,0,20,77,38,115,1,11,0,0,150,6,45,58,129,79,53,9,16,4,20,0,16,21,2,15
28,0,0,0,0,13,11,0,69,5,18,170,172,39,48,41,5,47,96,0,160,9,2,7,0,18,0,9,0,0,0,0
0,32,0,0,25,26,45,22,19,93,0,54,33,0,10,35,48,18,3,82,56,0,12,21,0,0,31,0,0,29,11,10
0,0,38,19,0,0,0,17,18,0,49,17,21,0,26,44,21,13,0,0,0,0,14,16,19,0,0,36,56,0,7,0
79,48,24,26,29,0,7,12,10,5,11,18,4,33,3,0,22,0,0,0,0,11,4,7,35,9,4,0,0,0,0,4
0,1,2,0,0,24,0,20,0,17,0,21,1,0,5,1,0,25,50,60,139,81,0,17,7,0,7,12,0,0,0,45
0,0,0,0,0,1,8,48,98,9,0,0,18,2,107,39,2,45,102,150,138,83,188,33,93,0,0,13,0,21,2,27
19,3,0,0,22,15,2,2,151,85,0,17,20,0,244,73,16,0,5,53,105,237,45,21,38,0,58,0,0,0,0,5
170,0,0,0,0,0,0,0,10,31,0,0,16,4,52,4,13,7,2,8,12,44,155,173,35,22,0,11,18,22,12,9
61,64,64,5,0,21,2,1,3,0,0,0,18,24,0,0,0,0,0,18,9,32,254,117,52,0,52,10,0,24,37,0
100,0,2,15,0,12,11,0,0,0,48,26,0,0,0,17,2,0,0,0,2,16,0,14,0,9,0,8,0,0,14,21
39,0,9,7,0,0,18,0,30,9,17,0,21,0,4,28,0,1,0,0,0,29,0,7,0,4,0,0,0,0,0,10
28,0,0,2,0,0,0,0,0,0,9,14,17,17,147,0,11,22,0,1,0,0,20,0,0,3,0,31,29,0,2,38
0,11,0,9,13,0,0,13,13,29,32,0,20,125,102,53,0,24,0,0,4,10,0,6,1,4,14,0,4,34,10,25
0,0,0,0,0,6,0,16,55,0,90,69,81,58,239,0,13,7,0,12,0,0,0,18,27,0,0,0,32,0,35,0
0,3,10,0,44,28,28,0,0,32,20,5,9,153,67,14,13,3,3,0,0,23,0,34,0,0,0,0,0,22,0,0
29,17,0,0,0,0,0,0,1,6,0,0,0,4,82,7,14,0,0,3,7,0,0,14,5,0,13,28,9,0,5,2
28,0,24,0,27,21,0,0,9,8,0,0,45,52,45,17,20,0,0,0,9,0,0,0,0,0,0,0,30,0,0,0
63,4,0,9,0,0,0,0,0,1,0,2,16,0,29,0,0,0,43,1,0,4,0,16,0,4,0,0,0,0,42,21
0,34,0,0,0,0,0,0,0,8,0,20,1,13,10,0,26,0,11,7,17,0,0,12,6,0,27,39,44,0,15,0
0,0,0,25,0,17,0,0,21,0,8,21,2,0,14,45,22,14,7,3,0,15,0,0,0,0,0,0,8,0,8,0
202,14,24,39,0,0,19,0,0,0,2,3,0,3,0,31,0,17,5,10,16,0,0,6,0,0,33,38,0,0,0,2
0,0,0,10,0,2,10,0,29,0,2,0,5,28,8,0,5,2,3,0,4,0,0,13,4,9,29,0,6,21,0,0
10,46,14,0,0,0,0,0,20,5,26,16,0,5,0,32,37,12,0,0,0,0,0,1,7,0,0,16,22,0,7,20
0,0,36,14,6,15,16,23,5,0,64,0,33,9,11,209,17,128,0,11,11,17,6,0,23,0,0,38,0,12,0,42
0,31,0,0,7,0,33,0,21,0,0,10,0,0,0,188,0,27,49,27,0,0,6,1,0,6,0,42,1,0,0,0
0,0,12,20,0,55,10,21,22,0,26,77,80,110,10,14,67,131,152,10,2,0,0,0,4,5,0,30,21,0,40,50
28,0,16,0,35,23,26,0,22,70,87,33,0,54,25,48,13,24,183,138,19,0,7,18,6,12,54,0,0,0,0,35
0,0,37,0,6,75,19,52,0,8,53,36,22,139,112,0,45,15,64,74,0,0,47,0,15,36,72,22,6,0,0,0
0,0,0,0,13,0,14,81,14,41,31,81,51,87,26,54,0,231,43,207,0,10,3,3,0,0,12,12,18,0,46,52
5,6,0,0,53,0,66,35,120,0,0,26,35,18,90,16,39,0,80,141,49,0,25,0,51,22,0,1,0,0,1,18
239,15,18,25,23,0,6,39,56,0,72,89,60,120,142,60,17,0,47,175,40,0,0,158,239,35,10,0,26,0,0,0
0,3,22,0,38,0,0,19,4,61,78,58,105,0,63,103,190,7,31,4,7,36,197,37,85,236,6,0,0,28,33,0
160,44,21,0,20,29,4,32,31,0,96,35,41,194,33,85,7,0,79,51,33,16,16,0,98,24,0,5,0,0,0,0
0,3,48,16,0,31,40,0,41,12,0,0,5,69,0,24,7,0,14,25,6,0,0,0,0,24,9,0,0,0,0,42
0,0,0,0,0,0,0,34,0,11,10,25,0,0,0,28,9,9,0,0,0,0,18,0,10,0,5,0,19,6,0,0
26,0,8,3,19,0,0,6,0,0,13,12,0,0,0,0,0,0,26,0,0,0,28,0,0,2,2,0,0,0,5,0
0,11,0,0,0,28,17,0,0,0,1,99,41,23,0,9,10,18,163,195,69,40,24,12,115,0,0,0,19,53,15,0
64,33,37,0,42,3,9,46,56,37,0,167,164,0,0,0,33,17,71,190,25,19,95,6,58,55,72,0,37,0,0,0
95,54,7,0,29,24,0,31,0,51,47,67,7,61,10,67,15,33,1,63,0,83,29,1,45,83,0,0,5,0,0,65
0,18,20,0,0,0,12,0,0,30,0,0,0,2,6,24,0,0,0,1,0,0,11,81,19,0,0,2,20,33,0,95
0,42,0,0,0,0,0,0,0,0,0,0,6,0,7,0,0,6,0,0,0,0,6,0,18,13,11,16,0,0,0,48
52,27,32,5,4,0,0,12,0,20,0,0,0,0,35,18,6,0,11,0,28,15,3,0,12,1,0,1,0,0,18,23
0,0,0,0,0,31,0,0,0,0,3,0,9,0,0,27,0,52,6,3,5,2,5,0,23,0,0,23,6,14,0,0
0,0,0,28,0,0,0,12,4,8,0,30,0,0,0,27,130,37,247,75,0,3,10,0,13,9,19,80,9,0,51,0
38,0,19,0,7,26,9,0,0,6,0,0,0,67,0,34,164,215,64,25,0,6,18,5,0,0,3,0,0,16,0,24
50,1,31,0,46,55,0,20,8,36,0,0,164,100,0,138,54,163,17,1,0,0,16,0,33,1,0,0,0,0,0,58
0,82,44,0,0,3,0,10,37,2,0,40,4,39,0,8,20,0,0,14,0,0,9,15,13,43,30,0,14,0,36,0
0,52,0,0,1,22,23,0,8,0,0,2,0,16,13,0,0,18,0,0,0,34,5,14,0,11,0,4,0,0,0,0
116,0,0,34,11,0,0,29,0,0,32,5,4,19,0,37,15,0,37,26,0,19,0,0,16,0,0,8,0,18,0,0
0,0,0,2,0,11,9,0,0,12,5,0,0,13,0,0,0,19,0,0,0,0,27,52,0,0,0,0,45,35,1,0
0,2,0,0,7,7,0,0,21,3,1,7,6,0,4,0,0,0,0,23,8,1,0,2,0,12,0,0,0,1,0,0
0,12,0,0,37,7,3,12,0,0,23,9,0,0,0,0,4,11,0,0,23,0,0,24,0,6,0,6,0,1,0,0
133,32,5,0,31,0,0,0,36,0,32,0,7,0,0,0,0,18,0,6,0,28,0,10,0,144,5,0,66,0,0,4
7,12,0,0,0,12,0,21,0,5,85,14,0,18,12,10,0,4,0,21,13,13,31,64,2,136,87,0,0,0,17,0
0,26,5,0,26,18,0,15,0,0,0,5,0,0,0,0,33,15,19,0,0,118,43,22,18,95,98,0,10,19,0,0
0,0,0,25,28,0,0,32,0,0,0,9,2,0,0,29,0,4,23,17,89,146,0,19,37,16,58,0,0,48,0,11
104,0,0,18,0,11,13,6,12,0,24,0,32,20,0,86,29,67,23,70,9,11,13,61,36,142,49,0,48,15,36,26
207,0,0,0,0,0,18,31,17,0,0,83,11,39,0,43,44,23,14,189,173,88,171,19,24,81,122,31,0,0,60,0
87,23,0,0,0,45,0,0,0,33,4,19,8,0,0,62,15,31,55,62,107,21,249,0,0,66,140,208,5,0,55,0
139,3,0,1,34,1,21,0,28,17,62,26,5,8,165,1,60,11,92,127,120,100,138,98,0,33,37,82,0,27,3,0
0,0,0,33,28,0,0,59,24,23,29,54,66,49,47,48,79,116,0,100,112,134,7,68,13,29,75,132,0,19,21,28
200,0,27,5,56,23,0,37,38,14,0,42,0,0,39,0,86,77,43,104,216,118,63,140,5,17,0,29,43,0,0,0
0,0,17,3,15,12,2,87,2,0,0,32,26,57,124,56,13,37,0,193,68,0,48,12,0,0,0,8,74,19,20,25
0,12,0,6,0,4,5,16,71,51,25,73,67,15,56,56,101,5,27,25,40,3,43,0,17,3,0,11,0,0,10,0
217,10,14,0,2,28,27,8,0,0,40,36,0,0,17,0,0,0,74,67,0,9,0,2,15,0,0,0,1,2,0,0
0,17,30,5,52,0,84,0,68,50,29,40,69,13,23,57,0,17,249,48,10,0,0,0,0,14,0,0,0,0,0,108
215,0,40,35,0,0,0,56,17,2,13,0,0,11,0,0,147,124,0,146,11,0,80,24,190,26,0,0,0,28,0,0
0,0,18,0,43,13,0,0,0,33,21,2,0,8,53,25,124,0,161,125,29,0,16,18,125,54,224,0,31,14,10,0
198,0,17,6,0,6,0,8,0,24,46,5,1,0,0,12,0,9,75,24,0,4,45,19,78,65,13,3,11,16,0,0
0,27,0,21,0,6,0,29,1,12,12,0,0,78,33,11,1,26,32,16,2,49,66,0,29,0,0,0,3,0,15,0
0,0,16,4,0,0,0,14,0,0,0,42,52,0,20,0,1,30,0,0,0,0,0,27,10,0,7,27,33,1,0,24
42,0,0,28,0,13,40,2,0,12,0,0,0,24,0,0,0,0,0,0,0,0,0,17,0,0,0,0,0,6,0,45
61,0,0,12,0,0,0,0,0,0,5,0,0,13,0,4,9,11,0,4,0,85,60,116,21,35,2,13,0,30,0,0
39,60,0,1,0,8,0,3,3,0,11,32,35,0,0,16,0,0,10,0,0,237,69,86,0,17,0,35,0,0,32,0
0,33,2,0,0,16,39,4,17,0,48,11,0,22,13,12,0,0,6,12,12,70,74,15,6,0,0,0,66,9,0,0
52,32,16,0,12,19,21,0,0,21,9,0,9,25,0,0,9,0,22,17,0,6,8,35,3,8,0,0,0,5,22,0
0,18,1,0,15,0,18,0,30,22,23,0,11,7,10,23,0,31,5,0,0,0,10,25,7,51,5,32,0,8,0,48
48,28,16,45,0,0,5,29,22,29,5,16,25,70,0,62,0,0,0,32,0,17,0,0,8,0,23,0,7,4,0,0
0,0,0,13,69,0,0,0,2,7,12,12,0,21,0,0,13,14,18,5,0,0,1,13,0,17,0,4,0,7,0,34
0,0,0,4,0,0,0,30,25,0,30,8,31,0,37,40,0,0,0,19,0,13,0,17,10,0,33,0,0,0,36,0
51,36,25,0,0,3,3,13,13,15,0,0,0,5,0,42,0,18,0,0,11,0,0,0,7,10,0,0,0,0,0,6
13,0,5,0,33,0,0,0,13,0,0,11,23,3,21,0,26,3,0,9,0,0,11,20,0,11,0,29,0,0,20,0
29,0,0,8,5,17,20,1,0,2,0,1,0,0,9,4,0,16,0,5,17,0,0,9,0,0,0,0,2,12,0,0
28,0,6,0,6,8,9,0,0,36,0,0,20,0,0,0,7,0,0,0,4,4,1,0,11,15,8,0,12,4,11,0
227,5,52,0,31,0,45,38,40,3,25,0,2,0,0,55,0,0,15,0,15,11,46,0,0,0,0,40,0,0,0,0
0,55,0,0,35,0,0,22,21,0,0,53,0,18,5,0,0,17,0,0,20,0,12,23,0,56,133,25,0,0,23,0
0,0,58,19,0,0,28,36,0,0,0,0,0,0,0,0,16,19,0,28,16,90,14,2,82,0,21,35,11,43,16,0
130,0,33,0,0,0,0,0,0,0,57,0,29,8,16,10,4,23,0,5,3,69,13,79,40,53,0,90,51,0,6,0
129,3,47,0,2,6,0,1,3,0,21,15,32,14,0,113,0,38,21,38,32,21,92,69,51,103,57,65,71,150,187,0
37,20,30,0,0,3,19,0,8,28,0,84,0,0,11,13,3,79,11,79,123,35,98,115,27,81,180,58,162,232,89,8
0,1,16,1,0,22,0,19,1,13,0,30,23,19,31,0,64,49,43,12,13,17,102,61,4,80,162,17,17,244,118,219
0,0,0,12,34,0,12,24,48,0,0,13,8,15,33,0,42,32,255,71,61,92,44,0,27,29,101,105,86,46,48,49
111,0,0,20,0,0,0,15,6,0,25,26,0,35,0,62,126,53,14,45,48,28,16,34,9,0,4,43,37,4,7,10
0,0,7,0,0,0,11,68,108,0,0,14,18,38,57,18,40,0,41,0,9,31,22,13,5,2,0,0,0,0,0,0
0,22,0,12,0,0,0,18,0,17,21,20,12,68,21,91,0,0,0,45,20,0,2,0,3,160,0,0,10,0,0,0
4,0,0,11,4,2,0,0,10,0,46,60,173,0,0,31,37,0,40,15,52,8,135,13,104,36,117,8,24,0,60,0
0,13,0,17,15,0,30,23,6,0,19,31,1,18,0,19,0,9,81,40,45,1,22,75,111,61,41,8,0,10,4,0
0,0,4,0,16,12,92,0,23,34,32,0,3,23,0,0,23,0,0,67,61,50,102,87,51,1,26,0,4,0,0,0
0,0,0,0,0,23,3,25,0,19,20,3,23,22,0,0,174,17,0,29,28,0,0,20,0,21,0,0,0,0,2,18
0,0,0,0,0,6,2,0,0,33,21,0,21,11,6,0,99,14,135,13,6,0,5,18,0,0,0,0,9,25,13,24
0,17,22,0,16,23,0,0,0,31,11,11,13,9,33,0,55,0,60,8,5,0,0,11,5,0,15,0,0,0,16,14
0,19,0,23,11,0,19,43,2,16,0,7,0,0,35,16,39,8,3,2,0,0,0,4,0,14,0,85,74,0,0,0
0,0,38,0,16,0,0,1,0,0,4,74,0,26,0,3,18,16,0,0,2,0,5,0,0,3,13,85,30,0,0,15
0,0,28,4,0,0,0,18,3,0,0,8,19,10,0,0,19,0,0,18,13,2,0,0,1,0,0,12,55,10,13,23
51,0,24,0,13,22,0,0,4,3,34,0,6,0,0,1,0,0,1,0,0,0,0,0,9,13,1,0,0,10,0,4
0,6,0,3,0,0,0,0,1,20,0,0,0,37,4,0,0,6,6,0,5,0,0,9,0,13,0,0,1,11,2,0
22,21,10,0,0,0,0,0,0,15,0,7,0,0,0,2,5,11,4,7,0,0,0,15,8,0,0,13,19,0,11,6
16,0,1,8,0,0,11,17,6,0,9,0,17,2,1,0,0,0,0,2,19,0,0,0,0,1,4,1,0,0,3,20
2,1,0,21,4,0,4,4,9,0,21,7,11,0,0,1,0,0,13,6,24,4,0,0,0,11,1,0,21,0,6,0
0,0,11,4,1,0,0,0,0,0,0,9,0,0,8,9,0,1,0,0,0,11,0,0,10,0,6,8,0,0,22,3
26,0,4,0,0,0,0,8,0,0,0,3,0,12,11,2,1,1,0,0,0,5,13,0,0,2,0,0,0,0,0,0
0,0,0,0,4,0,0,1,0,4,14,0,20,0,0,23,1,6,0,0,2,0,0,0,3,0,1,0,7,0,17,7
0,2,3,0,9,6,0,0,1,3,0,0,2,15,8,3,0,1,0,4,7,16,17,0,0,0,0,0,9,1,14,0
5,0,0,0,0,0,4,1,0,2,0,1,14,0,0,0,0,12,0,0,5,0,4,0,0,0,0,7,14,0,0,0
6,15,0,0,0,0,0,3,0,13,0,0,11,6,6,9,0,9,2,9,0,0,0,1,0,0,0,8,11,0,0,0
0,5,0,6,0,0,0,0,0,0,7,0,0,0,3,7,0,0,2,0,0,0,4,11,2,0,0,0,11,5,0,0
100,0,0,7,0,0,7,0,2,0,5,0,0,7,0,0,0,0,1,0,0,1,0,0,0,0,0,0,4,3,0,0
24,4,0,0,0,0,6,1,2,0,0,0,0,0,0,0,0,0,2,0,0,0,13,7,0,20,0,6,6,0,0,0
0,0,4,0,3,2,0,8,4,6,0,0,4,3,1,0,0,0,0,8,0,87,7,19,48,30,0,0,0,3,0,0
56,5,13,3,6,0,8,0,9,0,6,2,26,0,3,16,0,4,0,5,16,59,0,67,1,36,0,10,0,0,0,13
0,3,0,0,7,2,0,0,0,0,0,0,0,25,0,1,0,6,5,37,7,5,66,175,50,41,23,0,24,4,0,1
42,0,0,0,0,14,0,0,0,0,17,90,0,9,7,0,45,121,63,46,81,1,134,27,47,100,63,0,0,0,1,2
34,5,11,0,15,14,0,0,6,28,4,0,45,0,3,25,19,68,0,0,36,10,59,21,122,0,34,0,0,4,8,17
0,0,17,0,8,2,41,1,42,21,44,28,0,0,25,14,21,30,204,61,92,1,48,0,6,8,6,0,0,7,0,0
16,0,0,0,0,0,14,13,5,20,17,33,30,47,9,72,41,72,9,22,0,0,24,42,10,0,9,0,2,3,6,0
109,1,0,2,0,0,0,8,82,0,18,1,14,21,35,16,95,35,51,2,84,40,0,4,0,1,13,0,2,2,0,10
45,0,0,15,0,4,2,15,2,0,31,7,8,79,36,21,7,3,0,42,36,11,13,14,0,2,0,1,1,1,0,0
119,0,11,4,13,24,4,8,4,20,4,19,25,0,40,4,0,3,32,0,57,0,12,0,9,12,8,5,3,0,0,8
82,3,0,4,0,0,0,1,0,12,22,32,28,15,50,9,2,0,84,7,11,3,13,1,0,1,0,0,0,0,0,10
0,0,0,0,0,0,94,0,0,0,0,1,64,0,3,15,33,17,11,0,32,17,13,5,0,0,0,1,0,7,0,0
0,0,0,0,1,5,7,18,1,1,53,0,23,3,16,0,156,40,9,38,0,3,0,0,12,9,7,0,0,0,4,3
0,5,24,0,3,5,0,0,24,22,0,9,0,0,10,6,0,0,160,0,2,0,0,9,0,7,0,0,0,0,0,12
0,0,8,0,14,9,0,5,0,4,0,29,0,0,16,0,28,3,59,4,0,0,0,1,2,7,0,0,1,0,0,9
0,0,0,0,0,5,11,2,0,0,9,5,0,0,26,0,1,2,0,2,8,1,0,0,9,4,0,9,5,0,2,4
69,0,0,0,1,0,1,0,4,0,0,7,0,0,8,0,4,0,0,0,0,6,0,0,3,0,0,54,0,6,6,0
20,6,2,0,2,1,0,0,0,0,4,0,0,0,1,0,7,2,6,16,0,0,0,0,0,5,0,0,3,0,0,0
0,4,0,0,0,2,0,6,0,6,1,1,0,3,0,0,9,1,0,6,0,0,0,2,1,0,4,0,3,0,12,3
5,0,0,10,0,0,0,3,3,0,0,11,0,0,0,0,0,0,0,5,0,0,1,4,5,0,4,1,0,0,18,0
8,0,4,0,4,9,2,0,0,0,7,0,0,0,0,0,2,8,0,2,0,0,0,3,8,1,6,0,0,0,0,11
9,0,0,8,0,0,1,0,0,0,5,0,4,0,0,6,0,0,4,0,2,5,0,0,0,0,1,0,1,4,0,0
0,0,0,5,0,0,6,0,4,0,11,7,0,0,1,9,0,3,0,0,1,1,6,1,2,0,10,2,0,0,1,0
3,1,7,0,7,10,1,0,2,0,0,0,0,0,4,5,2,2,0,0,0,0,8,4,0,3,3,2,1,3,6,17
0,0,0,0,0,4,2,1,0,3,3,0,0,7,0,0,0,0,3,0,0,0,4,1,0,1,0,0,4,9,2,7
0,9,0,0,0,0,0,0,6,6,0,2,0,0,7,0,1,7,8,2,0,0,0,2,0,0,3,0,3,8,3,0
1,0,0,0,1,0,4,0,0,0,4,1,0,0,0,7,4,4,5,0,3,0,0,3,0,3,0,0,0,1,0,0
0,0,0,2,0,0,1,0,2,0,2,0,0,0,4,0,0,0,1,0,0,2,5,7,0,0,0,0,0,0,14,0
4,3,1,0,0,1,6,0,12,0,10,16,0,2,0,7,0,0,0,5,5,7,0,0,0,0,5,1,3,5,2,4
0,3,0,0,3,8,0,0,10,0,0,0,0,0,1,0,0,0,4,0,0,0,1,2,0,0,9,1,0,5,0,0
15,10,0,3,0,6,6,0,3,3,0,0,0,0,0,2,0,0,0,2,0,3,3,0,0,7,1,7,2,0,8,0
15,8,0,0,0,5,0,0,0,4,7,0,0,0,8,0,0,3,0,0,1,0,0,10,2,2,6,0,0,5,0,0
89,0,2,0,0,0,0,5,0,0,0,1,0,0,0,2,0,0,0,0,2,0,5,13,35,0,0,0,0,3,0,3
72,0,16,0,10,4,0,3,0,0,6,1,9,0,1,3,0,3,1,0,32,37,5,27,28,21,6,0,0,4,9,4
150,4,0,2,0,0,0,0,0,0,0,1,2,25,2,0,0,11,7,20,0,1,54,40,32,0,24,5,3,7,0,0
0,0,0,4,0,0,1,4,0,0,0,71,0,0,0,6,18,135,81,48,87,0,109,49,50,22,39,0,0,4,0,12
0,0,0,5,7,15,0,6,0,13,0,0,0,0,0,27,6,36,3,0,22,16,52,25,53,0,0,0,0,8,0,0
0,0,4,2,0,0,25,0,0,16,28,23,0,8,39,11,48,16,149,57,11,26,8,0,23,0,0,0,7,0,0,5
185,0,0,0,0,0,6,13,0,3,17,48,27,23,44,37,70,95,8,21,1,14,24,6,4,0,1,0,7,0,0,0
29,4,0,2,16,0,0,14,126,7,0,0,0,53,48,38,5,7,88,7,71,2,14,2,0,0,0,0,0,10,1,5
14,0,0,0,0,0,0,31,6,5,37,11,10,81,4,0,0,16,16,24,20,0,20,0,4,0,13,4,0,6,0,0
0,0,0,7,0,14,0,2,0,66,5,29,25,6,50,0,50,0,44,1,56,0,0,0,0,2,0,0,11,0,0,0
168,1,6,0,0,0,3,1,0,5,10,34,24,38,48,10,8,0,103,9,10,4,3,0,0,0,0,0,0,14,13,0
81,5,0,0,0,8,81,0,16,1,1,0,56,4,8,3,40,9,8,0,21,6,23,0,0,0,6,3,3,9,0,0
0,0,0,4,0,2,0,14,8,6,43,0,21,10,4,0,119,6,18,54,23,0,0,5,0,0,0,0,1,0,0,0
103,0,0,0,0,5,0,0,31,24,0,2,7,7,10,3,0,0,88,7,7,0,7,0,0,0,3,0,0,0,6,11
97,1,0,5,16,0,3,1,0,9,0,52,0,0,2,7,22,0,62,0,4,0,0,0,0,0,5,0,2,11,0,0
57,0,0,5,2,0,0,24,0,0,0,3,10,0,24,6,21,17,4,3,0,0,6,0,0,4,0,1,0,0,3,0
62,0,0,6,8,0,0,0,0,1,0,1,0,6,0,0,0,0,0,1,2,4,2,0,0,0,0,0,0,5,0,8
0,2,3,0,0,2,0,10,0,0,1,0,0,2,1,0,0,1,14,1,2,0,0,15,4,0,3,2,0,1,2,0
19,3,0,0,0,0,0,4,3,2,0,3,0,0,0,0,1,0,0,11,5,0,0,9,0,2,0,13,0,0,2,0
0,0,3,10,9,1,0,0,0,2,3,0,5,0,0,0,0,0,1,0,0,0,0,2,0,0,0,0,0,0,0,0
9,0,8,0,8,4,13,0,0,3,0,0,6,6,0,0,0,0,0,6,0,0,0,0,0,2,1,0,3,2,9,5
0,0,0,0,6,6,0,5,0,0,0,0,0,0,0,0,0,0,1,0,0,0,13,0,1,0,0,0,6,12,11,0
0,3,0,1,0,6,5,4,3,0,0,5,0,0,0,5,2,0,0,2,8,0,0,6,3,0,0,5,0,0,2,0
0,0,1,1,0,0,8,0,0,0,7,0,5,0,0,0,2,0,0,0,4,4,8,0,0,0,4,0,0,0,3,0
0,0,3,8,0,0,0,4,0,0,8,0,10,0,1,2,0,0,0,0,0,4,5,0,10,0,8,0,0,0,14,0
0,0,0,0,0,0,0,4,6,0,2,0,3,0,0,4,0,4,0,0,0,4,6,0,0,0,0,0,3,7,3,24
6,3,0,1,1,1,5,6,8,0,0,0,0,3,0,0,5,1,0,0,0,0,4,0,0,3,0,0,5,0,0,0
1,0,0,10,0,4,0,4,2,0,1,0,0,0,1,1,4,0,1,0,0,2,4,0,0,9,5,3,0,0,0,2
0,0,0,1,0,2,0,1,0,0,0,1,0,1,0,0,0,0,0,3,0,0,0,0,0,0,0,0,0,0,8,0
0,0,0,0,1,6,0,0,0,0,0,14,0,0,5,0,0,0,8,5,0,0,7,0,0,0,0,4,6,0,0,0
0,0,0,1,0,0,0,0,0,8,1,0,0,3,5,0,4,0,1,0,0,0,0,3,0,4,0,0,0,0,0,0
14,0,0,0,0,0,0,0,3,3,1,3,0,0,2,0,4,2,0,0,0,3,3,5,4,0,1,0,2,0,0,0
78,3,13,9,0,2,0,0,0,0,0,0,0,0,0,0,0,0,0,3,0,3,10,0,38,8,0,0,2,0,0,27
77,0,2,0,0,17,0,0,4,5,4,0,37,0,3,2,0,4,28,0,4,53,0,7,0,39,0,2,0,0,0,0
72,0,0,5,0,0,10,4,0,0,1,0,0,0,0,31,0,39,0,21,0,0,70,41,48,0,10,0,2,8,3,9
0,5,0,0,0,0,8,0,0,0,0,81,0,0,0,0,21,147,46,10,81,1,63,18,9,34,0,0,2,8,0,13
0,5,0,0,6,30,7,6,2,3,0,7,4,0,0,8,14,41,0,0,40,5,50,26,67,1,0,6,0,8,0,0
0,7,0,0,11,8,17,0,0,16,29,26,0,13,49,4,34,9,175,43,10,2,19,9,23,0,0,0,0,0,4,0
0,0,27,2,0,0,0,5,1,30,1,13,74,21,32,38,53,67,20,17,3,0,22,0,0,1,5,0,0,0,8,9
65,1,0,10,16,8,7,15,102,0,0,3,6,50,36,5,2,30,29,0,64,13,20,8,4,5,16,0,0,5,0,0
57,2,0,0,0,0,0,71,10,3,35,19,3,105,0,8,1,4,22,23,60,0,9,0,0,2,0,0,1,0,6,0
22,4,19,0,0,0,9,0,17,69,24,21,20,0,32,13,53,6,53,0,61,0,12,0,1,0,5,7,4,0,14,0
0,0,11,0,0,0,0,30,0,3,13,0,59,34,85,7,6,24,106,0,3,0,5,8,8,0,15,0,4,4,0,0
0,0,19,0,0,3,97,0,20,7,7,1,20,0,14,14,54,44,0,2,15,24,0,0,0,3,1,0,7,5,0,2
145,4,0,0,0,10,5,27,24,0,26,0,46,7,4,2,173,32,0,26,0,3,3,0,5,2,9,0,0,9,0,14
0,4,23,0,0,11,0,3,33,0,10,0,1,7,2,0,9,0,95,7,0,0,0,4,0,6,0,0,0,9,16,13
27,6,20,0,19,0,0,4,4,0,0,41,0,0,0,0,35,2,74,0,0,4,2,0,4,9,2,0,1,0,13,4
75,0,0,2,9,2,0,30,0,2,0,0,0,0,49,6,0,0,3,6,0,0,0,2,0,1,0,1,0,0,0,0
82,0,0,0,0,8,0,0,0,4,0,4,0,0,13,1,0,0,7,3,0,0,0,0,0,0,0,3,12,5,3,0
7,0,0,4,0,0,1,4,1,0,6,7,5,0,3,3,11,0,1,6,4,6,0,0,2,1,0,0,1,0,0,0
66,1,0,0,12,3,2,0,1,2,0,1,0,0,0,5,0,0,2,0,0,0,14,1,0,0,0,0,1,0,0,10
7,1,1,1,0,4,5,2,0,4,4,0,0,3,0,5,3,0,0,7,5,3,8,0,0,0,5,0,0,6,6,0
0,3,0,0,3,0,0,0,0,0,0,0,0,0,0,5,6,5,0,0,3,3,0,0,0,0,0,2,0,0,0,0
0,0,4,4,0,0,2,6,0,0,0,4,3,0,0,3,9,0,8,0,0,0,0,1,0,0,0,0,4,0,0,0
8,0,2,13,1,0,0,5,0,0,1,0,0,0,1,2,0,2,0,0,0,4,1,4,0,0,0,0,0,0,5,0
0,0,7,0,0,0,0,0,2,0,0,0,0,0,6,0,0,0,0,1,0,0,0,5,0,0,0,1,1,13,6,0
5,3,12,3,0,3,0,0,0,0,0,10,0,0,0,0,8,0,6,0,2,3,2,0,0,0,3,0,2,0,0,5
0,2,0,13,6,5,0,7,2,5,0,0,0,3,1,0,0,2,0,0,4,0,3,6,0,1,5,10,2,7,0,0
9,2,2,0,0,0,1,0,0,0,3,5,0,0,0,0,0,1,6,0,0,0,0,1,0,4,0,0,0,0,0,5
0,0,1,4,0,1,12,7,1,4,0,0,1,0,5,0,0,6,0,0,0,0,1,1,0,0,2,5,9,2,0,20
5,0,0,0,0,11,0,0,4,0,0,0,0,7,0,0,0,0,2,2,0,3,0,0,7,0,0,8,2,4,0,11
0,0,2,2,0,0,0,7,4,5,0,0,0,0,0,2,0,0,6,3,0,0,5,0,0,5,2,0,2,3,0,5
0,4,0,7,11,3,0,0,11,4,8,1,6,0,0,4,0,3,0,5,3,2,1,0,1,8,0,1,7,0,4,1
13,0,0,0,0,0,0,0,2,0,3,0,0,0,0,6,0,0,0,0,5,2,2,0,0,0,6,5,1,5,5,3
0,0,0,0,0,0,0,0,0,0,0,0,0,3,0,9,10,8,0,0,0,34,1,0,42,1,0,6,9,0,0,0
0,0,1,0,0,0,9,0,0,0,6,8,22,0,0,0,0,7,31,0,12,40,7,9,0,3,0,5,0,10,12,0
42,0,0,0,6,2,0,2,0,5,0,0,8,26,2,42,5,38,3,37,3,0,34,30,14,0,0,0,0,6,8,2
106,0,0,9,0,1,0,12,0,0,8,77,1,0,0,8,19,139,27,0,38,0,84,0,23,24,39,3,0,0,0,10
0,6,0,14,18,22,6,0,1,16,0,0,35,0,1,2,12,10,2,5,44,5,46,19,2,0,0,0,0,0,2,0
70,0,6,0,2,8,23,0,3,27,58,18,0,0,50,4,23,13,151,21,4,21,27,2,0,0,0,0,6,14,5,0
0,0,22,0,0,0,0,3,0,7,10,6,50,12,25,13,55,54,17,9,5,10,31,3,0,1,10,11,0,0,10,0
0,2,0,4,14,0,0,11,116,0,2,6,25,48,31,18,0,13,44,7,6,48,27,0,2,0,0,10,7,0,0,10
0,0,0,0,0,11,0,42,6,17,26,21,4,78,2,11,5,23,0,9,54,0,0,4,0,3,0,0,1,0,0,20
74,5,0,5,4,6,0,0,7,69,4,13,26,12,19,9,4,9,54,1,46,0,2,4,0,0,3,0,0,2,0,0
0,7,18,3,2,0,0,0,3,3,25,21,81,3,53,48,0,0,76,0,0,2,1,0,0,6,0,11,6,0,1,12
0,3,0,0,0,0,84,5,3,0,1,0,52,0,0,13,0,11,34,3,0,14,10,0,5,0,2,16,11,4,10,0
0,0,12,1,0,0,15,31,19,1,40,26,43,3,0,0,151,37,0,23,6,0,5,0,0,5,0,9,2,1,0,0
80,0,0,4,0,4,2,4,35,14,30,3,0,19,0,4,1,0,74,11,2,5,6,0,0,0,0,0,4,4,0,0
57,0,0,3,13,0,2,0,2,1,4,35,0,1,2,0,47,1,0,0,1,0,0,3,0,0,0,0,7,5,0,0
21,4,2,0,3,5,1,7,1,3,0,0,2,1,34,0,16,0,7,9,5,0,0,0,8,0,0,0,6,7,0,8
62,7,1,5,0,2,1,0,0,0,1,6,2,3,8,6,5,3,0,0,0,3,0,0,3,0,0,0,0,2,8,1
0,0,0,0,0,0,2,0,3,0,6,3,6,1,0,0,0,0,1,0,0,0,1,0,0,0,0,0,5,0,0,0
0,1,0,0,0,0,3,0,9,0,0,9,1,4,0,0,3,0,1,0,2,6,1,0,0,0,5,1,0,0,0,4
3,0,0,0,1,0,1,0,0,4,0,0,0,7,0,1,0,0,4,1,2,0,4,2,0,0,0,0,0,7,0,4
0,2,0,0,0,0,0,0,0,0,4,0,0,4,0,0,0,0,4,1,2,0,0,0,1,2,0,2,2,0,0,0
1,1,3,1,1,1,3,0,0,0,0,4,0,0,0,0,2,0,1,1,0,0,0,1,2,1,0,2,0,0,0,3
2,0,4,0,0,2,2,0,0,0,0,6,0,2,0,0,6,1,0,0,2,6,2,7,2,0,1,0,0,0,7,0
0,0,0,1,0,0,0,0,0,0,0,6,0,0,3,1,0,0,11,0,11,0,1,0,3,4,8,0,3,0,15,0
0,0,0,10,0,0,0,0,0,0,0,0,0,0,2,0,1,0,0,1,0,0,0,0,0,2,0,5,7,7,0,0
2,0,0,0,1,7,0,0,3,0,0,0,9,0,0,0,0,0,9,0,0,0,1,0,0,0,3,1,0,4,0,9
0,0,0,0,0,8,3,2,0,6,0,19,2,5,1,6,0,0,3,3,0,1,3,2,0,0,2,0,0,0,0,0
3,0,5,0,7,0,2,0,6,0,0,0,0,0,0,0,0,0,6,0,0,0,0,0,4,0,0,0,1,0,0,11
0,0,12,0,0,0,1,0,0,3,0,0,0,15,0,0,0,4,0,3,0,7,4,0,0,0,4,5,0,0,8,7
0,0,6,0,6,5,14,5,13,0,7,12,8,0,6,11,4,5,8,3,6,0,10,5,0,4,13,0,4,0,2,0
0,0,0,0,1,0,0,0,0,0,0,3,0,0,0,4,0,6,2,0,1,1,6,0,1,0,3,6,0,2,2,0
0,3,7,0,0,0,11,4,3,0,0,2,11,7,0,0,0,0,0,0,1,0,3,0,0,0,0,0,6,8,0,1
62,0,0,3,6,0,2,0,2,0,0,7,0,8,1,0,3,0,2,4,1,4,0,0,7,4,1,0,0,0,0,0
106,0,9,4,0,0,6,13,0,0,0,0,31,0,0,5,4,22,8,2,9,48,1,18,6,39,0,0,4,5,0,0
0,11,12,0,0,3,9,0,8,8,8,0,13,20,7,54,2,36,1,46,1,4,1,40,65,0,6,0,6,0,1,0
23,0,0,11,3,11,2,0,0,0,0,60,0,2,0,8,7,104,36,0,68,2,55,0,36,29,21,0,4,0,5,0
0,0,0,14,30,22,0,0,0,40,0,7,33,13,0,14,20,0,0,0,38,2,44,15,0,11,6,0,5,4,2,20
0,0,18,0,22,2,3,1,0,36,10,11,0,20,36,17,46,13,106,24,0,0,9,0,0,3,0,0,1,0,2,10
0,0,25,0,0,0,9,14,0,31,1,11,21,27,0,33,56,48,23,6,0,0,12,4,0,0,0,4,0,0,0,0
49,7,1,12,14,0,0,19,81,0,0,0,9,0,30,8,0,9,36,3,2,40,7,0,0,0,0,0,0,0,0,0
0,0,12,0,0,11,4,64,3,25,24,41,9,77,0,24,2,31,0,9,17,6,5,1,0,10,0,0,0,5,0,0
0,8,4,0,0,17,7,8,0,30,0,2,54,2,29,16,51,2,53,0,10,0,0,0,0,0,0,20,6,2,11,0
147,4,0,8,0,8,0,0,0,7,6,24,56,30,48,50,7,0,86,10,16,1,2,0,0,4,0,0,0,0,0,0
0,5,0,0,0,0,101,0,0,1,24,0,67,4,13,20,0,27,0,3,0,2,5,0,0,0,3,0,1,16,0,24
0,0,0,0,0,1,8,55,16,0,39,36,45,5,2,0,105,0,3,0,6,0,3,0,5,2,0,0,5,13,1,1
105,8,0,0,0,8,0,0,7,4,40,0,4,11,10,7,7,9,53,0,0,1,0,5,0,0,6,13,4,3,0,0
96,6,0,0,5,7,0,0,10,3,0,21,0,3,0,0,29,8,12,0,4,0,1,6,0,0,0,0,4,6,4,0
42,2,0,0,0,9,0,28,0,0,0,0,1,5,40,0,5,5,0,0,0,2,10,8,0,0,0,0,1,0,2,1
90,0,0,0,0,0,0,0,0,0,0,7,0,4,1,8,10,0,8,2,0,2,0,0,0,3,2,0,4,0,0,6
17,0,0,0,0,3,0,0,1,0,0,0,1,8,12,7,7,6,4,2,1,0,0,4,0,0,2,1,2,0,0,2
33,3,3,0,2,3,2,3,1,0,0,0,16,0,0,0,10,2,1,0,0,0,3,0,0,0,3,0,5,1,6,0
1,0,0,0,3,5,0,4,0,5,3,0,3,0,0,0,0,0,3,0,0,0,0,0,4,0,7,0,0,6,0,0
0,0,0,0,8,0,0,0,0,4,4,0,2,0,4,0,0,0,8,0,0,5,0,13,0,0,8,0,0,7,4,3
0,0,2,0,4,0,6,2,5,0,6,10,9,1,2,1,1,0,0,8,3,0,0,0,0,3,2,0,0,1,11,0
0,0,0,8,4,0,0,7,4,0,1,7,5,0,4,6,1,0,0,0,0,1,0,0,3,0,0,0,2,0,15,0
0,0,0,8,0,0,0,0,0,3,0,0,0,0,0,4,5,1,0,1,6,0,3,0,6,0,1,0,0,6,0,0
5,0,0,1,3,0,4,7,0,1,0,0,9,4,0,4,3,3,0,0,0,0,4,0,0,2,0,0,0,0,5,0
0,0,0,4,0,0,1,4,0,0,1,0,0,0,5,3,0,0,0,7,0,0,4,0,0,0,0,0,6,0,0,17
9,0,0,0,0,0,4,4,6,0,0,13,5,0,7,1,0,0,10,0,0,0,0,0,4,0,6,3,0,0,0,0
0,0,0,0,0,3,0,5,0,0,0,5,0,0,1,0,0,0,3,0,0,0,0,0,0,0,0,4,4,0,0,0
1,0,0,0,0,7,4,5,0,1,8,0,0,0,0,0,1,5,0,0,0,0,3,1,0,0,1,0,0,8,0,0
0,7,4,0,0,1,0,0,0,7,0,1,0,1,5,5,6,5,0,13,3,2,0,7,0,9,3,5,0,0,0,0
0,0,0,0,0,0,0,0,0,2,0,1,0,0,0,9,0,0,0,1,0,2,6,0,5,0,0,9,3,4,4,0
0,0,0,2,0,2,3,0,0,2,0,10,3,0,0,0,0,0,1,0,0,0,0,2,0,3,4,0,0,0,5,5
67,0,0,0,11,5,11,5,0,2,0,1,0,0,4,12,12,3,0,6,0,3,5,0,0,0,0,0,0,0,0,12
0,2,0,0,0,8,0,0,1,0,4,3,46,0,6,3,0,18,1,0,0,50,1,7,0,3,1,0,0,0,0,13
61,0,0,0,2,4,1,0,0,7,0,1,0,27,0,66,0,36,0,55,0,2,0,49,11,0,0,7,5,0,0,0
0,2,10,0,0,15,0,2,0,0,0,50,0,0,0,0,24,97,7,2,62,0,53,0,12,0,0,0,1,4,0,5
0,0,0,10,20,20,0,5,0,34,2,0,0,0,9,19,7,0,0,0,24,0,40,1,0,0,4,0,5,1,7,2
123,0,2,1,13,0,36,3,3,27,51,26,0,0,42,29,28,2,86,16,0,15,20,0,9,0,7,0,0,11,0,20
0,0,19,0,0,7,0,39,5,49,25,27,48,17,0,32,43,49,19,2,2,0,23,0,7,0,7,2,12,0,2,0
67,4,0,8,30,4,0,14,140,4,2,6,0,0,27,2,5,4,30,1,0,25,0,3,0,0,0,0,0,2,15,0
0,0,21,0,0,13,0,44,15,5,10,18,12,75,0,17,0,24,0,29,16,0,10,11,0,0,6,0,2,0,0,0
105,0,0,5,0,16,0,9,0,43,10,0,59,6,16,24,27,18,56,0,1,0,0,5,0,0,0,0,0,20,0,0
0,0,31,9,5,8,12,0,5,10,20,28,70,0,48,13,0,0,71,13,3,0,0,0,0,3,0,5,0,1,6,0
121,0,0,5,1,5,65,0,0,0,27,8,60,0,0,13,5,24,0,5,7,2,3,3,1,0,8,4,0,0,11,0
0,0,0,1,0,0,8,10,3,0,48,32,51,3,5,0,112,29,0,5,3,8,0,9,0,4,9,0,0,0,2,2
0,0,8,5,1,0,0,28,0,0,26,3,0,0,0,0,0,11,71,0,13,3,7,0,0,6,0,9,0,1,0,17
95,0,7,10,10,0,0,0,0,0,0,29,0,0,0,0,20,6,0,0,0,0,0,7,0,0,3,0,0,0,0,0
0,0,5,1,0,0,4,18,0,0,0,9,2,0,15,0,5,0,0,0,6,5,0,0,4,0,17,8,1,7,0,2
0,0,0,3,6,13,0,5,2,0,0,16,5,0,9,0,3,0,0,0,0,2,0,4,0,7,5,2,0,0,0,13
0,6,1,0,0,0,7,6,0,3,0,4,0,8,2,6,1,0,3,4,0,0,5,6,0,3,7,0,1,0,0,4
39,10,0,0,0,3,0,0,7,0,0,11,4,0,5,7,12,0,4,0,1,4,0,3,0,0,3,0,7,0,0,0
0,0,4,0,2,0,5,0,0,10,3,0,0,4,0,0,0,7,0,0,0,7,0,0,0,0,0,2,1,0,0,0
0,5,2,1,0,0,10,0,4,5,0,4,0,7,2,1,2,0,6,0,0,0,0,1,0,7,0,0,2,0,0,7
3,3,0,10,11,2,0,0,0,4,0,3,0,0,0,5,0,0,0,0,0,1,0,0,0,0,0,0,4,9,0,0
5,3,7,0,4,0,0,0,0,8,6,0,5,0,1,0,0,7,0,12,0,0,0,1,0,0,0,0,0,5,0,3
0,0,0,3,0,0,0,0,0,0,0,3,1,6,0,2,1,0,0,8,0,0,0,0,0,2,0,0,8,2,1,3
2,0,1,0,20,2,8,2,0,0,0,0,0,4,0,0,0,0,0,0,0,0,0,0,3,0,0,0,0,9,0,7
10,8,0,0,4,11,0,0,1,6,0,2,12,0,0,0,0,0,0,12,0,0,12,14,0,0,11,0,2,14,17,0
0,6,12,0,12,4,18,0,4,0,0,0,0,3,0,3,5,0,1,5,5,0,0,0,0,6,1,0,1,0,0,0
0,0,0,0,3,0,0,15,13,6,0,4,8,0,3,0,4,1,0,4,3,9,0,0,0,3,3,5,5,0,5,16
3,2,0,0,1,0,3,0,3,0,0,10,0,8,13,0,8,4,0,5,1,5,0,0,0,0,0,7,7,4,6,0
0,7,0,4,1,6,0,0,0,0,3,1,2,1,0,1,0,2,0,0,0,0,0,0,0,0,0,0,0,0,6,0
0,0,0,2,0,8,0,0,0,7,2,4,0,2,0,12,2,3,4,0,0,0,2,0,0,1,8,0,0,0,4,0
0,3,0,0,14,0,3,7,8,0,13,12,1,0,0,6,0,0,5,1,15,0,16,0,0,0,0,1,0,0,0,0
57,0,8,1,0,9,8,0,3,0,0,4,7,0,4,0,4,0,0,0,0,31,0,6,0,3,0,7,0,14,0,0
95,9,16,0,12,6,0,0,5,1,0,4,26,9,1,4,2,14,26,0,7,50,7,31,0,20,0,0,5,3,0,0
126,10,4,8,5,0,1,14,0,5,0,0,0,0,0,71,14,16,0,53,0,7,30,39,7,0,9,0,12,0,0,0
0,0,0,0,21,12,0,0,10,8,0,57,0,19,0,4,21,89,3,7,91,11,58,0,10,0,32,27,14,0,0,0
0,13,0,8,27,27,0,0,0,41,3,0,1,6,10,0,17,1,10,8,19,9,43,0,0,1,0,14,0,0,4,14
10,0,0,2,0,0,17,6,0,16,52,20,1,0,28,16,41,14,102,9,5,15,32,0,0,0,8,1,8,3,7,3
0,0,0,0,7,0,12,18,2,37,11,23,37,11,12,31,56,53,28,3,0,0,7,9,9,0,0,0,0,3,0,7
0,11,0,2,39,6,0,9,109,12,5,7,0,3,24,30,0,9,0,8,0,7,3,2,0,11,0,0,0,7,23,0
57,0,0,6,6,0,0,39,8,19,35,34,0,64,0,14,0,7,0,29,8,11,0,0,1,0,0,1,0,8,0,0
0,5,3,4,0,16,0,0,1,51,10,20,55,4,16,34,5,15,56,1,0,0,0,6,0,0,0,0,9,4,1,5
109,0,0,38,12,0,0,7,0,7,16,29,67,2,39,14,13,8,75,0,2,0,2,12,0,0,7,4,3,3,9,0
0,6,0,8,0,0,101,1,0,0,24,8,70,0,5,16,0,41,0,0,4,5,0,6,8,0,19,8,2,11,3,0
0,0,0,6,0,0,9,16,0,0,58,28,46,0,0,8,100,0,0,0,0,0,11,0,4,4,0,0,0,11,6,17
76,0,0,0,1,1,9,0,3,10,13,2,0,0,0,2,3,0,37,6,0,7,0,0,0,3,0,0,0,2,0,16
0,14,0,0,16,0,6,1,9,0,4,32,0,0,8,9,0,4,12,0,2,2,2,0,8,0,2,0,0,0,1,1
91,0,10,0,7,3,0,6,8,0,0,0,0,0,23,0,3,0,2,2,0,0,0,0,9,0,0,0,0,3,0,11
27,0,0,5,19,0,3,12,0,2,0,1,0,0,0,18,0,1,0,0,0,4,0,2,3,0,0,0,0,0,0,10
49,9,0,0,1,0,2,0,2,6,3,8,2,0,9,0,3,0,11,5,0,14,0,0,0,0,8,0,7,4,0,3
44,9,0,0,0,1,0,1,4,0,5,1,6,0,0,0,0,4,0,0,0,0,0,0,3,0,0,2,8,0,0,9
8,0,0,2,0,0,5,14,3,0,0,0,0,0,5,0,2,9,16,1,0,0,0,0,0,0,0,0,2,0,0,0
0,3,1,2,2,0,6,0,9,0,13,1,0,15,0,0,0,0,0,9,0,1,5,0,0,0,0,5,0,0,0,12
0,5,1,0,9,0,9,10,6,0,4,9,0,3,0,6,0,4,9,0,0,0,0,2,0,0,0,0,2,0,8,8
0,0,0,7,6,0,2,0,5,0,5,17,4,7,0,0,0,11,0,0,0,1,0,5,6,0,1,2,4,0,0,0
0,0,0,6,11,6,5,4,10,17,19,0,8,0,0,9,0,6,4,0,0,0,2,16,0,8,4,1,0,17,0,0
0,4,10,0,0,3,0,0,0,0,0,3,0,6,3,0,8,6,0,0,1,0,0,0,0,10,17,0,8,0,15,6
0,3,3,3,0,5,5,4,0,0,0,0,0,0,8,0,0,2,0,4,1,7,4,0,1,0,0,9,0,9,0,20
0,0,0,0,0,0,4,0,0,0,3,6,0,0,0,11,12,0,0,1,18,0,0,0,5,6,4,0,0,0,0,0
0,0,16,0,0,0,1,4,5,4,0,0,5,0,2,0,4,2,0,1,16,0,7,0,3,3,0,0,4,0,0,14
0,4,10,9,5,0,0,3,0,0,0,5,0,0,0,3,10,14,10,0,2,0,8,0,0,6,0,17,0,1,0,0
0,0,0,4,26,0,0,0,0,1,6,0,17,0,0,0,1,4,0,0,0,0,9,0,0,0,0,0,0,0,0,0
201,23,18,0,0,40,0,0,0,1,0,0,7,0,13,40,0,0,0,18,0,0,0,0,0,18,10,0,21,6,8,34
20,0,14,31,45,7,0,0,5,7,0,6,26,2,11,0,30,19,5,14,7,0,0,10,0,0,1,30,0,0,40,0
0,0,16,102,162,1,1,0,2,0,0,0,0,8,24,2,0,0,41,33,7,0,20,12,6,13,4,0,0,26,0,30
0,7,16,122,142,18,0,4,31,0,19,11,14,0,7,44,0,1,0,0,13,81,0,33,26,0,2,33,2,41,39,12
154,6,0,0,91,6,0,25,0,0,0,0,0,77,0,23,0,21,0,36,2,0,1,5,53,3,7,0,42,55,4,44
0,9,6,33,0,48,30,26,41,0,48,9,16,192,22,0,3,95,34,0,64,2,13,26,0,0,18,0,24,1,0,21
30,25,18,3,62,0,11,8,0,28,8,0,0,3,0,4,16,26,0,0,19,11,36,16,42,0,4,0,35,30,17,0
39,16,15,0,35,0,37,34,13,0,0,9,0,1,44,20,66,31,4,12,25,0,32,3,0,6,0,0,14,23,26,49
0,2,17,0,15,0,75,0,33,21,0,31,33,0,0,51,75,0,0,0,13,11,32,0,8,0,0,33,0,0,0,0
0,3,3,18,26,48,0,8,11,0,0,3,24,0,26,33,31,13,4,0,0,36,19,0,0,0,0,5,3,0,0,22
0,0,0,11,0,12,0,63,19,0,22,10,0,22,1,31,2,7,9,2,0,14,26,3,0,48,0,2,8,32,12,0
106,16,0,0,39,30,3,16,0,8,13,31,32,6,12,23,0,0,0,0,0,2,0,0,26,35,0,0,0,0,0,27
0,0,0,40,0,29,0,0,0,4,0,3,58,145,5,9,0,0,48,19,0,31,14,0,1,0,13,13,13,0,0,0
0,0,0,0,0,0,77,1,16,7,0,11,48,61,14,56,9,0,4,10,0,4,0,0,0,16,7,22,0,4,0,0
68,0,0,3,0,7,11,32,42,0,33,27,8,42,31,0,4,19,0,2,0,13,0,0,10,0,20,14,13,0,0,0
0,5,25,137,0,0,31,10,29,18,24,32,7,0,12,2,0,15,34,2,0,14,25,0,0,0,0,5,43,45,13,0
0,221,134,243,41,0,0,17,0,4,0,29,17,13,12,0,0,8,0,0,0,0,0,3,0,0,40,20,1,0,0,0
0,23,246,21,17,1,18,11,0,19,16,0,0,7,0,0,0,0,0,0,0,0,3,9,14,5,28,5,19,0,0,16
76,67,5,107,16,0,4,0,6,10,25,9,3,28,0,0,6,0,0,0,14,0,0,0,9,16,0,9,2,0,21,0
0,0,200,101,0,16,26,10,2,11,0,21,25,0,1,0,0,0,3,23,2,10,32,0,20,16,26,0,19,0,0,51
12,26,49,0,0,14,13,0,0,8,9,1,32,24,1,0,0,0,0,22,0,6,0,0,3,0,0,1,16,33,0,19
0,0,25,26,0,0,0,0,10,25,0,0,0,19,14,10,12,4,0,11,24,0,0,3,4,0,0,0,22,0,0,0
0,2,0,5,2,10,0,32,0,13,0,0,0,20,6,0,11,0,0,0,0,0,22,0,0,0,0,14,0,0,0,72
22,0,0,31,0,0,0,2,16,0,13,0,8,0,16,0,0,3,8,12,0,0,26,0,0,9,3,15,19,0,0,0
0,13,0,0,18,18,0,0,38,11,0,0,18,0,27,28,12,12,0,0,33,0,0,8,0,0,4,14,5,0,0,0
0,12,0,0,24,1,0,10,11,0,20,0,0,0,14,0,0,0,0,0,6,9,0,6,0,6,0,55,0,0,0,0
4,0,0,0,0,0,0,0,30,0,15,22,7,0,0,28,0,0,8,13,0,21,25,0,0,19,49,0,18,9,0,0
9,0,6,0,0,0,15,0,0,0,19,32,0,0,0,0,0,0,8,0,0,0,0,0,0,0,0,14,0,5,5,61
12,0,15,0,7,53,40,0,4,0,0,3,0,16,0,8,0,0,0,18,0,0,0,4,0,0,0,0,32,7,20,0
0,2,27,6,29,9,22,0,0,0,0,21,4,11,16,0,7,15,4,0,0,0,3,0,1,6,3,7,0,0,0,0
0,0,0,0,9,0,0,21,15,0,2,46,0,17,24,3,0,0,34,8,6,0,0,8,0,18,0,5,0,17,3,0
13,1,36,0,0,0,6,66,0,10,0,0,46,27,0,2,18,0,21,12,27,18,0,11,0,8,0,0,20,27,8,21
167,0,12,0,3,0,0,0,16,17,0,0,0,2,0,0,2,11,0,0,0,0,14,4,0,31,0,0,0,0,0,0
3,0,11,15,2,32,4,19,18,0,19,106,167,0,0,10,0,0,0,2,9,0,0,0,25,0,22,0,0,0,16,31
54,15,26,19,8,91,0,0,0,27,0,157,43,24,18,0,1,0,0,21,0,3,0,0,0,4,0,0,0,0,0,16
0,23,0,19,24,130,62,31,0,0,22,22,26,5,0,0,0,33,17,38,0,27,0,0,0,0,3,0,0,0,0,23
155,11,0,16,34,142,189,85,0,2,0,157,213,0,0,29,40,38,17,0,0,0,46,15,23,3,0,0,3,54,13,12
0,0,0,25,12,80,151,245,2,0,29,219,152,0,3,2,0,17,0,0,69,27,48,5,9,14,37,0,27,0,0,0
197,0,10,5,0,32,86,229,0,0,0,0,0,15,11,35,6,8,0,0,1,6,59,0,0,2,0,0,21,0,12,0
0,50,0,0,18,26,120,42,0,9,3,3,0,50,19,40,61,40,0,0,28,0,10,0,0,0,1,20,0,0,2,36
0,16,18,0,0,0,0,14,46,0,0,2,34,0,0,10,37,0,0,7,7,12,0,0,2,36,0,19,24,0,10,93
0,14,10,0,0,35,0,0,119,25,0,0,0,40,35,0,6,9,0,0,26,0,23,10,8,4,0,0,4,0,0,0
94,53,78,7,32,13,13,0,30,4,39,0,0,84,0,7,22,0,0,16,5,0,0,12,4,30,0,0,36,0,0,42
0,0,188,180,6,31,7,0,22,0,24,18,53,0,0,21,58,0,7,0,0,14,0,0,0,0,0,38,22,0,0,21
0,58,110,210,0,0,27,43,146,43,0,19,37,0,12,0,0,9,96,16,30,0,0,0,1,0,4,0,19,2,0,0
123,8,26,7,0,16,0,0,112,133,0,0,25,3,1,95,0,14,4,0,12,11,0,13,5,0,32,0,24,2,13,0
65,8,18,0,25,34,0,1,21,4,10,17,9,5,9,0,145,25,19,35,44,0,22,0,17,26,0,14,0,0,13,0
0,1,44,39,0,10,0,52,0,4,45,10,13,0,0,0,12,7,0,0,21,31,32,0,0,16,33,3,11,4,8,0
66,0,0,9,1,17,17,15,0,6,38,0,28,0,10,3,0,8,2,6,4,0,9,0,3,8,0,0,0,6,0,2
46,4,12,25,0,0,98,47,0,9,0,7,0,16,11,8,0,0,21,0,30,0,17,0,0,10,11,0,26,26,0,42
0,0,8,28,38,71,162,77,53,15,34,21,26,21,0,3,0,0,0,0,0,30,2,6,0,0,0,0,0,0,0,0
0,0,0,6,113,28,98,145,0,16,18,0,0,0,24,29,35,0,24,26,21,7,0,0,0,0,17,0,2,0,20,0
0,0,0,0,32,129,157,0,0,20,17,1,0,1,9,0,6,0,0,0,28,0,0,3,8,0,0,4,0,23,1,0
11,0,0,0,0,21,130,0,4,0,0,0,0,5,18,0,16,0,0,46,0,12,0,0,1,3,13,0,0,25,13,14
42,43,0,6,25,10,22,0,4,8,0,0,6,0,0,0,3,14,3,0,4,0,0,20,0,11,0,0,0,50,0,0
8,0,0,2,36,0,0,23,5,0,2,0,12,0,15,11,0,0,44,5,13,0,11,0,0,20,0,0,4,0,0,25
72,0,16,0,13,0,0,0,0,14,20,16,13,28,6,0,5,0,7,0,1,0,0,0,13,1,40,0,0,0,5,0
0,0,2,8,31,0,13,0,7,0,0,24,28,0,3,12,48,4,0,0,27,0,0,21,37,9,8,9,12,7,31,7
17,16,0,10,0,0,0,34,16,0,36,39,6,17,5,0,0,0,0,4,0,2,0,0,13,7,7,32,28,0,0,0
0,19,0,40,0,0,4,0,0,0,0,0,0,0,0,12,0,0,0,0,0,0,0,3,0,0,19,0,9,8,0,0
38,4,0,0,18,0,0,15,35,9,11,55,0,0,0,1,3,0,4,16,18,0,1,0,0,0,0,0,0,3,11,4
31,0,44,0,11,0,0,20,0,18,0,24,0,0,2,9,12,0,0,29,9,0,0,0,12,29,50,0,0,0,35,0
0,14,19,0,25,8,8,0,0,14,0,0,39,29,9,0,34,0,0,23,0,0,9,19,0,0,5,0,0,13,23,134
0,0,0,0,20,14,11,0,0,37,0,22,0,0,22,13,37,0,0,39,41,15,0,0,0,0,0,0,0,0,50,50
133,0,0,14,0,0,16,32,33,8,0,26,38,1,31,38,6,12,0,0,13,14,0,16,62,0,62,0,0,0,0,36
0,0,8,28,0,0,0,7,4,0,0,0,34,4,2,28,29,93,0,4,2,4,0,11,0,0,0,0,0,13,0,0
59,54,29,0,0,0,0,0,10,28,0,11,2,66,0,112,40,94,40,3,0,0,0,0,21,0,0,34,0,0,0,60
47,0,0,5,14,40,3,12,18,0,0,0,11,116,102,10,22,55,106,0,13,12,0,0,0,0,0,0,0,0,25,52
103,0,27,45,14,12,23,19,35,0,10,0,0,46,10,252,72,28,53,0,19,0,0,0,0,38,0,0,26,18,0,2
0,31,0,0,0,89,7,23,0,0,0,137,70,25,1,33,52,45,152,0,3,0,3,0,0,0,0,19,0,21,46,20
147,11,0,0,26,59,0,0,17,128,163,157,149,32,80,126,39,51,34,0,54,0,46,23,27,0,0,23,71,11,27,0
0,0,4,51,30,0,0,67,0,64,159,202,190,169,40,0,58,153,195,0,0,75,31,0,48,0,0,0,3,64,33,0
117,0,0,0,0,0,17,40,13,9,22,244,196,34,0,0,57,226,241,0,11,0,9,1,32,0,2,20,24,0,25,0
0,0,0,0,31,0,31,49,9,0,17,80,194,182,6,6,0,205,18,0,135,48,31,8,29,0,31,24,21,13,0,2
0,21,0,0,0,0,0,19,0,16,24,0,199,21,36,0,21,23,1,78,101,237,55,0,0,11,0,6,10,0,0,0
2,0,0,10,19,20,0,3,0,0,35,0,0,0,28,0,63,0,37,0,35,107,229,4,0,21,0,45,0,0,18,0
169,11,0,0,40,64,0,6,0,4,0,0,9,15,19,46,9,0,59,4,20,0,0,13,6,0,2,0,16,0,3,0
65,23,0,0,18,61,178,221,19,6,39,1,25,56,17,67,8,26,16,0,0,0,0,24,0,0,0,6,6,0,0,19
0,0,11,0,3,27,0,154,37,0,10,85,93,248,231,0,65,8,0,0,5,28,24,0,1,28,0,3,0,0,0,0
54,0,0,7,2,0,29,87,66,29,19,52,45,193,201,0,0,211,43,116,0,16,22,15,0,0,0,28,3,1,20,23
161,0,0,0,0,0,0,38,37,0,43,32,0,132,154,0,19,85,4,36,9,36,1,0,9,0,0,26,0,0,0,13
52,0,20,24,0,0,13,0,18,0,0,7,0,53,0,31,0,0,26,78,27,45,31,0,0,20,0,3,0,0,0,78
90,0,0,30,15,43,4,10,19,63,27,7,0,0,0,0,10,10,0,0,63,108,0,5,0,0,26,0,12,17,0,20
0,43,0,0,1,58,1,101,11,42,32,13,0,0,0,0,0,17,0,18,19,16,0,8,0,0,61,0,0,2,0,38
109,31,0,0,4,0,25,0,78,29,10,199,79,28,38,0,0,0,13,13,11,0,0,1,3,0,0,0,2,49,0,0
104,0,42,51,25,0,34,54,93,139,141,148,240,21,0,33,0,0,0,0,19,28,28,0,20,0,15,0,0,0,4,21
22,0,11,0,0,0,0,0,35,103,228,20,22,0,0,33,14,0,10,0,0,28,0,0,0,0,4,0,66,2,0,0
0,0,0,0,0,0,27,14,0,35,33,201,0,0,0,0,0,0,13,0,27,22,0,0,19,13,17,13,16,10,0,9
4,0,4,5,0,0,0,0,0,0,60,0,7,6,0,4,26,0,0,0,10,9,0,8,0,0,16,22,0,0,0,0
0,0,0,0,18,0,24,8,2,59,0,0,0,32,0,24,0,0,0,0,23,6,0,0,0,6,0,0,0,13,0,13
10,4,0,0,0,0,0,0,0,0,7,11,24,10,22,3,32,0,0,3,12,19,0,0,25,5,0,5,0,0,4,0
5,0,2,1,0,0,4,0,35,0,42,0,24,37,0,13,0,0,1,0,14,3,19,0,0,0,0,15,0,1,0,0
2,0,4,0,13,3,0,17,0,6,0,9,0,15,36,0,0,9,0,0,8,0,0,23,11,0,0,0,41,0,0,0
9,35,20,0,30,0,16,0,6,26,5,0,0,1,13,1,11,19,0,19,0,20,0,0,0,0,26,11,10,35,38,0
5,6,12,3,0,34,4,60,0,16,7,0,19,0,15,0,0,0,10,0,4,0,0,11,0,20,12,40,0,0,30,24
0,2,0,11,25,0,13,0,0,5,0,41,2,0,0,0,0,0,0,0,0,8,17,0,0,0,33,0,9,0,0,3
