0,1,23,0,18,4,7,1,0,79,7,7,0,0,0,0,8,4,0,7,0,0,5,0,0,5,6,1,0,0,1,5
38,2,13,5,0,0,0,2,0,8,0,0,14,12,33,1,0,2,0,2,2,1,0,0,0,0,0,5,5,0,0,0
11,2,6,0,7,5,0,0,0,0,0,1,1,73,34,31,44,39,22,10,0,3,0,0,0,2,3,6,2,0,8,0
0,0,11,3,0,0,0,20,12,0,43,5,55,0,0,3,9,15,0,16,12,0,0,6,5,0,18,0,7,10,12,4
0,11,8,0,0,2,5,1,1,0,30,27,0,79,2,80,3,39,0,58,7,0,0,9,0,10,0,0,0,0,0,5
0,0,0,0,0,0,0,0,0,3,7,78,4,0,0,4,41,97,29,44,89,2,23,2,3,0,0,0,0,1,3,0
0,6,3,3,0,7,5,0,5,0,0,0,18,6,0,19,17,52,4,3,20,9,37,38,0,1,0,0,0,0,8,0
25,3,29,4,0,0,0,1,2,4,17,5,7,12,4,0,6,12,196,27,1,40,21,1,0,0,0,25,0,6,5,5
0,6,15,0,0,11,0,0,1,0,0,0,20,32,5,38,84,74,24,26,7,0,28,28,24,0,5,0,7,0,12,8
0,0,1,22,4,0,2,4,0,0,0,2,0,1,5,9,4,7,33,0,31,24,15,3,0,9,51,8,0,0,0,0
0,0,0,6,0,0,0,3,0,4,0,0,7,19,3,30,2,23,24,59,48,7,24,142,21,55,3,42,6,3,0,18
0,9,0,0,0,6,0,0,5,42,4,0,55,10,4,8,3,0,50,0,63,2,14,0,20,31,82,15,15,2,5,0
0,0,0,0,0,0,4,0,1,3,25,0,43,5,41,16,0,5,82,0,3,2,6,33,2,0,15,16,63,0,0,3
83,0,0,3,0,0,24,10,0,2,20,1,31,0,19,5,46,2,0,0,19,0,51,4,0,0,14,4,58,13,1,0
0,0,2,0,0,0,3,26,10,0,35,0,28,0,10,3,43,36,7,61,0,6,20,1,0,2,14,0,30,0,2,9
0,2,1,0,0,5,6,25,8,0,1,1,0,11,16,0,0,1,33,0,0,17,4,0,0,4,0,3,32,7,0,0
0,0,5,5,23,0,2,1,0,6,0,26,0,5,0,0,45,0,43,3,0,8,0,0,0,6,0,0,0,53,0,11
52,0,7,1,0,1,19,31,0,0,0,0,6,0,23,6,40,7,0,0,0,0,0,3,2,0,0,0,20,5,2,5
0,0,0,0,0,0,20,0,0,0,0,7,3,0,3,0,33,3,0,0,0,0,0,2,7,0,4,9,0,0,8,24
15,0,11,13,4,3,7,0,0,26,0,10,0,9,0,0,13,0,0,0,0,3,0,0,0,1,3,4,0,0,9,18
54,2,0,0,0,0,0,0,0,7,0,5,0,0,0,2,11,4,0,0,0,0,0,4,9,0,8,3,6,0,0,3
0,12,0,6,0,2,0,0,0,0,0,0,0,0,6,1,4,2,1,0,3,0,0,4,0,0,1,6,4,10,1,16
9,0,1,2,0,13,4,1,0,0,0,9,0,0,8,0,0,0,0,0,0,3,4,6,0,0,9,7,5,5,0,3
9,0,0,0,0,0,3,7,5,0,0,0,0,2,7,0,0,0,0,0,0,1,0,5,0,4,0,2,3,0,0,0
0,0,0,0,0,0,4,0,1,2,1,1,1,0,6,2,6,0,0,0,0,4,7,0,2,0,0,0,0,0,5,6
2,6,0,0,0,8,0,0,4,0,0,0,1,1,0,0,0,1,0,4,0,0,0,0,0,0,0,0,6,4,6,10
7,0,3,4,16,0,8,2,0,0,8,0,0,1,0,4,2,0,0,0,0,0,1,0,3,7,0,6,0,0,0,0
3,3,7,1,5,0,5,0,9,0,0,0,0,0,3,3,2,0,0,1,1,0,3,0,0,0,0,0,0,0,0,0
3,1,0,0,0,0,0,0,2,0,0,0,10,1,0,0,0,0,0,3,0,1,0,0,0,0,1,0,8,2,7,11
2,1,0,4,2,0,0,1,0,1,0,0,0,0,0,0,2,0,1,6,0,0,4,8,0,1,0,2,1,0,0,5
0,0,0,1,8,2,5,0,0,5,3,0,0,6,0,0,0,1,0,2,0,0,5,0,0,0,1,2,7,0,0,0
0,2,0,1,1,0,0,0,0,0,1,0,0,0,8,0,0,0,5,2,0,2,0,0,0,8,0,5,0,2,0,1
0,0,6,0,0,2,0,0,3,41,0,0,3,0,1,1,3,4,3,0,3,0,0,1,0,2,0,0,0,2,7,14
0,4,0,1,0,6,4,0,0,9,11,0,10,23,61,22,0,0,0,0,1,9,0,0,1,3,0,2,0,8,0,0
10,7,0,0,0,10,0,0,0,0,55,0,3,27,39,15,40,23,16,0,0,0,5,0,7,0,4,0,6,0,5,18
0,2,0,3,0,0,0,33,0,0,78,0,53,0,3,35,7,15,4,25,2,0,6,0,1,1,0,4,0,1,0,0
0,0,0,9,0,0,4,0,0,2,7,19,23,44,0,186,1,45,7,35,0,0,12,0,0,0,0,0,0,0,13,13
14,0,9,3,0,2,0,7,10,0,0,62,5,0,0,3,42,182,31,34,108,4,42,0,3,0,0,11,0,7,0,0
56,0,0,7,0,0,0,8,0,0,0,10,0,0,0,42,6,31,0,0,25,8,31,30,0,0,0,0,0,0,1,6
11,7,19,4,0,0,0,5,4,0,14,11,6,5,17,3,23,9,81,24,0,0,26,0,5,0,0,25,0,0,12,0
0,5,16,5,0,0,6,0,0,8,0,2,0,15,0,71,60,74,15,25,25,25,16,21,7,0,10,1,0,0,9,0
64,0,1,19,3,0,4,12,9,7,0,4,0,0,26,26,10,0,64,0,15,38,21,3,1,0,25,23,0,0,0,21
0,8,8,0,0,7,0,0,0,0,45,0,20,28,6,33,12,3,13,30,30,4,7,102,31,63,0,42,14,0,3,8
0,42,15,6,8,0,0,5,0,34,19,3,43,10,13,13,2,0,71,0,71,2,23,0,85,38,51,18,16,0,6,0
0,0,4,1,0,6,10,0,0,0,2,6,31,3,50,11,0,2,71,40,70,0,17,46,0,0,0,0,63,4,0,1
94,5,1,0,1,5,68,0,4,6,0,0,32,6,4,13,28,31,0,7,11,0,1,3,1,3,31,0,64,7,6,4
0,0,0,2,0,0,1,26,0,0,29,0,23,13,0,0,121,14,2,45,7,0,15,0,0,4,0,0,16,0,1,31
40,0,0,0,0,0,0,0,3,1,0,10,0,7,0,0,0,3,16,0,2,0,2,2,3,0,0,1,24,0,0,6
72,0,6,2,17,0,27,10,0,0,2,31,0,0,0,0,13,11,40,1,0,0,0,0,0,3,7,0,4,30,10,0
0,4,7,0,0,4,9,8,2,0,3,0,0,0,44,0,35,43,0,0,0,0,0,0,4,0,2,0,26,0,7,0
59,5,14,0,0,3,0,0,0,0,0,1,3,0,10,0,3,0,2,0,5,0,0,1,2,0,1,0,7,2,0,5
40,3,0,2,0,0,10,0,8,0,4,8,0,0,0,0,0,0,3,6,0,2,10,0,5,13,0,7,6,10,0,14
0,0,11,2,1,0,0,1,0,0,1,1,0,0,0,1,9,0,0,0,0,0,5,1,1,3,1,1,0,0,6,4
7,1,0,3,6,0,2,0,0,11,4,0,6,0,0,0,0,1,0,1,6,0,0,3,0,0,0,0,0,5,0,0
6,4,1,0,0,0,0,3,0,0,0,0,0,0,0,0,0,0,2,0,9,0,0,0,0,0,0,0,2,6,3,0
2,0,0,0,0,9,0,0,4,2,0,0,0,0,1,0,0,1,0,2,0,3,0,1,0,0,3,0,0,0,0,5
6,3,0,1,5,0,2,0,1,3,0,10,0,0,0,3,3,4,0,0,0,0,0,0,4,0,6,0,1,0,4,2
4,3,0,6,0,0,2,0,0,0,6,0,0,7,2,3,2,0,6,4,8,0,0,0,0,6,0,0,2,3,5,0
4,0,0,2,2,0,9,0,11,0,2,1,6,0,1,2,0,0,0,0,0,0,0,0,0,4,0,2,0,0,0,0
5,0,0,7,0,3,2,0,0,0,0,0,0,2,2,0,9,1,3,0,3,4,4,0,4,4,0,3,4,11,0,1
2,5,0,0,0,6,0,2,4,1,0,0,0,0,13,3,2,0,1,4,5,0,9,0,4,0,0,0,2,0,1,0
0,0,0,2,0,1,4,0,0,0,3,0,0,1,1,0,3,3,0,0,0,1,7,0,3,1,0,2,0,1,0,0
3,0,0,0,7,4,2,0,6,0,0,7,1,0,0,0,0,0,0,0,0,3,0,0,0,0,7,0,4,0,2,0
3,0,0,0,0,7,0,0,3,8,0,2,0,1,0,3,0,3,0,3,0,6,0,6,0,0,0,0,0,3,0,0
0,0,0,0,1,0,0,8,0,22,0,0,0,5,0,0,1,0,6,0,0,1,11,0,2,0,0,2,0,0,7,0
49,1,0,0,7,17,0,0,0,16,13,0,2,8,58,0,2,0,0,4,0,0,0,1,0,0,0,0,0,7,0,14
0,0,0,0,0,1,8,0,6,3,38,0,1,16,5,16,46,26,16,0,0,0,0,0,0,3,0,1,2,1,0,10
0,3,0,0,7,1,2,0,0,0,47,0,39,1,4,20,0,48,37,33,0,2,0,1,3,2,1,0,0,0,8,0
0,7,0,1,0,0,0,0,0,6,23,19,8,28,0,151,0,34,4,25,0,0,1,3,0,5,0,0,0,0,0,0
0,0,0,0,0,5,0,0,0,4,0,58,7,3,4,0,18,145,33,7,99,0,29,7,4,0,0,0,0,0,1,0
0,0,0,0,0,0,5,6,0,4,0,1,0,0,0,29,13,0,4,3,31,0,35,18,0,8,0,3,1,13,0,9
0,13,10,0,5,0,0,0,13,0,25,20,1,0,38,0,43,18,70,5,3,0,23,0,11,0,14,38,1,0,14,0
0,8,3,5,6,0,0,1,0,0,0,0,0,21,0,61,87,50,18,17,17,35,11,3,0,1,0,0,2,0,0,0
0,3,8,10,0,12,0,0,0,8,0,0,10,7,17,38,0,7,60,0,30,17,17,4,14,6,38,14,0,1,2,2
110,0,0,7,0,0,5,0,0,0,41,0,0,35,0,40,0,26,4,13,37,17,8,61,30,50,0,19,4,0,0,6
0,14,0,0,0,0,0,4,1,73,13,0,15,19,35,2,13,11,35,2,4,2,0,4,51,7,53,26,27,0,0,0
199,0,4,1,0,0,0,0,0,0,4,0,48,5,35,0,0,0,61,0,72,0,8,38,2,0,6,3,47,11,4,1
98,0,0,11,4,0,60,2,18,1,0,0,26,0,1,34,52,20,5,2,16,20,18,0,3,6,13,0,3,5,0,3
0,0,0,10,0,0,8,41,20,0,42,13,16,10,13,0,142,23,0,17,0,0,13,0,0,0,3,0,26,2,0,0
117,11,0,3,18,0,0,9,13,2,10,0,1,0,0,0,4,5,48,0,2,7,19,0,0,1,1,0,16,0,6,0
80,0,0,0,5,0,36,6,0,4,0,20,0,0,1,0,18,0,23,5,0,0,8,0,0,15,2,0,2,1,0,0
34,1,4,0,0,8,16,16,0,9,9,0,6,15,0,0,28,26,3,0,0,4,0,1,0,2,1,0,0,0,0,0
0,0,0,1,0,0,16,0,0,0,0,16,0,3,0,0,15,0,3,3,7,3,12,0,1,7,1,11,0,0,1,0
2,3,8,0,0,11,4,2,0,1,0,0,0,4,0,0,0,0,0,0,1,2,0,0,1,0,6,0,0,0,0,6
61,0,8,0,0,0,1,0,1,2,3,0,0,0,2,0,1,6,0,6,5,0,0,0,0,0,0,0,1,0,0,0
9,0,0,4,0,0,2,0,0,0,4,0,1,6,3,0,2,0,2,5,0,1,0,6,0,0,9,12,2,4,0,6
0,1,6,0,0,0,6,0,4,3,0,7,0,0,0,3,0,0,0,4,0,0,0,4,0,0,3,0,0,0,0,0
0,7,1,3,0,6,4,3,3,2,0,0,1,0,0,0,0,0,2,2,0,0,0,0,0,3,0,0,6,0,0,30
1,0,0,0,3,0,2,0,0,0,5,1,0,0,2,0,2,1,2,3,1,2,0,3,0,2,0,0,0,0,0,0
0,2,0,0,2,0,4,0,0,0,3,0,0,4,0,1,1,0,5,0,1,4,2,4,0,0,7,2,0,0,2,0
0,11,0,0,0,0,0,0,2,6,4,0,12,9,4,6,1,0,0,5,7,2,9,5,5,0,0,2,3,2,0,4
0,0,0,0,9,0,2,2,0,7,1,7,0,0,0,6,0,6,0,0,0,3,0,0,0,2,0,5,6,0,0,0
0,0,0,0,3,6,4,0,3,5,0,7,0,1,0,4,0,2,4,6,0,0,0,4,2,0,3,5,0,0,0,20
16,4,0,13,1,1,0,0,0,0,0,1,0,0,3,0,3,0,1,3,0,0,0,0,0,0,0,0,5,6,0,0
4,0,0,0,11,2,3,0,0,0,14,7,0,0,0,9,0,6,0,0,3,4,8,0,3,0,0,0,3,0,0,0
1,0,0,6,0,0,0,7,5,5,1,0,6,1,0,1,0,3,0,0,1,0,7,0,0,0,0,0,0,0,0,30
0,1,7,0,6,0,5,1,0,31,0,0,0,0,0,0,9,3,0,3,0,0,4,6,0,0,9,2,12,0,0,0
0,0,0,0,0,25,0,0,8,7,13,1,4,0,60,0,1,1,0,6,0,1,15,3,17,4,2,9,3,0,2,0
20,9,9,0,0,0,0,0,0,3,34,0,10,16,7,3,71,32,18,6,0,0,7,0,1,0,4,0,11,4,0,0
0,0,2,0,0,0,0,4,15,0,29,5,60,0,0,0,4,27,7,24,2,0,7,0,0,6,0,0,0,0,0,16
76,0,23,6,0,0,0,0,0,0,0,14,18,37,3,158,0,34,7,35,5,5,0,0,3,0,5,1,0,9,18,9
34,0,0,5,0,2,5,0,0,0,0,63,0,0,0,2,27,124,21,0,112,13,63,0,7,0,11,1,0,1,17,0
0,0,0,11,0,0,0,0,11,0,14,9,7,0,0,17,10,9,5,0,0,0,40,9,13,0,9,1,0,0,0,0
0,9,16,0,0,0,0,0,0,0,12,24,0,0,35,12,24,0,97,27,0,0,27,0,4,0,9,38,6,3,3,20
94,2,10,0,0,0,0,0,2,0,0,1,5,16,0,48,61,48,20,3,26,0,4,0,34,1,4,3,1,1,0,28
84,0,0,24,0,3,0,0,2,3,0,0,0,8,13,34,4,14,35,4,24,18,25,0,9,1,32,21,0,0,2,17
0,3,6,0,0,5,0,0,1,0,6,0,0,47,11,6,0,27,0,20,12,9,0,90,30,81,0,40,1,0,6,0
69,49,10,3,0,4,0,7,0,45,0,13,16,17,21,0,74,11,30,1,33,0,17,2,0,43,40,12,12,4,0,4
0,0,0,31,0,0,0,0,1,0,10,20,0,7,31,7,0,5,70,0,30,0,1,37,0,2,0,0,64,8,0,18
11,0,0,0,0,0,136,11,16,0,18,0,13,15,0,16,24,24,3,0,11,10,15,2,7,0,13,0,9,19,0,2
55,0,0,0,0,2,9,39,20,0,35,13,14,0,1,11,140,21,0,0,6,3,8,1,4,3,34,0,27,0,7,19
105,0,21,0,21,0,0,0,10,1,0,2,0,0,0,0,8,0,13,0,1,5,7,1,0,9,0,5,23,0,0,0
61,4,0,0,19,0,25,7,0,24,0,39,3,1,5,2,12,1,25,0,4,2,2,0,7,5,0,0,0,0,0,0
0,7,1,2,0,4,34,4,0,2,0,0,7,0,25,0,25,13,0,0,0,2,1,10,5,3,4,3,0,6,5,13
46,0,16,1,0,8,13,6,0,0,0,15,0,0,0,10,5,0,2,0,14,8,0,0,1,3,8,0,0,0,0,9
0,4,9,0,3,0,4,5,8,0,0,7,0,0,3,0,0,14,6,0,6,0,10,4,0,0,12,2,5,0,3,0
19,0,0,0,0,1,6,1,0,5,0,2,0,1,0,3,0,2,1,3,0,0,0,9,11,5,5,0,0,0,9,2
14,8,0,0,2,9,0,7,0,0,0,3,1,1,4,0,1,0,6,0,0,1,2,5,0,11,0,8,0,0,27,6
6,5,0,1,9,3,8,1,10,0,8,1,6,0,8,0,0,6,5,2,0,0,6,0,1,1,0,0,4,0,0,7
0,1,1,0,1,0,0,3,0,2,0,0,6,8,5,0,0,0,0,0,0,0,0,0,0,4,4,0,0,0,12,0
0,0,4,5,0,0,0,3,0,0,7,0,10,4,0,0,11,0,0,0,9,0,0,0,8,0,0,7,7,0,0,11
17,3,8,0,0,10,0,6,4,0,0,0,8,8,0,0,0,0,0,7,0,0,6,1,3,0,0,12,0,2,4,0
0,0,0,2,2,2,0,6,3,0,6,11,0,0,0,0,0,5,0,8,0,0,0,2,2,3,0,0,0,0,0,3
6,2,0,1,1,0,0,0,2,4,3,1,7,5,0,0,0,4,2,0,0,1,1,1,7,0,0,2,9,4,0,4
2,11,0,0,0,0,0,8,0,0,2,0,0,5,4,0,0,0,0,0,0,0,0,0,0,0,4,8,2,10,0,9
4,2,2,2,0,3,0,0,0,15,0,0,0,0,0,2,0,1,1,8,0,5,14,7,2,0,2,3,6,4,0,19
0,0,1,9,6,0,1,8,0,0,5,0,0,0,11,0,13,6,1,0,0,0,0,0,0,0,0,7,10,0,0,0
0,3,5,0,0,3,0,0,0,0,3,0,0,16,9,9,3,0,0,0,0,4,8,0,0,0,8,0,0,0,0,0
87,0,5,0,0,48,73,35,0,58,0,25,0,40,19,23,0,0,0,0,0,49,62,4,0,0,0,27,0,0,12,70
39,58,30,0,0,11,0,18,14,60,0,0,33,10,51,0,26,11,21,11,0,0,49,0,0,28,0,0,0,0,44,0
94,0,0,3,12,7,0,15,0,0,0,4,27,20,14,45,55,13,19,9,0,8,0,16,0,0,22,0,0,0,4,1
0,19,0,13,0,28,3,31,0,0,0,0,9,1,0,14,28,21,13,2,0,19,0,33,39,0,0,0,0,0,13,12
15,0,0,0,0,31,0,41,22,0,0,30,0,0,0,141,0,43,27,0,0,0,17,0,0,0,0,0,6,18,15,16
14,0,0,37,46,64,34,0,0,8,0,5,0,23,0,11,1,148,59,0,15,18,0,0,8,0,10,0,9,32,0,0
55,0,21,0,13,23,24,0,0,55,19,29,0,20,0,1,0,10,0,0,0,26,8,15,0,0,19,0,0,0,0,0
0,0,0,23,68,0,0,0,0,39,0,38,0,17,29,23,46,4,79,16,7,0,21,0,12,0,0,0,0,14,7,0
0,16,0,0,0,0,0,0,13,0,23,0,46,0,35,44,18,7,45,14,15,25,42,0,7,0,37,0,0,0,7,13
17,0,1,33,35,0,0,0,0,7,0,0,71,83,19,0,3,50,43,0,2,0,0,0,0,0,63,36,0,0,5,0
25,11,17,1,23,0,11,11,0,0,25,5,0,19,24,1,45,2,69,31,53,0,0,103,0,45,0,32,0,0,0,0
0,64,9,20,33,0,0,0,19,0,0,12,44,7,26,13,68,0,50,2,10,0,0,0,0,42,77,2,66,0,0,0
36,58,50,12,8,0,0,13,22,0,0,86,27,17,36,38,44,13,18,10,2,0,12,34,7,16,0,6,24,0,0,0
0,0,0,11,41,17,100,9,42,0,0,58,45,0,0,116,17,51,34,8,25,0,78,19,27,12,57,0,42,0,0,74
0,9,1,0,0,23,0,31,2,17,14,0,9,1,0,34,36,16,0,0,32,0,33,5,16,14,33,0,37,0,11,80
0,42,0,6,0,0,11,0,0,33,18,0,0,11,9,0,25,0,0,0,5,0,0,1,17,5,0,4,12,0,2,0
0,41,0,0,0,0,0,0,21,5,47,22,0,24,0,4,7,16,24,0,0,8,1,13,0,18,31,20,24,0,0,14
59,0,10,1,0,15,19,0,0,0,10,31,11,3,0,0,17,0,0,26,6,7,0,24,0,0,0,0,0,22,0,48
0,0,0,0,0,33,0,0,0,12,0,50,130,0,8,11,2,0,0,0,0,4,0,0,0,0,0,3,3,1,0,0
0,15,15,0,12,0,0,0,0,5,3,100,167,4,14,6,0,8,12,29,15,0,3,5,0,3,0,29,9,0,0,23
0,0,0,6,0,0,23,0,0,74,0,73,90,2,0,0,4,17,4,2,0,0,0,0,30,0,4,0,0,7,0,0
87,8,6,1,2,0,0,0,30,0,0,87,148,24,0,0,8,3,0,6,0,18,0,0,0,0,27,0,0,25,14,0
155,6,37,0,18,53,0,0,11,8,34,111,0,0,4,10,20,0,1,13,2,27,0,0,0,0,16,5,0,0,2,0
180,78,95,10,0,16,39,11,6,55,35,17,10,1,5,28,1,0,0,0,15,0,0,51,0,0,17,0,9,0,3,36
35,189,91,0,0,28,51,0,20,0,0,0,0,17,0,0,7,0,0,14,1,17,0,0,11,0,3,2,8,19,8,31
0,6,0,15,0,0,20,0,3,0,10,0,24,2,0,41,0,6,2,0,0,0,12,38,15,13,32,0,0,0,5,6
0,31,27,2,32,14,0,0,0,23,0,0,48,0,1,13,10,0,0,0,0,7,5,0,0,0,12,0,21,0,14,33
13,0,14,13,0,24,0,1,21,0,12,21,12,8,0,21,9,0,12,0,0,0,0,11,10,4,3,33,14,0,0,31
0,0,0,0,17,30,3,0,3,39,0,0,8,37,1,5,19,4,0,20,0,0,0,0,8,23,0,0,0,0,0,0
8,4,0,0,5,5,6,23,2,0,0,29,15,0,0,0,19,0,36,0,0,25,44,0,0,0,0,10,0,0,27,13
0,24,0,3,9,35,0,0,0,0,43,0,0,0,2,0,0,2,0,9,0,0,2,18,0,30,8,0,2,14,12,0
13,58,0,0,0,0,9,0,0,0,7,0,8,12,0,0,0,13,0,0,21,0,0,0,0,21,0,0,0,0,28,0
0,0,11,17,11,10,49,2,48,17,23,18,11,2,0,0,0,0,0,0,25,0,9,14,0,0,0,19,0,18,0,53
41,0,0,0,9,121,147,0,0,47,0,26,28,3,79,39,1,0,0,6,0,3,13,0,0,0,0,26,0,0,0,0
43,0,0,7,0,6,29,6,6,0,36,61,12,3,0,57,66,24,0,3,18,6,0,15,21,0,16,10,0,21,44,0
59,0,77,11,6,0,65,0,12,0,49,35,55,0,0,30,0,33,0,0,0,0,10,13,0,0,0,0,0,31,0,0
0,0,0,0,12,13,207,139,45,3,18,0,24,11,8,10,0,38,0,36,0,0,2,0,0,0,0,0,0,2,0,27
0,39,37,24,1,0,55,199,0,0,0,97,34,21,0,58,0,67,0,46,49,0,57,18,15,0,0,0,0,0,0,44
0,0,0,233,0,8,0,144,16,1,0,34,0,22,0,24,0,0,0,5,0,5,39,16,7,0,4,0,25,9,0,0
0,0,66,183,182,0,67,153,121,7,1,0,17,5,0,78,15,26,23,0,0,69,43,5,44,0,1,21,24,6,0,6
0,19,80,99,208,0,0,67,0,5,10,57,4,0,14,43,43,44,0,12,25,30,18,1,25,0,31,1,3,0,17,3
0,55,0,100,3,105,0,14,25,0,0,25,159,122,0,0,0,37,0,0,0,34,27,0,45,16,94,69,0,20,43,0
45,0,0,0,142,42,0,0,16,0,24,0,99,31,0,0,29,14,0,20,26,0,10,48,35,0,9,16,29,6,0,21
0,0,9,45,35,0,10,5,0,50,0,0,7,23,6,0,55,26,32,0,44,0,12,0,0,35,2,17,0,0,0,9
141,29,0,0,31,13,0,34,0,0,0,38,0,0,21,56,12,12,97,16,65,30,0,23,0,6,11,0,42,33,22,0
0,0,26,31,0,15,37,9,16,0,0,0,0,9,38,11,0,64,0,16,0,0,23,0,29,16,16,0,59,2,0,8
0,43,0,0,11,38,9,58,41,2,55,46,40,142,0,51,0,0,0,0,35,8,9,16,5,21,24,14,0,0,23,0
61,107,0,0,0,1,15,134,3,23,1,34,102,98,111,19,6,38,0,0,5,0,0,43,0,39,0,0,13,35,59,0
98,70,0,4,9,0,0,99,0,0,0,93,70,54,99,116,165,0,23,0,17,0,0,0,15,6,0,0,0,0,0,0
0,3,0,15,2,12,0,0,21,13,0,158,35,121,170,222,94,44,0,0,0,27,2,0,14,0,5,0,26,7,0,23
0,4,0,0,0,8,9,20,0,21,5,64,0,6,110,109,133,56,0,31,1,0,0,0,23,36,0,2,20,0,5,0
33,0,12,10,0,6,27,0,6,26,0,45,158,7,5,5,110,113,11,0,8,34,0,0,22,4,6,25,6,4,0,35
0,31,43,0,0,11,0,0,32,1,25,14,44,30,19,0,54,24,6,11,0,0,24,31,7,0,12,0,29,3,37,0
32,11,0,0,0,11,0,76,0,0,0,85,79,0,22,7,0,0,0,0,18,29,0,31,6,16,0,51,0,1,16,21
22,5,27,25,70,12,82,59,19,3,13,0,0,10,65,10,0,0,0,3,0,0,8,36,4,0,0,20,6,0,23,4
0,16,13,31,51,218,247,2,0,0,18,0,15,42,11,0,11,0,8,1,10,0,0,0,0,11,6,0,22,0,20,0
0,0,0,22,40,21,123,0,0,0,11,25,0,0,0,3,0,0,0,0,9,9,0,15,3,0,0,2,0,13,0,0
23,32,5,16,0,27,45,38,13,0,0,16,6,17,8,17,0,0,2,20,26,29,12,21,22,0,2,19,0,12,5,0
3,9,0,28,6,7,8,0,0,28,35,23,12,17,4,0,0,1,0,6,12,0,34,0,0,0,16,0,0,0,0,0
22,23,18,26,36,0,0,4,36,27,1,0,1,0,0,9,0,0,0,0,0,7,12,17,7,5,19,0,9,2,0,0
0,26,14,0,0,0,57,5,28,0,0,19,8,0,9,0,14,0,12,8,0,0,7,0,0,1,0,6,7,0,0,4
0,0,0,44,16,0,9,0,21,0,0,9,29,12,22,7,0,0,19,2,0,2,0,0,0,8,0,35,12,8,0,30
28,4,11,0,0,0,27,7,14,4,0,35,0,28,0,1,21,24,13,13,2,0,10,12,4,6,0,0,0,0,1,7
0,0,4,33,0,0,20,46,0,0,0,16,0,24,0,5,1,3,0,45,32,2,0,0,0,5,10,37,0,0,0,3
5,0,0,27,0,11,22,38,44,134,77,23,26,63,156,0,17,0,3,0,31,8,2,0,2,0,0,34,25,5,0,0
35,28,60,26,80,52,73,49,91,17,73,0,109,41,151,40,0,0,36,5,10,0,0,26,0,2,0,0,0,41,0,89
0,43,0,0,0,68,2,0,0,39,37,117,76,46,52,84,18,21,0,0,31,0,4,18,6,0,16,0,33,39,0,0
0,0,0,0,0,0,37,8,0,10,6,13,117,23,97,147,30,0,0,19,0,7,2,0,11,17,22,56,0,0,4,16
83,0,4,0,0,32,0,14,0,7,18,0,3,64,11,57,31,0,0,43,26,1,23,0,14,0,40,17,0,0,8,60
35,33,0,0,0,77,0,18,20,0,13,51,9,3,88,226,111,0,0,8,124,0,7,9,0,0,39,15,40,0,0,0
88,0,38,27,44,31,18,66,2,23,125,21,21,38,0,186,179,33,10,81,45,0,8,0,2,27,6,36,10,0,0,0
97,0,23,28,8,9,82,70,34,129,133,247,181,0,0,21,253,1,0,115,75,0,0,10,0,0,0,64,0,0,0,0
0,53,25,0,2,41,33,139,1,23,52,60,253,28,0,101,245,44,0,24,132,0,0,0,24,52,37,0,0,39,1,74
108,0,0,0,21,35,0,25,135,0,0,55,140,75,13,11,157,88,27,13,229,1,2,0,0,11,24,8,30,0,0,26
96,0,18,0,0,0,0,30,0,14,57,90,143,117,11,8,0,41,13,182,134,232,0,90,2,0,10,28,15,5,0,0
5,10,0,30,0,0,8,15,0,29,51,16,1,5,10,0,132,17,52,0,7,58,0,8,0,0,2,5,45,0,0,0
58,60,0,64,31,9,0,11,0,62,14,26,16,2,34,0,0,30,43,4,14,0,36,20,0,0,0,0,0,0,0,0
0,0,17,44,75,0,10,32,7,0,0,33,0,33,0,32,0,0,7,0,0,3,0,10,0,0,0,28,20,0,0,17
62,39,0,0,24,36,0,38,55,0,0,3,72,0,127,30,88,30,0,7,49,0,0,27,45,47,15,2,19,30,26,0
66,0,0,23,0,12,0,19,83,6,11,11,30,41,254,155,101,51,25,207,255,7,19,3,112,11,0,0,0,2,11,68
77,1,58,0,0,16,0,0,22,0,0,2,0,0,11,19,41,83,91,0,92,254,23,0,0,59,0,0,16,0,0,56
84,12,0,0,0,7,18,5,43,0,0,34,0,29,43,46,28,85,48,236,36,128,56,213,55,5,22,0,20,12,11,0
80,0,16,0,36,14,40,0,21,16,38,0,5,28,35,49,2,176,58,147,30,140,184,190,13,20,36,0,0,0,0,0
152,0,29,0,37,11,0,20,37,7,0,0,0,9,0,18,89,44,69,123,42,163,205,15,129,0,0,44,0,1,22,32
66,0,0,4,0,0,0,5,0,2,0,0,5,41,72,0,0,0,15,5,95,93,141,155,50,0,0,0,0,0,18,0
0,0,0,32,0,0,31,31,19,6,0,3,140,26,114,0,0,0,9,25,13,5,12,41,4,0,0,6,0,9,0,12
0,0,21,18,17,5,97,0,14,21,168,156,0,71,8,0,0,0,0,4,12,0,39,0,17,4,63,2,0,0,0,0
0,0,0,0,38,15,7,3,0,45,118,172,210,61,18,8,6,0,0,2,23,0,27,4,35,3,0,3,2,4,0,21
0,11,0,19,13,0,0,4,13,37,24,0,154,34,18,10,0,0,18,17,0,0,0,0,0,68,0,0,0,0,7,43
0,16,83,0,0,45,0,0,0,13,9,0,43,26,21,0,37,14,13,0,0,18,0,6,11,24,0,0,0,11,8,14
10,0,10,0,0,0,0,0,0,0,0,20,0,0,0,0,0,4,27,40,0,9,7,0,0,0,0,0,0,0,0,0
48,0,10,53,0,7,0,0,14,18,10,0,15,0,8,0,5,7,0,17,0,0,0,11,6,0,29,0,0,0,39,0
17,0,0,0,1,0,16,0,20,3,0,0,2,0,0,31,0,13,0,6,0,6,0,0,25,17,0,0,0,18,0,0
16,0,0,21,0,0,19,0,0,0,14,0,28,0,19,0,0,0,0,0,0,17,0,22,0,0,30,5,7,0,0,0
33,25,58,19,8,0,18,53,25,0,14,10,0,0,0,0,0,2,25,34,7,20,0,0,2,0,8,4,26,1,0,0
6,7,4,0,1,0,0,47,0,0,0,0,5,18,8,7,0,19,0,27,1,0,35,14,0,7,0,29,29,14,22,44
0,0,34,0,0,0,0,12,56,126,0,53,0,0,89,88,12,24,41,14,144,0,22,19,19,11,9,0,0,0,36,0
0,26,18,3,0,0,29,16,30,41,38,22,78,16,67,17,33,138,45,0,48,196,0,8,1,0,11,26,0,28,16,78
117,0,44,0,25,35,0,17,12,42,0,13,69,64,56,58,51,41,104,37,188,134,0,0,0,41,5,6,0,0,13,7
0,1,8,0,27,0,7,30,0,0,0,0,49,50,71,56,16,35,214,24,97,59,8,20,9,99,14,0,10,0,14,0
27,0,0,0,0,0,0,0,0,3,22,11,56,39,22,124,0,42,20,98,41,199,61,21,0,44,0,0,12,25,11,0
0,8,4,0,16,11,32,0,20,0,16,60,0,70,0,0,11,16,7,24,188,138,183,0,0,0,19,5,0,16,20,10
0,0,0,78,70,0,0,0,0,20,61,41,14,2,5,141,25,147,93,0,29,133,89,15,0,37,7,27,30,47,0,31
125,0,62,6,22,37,0,24,6,56,69,34,12,31,124,38,35,208,195,0,2,106,110,5,7,75,46,0,20,21,0,0
178,15,36,43,14,0,28,39,6,40,0,61,90,126,242,65,98,161,63,0,22,156,217,2,14,31,8,0,0,19,0,0
92,0,42,46,19,0,22,96,125,0,0,8,47,18,206,21,2,238,139,0,40,31,102,37,24,44,109,7,48,0,21,0
0,0,22,3,33,0,0,57,0,34,44,0,0,114,131,45,56,46,132,35,13,0,12,97,109,67,9,2,29,0,0,0
4,0,14,40,36,21,14,13,10,5,0,49,1,19,0,24,145,0,39,20,0,12,26,9,27,128,11,0,0,2,0,56
0,0,42,20,23,0,0,41,22,10,20,0,0,36,6,0,4,0,61,45,0,0,26,31,5,99,78,26,0,0,0,13
14,29,0,0,0,18,0,0,34,0,1,0,0,8,6,0,1,0,23,7,18,0,32,0,6,7,7,0,0,65,1,1
107,0,0,0,7,0,0,74,0,0,0,63,94,75,0,0,75,30,17,4,19,2,19,0,0,0,46,33,0,27,0,0
136,1,39,2,60,0,15,0,0,0,52,31,77,16,117,7,22,0,184,29,40,206,4,88,181,17,0,0,30,14,0,26
149,40,17,0,0,0,1,0,0,40,0,41,0,0,94,44,52,111,184,7,117,55,177,8,201,185,102,0,0,72,13,0
0,9,0,0,4,0,10,32,60,14,0,41,20,0,0,15,90,59,51,114,8,22,93,44,62,96,24,238,0,42,0,30
0,0,0,0,0,0,0,0,9,39,0,0,0,13,7,88,7,39,0,43,1,129,61,192,23,156,120,176,27,0,0,0
0,7,26,0,43,0,26,78,24,0,46,27,0,0,0,24,24,0,19,16,47,0,54,0,32,44,45,60,108,0,0,47
151,0,5,0,0,3,0,6,0,0,0,13,0,9,19,0,37,0,0,15,14,0,0,0,0,0,11,43,119,41,27,0
33,23,0,0,29,8,0,13,0,0,21,15,3,26,30,101,14,143,196,5,12,0,0,0,18,0,18,14,0,0,26,0
13,34,0,0,9,1,18,20,50,51,0,0,47,21,113,19,11,120,103,0,0,0,15,0,0,0,0,23,24,0,0,79
0,10,5,35,18,32,83,3,5,2,9,129,95,0,5,33,105,43,0,0,24,0,30,4,0,7,0,0,0,0,0,68
26,22,54,0,12,0,0,30,0,0,0,7,10,12,5,14,35,7,12,0,8,11,3,7,0,0,0,0,0,7,11,88
0,3,0,0,0,0,26,0,0,0,6,0,5,0,0,0,29,10,0,0,0,0,0,8,0,0,41,21,7,0,26,50
0,0,4,0,0,16,15,3,0,0,0,24,8,26,0,0,11,0,0,8,0,0,2,0,20,0,0,11,13,0,0,0
29,21,0,5,0,0,0,22,0,0,30,35,18,0,0,18,0,8,0,17,0,0,0,5,0,0,0,38,10,0,4,0
0,0,0,0,0,2,0,0,0,0,0,19,3,0,0,5,8,18,2,0,6,0,22,1,0,0,0,8,1,0,0,0
0,0,0,0,18,5,0,6,6,3,6,0,22,0,5,11,42,5,0,16,18,19,6,21,5,25,0,0,29,0,0,9
0,18,0,1,13,0,10,0,16,0,0,30,0,0,0,0,0,26,2,0,27,2,16,0,0,7,0,18,17,36,4,0
21,0,0,0,23,0,0,0,0,0,0,0,0,34,49,0,0,2,0,30,2,11,0,0,0,0,0,27,12,0,0,80
0,26,0,0,0,0,14,10,6,124,5,24,19,33,95,122,0,8,0,11,47,33,54,27,68,36,76,0,0,0,8,11
152,39,16,0,0,28,0,0,0,18,10,13,58,0,55,42,0,117,0,0,54,17,130,186,39,136,30,0,21,0,24,0
212,9,0,40,0,0,4,41,15,31,0,30,34,77,73,29,32,98,173,24,70,206,53,7,116,128,192,0,0,1,0,20
65,0,0,0,0,5,20,26,0,22,76,0,71,0,45,0,12,32,170,44,33,22,34,81,6,43,68,0,20,30,0,0
0,0,0,0,0,0,0,0,59,0,0,0,41,33,0,140,26,0,49,23,28,33,116,37,44,98,49,37,0,0,29,44
74,0,10,16,25,4,12,23,1,0,0,106,0,0,0,20,12,74,39,75,131,0,124,0,22,184,211,23,0,0,0,49
0,5,0,41,0,7,0,43,5,33,2,3,0,24,0,60,46,31,66,70,80,27,69,93,51,0,184,68,29,4,0,0
119,12,17,9,0,0,0,30,0,41,0,0,14,0,33,0,38,73,51,159,126,190,147,55,20,6,149,235,3,0,22,47
181,0,38,0,26,51,11,37,10,0,31,1,75,70,79,42,99,190,0,195,113,89,71,246,100,0,232,118,0,8,16,0
209,2,16,0,0,21,0,0,9,2,0,13,23,20,11,32,63,17,55,76,72,65,83,252,103,35,54,178,17,29,11,36
78,25,0,0,0,43,3,0,0,9,66,0,12,55,0,0,14,0,11,139,37,0,89,124,28,6,0,147,42,15,0,0
126,0,1,0,27,5,0,0,18,0,0,0,0,37,0,19,51,4,8,4,0,4,5,197,25,38,118,0,46,17,139,43
116,4,0,0,13,6,0,0,30,0,0,0,27,0,7,27,10,5,34,0,2,5,0,17,30,0,0,21,0,0,19,156
0,0,72,0,25,0,0,1,0,13,26,0,41,65,25,0,18,64,70,3,0,0,0,21,0,0,0,2,18,15,13,0
39,20,19,0,23,0,0,25,0,0,0,44,8,0,39,6,237,131,43,0,6,0,8,0,9,17,0,0,0,0,10,34
0,60,0,0,9,2,3,0,0,5,10,12,23,0,0,0,73,9,145,0,0,5,30,58,9,106,0,0,24,27,19,8
173,21,0,52,0,0,0,22,0,0,0,3,16,0,12,0,28,1,132,27,41,0,10,102,89,0,29,0,0,0,0,0
0,0,0,0,0,0,0,18,0,0,0,0,12,0,0,18,0,0,4,0,6,16,78,14,39,48,73,0,31,15,5,54
1,0,0,4,0,0,0,36,7,0,0,20,15,0,27,5,11,2,0,0,6,57,24,0,57,2,32,84,53,0,0,2
0,0,19,45,9,0,16,2,10,0,11,0,0,27,2,11,0,0,0,0,17,17,5,0,14,11,0,5,0,10,0,14
0,0,3,6,12,0,0,0,0,0,7,8,0,0,126,4,15,6,5,18,0,0,15,8,8,0,11,0,1,5,28,27
0,0,0,0,0,3,12,0,0,0,57,4,0,0,8,34,14,0,44,67,34,47,30,0,23,26,0,0,0,0,0,0
160,19,0,0,0,0,0,13,0,5,13,21,12,0,68,0,37,18,0,88,1,164,130,0,0,0,13,0,32,1,32,1
0,14,0,36,11,0,8,31,27,0,0,6,21,0,4,8,12,0,13,32,215,60,7,26,0,0,0,20,0,12,18,0
0,2,0,1,69,0,0,5,5,0,0,0,7,0,8,23,0,0,15,1,55,0,11,20,5,2,0,10,0,2,0,25
0,0,10,0,19,0,0,0,18,0,0,4,0,0,0,23,0,20,0,0,4,0,0,36,0,0,4,9,16,3,0,0
7,0,36,0,17,39,15,5,0,0,19,0,0,4,0,0,0,0,23,0,0,0,0,11,2,8,0,8,11,0,19,5
0,0,6,0,0,0,5,7,0,6,1,0,26,26,5,30,10,12,0,0,0,0,4,11,0,33,6,0,5,0,3,0
13,0,10,2,7,2,0,6,0,0,0,0,9,0,17,0,0,0,6,0,0,1,0,2,5,2,0,8,51,18,21,16
0,0,19,5,0,0,0,0,5,3,17,0,8,17,0,4,0,23,0,20,0,0,0,14,0,27,13,0,7,2,7,0
41,3,16,23,0,0,10,4,17,0,6,0,0,0,0,0,2,1,0,0,0,7,20,6,8,0,7,41,3,0,5,25
0,2,0,0,0,0,0,55,18,0,0,14,0,0,0,0,0,0,0,1,0,0,0,0,3,0,0,18,7,19,7,0
123,5,0,0,0,0,0,2,21,69,4,0,0,16,34,40,8,19,7,7,0,27,0,1,0,1,9,0,2,0,14,8
0,10,0,0,11,6,0,16,0,0,0,16,20,4,26,39,0,70,22,3,51,3,77,0,24,28,13,0,6,0,0,0
0,13,0,4,4,0,3,9,6,8,0,39,0,100,3,96,35,76,170,21,89,81,11,20,0,0,0,0,0,0,21,0
0,11,0,4,20,2,0,21,0,5,12,0,61,47,45,102,11,28,73,59,27,102,7,38,25,5,0,7,2,0,9,5
0,0,2,25,0,0,0,3,0,12,43,5,40,31,0,180,0,29,5,65,23,35,45,106,5,0,13,4,21,0,0,18
0,0,14,10,0,0,5,16,16,12,0,86,0,10,1,0,71,152,40,43,143,0,113,8,32,56,60,0,0,3,20,5
16,0,9,34,9,0,0,12,1,9,54,24,49,0,9,63,1,79,29,0,26,13,95,18,113,0,16,11,0,25,0,35
0,4,10,5,5,0,39,0,17,75,16,0,2,33,53,0,41,14,234,114,57,100,41,0,21,7,0,62,0,0,0,21
18,0,0,14,0,0,5,8,0,27,47,55,11,29,0,61,17,103,0,28,52,86,35,76,26,38,132,151,16,52,0,0
106,0,1,30,0,0,4,31,118,0,0,11,3,57,44,22,0,32,1,0,64,7,50,54,47,6,35,76,105,62,91,56
213,0,2,2,3,0,10,22,0,4,42,0,22,77,1,28,18,2,16,22,21,10,64,90,5,115,55,40,14,0,11,10
11,0,13,4,12,0,6,18,23,0,11,5,46,0,0,27,36,0,0,9,4,0,8,0,22,29,0,23,0,0,0,4
42,4,12,7,19,0,0,8,0,8,0,18,13,22,0,0,0,0,55,1,0,4,0,10,0,2,0,0,6,6,0,4
67,23,0,0,2,0,0,9,0,7,0,28,10,10,14,45,5,0,8,29,28,0,7,3,0,0,0,0,0,25,5,27
18,0,29,4,32,17,0,12,0,2,32,0,0,0,4,0,214,38,26,33,41,9,0,0,4,12,50,0,0,15,0,0
85,0,0,0,0,3,0,9,0,0,7,13,0,0,13,12,42,0,29,12,11,11,0,0,0,18,0,0,2,16,0,20
84,0,18,12,0,0,20,0,10,0,0,16,22,0,5,25,21,0,5,5,0,0,8,0,5,16,0,3,0,0,4,20
28,3,0,0,2,5,0,0,0,0,0,16,0,0,36,0,0,23,3,5,0,0,0,11,0,8,11,0,0,4,0,0
0,0,7,13,33,3,13,3,4,0,0,2,10,0,0,35,21,0,19,6,0,8,0,6,0,0,0,0,17,1,0,0
43,1,0,0,0,0,0,20,7,1,0,0,5,0,0,27,0,13,0,1,2,0,0,15,0,7,0,0,17,0,7,0
43,11,16,0,5,18,7,0,0,11,8,0,0,0,15,0,9,5,18,0,14,2,0,7,0,0,18,6,6,0,14,0
7,0,0,0,3,0,6,0,7,7,3,14,0,0,6,30,0,0,24,0,4,9,7,31,39,6,10,0,0,3,0,0
75,0,3,0,12,0,5,0,6,0,6,3,0,0,0,0,0,0,5,2,0,0,0,9,0,2,4,21,0,2,0,0
0,4,13,0,13,0,0,0,0,0,0,0,0,0,0,0,6,0,0,0,0,0,0,0,1,3,0,3,13,1,0,15
0,0,0,0,0,1,18,0,2,8,10,0,6,2,0,4,0,0,0,3,0,0,0,9,1,0,15,0,3,3,0,0
2,8,1,6,0,1,0,0,0,0,6,2,0,1,0,2,1,6,0,12,0,0,0,2,0,0,0,0,0,2,0,0
1,0,1,4,4,0,0,0,7,1,0,0,0,0,4,0,5,7,9,4,0,1,0,4,0,0,0,1,4,4,0,0
5,0,0,0,18,4,0,6,4,0,0,4,5,0,0,0,0,0,2,0,0,6,7,0,0,7,0,8,0,0,0,7
0,0,4,7,2,0,0,18,0,0,0,0,4,7,0,0,0,0,4,15,3,0,0,0,0,8,0,0,0,0,0,0
2,9,4,0,6,0,0,0,10,2,7,0,1,1,0,0,7,3,0,0,3,0,0,0,2,7,0,0,2,0,5,1
0,9,8,0,3,0,0,0,9,0,6,10,0,2,0,0,0,0,5,1,0,0,13,0,0,0,0,0,0,0,1,0
0,0,0,0,0,0,0,0,0,5,0,9,2,7,6,0,0,3,7,2,1,0,0,0,1,8,6,0,4,4,1,23
90,0,0,0,0,0,0,0,9,56,11,0,0,23,42,0,45,2,15,0,6,0,0,8,9,1,7,0,8,1,0,0
0,0,10,8,0,0,0,2,0,10,0,0,26,11,53,28,28,111,58,20,46,0,3,0,1,6,4,3,0,0,0,19
0,2,0,0,0,6,10,9,0,9,4,33,33,119,2,82,70,71,152,0,10,73,0,0,0,1,0,6,0,0,0,1
68,0,0,8,7,0,3,0,8,16,83,4,71,26,33,148,2,28,182,44,33,48,1,15,0,4,0,6,0,0,0,8
0,3,0,0,0,0,0,1,0,46,14,11,18,46,0,149,0,25,1,93,66,27,62,50,65,20,5,0,0,6,21,0
0,0,12,4,27,12,3,7,0,0,0,73,17,0,0,1,35,121,43,69,111,3,147,78,48,71,43,3,1,1,6,0
130,0,0,0,25,25,0,0,0,13,3,23,1,5,6,52,25,60,3,47,39,3,90,16,123,0,73,12,5,9,1,0
73,0,8,0,0,0,29,0,2,41,37,17,7,3,43,0,51,14,191,120,30,70,30,0,24,0,114,54,11,0,0,0
14,0,1,0,0,6,8,1,0,16,9,21,13,27,12,63,54,60,24,0,0,31,7,86,14,28,19,4,10,0,0,5
0,0,0,0,0,0,0,0,19,0,0,1,2,38,24,19,3,27,28,9,0,22,42,2,34,4,39,16,6,0,0,14
0,9,0,3,0,0,2,9,0,0,29,5,4,49,0,34,32,3,0,14,5,1,0,84,0,0,0,0,0,0,1,0
0,0,0,2,0,0,1,0,0,0,0,0,18,6,0,18,41,10,41,0,8,1,3,2,0,1,0,0,0,0,0,21
27,2,0,0,0,0,0,10,0,1,0,16,1,2,14,19,9,0,45,5,6,0,0,3,1,0,0,0,11,9,0,0
0,0,0,0,0,0,0,4,1,5,12,0,26,21,3,105,6,11,0,0,12,0,2,0,0,0,0,6,0,0,0,0
58,2,2,0,2,0,7,22,0,3,6,0,0,17,8,0,48,16,4,5,6,0,2,1,0,7,0,0,0,0,0,23
67,9,7,0,4,0,8,2,7,0,9,0,1,0,11,11,11,0,24,0,3,0,1,5,3,0,2,0,5,0,2,0
25,0,2,0,3,0,0,0,10,0,0,0,0,0,0,0,53,0,57,2,0,1,3,2,0,1,0,0,0,1,0,0
51,0,0,0,0,0,8,0,0,0,3,1,0,7,30,0,15,7,1,0,0,0,0,0,3,8,4,0,0,1,0,26
48,0,0,4,1,0,5,0,13,1,0,1,3,0,0,54,23,0,3,38,5,0,0,0,0,2,0,0,0,1,0,0
0,5,0,4,3,2,2,9,0,0,2,1,0,0,0,0,8,2,0,0,0,0,0,1,5,4,17,0,0,8,4,26
39,2,2,7,2,0,0,3,0,3,0,0,0,0,4,2,9,8,0,2,0,3,0,0,12,2,0,7,0,9,0,8
11,3,0,0,0,5,1,5,1,0,4,2,0,0,2,8,0,0,1,2,0,0,0,5,0,0,0,0,0,0,6,5
0,0,0,4,0,0,4,3,5,0,3,4,0,1,0,0,0,0,7,2,0,0,8,0,0,2,12,3,0,0,0,8
1,0,0,6,0,0,0,1,0,1,0,2,0,0,0,0,0,3,0,0,0,0,0,4,1,2,0,0,0,0,0,3
8,1,1,3,0,0,2,4,2,1,5,0,0,0,0,1,0,0,0,6,0,4,1,3,3,0,4,0,0,5,2,0
6,0,0,0,3,2,0,0,8,0,4,4,9,0,0,0,7,0,0,1,0,0,0,8,7,0,0,0,0,0,6,15
11,0,0,4,4,0,0,7,3,0,0,12,7,0,0,2,8,2,4,0,0,3,0,0,0,0,0,3,2,0,0,9
0,0,0,2,0,0,0,10,0,5,0,0,0,4,6,5,1,1,0,0,7,0,1,4,6,9,0,0,0,2,0,1
8,7,0,0,0,7,0,5,4,0,0,1,0,0,0,0,1,3,4,1,0,0,1,0,0,0,18,0,0,0,3,6
15,0,0,0,1,18,0,0,1,4,6,0,4,0,2,0,0,0,8,0,1,6,7,0,3,0,0,4,0,0,0,0
0,0,0,0,0,0,0,5,3,0,1,8,3,0,3,6,0,12,0,0,1,2,0,1,3,5,1,0,1,2,0,14
3,0,0,0,0,5,2,0,3,2,0,0,0,0,3,3,0,0,3,0,0,0,0,0,0,0,0,0,8,0,1,2
69,2,3,7,0,1,3,0,9,66,1,4,5,0,42,24,13,0,0,0,0,0,0,3,0,0,3,0,5,4,0,0
0,0,0,0,7,4,10,0,0,15,0,4,94,0,89,56,18,91,25,14,9,1,0,2,4,0,12,3,3,7,5,0
0,0,0,0,3,5,9,0,4,7,0,8,85,110,0,83,54,62,144,0,41,89,1,0,0,0,0,7,0,0,1,2
0,0,0,10,4,0,0,8,6,12,3,0,67,40,17,149,0,24,61,42,29,18,1,6,0,17,0,0,0,0,0,0
205,0,0,0,0,1,22,2,1,0,8,16,39,61,0,153,0,20,1,65,51,30,72,41,16,19,6,0,8,4,5,0
0,3,3,0,16,25,0,0,8,0,0,68,14,33,8,0,58,142,46,109,57,0,122,9,37,28,44,0,0,6,7,4
58,0,0,31,13,18,0,3,0,5,45,2,0,1,0,51,14,62,0,12,24,17,71,4,93,0,67,45,0,22,0,30
0,0,19,0,5,0,5,0,8,36,11,29,8,24,40,0,55,19,186,59,31,0,38,0,45,1,60,52,9,12,3,0
213,3,0,1,3,0,0,2,2,19,0,0,23,23,22,53,89,73,3,25,0,0,26,85,7,22,20,0,0,0,0,0
0,5,1,2,0,0,2,1,87,10,2,0,0,18,42,7,0,27,9,0,10,23,26,0,9,0,0,24,4,0,0,0
70,1,0,4,0,0,1,0,16,9,18,0,0,25,0,12,3,7,2,20,13,5,0,2,0,0,2,1,1,8,0,0
0,0,0,0,1,2,1,1,3,0,0,4,13,0,17,4,3,0,53,1,3,0,1,0,0,0,4,1,0,0,0,2
0,1,0,0,10,7,0,0,4,0,7,25,32,2,22,8,0,0,52,35,12,2,0,0,0,5,0,0,0,0,0,0
67,6,1,0,0,0,0,7,9,11,0,0,28,4,12,37,25,45,0,0,0,3,4,0,0,0,0,1,0,3,0,19
82,0,0,10,8,0,6,5,0,0,41,2,3,0,0,7,95,33,0,0,0,3,0,1,0,3,0,0,0,0,0,0
41,2,0,0,0,0,0,4,2,0,0,0,1,0,18,0,2,0,53,0,2,0,1,0,0,7,0,0,0,0,0,0
60,0,0,0,0,0,0,3,2,0,1,0,0,0,4,0,21,4,35,0,0,3,0,0,0,1,0,0,0,2,0,0
0,1,0,0,4,1,0,0,0,2,5,0,0,0,0,0,39,18,16,3,0,1,0,0,0,6,0,0,0,0,0,15
0,9,0,2,0,4,1,0,0,7,0,0,4,0,11,63,50,0,16,0,1,0,0,14,0,0,0,0,9,0,0,0
12,0,13,3,0,0,0,6,10,3,1,1,3,0,5,0,7,0,0,0,0,1,0,5,0,0,0,6,6,2,3,0
0,2,1,0,0,0,0,0,0,0,0,0,0,5,5,0,7,3,3,0,1,2,7,3,0,4,5,0,0,4,7,0
1,2,6,10,0,7,0,1,4,0,7,0,0,0,0,3,3,0,4,0,2,0,8,0,0,6,0,0,5,1,0,11
0,0,0,1,0,0,0,0,0,3,2,0,1,12,0,2,0,3,0,0,0,0,0,0,11,1,8,12,0,0,0,0
1,1,8,0,3,0,2,0,0,0,1,0,0,3,0,0,0,0,0,0,0,0,0,0,0,6,0,0,0,4,0,0
7,0,6,2,3,0,7,0,13,0,15,1,5,0,1,2,0,0,0,0,2,0,0,0,5,2,0,3,0,0,5,0
1,0,0,3,0,8,3,0,0,0,1,2,0,3,0,0,0,1,0,0,0,0,0,0,6,0,0,0,0,0,0,0
5,7,0,3,0,0,0,4,0,1,0,0,0,4,3,0,0,0,1,1,0,0,9,0,9,0,4,0,8,0,0,26
3,4,0,0,0,3,0,0,0,1,0,0,0,3,0,0,0,1,0,2,0,0,0,0,1,2,0,0,2,0,3,0
2,7,1,4,6,0,0,0,0,0,2,0,0,0,0,0,0,1,0,1,1,8,2,0,4,1,0,0,10,0,4,14
0,0,0,0,3,4,0,5,6,0,0,1,0,6,13,3,2,3,0,0,0,6,8,0,0,2,3,0,0,3,4,0
0,0,1,0,0,0,0,0,0,0,0,2,2,0,2,0,0,0,0,0,0,4,3,0,0,0,0,10,3,0,0,0
0,2,0,0,0,4,4,0,0,1,7,0,0,0,1,3,4,0,6,12,3,0,0,2,4,0,0,0,2,0,4,0
3,3,3,6,0,2,0,0,29,67,10,8,0,0,61,4,0,6,0,0,0,0,4,9,5,0,5,0,15,6,0,0
10,5,0,0,0,0,0,8,10,31,0,8,20,0,51,43,22,89,50,14,8,0,7,0,0,0,8,0,10,0,0,27
105,0,1,7,3,0,0,5,3,36,39,0,0,102,6,53,77,73,99,2,41,53,0,3,3,0,0,0,0,1,12,0
0,1,20,2,7,0,0,8,4,0,78,0,52,37,49,125,19,9,135,40,41,36,1,35,0,6,0,0,2,3,0,0
181,16,1,0,1,4,0,26,6,0,23,9,43,49,30,211,11,26,10,71,19,0,64,69,24,18,8,0,1,0,13,0
115,7,0,2,28,4,0,0,7,0,0,64,0,15,9,0,77,97,8,115,131,3,83,1,40,30,44,3,3,2,10,0
0,0,0,11,16,0,0,0,0,0,28,33,8,0,0,29,0,49,9,0,37,8,40,9,78,13,56,0,1,0,2,7
56,4,24,2,0,5,28,1,4,24,22,24,0,10,17,23,48,6,208,57,21,57,16,0,0,5,1,26,5,3,0,12
54,0,4,0,3,9,0,6,1,34,2,13,21,33,0,50,48,73,14,0,16,0,24,67,0,8,22,0,10,5,2,0
56,0,0,0,0,0,1,18,1,0,0,2,1,19,23,7,8,1,0,0,2,44,26,5,20,0,5,20,4,0,0,0
56,0,5,2,0,0,0,2,0,7,3,0,20,21,7,28,6,2,0,2,36,9,2,0,6,0,1,0,8,5,9,17
0,3,0,0,0,1,0,0,0,44,0,29,37,11,21,2,2,0,32,0,4,0,0,6,0,5,4,0,10,5,0,2
0,6,6,0,3,0,3,3,2,0,0,10,1,0,23,15,3,0,82,49,9,0,4,4,1,10,0,0,0,0,0,6
53,0,0,0,2,0,1,4,11,0,0,0,15,0,8,28,18,10,0,2,0,0,1,0,1,0,6,0,0,0,9,13
54,2,0,0,0,0,0,4,0,0,19,0,9,2,6,0,87,16,0,0,0,1,0,0,0,0,7,3,0,0,1,0
0,0,0,4,0,7,0,1,0,0,2,1,1,0,0,3,11,0,23,0,1,2,0,0,0,6,0,1,2,0,0,0
45,4,0,2,0,0,0,3,0,0,0,15,1,2,0,0,1,13,83,2,0,0,0,0,0,1,0,0,7,7,4,0
0,0,4,0,1,1,1,0,4,0,7,0,3,0,0,0,34,50,4,1,0,0,0,0,7,3,1,0,0,0,5,6
0,0,4,3,0,5,0,0,0,3,0,11,0,0,0,0,25,0,3,0,0,0,0,5,0,0,1,3,4,0,0,6
0,0,0,8,0,0,0,0,0,0,1,0,0,0,0,7,12,0,5,3,2,5,0,0,7,0,2,14,0,0,2,2
16,0,0,2,1,0,0,0,3,0,0,0,3,0,3,0,11,9,5,0,1,0,0,4,3,4,0,0,8,0,0,0
10,0,0,0,0,3,0,0,0,1,0,3,0,8,0,1,0,3,0,14,0,1,0,0,0,1,6,0,2,0,0,0
1,0,0,2,2,0,0,3,3,0,14,0,0,2,0,0,8,0,0,0,1,10,0,0,0,0,0,0,1,2,0,13
0,1,7,2,1,0,0,0,7,3,9,0,0,6,0,1,0,0,0,0,2,1,0,0,0,0,0,0,0,3,0,5
11,8,3,3,7,0,5,4,0,1,0,0,0,0,0,5,0,0,11,0,0,0,0,7,0,0,0,0,5,8,4,10
0,1,0,0,0,0,12,0,0,1,2,4,0,0,0,0,2,0,0,0,0,0,0,0,0,0,1,0,2,5,4,17
1,2,0,0,5,4,0,0,0,0,0,0,8,4,0,1,4,0,0,0,2,0,0,0,2,0,0,0,10,1,4,0
0,8,0,9,6,2,3,0,0,1,0,0,0,0,0,4,0,0,2,0,0,0,0,0,5,2,0,0,0,0,10,13
0,1,0,0,0,1,7,2,3,0,0,0,0,1,3,0,4,0,0,4,3,0,0,3,0,3,0,4,0,1,1,5
6,0,0,7,3,0,1,1,4,1,6,0,0,4,0,0,0,0,2,5,4,0,0,0,0,0,2,0,0,0,0,0
0,1,0,0,0,5,0,0,0,0,0,2,9,0,0,0,5,0,0,0,0,0,0,0,2,0,0,4,0,0,2,14
0,0,0,0,0,0,3,6,4,1,0,11,0,0,6,0,0,0,0,0,0,0,0,0,2,0,2,11,2,3,0,0
0,0,4,1,6,0,1,5,9,41,0,6,1,0,46,0,0,4,1,3,8,0,0,1,2,0,0,1,0,1,0,5
0,2,0,0,0,5,6,1,0,0,1,0,0,3,69,30,0,53,0,18,17,1,0,0,0,0,0,0,1,0,5,9
0,0,0,2,0,0,1,0,0,36,39,7,0,113,8,47,47,73,128,0,0,119,0,0,6,0,0,0,2,2,1,1
0,5,0,0,4,3,3,22,0,12,105,0,88,17,14,128,5,11,106,36,38,37,0,19,4,4,0,1,2,0,7,0
246,0,0,0,0,0,0,28,0,6,0,38,26,60,0,184,0,56,0,50,21,0,12,32,24,3,0,7,0,0,0,0
0,0,0,0,15,34,0,1,5,0,1,70,7,1,0,0,67,82,28,95,45,0,58,0,5,3,51,2,0,0,0,3
0,5,0,18,24,22,0,0,0,25,0,0,8,9,2,34,10,53,0,0,46,2,60,33,64,1,17,4,5,0,1,0
0,2,23,16,4,0,12,2,0,31,34,10,0,2,0,11,33,32,179,0,1,88,19,8,17,0,3,45,5,0,0,0
181,0,0,0,0,2,3,13,0,1,0,27,0,14,0,38,53,82,33,25,15,11,22,2,0,6,0,0,2,3,0,10
0,0,0,0,13,0,1,7,5,0,0,0,0,0,26,49,10,1,30,3,0,13,31,0,2,0,0,13,15,0,16,0
98,1,0,1,0,0,4,0,2,0,15,2,7,35,2,39,12,4,1,26,17,0,1,1,7,0,5,0,4,3,2,8
0,0,0,2,2,1,0,2,0,47,0,31,25,9,10,20,0,5,17,0,0,1,0,0,0,1,1,3,0,0,8,11
0,7,0,0,0,5,0,0,0,4,8,0,0,6,17,10,0,0,57,36,0,0,0,0,2,0,15,2,8,0,10,0
38,0,0,0,0,1,0,1,11,0,0,10,25,0,10,10,19,54,1,0,0,0,1,6,0,10,0,0,1,5,6,18
14,0,2,0,0,0,4,1,0,0,22,0,2,0,4,0,118,31,0,5,0,0,0,2,0,3,0,0,9,0,0,5
0,6,10,1,1,0,8,9,2,0,5,2,0,0,0,4,0,0,16,0,8,1,3,5,4,0,0,0,0,3,0,0
0,0,2,8,0,0,0,6,4,3,5,20,0,2,0,0,0,0,33,0,0,3,0,0,0,0,7,0,3,0,0,0
0,0,0,0,0,0,4,0,0,2,0,0,0,1,0,0,35,54,3,2,1,3,1,0,0,1,0,0,0,4,0,10
23,2,11,6,0,1,0,0,0,0,2,5,0,6,0,0,15,5,0,0,0,0,2,0,1,0,0,6,4,2,0,0
0,5,0,1,1,4,1,9,0,0,5,0,0,0,6,2,3,0,0,0,2,1,2,5,0,5,0,0,11,6,0,0
0,1,0,3,0,0,0,0,2,0,4,0,0,0,0,4,1,0,1,0,0,2,0,0,2,0,14,2,7,0,8,0
2,1,0,0,0,0,0,0,0,0,0,0,4,4,0,0,0,1,0,0,0,0,0,0,0,2,1,0,0,8,2,3
7,0,2,3,1,0,0,0,0,0,0,5,4,0,1,0,10,2,0,3,0,0,0,0,2,1,0,5,0,0,8,0
0,2,0,5,0,0,6,11,0,0,1,1,0,1,7,0,3,0,6,0,0,0,0,0,0,7,8,4,0,3,0,0
0,0,0,6,0,0,10,3,3,0,10,4,0,0,0,4,0,3,0,0,0,4,6,0,0,0,0,7,0,5,2,5
10,0,0,0,1,0,0,9,0,0,0,8,5,5,4,0,0,8,1,0,3,0,0,0,0,0,0,0,0,2,6,5
0,0,0,0,1,0,0,3,0,0,0,0,2,0,1,0,9,0,0,0,0,4,0,4,0,0,0,0,0,4,0,0
11,0,0,0,4,0,5,1,0,0,2,0,6,2,4,0,0,0,2,0,0,8,0,0,0,5,0,0,5,1,14,0
0,0,2,3,0,0,0,0,2,0,0,3,0,0,0,0,0,6,0,0,0,3,0,0,3,0,3,0,3,2,4,0
1,0,0,7,13,0,1,1,0,0,2,0,0,0,0,2,4,0,4,4,3,0,8,2,3,0,5,2,0,0,0,0
3,0,0,3,6,0,2,1,8,0,0,5,0,6,0,8,0,0,0,0,0,0,0,0,0,0,5,4,0,0,2,8
0,3,1,0,0,2,2,6,0,0,1,6,0,0,0,0,3,6,0,0,0,2,3,1,0,3,0,0,0,0,9,16
0,0,6,0,0,0,0,3,2,57,0,4,0,0,13,6,0,0,3,0,0,0,4,7,0,0,0,0,0,1,0,0
44,0,0,2,0,18,0,0,0,6,0,0,1,2,51,27,0,40,7,23,16,0,0,4,2,1,1,0,2,0,0,0
0,6,0,0,2,5,8,0,0,1,58,22,20,47,8,39,50,69,127,0,0,159,0,6,0,0,0,3,0,0,2,0
0,0,4,1,0,1,3,2,11,14,100,0,87,2,0,107,0,24,146,27,22,57,1,20,4,0,6,14,0,0,0,0
249,0,9,0,11,0,18,25,7,0,8,43,16,45,0,186,0,67,2,34,20,0,24,29,22,0,8,1,1,5,0,0
38,8,0,0,0,53,0,14,0,0,0,68,0,0,6,1,40,162,35,67,119,9,47,0,4,3,37,0,4,0,2,1
33,1,4,19,14,4,8,0,6,24,12,1,6,0,0,35,12,60,2,0,46,10,41,0,49,0,5,2,0,1,11,8
125,0,15,4,0,0,0,0,0,2,39,17,0,15,4,14,34,28,139,35,7,4,23,1,18,1,56,37,16,0,0,0
0,0,0,5,0,0,0,17,0,0,0,23,44,16,0,63,60,65,7,0,19,9,22,5,2,23,8,9,6,4,0,0
59,1,2,0,1,3,0,11,19,2,4,0,0,0,32,40,7,2,39,0,0,13,32,5,0,0,3,19,0,0,2,0
45,0,0,8,6,0,0,1,1,0,9,1,0,39,0,36,4,11,0,11,26,5,0,0,1,0,8,6,0,0,8,0
111,0,0,3,0,0,0,0,0,46,0,22,18,16,17,4,16,16,0,0,5,0,11,8,4,0,2,0,4,0,8,5
0,6,6,0,0,2,0,0,0,6,19,0,12,3,16,6,0,0,48,7,4,0,0,0,0,1,0,0,10,0,12,9
0,4,0,0,3,5,0,0,5,0,1,0,19,0,13,48,28,29,7,0,1,0,2,2,0,0,0,2,6,9,1,0
64,4,0,3,3,0,0,11,6,0,16,1,0,0,7,5,157,2,3,1,2,0,0,6,0,0,2,4,0,3,0,5
0,0,5,0,0,0,0,0,3,2,0,0,4,0,3,0,5,0,16,4,1,1,3,0,0,2,5,7,0,0,0,10
0,0,0,4,0,0,0,3,0,0,0,25,4,0,0,0,37,7,75,0,0,0,0,7,0,0,0,5,0,0,0,8
57,2,9,0,5,0,4,0,0,0,4,7,0,0,0,1,25,0,1,0,0,0,1,0,0,0,5,0,0,0,0,7
0,0,0,0,0,0,0,0,1,0,2,0,0,7,0,0,34,5,3,0,0,2,0,2,0,6,0,0,5,3,5,0
0,0,0,0,6,0,9,0,2,0,0,4,5,0,0,0,2,0,0,4,0,0,10,0,0,12,0,5,0,0,0,21
0,7,2,2,0,0,0,0,0,0,3,4,0,0,0,0,2,0,0,2,1,0,0,0,3,4,2,0,2,0,0,0
1,0,8,0,10,1,0,1,6,6,5,6,2,2,3,0,0,0,0,4,0,0,1,0,0,4,0,0,4,2,0,20
7,0,1,0,3,0,0,1,1,5,0,1,1,0,0,4,0,0,1,0,0,0,0,0,0,2,0,0,4,2,0,0
4,1,0,0,10,4,0,4,2,0,0,0,0,0,0,3,3,1,0,6,3,0,0,9,5,0,0,8,5,0,0,0
0,0,0,4,0,0,1,0,11,7,0,0,0,7,0,0,1,1,0,2,0,0,0,3,0,0,0,0,7,5,0,0
0,3,3,10,8,7,1,7,5,0,0,0,2,0,0,0,2,0,0,5,0,4,0,3,4,0,0,0,0,4,0,0
0,0,3,10,0,0,0,0,0,0,2,4,6,3,2,0,0,0,0,3,2,0,5,0,8,0,0,0,0,0,0,6
2,0,0,0,7,0,4,2,3,1,0,3,0,1,0,0,0,0,6,0,4,1,0,0,1,0,0,0,3,0,5,15
0,0,0,1,0,0,0,4,0,0,0,1,0,0,0,0,1,2,1,0,0,4,0,0,0,0,0,0,3,0,0,10
0,4,2,0,0,7,2,0,4,6,5,5,2,0,0,3,0,0,0,0,0,5,0,1,0,3,7,7,0,0,0,10
0,4,0,0,0,1,0,0,8,0,2,5,0,0,0,0,0,3,0,0,0,0,0,0,0,9,7,0,4,0,8,16
0,0,0,3,1,3,0,0,0,0,0,0,0,1,0,0,0,4,0,0,0,2,0,11,0,0,1,1,0,5,7,5
0,0,16,0,0,0,0,2,0,41,0,0,1,0,25,13,3,0,0,0,3,1,12,0,6,0,0,0,3,0,3,15
0,0,0,0,0,26,0,18,1,0,0,10,22,0,80,39,9,37,8,16,7,0,7,0,0,3,0,0,0,0,4,11
0,0,0,1,0,1,0,0,0,7,31,13,24,65,6,48,32,69,106,4,0,140,0,1,0,0,0,5,0,0,2,0
0,0,5,2,4,0,0,13,22,7,53,0,93,0,0,128,2,30,29,33,25,46,5,16,10,0,0,0,0,5,2,4
212,0,0,0,0,0,11,8,0,13,0,16,14,67,3,153,2,46,11,32,0,0,12,3,29,0,0,0,2,7,0,6
0,0,3,7,20,31,0,0,0,0,0,70,0,2,1,0,27,153,69,90,70,11,57,11,23,17,19,2,0,0,0,0
0,4,5,11,3,23,6,2,0,29,11,1,0,12,6,8,9,50,4,7,24,9,67,3,0,7,14,0,4,5,4,14
118,0,15,0,8,3,2,0,0,28,35,26,1,8,20,0,15,14,144,22,11,0,31,0,21,0,42,27,0,4,0,0
0,4,0,0,6,0,0,26,0,7,2,16,22,37,6,85,78,53,17,1,32,6,26,0,9,1,0,11,5,0,0,2
0,0,0,0,13,9,0,0,16,3,0,0,3,11,29,2,11,17,40,0,1,20,1,8,0,0,6,13,1,4,1,10
0,0,21,1,0,0,4,6,6,0,43,47,0,27,7,42,4,11,7,0,29,0,1,0,8,0,6,8,0,0,0,0
0,23,0,0,4,0,0,6,0,48,9,8,28,0,11,26,64,11,0,0,0,5,3,1,0,6,4,0,1,0,0,1
0,1,0,0,6,0,0,2,0,8,31,6,9,0,27,17,0,0,42,0,2,0,0,0,0,0,1,0,2,0,0,0
0,0,0,0,0,0,0,4,3,8,11,10,11,8,3,17,26,12,2,8,10,0,0,0,0,0,6,0,4,2,10,2
82,0,10,0,0,2,0,1,12,0,35,4,19,0,10,5,163,40,0,0,0,0,0,0,6,4,6,1,19,1,8,0
5,0,0,5,0,0,0,3,0,5,4,5,0,0,3,10,7,0,18,0,0,0,0,1,2,0,0,0,7,12,0,13
0,0,0,5,4,0,2,2,3,0,0,23,0,5,21,0,13,1,73,0,0,0,3,0,0,0,0,4,5,0,0,0
32,0,0,0,0,0,0,0,0,8,0,3,8,6,0,0,18,0,12,5,0,0,2,0,2,11,0,0,0,0,2,12
0,0,3,0,0,1,0,11,0,0,0,0,0,0,0,0,24,0,0,0,0,0,2,0,7,3,0,0,0,0,0,0
0,0,0,0,0,0,0,1,0,0,0,0,3,0,7,0,10,6,0,0,0,0,5,4,0,0,0,0,0,6,0,6
31,0,0,0,0,0,1,0,7,4,9,3,0,2,0,0,14,0,7,0,0,0,6,9,0,5,5,3,0,1,4,3
0,0,0,0,0,0,0,0,6,1,0,0,2,0,1,0,5,8,1,3,1,2,0,0,4,6,2,0,0,0,0,0
0,3,0,2,8,0,0,1,4,5,0,8,1,6,0,0,0,2,15,2,4,3,8,3,9,0,7,0,6,3,0,0
6,0,2,4,0,1,0,10,0,0,0,1,15,0,1,0,7,0,14,4,0,2,6,6,1,8,0,0,0,0,0,0
1,1,0,0,0,0,0,0,0,0,5,8,0,2,0,0,0,0,0,2,0,0,1,8,5,4,2,1,5,0,14,23
3,5,0,0,0,0,0,0,0,0,13,0,0,0,5,21,1,0,0,0,0,0,9,0,0,0,0,0,0,0,2,14
6,0,3,7,0,0,0,14,4,2,0,0,0,13,0,0,2,5,2,6,0,2,0,4,0,0,3,9,5,0,0,19
0,7,0,1,0,2,0,0,0,0,7,3,0,4,0,0,0,0,0,1,0,0,0,10,0,5,0,0,0,5,0,16
0,0,0,12,0,0,0,5,4,0,0,19,0,0,0,3,10,3,6,0,0,0,1,6,0,0,7,0,0,5,5,17
2,7,5,3,3,1,0,2,6,6,0,7,2,4,0,11,8,1,0,0,0,5,0,1,0,0,0,0,0,0,0,0
1,1,0,0,0,0,0,0,0,4,0,0,0,4,7,1,0,8,12,0,0,1,2,0,2,0,11,2,6,0,0,0
0,5,0,3,0,2,0,5,2,0,0,0,2,13,0,0,0,4,0,5,0,0,0,0,0,1,2,0,1,0,0,22
0,10,16,0,6,7,7,0,4,30,0,0,0,11,34,0,8,0,3,5,11,0,9,0,2,18,0,0,0,0,0,5
80,5,5,0,0,23,0,0,10,7,7,0,22,0,85,26,0,31,0,15,0,3,0,0,2,0,0,0,4,6,0,0
0,2,0,0,0,0,2,5,2,5,20,28,34,84,6,54,63,80,98,0,0,131,4,0,0,3,11,0,10,0,0,2
0,0,2,5,21,0,3,20,5,10,13,5,66,0,0,102,0,39,27,20,29,59,0,23,0,0,0,0,8,8,9,22
2,2,6,0,0,5,0,10,0,12,0,19,7,50,9,146,0,63,0,30,0,0,13,0,40,1,0,8,0,0,1,0
0,4,4,10,31,16,6,2,13,6,2,84,16,0,0,0,30,153,52,69,95,0,56,0,32,34,4,0,0,0,4,0
112,9,0,34,15,5,0,12,0,2,20,5,28,19,0,34,13,43,0,0,17,0,84,14,3,1,0,17,0,3,0,5
10,0,10,13,0,0,7,0,0,27,39,14,0,9,27,13,20,8,185,28,13,0,36,0,23,0,0,42,15,0,19,0
0,18,0,0,9,0,0,25,1,10,11,1,0,19,20,71,61,56,20,18,25,0,14,1,20,7,4,0,5,5,14,0
0,0,5,0,20,3,0,0,0,0,1,0,11,0,28,5,13,27,12,0,0,34,13,0,0,0,0,11,0,5,0,14
0,0,0,10,5,6,12,9,0,0,50,0,10,42,0,39,8,10,2,1,32,0,12,14,0,1,0,0,3,6,21,7
34,6,0,0,0,0,5,0,14,0,13,16,33,1,13,13,44,5,0,0,0,5,4,2,10,0,13,0,1,11,2,0
39,4,0,0,3,5,0,0,12,13,39,19,44,0,14,17,12,0,60,0,0,6,4,0,0,0,0,0,0,1,0,0
43,0,9,4,4,7,0,10,2,0,1,2,40,1,9,1,6,0,13,10,4,10,0,9,0,0,0,10,0,0,0,21
0,0,0,0,2,1,0,8,12,0,7,5,0,9,7,0,145,38,5,2,3,9,4,8,5,14,3,0,0,0,0,31
0,0,0,0,4,10,7,21,0,5,13,2,3,9,0,0,0,0,12,2,0,0,0,10,0,0,7,0,8,0,0,0
34,0,0,8,0,1,0,0,0,0,7,27,0,0,0,0,14,0,74,0,3,6,0,0,0,10,7,0,0,4,2,8
30,0,5,10,11,3,13,0,15,0,13,0,0,6,28,4,3,23,9,1,0,6,0,0,0,0,0,0,0,9,0,5
19,3,2,0,0,6,2,0,0,0,7,15,8,3,0,0,0,0,1,3,3,0,2,8,0,2,0,3,0,0,1,0
0,0,1,22,0,0,0,0,3,0,0,11,3,2,2,4,0,4,0,0,0,0,0,0,0,0,7,0,13,5,5,0
46,1,0,0,0,0,5,7,8,0,17,8,0,5,0,1,0,2,0,14,0,0,0,5,11,0,0,2,3,0,0,4
0,1,0,0,0,2,0,0,0,7,0,0,5,0,1,0,1,6,0,2,0,0,13,2,13,0,0,2,11,0,9,15
5,36,0,5,11,0,2,7,0,6,0,4,0,0,0,0,0,20,0,1,0,1,24,0,0,0,0,0,24,0,23,8
0,44,10,25,0,2,8,0,0,2,4,8,0,3,0,27,19,24,0,0,0,4,0,0,2,0,0,0,0,0,0,0
9,4,115,60,32,0,11,0,0,0,0,6,0,0,18,6,4,0,0,0,0,0,0,18,0,14,14,0,0,0,5,0
45,35,39,58,40,7,0,4,0,9,0,25,0,0,0,0,0,0,0,0,9,3,34,9,0,0,3,0,11,14,6,8
0,0,219,83,41,3,0,0,12,0,0,0,0,0,0,12,0,7,0,0,2,13,0,7,0,13,0,0,24,0,0,0
58,49,5,110,12,8,17,16,36,0,1,0,0,0,0,0,8,4,0,0,9,0,0,21,7,0,0,18,13,0,16,0
2,0,23,32,0,0,19,37,29,27,0,0,23,0,16,17,0,0,0,13,12,21,5,0,11,0,11,33,0,4,0,4
0,0,14,29,0,17,2,9,6,2,18,0,0,9,0,0,0,0,0,0,0,15,0,16,0,3,43,15,4,0,1,0
0,5,8,0,0,0,4,42,32,0,9,0,0,42,0,0,0,0,0,0,0,34,32,15,0,0,0,0,0,0,0,31
10,3,2,0,0,0,0,0,23,0,0,0,28,17,0,26,0,0,0,0,33,0,0,0,0,0,20,14,0,26,0,0
0,9,0,0,35,0,8,159,0,22,0,0,16,9,16,0,0,17,16,0,0,0,7,3,0,7,0,4,0,0,15,18
0,0,0,20,10,13,16,56,14,0,19,49,31,0,44,68,0,17,28,15,23,0,22,0,1,8,0,0,0,30,0,0
98,0,6,15,40,0,53,14,151,0,43,20,9,35,1,71,65,108,62,0,18,48,30,14,25,5,24,0,30,5,7,0
0,0,79,177,16,0,0,0,1,5,65,54,26,0,29,65,0,19,6,35,38,60,19,7,5,0,18,0,8,1,0,0
0,41,84,151,1,0,12,109,32,12,20,30,49,48,1,198,5,1,8,48,0,0,0,18,24,1,2,43,21,13,16,0
0,0,59,19,0,2,0,17,11,29,5,90,0,9,0,0,25,155,0,27,86,0,64,24,29,44,55,0,0,24,0,0
0,40,34,104,0,0,0,72,0,9,0,25,0,0,0,0,70,5,25,24,22,0,77,0,42,0,0,0,0,4,18,0
79,11,0,190,0,0,42,0,0,7,50,33,0,42,0,4,17,11,42,0,20,40,46,0,1,0,66,9,0,2,9,0
61,43,0,9,0,0,9,0,6,35,0,81,72,7,0,127,80,25,14,6,20,25,91,12,7,4,3,3,4,0,32,0
0,22,0,0,48,0,0,19,0,17,19,0,7,24,31,3,0,41,3,0,8,0,11,32,0,8,7,0,30,8,21,3
0,11,42,4,59,0,23,20,8,0,50,146,61,1,0,0,63,0,13,14,0,33,0,0,0,2,0,30,7,0,65,2
0,0,0,27,7,0,0,0,0,7,0,41,104,0,48,34,6,1,0,0,0,0,0,0,0,12,4,0,25,81,9,0
0,0,0,0,57,0,20,19,0,0,31,10,45,3,10,0,0,0,41,0,34,38,21,0,0,0,16,0,0,0,6,30
0,8,0,0,0,11,0,0,0,0,0,5,32,4,24,105,0,0,50,0,0,0,0,43,0,0,13,0,14,53,0,0
40,0,33,3,22,0,64,1,12,0,19,49,0,0,0,20,250,0,35,0,1,5,76,0,19,16,0,0,0,0,0,36
126,0,33,20,21,0,0,0,0,0,1,35,30,14,5,76,66,22,3,10,24,0,0,24,2,0,1,0,0,0,0,0
89,10,4,0,0,29,0,2,1,0,0,22,20,0,42,8,0,0,20,2,0,0,5,0,0,4,0,0,2,11,17,0
218,2,11,10,43,0,0,0,42,13,0,10,65,118,195,0,3,0,15,14,10,0,0,0,16,43,0,0,0,30,0,12
107,0,0,25,32,0,53,23,0,3,38,10,191,21,181,77,27,16,0,1,6,0,4,12,7,0,0,0,0,3,26,0
23,0,0,0,19,61,5,0,0,0,8,16,0,0,108,70,108,25,6,0,0,0,34,3,0,0,0,0,0,0,13,0
53,0,19,0,0,0,27,0,67,0,9,1,0,9,1,124,80,0,16,16,0,0,40,0,0,0,0,0,9,8,0,0
0,0,0,13,0,0,4,1,0,0,7,44,0,0,146,144,14,9,0,1,36,16,16,23,21,0,5,4,3,0,0,23
7,0,25,32,172,94,0,0,0,16,6,11,7,11,99,0,78,3,0,0,0,12,0,19,0,0,24,0,20,15,38,0
66,1,77,196,98,231,0,0,0,12,0,0,87,33,183,8,23,0,0,22,29,2,7,0,10,0,0,5,8,3,0,0
19,0,0,54,244,82,23,4,0,20,0,0,23,29,0,47,10,9,0,0,8,8,0,0,1,3,2,3,6,0,24,21
0,0,28,105,63,51,5,6,0,7,11,0,203,75,15,0,0,3,34,0,0,28,13,2,0,9,0,59,35,2,0,0
0,4,0,33,125,125,49,7,45,0,3,21,0,2,2,16,29,20,0,0,8,14,36,0,21,8,3,55,0,0,0,0
0,2,0,0,0,2,16,28,8,19,0,0,0,10,10,20,14,10,3,0,3,0,0,0,14,0,0,0,0,21,0,0
0,1,0,1,16,25,0,0,0,0,0,0,7,0,0,0,0,0,0,24,0,21,0,16,3,3,0,0,0,0,19,0
0,29,4,40,0,7,12,12,0,0,23,0,0,0,31,38,0,54,23,0,0,0,12,0,15,0,0,0,19,10,8,46
27,0,22,0,32,40,0,0,14,7,56,0,0,44,10,0,0,14,4,1,0,0,47,7,0,2,17,23,7,4,18,0
0,0,2,0,30,0,0,0,4,11,4,38,18,4,0,0,0,17,0,4,11,9,0,0,0,0,0,0,0,0,0,9
0,0,20,0,0,0,0,22,0,120,0,14,0,10,0,28,9,0,0,0,28,41,0,0,36,16,0,0,0,10,0,18
0,13,0,37,0,28,21,22,0,52,0,47,14,22,9,32,19,17,0,8,0,37,2,0,14,0,20,0,54,24,0,0
48,0,31,0,0,20,27,0,36,171,131,0,25,72,14,20,68,17,55,1,0,37,0,11,0,0,0,8,0,2,40,81
41,10,21,0,3,16,0,0,123,23,0,0,35,43,15,0,16,23,0,0,36,45,2,0,3,0,0,0,0,24,1,33
0,0,0,0,7,39,0,0,48,21,231,0,43,27,0,47,31,0,0,45,6,0,16,16,0,0,36,21,40,0,29,42
0,27,0,0,23,69,0,0,31,32,11,31,0,0,0,0,62,67,17,9,33,16,58,9,43,14,58,6,0,0,27,2
0,8,7,23,19,21,131,15,0,32,206,74,0,10,0,54,0,0,0,3,0,8,54,12,51,10,19,0,0,5,10,30
34,7,16,25,0,62,125,126,22,86,124,51,0,10,69,20,0,29,57,23,0,0,0,0,0,0,0,51,14,0,0,11
0,16,11,0,0,16,147,96,0,0,82,58,0,0,98,152,25,62,7,63,56,20,26,0,0,11,0,5,36,11,5,11
112,0,0,6,17,59,183,213,0,11,26,244,0,59,59,31,0,0,0,139,0,0,5,23,0,10,0,0,10,19,0,0
0,0,18,8,21,46,65,29,21,5,3,20,0,93,69,250,52,0,15,29,51,0,3,16,3,30,0,0,6,0,0,0
24,0,0,8,0,16,0,150,0,0,17,13,0,0,49,103,21,22,35,0,0,6,20,0,0,0,0,0,16,0,51,7
68,7,25,0,22,0,0,0,0,37,14,34,27,20,53,113,5,6,87,0,0,0,0,0,0,0,0,4,0,0,0,0
0,26,26,0,49,0,17,30,0,0,59,33,9,0,12,54,0,29,0,0,0,14,0,0,0,6,0,0,24,21,3,0
31,14,29,0,0,9,0,0,5,0,0,30,0,7,11,0,30,2,24,0,35,7,25,0,0,6,3,0,0,0,0,8
27,153,212,66,4,0,14,10,0,0,19,6,0,0,31,39,17,6,14,20,0,0,7,0,0,2,33,0,0,0,9,0
0,17,170,188,10,0,6,35,67,0,9,7,8,15,0,185,105,0,16,10,0,0,0,8,11,0,5,0,0,0,0,55
0,0,34,19,4,0,0,0,0,3,4,0,8,125,88,137,200,245,126,15,0,0,0,15,0,7,0,36,0,28,13,0
52,0,0,4,0,27,0,0,0,0,0,50,0,0,25,108,71,33,21,103,0,13,0,31,31,0,41,4,48,0,0,0
52,21,0,0,7,0,18,0,0,0,0,0,0,0,0,18,204,136,242,214,0,0,0,7,0,0,0,0,43,0,0,0
31,3,10,13,0,0,0,0,0,4,5,0,16,20,144,71,0,23,218,70,29,3,9,0,1,0,54,19,43,0,0,0
0,0,0,0,0,0,0,39,20,0,23,32,0,0,0,81,18,1,20,0,0,6,33,0,13,0,0,32,19,24,0,0
0,10,0,0,0,18,0,17,44,19,0,0,0,12,145,9,72,11,52,177,50,11,0,0,0,0,0,0,18,12,11,0
29,0,0,0,85,4,155,158,127,229,0,0,25,0,132,0,0,22,0,33,28,14,25,0,0,0,0,16,9,35,0,0
0,0,0,3,2,0,12,109,113,7,24,0,0,8,0,28,35,13,0,35,14,17,7,0,0,39,0,0,0,16,38,0
0,0,0,0,0,25,16,36,60,105,0,37,0,0,27,0,42,0,0,0,14,7,0,10,0,28,0,0,0,14,0,82
0,2,2,0,2,0,28,20,84,188,35,13,6,0,23,0,8,30,15,5,10,0,37,33,9,0,21,0,0,23,0,0
3,0,27,29,0,0,27,36,39,22,0,0,8,0,0,0,9,11,0,29,0,0,0,26,18,0,0,0,6,0,9,1
38,16,0,20,2,0,47,0,3,32,0,0,7,0,11,0,9,12,20,18,18,7,0,0,21,0,8,0,0,8,0,34
5,17,0,1,0,0,10,10,10,0,49,16,8,0,0,0,0,2,8,2,10,8,40,5,0,13,0,0,18,0,42,21
0,0,0,0,0,0,23,0,22,0,22,0,0,3,0,0,0,13,0,33,0,0,17,0,17,0,47,0,11,6,0,0
32,0,7,0,0,10,0,3,30,4,1,26,0,9,0,0,0,1,13,0,0,3,33,41,1,23,0,0,0,0,30,0
0,24,22,10,0,0,4,0,41,49,45,27,0,17,31,6,0,0,0,23,0,0,0,0,0,37,31,14,23,0,0,0
0,0,0,0,0,0,0,0,7,44,0,0,57,0,28,13,6,0,0,1,9,0,18,12,3,34,0,0,7,31,0,0
101,0,20,31,0,2,6,0,0,23,37,20,27,77,56,183,68,42,39,5,16,0,4,6,0,0,0,34,0,0,3,0
104,0,0,0,36,31,0,17,0,7,16,4,95,35,29,114,201,32,27,37,39,18,18,51,1,0,0,9,7,25,0,0
0,0,0,16,11,0,0,49,20,0,4,11,53,0,78,182,42,10,15,0,28,1,45,43,38,13,0,0,12,0,0,20
52,22,0,0,0,30,42,0,1,0,0,107,0,8,16,31,27,200,23,0,66,0,35,10,0,13,12,3,3,0,0,0
129,0,23,0,10,10,0,0,0,40,26,41,46,0,0,116,80,143,13,26,23,0,36,0,48,0,19,7,0,24,0,7
0,0,6,16,37,26,83,70,0,29,129,31,26,68,0,23,31,3,23,0,4,182,0,0,27,0,0,80,0,0,0,0
0,0,0,5,9,0,0,94,40,11,112,92,63,98,27,87,48,95,135,0,18,105,11,11,0,0,4,3,0,0,0,0
115,0,3,0,2,6,11,0,64,11,18,28,52,76,224,15,49,154,251,15,170,142,0,0,0,32,17,45,3,0,28,0
0,31,50,2,13,0,12,26,0,0,20,167,124,41,35,22,0,102,151,0,58,141,83,10,26,223,0,5,6,0,0,37
130,0,2,0,0,0,0,27,16,0,6,139,155,26,171,0,112,7,48,8,134,187,129,7,8,6,0,0,10,0,0,0
0,3,7,5,0,0,48,0,14,74,0,16,31,19,94,0,0,42,61,12,58,94,56,55,0,0,16,38,2,6,0,0
16,6,0,0,0,0,0,0,0,0,0,16,18,1,18,15,4,0,68,71,56,3,34,24,0,0,0,0,5,0,0,0
6,6,0,0,53,12,10,20,9,0,35,0,0,3,17,3,39,0,0,0,5,0,52,0,3,0,37,0,8,0,9,0
0,0,0,24,19,0,0,27,96,0,0,26,29,0,13,34,12,0,12,39,0,21,16,0,0,7,0,7,40,0,0,0
0,0,9,7,0,3,30,10,253,57,26,31,1,0,0,69,114,60,106,16,132,75,0,0,0,0,0,11,0,0,0,153
99,0,0,46,47,0,33,4,111,121,55,1,0,11,0,157,88,14,75,182,60,228,123,16,34,23,26,0,26,0,18,0
185,0,0,17,0,1,0,23,0,57,14,16,1,0,3,15,20,57,1,232,89,187,250,112,7,0,45,0,0,4,0,0
114,0,0,1,46,0,0,0,0,0,0,9,0,0,2,10,10,19,31,106,50,199,151,0,183,12,64,38,27,4,10,0
0,0,0,0,26,16,0,0,21,0,0,0,0,34,0,0,0,22,183,19,157,130,75,228,134,108,8,5,15,0,0,5
2,7,0,4,0,0,0,0,0,0,11,0,51,16,26,0,33,0,60,88,0,139,44,0,239,190,0,4,33,11,8,16
70,0,0,15,0,0,0,2,4,0,0,0,15,0,8,0,16,0,0,15,3,0,0,0,99,72,2,23,0,0,0,0
23,33,0,0,0,0,6,0,8,0,17,92,249,16,95,21,0,0,1,17,17,23,0,0,2,21,0,21,0,0,0,58
0,0,4,35,26,0,0,54,0,33,60,52,189,193,0,9,0,0,0,0,0,35,0,24,0,0,46,37,0,53,0,0
0,0,0,49,14,0,0,8,0,0,20,32,253,113,57,29,12,4,32,0,9,0,14,0,32,0,0,4,0,0,0,0
0,6,19,0,30,0,20,0,10,2,0,25,11,129,10,14,18,10,0,0,24,12,21,4,7,0,4,0,16,4,0,16
0,1,7,48,41,26,0,3,0,0,6,0,3,16,39,6,0,19,1,21,9,1,0,0,0,0,0,20,0,2,10,0
0,0,0,20,0,6,0,6,0,5,0,0,4,8,16,0,19,12,0,0,0,0,0,28,0,0,0,0,24,44,18,23
0,0,7,0,53,29,26,0,0,0,6,42,11,0,0,4,3,0,0,9,0,0,40,0,2,12,0,0,0,0,0,8
42,40,0,0,32,0,11,1,20,19,5,0,0,0,8,0,16,0,0,62,11,0,0,33,6,0,30,0,8,3,9,0
19,0,0,1,0,6,22,16,0,22,17,1,0,0,0,0,0,0,0,0,0,0,0,0,0,19,10,0,3,0,18,10
