117,15,0,20,0,9,0,23,13,90,19,0,2,0,42,0,0,7,21,0,0,19,0,29,5,0,0,0,0,0,7,41
0,17,16,0,0,0,16,0,0,22,37,24,0,0,47,0,2,11,26,5,16,23,0,0,19,7,0,0,16,53,79,0
0,0,1,5,11,0,18,27,10,0,68,32,14,25,39,52,0,71,82,9,46,228,31,0,0,0,0,13,0,45,0,34
93,30,3,5,39,24,24,38,27,33,91,0,61,29,92,33,14,26,105,8,95,1,60,52,22,0,35,18,25,10,16,0
57,13,29,0,0,0,8,0,23,23,29,0,43,33,0,82,0,73,20,89,55,41,169,54,8,10,23,0,0,8,47,43
0,5,0,0,0,34,0,11,31,14,30,78,6,18,56,0,20,115,33,128,120,15,48,93,6,44,29,0,2,0,0,109
117,0,40,11,6,35,0,0,7,49,91,35,46,26,23,88,48,0,25,18,23,49,57,48,16,0,54,64,24,27,0,0
72,0,4,0,9,34,0,24,16,12,68,0,0,23,29,18,42,27,132,4,0,118,87,153,0,16,1,52,0,0,0,22
35,0,9,0,31,0,0,52,20,0,0,67,31,39,52,37,36,242,27,30,0,31,55,35,20,34,34,55,0,0,66,0
0,0,29,0,7,6,0,48,0,0,24,42,49,5,98,24,159,87,183,96,26,33,30,204,0,17,30,237,16,0,0,0
99,20,0,36,10,0,0,58,5,3,15,2,10,48,119,56,60,40,62,136,139,8,12,25,31,120,54,241,9,0,0,0
23,0,0,40,0,0,23,18,47,0,0,34,0,0,27,53,125,2,83,11,212,0,36,128,110,55,159,175,2,12,0,0
119,0,14,0,20,23,16,25,14,19,10,0,4,21,0,0,49,36,197,255,97,0,5,57,26,79,87,155,62,0,0,138
47,0,0,14,81,27,0,30,50,0,0,10,0,1,0,23,12,16,45,55,0,0,56,7,0,64,35,13,30,0,8,0
62,7,0,7,19,0,9,17,0,10,48,0,0,12,22,0,0,0,0,11,0,5,1,26,0,0,75,46,6,28,21,0
0,0,31,0,11,35,0,0,0,22,14,0,36,58,11,20,0,26,0,13,0,0,0,0,0,0,36,17,5,20,0,0
0,0,25,30,0,28,5,7,0,0,0,31,21,95,210,0,29,14,70,38,48,16,58,0,7,4,39,0,0,11,0,0
0,0,0,13,16,0,0,0,0,0,48,11,10,20,229,0,3,0,0,92,93,203,52,0,28,21,30,0,12,10,0,39
0,0,0,0,0,0,14,14,7,0,50,24,36,0,4,13,0,0,77,55,233,248,45,144,91,237,193,98,0,0,0,12
0,55,43,0,39,16,16,0,0,0,0,0,0,2,0,0,24,2,20,9,8,0,17,0,29,26,209,128,145,0,68,0
0,6,0,0,38,0,0,0,0,0,4,0,0,2,5,18,16,0,6,12,18,0,0,0,0,31,27,215,227,11,16,26
39,0,13,0,0,0,0,0,0,8,0,12,0,0,0,15,0,0,3,0,7,0,0,5,0,0,0,229,75,240,0,76
0,13,4,0,0,0,3,12,21,0,0,14,0,0,0,4,29,0,22,9,20,0,0,0,0,14,0,13,110,252,18,0
0,50,0,0,0,23,73,0,0,42,29,23,0,13,0,17,91,54,141,39,10,0,0,0,0,48,0,17,19,102,18,0
0,5,12,0,0,17,31,0,0,14,44,37,4,0,0,16,11,138,133,199,19,0,0,0,15,0,4,0,26,0,0,0
0,9,15,9,0,17,0,0,42,0,0,0,0,0,0,43,112,208,81,0,0,0,12,15,0,0,0,0,0,11,31,0
39,36,0,0,34,0,0,9,0,30,0,9,12,0,0,0,0,88,19,20,0,0,0,7,0,0,0,16,17,0,62,0
36,0,31,0,34,0,23,0,28,17,0,0,0,10,16,0,0,21,32,0,17,0,22,5,0,3,9,0,0,4,0,14
9,0,17,28,55,0,3,27,8,0,5,0,0,30,7,16,0,11,2,0,11,0,0,0,13,0,0,0,0,12,11,55
33,0,0,0,0,0,0,0,19,11,0,0,0,0,14,5,3,17,0,12,9,11,0,25,5,0,8,0,5,3,3,0
0,0,40,0,0,14,0,0,54,24,44,0,0,0,0,18,0,1,0,0,29,7,10,0,24,31,9,12,4,0,0,53
0,39,0,0,0,0,0,39,18,0,25,26,0,0,8,0,0,1,0,0,0,8,0,14,0,0,0,22,0,0,0,0
147,36,0,9,0,33,0,0,0,103,23,0,22,40,0,0,0,0,19,19,4,0,63,14,19,0,20,31,0,23,0,0
87,20,13,0,19,11,0,0,0,66,34,0,25,25,93,0,30,6,17,55,0,0,0,0,0,0,0,0,16,25,33,106
7,13,29,0,6,0,0,10,27,39,0,18,20,0,0,74,34,56,42,12,0,0,22,21,4,30,0,0,14,0,0,0
0,0,0,21,7,0,35,63,4,0,0,17,126,0,33,103,0,79,95,16,19,6,0,0,0,82,195,30,0,0,0,71
0,13,0,0,26,0,6,0,20,36,3,28,66,61,12,218,38,15,26,82,23,0,59,29,43,174,144,18,0,0,0,0
27,0,0,18,26,0,0,73,0,0,32,97,34,38,45,8,32,108,48,50,120,29,73,59,67,99,3,7,32,1,0,0
0,38,4,63,18,46,21,0,8,16,0,0,27,26,0,19,22,77,0,0,0,0,68,0,78,39,204,0,5,0,0,0
0,0,24,0,0,23,49,37,51,61,65,42,2,0,0,8,75,7,145,106,54,4,54,0,35,38,237,162,29,0,6,28
60,9,0,0,18,0,0,4,23,0,20,42,62,84,21,0,41,177,63,133,39,0,100,163,44,2,25,190,6,0,0,0
0,0,9,43,38,0,0,33,0,0,0,42,0,21,29,75,1,57,39,0,208,106,104,53,0,0,65,125,26,16,0,28
211,0,10,4,0,0,0,1,0,0,0,1,0,37,2,49,33,24,0,87,111,31,167,155,0,57,18,96,0,0,31,0
1,16,2,0,44,7,0,0,0,32,0,39,0,0,0,0,40,0,48,0,119,41,81,29,66,0,219,131,9,0,61,46
192,0,0,0,0,2,0,16,0,0,0,16,0,0,1,0,9,29,78,45,97,10,43,168,16,22,6,191,52,37,108,0
0,0,1,26,7,0,0,43,0,0,0,45,0,0,0,0,0,0,0,33,30,31,0,212,36,41,0,38,26,6,0,57
0,0,1,0,0,24,0,17,24,0,34,8,7,11,2,0,0,0,0,9,0,17,34,0,0,0,41,37,20,22,78,84
0,13,0,6,0,0,0,19,0,0,0,7,0,21,0,0,80,220,29,35,18,0,2,7,26,0,0,0,5,0,8,9
31,16,12,0,10,9,2,28,11,11,5,0,4,0,0,31,0,56,0,7,6,20,30,0,0,0,7,0,0,42,21,13
53,0,17,0,0,0,0,40,26,0,3,20,0,12,9,23,61,37,22,0,4,3,98,45,41,6,49,8,0,33,0,0
0,0,0,0,0,0,0,0,0,10,2,0,12,0,0,0,0,39,0,4,0,0,0,0,81,44,0,2,21,6,13,5
0,0,0,0,0,0,0,6,0,2,0,0,8,0,35,0,11,19,0,0,25,0,17,1,41,2,0,0,34,0,0,0
0,0,6,23,0,0,0,0,0,1,4,39,2,14,3,38,0,3,0,8,0,0,0,14,4,0,0,17,0,0,13,0
16,0,0,15,0,0,11,7,0,0,0,36,0,0,18,8,0,0,0,0,0,19,18,3,0,3,0,0,0,0,0,44
0,17,0,16,0,0,0,22,0,0,0,7,18,0,20,1,8,0,8,0,13,0,19,21,1,0,0,28,0,0,34,0
48,5,24,0,4,19,0,7,9,3,0,0,0,0,0,0,0,38,0,0,51,55,0,0,0,0,36,0,0,0,0,46
18,0,29,0,26,0,1,0,6,0,0,19,0,7,0,0,2,0,131,203,132,243,0,5,10,2,19,1,0,0,42,0
0,0,0,0,0,0,41,0,0,0,19,50,0,0,0,23,0,0,35,87,4,149,31,0,29,23,0,13,23,0,0,7
0,0,0,0,15,22,0,0,0,0,50,8,34,1,2,0,17,0,25,23,35,0,0,0,0,19,0,0,0,0,0,0
21,19,3,0,0,10,16,0,14,3,10,34,0,0,14,3,0,29,0,18,173,0,0,0,0,4,0,0,9,0,0,26
0,29,6,34,55,0,0,14,14,9,17,0,0,2,14,3,5,11,0,31,26,0,0,0,0,9,0,0,11,19,6,34
65,8,19,0,49,0,36,0,29,23,3,0,0,15,0,1,19,0,0,21,19,11,0,0,0,7,0,0,13,14,41,0
0,0,0,11,0,0,0,0,0,4,0,6,0,0,0,30,5,12,0,0,0,0,0,14,18,0,12,44,28,5,0,4
2,0,4,20,0,6,6,11,5,0,16,0,0,0,0,0,4,6,0,10,0,17,0,22,0,10,0,0,0,1,0,0
19,14,0,0,13,2,0,13,0,44,40,6,35,0,0,0,12,0,6,0,0,18,3,12,0,0,0,0,16,3,9,0
0,17,0,8,0,0,0,19,48,0,36,0,0,35,23,23,28,0,9,0,9,0,50,14,0,6,0,11,0,60,0,0
4,35,0,0,14,0,47,0,2,0,0,34,68,90,0,58,33,7,23,9,41,0,0,0,61,14,41,0,0,0,34,37
29,1,0,0,0,31,3,22,0,0,67,7,22,20,1,98,14,6,4,0,25,0,0,6,0,5,27,35,44,29,0,0
4,17,0,4,21,0,59,48,56,23,42,10,35,37,1,175,0,57,33,0,22,0,17,0,0,23,0,0,0,0,0,0
80,42,0,12,5,0,34,0,32,7,10,74,0,41,12,0,0,126,36,17,27,15,0,0,13,0,0,15,0,0,31,0
0,0,0,31,7,0,2,0,10,0,55,0,86,11,0,26,6,96,0,0,89,0,28,1,31,51,22,26,41,35,80,0
0,0,7,0,8,22,71,0,30,55,0,39,13,36,4,0,60,0,174,24,60,65,62,14,54,16,22,50,0,0,0,44
68,0,0,3,27,0,15,22,32,0,16,40,52,7,8,50,69,88,20,41,23,25,17,50,29,9,100,50,26,4,0,21
0,24,0,0,16,0,23,0,22,29,0,0,0,8,62,40,0,0,0,0,90,76,7,89,20,1,45,42,94,46,57,28
239,0,0,17,30,10,23,0,0,18,35,21,0,4,30,15,3,8,16,64,38,17,18,83,93,85,5,53,75,60,0,6
13,23,8,0,0,18,0,0,0,0,9,0,29,5,0,21,53,0,9,3,36,9,56,32,111,25,206,83,45,100,20,33
230,32,26,0,27,28,4,1,0,5,0,11,0,13,0,0,10,0,38,39,35,0,20,15,0,22,96,59,98,4,3,48
0,8,20,0,0,0,0,4,5,15,0,0,0,5,18,15,0,0,0,12,0,0,0,0,0,26,25,92,45,3,3,0
0,0,7,20,0,25,4,0,12,11,0,0,17,0,23,0,0,0,0,6,24,0,15,0,0,4,3,0,0,6,6,13
0,0,0,2,0,13,11,0,9,22,22,0,0,21,0,0,0,0,19,0,43,0,0,0,0,12,9,0,0,2,2,0
79,0,29,0,0,14,0,0,0,22,1,0,9,0,2,0,2,0,53,4,43,13,0,0,0,8,0,16,0,0,5,0
0,6,0,10,0,21,0,0,0,4,5,0,18,0,0,20,19,1,0,0,0,6,12,0,36,0,20,7,1,3,7,0
0,12,17,7,4,0,0,5,0,0,0,0,1,0,12,11,27,0,0,10,0,15,0,0,0,0,0,0,11,5,0,5
4,6,3,0,0,0,13,0,0,0,1,0,0,0,10,23,4,0,0,0,20,9,0,0,0,0,0,0,0,0,4,0
32,0,0,1,0,12,4,3,12,5,0,8,39,0,1,26,0,0,0,0,0,0,0,22,11,0,0,1,17,0,0,0
0,1,0,4,0,0,0,0,0,0,0,1,5,18,0,21,10,20,0,4,0,16,0,0,0,0,0,20,0,0,0,0
0,24,4,0,0,9,0,0,15,8,0,14,2,6,5,22,0,0,2,0,3,0,0,11,20,25,0,0,0,0,0,10
23,3,0,2,0,3,0,11,13,0,9,17,0,0,12,0,0,5,12,0,0,12,13,6,0,16,0,30,8,0,0,0
0,0,0,0,16,29,28,0,4,5,9,0,8,0,0,4,7,0,37,8,21,0,0,17,0,0,8,0,0,18,0,8
0,0,0,0,0,4,0,0,0,11,2,17,1,1,10,4,6,0,6,7,11,0,5,86,4,140,216,19,0,0,0,26
0,15,0,0,12,12,0,16,6,6,0,0,0,7,21,18,7,0,1,9,26,3,0,0,0,135,191,10,0,0,7,0
5,11,0,0,0,0,0,0,4,0,0,0,0,22,0,7,10,2,8,0,9,8,0,0,1,102,76,0,0,0,19,18
16,18,0,0,4,0,11,0,5,7,8,0,13,8,0,0,6,7,5,0,8,18,0,0,12,0,24,0,16,0,5,0
17,25,7,11,6,4,0,7,0,2,0,0,0,11,0,0,7,0,0,0,4,0,8,0,0,34,0,0,23,16,0,0
0,4,1,9,19,0,0,18,0,4,0,0,14,0,0,0,0,12,8,0,0,4,19,0,0,1,10,4,6,6,0,0
14,4,9,0,0,0,0,1,0,10,6,4,7,7,0,0,5,7,0,0,1,0,19,0,0,2,6,7,0,0,3,0
0,0,0,0,4,0,0,0,0,55,2,3,0,0,0,9,0,0,10,0,3,5,0,0,0,0,14,0,0,0,7,0
0,0,0,0,5,10,0,0,5,12,0,0,0,4,18,0,4,2,0,2,0,0,0,0,1,0,1,11,0,0,0,0
0,0,3,1,7,0,9,0,8,11,39,7,17,58,0,7,0,0,1,0,0,3,0,0,0,0,0,0,0,0,0,6
0,0,0,0,0,19,5,11,4,3,45,3,100,0,3,39,0,1,0,1,0,0,12,4,0,5,0,0,4,0,0,9
0,0,0,2,0,0,12,24,40,19,23,11,19,54,0,199,1,1,4,7,1,2,0,2,1,0,0,0,1,0,4,0
37,0,0,1,28,35,0,0,2,0,0,88,1,22,4,6,18,162,22,6,48,0,0,1,0,10,2,0,2,7,14,16
0,0,0,32,5,14,0,14,8,0,53,32,36,0,0,40,0,20,0,0,3,4,0,0,0,8,13,2,0,0,0,31
0,0,0,0,7,0,28,8,0,41,46,37,2,9,11,2,45,26,84,5,0,4,8,9,5,0,0,42,12,9,0,0
0,4,0,0,2,0,0,0,0,10,0,18,7,25,7,65,81,77,39,3,0,6,35,77,1,24,21,15,6,5,0,2
0,1,0,7,6,5,0,16,4,0,0,5,8,54,13,1,0,11,3,0,94,13,31,0,42,0,50,74,52,24,20,0
0,2,0,2,0,0,0,6,0,0,0,7,0,0,0,7,3,5,0,9,52,3,21,163,28,55,9,6,0,2,0,1
0,4,0,0,0,0,0,0,0,0,1,0,0,9,0,6,40,7,0,2,32,1,15,1,0,0,0,0,1,3,1,1
0,0,5,0,0,3,1,0,0,1,0,1,0,9,6,0,5,0,2,23,0,3,0,0,0,0,0,0,0,2,10,0
30,0,0,4,0,1,1,0,0,0,0,0,0,0,0,4,2,0,0,0,5,0,0,5,4,5,5,0,0,0,0,0
12,0,0,0,6,8,0,0,6,0,6,0,0,3,1,7,5,0,4,0,0,8,0,3,4,3,0,0,0,0,0,0
0,0,2,1,0,3,6,0,2,0,0,0,7,2,0,0,3,0,0,0,0,0,0,0,0,0,0,0,0,0,6,5
22,6,0,0,0,0,0,0,0,0,3,9,6,0,0,0,16,3,64,0,0,0,0,0,0,7,8,9,0,4,2,0
43,3,1,0,0,0,2,0,0,5,7,0,0,0,0,0,5,9,8,6,0,4,0,0,0,2,0,6,0,5,8,21
0,8,5,0,0,0,10,0,0,0,0,3,0,0,0,0,0,0,7,0,2,0,5,0,0,0,0,0,0,0,0,0
0,0,0,0,3,0,0,0,2,3,4,0,4,1,3,6,0,0,0,1,5,0,0,0,0,6,0,0,0,3,0,8
0,2,5,0,1,0,0,4,6,0,9,4,0,0,5,0,2,4,3,0,1,0,0,0,0,3,0,11,0,1,0,0
0,0,0,0,0,0,0,0,0,0,0,1,0,0,1,2,0,0,0,10,15,5,1,0,0,3,0,0,4,0,3,2
0,0,0,0,0,5,0,0,9,0,1,9,5,0,3,11,3,7,0,0,2,0,0,7,0,0,4,0,0,0,8,0
4,2,1,0,0,2,7,0,0,3,8,0,16,4,5,0,2,0,0,0,1,0,5,0,4,0,5,0,0,3,0,5
0,1,0,1,0,1,0,4,0,2,2,0,0,2,3,0,0,0,0,0,0,2,0,2,4,0,0,0,4,2,5,0
0,0,0,6,0,0,1,0,3,0,1,0,0,0,4,0,0,8,5,5,5,4,3,4,0,0,2,0,0,0,2,26
6,0,2,2,10,1,0,3,3,0,2,0,0,0,0,7,0,0,0,1,0,0,0,0,0,0,6,7,3,0,0,0
7,0,4,0,8,0,6,2,3,0,0,4,0,1,0,0,0,2,0,0,1,0,5,0,3,0,0,0,0,0,0,0
0,0,0,0,4,0,1,0,1,0,5,0,0,0,5,1,0,0,3,0,0,0,0,1,1,0,2,0,1,0,10,0
0,3,0,0,0,0,0,1,0,0,5,4,0,4,0,6,0,0,2,4,0,0,3,0,0,0,4,0,2,8,0,0
0,0,0,0,7,0,2,0,5,2,5,0,0,0,7,3,0,0,3,0,0,0,2,0,0,0,4,0,2,3,0,14
0,0,0,3,0,17,0,0,0,6,0,0,0,5,0,4,6,0,0,1,0,2,0,5,0,0,0,0,0,0,0,6
0,0,0,3,0,5,0,0,0,41,0,0,0,7,0,0,3,0,0,1,0,0,2,3,0,0,0,0,5,0,0,8
55,2,4,0,5,27,6,0,0,7,0,8,0,10,0,0,0,0,0,0,0,0,13,5,0,3,0,0,0,0,0,0
29,7,0,4,0,3,2,0,0,0,29,19,9,30,0,2,0,0,0,2,1,0,0,0,0,1,0,0,0,0,0,0
0,1,2,0,15,17,2,35,29,4,26,0,70,1,19,0,0,1,0,4,9,0,1,0,0,5,2,0,0,0,0,0
96,3,0,5,0,0,9,4,13,1,37,18,15,82,0,184,0,0,0,3,1,6,2,0,4,0,17,10,13,3,0,0
0,1,0,0,34,16,1,0,10,0,2,70,0,0,0,0,16,155,6,0,13,0,0,6,5,3,7,3,9,0,2,8
0,5,0,16,22,6,6,0,0,13,34,3,9,0,0,26,0,0,5,0,0,0,13,7,0,12,0,0,0,1,0,0
73,1,0,9,17,0,6,2,0,11,41,15,3,0,21,11,48,3,64,0,0,1,5,0,3,5,0,34,3,0,4,3
122,0,4,4,0,0,0,0,0,4,0,0,17,35,0,43,67,53,37,14,21,24,19,0,0,19,23,10,0,1,9,10
0,0,0,2,0,0,0,0,4,3,0,1,12,38,34,8,7,35,9,1,0,39,16,0,32,8,57,30,16,0,0,2
0,9,0,0,0,3,1,0,5,0,0,0,0,4,7,11,0,0,0,4,12,16,1,138,40,55,5,0,0,3,9,9
20,9,5,0,0,0,0,0,2,1,3,0,2,0,0,0,35,0,0,0,5,2,0,0,0,0,0,9,1,0,7,0
102,3,9,0,3,0,0,16,0,0,0,0,0,0,5,5,21,0,52,0,8,0,0,8,0,1,0,0,0,0,9,0
12,0,0,0,9,0,0,1,0,0,0,0,3,0,14,1,4,0,13,0,0,2,1,3,0,0,3,0,0,3,1,5
14,3,11,0,5,7,6,0,0,7,0,2,3,4,0,6,18,0,7,2,0,0,0,0,0,0,10,4,6,0,0,4
0,0,0,2,7,0,5,0,0,1,0,13,0,7,0,0,0,0,31,0,2,2,6,0,1,0,6,7,4,4,6,0
21,0,4,2,0,0,1,0,2,4,6,0,8,0,2,2,7,3,4,0,0,0,1,3,3,0,0,5,1,3,7,0
31,0,0,5,2,4,3,8,0,0,0,9,0,0,0,0,3,4,9,5,0,0,0,3,0,0,6,0,0,0,0,9
6,1,3,0,5,0,7,3,3,0,0,0,1,0,5,1,0,0,0,0,0,0,1,0,0,4,4,0,0,0,2,0
0,0,0,0,0,0,0,0,1,0,5,0,5,0,2,6,0,0,0,2,0,5,0,0,0,4,1,4,7,4,7,0
1,0,0,1,0,8,0,0,0,0,0,0,0,2,0,0,1,0,3,0,11,2,0,0,5,3,0,0,0,0,6,0
2,1,2,5,7,6,2,0,2,0,0,2,0,0,5,7,6,3,0,0,7,2,0,2,0,0,0,1,2,0,0,3
5,0,1,0,0,0,0,0,1,0,0,0,0,4,6,0,0,0,0,0,0,0,0,10,2,5,4,5,0,0,0,11
7,3,3,0,0,3,6,0,2,0,0,0,0,7,0,0,0,2,0,1,1,0,0,2,3,4,7,3,2,0,6,0
4,0,0,3,0,0,1,15,8,0,0,0,2,0,0,3,0,0,2,3,0,5,7,0,0,0,0,1,0,2,2,0
0,11,5,0,3,2,2,0,11,1,2,0,13,3,3,0,11,0,0,1,1,0,0,0,0,0,4,4,1,0,0,0
0,0,2,0,8,0,0,0,0,0,2,0,0,0,3,0,9,0,0,0,0,0,0,0,3,0,0,2,2,5,13,0
6,1,2,1,0,0,0,0,0,3,2,0,0,0,4,0,0,0,0,2,0,1,0,1,0,0,2,0,2,0,0,7
1,0,2,0,0,0,0,6,0,0,2,0,0,0,0,3,0,5,0,0,0,0,0,6,0,3,3,0,4,0,0,21
8,0,2,0,1,0,3,0,8,0,0,0,2,0,1,1,0,0,2,0,0,0,5,4,0,0,1,3,0,4,0,0
1,0,0,3,2,8,0,12,0,3,0,0,0,0,0,0,0,4,4,0,1,3,0,2,0,0,0,0,0,0,0,9
0,0,1,0,3,0,4,0,1,0,4,5,0,7,4,9,3,0,0,2,0,9,2,0,3,0,0,0,3,8,0,0
0,7,0,6,0,1,0,0,3,25,11,0,0,1,0,2,0,0,0,0,3,3,0,0,0,7,0,0,2,0,0,0
0,0,0,0,2,31,1,0,3,0,25,0,0,0,2,0,0,0,0,0,0,2,0,0,1,0,1,0,3,0,6,7
0,0,0,0,0,0,0,12,0,0,32,26,11,8,1,0,1,0,0,2,0,0,5,0,0,5,1,5,8,0,3,0
8,0,0,12,10,0,8,6,29,0,27,6,57,0,0,0,8,3,0,5,2,0,0,0,0,2,0,4,0,0,0,0
36,9,0,6,6,0,1,10,7,0,24,16,9,37,0,72,0,0,0,1,0,3,3,0,4,0,1,0,0,0,0,0
0,0,6,0,31,10,0,7,4,0,6,85,0,0,1,7,24,129,10,6,0,0,3,0,1,0,0,0,5,0,4,0
0,2,1,10,0,12,0,0,6,16,2,0,30,1,0,20,28,0,0,7,0,0,9,0,2,3,0,0,5,0,0,0
0,0,0,0,0,0,4,5,0,18,43,36,3,0,12,27,44,1,15,0,0,0,27,2,19,1,0,32,1,5,16,10
0,0,11,0,0,0,0,8,0,8,6,7,40,8,0,48,77,44,7,0,18,3,24,0,32,3,9,8,4,0,0,0
31,1,7,0,0,0,0,1,0,4,0,0,1,19,29,4,3,11,1,0,0,8,0,1,4,4,52,21,1,1,8,0
114,1,0,2,0,0,0,0,0,0,3,10,0,3,2,36,1,0,0,7,20,12,9,32,0,3,0,0,0,6,12,8
63,0,1,0,0,5,1,2,5,6,0,3,0,1,0,0,4,4,0,4,9,0,0,8,1,0,9,0,0,0,4,21
42,0,0,6,0,0,0,11,0,0,1,6,0,0,0,4,0,0,41,18,0,0,7,3,5,0,4,9,0,0,2,0
0,0,0,0,0,0,0,1,1,0,0,0,3,0,1,0,6,3,5,1,1,0,0,0,3,2,0,5,1,0,7,0
2,0,0,1,0,0,0,0,0,0,0,2,5,4,0,0,17,0,7,0,0,2,0,7,5,6,0,0,0,0,0,13
35,4,0,0,6,0,0,0,0,0,0,0,0,1,1,0,2,0,12,0,0,5,3,0,0,0,0,5,5,0,0,7
37,0,0,0,2,4,0,0,0,0,1,5,1,0,3,6,5,71,6,0,0,0,0,0,0,6,0,0,9,0,0,0
0,0,0,0,4,0,2,0,0,5,0,3,0,2,0,0,0,0,1,3,0,3,0,0,0,7,0,0,2,18,0,0
25,0,3,0,0,0,0,0,1,4,0,2,0,2,7,0,0,0,0,0,6,0,4,0,5,0,1,0,0,0,0,7
3,0,1,0,0,2,0,1,2,2,0,9,0,0,0,3,2,2,2,0,0,5,1,0,0,0,0,0,0,0,13,0
33,8,0,2,0,0,0,0,0,1,0,0,3,0,1,0,2,0,7,0,5,0,7,6,10,8,4,0,0,0,0,15
1,1,1,0,0,0,0,0,1,4,0,0,0,0,0,5,0,2,5,0,0,0,0,6,0,3,0,0,7,1,0,0
2,0,20,4,0,3,0,0,0,4,0,0,0,5,0,1,12,3,0,6,4,0,0,0,0,0,0,0,0,1,0,0
0,2,3,5,0,0,7,0,0,0,0,2,0,0,2,0,3,0,4,3,0,4,0,0,0,0,0,0,7,2,0,11
0,3,0,0,3,0,0,0,9,2,0,1,4,8,2,0,0,0,0,0,0,0,7,2,3,6,6,2,11,0,9,0
0,9,0,0,3,0,1,5,0,0,0,0,0,0,6,1,0,0,0,0,0,2,0,0,0,0,2,0,0,0,7,0
0,0,2,1,4,4,0,0,0,4,0,1,6,4,5,1,0,1,0,0,0,1,0,1,0,2,1,3,1,1,0,4
0,0,0,0,2,0,10,4,0,0,0,5,5,0,0,1,0,7,0,0,5,0,0,0,2,0,0,6,0,0,0,0
0,0,1,14,0,0,3,1,3,0,0,1,0,0,0,4,5,0,5,2,0,4,0,0,0,10,0,4,0,2,0,0
0,0,0,0,0,0,2,6,2,0,7,0,4,4,0,0,0,0,0,0,0,0,2,4,3,0,0,3,0,16,2,0
0,0,0,1,6,2,0,0,4,0,1,0,1,0,4,0,0,0,5,0,0,0,16,0,0,2,6,0,3,0,9,0
6,7,1,0,0,6,0,0,0,0,9,0,10,2,0,0,0,0,0,0,0,3,8,10,0,3,0,0,2,0,2,6
0,0,0,4,8,1,0,6,0,26,4,5,6,0,0,0,10,0,0,2,4,2,0,0,0,8,0,2,0,0,0,38
0,0,8,0,0,7,0,0,13,0,0,0,7,5,3,0,4,3,1,0,0,0,9,0,0,0,0,0,0,0,0,0
0,0,0,2,0,3,0,1,0,8,0,31,30,6,7,0,6,1,0,1,11,0,11,5,3,1,20,0,8,0,0,0
0,2,0,0,13,13,0,43,7,0,29,13,85,0,0,0,9,2,4,0,0,0,6,2,1,0,0,0,0,0,0,1
0,4,0,18,0,0,3,2,0,1,25,22,43,46,0,87,0,0,0,0,11,0,4,0,0,0,3,4,0,0,3,1
0,12,0,2,30,39,0,0,0,2,1,88,0,0,1,2,20,161,2,0,5,8,1,2,0,0,4,0,0,0,0,0
29,6,2,1,16,29,6,3,2,5,0,8,35,0,0,12,19,0,10,6,0,4,0,0,9,10,5,0,9,0,20,0
3,6,5,0,0,11,0,0,5,39,31,17,13,12,25,31,24,29,6,1,0,0,17,1,16,0,2,38,12,0,0,3
0,7,0,0,0,0,0,0,0,4,0,12,45,11,6,51,83,59,12,0,12,0,21,1,2,0,9,0,5,0,5,0
7,4,1,0,0,0,0,0,6,0,0,4,6,45,24,5,0,17,2,0,0,9,0,1,0,10,39,15,0,0,3,28
0,0,0,0,0,4,0,0,0,2,2,0,0,5,6,22,0,9,0,17,4,0,0,35,0,3,0,0,0,0,10,0
0,3,5,0,3,0,7,0,7,6,5,0,0,0,1,0,0,0,1,0,1,2,6,0,7,3,0,0,1,0,0,27
44,0,0,0,0,0,0,7,0,3,0,0,0,1,7,1,0,4,63,20,0,0,10,5,0,3,0,0,0,4,0,16
0,0,3,5,14,0,4,2,0,3,0,2,0,1,0,0,7,5,0,0,0,1,1,0,0,0,0,0,3,3,0,9
6,0,1,0,0,0,0,5,0,2,1,0,4,11,5,0,2,0,1,4,0,5,4,0,5,0,0,9,0,0,0,0
27,0,0,5,1,0,0,7,0,0,1,0,0,0,0,0,1,3,0,0,0,0,1,6,0,0,4,0,1,0,4,0
0,11,2,2,0,0,0,6,1,5,2,0,6,0,0,0,0,3,1,1,3,0,0,0,0,0,0,0,3,0,14,0
10,0,0,0,1,0,0,0,0,0,0,0,0,0,0,0,0,0,0,7,4,0,4,9,0,5,12,0,0,0,5,0
0,0,0,0,2,0,0,0,1,7,0,0,5,2,3,0,11,0,0,0,0,0,0,2,0,0,2,1,0,0,14,0
0,4,2,1,5,6,3,0,0,5,0,0,3,10,4,0,3,0,2,3,0,0,0,0,0,0,0,0,4,0,0,10
0,1,4,0,0,0,0,0,0,0,0,10,0,8,1,0,1,1,6,0,4,0,0,0,1,0,0,0,0,0,0,0
0,2,6,0,0,0,0,0,0,5,0,0,1,0,0,0,2,0,0,0,1,0,0,0,7,0,0,4,1,4,14,18
2,0,0,5,0,0,0,2,0,0,0,0,4,0,0,0,0,0,2,0,0,2,0,3,0,0,4,1,1,5,0,17
0,0,0,3,0,4,0,1,0,0,1,5,4,0,6,0,1,6,5,0,0,0,0,7,0,0,7,1,0,4,4,0
0,1,0,2,0,2,1,0,1,2,0,0,0,3,5,3,12,0,0,0,1,0,1,12,0,5,0,0,6,7,0,1
0,0,4,8,0,0,2,0,0,0,0,0,0,0,5,11,0,9,1,8,1,0,0,0,1,0,2,0,2,0,0,26
6,3,0,0,0,0,2,0,0,7,0,0,5,0,0,0,5,0,0,0,1,3,1,3,0,0,10,5,9,6,4,0
0,3,3,0,2,0,5,0,0,12,0,0,0,0,3,0,0,0,4,1,0,0,1,6,0,5,0,4,4,5,7,0
0,2,0,0,0,0,0,0,0,0,0,0,0,9,3,5,6,3,1,4,8,5,0,0,0,0,0,0,0,0,0,32
3,0,0,2,0,0,0,1,0,3,3,2,0,0,1,0,0,4,0,0,0,6,3,4,6,3,5,1,0,4,0,15
1,0,0,0,0,1,4,0,6,0,0,1,6,0,0,0,1,0,0,1,0,0,7,8,0,1,0,0,0,2,0,0
0,0,0,0,4,0,0,5,0,0,2,0,11,2,0,0,1,0,0,7,2,0,6,0,0,0,0,0,0,3,0,3
0,4,0,0,5,0,0,2,0,30,0,0,0,11,11,0,7,9,1,0,0,0,0,0,0,0,0,0,0,3,1,12
0,3,0,0,0,35,0,0,15,0,0,0,0,0,5,0,0,0,2,0,0,0,0,0,0,0,0,0,1,0,2,0
18,0,0,0,2,0,0,13,0,0,4,13,14,1,1,0,10,1,0,0,0,0,0,5,0,2,0,2,2,0,0,0
0,0,0,5,21,20,0,31,0,6,53,0,91,0,3,0,0,4,0,0,0,0,6,3,0,0,2,0,0,7,5,11
95,2,0,14,0,0,11,28,1,0,3,17,16,34,0,47,0,0,0,0,0,0,7,0,6,6,1,4,0,0,0,1
0,0,3,0,41,22,0,0,3,7,6,77,0,0,0,0,0,108,4,2,24,0,6,4,7,0,11,4,5,0,3,7
41,0,3,5,16,23,1,3,0,7,0,2,0,0,0,17,0,0,0,4,0,0,2,0,0,0,6,0,0,0,0,3
0,0,18,0,12,2,3,0,0,12,41,0,0,21,7,10,27,16,0,3,0,0,14,0,11,2,0,39,11,2,0,0
0,0,0,0,1,5,4,0,0,10,0,1,41,0,7,56,70,80,35,6,7,0,0,5,7,0,9,0,5,0,6,36
0,0,0,0,0,2,0,0,0,1,0,0,6,3,5,0,4,17,0,0,0,13,16,0,0,1,40,13,6,0,0,27
0,0,0,6,0,0,0,2,0,5,0,0,0,0,2,23,3,6,0,0,10,0,0,0,4,2,9,7,0,0,0,10
0,0,0,3,0,2,0,1,0,6,0,9,5,6,0,12,0,0,0,3,4,0,1,1,3,3,0,0,0,5,4,0
0,0,0,0,0,0,0,9,0,8,10,0,3,3,0,0,0,0,45,0,0,0,0,13,0,3,3,0,0,2,0,2
0,3,0,2,0,0,11,9,3,0,10,1,3,0,0,0,0,1,1,2,0,3,8,11,0,1,0,1,0,0,6,2
5,0,1,0,0,2,5,0,12,0,0,0,6,5,8,1,12,0,6,0,0,0,6,0,0,2,0,0,0,0,3,4
0,0,3,0,0,2,0,10,6,9,0,0,0,0,2,1,14,0,0,0,0,0,2,0,1,0,4,5,0,0,10,7
5,4,0,0,11,0,0,0,0,0,4,0,0,1,0,0,3,0,0,2,0,3,0,0,1,1,11,3,2,0,9,0
0,0,5,4,2,4,3,0,2,0,0,0,0,0,0,2,0,1,0,0,2,0,7,0,0,0,0,3,0,0,0,0
0,10,0,0,0,1,5,0,0,2,3,0,0,4,2,0,0,0,0,0,0,0,0,1,0,0,0,0,6,0,0,0
4,0,0,5,0,0,0,0,9,5,0,5,0,0,0,0,0,7,0,9,0,0,0,0,0,0,0,0,0,1,14,7
0,1,0,0,0,1,0,0,0,5,2,0,0,1,0,0,11,1,5,0,0,0,0,4,0,0,0,5,10,0,0,10
0,1,0,5,0,0,3,0,1,0,1,0,1,0,0,2,3,1,8,8,0,0,0,0,2,6,0,0,0,0,0,0
1,0,3,3,0,0,0,3,3,1,0,0,0,7,0,0,3,0,0,0,0,0,5,4,0,2,3,0,5,1,7,1
0,4,1,0,0,0,0,2,4,7,0,0,2,0,4,0,4,2,2,0,0,0,5,0,0,0,1,7,0,0,5,0
0,3,3,3,2,1,7,0,0,2,0,0,0,0,0,3,0,0,1,2,1,0,1,3,3,1,3,0,3,1,0,13
0,2,3,0,1,0,0,0,0,4,3,2,0,3,0,0,6,14,0,0,2,3,0,0,7,7,0,17,0,0,0,0
0,4,0,0,0,0,0,0,1,0,1,0,0,7,0,2,3,3,0,1,8,3,0,0,0,0,0,2,2,0,0,0
0,4,0,3,6,0,11,0,0,0,0,1,0,11,2,0,0,0,6,0,3,0,5,0,0,0,0,0,9,3,0,12
0,3,1,0,0,0,0,0,3,5,11,0,0,0,0,0,0,0,0,0,0,3,7,8,0,0,0,0,0,5,6,0
1,0,0,3,12,0,0,6,4,0,6,5,3,0,5,3,0,3,0,0,0,0,3,0,0,0,13,0,0,0,6,11
0,0,0,0,0,0,0,0,0,0,0,4,0,3,5,2,0,0,1,2,8,3,0,0,0,1,0,0,1,0,4,0
5,0,3,6,6,1,5,4,0,5,0,6,0,0,4,3,0,5,4,7,0,0,0,3,2,5,4,6,3,5,7,0
3,0,3,8,3,0,0,0,0,40,0,0,0,1,7,0,4,0,0,3,0,0,0,2,0,0,0,0,0,3,0,12
32,0,0,4,0,25,0,0,0,1,0,0,0,1,0,0,0,0,0,0,0,0,12,1,3,0,1,0,0,1,0,3
0,0,1,0,0,0,0,0,0,0,0,8,21,0,0,0,1,3,0,0,3,0,0,1,1,0,0,0,8,0,6,13
0,0,0,5,28,0,0,29,17,0,56,0,86,0,0,1,1,0,0,0,0,9,0,0,0,0,2,0,3,0,0,0
0,5,0,0,0,0,0,17,0,0,0,21,14,11,3,34,1,32,0,1,0,0,0,3,0,4,0,0,2,4,2,2
40,0,2,0,35,43,3,0,1,5,0,56,3,3,0,0,9,137,0,0,22,2,0,0,0,0,0,0,0,2,0,7
0,0,0,14,24,22,3,3,0,17,0,10,0,2,1,22,2,4,0,6,0,2,1,0,1,3,0,3,12,0,17,0
1,0,5,0,9,1,5,7,0,0,8,0,0,6,2,4,31,11,0,0,0,6,27,4,11,0,0,42,6,0,0,0
0,2,0,0,0,14,0,0,12,10,0,0,32,12,4,44,70,31,26,9,0,6,7,0,0,0,4,0,0,11,6,0
48,4,0,0,25,5,23,0,8,0,0,7,0,25,20,1,11,21,9,9,0,19,14,0,0,0,24,28,2,0,0,2
110,0,0,14,0,0,0,0,0,4,0,0,2,0,1,19,2,0,8,0,21,0,0,4,0,0,0,0,0,0,0,12
0,7,5,0,0,0,14,3,10,0,0,0,3,6,1,1,0,10,0,0,7,0,7,0,7,4,1,0,8,2,0,0
0,0,0,0,6,3,0,0,0,1,11,0,0,2,5,3,0,0,43,18,7,0,0,0,0,2,0,0,5,0,4,36
0,8,0,0,0,3,6,4,6,3,0,0,0,0,4,0,2,1,7,0,0,0,0,2,0,3,0,0,3,0,9,1
0,0,0,2,0,1,0,0,0,1,1,0,3,0,10,0,26,7,9,0,3,0,2,0,0,0,0,4,0,11,0,12
0,0,0,0,0,0,11,0,0,6,0,0,0,0,0,2,5,0,0,0,0,0,0,4,2,1,0,0,0,0,9,22
7,0,5,5,5,0,0,10,0,3,7,0,0,0,1,7,0,0,0,0,0,0,0,0,2,0,4,3,0,0,0,0
6,8,0,0,0,2,0,0,0,2,0,0,0,9,0,0,0,0,0,0,0,0,0,3,0,0,0,0,0,0,0,0
0,1,0,4,0,0,1,0,12,0,3,4,3,1,6,0,0,0,7,0,3,0,2,0,0,0,6,0,3,0,3,0
0,1,6,0,0,2,5,0,0,3,0,7,0,0,0,5,0,0,0,0,2,0,0,0,2,0,8,0,5,10,0,0
0,2,0,11,0,0,1,0,4,0,0,0,0,0,4,0,0,6,2,0,0,0,5,1,2,5,0,0,5,0,0,3
4,5,1,0,7,4,2,3,0,0,2,13,5,7,0,0,4,1,7,0,0,0,0,0,0,5,0,0,0,1,11,0
0,0,2,0,0,3,6,5,2,0,0,4,0,0,0,0,0,3,0,0,1,0,0,2,0,0,0,0,0,6,0,0
4,12,0,0,0,0,6,0,5,2,0,0,0,0,5,6,8,0,3,0,1,0,0,5,0,0,11,0,0,0,0,17
0,0,2,2,0,5,5,3,0,4,0,0,0,0,0,0,0,0,0,0,0,0,5,0,2,0,0,0,1,1,9,11
1,4,0,0,0,0,0,0,0,0,0,0,0,1,2,5,0,0,6,0,0,7,0,2,0,6,5,9,5,0,5,0
2,0,3,8,8,0,4,5,6,0,0,1,0,1,0,0,0,0,5,0,0,0,8,0,4,5,1,2,0,0,0,7
2,0,0,3,1,0,0,0,0,0,0,0,3,0,0,1,0,0,7,8,3,0,0,0,3,1,6,4,0,0,7,0
4,0,0,10,0,2,0,7,0,3,0,0,2,5,3,0,1,5,0,3,0,0,0,3,0,2,0,0,6,0,8,8
0,0,0,0,0,0,0,3,5,0,5,0,0,1,1,0,0,2,3,0,0,2,0,0,3,0,8,1,0,0,14,0
0,10,0,0,0,0,0,0,0,0,3,0,0,0,5,0,6,0,4,0,0,0,0,0,0,0,2,0,1,1,0,0
0,3,0,0,0,0,0,0,0,0,0,0,6,0,1,1,2,0,0,0,0,0,0,3,0,0,2,3,0,0,14,0
35,0,0,0,7,1,0,0,0,57,2,7,0,0,3,10,0,2,0,0,0,0,0,0,0,0,3,1,8,0,0,0
21,0,0,0,2,23,8,0,0,3,0,0,0,0,0,0,0,0,0,0,5,3,5,0,0,1,0,0,0,0,0,11
0,0,6,1,5,2,2,1,0,6,2,0,5,13,3,0,1,0,0,0,0,3,0,5,0,0,1,0,9,10,0,10
54,0,5,3,6,10,0,36,13,0,55,10,78,0,0,4,1,0,8,0,7,0,7,1,8,0,0,3,5,5,0,3
0,1,0,0,0,0,10,0,0,1,0,25,7,9,3,16,6,0,0,1,0,0,0,0,0,2,9,4,0,0,0,27
0,4,0,0,32,31,0,1,0,0,0,81,0,0,1,2,20,157,0,1,24,5,6,0,0,1,0,1,0,4,0,9
64,3,0,16,22,12,14,0,0,21,3,5,0,0,2,14,0,8,0,3,0,2,0,8,0,0,7,1,16,0,0,0
0,0,19,8,0,0,11,0,0,5,13,3,0,7,0,8,16,0,0,0,0,0,9,0,5,6,0,29,0,0,0,8
35,5,9,0,0,0,0,0,0,3,2,0,42,6,0,40,69,29,27,5,6,3,10,5,0,3,3,6,0,6,0,27
0,2,0,0,5,3,0,2,0,1,0,4,2,29,27,14,7,25,8,0,0,0,4,2,0,0,36,0,4,1,0,14
66,1,0,0,0,5,0,7,0,0,0,5,0,0,3,25,7,0,3,3,0,0,6,11,0,8,0,0,0,0,0,7
9,1,11,0,11,0,0,9,22,0,5,7,7,0,0,11,0,9,0,0,2,2,7,0,6,0,13,11,0,0,0,7
0,0,0,0,2,0,13,0,5,0,2,0,1,0,2,0,0,5,52,2,3,1,0,0,4,8,4,2,0,2,0,11
0,1,6,4,5,0,0,7,2,0,2,0,0,6,3,0,0,0,0,0,2,0,0,2,6,2,0,2,0,0,20,0
29,0,0,0,0,0,11,0,8,0,2,1,0,0,8,0,7,9,0,3,3,0,0,4,2,0,0,3,4,3,4,0
5,7,0,0,0,0,0,0,0,0,0,5,8,0,0,0,10,6,0,3,2,0,0,0,0,0,11,3,0,0,2,0
0,0,0,0,5,0,0,0,5,0,1,0,8,0,1,3,2,1,2,0,1,0,0,0,0,0,1,0,0,6,0,0
0,4,0,15,2,0,5,0,0,0,0,6,0,0,8,0,0,8,3,1,2,0,7,0,5,2,0,0,2,0,0,9
0,5,0,0,0,0,2,3,0,1,0,1,0,5,8,0,0,0,11,1,4,0,2,0,0,1,0,0,0,10,0,1
0,2,0,2,0,0,0,17,0,1,0,12,0,0,2,0,0,8,0,0,1,0,1,0,0,4,8,4,7,0,0,11
0,1,0,0,0,0,0,0,0,0,0,10,5,0,4,3,0,1,2,0,0,0,3,0,0,1,0,0,0,0,0,0
6,0,0,8,10,0,0,0,0,0,1,4,0,0,6,5,0,0,5,0,0,1,0,3,0,0,0,0,2,6,0,5
0,0,0,0,1,0,1,22,0,8,8,13,0,0,0,5,3,1,1,0,0,7,4,7,0,0,1,3,3,0,7,0
4,0,0,8,3,0,0,13,0,0,9,3,2,0,0,2,0,0,0,0,0,2,0,0,8,0,0,0,0,3,0,0
3,0,1,7,0,0,0,7,0,2,0,3,0,2,0,0,7,0,0,0,4,0,0,0,0,0,0,0,0,0,0,0
6,0,4,0,0,0,0,0,7,3,0,4,0,0,0,0,7,0,0,0,2,0,0,9,0,0,0,3,0,0,2,5
5,7,2,6,0,0,2,11,3,0,0,1,18,5,0,0,6,1,0,0,8,0,0,4,0,0,0,2,0,0,20,0
0,2,0,2,0,0,1,0,0,0,0,0,5,0,0,0,0,7,0,0,0,0,0,5,7,6,3,0,4,0,0,0
0,0,7,0,0,8,7,6,0,0,0,9,0,0,10,0,0,0,3,4,0,3,0,0,0,0,7,0,1,0,0,0
1,0,0,0,0,9,0,0,0,0,9,2,4,2,0,7,1,0,0,2,4,4,0,2,2,3,0,0,0,0,0,0
4,3,0,8,16,0,0,9,0,6,0,0,7,0,0,0,1,6,0,0,1,0,3,0,0,2,0,4,0,3,0,0
0,0,2,5,0,0,2,0,0,4,0,0,0,0,0,0,2,1,1,6,9,7,0,3,0,0,0,2,0,0,0,9
47,8,6,8,0,2,0,0,10,48,5,3,0,3,7,0,3,11,0,4,0,0,0,0,0,0,0,1,0,0,6,0
36,0,1,5,0,25,0,8,0,0,0,0,3,0,0,0,0,0,0,3,0,7,0,0,6,1,12,0,6,0,0,0
36,5,11,0,6,11,0,0,4,2,0,0,3,1,7,0,7,1,3,2,0,0,2,10,10,11,0,0,7,3,17,13
20,4,0,1,21,21,0,34,21,0,55,11,68,1,0,9,0,5,0,0,0,0,0,4,2,9,0,0,7,5,0,0
0,7,0,4,0,0,9,6,6,6,1,15,5,16,0,41,3,33,6,0,3,4,2,5,0,6,0,0,9,0,0,18
0,0,5,0,30,35,2,0,0,6,1,84,4,2,0,0,11,119,0,0,23,0,0,8,0,0,0,0,0,0,0,0
0,0,0,21,3,23,0,7,0,10,0,0,6,15,2,0,8,0,5,6,0,0,9,6,0,0,3,0,0,0,20,2
0,0,22,7,19,3,10,0,4,0,6,6,0,0,5,0,32,0,2,16,0,0,1,0,0,7,0,29,2,0,0,0
0,9,0,0,0,0,0,10,2,0,0,14,30,17,5,40,64,36,43,6,5,0,0,0,5,0,10,10,4,0,6,15
0,7,5,0,0,0,0,0,3,3,0,0,16,26,16,7,9,11,2,0,0,0,32,0,0,8,42,10,3,3,0,9
105,0,0,0,0,0,0,10,0,5,2,4,0,10,9,24,9,0,0,8,2,0,4,0,0,0,0,0,0,0,0,0
2,2,4,0,0,3,0,0,0,7,0,0,0,16,4,0,6,0,0,0,0,0,15,0,3,0,28,6,0,1,0,0
25,0,0,0,3,8,0,2,3,0,2,0,0,0,2,15,0,0,54,3,3,11,0,0,0,0,0,4,0,0,4,1
19,1,1,0,0,8,3,7,0,0,0,0,4,5,0,0,3,2,4,0,0,0,3,0,0,0,1,7,0,2,7,12
0,1,1,0,2,5,0,6,1,0,0,15,0,0,0,0,10,0,0,0,0,3,0,0,0,0,0,17,0,0,9,0
0,0,1,0,0,5,0,0,0,6,10,0,5,0,6,1,18,6,8,5,9,0,8,4,0,0,0,0,7,7,5,0
0,0,0,6,0,0,0,0,0,0,7,0,5,10,0,7,5,2,0,7,1,0,0,1,0,0,0,0,13,2,0,0
0,4,5,0,0,3,0,6,4,0,3,0,2,0,0,6,0,5,0,0,0,3,0,7,0,0,0,5,1,3,0,1
0,3,0,9,0,5,0,0,0,6,0,0,0,7,0,5,2,14,2,0,0,0,0,7,0,3,4,0,2,0,13,0
3,0,0,0,11,0,6,0,6,4,0,5,0,2,0,0,6,0,3,7,0,0,16,0,6,3,4,5,0,0,0,8
9,0,5,1,0,0,0,2,0,0,0,1,0,8,0,6,2,1,1,0,16,0,2,0,7,0,0,0,5,0,14,9
0,1,0,0,9,0,0,0,5,12,8,7,2,0,0,7,10,2,0,0,0,11,0,3,0,0,16,9,1,0,0,10
0,6,9,14,0,0,16,3,0,0,6,0,0,3,8,5,5,7,2,0,5,0,0,0,0,7,0,5,0,0,0,3
2,0,4,0,0,0,12,0,9,0,9,12,0,0,2,9,3,10,0,0,4,7,0,10,2,0,12,0,9,0,0,6
0,0,0,0,1,0,0,2,5,0,0,0,3,0,0,1,0,6,0,3,0,7,0,11,0,6,11,8,13,0,13,0
0,0,0,0,0,10,0,8,1,1,0,1,0,0,2,0,0,12,0,0,0,16,1,0,0,0,6,0,0,9,2,0
0,10,0,4,0,0,1,9,0,3,0,8,0,0,4,5,0,5,0,0,4,0,0,6,0,3,0,0,3,0,4,0
4,0,15,0,0,4,0,0,0,8,9,11,0,7,0,0,0,0,0,0,8,12,0,1,7,0,3,8,0,1,0,0
0,1,0,6,0,2,0,0,0,0,0,2,0,8,0,14,2,0,0,11,0,2,0,4,0,0,0,4,3,0,0,0
0,0,0,0,0,0,3,0,6,1,9,0,5,0,0,0,0,2,0,0,5,0,0,7,0,0,0,0,7,0,0,0
4,0,0,0,1,2,0,1,17,4,0,0,0,5,0,0,0,5,0,0,0,6,0,5,0,1,3,13,2,9,11,0
9,0,0,4,4,0,2,19,8,0,12,9,0,1,0,9,0,1,5,7,12,0,12,0,13,2,3,0,12,0,0,15
28,0,33,0,72,52,0,30,0,150,2,0,38,23,13,14,0,0,0,0,26,14,32,0,1,5,0,0,33,35,23,0
0,0,3,26,1,0,10,0,0,66,0,26,24,0,0,19,0,33,0,1,3,32,0,0,31,11,66,10,10,4,1,0
0,0,0,0,0,8,2,0,5,18,38,0,11,0,0,20,0,12,0,5,0,2,31,0,11,13,37,0,3,9,0,0
70,18,7,7,49,0,0,16,31,2,50,21,36,20,21,0,16,26,7,17,0,0,0,0,0,17,14,0,0,8,5,38
0,0,0,0,31,60,44,66,0,18,0,0,4,69,0,70,0,31,0,0,0,0,0,0,0,4,0,18,0,0,0,23
0,0,0,13,56,0,0,0,0,16,0,52,0,39,0,5,0,93,0,0,4,17,0,59,15,0,24,20,32,21,47,9
0,0,0,15,44,1,18,29,0,0,0,21,0,0,0,0,0,0,0,0,0,14,21,0,33,0,0,0,0,0,0,26
0,0,0,12,34,8,0,0,9,22,0,40,0,31,2,0,4,0,0,8,6,0,36,0,0,0,0,41,45,3,0,46
0,0,4,0,0,10,20,0,26,55,0,38,0,9,0,127,0,34,18,20,16,0,0,0,10,24,0,0,0,0,0,11
65,0,0,0,44,0,0,0,15,0,0,42,0,0,41,85,0,0,0,0,0,0,0,0,0,18,10,0,0,0,0,74
0,0,0,1,22,26,0,0,0,20,0,0,0,16,26,0,8,22,0,11,0,0,0,4,0,4,15,0,21,7,28,12
21,0,11,0,12,31,0,21,0,0,0,0,29,0,14,43,11,2,0,30,5,0,0,0,1,0,0,0,15,0,12,0
0,1,21,32,5,16,3,77,0,5,0,10,0,0,23,3,9,0,27,0,20,0,0,0,0,3,0,0,3,0,0,7
20,21,63,0,12,0,0,24,0,0,0,15,0,0,17,32,36,53,0,8,0,60,31,0,10,0,26,41,1,4,0,0
0,0,0,16,0,0,0,0,21,2,0,0,0,0,9,0,18,11,10,0,0,0,0,31,31,0,20,12,19,8,0,0
0,0,31,0,0,0,0,0,0,16,0,6,1,0,0,45,0,5,30,0,26,0,20,0,16,0,39,76,5,19,13,43
22,0,0,0,2,9,0,2,0,0,0,3,4,0,17,0,18,22,0,0,1,0,0,0,0,4,0,17,16,0,0,18
18,12,8,0,0,12,0,0,5,0,0,0,0,25,6,73,83,7,0,9,15,22,14,0,1,0,12,0,9,22,12,0
0,21,74,90,6,81,0,34,0,0,26,22,32,0,0,82,85,0,0,2,0,20,0,0,22,0,0,16,0,0,8,29
0,0,4,15,206,0,3,7,0,0,0,56,3,62,155,199,12,23,0,23,6,10,0,0,0,1,32,0,5,3,4,1
0,0,48,223,77,18,7,0,26,11,5,0,45,208,111,215,0,2,0,0,0,18,0,0,0,0,0,0,0,11,0,16
0,5,0,39,54,63,0,0,23,17,0,0,177,65,151,61,8,0,0,3,0,0,0,0,0,0,29,30,0,4,0,0
45,35,0,28,13,17,0,21,0,0,27,99,103,18,160,0,21,16,3,19,0,0,5,21,0,16,12,0,0,13,0,0
41,1,0,41,12,30,21,4,13,25,20,64,126,136,0,1,1,4,18,2,3,0,10,23,3,9,0,0,0,25,0,0
0,0,0,5,36,19,0,0,0,0,45,80,82,10,0,0,11,0,0,0,10,0,24,0,2,3,16,0,6,14,21,16
0,0,0,0,14,0,0,12,20,12,11,36,25,20,0,5,0,0,11,29,19,0,0,4,0,0,4,0,20,12,0,0
0,0,0,0,0,10,0,0,0,0,15,0,13,0,0,14,0,0,0,0,0,32,0,0,0,0,0,0,12,16,17,0
36,16,5,0,32,0,33,37,0,3,14,0,0,0,0,12,0,0,0,0,0,20,0,12,8,41,14,4,18,0,16,16
0,0,0,0,22,0,10,19,0,1,7,29,27,14,4,0,17,0,6,0,0,11,9,20,0,0,12,0,11,0,0,0
0,20,0,42,11,0,1,33,0,5,0,0,0,0,0,0,34,0,10,16,0,0,57,0,0,0,0,11,33,0,0,44
36,41,5,0,29,4,0,0,4,10,0,0,0,32,21,0,7,11,0,20,0,0,0,0,0,25,0,13,12,24,14,0
35,0,24,15,0,0,0,0,0,0,0,0,0,2,0,28,39,2,0,24,0,23,4,0,31,0,0,6,25,20,3,0
0,33,24,0,0,0,0,0,8,212,9,0,8,69,59,0,9,0,29,0,2,21,33,0,10,11,0,27,20,19,22,0
11,36,5,24,0,0,18,17,0,163,18,24,0,8,39,21,0,11,0,25,16,0,15,35,0,0,36,0,0,51,29,45
6,0,2,19,23,17,53,0,16,63,13,0,12,198,0,35,0,0,0,0,46,22,0,6,0,1,10,0,0,0,22,0
0,0,11,6,36,51,0,17,203,48,18,17,103,179,24,9,25,0,44,13,0,3,33,21,3,30,0,0,3,0,47,33
0,0,11,0,0,0,27,0,2,219,28,0,22,145,0,0,0,14,0,0,20,23,0,0,46,0,12,13,26,28,0,0
0,28,17,6,45,12,46,17,1,40,0,30,0,0,0,35,0,153,52,0,0,16,30,25,13,3,23,0,13,17,8,35
0,39,0,12,7,0,0,11,24,21,0,80,165,42,0,31,48,16,0,0,2,33,0,17,0,12,16,0,0,0,17,22
0,33,0,0,0,11,11,0,32,47,0,0,29,18,72,0,17,18,0,0,29,0,0,21,13,12,4,18,26,0,26,0
0,38,40,0,16,21,2,4,0,0,36,0,13,30,24,0,41,0,12,36,12,0,0,0,0,12,2,9,0,0,21,35
0,4,0,0,0,0,0,0,0,0,0,0,0,2,28,106,196,9,0,0,6,0,31,21,13,0,0,12,1,0,0,0
9,0,187,4,0,0,0,0,13,0,8,1,38,26,5,88,85,15,0,0,0,0,3,0,15,16,8,0,5,35,23,12
74,8,208,145,0,21,21,0,3,4,8,0,0,25,11,0,0,0,1,0,0,0,22,0,7,0,0,48,3,24,2,46
0,0,83,138,0,0,0,0,26,27,0,4,0,0,10,9,14,0,24,4,19,9,0,22,0,0,0,0,3,5,0,48
0,1,0,0,0,37,0,17,9,13,7,0,9,7,21,0,0,1,9,0,0,0,0,0,0,43,12,24,0,0,0,0
0,0,0,41,0,10,0,0,0,0,0,21,2,17,10,25,37,23,0,0,0,20,0,10,0,0,51,28,0,0,0,9
23,0,37,0,0,0,0,17,9,0,0,0,35,0,0,5,0,0,5,0,0,13,10,0,14,0,0,22,0,0,0,30
17,3,7,0,26,9,14,0,0,0,0,0,0,0,17,9,110,11,0,0,0,0,5,17,23,13,19,2,30,0,31,1
0,0,3,0,16,0,0,37,23,0,0,0,0,0,0,10,21,2,14,18,0,0,1,1,0,0,0,17,0,15,0,48
0,0,0,60,16,3,84,5,0,0,3,29,18,4,4,124,39,13,7,2,21,10,0,0,0,0,0,2,25,8,1,51
7,13,100,123,190,0,103,45,0,0,18,28,0,27,43,0,171,41,0,21,0,0,0,11,0,11,0,17,0,0,0,0
30,16,93,179,249,131,0,0,0,13,43,4,35,0,55,0,40,44,13,0,20,1,0,6,0,0,22,1,0,12,8,0
33,0,16,170,209,177,7,8,0,0,0,57,15,9,8,132,14,0,5,0,0,0,9,0,0,16,0,10,6,30,0,0
0,0,64,73,135,63,0,0,29,4,0,40,66,47,177,8,0,24,18,0,18,14,0,0,0,8,0,16,0,0,20,9
0,0,0,42,248,95,0,0,40,17,0,49,125,30,140,0,22,53,21,0,0,14,16,0,0,0,0,49,10,13,0,3
0,0,0,0,0,0,2,0,9,0,12,42,61,0,0,0,0,0,0,0,0,0,0,14,20,8,1,0,0,12,0,26
23,0,0,14,0,30,0,3,0,7,0,43,3,0,0,13,0,0,0,38,0,11,17,9,1,11,0,0,11,0,0,18
36,12,12,36,0,40,89,0,0,0,0,0,0,4,8,23,24,0,5,24,20,4,13,0,43,0,0,0,2,11,18,54
0,43,72,0,0,0,0,0,3,10,41,0,0,16,12,33,0,38,0,0,1,0,2,15,13,15,23,0,36,7,21,4
0,72,0,0,0,0,0,0,2,3,0,0,0,0,3,0,0,0,0,22,0,11,2,0,0,18,0,0,0,0,0,20
20,0,4,43,0,3,0,0,0,0,0,0,0,0,0,29,0,3,0,0,0,0,0,0,0,14,0,8,1,0,20,42
16,0,0,0,0,1,0,4,30,0,0,0,0,17,0,0,2,0,0,1,3,3,35,29,27,20,7,0,6,7,12,4
0,0,7,2,2,5,24,40,24,0,0,15,45,0,13,11,0,0,0,0,0,0,0,0,0,0,0,30,0,17,0,0
0,0,0,0,28,0,34,10,0,49,47,0,52,0,5,12,64,7,5,0,23,0,35,37,0,9,13,0,35,8,0,16
46,35,0,0,23,77,0,8,0,10,0,0,1,28,24,14,48,13,0,0,0,0,4,12,0,0,0,0,21,67,0,13
0,19,19,0,17,16,73,27,48,19,32,16,3,14,0,99,5,2,0,0,7,0,0,16,0,23,0,0,8,15,11,25
9,0,0,7,0,0,0,2,14,21,90,70,36,0,11,96,22,8,7,0,39,16,0,0,20,0,0,12,30,41,0,0
0,18,0,12,25,0,0,8,3,0,0,56,67,0,35,1,119,0,1,0,0,0,3,0,22,32,0,5,0,16,5,0
0,0,0,8,0,17,8,0,0,0,68,141,10,30,0,13,231,0,0,8,17,0,6,0,0,16,17,0,1,61,0,77
0,14,0,0,0,0,44,25,21,48,82,110,71,10,0,195,77,0,2,6,21,0,28,0,7,1,0,0,0,15,0,50
0,0,0,0,0,0,0,0,0,43,60,221,174,0,10,125,80,0,32,0,4,31,37,9,1,0,9,11,0,0,3,0
90,27,0,0,35,7,0,0,0,12,0,231,55,0,0,192,32,0,69,49,2,6,0,9,0,0,0,0,37,0,0,110
0,0,0,45,1,6,9,0,28,0,0,85,17,0,33,219,242,6,11,75,27,40,16,0,7,40,0,0,35,0,0,17
32,7,0,0,45,45,0,35,0,0,11,91,22,52,26,119,71,3,2,224,0,0,11,11,0,0,0,19,8,7,0,0
16,0,0,3,3,0,39,33,17,0,30,0,0,2,0,0,23,43,93,32,22,0,20,49,0,0,0,0,0,7,0,0
0,24,0,0,25,21,25,0,0,23,13,0,0,0,0,32,0,69,27,48,0,20,0,0,8,0,12,0,8,18,34,122
0,29,2,10,94,189,0,0,48,0,0,43,0,16,0,5,0,0,229,182,0,0,0,35,0,0,20,0,0,0,0,0
0,0,0,14,192,251,49,22,48,0,42,0,0,0,0,1,25,28,0,19,0,0,17,16,0,7,0,0,0,2,0,11
46,0,19,6,34,159,0,18,0,0,0,25,0,0,18,1,14,1,20,0,33,15,5,0,0,0,6,0,4,0,0,0
58,51,29,4,34,144,1,0,0,0,5,10,0,4,0,4,23,0,16,8,0,3,24,0,0,3,48,33,0,0,5,10
67,22,0,0,15,12,0,8,7,39,14,44,0,8,19,7,0,0,0,0,23,65,11,15,0,7,0,0,38,19,3,14
37,39,68,26,34,3,0,0,0,23,12,0,0,0,0,19,34,0,36,30,10,19,7,7,0,0,0,7,0,0,19,0
0,0,19,2,39,4,60,17,52,4,38,16,33,0,0,47,0,74,155,50,12,29,56,11,28,0,28,31,0,6,0,1
0,38,45,0,31,35,2,0,0,6,40,5,12,4,84,0,0,131,157,25,0,0,0,0,0,0,29,24,0,14,8,0
0,0,19,9,73,6,34,49,99,0,24,0,12,16,26,0,6,17,0,65,3,3,0,0,0,10,17,0,0,0,0,0
42,0,5,36,0,45,19,161,69,23,26,14,10,0,29,0,13,0,16,212,30,0,29,0,0,40,0,0,1,0,0,19
0,0,40,0,23,75,75,82,163,0,17,9,20,0,0,0,0,0,0,31,2,17,30,0,16,0,1,18,10,0,0,0
0,0,0,0,0,37,172,93,3,10,16,6,0,36,0,33,18,2,11,0,0,0,6,0,0,0,31,0,0,0,1,11
0,0,0,0,6,11,37,66,30,0,0,0,1,0,0,0,0,20,39,4,0,19,13,0,2,0,16,42,0,17,0,0
0,0,19,2,0,0,17,242,56,0,10,31,0,0,12,26,7,5,3,0,16,18,0,13,11,0,0,0,0,0,0,0
0,0,34,25,0,0,0,0,0,0,37,18,38,0,0,7,0,10,0,0,0,0,0,13,11,11,35,0,28,29,24,0
40,0,0,2,0,13,0,0,39,13,0,22,6,0,0,0,22,1,2,22,0,0,21,28,0,13,49,38,2,10,0,27
27,0,0,0,0,0,17,4,9,0,0,17,20,13,0,0,16,0,2,0,4,11,25,3,0,0,0,34,2,22,15,0
10,0,0,0,12,49,0,22,0,40,0,0,24,22,0,0,0,0,0,0,17,0,0,44,0,0,0,66,0,0,0,0
0,0,13,0,11,15,19,0,14,0,18,3,12,0,34,0,29,10,0,0,0,0,6,15,0,31,4,0,0,53,0,0
23,17,95,0,6,16,25,0,8,42,7,29,0,0,0,0,53,0,2,0,0,1,0,15,0,0,0,13,0,0,0,43
72,0,61,0,21,10,13,0,18,0,29,0,11,0,2,30,0,21,0,6,0,18,0,0,0,3,0,7,10,0,0,0
48,0,21,0,10,36,0,3,11,3,0,0,2,21,4,9,38,10,0,0,5,20,22,9,10,13,0,54,0,0,0,58
0,0,0,0,0,0,0,0,12,34,65,42,43,0,17,0,18,23,30,1,10,0,0,0,0,0,0,42,8,6,4,34
105,0,0,8,9,42,0,0,0,32,27,22,11,40,24,73,39,19,50,16,20,0,0,8,19,0,32,0,0,18,0,0
16,0,0,24,0,0,7,24,16,0,0,95,0,0,9,0,29,1,2,60,250,115,35,0,0,7,29,0,0,25,0,23
62,45,0,56,3,0,37,14,0,5,33,41,34,83,19,53,26,6,43,0,0,53,0,29,8,22,25,0,32,9,0,19
0,0,0,0,9,36,0,18,38,60,45,72,81,28,88,3,115,97,1,144,65,87,0,29,0,33,0,0,17,55,25,0
0,20,23,0,0,2,0,0,0,3,41,0,76,115,102,48,221,25,0,98,46,0,6,0,0,2,0,10,40,0,39,83
0,17,39,16,21,0,18,18,33,0,34,25,26,3,116,58,254,47,0,0,136,53,52,8,18,0,0,0,0,1,0,17
118,30,3,36,0,0,14,38,0,25,32,3,28,146,146,144,73,0,9,210,109,81,0,4,0,10,0,4,0,0,0,10
74,0,3,0,0,0,14,25,20,0,24,28,14,40,159,212,193,8,3,186,178,19,0,0,0,24,7,0,3,13,0,21
202,55,14,4,0,0,8,69,39,2,6,2,0,45,53,64,138,60,0,133,56,0,0,8,132,35,0,0,0,0,22,28
69,32,0,0,28,15,35,19,21,0,0,18,6,0,0,183,92,0,28,87,17,17,81,0,98,0,13,24,45,0,13,36
0,0,8,35,0,0,0,24,0,11,0,17,13,32,91,58,65,0,9,228,54,0,52,155,136,0,0,16,0,17,0,44
73,66,3,0,5,68,37,26,6,18,16,30,10,0,22,131,43,0,18,0,42,46,94,168,33,0,48,13,0,0,0,16
57,0,0,6,3,0,45,8,156,39,24,0,8,0,18,0,0,30,0,0,0,23,76,197,3,0,7,79,31,0,12,0
0,0,1,2,13,0,33,180,167,42,29,11,5,0,0,17,0,7,0,2,4,0,156,158,19,0,66,19,16,0,0,46
0,0,11,0,1,0,30,0,16,218,0,21,17,0,0,22,19,6,12,0,11,0,16,21,0,0,0,0,0,45,0,22
3,0,0,0,0,1,11,0,0,131,28,0,0,21,23,155,0,0,0,0,41,5,0,3,0,17,0,0,1,40,18,12
61,25,41,0,0,13,0,20,28,38,0,0,28,0,0,220,49,0,170,53,140,53,1,0,0,0,0,33,0,0,0,0
0,17,0,0,0,7,0,10,2,0,52,42,38,2,36,204,29,29,73,116,202,97,17,4,142,71,42,27,38,0,6,0
0,62,36,0,0,15,57,0,27,10,11,0,0,22,10,0,18,0,0,19,191,90,65,3,53,20,0,7,0,1,0,0
16,23,0,0,0,0,48,9,8,3,28,18,0,27,11,0,4,0,1,30,80,140,227,97,0,11,0,31,0,0,0,0
16,0,32,10,16,10,0,12,12,5,42,36,0,0,7,0,6,0,0,0,156,128,155,36,0,0,0,0,0,0,3,69
42,0,8,0,7,26,0,23,25,29,0,17,145,17,0,43,0,11,0,0,0,47,124,61,0,0,13,17,0,39,0,6
66,0,16,0,21,7,4,0,48,15,250,111,140,3,0,0,0,0,0,0,0,0,133,21,92,9,32,41,6,7,54,17
22,0,0,0,26,11,9,14,5,37,76,44,49,19,5,27,0,0,9,0,0,0,0,193,4,7,13,0,0,9,10,0
33,0,25,11,0,0,19,0,22,3,69,65,0,0,1,10,0,0,0,0,5,0,6,41,16,6,0,56,15,7,6,10
96,0,15,12,0,0,6,0,0,13,0,5,0,5,0,0,0,0,0,2,0,11,0,0,5,10,27,32,0,0,0,0
26,10,55,9,15,0,11,0,28,0,0,0,1,0,0,0,5,3,10,0,8,8,2,9,4,5,0,11,17,1,0,0
25,18,0,0,0,39,0,0,21,8,0,0,3,7,37,0,4,8,0,18,27,0,0,0,0,6,22,14,7,4,4,0
0,16,0,0,0,0,12,0,14,21,0,0,0,26,32,0,0,3,0,0,0,0,0,0,0,0,0,10,0,10,7,32
68,0,0,1,22,11,3,16,0,0,0,0,35,0,0,68,0,0,4,19,20,0,8,11,17,9,55,0,0,24,0,0
0,22,0,0,20,0,23,36,31,0,9,0,0,25,16,0,13,2,9,37,0,2,0,2,9,11,1,7,35,25,7,0
0,0,0,29,76,1,17,18,37,0,99,30,67,0,25,34,2,7,14,24,13,24,16,0,0,0,0,0,0,0,0,56
124,13,0,0,7,0,14,17,0,0,0,0,27,41,0,179,16,6,20,0,0,0,0,10,0,5,18,0,3,0,0,0
91,0,22,3,0,0,48,0,0,11,11,90,6,0,21,13,19,73,11,34,67,42,17,0,3,33,23,41,26,0,0,0
67,40,2,24,17,0,6,61,17,78,19,24,0,41,16,53,0,38,20,1,19,0,1,10,24,0,44,0,13,27,0,0
13,15,0,0,37,0,0,0,0,70,19,0,4,92,33,0,62,32,128,9,4,0,15,10,16,0,0,0,6,39,0,16
58,0,38,18,17,6,26,9,26,18,12,59,45,88,59,33,105,180,49,48,39,11,1,60,67,59,62,0,0,14,2,18
86,31,30,20,2,0,15,0,16,0,0,0,0,5,46,42,82,86,24,11,112,107,0,2,0,220,0,0,0,45,0,0
0,54,0,6,1,13,0,0,23,0,10,40,0,52,159,27,37,36,72,135,106,61,12,30,20,241,0,57,0,0,0,30
67,82,8,0,31,54,0,0,0,28,69,14,24,3,61,4,68,150,63,120,240,90,0,23,28,153,0,0,45,26,0,0
0,0,0,12,0,11,14,3,28,0,0,9,19,5,23,53,83,47,131,104,145,67,15,0,63,48,0,0,9,0,14,22
111,36,0,0,0,46,22,0,0,12,0,7,0,5,7,28,83,62,62,178,105,17,0,14,169,0,0,0,0,0,0,0
0,0,6,0,0,0,0,0,14,0,0,0,0,0,16,0,208,175,129,39,96,55,0,92,120,0,0,24,0,0,0,0
0,24,0,0,0,0,0,13,0,0,12,0,0,18,0,32,0,66,173,98,38,0,33,20,43,0,29,56,4,9,15,0
99,24,0,41,0,16,0,0,0,0,0,3,0,19,0,0,0,6,219,138,229,0,54,230,106,0,97,62,0,0,0,0
0,22,22,0,0,21,11,15,27,11,18,0,0,0,20,1,0,14,90,8,0,0,64,44,74,46,112,36,0,0,24,0
12,27,0,9,18,0,14,0,0,73,54,120,48,17,4,2,0,0,0,145,34,0,30,68,6,13,32,27,17,0,0,5
0,0,0,0,0,0,16,0,1,0,8,87,162,7,14,0,4,6,0,3,0,23,0,13,9,45,108,42,0,33,0,0
0,0,44,28,41,0,21,35,8,0,16,213,106,0,7,0,11,0,8,0,0,0,0,10,0,95,171,6,26,1,0,14
135,22,7,0,0,0,0,14,32,0,0,212,144,0,0,29,0,35,1,20,0,32,5,0,14,0,0,32,27,0,0,0
0,19,40,32,49,0,59,0,7,0,28,25,157,0,6,0,28,14,14,0,0,0,4,8,0,16,0,0,0,26,0,68
92,0,0,0,0,5,0,43,0,0,0,0,3,26,1,0,29,0,136,0,0,0,9,26,3,16,0,0,0,0,0,0
0,0,0,0,27,21,0,0,0,13,0,0,0,0,0,0,0,0,0,8,9,0,1,187,0,0,0,15,1,0,0,0
0,0,19,10,0,0,18,4,0,0,90,20,0,7,0,0,0,16,0,42,0,0,7,108,251,1,10,0,22,0,0,12
71,20,30,0,55,17,0,0,14,0,0,23,0,0,0,8,6,0,0,0,21,10,0,47,102,139,20,0,0,0,13,4
0,0,1,29,0,23,8,0,3,0,1,20,31,53,80,0,11,14,10,30,14,0,2,18,109,94,0,0,0,0,0,0
0,12,0,21,0,0,0,17,5,0,0,1,94,7,33,24,0,0,7,0,5,0,30,0,0,16,11,34,0,2,0,0
0,0,4,0,22,0,2,0,14,0,0,0,176,36,139,21,3,1,7,0,2,3,0,5,0,21,0,37,33,0,41,85
37,4,38,5,32,14,0,0,0,0,0,0,204,144,123,39,0,3,8,0,0,0,0,0,0,38,4,13,0,0,0,34
80,0,0,0,21,7,0,0,37,5,0,0,0,238,0,31,0,0,19,7,0,0,0,25,0,9,0,0,17,16,0,18
0,0,0,0,0,0,0,0,30,26,0,3,35,0,21,8,18,29,0,19,20,16,29,0,0,0,0,0,0,0,23,0
0,0,0,0,23,15,0,10,28,18,0,35,7,0,28,12,23,11,12,0,0,21,0,4,2,1,11,0,0,38,0,16
0,2,32,0,5,28,8,20,18,20,10,0,0,53,48,0,32,0,0,5,0,0,0,0,0,12,6,0,0,25,0,38
44,31,22,0,42,34,26,18,33,0,76,17,54,6,19,0,31,0,0,8,0,0,0,0,25,24,50,0,30,11,11,32
0,0,0,0,0,15,0,0,0,26,0,10,26,37,0,94,6,17,31,0,22,2,0,0,0,7,0,0,50,0,55,0
0,19,20,24,32,0,0,30,0,0,22,90,0,0,30,5,15,100,0,0,30,20,0,0,0,5,10,0,16,1,0,0
0,0,0,81,0,0,35,6,13,18,0,55,12,0,58,29,0,52,0,39,13,32,2,0,20,0,0,20,19,0,0,0
0,0,90,49,85,0,27,16,53,0,0,19,0,10,8,4,7,0,88,27,8,24,19,0,9,0,0,21,0,0,0,0
32,16,7,21,0,0,0,13,0,0,15,43,39,43,0,31,55,110,0,0,2,39,41,0,8,0,11,40,26,0,0,62
130,0,7,33,0,0,15,18,22,8,0,0,1,17,0,4,0,17,10,0,63,8,10,0,1,10,0,0,21,21,41,0
34,0,0,15,0,0,4,18,0,0,0,12,17,5,0,61,27,25,0,38,11,0,8,0,68,27,6,18,0,0,0,0
0,28,5,0,0,33,0,0,6,28,0,31,42,5,58,0,66,31,57,0,155,0,68,8,0,0,51,5,58,27,26,0
27,0,0,0,20,0,0,9,0,26,0,3,0,0,0,21,18,15,90,13,143,2,12,21,15,0,0,27,144,69,4,0
60,0,0,0,19,0,0,0,0,0,0,0,11,33,0,17,8,51,138,9,71,16,114,0,35,11,0,20,216,5,5,0
116,58,28,0,0,4,1,20,18,0,0,0,6,5,36,0,0,11,36,77,90,24,24,84,66,35,11,0,72,8,0,40
99,0,0,0,0,24,0,0,4,15,0,0,5,0,32,0,41,0,127,67,107,140,18,104,195,0,0,26,131,12,0,19
0,20,46,0,7,2,11,0,0,0,0,5,0,10,0,16,18,4,58,41,78,85,52,20,26,27,16,95,70,0,7,15
0,41,45,0,0,31,0,0,0,0,16,0,19,0,20,0,0,11,28,25,31,34,105,100,131,0,102,79,1,16,0,32
0,0,0,0,8,38,0,29,29,19,48,17,0,0,7,10,0,2,6,22,50,122,63,121,60,0,4,21,0,0,120,0
0,21,13,7,52,0,6,7,0,0,0,12,0,13,16,1,0,0,0,35,4,4,87,208,0,0,120,72,0,38,171,0
0,39,0,3,13,14,3,0,32,0,21,97,27,0,137,0,0,0,0,0,0,0,109,86,23,0,111,203,26,13,41,0
0,25,4,0,7,0,23,1,0,0,26,0,13,25,187,0,13,0,5,0,0,2,0,28,1,0,19,0,5,82,32,0
45,38,1,0,8,0,17,25,8,5,0,24,8,42,109,90,0,14,0,0,17,10,0,0,1,3,0,5,14,245,0,19
29,16,2,5,0,39,0,0,0,48,29,0,24,11,246,162,0,0,0,0,0,0,0,20,0,10,0,0,87,126,0,8
79,0,0,0,0,19,0,20,3,1,25,0,13,0,69,229,0,20,0,12,0,0,0,0,0,0,9,0,0,0,16,0
54,4,45,2,0,0,24,0,19,20,0,0,0,0,8,0,3,25,24,0,0,5,13,35,1,0,0,1,0,9,0,0
0,12,24,11,24,0,0,1,0,0,0,13,0,9,22,0,5,0,0,0,25,8,0,0,13,0,0,35,0,0,11,0
0,0,31,8,0,0,11,0,3,0,0,14,0,15,0,0,0,0,0,12,0,5,0,0,0,29,0,0,12,0,18,0
8,0,0,0,0,0,4,15,21,0,30,5,11,0,0,27,0,0,0,6,0,0,0,17,0,0,0,13,22,10,7,20
41,0,2,0,16,3,0,0,3,0,23,36,0,17,0,0,40,23,0,3,0,0,0,0,10,2,26,20,11,0,0,0
19,35,6,0,0,0,2,15,12,0,0,6,23,0,0,74,0,8,6,0,31,39,8,15,0,0,7,12,6,2,0,21
13,0,0,37,6,38,41,0,0,15,7,20,0,0,0,55,80,0,2,0,33,37,18,0,0,11,0,0,6,7,0,1
72,1,32,50,0,17,0,19,14,53,39,0,0,20,0,16,25,13,13,6,0,0,0,29,0,40,0,32,0,0,0,35
0,39,4,2,38,18,21,9,0,27,0,0,38,19,0,0,0,0,8,49,0,9,0,11,0,1,0,0,0,6,0,22
11,41,0,0,0,0,0,63,0,0,23,0,28,0,0,0,0,25,0,20,1,0,0,0,32,0,0,57,54,0,38,0
0,0,12,23,49,55,0,56,28,14,1,0,38,0,39,16,0,0,19,10,41,5,69,0,5,0,30,0,13,10,0,1
0,0,15,16,4,0,0,0,22,0,0,27,61,61,0,137,8,10,3,0,35,9,1,16,19,3,25,0,25,24,0,0
0,3,0,9,47,0,1,12,0,6,0,64,0,17,0,0,0,0,7,5,17,34,1,0,0,0,0,0,7,13,4,18
7,0,0,6,0,27,0,4,0,51,0,5,0,21,4,32,16,15,29,11,0,20,31,0,0,0,0,38,7,0,0,0
100,0,0,6,22,0,0,8,25,37,0,0,18,3,0,0,55,0,13,49,12,10,0,0,24,0,0,8,0,32,0,3
0,0,0,58,0,0,19,14,4,0,15,24,29,26,0,59,58,0,0,0,4,16,6,4,0,0,24,16,0,10,0,2
0,0,26,0,6,0,0,0,0,34,0,0,10,43,57,0,52,46,8,0,17,0,0,17,0,17,12,0,4,21,14,53
0,0,0,0,0,13,0,17,8,4,0,0,0,20,0,59,2,13,11,40,40,26,0,0,0,0,0,32,0,0,7,0
0,21,23,0,7,0,10,3,5,28,26,65,28,0,14,45,14,3,65,0,120,16,24,0,0,33,0,33,0,0,0,0
0,0,0,26,5,13,0,30,12,0,0,39,10,30,26,44,3,0,29,35,25,52,0,37,0,0,32,0,50,0,5,0
27,0,17,24,0,6,0,0,0,16,12,3,0,0,0,28,0,31,32,31,27,13,62,12,1,1,74,4,24,0,0,28
98,0,4,3,0,41,0,22,0,2,0,13,0,0,0,3,49,37,9,24,2,39,23,3,1,15,18,4,0,25,14,41
92,0,22,0,5,0,0,0,0,15,0,4,0,0,0,1,0,10,101,0,123,117,21,54,38,28,11,15,4,0,11,0
0,0,18,0,48,0,51,0,0,11,0,0,3,19,12,0,15,31,28,0,0,27,61,8,40,0,0,0,5,0,18,5
26,21,0,0,38,0,23,53,48,0,0,32,0,0,0,21,3,0,33,25,34,4,59,80,113,79,40,13,21,0,0,25
0,39,21,2,21,7,11,40,0,6,0,19,10,0,0,0,0,17,0,0,14,11,0,17,16,32,55,0,0,0,8,0
0,0,8,0,0,2,50,1,0,4,0,2,5,3,9,0,9,0,0,0,0,15,10,0,0,16,48,19,10,18,0,0
0,0,22,30,0,0,0,23,3,0,8,37,0,71,0,4,0,17,12,3,40,0,17,0,0,13,58,57,82,7,9,32
0,7,0,14,0,5,17,0,2,23,0,0,11,13,0,0,0,1,19,0,0,13,18,14,0,0,0,8,0,48,0,95
93,0,24,1,24,2,22,6,3,0,0,10,22,14,145,7,31,0,0,0,0,18,0,1,0,6,23,0,12,42,19,87
0,6,0,20,0,22,0,0,7,1,16,0,0,8,116,8,29,0,45,62,23,83,25,9,10,2,14,5,1,0,3,0
65,6,5,0,3,20,0,0,3,0,0,0,24,16,0,0,22,121,65,38,232,225,0,0,0,0,18,16,0,0,0,0
0,0,0,0,32,0,10,0,18,0,11,21,0,0,0,27,26,2,0,27,167,221,0,0,0,0,0,3,0,9,0,35
0,0,1,0,2,1,20,0,0,0,0,0,0,16,0,0,0,2,0,0,11,0,0,0,1,0,0,8,1,6,0,10
10,8,0,11,3,0,0,0,10,7,11,0,0,0,5,12,0,0,0,26,9,9,34,1,0,1,1,0,3,12,0,10
16,0,0,0,0,17,7,11,1,1,5,16,0,4,0,0,8,0,9,7,2,9,0,0,0,6,3,16,17,3,0,10
0,10,3,9,10,0,16,32,0,0,8,1,0,3,0,10,0,0,6,7,14,4,1,0,0,1,8,7,1,0,0,7
1,1,8,15,16,0,11,0,5,0,0,2,0,0,0,5,4,0,8,11,8,0,1,0,6,9,6,0,8,0,17,0
0,3,4,0,0,2,2,0,0,0,0,9,4,9,0,4,0,3,3,10,0,0,0,0,13,4,0,0,0,0,0,0
6,8,12,0,7,1,0,0,0,32,3,0,0,0,0,0,0,0,0,0,0,0,6,2,4,0,8,0,8,1,0,0
0,3,0,0,0,25,4,0,8,6,0,0,0,0,0,0,0,0,2,0,0,3,0,2,2,3,0,2,5,0,4,0
0,1,0,0,0,6,0,8,10,3,47,2,7,4,0,0,0,0,0,6,0,0,0,0,2,3,12,0,2,3,0,3
0,0,0,0,5,0,3,20,2,0,46,0,40,0,10,0,2,8,7,0,0,0,0,7,0,0,8,2,5,0,0,2
0,0,0,0,0,0,19,0,0,0,43,22,16,33,2,4,0,0,0,4,4,4,1,0,2,9,3,0,0,0,0,0
9,0,0,0,10,9,11,6,0,0,9,87,0,2,0,0,11,0,0,0,0,0,0,0,6,8,0,5,0,0,0,0
0,0,1,0,6,0,0,11,9,27,0,5,25,2,0,29,0,4,0,10,0,0,21,8,2,0,15,0,0,10,12,4
18,0,0,0,0,10,0,1,0,20,33,24,6,13,40,2,32,2,0,5,0,0,0,6,0,5,0,0,0,3,0,4
0,5,8,0,2,4,0,0,5,0,3,0,14,22,0,30,56,96,4,0,0,0,0,0,0,0,0,0,0,0,7,20
40,0,13,7,0,0,0,0,6,0,12,2,0,38,29,10,0,34,3,2,3,0,0,0,0,0,0,0,3,0,0,17
33,0,0,3,0,0,0,5,7,0,7,0,0,0,2,28,2,26,0,70,16,0,0,2,3,0,0,0,4,1,4,0
0,0,0,0,0,3,0,0,0,2,10,0,6,7,0,3,42,6,6,1,32,9,0,0,2,0,3,4,3,0,0,0
0,3,9,0,0,0,2,0,4,0,0,6,0,7,0,0,0,0,28,48,1,5,22,14,4,0,7,0,9,0,3,2
0,0,0,0,7,0,0,1,1,0,1,0,0,1,0,10,0,0,0,1,32,22,29,0,0,5,28,4,69,0,5,10
0,0,0,0,0,0,0,6,0,0,4,4,0,0,0,0,45,6,17,63,30,28,1,3,1,0,0,0,35,15,7,21
23,0,3,7,3,0,0,0,10,10,3,0,0,5,0,7,0,0,2,1,63,16,9,1,9,23,52,2,0,3,6,30
0,0,0,4,0,0,5,0,5,4,2,0,0,9,0,0,0,0,0,0,1,0,4,0,18,14,15,0,0,46,12,16
109,6,0,0,0,0,0,5,0,0,1,0,0,9,0,3,0,0,6,0,0,0,5,0,40,12,10,0,0,26,3,42
12,0,10,0,0,8,0,0,5,2,0,5,0,0,5,8,0,0,0,7,0,1,0,5,0,0,1,0,5,25,13,0
25,0,0,0,2,0,1,0,5,2,0,0,0,0,5,12,1,0,14,0,2,0,7,5,10,8,4,0,0,50,3,22
63,0,0,7,0,0,0,1,0,26,1,17,8,26,6,0,0,0,0,2,0,0,0,0,0,0,10,0,3,14,4,1
0,0,11,1,12,5,0,4,0,3,0,8,14,16,1,0,1,4,0,0,4,0,0,0,0,4,2,0,4,8,1,1
0,0,0,0,0,0,0,0,3,12,3,7,45,23,21,6,6,0,0,0,0,0,0,0,0,0,3,1,0,0,0,0
0,0,6,8,0,0,0,0,5,0,0,0,7,0,0,0,22,0,1,29,1,4,2,0,0,0,0,4,0,0,0,0
0,0,0,4,0,0,2,3,0,9,0,0,0,0,0,6,0,3,0,1,0,5,10,0,0,4,1,0,0,0,0,0
0,0,7,0,0,0,0,0,0,0,3,0,7,6,0,1,0,0,0,0,0,0,0,0,2,1,0,0,1,7,0,12
0,1,0,0,0,0,0,0,0,0,0,3,1,1,0,0,0,6,2,0,9,0,4,0,0,2,0,0,5,0,5,0
0,2,0,0,0,0,0,0,0,0,0,9,0,0,1,3,4,0,0,0,0,0,1,0,0,3,0,0,0,0,0,3
0,0,2,4,0,3,0,0,1,0,2,0,0,0,0,0,0,1,0,1,0,0,1,0,7,4,0,0,4,0,1,11
2,2,0,0,0,0,0,0,0,0,0,1,1,0,2,0,0,0,1,3,4,0,2,1,0,0,0,0,2,0,0,14
6,0,6,7,0,4,0,0,0,0,7,1,3,10,0,0,0,2,0,0,0,3,0,0,2,4,5,2,1,4,11,0
0,0,13,0,0,0,0,7,3,0,0,4,0,0,0,2,6,2,8,0,0,0,0,4,1,0,1,0,0,0,0,0
0,4,11,0,1,0,0,6,0,45,0,0,0,0,0,1,3,2,0,0,0,2,0,0,0,4,7,8,0,0,0,0
60,2,0,7,0,18,0,6,0,0,0,11,4,0,9,9,4,1,0,0,0,6,0,2,0,0,0,6,0,0,0,0
0,5,0,1,0,0,0,2,0,0,0,1,5,3,4,0,5,0,0,0,1,0,1,0,0,0,0,0,3,1,1,0
31,0,2,0,0,3,2,22,0,6,62,0,37,0,0,0,0,0,0,0,1,0,1,0,0,0,0,0,0,4,2,9
0,0,0,3,0,0,0,0,1,2,16,10,9,30,0,0,0,1,0,7,5,2,3,3,0,0,0,1,5,1,0,0
0,0,0,6,11,0,0,6,4,0,1,82,0,0,0,3,2,4,0,2,3,2,3,3,0,9,3,0,0,0,0,9
0,4,0,0,31,0,0,0,0,0,4,9,32,0,0,22,0,0,7,0,0,0,0,3,0,0,3,0,0,0,11,0
0,0,10,0,0,0,8,0,0,0,0,17,11,0,13,16,28,0,2,2,2,0,6,0,0,0,0,0,0,11,3,3
14,0,0,0,0,0,0,7,0,2,8,0,21,23,4,40,72,45,0,0,1,0,0,0,0,4,10,0,0,4,0,13
0,0,5,0,0,2,0,0,0,0,0,0,0,14,9,0,14,30,0,7,0,0,3,1,8,0,3,4,11,0,0,2
0,0,9,0,6,2,4,0,12,0,7,0,5,2,0,17,3,2,1,1,15,0,3,0,6,4,7,0,0,0,4,1
2,0,0,1,4,0,6,0,5,3,2,0,4,3,0,18,43,14,30,4,33,0,0,0,0,0,8,6,7,0,0,5
0,1,0,0,0,0,0,0,0,7,0,0,0,1,2,0,9,7,40,22,8,0,2,0,7,0,2,5,0,0,3,7
106,0,0,20,0,0,0,10,0,0,5,0,14,7,6,4,6,25,7,3,0,4,25,5,0,0,10,5,0,6,0,4
0,0,0,0,0,0,12,11,6,0,0,4,0,0,0,1,6,7,4,23,21,0,0,0,0,0,0,0,21,8,0,4
140,12,0,0,0,0,4,0,0,8,6,0,0,1,4,0,8,0,0,5,0,0,2,0,0,2,10,2,36,17,0,31
0,0,12,6,0,5,2,0,2,4,5,0,0,2,3,0,4,0,0,0,5,4,0,0,4,1,5,1,8,39,14,11
0,4,0,0,0,15,8,0,3,1,12,0,5,0,5,3,6,7,0,0,0,6,6,11,2,0,4,0,4,26,0,23
0,4,5,0,0,0,0,0,0,0,0,0,0,0,0,0,0,0,0,0,0,6,6,0,3,0,0,5,7,1,14,3
0,7,0,0,13,0,0,8,8,0,0,7,0,0,7,0,4,2,0,0,0,1,5,0,0,0,0,0,0,4,3,4
76,0,1,0,0,0,0,1,0,5,4,4,0,20,0,7,6,0,0,1,9,3,0,9,0,0,0,0,5,1,6,2
25,0,0,0,0,0,0,0,0,12,4,1,0,4,1,4,0,0,0,2,0,0,0,8,0,6,0,0,5,6,16,0
0,0,0,0,0,5,6,0,0,0,8,4,43,25,36,4,1,4,0,0,0,0,0,1,0,0,6,1,7,0,7,1
0,0,3,6,0,0,3,0,0,0,0,4,13,1,0,0,3,1,0,0,0,0,0,0,0,2,3,0,3,0,0,3
12,4,0,0,3,0,0,0,0,6,0,0,0,3,0,0,5,4,0,4,0,0,0,0,0,0,0,0,2,1,2,0
0,0,0,3,6,0,0,0,0,0,0,1,0,0,0,3,0,10,0,3,0,0,4,0,0,0,0,0,0,4,4,7
0,0,1,1,2,4,0,0,0,5,4,0,5,0,4,2,0,3,0,0,0,1,0,2,0,4,16,0,8,4,0,0
0,0,0,1,1,0,1,0,0,0,0,7,0,0,0,0,4,0,2,0,0,0,5,0,4,0,0,0,0,0,1,0
0,0,0,6,1,0,0,1,1,5,0,0,3,2,0,0,1,0,0,4,1,0,0,10,2,2,5,0,9,0,0,0
9,0,5,0,0,1,1,0,5,5,5,0,4,0,1,1,0,0,1,0,0,6,7,0,0,1,0,0,0,1,0,0
9,0,0,7,1,0,1,2,5,0,0,7,7,0,4,4,0,4,0,7,0,3,1,0,7,4,6,11,0,0,0,7
0,3,0,0,0,11,4,0,2,0,4,0,1,0,0,5,1,1,5,0,7,0,0,12,1,0,1,0,4,0,0,0
