116,32,64,0,28,29,40,0,0,0,10,7,9,0,14,5,15,5,23,0,3,0,0,12,7,0,17,11,0,9,44,0
0,0,0,0,0,0,0,27,0,0,12,0,0,1,0,6,19,32,0,19,0,0,0,9,1,7,0,0,12,1,47,0
0,0,4,0,12,2,8,0,12,0,36,3,0,0,5,0,0,0,7,6,0,17,26,0,10,0,37,0,0,10,36,0
0,0,0,0,16,98,0,17,102,0,19,21,0,18,0,7,0,0,18,11,0,1,18,0,29,2,0,0,0,0,25,0
75,0,0,7,0,0,0,93,59,0,38,0,17,12,0,0,0,0,5,22,23,0,15,0,0,18,0,9,0,0,16,0
53,10,88,29,13,25,29,144,23,0,0,94,0,0,39,0,11,0,6,0,0,13,0,0,0,0,16,0,18,0,0,7
83,6,153,4,3,27,0,4,2,0,0,54,14,0,0,51,40,0,69,16,0,0,46,8,0,0,0,49,0,6,0,0
134,12,66,87,0,8,0,32,124,0,0,34,0,0,5,0,0,0,16,38,39,0,0,6,6,39,0,0,5,10,0,43
122,29,1,0,31,19,6,23,0,9,0,0,25,32,0,10,44,52,30,8,33,0,0,0,6,0,34,0,18,13,29,0
10,0,0,0,0,29,0,5,0,0,7,0,38,0,20,26,6,25,4,0,0,0,7,7,5,12,16,0,22,0,0,0
130,42,36,0,0,51,0,0,2,0,0,31,42,0,0,14,12,9,0,0,14,1,0,0,0,5,0,27,5,51,0,40
0,40,0,6,0,0,0,17,0,2,0,22,16,0,0,28,46,7,9,0,1,9,0,0,0,0,0,7,30,2,0,27
89,6,34,32,0,17,0,0,0,1,25,50,120,5,30,3,37,10,66,0,18,0,0,2,17,16,39,7,46,0,0,0
0,0,0,0,0,0,0,0,0,0,38,48,119,34,0,0,0,0,12,0,18,0,0,9,0,19,0,0,0,0,0,0
84,0,36,0,0,43,27,56,7,0,17,43,213,0,0,0,76,0,24,28,0,0,0,16,0,0,13,0,0,10,0,16
66,33,0,0,0,0,0,0,0,0,16,0,6,14,20,0,8,18,46,0,0,0,16,17,0,0,0,8,0,0,89,0
48,0,8,0,17,0,0,17,0,0,0,3,0,25,11,0,3,7,74,16,0,1,0,0,2,0,4,3,0,33,0,5
0,0,23,0,39,0,19,0,30,1,16,3,14,0,35,14,0,37,0,15,2,0,1,0,0,26,0,6,0,15,0,21
81,0,15,0,5,8,6,0,6,0,1,0,0,23,7,3,19,6,2,13,2,39,13,0,0,2,0,0,11,0,2,16
0,0,4,71,27,68,0,63,11,0,113,0,27,27,5,0,0,12,21,32,0,0,0,0,0,0,0,16,13,0,0,43
0,2,48,0,39,0,0,0,0,0,3,0,14,0,24,19,4,2,33,0,0,0,23,0,2,26,22,13,35,0,3,7
39,7,1,10,0,1,0,0,0,0,0,31,0,0,21,0,5,1,2,0,0,6,5,21,4,0,0,0,6,19,0,12
0,0,4,0,0,31,18,0,0,6,0,0,14,0,72,52,0,0,5,0,16,0,0,10,0,4,0,0,0,14,13,3
0,21,17,0,23,25,0,0,8,0,11,0,6,0,139,0,0,0,0,0,0,0,0,0,0,0,0,20,0,0,44,0
0,0,0,33,0,0,0,3,32,5,11,0,27,7,0,20,0,1,0,0,5,13,32,0,0,3,6,0,0,0,0,4
0,1,0,125,122,208,8,0,0,0,0,16,25,3,0,96,0,3,0,0,0,18,0,10,0,30,0,6,25,33,30,0
19,10,0,11,160,199,41,8,25,22,0,0,9,9,9,44,16,4,29,0,0,0,0,10,21,8,10,2,0,0,37,3
0,0,58,104,23,34,21,21,0,0,10,0,12,20,51,20,0,10,0,0,11,0,20,5,13,0,22,0,29,0,0,13
120,1,0,252,129,31,31,0,0,0,11,0,33,0,0,0,0,0,0,4,0,20,22,0,14,0,54,1,45,0,0,42
0,0,3,27,195,231,14,24,21,0,20,28,46,5,10,0,1,9,0,0,19,0,19,0,8,0,1,0,0,11,8,0
53,0,0,0,0,0,0,0,1,6,0,15,0,12,28,6,0,1,41,11,3,8,2,19,0,28,0,0,0,0,1,0
0,27,29,0,0,0,12,17,37,0,0,1,0,0,0,10,0,0,7,0,0,25,5,0,0,6,0,24,24,0,0,0
24,0,51,30,26,0,39,22,0,10,62,0,30,20,6,0,62,29,28,17,5,1,0,0,4,49,0,5,0,22,11,0
0,24,19,0,0,0,9,16,0,0,0,0,5,3,1,0,4,27,0,0,18,19,26,0,34,2,19,26,21,0,15,33
0,0,0,5,0,0,0,15,0,0,0,24,1,0,6,16,0,1,0,0,0,17,22,4,20,0,19,1,34,11,0,0
0,0,47,0,0,0,38,2,168,18,50,0,0,0,0,4,0,9,0,0,2,7,9,0,20,0,0,0,0,0,12,0
90,5,18,25,0,0,29,0,247,0,16,0,0,0,20,0,5,29,0,9,0,7,4,12,0,0,14,21,0,0,47,0
98,0,0,12,16,0,13,14,186,81,27,39,0,0,0,10,21,0,20,0,0,28,0,0,0,6,0,0,0,0,0,1
0,0,33,118,27,0,0,58,0,65,50,30,26,52,25,0,28,0,0,0,27,0,26,0,22,0,45,22,19,0,0,31
0,0,0,214,69,0,0,3,56,82,0,0,25,0,12,22,0,0,24,60,0,0,0,24,0,16,0,0,23,28,15,0
189,18,19,98,134,0,69,22,9,72,0,0,12,0,5,20,55,7,60,10,0,0,23,0,0,0,0,0,58,0,0,50
0,0,1,26,225,0,5,33,82,7,0,19,32,0,32,78,20,20,0,0,0,56,0,0,33,29,0,11,2,0,16,126
0,0,0,14,76,45,0,23,0,52,239,12,18,51,178,36,6,0,0,0,11,6,32,0,28,8,62,0,0,0,0,14
0,25,0,0,17,42,0,11,12,43,22,0,43,47,64,0,50,1,0,2,17,0,0,8,0,22,0,0,9,25,0,5
0,7,13,0,35,46,0,0,12,0,63,0,60,91,201,25,0,0,48,1,0,0,24,0,0,0,14,0,31,0,19,5
95,0,25,0,37,23,6,0,0,11,33,7,0,109,223,0,14,0,3,0,16,25,15,0,34,1,0,30,0,37,0,16
0,5,41,25,0,0,0,16,0,0,5,0,92,38,171,0,36,16,20,0,0,4,0,0,0,0,0,0,33,41,21,0
0,0,49,0,13,11,23,0,20,0,8,0,0,0,32,0,0,8,13,15,3,20,24,5,0,0,0,0,12,4,32,0
0,0,2,5,0,0,16,0,28,25,9,32,4,5,16,13,74,23,28,11,0,22,0,7,0,0,54,0,0,22,3,18
0,0,194,0,9,11,15,0,0,2,0,0,0,0,0,16,0,5,10,0,19,2,0,0,15,11,0,0,15,13,0,21
0,0,66,9,25,0,0,16,0,0,0,20,37,0,15,46,9,0,0,0,21,33,22,0,17,1,0,0,0,12,0,19
5,49,122,0,33,0,0,0,0,22,27,0,25,187,98,40,4,0,0,17,0,0,0,35,5,11,37,35,21,0,28,0
0,22,0,16,0,0,0,16,9,0,0,1,0,0,203,35,91,1,6,0,5,3,0,4,15,14,18,0,0,0,0,0
0,0,7,38,22,8,0,0,0,0,0,0,4,14,231,193,111,107,1,9,12,0,0,29,0,0,6,11,2,0,0,0
0,0,0,12,21,0,14,0,46,0,29,18,9,0,36,38,170,247,51,0,0,26,0,9,0,0,0,0,0,31,0,0
92,0,31,0,0,0,0,0,0,0,0,0,0,0,5,5,47,0,8,0,2,6,27,17,0,0,13,0,16,0,0,0
0,20,0,0,18,31,14,49,0,0,32,6,22,0,0,1,85,63,35,0,21,18,0,9,5,23,0,0,17,32,0,0
0,0,0,0,0,223,205,51,4,9,0,28,0,0,0,0,0,0,0,36,6,8,0,0,5,2,1,27,63,0,0,0
40,22,0,0,112,13,241,118,0,0,4,24,39,1,26,0,0,33,38,12,7,0,12,8,0,12,23,22,41,0,14,0
0,27,0,0,17,158,225,120,0,20,0,36,0,11,23,21,0,0,0,6,11,11,4,0,0,20,0,2,0,3,11,21
0,0,0,0,0,59,48,0,17,2,45,0,35,0,0,42,0,5,33,18,13,0,0,0,0,0,0,0,3,0,4,0
0,16,5,7,0,13,0,0,4,0,0,20,12,0,0,0,19,0,0,6,13,12,12,14,1,0,20,0,0,0,0,0
20,11,0,7,0,0,11,0,5,3,0,9,8,17,5,0,15,8,10,0,1,2,0,4,0,0,0,39,0,0,0,0
1,3,1,0,28,38,0,0,0,18,0,0,0,6,0,28,19,0,0,12,12,0,8,0,0,0,0,0,0,0,2,0
0,52,0,0,0,0,0,0,6,12,0,0,2,14,33,0,0,21,29,0,0,32,7,0,0,0,0,0,0,0,13,0
0,0,18,9,31,0,3,18,51,0,8,0,3,2,0,0,0,0,26,0,28,0,2,0,23,20,11,6,0,0,1,27
2,5,3,0,0,0,0,42,15,17,0,0,0,0,0,33,0,11,0,1,7,0,26,0,0,0,0,0,0,21,4,0
4,0,0,8,2,3,0,0,0,10,23,54,240,12,13,0,0,0,5,3,0,0,0,12,1,0,14,10,0,0,14,0
82,2,0,14,11,0,25,0,0,0,54,89,75,42,29,55,0,0,21,14,11,24,1,0,12,49,0,0,27,2,0,69
16,0,3,38,13,69,61,160,0,0,97,143,133,0,26,48,2,6,36,0,41,11,0,1,0,0,20,26,12,0,28,0
0,31,10,22,0,82,65,140,67,0,0,2,0,43,25,0,0,0,0,0,0,0,0,37,0,24,13,0,0,0,4,0
0,0,0,0,0,73,129,14,62,16,29,0,0,70,34,6,24,0,0,6,11,0,0,6,21,0,0,0,0,43,0,8
17,71,35,0,26,0,58,18,48,23,32,6,66,136,68,4,0,17,9,0,11,0,11,10,4,0,7,0,0,0,0,0
100,27,0,0,0,37,65,33,153,84,24,26,67,106,196,4,21,72,0,0,0,22,0,0,0,0,15,16,14,13,0,0
20,0,0,0,0,7,0,75,0,55,14,1,0,110,65,0,31,0,84,11,32,0,0,0,0,16,0,24,0,0,0,0
86,0,5,9,30,11,10,35,91,212,16,0,0,11,165,29,130,63,78,84,1,0,0,17,0,4,0,7,43,0,35,35
0,0,0,0,0,45,0,20,110,51,0,0,55,40,97,4,31,7,88,186,0,26,3,0,0,13,57,0,46,31,0,0
0,29,15,0,31,26,30,0,27,47,177,0,0,43,0,0,10,38,149,159,0,14,0,0,0,0,2,11,29,37,0,0
47,0,11,17,12,0,0,41,0,9,1,31,7,46,18,0,169,75,48,93,32,10,0,8,26,0,19,22,0,19,0,0
0,0,0,7,21,17,0,5,0,12,6,0,0,15,0,21,10,2,0,4,3,0,19,0,0,0,7,0,0,23,31,57
45,0,14,0,0,70,31,0,3,0,1,28,0,0,0,0,22,0,0,5,6,0,22,30,0,0,13,0,0,31,15,32
0,0,14,0,57,12,61,0,0,29,11,0,0,21,28,0,12,0,22,0,0,0,0,0,3,0,3,34,19,0,25,17
73,0,1,85,32,40,35,14,0,11,6,16,23,30,17,77,45,18,204,32,11,0,3,0,0,25,0,13,36,35,0,64
57,25,0,0,0,0,0,0,45,0,0,64,0,0,0,0,215,13,124,121,153,0,23,0,50,17,0,20,43,28,27,8
0,0,7,14,1,5,14,52,5,0,0,3,12,0,0,14,0,68,135,87,17,211,63,27,5,22,20,0,4,0,0,0
92,15,0,13,0,16,11,0,0,24,17,0,0,27,0,0,61,0,221,14,204,144,8,0,0,0,0,3,24,50,2,0
10,27,23,0,44,0,0,5,0,25,0,17,17,0,12,0,49,5,44,17,94,211,38,0,0,48,18,6,9,0,24,16
0,15,0,0,6,0,29,39,18,3,9,9,10,7,0,0,0,28,92,39,196,21,48,0,27,0,22,10,0,0,4,26
0,32,36,0,0,0,0,0,16,119,121,189,87,0,3,25,1,30,14,0,49,230,0,0,40,17,0,0,0,1,5,80
0,0,7,0,0,0,10,0,58,67,127,22,0,0,0,23,0,8,0,3,0,48,7,0,0,0,0,0,0,0,0,0
0,0,0,22,0,0,41,53,22,38,17,85,30,0,0,0,8,16,0,0,21,0,31,0,18,4,0,3,0,4,10,9
0,0,0,24,0,0,5,4,14,25,0,20,22,0,25,0,27,0,0,22,22,0,9,0,19,3,0,1,48,3,11,70
44,0,21,0,1,16,18,30,8,1,82,0,13,33,0,0,27,0,19,37,0,11,5,0,0,10,14,30,16,0,29,46
0,0,0,7,0,19,0,16,0,0,7,53,2,50,2,13,0,0,0,0,4,26,38,0,8,0,0,0,0,0,0,49
30,8,45,0,36,14,38,0,0,0,0,0,0,0,24,3,0,0,5,0,34,0,36,0,13,13,0,70,0,0,11,2
0,0,35,25,63,0,26,0,29,20,0,5,6,0,6,23,0,0,0,30,24,0,16,11,0,41,0,0,23,0,0,0
0,0,9,0,44,2,16,35,0,0,63,7,32,0,6,17,14,14,0,0,16,6,27,7,26,12,17,22,11,0,53,27
0,0,25,20,14,10,0,6,11,11,5,0,4,6,7,0,4,0,0,0,13,0,0,12,0,0,19,0,5,7,28,65
0,45,0,28,38,0,0,0,17,0,16,40,4,19,9,48,0,11,25,0,0,10,10,0,0,1,32,1,0,0,0,7
2,28,5,20,13,0,0,0,0,0,0,0,20,22,22,0,7,135,66,12,41,0,0,22,0,0,84,0,46,0,25,28
71,0,0,12,26,36,32,0,0,34,24,0,6,13,15,112,23,115,66,0,0,13,0,0,7,0,37,34,2,0,22,0
0,68,11,10,0,17,16,1,0,4,0,84,78,24,76,0,33,110,77,0,17,19,0,19,33,0,7,0,0,16,6,0
0,0,22,36,24,10,0,0,0,27,94,0,6,185,5,0,28,29,208,174,0,8,0,0,27,40,0,13,0,0,9,0
16,0,9,0,0,10,15,0,47,55,61,27,28,189,201,0,28,41,23,209,0,0,0,37,23,5,0,0,0,54,6,0
0,0,17,32,0,0,0,106,0,1,39,118,42,81,200,0,2,113,46,42,9,30,29,0,17,12,0,21,0,0,0,0
38,0,0,4,0,18,0,0,30,22,27,10,22,48,74,4,3,0,121,188,0,5,12,55,21,20,17,6,0,0,0,0
0,0,0,0,0,0,33,54,19,14,46,30,8,156,71,36,0,7,6,117,0,0,20,97,2,8,0,34,2,41,24,4
0,0,62,46,0,0,0,0,0,43,0,69,59,0,157,244,0,0,61,72,0,52,157,34,108,27,0,0,37,30,5,0
112,2,0,7,0,6,0,36,0,5,10,0,19,57,69,96,0,0,65,24,4,0,12,22,86,0,0,0,0,30,0,39
0,19,0,0,0,0,0,0,0,0,23,30,14,10,0,9,0,59,48,16,43,21,75,167,78,3,15,0,4,5,21,0
81,0,8,33,18,0,0,0,0,36,35,29,5,39,0,0,48,32,3,5,7,0,7,53,27,0,0,13,0,0,30,30
30,0,6,0,8,0,0,30,0,10,56,72,0,0,13,9,0,8,0,0,0,0,6,4,2,0,38,16,0,0,12,0
0,0,0,0,0,0,0,10,28,0,99,147,1,0,4,0,9,0,0,0,0,38,4,0,27,42,9,0,0,0,0,56
20,0,37,35,6,0,4,44,3,0,3,33,12,0,9,0,144,241,74,68,0,34,110,119,0,15,0,0,0,26,9,33
0,38,16,0,0,0,0,17,2,0,0,0,42,16,19,0,6,167,15,54,228,137,255,99,1,63,0,0,0,39,14,103
7,0,17,0,26,0,28,25,0,0,0,27,19,0,19,0,2,10,0,26,97,35,188,77,216,18,22,0,0,25,0,119
0,36,40,0,24,36,0,3,45,9,3,0,9,0,0,0,0,2,12,29,94,92,120,101,226,235,25,0,0,3,2,0
89,25,7,25,0,28,35,49,0,32,52,4,12,0,0,14,46,0,11,0,0,223,95,155,3,181,0,27,0,0,0,0
0,24,0,0,0,0,0,22,8,0,0,17,6,0,0,0,0,0,0,0,2,65,0,77,87,48,14,10,0,0,0,0
0,10,0,6,0,5,7,0,0,0,18,0,5,169,77,7,0,14,0,17,0,25,13,0,33,30,0,5,0,0,46,0
30,15,44,0,25,46,17,17,0,17,0,0,0,195,107,177,23,10,10,0,0,13,35,25,0,13,0,0,24,0,7,0
107,29,20,32,0,0,0,0,0,0,22,3,129,60,0,0,0,0,0,0,11,6,12,42,10,0,34,0,8,0,0,77
72,0,0,0,0,29,25,0,0,0,33,54,2,82,0,3,0,4,30,0,0,0,0,1,0,13,20,0,0,0,9,0
0,0,25,0,0,0,45,29,17,19,0,0,0,0,15,4,20,0,0,0,0,0,0,0,21,0,0,0,39,0,52,53
107,19,27,7,0,0,39,17,0,0,10,0,5,5,20,0,3,1,33,0,30,0,0,21,3,0,5,6,0,22,56,0
22,0,0,7,19,9,0,0,15,0,0,23,0,3,0,0,0,14,0,2,0,0,0,6,0,13,9,0,32,0,4,60
66,0,17,22,0,0,0,27,0,0,0,0,0,8,19,8,10,0,0,12,24,0,6,4,0,10,28,0,0,16,0,67
0,9,0,0,22,46,0,0,0,7,11,0,23,10,0,40,0,0,0,22,10,16,5,0,19,26,7,0,28,0,0,30
0,29,0,31,0,19,0,0,0,13,0,0,11,4,3,0,0,0,29,11,0,16,22,23,1,5,28,0,0,14,3,12
9,0,0,29,27,0,0,0,0,0,3,0,23,0,0,12,0,13,19,0,0,0,0,6,0,11,23,0,31,0,75,0
0,47,0,28,14,0,29,38,17,0,23,16,0,0,0,10,0,5,25,11,19,9,53,217,22,36,0,0,0,0,1,34
0,3,0,3,0,31,0,9,4,18,0,0,0,0,0,1,0,16,34,0,0,0,0,230,0,0,27,13,1,31,32,56
0,0,59,0,0,7,0,6,33,0,70,1,22,0,0,72,0,92,219,125,0,10,156,90,2,5,0,0,2,0,0,27
0,26,38,11,18,37,0,39,0,18,0,88,35,0,0,0,50,131,222,71,71,0,140,95,37,9,0,0,3,12,14,55
0,38,15,0,0,57,36,9,0,83,12,20,48,37,20,69,80,21,98,238,30,0,145,67,240,0,11,1,0,33,82,0
0,0,19,16,0,7,0,0,0,0,20,26,19,4,76,0,26,28,141,103,0,5,92,15,36,0,0,0,0,21,0,0
0,0,0,10,0,3,32,20,2,0,29,82,0,65,42,56,81,145,74,4,0,0,23,52,102,2,5,21,0,0,0,0
118,0,0,17,0,3,9,0,0,24,11,0,0,0,88,0,0,65,53,0,12,0,57,29,28,37,8,0,38,0,0,0
87,0,37,64,0,0,0,21,68,0,0,22,10,54,6,34,0,13,30,20,72,0,59,195,141,108,31,24,9,0,0,65
174,20,6,0,78,0,25,0,0,35,0,4,0,5,8,0,116,7,55,105,25,0,5,8,0,1,78,48,98,0,30,25
72,0,0,29,0,0,0,16,32,0,0,0,23,0,20,26,0,0,77,0,0,5,0,2,18,32,12,1,178,119,0,0
12,20,44,0,41,49,45,0,11,5,39,4,0,0,12,3,18,0,32,0,0,54,0,0,15,34,46,27,154,0,7,0
60,52,6,0,8,0,0,1,28,6,15,0,0,0,224,254,9,21,3,0,0,13,7,20,0,0,0,0,0,0,6,0
114,23,16,1,29,0,37,20,3,0,32,28,17,0,13,174,33,9,15,0,32,23,36,17,5,0,22,1,4,2,32,38
0,22,0,12,0,0,0,43,17,12,1,13,0,6,0,60,8,4,0,2,0,192,238,6,6,0,0,7,0,0,9,64
148,0,0,0,0,0,6,0,1,31,0,0,0,20,0,16,2,0,12,38,15,166,45,38,111,26,112,32,20,0,15,64
73,0,0,46,0,0,0,13,33,0,0,35,21,0,0,8,4,0,13,39,8,89,67,88,42,112,122,183,0,6,6,127
69,0,33,0,41,20,1,0,0,32,0,0,0,23,19,0,21,23,23,0,0,25,54,107,23,51,41,181,137,0,0,18
0,0,28,0,0,0,11,0,23,12,3,0,26,0,0,10,17,0,2,0,81,59,97,47,43,134,223,99,56,14,19,15
0,66,0,0,4,0,0,20,0,12,4,0,0,0,0,61,0,5,25,11,3,13,14,16,16,12,31,72,21,0,0,1
147,1,0,7,24,0,22,17,0,0,32,0,16,20,28,0,59,52,38,80,0,9,0,0,7,1,21,12,21,0,2,0
0,0,14,22,10,0,0,0,12,12,3,0,0,0,0,24,104,41,4,198,3,19,0,0,0,0,0,14,0,0,0,0
0,0,37,44,0,10,0,0,0,33,9,0,0,14,16,53,3,130,46,0,0,29,0,0,0,0,0,31,0,0,0,25
0,19,0,22,11,30,0,0,0,0,0,13,44,0,20,11,49,53,0,0,0,31,0,0,3,0,1,1,8,16,5,23
0,0,19,6,0,6,0,0,0,0,24,12,0,3,28,0,4,29,0,0,0,0,0,0,8,0,67,7,22,0,0,33
0,0,47,0,0,0,4,47,9,0,59,4,10,15,0,26,0,0,14,0,26,0,34,0,20,44,12,0,0,0,0,0
59,30,25,11,0,7,0,0,0,3,0,20,4,0,3,31,3,17,0,5,11,0,0,0,0,6,0,19,0,0,7,0
43,0,0,0,1,0,0,0,6,0,18,0,0,6,0,0,0,26,20,0,2,0,0,0,25,0,0,0,10,0,0,0
65,0,2,0,32,3,0,0,19,15,0,0,7,32,0,0,17,0,0,3,0,0,23,57,4,0,0,0,6,20,49,0
3,37,20,0,0,8,0,8,7,0,3,24,66,0,13,31,6,0,0,18,26,0,0,11,0,10,0,0,0,0,0,11
0,14,16,0,0,2,22,0,0,19,0,0,8,16,0,0,0,0,0,0,0,0,0,0,6,15,7,0,0,0,0,29
41,0,25,1,23,5,0,28,26,0,29,0,0,6,21,0,3,7,8,0,0,27,33,32,0,17,37,0,0,39,0,0
37,46,1,0,0,7,0,28,0,18,0,0,11,0,0,0,23,0,0,6,0,0,0,0,9,4,0,0,14,0,0,17
0,0,28,2,47,16,0,0,5,2,16,1,18,0,0,1,56,0,13,28,0,0,18,0,14,58,222,14,2,0,12,0
0,0,0,40,0,0,20,42,24,0,8,0,19,24,22,5,0,0,0,16,0,6,17,3,22,33,64,0,0,0,0,24
20,0,0,2,0,13,0,17,7,0,0,83,6,23,0,0,29,81,10,96,126,43,141,71,51,55,171,0,0,0,9,9
0,20,0,0,0,0,49,0,0,39,0,0,56,16,0,87,6,82,0,0,9,6,110,65,210,32,232,30,23,0,4,0
0,0,0,43,44,0,0,5,20,34,0,13,6,17,0,35,0,14,190,102,79,0,91,0,70,63,171,3,0,5,11,15
80,16,0,0,33,3,42,10,0,0,39,0,1,51,13,108,105,99,118,0,59,0,37,69,124,44,0,0,7,19,4,0
0,0,10,19,0,0,0,31,79,40,0,0,20,27,35,26,20,31,74,0,34,75,90,41,28,19,0,3,7,49,31,0
0,0,0,51,1,0,0,27,0,4,17,2,0,0,0,16,0,0,12,3,0,22,0,95,26,25,0,0,29,13,2,17
51,0,4,32,0,20,0,0,0,0,0,0,0,2,0,0,9,0,0,0,44,72,0,0,15,17,8,0,0,14,0,8
88,20,0,0,0,6,29,18,4,0,16,0,0,20,0,0,0,8,6,124,71,152,0,26,0,20,0,7,7,0,0,0
0,0,0,23,22,0,16,0,0,0,0,0,0,0,0,0,0,0,31,17,216,159,1,0,5,0,0,0,0,5,0,1
95,7,0,0,20,0,0,1,15,19,0,0,0,0,19,21,92,9,0,61,2,0,41,19,0,0,29,25,14,5,0,0
0,0,29,9,9,0,0,21,13,0,0,0,1,14,0,0,18,0,49,0,0,12,0,5,0,0,5,0,0,11,0,0
93,0,0,18,16,0,1,0,4,33,23,8,0,0,17,35,40,0,8,0,7,29,4,0,0,7,28,0,11,6,3,18
0,0,2,0,0,0,8,14,35,23,16,17,3,0,0,0,5,0,0,1,13,33,57,25,25,9,0,26,0,0,0,0
0,0,0,0,12,19,0,8,16,3,36,4,5,0,0,0,16,0,2,0,19,0,0,0,8,6,0,0,0,3,2,36
0,0,1,0,35,0,0,27,0,0,17,0,25,3,10,20,2,0,2,27,0,44,0,41,25,0,0,22,12,1,3,1
18,10,16,0,0,0,0,0,0,2,0,47,0,0,0,0,14,0,24,0,74,214,20,30,24,16,5,0,2,0,2,34
70,3,7,12,0,0,0,22,0,0,0,6,0,0,0,6,0,6,46,14,32,91,53,13,0,5,0,0,0,0,0,0
62,0,0,0,0,4,0,10,0,4,0,0,0,3,0,0,5,0,9,199,236,51,168,48,7,4,15,22,1,24,0,2
124,0,31,17,4,13,0,0,0,6,3,6,0,0,25,0,78,12,8,48,129,99,179,0,0,0,0,0,0,0,0,44
0,0,11,16,11,0,18,22,16,0,0,25,0,7,0,33,0,6,23,53,41,212,28,0,12,0,2,0,3,0,1,0
93,13,1,0,0,26,13,0,16,0,10,0,57,10,14,17,0,9,35,0,63,92,41,9,0,26,9,0,8,0,10,1
54,22,15,1,4,0,0,18,0,10,0,0,6,14,35,0,3,0,7,0,0,34,0,5,0,8,10,5,0,0,6,0
0,16,7,0,3,36,2,10,0,0,0,1,3,0,7,0,0,22,18,0,2,0,0,0,27,0,24,0,9,0,0,20
0,0,0,0,0,0,12,25,30,0,29,24,12,25,17,5,0,12,0,7,12,5,21,0,0,0,7,2,0,12,4,0
0,0,15,0,8,0,0,16,6,0,0,16,4,0,2,0,0,3,0,0,16,10,19,7,11,12,22,17,0,0,0,0
6,2,2,0,9,13,14,48,0,0,33,9,0,0,0,40,0,0,0,16,12,33,3,1,11,0,0,5,0,0,0,0
8,9,0,0,44,0,11,5,0,0,0,13,4,6,9,13,0,3,0,16,0,0,4,0,0,0,17,34,13,6,0,36
10,0,0,0,3,1,0,0,5,6,9,0,0,0,0,0,1,2,11,0,0,0,13,0,0,2,0,0,0,1,3,0
0,0,0,1,2,0,0,0,0,4,7,2,0,0,2,0,3,0,0,0,1,0,0,0,2,6,2,0,7,0,0,0
0,0,1,7,0,0,0,7,6,0,8,2,0,11,0,0,14,0,0,0,3,1,0,0,0,0,14,0,4,0,4,2
2,0,5,0,2,1,0,0,0,3,0,0,2,0,8,0,0,4,0,1,0,0,0,1,0,0,8,5,5,0,0,26
0,0,12,2,0,0,3,0,11,3,26,0,9,8,3,5,2,0,3,0,1,5,0,3,0,0,4,0,7,0,0,5
0,1,4,5,1,57,12,9,6,0,12,68,0,0,0,0,5,0,0,11,17,1,0,39,6,0,0,1,0,4,2,6
6,0,0,1,13,12,0,1,2,44,0,1,0,0,0,17,4,52,0,0,12,0,56,22,76,4,8,0,8,11,0,0
11,1,0,3,0,10,24,0,8,34,0,50,33,12,38,0,15,0,124,33,0,55,18,5,22,4,13,12,0,0,0,0
12,0,0,5,0,0,6,0,0,12,11,0,30,0,9,54,32,117,10,26,7,51,8,112,0,0,0,0,0,1,2,0
0,0,16,5,0,0,0,0,102,0,0,0,8,5,27,3,0,43,0,1,20,42,22,0,6,5,0,11,16,7,0,0
0,6,0,0,0,1,3,44,19,0,0,0,0,1,0,0,0,0,2,13,0,0,0,60,0,1,0,0,2,0,0,0
86,0,16,4,0,0,0,3,0,0,0,0,0,8,0,0,30,0,30,6,30,0,34,2,0,0,0,0,0,0,5,9
0,0,5,3,4,0,0,0,0,2,0,1,5,0,1,8,0,4,52,44,0,0,0,2,7,1,0,0,10,20,0,0
0,0,0,1,0,0,0,0,5,3,0,4,0,0,0,0,0,1,3,2,0,0,7,2,0,8,7,0,5,9,0,0
0,0,0,2,7,0,5,0,0,5,13,0,0,1,0,0,169,41,16,55,1,0,3,0,0,0,2,15,8,0,0,19
78,4,4,1,0,12,0,2,0,4,0,0,0,0,6,4,0,4,26,0,0,0,0,0,5,0,6,3,1,1,0,0
0,0,10,2,0,0,0,8,0,0,10,0,4,1,0,0,2,7,0,0,7,6,7,0,0,0,16,0,0,0,0,14
0,2,0,4,0,0,0,7,5,0,19,0,0,4,0,0,2,0,4,1,3,0,0,2,0,1,0,0,0,2,12,0
4,4,8,1,0,0,0,0,0,0,0,4,0,14,2,0,3,3,0,2,0,2,0,1,0,0,1,2,0,0,2,17
0,0,0,3,0,0,0,0,0,2,0,2,0,10,0,0,2,8,0,0,0,7,0,1,0,0,2,0,0,10,0,0
0,0,0,5,1,0,0,2,7,4,2,2,1,3,0,0,1,0,0,0,35,67,0,1,3,0,0,2,3,0,3,0
13,0,0,0,0,0,0,0,4,0,1,9,0,4,0,3,3,0,0,0,0,0,0,0,0,0,0,11,3,1,2,0
30,3,7,0,1,0,1,0,8,0,0,0,5,0,0,0,0,0,73,0,48,0,2,3,2,0,8,0,3,5,0,0
33,0,0,3,9,0,0,3,0,3,0,1,10,0,0,13,24,36,27,27,0,3,0,10,0,0,0,0,7,0,0,0
25,0,0,3,0,0,1,1,0,0,0,0,0,4,0,0,1,0,6,0,0,0,1,4,0,0,0,0,0,0,0,0
0,0,0,0,0,0,0,0,0,4,0,11,0,0,0,8,0,0,4,0,2,0,1,4,1,3,0,0,7,0,0,0
9,0,0,1,10,0,0,0,2,0,9,0,0,0,5,0,8,0,0,2,1,4,1,10,0,2,0,0,7,0,8,2
0,0,3,0,3,3,0,0,0,0,12,2,1,0,12,7,5,0,0,0,0,0,0,6,0,0,2,0,0,0,0,7
0,0,0,0,0,0,0,0,0,2,0,7,0,4,0,0,4,2,0,1,0,0,1,7,2,0,0,0,2,3,0,0
0,0,6,0,11,1,0,0,4,0,8,0,5,1,1,13,0,5,0,8,0,2,4,2,2,0,0,0,0,0,0,0
0,2,0,7,0,0,9,0,0,5,0,0,0,0,14,4,7,0,0,0,3,0,0,0,1,0,1,0,0,15,1,1
4,4,9,0,0,0,0,0,1,3,0,3,0,0,7,0,5,4,0,14,0,1,0,4,0,0,1,0,0,0,0,0
22,4,8,0,0,0,0,0,5,2,0,0,0,0,0,0,1,0,5,0,4,0,0,0,2,0,0,0,0,2,0,0
0,0,0,4,0,0,0,3,0,0,0,0,1,0,0,8,0,0,5,0,0,0,0,0,0,2,1,1,0,3,0,13
0,0,2,10,0,0,3,4,0,1,0,0,7,0,0,2,0,0,2,0,0,4,2,0,0,0,0,5,3,1,0,0
0,3,0,0,0,0,1,3,10,0,0,2,0,5,2,0,7,0,3,0,0,0,0,0,6,0,5,1,0,0,11,10
0,0,0,0,7,0,7,1,3,2,14,6,0,5,5,0,0,2,0,1,0,0,0,0,0,0,4,4,2,0,11,7
23,2,0,0,0,7,0,2,0,0,0,74,0,0,1,7,27,0,5,0,2,7,0,0,0,3,9,1,0,7,2,0
80,3,0,0,4,35,10,0,0,6,0,14,28,0,3,31,11,0,26,0,2,0,0,13,0,0,10,10,0,15,14,0
0,0,2,1,5,6,12,10,0,26,18,18,0,8,0,26,33,8,85,1,5,0,19,7,11,0,7,34,2,8,5,0
0,0,28,3,11,0,0,7,0,11,1,2,5,40,3,37,65,59,6,5,1,13,32,0,5,4,5,0,0,0,0,5
0,0,0,0,0,4,0,0,98,0,2,5,0,0,1,27,0,17,0,0,0,18,16,6,5,0,7,0,4,0,0,0
0,0,0,0,0,2,0,1,18,0,0,0,0,5,1,1,10,0,6,49,20,3,0,10,1,0,3,1,3,2,5,11
81,0,7,9,0,3,2,5,0,0,0,8,0,0,7,11,13,2,0,0,50,0,0,0,0,0,0,0,2,0,0,3
0,0,0,2,0,0,0,2,2,0,3,0,9,0,1,0,0,0,61,42,11,7,0,1,3,0,7,5,0,0,2,0
0,0,0,3,0,0,7,2,0,4,0,0,0,10,0,2,0,8,6,3,2,0,0,1,0,0,0,0,1,0,4,0
0,0,0,0,0,11,4,7,7,0,8,1,1,0,12,2,164,3,1,17,0,0,3,0,0,0,5,14,4,7,0,0
35,0,17,0,0,2,0,0,3,0,1,2,1,0,0,0,5,0,0,0,5,0,4,0,0,0,1,5,1,0,0,6
25,0,10,0,1,4,0,0,0,2,0,0,0,13,0,0,0,0,0,5,2,0,2,0,0,4,0,0,0,4,0,0
9,1,1,0,0,0,2,1,4,0,8,4,3,3,4,1,4,0,3,0,9,5,4,0,7,2,0,1,0,0,0,3
23,6,12,5,0,0,0,0,1,0,0,0,0,0,1,11,5,6,0,0,0,35,0,0,3,0,0,2,0,4,0,5
1,7,0,1,0,0,5,0,9,0,2,3,5,2,15,15,1,0,6,0,3,3,0,0,0,0,0,0,1,5,22,6
6,0,0,4,3,0,0,2,0,0,4,0,0,4,4,0,0,2,0,1,1,0,0,0,0,0,0,5,2,0,0,0
13,0,3,1,0,0,0,4,7,0,0,0,0,0,5,5,0,0,0,3,0,5,0,0,5,0,7,4,10,0,0,2
0,0,0,0,11,0,0,0,4,4,0,0,7,4,0,1,2,0,39,0,2,6,0,0,0,0,0,1,0,2,0,17
0,0,3,0,0,0,0,0,2,0,0,0,0,2,0,2,18,1,10,24,0,0,7,1,0,0,3,1,0,0,0,10
6,0,3,0,0,0,0,0,6,4,3,0,0,1,5,0,0,0,0,0,0,0,1,0,0,0,2,0,0,7,0,0
2,0,16,0,9,0,5,0,3,1,0,0,3,0,0,0,0,0,0,0,0,4,0,11,2,0,0,0,0,0,8,1
0,0,0,0,1,0,1,4,0,0,0,0,5,0,0,0,0,2,0,0,2,0,0,0,0,0,0,0,0,0,0,0
0,0,0,0,0,2,6,4,10,0,0,6,0,1,5,0,0,0,0,0,0,3,1,1,0,1,3,0,5,14,4,0
0,0,5,0,0,0,0,7,1,0,2,0,0,0,6,1,0,3,5,1,4,0,6,0,7,1,0,0,4,0,0,2
1,2,1,0,0,1,1,2,0,2,0,0,0,0,2,3,0,4,2,0,8,0,3,0,0,4,0,0,0,0,0,1
0,0,3,0,19,0,0,4,0,5,2,0,0,0,2,6,0,0,3,7,0,1,0,3,2,0,0,0,0,7,2,0
0,3,8,0,0,0,1,0,1,0,0,0,0,0,5,2,0,0,0,4,0,4,2,2,0,0,0,6,0,4,5,0
91,0,0,0,2,5,0,12,0,0,5,0,0,0,0,0,4,0,2,0,2,0,0,0,0,1,0,0,0,2,0,20
0,1,0,0,7,0,3,2,0,0,8,0,0,2,0,4,1,5,0,4,4,4,0,0,3,0,4,0,0,2,0,4
5,6,6,1,0,0,6,5,0,0,2,2,0,4,0,0,3,0,0,6,0,6,0,0,0,13,0,0,9,0,9,0
8,0,4,18,0,0,0,2,0,0,0,1,0,0,4,9,0,0,0,4,6,0,0,0,0,0,0,0,0,0,0,12
18,0,2,0,0,0,0,1,5,0,4,3,0,0,0,0,0,2,0,0,0,6,2,7,0,0,11,0,0,2,0,0
36,0,0,5,0,1,0,2,1,9,8,72,0,1,4,5,0,7,0,0,7,0,2,4,0,0,0,0,0,8,2,8
57,0,0,0,17,21,0,0,0,11,16,3,5,0,3,44,0,0,0,0,3,10,0,0,0,0,0,0,16,11,0,20
96,0,8,0,9,0,28,0,6,18,13,24,8,0,6,10,11,0,19,0,1,6,16,0,1,0,0,33,2,0,0,10
0,1,10,1,0,4,4,0,0,13,0,3,20,0,0,38,34,33,48,5,0,0,25,0,1,0,0,0,0,0,0,9
56,1,7,0,4,0,0,2,0,9,0,16,7,30,9,12,1,24,7,0,0,0,7,0,0,10,0,0,4,5,8,7
0,0,0,13,2,0,0,1,1,0,0,0,11,5,0,57,0,7,34,50,30,0,0,0,0,0,16,7,9,2,0,0
12,0,16,2,1,0,0,0,0,4,0,0,0,5,0,6,16,17,27,0,15,0,0,10,0,0,0,0,0,1,6,0
0,0,0,0,2,0,1,7,0,0,0,0,0,0,0,22,6,0,68,0,0,4,0,0,0,0,0,0,0,0,2,37
13,0,0,0,0,0,0,12,3,0,0,0,0,4,5,24,0,3,0,1,0,2,8,2,8,0,0,0,2,2,25,0
0,0,0,0,1,0,0,0,0,0,0,0,0,0,25,10,100,5,0,3,9,0,3,4,0,0,0,0,2,4,0,0
29,0,10,12,0,0,0,12,0,0,0,0,0,9,0,0,0,0,0,4,0,1,0,0,0,0,0,0,0,4,0,13
0,0,0,2,0,0,0,9,2,0,7,5,0,2,6,1,1,2,4,3,0,0,1,0,0,0,5,0,2,9,0,0
0,0,0,0,6,0,4,0,0,7,0,0,0,4,0,2,0,3,5,7,3,0,7,0,0,5,5,9,0,0,15,14
0,1,7,7,2,0,8,7,0,0,1,1,2,4,3,7,3,2,3,0,3,0,0,0,9,0,0,8,14,0,0,0
0,7,0,1,0,0,0,1,0,0,0,5,0,0,3,0,7,0,2,5,0,12,1,0,9,7,11,0,16,0,13,0
0,0,0,1,0,10,0,8,0,0,0,0,4,0,0,3,5,0,4,0,6,0,0,0,0,0,0,0,0,4,0,0
0,0,0,5,0,4,3,8,0,8,0,5,4,0,0,3,0,0,4,0,3,2,2,5,0,0,2,0,4,0,0,0
0,4,0,8,1,3,0,3,1,0,0,0,3,9,6,0,6,0,0,6,0,5,10,0,0,4,4,4,0,0,0,0
3,0,0,0,8,7,0,0,0,0,0,1,0,7,4,0,5,0,6,0,0,0,0,0,0,6,5,0,3,0,0,0
0,0,4,3,0,0,0,2,3,0,0,0,9,5,0,0,4,0,3,0,0,0,3,3,0,2,0,1,2,0,0,27
0,0,0,11,0,0,0,0,0,1,2,0,0,0,4,4,0,0,10,0,3,2,5,3,0,6,0,9,0,0,0,0
2,0,0,0,0,3,0,1,2,0,0,8,0,0,3,0,4,5,5,0,0,1,8,0,0,1,0,2,1,2,6,0
0,0,0,0,1,0,0,10,0,0,8,0,0,0,0,0,0,3,0,3,0,0,9,0,0,0,0,0,5,0,0,0
0,0,1,6,0,0,1,4,0,0,3,7,3,0,6,0,5,0,1,0,4,0,0,0,4,0,0,0,7,7,11,0
1,0,0,2,4,0,0,0,0,3,0,0,0,0,0,0,6,0,0,2,0,2,0,0,0,5,2,0,0,0,0,10
0,5,0,0,1,7,0,3,6,0,3,7,0,0,4,2,1,1,5,0,0,0,5,3,1,12,0,0,6,11,8,22
0,5,0,0,0,0,0,1,0,0,0,9,0,5,4,0,0,0,0,0,0,8,0,1,2,0,14,5,5,0,21,9
90,2,0,0,2,0,2,7,1,0,0,2,1,0,0,1,13,0,3,2,0,3,0,0,0,0,0,7,0,0,0,0
0,0,0,7,2,0,0,0,0,0,2,0,4,0,0,0,14,5,2,0,1,0,3,0,0,8,4,0,2,5,3,2
9,0,0,0,2,6,0,4,0,9,0,0,0,0,2,1,3,6,0,0,4,0,0,0,0,0,1,11,3,0,0,3
0,3,1,0,2,1,15,15,0,5,0,0,3,0,4,0,3,0,3,2,7,0,0,0,0,0,3,0,8,0,4,0
1,0,4,0,5,0,6,0,2,12,5,0,5,7,0,0,0,0,0,2,0,5,2,4,0,0,0,7,0,0,0,14
46,3,13,0,0,0,0,3,2,0,0,58,5,0,2,0,0,15,6,0,0,0,0,1,1,0,5,1,0,0,3,24
0,0,0,0,15,8,9,0,8,19,5,7,0,0,2,10,8,0,0,0,0,7,5,0,3,0,0,6,3,8,0,19
105,0,13,4,0,0,4,4,0,12,33,14,4,2,20,19,39,0,17,0,2,0,18,0,0,7,0,11,0,0,0,12
78,0,0,7,0,0,0,4,0,13,4,0,11,23,0,42,50,28,31,0,0,2,13,0,0,1,5,2,3,1,0,3
0,0,10,0,0,0,0,0,0,0,0,3,0,25,3,0,5,33,0,0,1,0,12,0,0,0,1,0,0,10,0,3
0,0,0,5,0,2,0,0,0,0,0,0,0,5,5,21,0,0,3,49,44,0,4,4,0,2,0,0,0,11,0,11
0,17,0,0,12,3,3,0,7,0,0,2,0,0,0,0,21,13,16,8,22,0,11,0,6,5,0,5,0,0,0,1
0,0,1,7,3,0,0,0,0,0,0,0,5,1,0,26,5,0,67,3,3,1,0,0,0,6,0,0,6,6,2,22
43,5,0,4,1,1,0,3,3,6,0,0,3,1,0,23,1,0,14,0,0,1,2,3,0,7,0,0,0,0,0,0
78,0,0,5,1,1,9,0,0,2,3,0,0,4,8,4,87,6,8,0,0,5,0,4,0,0,0,7,0,7,0,0
0,11,0,0,0,9,13,0,0,1,0,0,0,1,6,0,15,3,0,0,2,0,0,6,0,0,0,0,4,0,0,0
0,0,0,0,0,1,0,1,0,4,0,10,0,2,0,0,4,0,2,0,0,0,8,1,0,3,5,0,0,0,3,0
5,3,1,0,0,0,5,0,0,0,3,0,2,3,3,0,0,0,0,0,0,0,0,0,2,2,0,0,0,1,0,11
1,0,0,2,2,3,2,14,0,0,5,2,1,0,6,0,0,0,0,6,3,0,8,0,0,0,2,0,0,3,0,1
5,0,3,0,0,4,0,0,0,5,0,10,0,1,12,2,9,4,7,2,2,0,7,0,0,0,0,1,4,3,5,16
0,0,0,0,10,5,3,0,8,0,0,0,1,0,0,1,8,0,0,4,6,6,0,0,0,6,7,0,0,2,0,15
8,0,8,0,0,3,4,0,1,0,0,0,0,0,0,8,4,0,1,4,0,0,9,0,0,4,0,2,0,2,13,0
3,0,0,1,3,0,9,0,0,2,0,2,0,7,0,6,0,1,0,0,0,0,0,0,2,0,0,0,0,1,0,0
8,0,0,4,0,5,0,4,11,0,0,7,0,0,3,8,5,0,0,0,11,0,6,0,7,6,0,4,5,3,0,3
8,2,0,0,0,0,0,1,3,2,1,0,0,1,0,0,0,4,1,1,0,0,18,4,0,0,8,0,0,7,4,3
1,6,0,0,14,6,7,0,0,0,0,4,0,4,0,0,0,2,4,0,0,0,2,0,0,1,0,6,1,0,0,12
0,0,0,0,1,3,0,0,1,1,0,4,0,0,0,2,0,0,2,0,0,2,2,0,0,0,3,3,0,3,0,0
3,2,3,0,4,8,4,0,4,5,0,2,0,0,2,0,8,0,8,2,1,0,2,0,0,0,1,0,2,0,0,0
0,1,0,4,0,0,1,2,0,3,5,0,0,0,0,3,0,5,2,0,3,3,0,0,0,0,0,0,0,0,1,0
0,0,0,3,8,8,0,0,0,7,0,0,0,0,0,3,0,0,3,0,1,0,8,0,3,5,0,0,0,3,0,7
0,0,0,6,0,0,2,0,0,10,0,4,1,3,0,0,9,1,4,5,14,0,0,0,5,3,0,0,5,2,0,3
2,1,0,0,0,8,0,0,3,5,8,0,0,0,12,0,0,0,6,4,6,0,5,10,0,0,0,0,0,7,16,0
70,0,0,4,0,0,8,0,0,0,0,2,0,0,1,2,9,0,0,0,0,0,3,6,0,4,6,0,0,0,4,14
9,0,5,4,6,0,0,9,3,0,0,2,0,0,0,0,0,10,3,0,0,0,2,0,9,5,0,0,2,5,0,0
0,0,0,0,2,0,0,8,0,5,0,0,1,0,4,0,0,2,3,1,3,0,0,1,0,10,2,0,0,12,0,20
0,2,0,0,0,1,0,0,0,0,0,0,0,0,0,10,13,0,2,0,4,0,0,0,0,2,0,8,5,5,5,0
8,4,4,12,3,0,0,6,0,2,0,0,0,0,0,2,0,0,0,1,4,2,0,0,0,0,0,0,0,2,0,1
42,0,0,0,1,0,0,0,0,7,0,58,17,0,0,0,0,12,0,0,0,1,0,7,0,8,2,0,0,0,7,17
0,0,4,0,8,17,11,0,0,41,0,0,0,11,0,0,8,0,1,3,5,0,0,3,0,11,0,0,0,0,8,4
0,2,7,0,0,4,38,4,0,15,0,1,1,11,12,1,37,0,0,0,1,0,23,0,0,0,0,22,0,0,0,0
0,7,0,2,0,0,9,9,0,30,4,0,29,0,0,47,60,27,9,0,0,0,9,0,6,0,0,7,0,2,0,8
0,0,0,0,0,0,0,0,13,0,0,0,0,38,0,0,8,31,0,0,1,0,0,0,0,4,0,8,2,11,0,0
17,0,4,0,0,2,0,0,2,0,0,7,1,0,0,31,5,0,0,1,10,0,7,0,3,3,13,1,0,0,0,0
69,0,13,8,0,0,1,2,4,0,0,1,0,0,0,2,46,0,6,0,13,0,0,0,0,0,0,1,0,6,0,0
0,6,17,1,8,0,0,1,0,0,0,0,2,0,0,19,4,0,54,0,5,0,1,10,4,5,4,12,0,0,0,0
7,0,9,3,0,2,0,0,0,0,2,0,0,0,0,28,10,7,1,1,4,0,0,1,0,0,6,0,2,1,1,0
0,0,0,4,0,8,0,0,3,1,5,0,3,9,0,0,123,2,8,0,9,0,1,2,0,5,2,0,0,0,1,0
0,6,0,10,3,0,0,0,0,10,0,0,0,8,2,0,0,0,0,0,0,4,8,0,2,0,14,3,4,1,10,0
0,0,0,0,0,2,0,0,0,0,2,0,0,0,2,0,0,5,0,0,0,0,4,0,2,0,0,0,0,0,0,28
0,2,0,0,0,1,0,0,0,2,0,8,0,0,0,1,0,3,0,0,2,0,6,2,0,2,0,2,1,0,8,0
0,0,5,0,0,1,0,2,0,3,0,3,0,6,0,0,5,0,0,3,6,0,0,0,0,6,6,0,0,7,0,1
0,5,0,3,5,0,0,9,0,5,0,0,7,3,0,0,0,0,2,0,0,0,14,0,8,4,1,0,9,0,0,0
0,0,0,0,0,0,0,0,0,0,0,0,5,0,0,0,2,5,0,0,8,0,4,7,0,0,0,1,0,0,0,43
10,5,8,0,0,4,3,1,0,0,0,2,5,6,0,9,0,6,9,0,1,1,0,0,0,0,0,2,0,1,0,0
1,5,0,0,8,4,1,0,5,6,0,0,4,0,0,0,4,7,4,4,1,0,0,0,0,4,0,0,0,7,20,7
0,6,0,0,0,0,1,0,5,0,0,8,0,0,6,0,0,4,1,6,0,0,9,6,0,0,8,2,0,1,0,0
2,8,0,0,0,0,0,8,0,0,0,0,0,0,0,0,3,1,0,0,4,0,11,0,1,0,0,2,0,3,0,0
0,0,2,0,0,1,1,0,0,0,7,0,0,0,0,0,0,0,0,0,0,3,0,5,2,1,2,0,3,0,0,13
0,0,0,0,0,2,0,0,1,0,1,0,3,0,0,0,5,0,0,4,0,0,0,1,0,0,3,0,0,3,6,4
3,5,7,0,8,0,0,0,0,4,0,3,5,8,9,0,4,5,7,0,6,0,8,1,0,0,0,5,0,0,0,0
5,1,2,4,0,0,0,10,0,0,11,0,0,0,0,0,0,3,5,0,0,0,0,9,0,3,0,4,6,7,16,0
0,0,0,0,0,5,3,0,0,0,0,0,2,0,0,0,0,0,0,0,0,0,0,0,0,8,14,0,9,6,3,24
0,2,0,0,10,0,0,0,0,0,0,3,0,0,0,1,4,0,0,5,0,4,0,0,0,0,5,0,0,4,0,6
0,3,0,7,7,0,4,0,4,7,0,0,0,7,0,1,0,0,1,5,4,0,2,0,0,0,0,0,0,6,0,0
60,8,14,1,0,4,0,0,0,0,0,0,0,0,0,0,1,0,0,0,0,0,5,5,3,0,0,10,5,0,11,0
0,0,9,0,8,0,0,0,0,7,0,0,2,8,0,5,5,7,1,2,2,4,6,0,0,0,0,0,0,0,0,0
0,0,0,0,0,0,0,0,0,5,0,0,0,0,0,0,4,2,0,2,2,0,2,2,0,0,6,0,5,0,13,2
0,0,0,0,1,0,1,1,0,3,13,4,3,7,4,19,0,5,0,7,4,0,6,0,0,0,0,0,0,1,0,15
6,4,8,0,6,0,5,8,12,10,11,0,8,5,2,0,0,0,1,0,10,0,4,0,5,0,11,0,1,2,0,3
0,0,2,0,0,0,1,6,0,5,0,46,0,6,0,0,0,2,0,0,0,0,5,2,1,2,15,0,0,8,3,0
15,0,1,0,11,27,4,1,0,38,0,4,0,0,0,0,18,8,5,0,5,0,4,0,0,0,0,0,0,0,17,0
99,0,0,0,0,3,16,0,0,6,0,22,0,12,7,0,24,0,4,0,2,2,26,7,1,6,0,30,0,0,0,6
1,11,0,0,0,1,1,1,4,3,0,0,9,8,0,25,48,60,41,0,1,0,7,2,0,0,1,0,6,0,12,9
82,4,0,3,7,0,0,0,16,1,0,0,0,10,9,0,9,37,3,1,0,0,0,0,0,2,0,5,0,0,0,0
0,0,0,0,0,0,0,0,13,2,0,0,0,6,8,19,3,0,0,6,16,10,2,0,4,0,5,0,1,9,0,1
52,0,4,8,0,0,0,0,0,1,0,4,0,0,0,2,37,1,2,0,0,0,0,0,0,0,9,0,0,3,3,0
0,2,16,0,0,0,0,0,0,3,0,3,3,3,0,15,18,0,67,16,4,0,0,0,0,0,0,0,5,0,1,0
0,4,4,0,4,5,0,0,1,2,0,0,0,6,2,6,13,1,0,0,0,1,0,3,0,0,0,0,0,0,3,0
31,4,0,0,0,0,0,0,0,0,0,0,5,1,0,0,95,0,1,0,0,0,3,0,0,6,1,0,9,3,0,0
20,4,0,5,5,0,0,7,0,0,0,0,0,8,0,0,4,6,0,7,3,2,0,0,3,0,0,0,0,0,0,1
3,0,0,16,8,0,1,0,7,0,0,20,1,0,0,0,0,0,0,5,2,3,0,0,0,5,4,0,0,0,2,0
0,0,2,3,0,0,0,0,3,0,0,2,0,0,0,1,0,0,0,0,0,4,1,6,0,0,8,5,0,1,0,2
0,1,0,0,6,0,0,0,4,1,0,0,0,2,0,0,0,0,0,0,0,5,0,2,0,6,0,0,2,0,0,0
8,2,0,0,2,1,2,0,3,1,9,0,0,4,4,0,0,3,0,3,0,0,0,0,0,0,2,0,0,1,0,0
0,0,0,0,4,0,0,0,0,0,1,8,3,0,0,0,1,0,0,0,0,0,0,0,2,0,0,0,3,0,0,18
0,0,0,0,1,0,0,11,0,6,0,0,0,21,0,0,0,0,6,10,2,0,0,10,0,0,0,0,0,3,3,0
1,2,0,0,1,8,0,0,3,0,2,3,5,0,0,0,0,11,4,0,0,2,0,3,0,0,0,4,6,0,11,29
2,1,6,4,0,0,3,11,3,0,8,0,0,8,1,0,4,2,4,0,0,0,1,0,0,5,0,6,9,0,17,2
2,0,0,0,5,0,2,7,0,0,0,1,6,3,1,0,0,1,0,0,3,4,0,0,0,0,3,0,0,8,7,9
3,2,2,0,12,5,2,0,5,4,0,5,0,0,1,7,1,0,0,0,0,8,0,2,0,6,0,2,0,0,0,0
4,2,0,0,0,0,0,0,2,0,5,0,0,0,0,0,0,0,0,0,10,0,0,0,2,0,1,0,0,14,0,0
0,6,3,0,0,0,7,0,0,0,7,4,0,0,2,4,7,1,0,7,3,0,2,1,0,0,1,0,0,0,0,0
0,0,5,0,0,2,0,0,2,0,2,18,0,0,3,5,4,0,1,0,0,4,0,0,0,2,0,0,2,4,3,12
5,0,0,6,0,6,0,10,2,0,16,0,0,4,3,2,0,0,1,0,1,0,5,1,0,0,0,0,2,0,0,3
0,10,0,0,0,1,0,0,4,0,3,0,0,1,5,0,0,3,0,4,0,0,0,0,0,0,0,0,0,0,2,0
2,1,0,4,3,2,0,0,0,0,3,0,0,10,2,4,0,0,1,0,0,3,0,10,0,5,4,0,0,9,3,5
21,8,13,0,13,8,0,0,4,0,2,0,1,1,2,0,0,0,3,0,5,0,0,7,0,0,0,0,0,2,19,11
2,0,0,4,8,1,1,0,3,4,7,0,1,0,1,2,0,0,0,4,0,0,6,1,4,1,5,2,0,0,0,9
0,0,0,0,0,0,1,0,0,3,0,5,0,4,0,0,3,1,0,0,0,0,2,0,6,0,10,1,0,16,0,3
0,0,0,0,2,0,0,0,0,0,4,0,10,0,0,1,2,0,0,4,0,0,4,0,0,0,0,0,1,0,5,16
4,0,1,1,0,0,0,0,0,4,0,0,0,2,1,0,0,2,0,6,0,0,0,0,0,0,0,0,5,0,0,0
0,10,0,0,0,0,1,0,0,0,7,64,0,0,0,9,0,0,0,0,0,3,0,5,0,0,0,0,0,2,0,13
0,1,1,0,23,9,17,13,4,3,0,7,0,0,6,0,0,3,0,0,4,0,1,0,0,0,0,4,3,0,0,9
4,2,5,1,9,0,0,6,0,0,1,14,0,0,16,8,14,0,0,0,7,0,18,0,0,1,0,36,0,11,0,0
56,3,0,0,2,4,1,16,4,21,0,0,15,4,0,26,48,36,15,0,1,0,5,3,0,0,0,0,0,4,0,7
0,1,17,0,7,0,5,7,30,10,0,0,8,43,32,0,8,38,5,6,3,20,17,0,0,0,0,1,10,0,0,0
0,1,24,0,0,5,0,0,4,3,2,0,1,0,1,30,0,2,6,1,17,0,5,0,0,0,0,0,1,2,0,10
65,0,9,0,0,0,0,0,0,6,0,7,0,0,0,7,37,0,0,0,0,3,0,5,4,0,8,2,1,7,0,16
58,2,0,0,0,7,0,0,0,0,8,32,0,0,3,21,14,1,46,0,0,1,0,12,0,0,6,0,4,0,0,21
0,0,5,1,0,0,0,4,0,0,1,8,4,0,11,24,13,0,1,1,0,0,0,0,0,0,6,5,6,0,0,0
0,2,6,3,4,3,0,0,0,1,0,0,4,0,0,14,16,0,4,3,4,0,0,8,5,0,0,0,0,0,3,0
7,10,0,0,0,1,0,1,2,0,0,0,0,9,0,0,0,0,0,4,0,0,0,0,2,0,1,4,0,0,0,15
0,0,4,4,0,0,1,3,0,0,0,5,3,0,0,6,0,0,0,0,0,0,0,0,10,1,7,2,7,0,0,10
5,0,0,8,0,0,0,7,2,0,0,6,0,1,0,0,0,0,4,4,6,1,0,0,0,5,7,1,5,0,0,0
0,1,0,0,0,1,2,1,4,2,3,3,0,0,0,0,6,0,0,0,0,1,0,0,6,0,1,0,0,0,0,0
0,5,0,0,0,4,8,5,9,8,0,10,2,0,0,0,0,0,7,7,0,0,0,7,0,0,7,10,0,4,14,0
4,5,9,0,0,0,0,10,0,0,11,0,0,0,2,0,7,0,3,0,0,0,0,0,7,3,0,0,0,0,1,3
8,0,0,9,1,0,3,12,7,0,0,2,0,0,0,9,0,0,3,14,0,0,1,0,0,6,0,0,0,5,6,23
3,0,3,2,2,4,4,0,0,3,9,6,1,0,0,0,0,0,5,0,0,0,3,0,0,5,0,0,1,0,0,8
6,2,0,0,0,7,0,0,0,2,5,0,1,0,0,0,1,3,10,3,0,1,3,0,6,0,5,11,0,2,3,0
3,0,3,1,1,0,0,0,0,8,8,0,0,2,0,0,0,4,1,3,2,0,10,0,2,0,0,0,0,2,0,0
0,0,0,6,4,0,0,3,0,0,0,0,0,1,0,0,0,0,0,0,0,6,0,0,0,0,4,0,0,0,0,0
6,1,1,0,1,0,0,0,0,3,0,0,5,0,0,0,0,0,5,3,0,0,0,0,1,3,0,0,0,0,1,10
8,0,0,0,10,0,0,4,0,0,0,0,0,7,0,1,0,0,3,7,1,4,5,0,3,0,0,5,5,4,0,10
0,0,8,0,0,4,2,0,0,0,0,4,0,5,5,0,0,0,3,0,0,4,12,0,0,0,0,9,14,9,0,16
2,2,0,0,0,0,0,11,0,0,0,2,8,3,0,2,0,0,0,0,3,0,0,6,1,2,1,3,5,0,0,16
0,0,3,0,8,0,0,0,0,4,4,0,0,0,2,0,2,0,0,0,0,0,1,4,0,4,0,17,0,18,0,0
3,0,0,4,7,0,5,2,8,0,1,0,4,0,1,3,0,0,4,0,4,6,3,0,3,0,3,1,3,4,0,0
87,5,0,0,10,0,0,0,0,3,0,0,0,0,0,0,0,0,0,1,8,6,11,0,5,8,0,3,0,0,0,6
0,0,1,0,3,0,0,0,3,0,0,10,0,0,0,0,2,2,0,0,0,1,0,0,0,8,13,0,2,4,0,17
3,0,8,2,0,0,1,0,0,0,0,12,0,2,0,0,3,1,1,1,0,1,1,0,1,0,5,2,0,0,0,10
0,2,0,0,2,0,0,17,0,0,6,3,5,0,0,0,1,0,4,4,0,0,4,0,3,1,2,0,5,0,1,11
0,0,0,6,0,2,0,1,3,1,0,1,0,0,0,6,2,0,0,0,1,0,0,0,1,0,0,4,3,0,0,0
19,0,1,0,6,16,4,0,0,0,0,43,4,0,2,0,0,0,0,13,1,0,0,0,0,0,2,1,2,0,6,0
0,0,1,0,24,7,0,0,0,26,1,10,0,1,6,1,2,0,9,3,0,0,0,0,2,5,1,0,1,0,0,0
3,8,4,0,8,8,6,0,9,4,7,1,0,2,19,0,1,7,0,0,4,0,18,6,0,0,0,30,0,0,0,0
0,3,3,2,0,0,0,26,0,16,0,0,20,0,2,44,53,24,4,0,3,0,6,2,1,0,1,0,6,5,0,4
0,3,18,0,4,0,0,5,21,1,0,0,0,45,8,0,2,36,0,0,0,0,13,2,9,0,0,4,0,12,0,0
0,0,0,0,6,0,0,5,0,8,0,0,0,3,1,1,0,0,11,0,10,2,0,0,0,0,4,0,5,1,3,0
0,0,8,0,6,0,11,2,4,0,7,11,0,0,0,16,39,0,0,3,16,0,0,0,0,0,0,0,0,5,0,12
1,0,0,3,0,0,0,0,0,4,3,30,1,0,0,7,16,0,54,2,7,0,6,1,2,2,0,0,0,5,0,3
0,1,0,0,0,0,2,1,4,0,0,0,5,0,0,15,1,0,0,0,1,3,0,3,0,0,0,1,0,1,0,6
30,0,5,1,0,0,9,0,0,4,0,0,2,1,0,3,3,0,0,4,0,0,0,0,0,9,0,0,0,6,0,0
0,0,0,6,0,7,2,0,3,6,7,0,0,0,1,2,0,1,0,0,7,3,0,0,0,0,0,0,0,0,0,6
3,1,3,3,0,0,0,0,0,1,0,0,0,2,4,0,3,0,2,0,0,0,2,0,0,7,0,5,0,0,0,0
0,0,0,6,0,5,0,9,0,0,0,0,0,0,4,0,0,0,7,0,0,4,0,0,0,3,0,0,5,7,6,0
0,0,0,0,0,0,4,0,0,0,0,1,0,1,0,8,8,0,0,2,5,1,0,0,5,0,0,0,0,4,0,5
0,0,0,1,0,0,2,5,0,0,0,5,1,0,2,4,4,13,0,1,3,0,2,0,0,2,10,3,9,9,6,29
0,2,0,0,0,10,0,3,0,4,0,0,0,0,4,0,5,0,0,3,0,3,0,0,0,3,0,3,0,1,0,0
3,5,0,7,7,0,3,6,0,6,1,1,0,0,0,0,0,0,0,0,0,0,0,0,0,0,6,5,0,3,16,25
0,0,0,8,8,6,7,6,0,0,2,3,0,0,0,0,1,1,0,0,10,0,11,0,0,0,9,0,0,2,7,0
9,0,0,5,0,0,0,0,0,0,0,5,8,0,10,0,0,10,0,0,0,4,7,0,2,0,0,0,0,2,0,0
1,1,4,0,0,2,6,0,13,1,0,0,0,0,3,4,0,0,9,1,9,0,11,0,0,3,0,11,0,0,0,0
5,4,1,2,0,0,5,0,0,6,0,2,0,0,0,0,4,0,4,0,8,8,9,0,6,7,0,0,0,0,7,0
0,0,0,6,2,14,7,2,1,3,0,0,0,0,0,0,16,0,2,0,2,9,5,0,0,2,0,11,5,6,0,15
0,2,2,0,0,4,8,0,9,0,0,0,2,0,0,0,0,0,0,5,0,0,0,0,0,0,0,0,2,0,0,10
0,0,0,4,0,9,0,2,9,0,0,3,0,4,3,0,0,0,1,6,6,0,4,0,0,0,0,0,0,0,3,0
0,1,0,0,0,0,0,4,0,0,14,0,0,7,0,10,3,3,0,5,0,3,0,0,4,0,0,0,5,3,0,1
0,5,0,3,5,4,0,0,0,10,3,5,12,1,0,5,0,0,1,1,0,0,0,0,0,0,0,0,1,0,0,2
0,0,5,0,0,0,0,9,3,0,0,0,0,0,5,11,0,5,0,0,0,0,0,0,0,0,8,2,0,0,2,0
75,0,6,0,0,0,10,6,0,10,8,5,0,0,0,7,1,0,0,5,0,5,0,4,0,0,0,0,0,0,25,0
0,9,0,2,0,5,0,0,0,1,5,0,0,0,7,0,0,9,0,4,0,0,0,0,4,8,0,0,10,0,4,4
0,0,0,0,0,0,0,0,0,0,10,0,0,5,2,0,2,0,0,0,7,4,0,0,7,3,0,0,8,0,0,0
2,0,0,1,0,5,1,9,5,0,0,0,0,0,1,2,0,0,0,0,4,4,4,0,0,4,7,0,0,1,0,4
19,0,0,0,0,4,9,0,8,0,2,0,0,6,0,4,0,0,0,0,0,10,0,7,1,3,10,0,8,4,0,14
0,1,0,2,0,0,0,20,0,0,0,47,0,0,0,0,3,0,0,0,0,4,0,0,0,0,13,0,1,0,0,3
81,0,14,15,21,0,10,0,0,13,13,6,0,0,0,1,0,0,1,8,0,0,0,7,0,0,0,0,4,0,0,17
0,0,3,0,5,0,8,10,0,33,0,2,7,0,6,0,0,0,0,1,0,3,12,0,2,6,0,30,5,0,0,0
48,9,0,0,0,4,2,0,0,27,0,0,24,0,4,40,37,18,16,0,2,2,9,5,0,0,0,3,0,15,0,0
0,11,26,0,4,0,2,0,4,2,4,0,0,50,16,0,9,28,5,0,0,0,3,8,0,0,0,8,8,0,15,0
38,10,5,0,0,2,3,0,16,0,3,0,8,9,0,0,1,8,0,3,4,4,7,3,0,0,2,0,0,4,0,4
10,0,7,1,3,0,0,0,8,0,0,9,2,0,0,53,43,5,2,0,14,0,0,0,0,0,3,0,0,0,0,7
0,0,0,0,0,0,4,7,0,0,0,38,0,0,1,26,9,0,50,0,7,0,0,6,0,0,3,0,14,0,0,0
0,5,3,0,0,1,7,0,8,4,2,0,0,6,0,0,2,5,9,0,3,0,0,9,0,3,0,0,0,5,0,1
0,0,0,7,1,4,3,0,1,0,0,0,0,4,1,0,0,0,0,6,0,3,2,0,0,0,0,0,4,6,12,3
15,3,4,1,0,0,0,0,8,5,0,3,2,0,0,0,0,0,0,11,5,0,0,0,0,2,0,0,4,4,0,0
0,1,0,18,0,0,0,0,0,0,6,0,0,0,1,4,0,0,0,0,0,3,0,11,4,0,4,0,4,11,0,15
5,5,1,0,0,8,0,0,0,0,0,1,1,0,6,12,9,0,3,0,3,9,4,0,0,0,0,0,0,0,0,1
10,1,2,11,0,1,0,0,6,0,4,0,8,4,0,0,4,0,0,0,0,0,0,0,1,0,0,0,0,0,0,21
5,0,0,0,0,0,0,1,7,0,0,0,2,0,0,4,0,6,0,3,5,0,3,0,0,0,0,1,0,0,4,0
0,5,0,0,0,0,0,0,0,3,14,0,0,0,0,13,0,2,0,11,0,0,5,2,1,1,1,0,1,0,2,0
0,2,6,0,2,0,0,0,0,4,0,0,0,2,1,1,0,12,3,0,0,2,0,8,0,0,0,6,0,0,1,0
0,0,0,0,0,2,0,4,0,0,0,0,0,2,2,2,5,7,0,0,0,0,0,4,0,0,3,7,1,7,0,0
2,7,0,0,3,0,0,11,1,0,0,0,0,0,0,0,0,3,0,0,0,5,0,7,0,1,11,0,0,12,0,2
0,4,0,0,7,0,0,11,7,0,2,10,0,8,4,8,7,0,0,0,6,8,0,0,5,4,0,0,0,0,7,7
9,13,12,0,0,10,0,3,0,2,0,0,0,0,4,3,0,5,5,0,2,0,0,4,4,0,3,0,3,0,3,1
7,0,0,0,0,0,0,10,0,1,0,5,0,0,2,0,0,0,0,0,0,6,0,9,0,0,0,0,1,0,0,0
5,3,0,0,0,0,0,0,5,0,0,11,0,4,0,8,16,5,9,0,6,7,1,3,0,0,8,0,0,3,3,0
0,0,9,6,0,0,1,0,4,0,6,0,1,2,5,0,9,0,3,0,0,10,0,0,0,0,6,5,0,1,0,6
0,0,0,3,17,0,0,2,8,6,0,0,0,0,8,0,0,1,0,1,0,2,0,4,0,0,0,7,5,4,5,5
0,9,6,0,0,1,1,0,0,3,4,0,0,0,11,0,3,1,0,5,0,0,11,2,3,1,1,0,1,6,1,0
0,2,0,6,3,2,0,0,7,6,0,0,3,4,4,0,9,0,1,5,0,5,8,7,0,4,3,0,6,6,6,0
36,0,0,0,40,13,0,57,0,24,68,79,35,0,0,0,0,0,5,0,0,11,0,0,8,18,0,18,14,0,0,0
0,51,0,0,50,0,35,0,0,9,0,14,0,1,32,9,15,3,7,2,0,30,0,14,16,0,18,1,29,6,0,29
0,0,25,0,2,13,0,21,9,3,36,4,0,0,10,14,19,9,23,2,0,28,0,0,11,18,14,5,30,8,0,6
0,0,13,0,59,11,0,37,22,15,45,16,0,0,0,10,0,0,0,11,22,0,20,0,3,0,11,17,0,0,0,25
5,7,0,0,12,26,0,9,8,1,0,53,5,0,0,44,0,8,5,16,1,0,0,32,0,30,18,0,9,0,13,16
0,21,33,22,13,0,16,0,2,18,14,80,0,0,19,0,13,0,0,0,0,0,12,24,0,0,0,0,35,0,7,0
42,13,19,4,34,0,72,61,14,0,0,0,40,0,48,49,0,29,2,0,0,14,10,0,8,0,0,21,38,0,0,11
0,25,28,1,7,4,85,0,0,8,0,134,6,0,0,60,0,0,9,0,0,46,25,41,0,0,0,17,0,0,0,1
0,58,0,23,0,0,0,63,0,29,8,99,7,6,9,64,0,0,0,1,0,0,59,0,32,29,0,0,0,11,0,20
0,21,0,9,15,0,0,12,0,1,9,14,11,0,0,56,28,30,0,8,0,0,9,0,0,0,5,0,12,0,0,8
61,6,57,0,7,0,0,32,29,0,0,44,29,0,4,72,37,0,0,14,12,0,0,9,0,2,14,48,0,0,7,0
61,16,6,0,18,0,0,7,0,0,0,6,0,7,18,41,19,8,7,1,0,31,0,0,35,12,36,0,62,0,42,11
0,5,17,16,34,0,7,0,0,0,0,0,19,27,7,0,19,0,70,0,4,0,0,0,5,6,14,2,0,2,0,17
30,30,30,0,0,6,51,0,82,0,0,0,0,0,0,0,18,0,17,26,103,30,0,6,21,0,48,0,6,0,20,0
0,0,0,0,0,14,0,18,7,0,21,0,0,0,0,10,0,21,42,1,0,0,0,0,9,8,0,11,0,0,0,0
0,7,10,0,35,15,7,0,26,10,0,0,4,20,1,0,16,16,0,6,38,0,2,0,46,4,0,6,0,0,0,0
0,0,8,0,0,0,0,11,0,7,0,0,0,14,0,0,80,0,30,0,7,0,17,29,19,0,18,0,0,0,0,10
0,0,20,38,0,22,0,0,0,10,29,6,0,7,12,0,0,71,19,0,0,19,0,3,0,10,0,5,4,20,16,0
5,0,0,21,0,16,15,0,0,7,0,0,0,1,3,0,0,73,144,56,0,4,40,6,0,0,4,7,19,0,11,0
17,0,0,10,0,38,0,43,0,0,14,39,0,0,0,0,23,49,116,96,16,0,9,0,52,42,7,0,13,0,12,24
15,13,17,38,19,0,0,19,4,10,0,0,0,10,0,0,0,112,232,20,10,0,6,3,4,2,0,0,0,0,2,0
0,0,0,0,12,0,0,3,0,0,3,0,12,0,0,0,0,25,133,66,0,0,0,0,0,4,50,0,0,0,0,2
0,0,0,0,17,0,108,108,63,19,18,27,0,0,4,0,30,45,69,6,21,4,0,3,0,3,0,1,2,0,23,0
61,0,0,0,0,0,51,0,69,0,51,13,23,0,0,1,61,1,48,9,0,0,0,0,4,6,0,0,0,12,0,25
1,0,17,2,0,0,0,53,21,0,0,0,10,0,7,53,183,131,0,27,0,0,0,0,0,3,47,0,17,10,3,27
0,11,0,31,0,0,3,26,0,9,32,5,10,10,5,129,0,10,0,41,0,0,0,19,0,0,0,0,0,20,8,0
0,0,15,21,0,0,10,0,16,0,42,0,0,15,3,17,0,16,0,11,0,5,17,0,1,0,0,0,0,49,0,0
0,0,0,0,4,1,0,0,12,0,2,23,5,7,0,0,5,0,3,0,0,8,0,0,0,19,0,0,10,0,9,28
11,0,0,0,0,0,0,12,0,0,19,0,0,0,0,0,16,0,0,7,10,0,0,8,0,0,0,0,0,0,0,2
2,13,0,9,38,38,0,55,0,5,0,23,17,0,0,7,5,2,0,15,0,25,0,0,0,0,0,2,8,0,4,2
0,9,0,45,2,0,6,0,0,20,24,0,41,5,8,23,5,0,11,13,8,2,0,0,30,0,0,0,0,0,9,0
19,0,40,0,0,0,28,0,4,0,2,0,23,4,0,15,0,0,0,12,0,4,39,0,11,16,17,2,25,0,0,22
122,19,18,63,0,35,19,0,0,20,13,19,85,203,38,4,0,0,0,0,0,31,1,6,0,3,68,1,0,0,0,3
13,0,0,0,0,31,0,27,0,0,8,0,46,81,43,0,0,0,0,12,0,1,9,0,13,0,3,21,10,0,0,28
18,20,21,0,0,0,8,89,79,28,17,36,0,86,13,13,0,0,8,0,1,0,27,11,0,0,65,0,0,53,0,0
6,13,26,0,8,17,24,29,237,127,0,14,14,14,108,10,8,1,0,4,0,17,0,23,0,0,0,3,31,0,0,0
76,0,32,0,0,0,16,14,33,10,1,0,16,45,129,44,16,0,13,17,0,2,54,25,34,0,39,0,0,9,0,85
1,0,12,23,0,0,0,29,0,46,18,0,0,6,107,21,0,10,0,0,0,0,0,0,0,0,0,14,2,6,16,0
24,31,0,0,53,24,0,0,19,45,118,0,0,18,42,88,0,0,0,0,0,7,0,13,29,0,3,6,0,0,0,47
58,72,0,0,39,0,30,3,0,0,0,0,30,0,44,7,0,0,106,35,0,0,14,15,0,0,0,0,0,0,0,63
33,0,0,0,15,35,0,0,4,25,0,12,19,17,8,123,29,27,61,0,0,0,31,27,0,0,21,0,3,32,35,33
85,0,8,17,0,30,0,0,0,23,0,2,11,0,25,35,0,0,45,120,186,2,0,0,0,0,0,0,0,25,0,0
0,15,0,13,0,0,3,70,0,0,0,1,15,3,16,16,0,43,0,186,139,0,27,0,13,0,0,8,0,7,0,5
41,30,0,0,31,2,10,10,0,0,0,0,0,1,8,7,27,11,28,0,39,0,0,0,24,0,0,17,6,0,0,0
27,15,29,0,80,0,2,4,0,0,0,0,0,23,3,0,5,20,21,17,12,0,0,9,0,0,0,0,10,0,7,0
90,18,21,0,0,19,160,0,0,25,6,0,13,3,21,5,0,0,4,8,0,0,0,0,0,17,0,0,55,7,0,0
0,0,0,50,0,0,165,102,0,4,0,2,0,0,0,24,10,0,0,0,0,28,10,8,61,6,0,12,0,0,1,0
0,0,0,0,1,0,9,185,15,0,0,0,20,10,9,0,0,0,35,61,16,1,0,10,30,9,64,47,3,25,15,31
0,0,0,19,32,0,49,5,127,0,0,0,0,17,0,0,17,16,31,123,197,101,95,25,0,7,22,0,0,0,0,0
0,6,0,0,17,0,0,0,0,6,0,0,0,36,20,0,1,20,24,23,122,48,109,52,0,0,16,0,25,31,20,0
0,0,0,0,0,7,0,0,0,0,1,29,16,0,0,0,0,0,0,33,86,247,90,49,43,17,27,0,0,3,1,18
0,70,34,0,20,0,5,0,33,0,0,23,34,0,0,11,18,0,35,23,10,6,194,42,130,0,0,0,0,0,0,90
0,0,5,48,10,0,18,35,0,9,3,46,0,0,9,3,0,3,0,33,4,0,14,63,19,27,0,0,0,0,0,2
0,10,0,18,0,0,0,10,0,0,0,136,167,0,0,30,28,15,0,0,0,35,0,5,14,0,0,8,26,0,0,0
19,7,7,0,2,34,4,0,22,58,82,238,236,34,7,20,4,0,0,8,0,0,20,4,0,0,3,0,7,4,0,0
19,20,0,0,0,0,9,0,23,63,108,184,147,34,25,17,0,0,0,13,1,0,16,24,19,0,0,5,18,0,7,68
0,29,0,0,0,8,41,24,0,39,91,0,165,18,0,0,1,0,16,29,0,0,0,31,1,13,0,61,0,18,33,0
0,23,16,0,59,72,0,0,7,3,32,30,70,22,15,14,0,21,35,34,3,0,0,0,0,3,0,1,14,24,9,0
15,14,0,0,0,35,0,0,5,3,2,5,9,2,1,0,1,0,1,0,0,15,4,0,0,30,0,23,10,8,0,37
8,34,3,6,8,28,0,8,0,0,17,15,0,0,17,6,0,0,21,0,0,15,0,18,7,23,0,0,0,0,0,33
42,0,0,19,0,21,0,12,0,40,0,0,2,36,1,0,7,0,29,6,0,0,19,10,0,1,0,0,0,19,0,23
1,6,0,0,0,0,31,0,22,0,14,0,25,24,0,48,22,23,13,0,0,0,0,22,0,23,0,1,24,12,0,0
8,0,33,0,54,0,0,0,8,19,22,0,0,0,0,0,0,0,0,23,14,0,0,0,5,55,7,28,5,0,0,39
3,18,0,0,0,4,0,10,0,20,19,13,0,0,1,10,4,12,6,31,28,0,0,14,0,2,17,22,0,35,0,0
0,5,33,14,35,0,0,8,0,2,0,0,0,6,7,0,26,17,0,0,62,42,33,40,14,0,12,0,22,0,1,0
11,23,0,36,0,1,0,16,19,20,0,2,0,25,0,0,12,0,5,4,100,46,57,96,0,14,0,4,0,9,11,11
97,39,0,20,0,30,0,0,0,0,0,52,21,0,19,87,94,144,0,0,29,225,173,69,0,0,39,0,0,0,14,35
93,41,85,0,0,15,24,0,12,18,33,10,62,67,54,73,67,120,120,21,49,9,1,69,0,21,0,0,3,9,15,0
0,7,66,14,0,0,0,20,89,67,45,95,22,19,0,144,0,118,13,0,0,29,239,162,5,4,0,25,0,0,0,2
0,0,0,89,4,50,42,0,24,26,2,118,0,5,29,0,2,98,141,1,15,46,186,208,48,0,26,0,12,0,0,43
0,6,0,16,57,21,5,0,3,59,64,21,7,42,29,83,2,0,169,39,0,57,48,75,155,0,0,0,1,25,18,0
87,39,0,0,2,0,6,36,0,0,21,0,54,0,56,20,36,73,24,101,0,90,0,54,132,0,23,17,48,16,0,0
0,22,17,0,70,8,28,27,54,13,0,0,2,32,8,28,14,126,5,0,0,28,0,50,0,0,0,0,6,30,14,0
37,1,0,17,0,0,0,20,9,0,16,0,0,0,0,3,0,33,66,29,113,0,37,71,197,45,0,0,18,96,14,0
126,0,26,0,9,0,0,33,27,0,28,25,5,5,12,50,29,0,0,107,166,50,54,93,40,109,7,0,64,72,3,62
0,25,57,0,0,0,0,5,18,6,0,5,3,0,0,0,4,12,0,0,17,36,30,14,41,45,138,103,148,74,0,5
43,0,59,29,0,0,0,0,0,9,2,0,0,19,0,0,0,0,43,49,0,28,0,2,0,0,5,50,31,84,0,0
0,0,0,13,0,2,80,0,11,0,12,6,0,52,73,46,0,0,16,32,0,6,16,5,0,18,22,0,0,20,16,0
0,0,35,0,0,38,0,46,33,26,107,31,117,177,192,143,0,32,36,0,0,0,0,0,12,0,0,9,0,18,4,50
26,0,0,43,0,0,33,9,0,31,48,0,21,0,187,212,41,22,12,20,91,32,45,61,0,0,46,0,0,12,2,29
75,0,58,0,27,52,38,0,0,4,0,0,0,20,2,173,0,27,30,0,108,41,109,83,34,161,52,42,107,0,0,0
0,0,17,0,0,1,0,7,0,0,0,30,0,13,27,7,21,0,13,26,9,18,143,26,98,89,101,21,135,19,7,0
0,0,2,33,0,0,10,8,0,0,0,26,0,4,9,0,26,13,0,10,0,17,7,143,12,42,91,194,228,50,157,20
0,0,8,2,17,0,22,0,0,0,16,16,35,5,38,0,0,9,0,0,10,0,30,0,0,0,0,17,239,53,57,136
0,60,55,0,63,26,24,0,17,31,0,27,0,0,11,13,70,18,16,0,48,77,33,20,11,42,46,75,164,26,57,108
0,47,0,16,0,0,3,10,0,0,0,0,5,0,13,21,0,0,48,0,0,67,4,47,0,0,15,0,0,0,78,116
174,58,0,26,0,0,34,0,0,0,21,0,12,10,23,0,40,11,221,212,195,122,2,16,0,30,5,0,1,56,22,35
0,0,53,51,0,0,5,0,16,45,22,0,149,6,62,0,0,72,81,198,102,5,7,0,0,16,0,26,1,0,8,30
72,3,7,0,0,0,22,0,0,0,4,0,11,30,0,0,0,34,80,177,0,0,0,0,0,0,10,50,11,0,1,0
78,0,0,0,19,2,14,7,32,6,0,15,0,0,6,8,0,26,0,115,0,0,0,0,5,22,21,4,0,26,0,0
0,6,0,0,37,0,0,0,0,8,0,0,0,3,0,0,0,0,7,27,7,9,21,5,0,0,0,0,5,8,0,2
0,13,0,2,0,0,19,0,0,8,24,33,0,0,0,0,10,0,28,0,0,0,0,2,20,0,28,0,14,0,0,0
29,0,0,0,6,8,0,0,0,0,0,44,0,0,11,0,22,9,4,14,0,0,4,0,6,0,9,13,14,0,9,0
13,18,21,0,19,18,0,0,0,23,0,0,0,0,0,0,0,0,0,39,0,6,0,4,0,0,0,0,0,0,5,0
0,0,0,34,0,4,0,5,0,0,34,43,0,0,4,18,0,8,10,6,0,0,10,7,0,0,0,24,14,9,0,17
0,0,22,0,0,0,20,22,21,0,0,26,6,2,0,0,29,0,0,2,0,50,44,24,0,0,27,0,0,0,12,0
0,0,0,0,5,0,0,11,0,0,0,4,18,0,25,0,22,9,33,7,0,0,0,0,0,0,0,0,5,16,0,21
0,39,35,0,0,21,0,40,0,0,19,0,44,0,0,0,17,0,2,13,0,0,0,0,0,10,3,34,228,0,13,8
0,68,29,42,13,0,0,12,0,0,27,4,0,0,2,67,51,74,34,0,13,115,23,83,4,10,0,4,5,127,12,16
0,42,11,0,0,0,0,6,0,0,0,0,95,19,9,48,9,46,115,39,23,13,0,22,0,0,0,23,16,80,23,6
105,10,1,0,35,29,28,0,39,17,0,0,0,50,19,116,18,62,52,130,14,28,113,57,61,0,32,0,84,100,14,0
97,0,0,0,13,54,5,0,0,0,44,93,18,12,26,0,101,53,98,129,156,59,122,114,102,0,0,0,37,237,0,14
0,35,0,0,0,17,11,3,8,9,0,31,17,0,4,0,0,70,0,60,0,64,174,58,82,0,0,10,4,224,0,0
0,9,63,64,0,0,19,31,39,14,2,8,5,26,19,0,0,38,215,108,41,52,27,10,48,1,0,4,0,156,0,0
113,0,26,30,0,0,0,37,7,0,0,32,8,0,19,39,44,26,48,5,16,40,34,71,16,54,0,23,0,64,17,40
49,0,0,0,58,0,26,48,0,19,11,0,0,28,21,33,0,19,0,0,0,17,0,27,121,85,0,0,0,21,142,0
83,8,0,0,0,5,0,0,35,0,0,61,0,3,7,16,0,0,0,7,19,1,0,0,52,127,0,3,0,6,6,3
0,30,26,2,0,0,0,5,0,0,0,60,0,24,9,19,0,0,0,21,2,0,26,19,0,29,0,0,0,9,5,20
81,10,0,8,40,1,0,0,2,0,14,0,0,39,13,0,14,5,150,96,16,0,0,0,0,0,0,0,0,25,22,0
79,37,0,34,0,19,62,12,4,20,15,0,0,2,0,0,0,0,182,27,3,21,0,0,17,20,19,48,0,9,0,61
0,38,35,0,20,0,0,5,29,5,9,0,36,0,0,0,231,112,88,190,0,15,0,23,0,0,9,0,9,33,35,0
0,39,37,21,23,0,0,46,0,0,29,18,0,0,6,23,0,0,196,168,173,22,0,0,31,13,162,158,33,0,0,8
0,21,22,10,4,0,50,0,13,0,0,7,9,0,0,2,0,29,31,104,37,0,13,16,33,48,129,191,23,0,0,0
29,29,0,0,1,26,24,0,0,36,33,20,0,0,10,26,0,7,0,18,7,4,0,0,0,0,234,145,0,31,5,31
0,0,45,0,0,7,0,0,0,19,18,0,0,21,0,4,10,0,25,0,2,18,0,8,10,0,24,0,8,12,6,26
54,0,10,0,28,0,32,41,0,0,0,24,17,0,13,42,0,0,0,4,0,41,22,0,18,1,26,0,6,0,17,0
78,4,26,0,11,0,4,27,9,0,34,16,40,0,26,0,12,5,12,4,42,0,11,6,0,29,18,1,12,0,0,49
0,0,0,0,0,5,0,6,0,0,16,0,0,0,4,7,4,2,0,0,27,152,246,150,191,6,0,5,0,0,2,5
0,0,0,36,18,1,2,0,6,0,0,0,4,6,3,4,4,13,24,0,48,82,16,140,107,0,0,7,1,8,0,0
151,0,41,0,0,8,0,0,3,0,8,0,44,0,0,0,0,43,0,0,3,23,80,63,2,0,0,0,0,31,0,0
0,55,23,0,5,26,3,0,0,7,0,0,0,11,0,0,23,12,20,19,18,0,50,128,0,0,0,4,23,16,32,0
0,0,0,25,0,26,0,0,0,19,0,0,0,13,8,3,0,0,2,13,0,3,11,5,0,4,14,0,11,0,0,25
0,14,0,0,0,13,0,0,0,0,0,18,47,0,4,5,0,18,0,0,0,1,9,0,0,12,0,32,0,0,31,28
65,35,0,26,0,15,0,0,1,0,0,17,0,0,0,0,16,0,0,0,0,0,21,0,0,37,4,0,0,25,0,48
58,3,3,0,0,0,1,30,13,0,10,13,9,0,10,0,5,10,14,4,21,0,53,0,5,2,0,0,0,24,0,0
0,3,0,0,21,8,7,0,52,0,9,0,7,14,0,0,0,0,0,0,1,0,0,11,0,0,16,0,17,23,15,0
0,18,0,0,24,0,12,9,6,0,25,0,0,18,0,6,12,13,6,28,8,16,0,16,43,17,0,5,0,0,0,0
29,0,0,28,0,0,0,12,39,29,0,28,21,3,0,0,0,23,0,0,0,29,9,0,0,20,8,2,0,0,11,1
0,7,0,0,0,10,0,14,0,8,5,0,0,0,0,0,7,0,13,0,5,0,0,0,0,1,0,0,0,10,0,0
0,60,13,0,0,19,0,14,0,0,0,23,0,0,0,37,6,24,13,0,0,0,12,16,8,4,0,0,12,45,0,0
0,0,0,24,0,0,0,0,24,6,15,0,0,3,11,87,31,69,85,0,15,0,27,12,32,6,23,0,5,7,8,0
35,0,0,0,0,0,0,0,1,0,9,0,60,0,0,71,0,15,43,10,11,19,34,21,0,3,0,17,0,25,15,0
0,15,0,0,14,13,10,0,0,22,23,20,88,35,3,36,0,20,18,91,0,0,82,34,0,5,0,1,0,5,0,38
97,0,0,0,0,0,0,0,0,0,0,86,37,0,10,17,34,63,82,42,111,4,51,6,34,63,53,4,0,0,0,0
0,27,29,0,0,0,8,0,0,11,0,0,9,53,0,60,16,50,70,0,0,7,44,0,52,0,43,61,73,0,2,0
85,0,4,0,16,0,24,0,0,16,0,20,25,6,0,12,8,5,0,19,14,9,2,0,24,0,0,0,27,0,19,6
0,0,3,0,8,0,0,14,2,0,12,3,10,37,25,43,24,18,29,0,0,14,0,0,3,0,0,0,0,0,0,53
0,11,0,0,0,19,0,19,1,14,0,0,0,3,0,5,4,17,0,0,13,15,0,5,0,0,0,0,0,19,0,0
39,0,12,0,63,0,16,0,7,0,2,0,0,7,7,0,0,19,11,0,15,0,9,0,0,0,0,6,16,0,8,4
0,3,12,8,27,7,25,18,30,0,0,2,5,0,0,9,0,0,8,8,0,17,13,1,0,0,74,0,9,0,17,1
0,0,0,0,0,0,17,3,0,0,14,7,28,34,0,0,0,1,25,0,4,0,0,0,3,105,42,1,113,59,27,0
103,4,22,26,24,0,35,0,0,7,0,9,6,0,7,0,0,16,0,8,38,13,0,33,0,35,53,9,26,22,24,22
0,0,22,27,31,0,0,48,15,29,5,18,0,36,20,0,95,17,25,13,19,32,40,39,34,0,25,2,20,6,0,5
0,19,37,6,28,0,6,7,0,5,0,0,0,0,0,0,0,7,81,19,51,12,6,13,0,0,45,55,0,16,11,0
0,0,8,0,49,0,18,0,0,0,0,0,2,3,0,0,16,3,7,0,14,9,0,0,7,24,0,15,25,0,0,10
7,0,0,13,17,8,0,23,0,28,25,29,3,2,3,13,0,2,5,0,0,20,0,10,0,0,0,13,0,37,0,5
0,31,13,5,13,0,14,0,15,0,18,8,0,19,0,0,6,0,0,10,16,3,4,0,1,5,3,7,11,18,0,11
0,13,1,0,0,0,0,10,7,0,5,3,6,6,0,0,0,0,4,0,0,0,19,0,12,0,32,0,8,22,0,8
0,0,0,42,7,0,0,0,4,7,0,12,20,0,17,0,21,0,5,13,20,0,26,0,0,16,59,91,12,143,0,0
0,3,0,16,10,11,16,29,0,0,20,0,0,0,5,0,0,2,29,0,2,1,0,0,46,39,135,21,64,101,132,64
88,38,31,0,19,20,9,0,0,0,2,7,0,0,0,0,0,2,0,14,24,0,17,0,74,54,37,41,245,19,19,108
0,0,17,2,18,0,0,6,0,0,17,0,0,0,3,3,8,0,11,2,19,0,0,0,0,25,0,6,98,107,42,27
0,4,18,0,5,7,10,21,4,0,1,4,0,0,0,0,0,0,19,3,15,0,22,2,0,15,21,20,49,137,30,0
0,14,0,0,0,16,0,5,3,0,8,0,0,17,18,3,2,0,0,0,2,0,3,3,0,20,0,27,10,6,50,19
0,0,0,4,26,0,0,3,9,0,0,20,0,16,0,15,0,0,0,0,0,17,10,0,1,2,3,17,0,16,0,100
0,0,0,11,14,0,0,10,8,0,8,0,4,2,0,6,0,0,0,0,0,14,0,0,10,0,0,11,0,5,0,0
24,0,0,23,0,0,0,10,17,6,6,18,5,5,0,4,13,6,0,4,11,0,10,4,9,8,14,4,12,0,0,59
3,0,6,17,16,0,0,0,16,0,8,0,0,26,10,23,1,17,0,24,0,0,0,0,1,0,3,22,0,0,0,0
0,1,10,14,22,5,0,0,5,3,0,3,14,9,26,13,0,0,0,13,0,21,9,0,0,7,0,7,14,0,7,0
0,39,19,0,8,19,0,7,0,27,0,0,0,1,8,0,1,0,6,0,0,14,0,0,0,0,10,2,7,11,13,8
