93,12,0,0,2,0,0,5,0,0,0,13,13,0,11,0,0,0,0,3,0,0,2,11,3,0,0,0,0,0,0,8
0,10,0,10,6,0,3,0,8,0,4,3,7,0,1,0,0,0,0,6,0,4,0,0,0,1,0,0,0,0,11,12
19,2,9,0,0,6,4,0,0,0,0,12,3,0,0,0,43,0,0,4,4,9,4,0,0,0,0,3,4,0,0,5
15,0,0,0,0,0,0,11,8,2,0,3,24,10,8,0,8,34,0,9,4,0,0,0,0,1,0,0,0,0,1,0
0,0,2,10,0,2,1,0,7,0,9,9,1,14,0,67,5,0,3,30,3,0,10,0,0,13,13,2,1,0,0,4
11,0,13,2,6,0,26,0,7,0,5,88,0,0,0,0,0,66,0,6,25,2,0,0,0,9,0,0,0,0,13,0
0,0,6,9,0,0,7,0,7,42,20,0,1,0,1,3,0,2,5,9,0,0,0,0,17,2,18,1,0,0,0,3
0,0,7,0,0,11,8,4,16,9,32,17,1,12,4,0,7,0,2,0,3,0,0,2,7,1,0,0,5,11,5,11
0,0,0,16,1,0,5,9,17,32,8,0,25,11,0,17,0,9,6,26,4,0,0,0,1,0,0,8,0,13,0,7
0,4,0,0,0,9,0,0,2,0,0,0,4,23,0,4,0,0,0,0,0,0,0,0,0,4,8,14,9,0,7,0
0,0,0,0,0,0,1,0,0,4,2,23,16,0,0,18,3,0,0,1,0,1,0,0,12,5,0,0,0,0,10,0
19,0,0,0,17,0,0,0,4,0,0,7,0,2,0,0,0,15,0,19,0,0,0,20,0,6,9,0,3,0,4,0
0,2,7,0,10,0,3,0,9,10,0,0,22,6,7,0,0,8,56,16,0,9,0,0,0,0,18,0,8,0,18,0
26,1,0,5,0,7,3,0,0,0,0,0,0,6,0,0,1,0,0,0,4,0,12,0,24,27,0,0,0,0,0,7
15,0,0,0,0,6,0,15,16,29,0,0,12,0,0,0,0,0,5,0,0,0,20,0,0,16,24,0,18,0,0,0
180,2,0,8,16,0,17,0,11,7,0,0,6,0,2,6,0,0,0,16,0,0,0,4,7,1,45,0,2,0,0,0
0,10,0,0,0,0,0,33,0,0,19,0,10,3,20,0,0,0,0,17,0,0,0,0,0,6,8,0,19,0,8,0
216,0,4,23,0,0,0,0,0,24,12,16,15,0,0,17,4,0,9,4,0,0,0,16,5,0,30,42,0,3,0,0
129,30,0,0,9,16,0,0,27,13,0,0,18,8,19,0,0,15,0,0,3,0,2,33,0,20,18,40,0,8,0,32
0,28,0,0,24,0,32,9,17,42,14,0,6,24,11,7,5,0,0,14,0,0,0,29,33,0,0,0,19,0,48,0
195,0,3,24,36,0,0,30,21,0,0,0,34,16,16,0,0,0,0,14,0,13,0,8,0,0,0,90,5,0,32,13
9,0,0,0,0,0,28,32,2,21,0,0,0,11,3,0,0,16,24,20,2,0,8,12,0,20,0,0,0,23,0,0
0,3,0,0,37,4,20,10,12,6,0,0,25,4,0,5,0,16,0,0,0,10,19,0,0,8,6,5,3,0,0,0
16,0,7,0,0,0,5,76,16,42,23,6,0,0,0,14,7,8,0,0,28,0,0,0,16,0,0,2,0,0,1,0
0,11,22,0,4,21,16,0,7,0,0,18,11,10,0,0,13,13,19,0,5,0,0,11,0,16,20,0,6,0,13,10
0,0,0,0,0,0,23,30,5,0,47,4,16,0,18,16,0,0,10,0,1,27,29,3,22,12,0,0,13,0,15,31
6,0,1,0,0,0,30,2,0,0,8,7,0,0,22,0,0,4,8,16,6,12,0,7,17,0,0,14,7,0,0,0
29,6,21,35,7,0,0,16,0,0,11,9,30,0,0,0,5,18,0,0,0,35,0,8,0,0,0,2,0,0,15,0
0,0,0,0,0,21,0,27,39,0,0,0,0,0,23,6,0,0,0,0,0,0,7,16,18,0,0,0,0,31,0,0
23,0,0,0,5,5,8,0,17,20,24,0,0,0,0,0,35,0,0,10,0,0,10,0,0,12,8,0,0,0,0,0
16,3,84,17,0,0,3,3,0,10,30,4,9,8,0,38,5,13,0,5,1,2,0,0,30,0,0,0,19,0,7,70
0,14,0,25,9,11,0,0,1,0,17,8,2,18,16,19,0,0,0,12,16,0,0,22,1,0,0,10,0,0,8,6
22,16,0,8,17,0,67,42,0,0,5,0,196,15,2,0,9,0,16,0,0,20,0,0,14,15,2,0,0,5,0,0
7,0,0,22,0,24,171,12,0,6,19,43,229,2,12,29,0,0,0,0,38,41,0,0,0,7,0,2,3,0,30,0
0,0,3,9,19,0,236,40,1,19,0,0,41,28,17,0,29,6,0,18,0,23,0,0,5,13,0,39,2,0,13,3
0,0,0,77,3,91,105,8,29,5,33,104,16,26,0,0,19,32,16,3,40,0,34,58,9,9,6,6,0,9,11,11
0,0,13,48,0,69,227,14,51,13,55,168,2,28,0,37,0,11,0,0,0,0,0,49,27,14,25,27,0,0,0,0
34,10,17,0,1,140,81,5,21,0,53,93,0,6,8,10,24,7,0,0,8,12,0,0,0,13,0,0,1,0,0,24
0,0,4,0,0,99,66,9,0,0,37,32,0,0,1,0,0,0,16,0,16,0,0,31,0,6,0,28,0,1,0,0
1,7,0,0,0,4,0,9,0,0,41,43,4,0,95,48,0,0,19,0,0,0,21,1,22,13,50,0,30,0,50,52
34,1,0,0,0,4,12,0,12,0,31,26,15,11,28,151,0,0,39,11,3,19,0,0,0,35,13,0,0,24,1,62
112,20,0,0,6,28,0,49,0,0,0,10,0,3,160,0,6,2,121,0,0,0,24,18,12,0,9,9,0,0,5,18
77,6,0,0,33,48,0,0,8,0,53,0,0,113,250,42,0,0,114,0,0,30,21,0,35,47,0,0,0,0,0,62
139,25,16,0,61,29,0,0,3,0,0,1,23,98,56,0,0,9,75,0,12,10,33,5,0,0,20,10,17,18,38,12
84,9,0,0,0,2,0,0,8,0,26,9,6,13,0,0,1,0,14,27,0,0,5,0,0,16,0,22,0,0,0,53
9,11,1,4,0,3,25,0,17,20,7,7,0,0,20,0,22,58,15,0,24,0,4,0,27,5,0,0,0,0,5,0
11,20,0,0,0,0,0,0,31,3,0,0,0,0,0,0,9,0,0,0,29,0,0,0,20,19,33,7,12,0,0,28
0,0,4,24,0,5,13,12,4,0,51,0,9,15,54,37,47,0,6,0,0,12,0,1,13,16,38,0,0,33,0,32
163,39,7,9,0,0,13,0,0,7,0,36,75,0,2,0,0,0,0,3,6,14,8,10,27,0,27,0,24,0,9,11
16,102,41,28,62,0,0,0,0,0,4,54,96,175,0,1,0,13,4,0,12,0,0,0,0,9,2,19,33,0,0,5
63,171,216,0,10,12,0,0,0,23,0,103,19,53,0,23,0,9,0,0,0,38,0,5,0,0,0,0,28,38,0,0
251,145,0,8,21,0,23,27,0,0,0,47,81,251,7,0,5,0,21,0,4,0,0,0,0,0,0,36,27,0,48,42
201,3,13,0,19,0,0,0,22,5,0,0,139,42,0,0,10,30,17,0,18,0,19,6,14,12,0,54,0,0,0,0
132,3,21,1,2,0,21,21,14,3,31,0,0,44,18,40,21,0,37,7,45,0,31,0,0,16,32,1,17,42,0,31
173,11,2,15,38,18,0,11,0,0,0,0,0,16,13,0,2,7,0,25,1,6,25,7,5,17,11,14,0,39,7,0
9,0,0,7,0,6,8,3,0,34,0,0,0,0,0,2,0,3,0,21,0,12,0,0,0,0,27,0,2,0,10,0
22,0,0,0,18,0,0,1,0,14,0,11,0,6,0,33,0,0,20,5,51,44,0,24,0,0,0,0,0,11,0,22
0,0,6,3,42,21,0,2,0,0,0,0,10,0,3,12,0,21,31,5,7,0,12,44,0,0,0,2,3,0,4,0
0,13,5,0,3,0,0,3,32,0,43,0,14,3,0,2,3,0,15,0,0,0,0,3,48,16,35,0,8,0,0,0
19,0,0,0,0,4,13,27,17,29,9,0,0,33,0,1,10,28,0,0,13,0,6,6,0,23,20,0,11,12,5,11
5,0,0,0,8,22,34,0,0,24,14,0,0,0,0,0,0,24,0,0,0,27,0,16,0,25,0,0,13,0,10,0
27,0,14,0,0,10,5,0,0,44,7,0,7,0,22,0,13,12,30,0,31,0,0,0,22,21,0,10,13,0,0,30
17,0,44,13,37,4,0,28,6,27,23,2,0,0,0,14,0,0,0,0,10,2,0,0,7,0,9,40,0,0,38,0
27,0,0,0,43,11,7,0,0,0,0,0,0,17,8,0,0,0,10,14,11,27,0,10,18,0,8,0,2,24,0,0
0,0,0,0,0,19,14,0,40,77,46,0,0,5,171,0,44,0,13,45,0,0,11,23,0,0,35,0,0,0,6,0
59,21,42,0,0,0,19,0,66,197,58,4,0,0,176,18,6,0,5,0,3,0,26,20,51,0,0,0,0,5,0,0
42,7,0,7,21,0,0,35,10,151,14,6,12,22,220,0,2,0,0,14,44,23,31,0,13,16,8,0,0,0,17,32
83,0,46,35,46,0,0,54,205,0,13,3,0,58,58,18,0,0,0,0,0,28,0,0,30,0,33,0,0,0,0,52
83,0,19,0,24,0,18,20,190,17,0,0,3,64,51,0,0,0,0,0,0,3,3,3,0,0,13,34,16,25,0,0
24,9,0,0,55,30,0,60,184,71,1,0,0,253,63,0,0,0,30,16,0,0,0,19,10,11,19,0,0,0,4,0
59,0,17,0,0,0,0,21,73,19,23,51,22,226,0,4,3,0,31,15,0,0,23,22,5,30,78,12,21,0,0,24
57,26,0,0,0,29,0,117,113,74,0,31,37,124,0,27,24,28,11,0,0,0,5,0,0,0,0,20,26,4,28,0
0,7,18,14,8,28,10,21,94,0,41,0,225,49,0,0,55,64,42,33,0,1,0,0,0,2,0,0,0,13,8,57
39,151,3,6,5,0,19,0,37,0,0,0,124,166,0,0,0,22,110,0,0,0,0,34,0,36,44,2,0,20,0,0
0,163,149,13,1,41,12,45,0,0,28,13,0,45,27,56,33,0,142,21,2,0,7,14,31,33,4,0,3,4,54,0
0,67,254,0,27,65,2,0,21,3,0,0,0,33,52,0,136,1,63,0,38,0,51,0,0,0,0,40,5,30,0,0
0,228,14,4,0,9,21,0,16,0,19,0,8,4,65,63,198,250,14,0,44,0,0,6,0,0,22,18,0,9,6,0
53,204,67,0,2,0,0,88,3,0,0,0,3,0,10,64,47,13,14,37,0,0,0,15,0,16,0,4,8,6,13,38
46,4,18,13,27,0,0,97,8,28,2,0,8,0,10,13,0,0,3,0,4,22,0,0,0,12,0,39,1,0,14,0
50,0,21,0,17,36,44,224,189,80,18,58,0,27,3,0,15,0,29,0,12,36,12,23,0,0,0,0,0,3,0,0
0,0,18,0,13,26,1,1,0,0,8,170,159,27,37,7,18,0,65,8,1,0,0,0,0,0,22,0,0,34,27,0
53,1,0,0,0,0,8,0,36,0,0,17,136,83,8,7,0,0,64,0,55,0,8,0,0,0,0,2,2,2,16,0
14,0,100,32,0,0,0,0,0,0,19,45,45,36,116,104,6,123,0,0,0,1,1,5,0,3,0,0,14,0,0,60
0,152,184,168,75,86,0,0,16,29,0,26,81,111,230,171,28,23,31,0,0,18,0,0,4,0,21,21,37,0,27,69
0,5,33,75,98,0,43,10,12,0,11,16,0,157,162,219,35,0,13,0,30,0,25,10,36,0,0,29,0,0,0,0
53,146,92,56,33,23,21,39,0,1,0,0,21,0,164,82,26,0,6,0,3,0,0,7,40,0,0,13,0,0,0,36
29,124,126,15,19,18,0,25,0,14,0,0,0,28,176,181,2,0,14,0,0,12,33,8,4,15,0,0,14,16,0,0
99,39,61,0,27,43,11,0,14,16,0,20,62,7,196,0,0,0,33,10,5,0,0,1,0,0,0,25,5,35,0,0
0,0,0,0,15,0,0,20,6,7,5,7,0,17,36,0,0,0,0,0,6,0,0,32,11,0,0,4,0,0,12,0
0,0,39,0,30,0,14,6,0,6,20,31,115,0,21,0,0,28,48,0,0,10,3,0,0,16,6,0,8,7,20,22
0,0,13,11,8,23,0,49,0,0,0,0,0,0,18,27,29,0,0,0,0,0,38,22,0,39,0,0,0,0,0,53
0,0,4,30,23,0,67,5,7,0,12,0,26,0,8,9,27,0,10,14,0,0,0,13,3,5,0,16,0,0,0,0
0,9,0,14,5,9,6,0,22,0,0,10,7,0,9,9,0,0,0,18,0,1,0,31,0,0,0,0,0,0,0,10
0,0,0,25,6,0,0,0,0,0,0,33,1,19,1,35,12,9,0,0,0,5,0,0,0,4,33,14,0,8,0,38
12,9,3,20,0,0,0,0,0,0,0,0,9,0,8,0,0,2,22,2,0,0,0,3,0,22,4,0,0,8,16,29
4,0,3,25,5,0,0,18,10,15,0,32,7,0,0,0,25,0,0,24,22,0,62,26,0,8,24,7,0,24,0,0
0,0,0,29,0,0,12,0,0,17,32,0,0,3,0,29,8,0,8,0,10,2,22,30,0,13,0,0,0,0,0,50
40,0,0,20,0,0,0,0,7,0,20,6,0,0,29,40,0,0,0,0,0,0,2,0,2,0,14,0,0,0,0,0
0,0,0,0,0,0,11,0,0,3,16,0,0,11,0,0,38,2,0,12,0,30,0,0,0,4,23,0,12,30,0,41
94,13,0,0,44,7,4,0,12,0,21,130,0,4,17,98,13,57,0,5,0,4,2,62,20,4,18,7,0,0,19,0
41,33,1,41,0,0,0,17,47,0,32,55,48,0,0,92,102,0,0,10,0,17,41,0,0,5,30,0,13,23,0,31
87,31,33,0,20,0,14,34,0,0,127,139,0,0,14,43,100,10,9,0,13,0,9,0,0,39,0,0,1,19,13,17
0,32,4,12,0,0,0,0,0,18,12,8,0,19,29,221,172,16,0,27,0,16,0,37,0,0,30,0,65,0,0,0
0,0,0,0,0,27,6,42,56,170,151,126,0,44,16,89,59,0,0,0,0,0,30,0,5,3,66,5,0,0,0,39
41,10,12,14,20,29,20,0,13,1,98,73,0,0,187,171,24,0,15,19,0,20,0,0,7,0,33,0,0,45,0,85
26,0,41,36,0,0,0,14,56,227,132,24,8,31,215,108,2,0,0,5,0,0,0,4,1,0,24,7,0,21,0,20
9,50,0,22,0,32,29,15,0,46,182,26,2,151,175,176,29,2,0,94,56,0,5,0,0,0,27,0,28,48,0,26
30,28,169,232,0,0,0,19,28,111,0,0,0,0,20,135,62,7,34,230,22,0,0,0,0,61,16,0,0,0,0,0
48,17,85,177,0,0,0,0,0,15,0,0,0,6,22,0,34,55,98,157,52,10,0,0,7,0,0,0,26,0,27,18
24,2,149,112,37,0,35,0,32,0,25,0,5,4,0,34,0,0,83,169,24,0,101,2,0,33,22,19,0,0,0,0
34,0,51,142,0,4,0,0,45,5,17,37,51,55,7,31,54,0,163,234,0,31,44,16,0,24,40,0,50,0,0,50
0,0,0,0,16,5,26,0,7,74,134,65,10,9,0,8,0,18,1,8,1,21,17,59,0,21,0,0,6,17,0,38
91,0,14,15,56,0,38,0,0,1,139,57,0,0,19,0,14,25,11,0,0,78,0,0,0,13,66,0,0,0,0,0
88,7,0,29,4,9,0,12,0,10,83,0,47,136,52,0,18,31,0,9,28,0,4,0,0,7,0,8,0,0,0,37
8,0,0,0,11,0,5,36,12,0,14,4,22,35,193,95,15,0,14,0,0,0,0,10,0,0,0,0,18,0,0,0
53,25,0,30,0,12,0,0,0,6,0,24,45,0,71,207,18,0,26,24,2,0,0,5,3,0,32,0,29,23,30,70
54,11,26,64,39,26,12,0,0,15,1,31,0,0,118,89,85,16,15,7,0,2,0,8,13,5,0,0,0,0,73,39
0,60,4,85,216,179,158,4,60,4,0,38,0,0,76,27,41,156,28,10,19,0,14,0,39,0,0,0,0,21,0,46
0,0,39,43,237,157,43,0,0,19,0,25,0,0,80,0,177,187,0,0,0,8,0,0,17,18,0,0,0,26,39,58
0,4,28,1,84,0,0,0,0,0,8,2,13,30,15,41,221,122,24,0,0,1,6,35,17,0,0,4,7,4,22,0
0,0,31,0,79,30,12,0,0,31,14,0,21,0,6,16,89,219,30,0,20,6,0,35,25,0,0,0,0,21,0,0
40,3,1,0,0,41,33,0,1,0,50,0,0,0,7,12,27,1,0,0,7,0,0,16,19,0,0,0,0,31,0,5
0,0,0,42,16,0,3,12,0,4,0,5,15,4,2,0,0,0,0,15,22,0,0,23,18,18,34,14,0,0,5,5
0,0,0,17,0,0,10,0,0,0,0,3,0,19,0,1,0,0,0,18,29,0,15,22,0,0,8,19,0,0,23,0
38,18,15,0,19,17,0,10,15,11,0,0,4,0,15,24,0,0,0,0,0,6,0,0,2,0,0,9,26,0,0,43
0,0,0,0,0,0,0,33,15,0,0,0,22,0,0,0,12,0,0,0,16,16,14,0,0,0,43,0,19,0,20,0
9,0,0,4,13,0,0,0,0,38,0,9,0,26,2,0,11,0,6,0,8,0,6,23,0,0,27,0,0,5,14,0
16,11,0,0,0,0,0,0,34,0,19,27,38,0,0,13,10,0,16,21,17,0,0,0,0,0,16,1,16,14,11,0
0,0,3,8,0,0,50,0,63,45,0,0,6,19,0,0,10,4,0,0,0,15,14,2,0,0,0,0,12,12,0,0
84,14,16,0,13,18,17,24,0,11,0,3,0,0,0,42,10,13,6,10,0,0,0,0,0,53,33,47,0,0,0,68
82,19,7,5,0,4,0,1,19,23,0,14,0,24,4,11,33,0,0,15,0,0,0,4,0,17,78,0,0,0,21,0
19,0,13,0,32,0,0,52,0,9,79,2,0,17,17,21,20,28,4,4,3,0,0,46,0,0,0,0,0,47,0,0
0,0,3,0,46,16,0,0,79,35,52,30,38,0,25,24,37,65,51,190,11,0,0,26,0,0,56,0,0,0,0,34
100,0,0,20,0,14,0,5,3,4,0,80,0,52,34,0,12,117,51,82,59,0,0,0,0,0,3,0,13,5,0,0
67,0,9,0,24,9,0,0,0,0,92,0,22,44,1,3,16,37,85,238,0,0,0,0,39,39,38,10,0,14,11,0
142,0,29,6,0,0,2,28,18,2,67,4,22,71,17,14,20,0,32,12,19,11,4,0,48,0,0,0,0,16,7,51
26,17,23,42,0,0,36,16,42,0,67,121,83,211,9,42,54,160,216,13,0,0,6,0,3,9,0,19,52,0,34,55
0,6,0,0,24,30,44,16,1,24,0,0,0,164,25,0,30,30,165,15,15,0,0,7,0,10,0,11,0,10,9,0
35,0,20,0,0,2,0,2,0,0,3,77,211,175,7,13,45,100,112,0,8,22,0,2,6,0,0,0,1,14,0,0
0,90,72,3,0,0,0,0,0,0,0,34,137,159,0,28,10,59,209,5,49,5,3,0,11,0,0,0,0,0,0,62
0,0,0,80,0,21,11,0,0,29,27,0,145,20,21,0,42,252,171,0,33,26,0,3,0,0,23,16,0,38,3,76
92,18,76,39,3,51,90,0,0,0,0,22,71,30,9,34,42,233,165,34,51,33,63,0,0,11,0,38,17,0,28,0
0,0,38,49,0,109,9,0,5,47,0,7,0,0,27,19,52,18,0,0,58,0,107,25,0,30,0,0,20,0,0,0
140,8,9,16,20,130,138,0,0,0,36,47,0,0,0,15,14,0,147,54,96,45,0,0,0,36,0,0,0,0,55,10
143,5,0,0,14,152,176,0,0,8,0,38,0,24,0,0,44,0,31,54,235,195,0,1,0,0,0,2,0,33,0,0
96,10,0,0,43,74,29,20,6,20,46,72,185,0,0,0,0,0,14,18,21,32,12,7,59,3,0,0,0,33,0,0
0,17,0,6,5,0,0,0,1,0,0,226,95,74,0,49,39,0,0,10,0,0,3,1,0,0,7,0,0,28,0,0
21,6,30,15,22,0,0,0,0,0,0,217,56,64,13,93,14,0,0,10,0,7,57,38,0,6,0,27,0,87,0,0
0,10,31,28,7,0,0,66,0,0,0,9,0,18,8,28,18,253,7,19,0,27,58,0,44,0,49,53,40,0,5,0
42,2,24,8,0,0,7,22,9,0,12,0,20,0,14,94,83,147,95,25,0,51,59,0,5,5,51,0,28,0,35,0
0,0,47,0,0,123,90,0,0,0,1,0,18,2,0,0,84,131,146,180,0,11,75,35,0,8,0,16,33,16,32,12
0,6,34,0,0,191,152,194,102,47,5,0,5,0,0,36,81,104,30,106,83,25,0,0,22,47,0,12,11,0,2,27
0,4,0,0,3,0,208,123,12,29,22,0,8,11,0,24,17,53,16,19,156,23,0,6,0,0,0,0,0,26,3,0
0,21,0,0,0,113,73,109,0,25,0,10,0,0,0,0,24,59,8,128,188,2,0,6,0,17,0,0,31,0,37,26
0,0,13,15,0,62,167,15,0,8,6,0,5,0,0,0,0,19,152,179,134,0,13,3,9,7,48,2,48,31,31,0
0,0,0,0,0,0,70,167,25,0,5,24,14,0,0,0,16,13,89,39,0,8,0,17,18,0,3,37,52,39,32,6
94,0,0,0,13,0,12,0,26,23,11,0,20,0,0,0,5,64,237,7,16,26,0,21,0,0,0,42,0,0,0,0
0,0,0,1,0,0,0,0,0,0,9,0,0,15,0,39,12,16,28,23,14,22,4,2,0,0,0,8,0,0,0,4
0,0,0,0,12,4,1,0,16,0,37,16,0,42,0,0,17,0,0,1,0,0,0,6,0,33,78,16,0,3,0,44
0,0,3,50,0,27,0,0,5,6,0,2,0,3,0,0,0,0,0,62,0,0,13,28,0,0,27,26,16,0,13,32
85,0,0,8,0,0,0,3,16,11,48,0,0,0,39,0,25,23,19,19,19,0,32,0,14,22,38,0,0,6,23,0
0,22,0,0,22,41,0,17,44,7,40,0,0,0,0,29,0,0,7,0,0,2,13,0,0,0,0,36,16,20,33,0
0,3,0,0,0,0,0,34,0,0,0,15,0,7,0,0,16,0,0,0,0,33,0,0,0,35,23,0,0,10,0,0
0,16,7,0,38,0,0,52,0,6,0,20,62,0,16,0,0,0,0,9,7,7,0,21,0,19,8,0,1,16,0,0
162,10,8,0,49,0,2,9,36,0,30,0,37,68,0,0,0,9,0,20,14,0,0,44,0,32,31,0,83,0,6,46
0,0,0,0,0,16,0,24,16,16,0,78,0,3,0,9,31,28,13,67,90,0,0,8,0,0,0,5,0,14,0,0
106,56,25,0,0,66,21,0,0,49,0,59,45,0,25,42,28,0,0,7,37,18,43,0,0,21,71,0,19,0,16,0
0,0,0,0,0,0,6,0,4,23,48,32,38,56,0,0,0,8,41,25,0,101,72,4,0,16,19,0,0,0,0,0
92,0,8,0,0,0,0,0,18,35,13,68,56,34,7,48,11,0,0,34,1,141,44,29,19,7,0,3,27,0,0,0
129,0,48,0,18,13,1,0,6,12,0,21,0,11,68,48,0,19,0,0,80,112,11,0,0,4,18,16,0,0,0,0
82,0,23,14,0,0,0,36,0,0,40,6,0,145,118,91,112,12,17,101,139,23,14,0,26,0,0,0,13,0,4,0
99,0,66,15,0,0,0,17,21,2,28,16,44,17,106,216,88,17,0,41,72,203,0,0,0,0,32,0,10,21,0,55
90,0,0,29,0,0,0,0,15,0,0,23,38,86,107,10,21,5,66,42,88,2,5,0,0,2,7,18,0,0,14,60
31,0,38,13,0,56,28,87,0,0,0,15,0,31,31,70,66,0,78,63,66,13,0,0,0,22,21,38,55,15,0,70
102,0,8,0,0,0,50,34,7,1,24,21,33,5,87,115,0,0,0,179,171,11,53,0,0,22,0,0,0,0,0,0
108,5,7,2,0,0,0,72,8,0,0,0,15,10,16,36,48,0,0,92,11,2,5,40,94,147,0,0,2,0,50,0
0,0,9,0,0,16,46,45,20,0,13,0,14,16,13,0,50,11,59,215,155,0,45,48,38,23,0,0,48,16,0,0
0,0,9,0,0,0,11,66,190,0,0,0,12,18,7,0,0,4,0,0,20,8,57,58,80,22,0,17,0,0,0,47
62,55,17,0,0,0,0,17,177,0,26,0,2,40,0,0,59,10,37,17,14,103,0,212,1,9,45,26,11,0,45,0
74,0,0,0,0,0,7,19,229,0,0,0,14,41,19,6,38,13,28,8,7,3,119,66,68,0,0,120,0,0,11,0
97,0,29,0,0,0,6,1,52,0,24,0,1,31,139,40,11,23,0,32,0,0,57,161,0,16,54,53,0,98,0,0
80,5,54,1,10,0,23,0,0,6,25,14,65,21,175,0,0,30,64,0,0,16,0,19,0,38,0,0,0,0,13,31
0,14,12,4,51,37,21,0,6,29,61,3,0,1,0,0,0,19,59,0,0,0,0,19,0,0,0,0,0,42,0,0
64,17,26,29,0,18,0,13,0,0,0,22,23,0,4,13,0,0,117,31,73,0,40,21,3,0,0,0,0,0,0,42
0,0,0,18,0,11,0,33,0,45,7,0,6,10,7,34,14,3,80,141,57,86,0,0,0,0,17,4,0,0,26,0
0,0,0,42,0,2,0,7,32,28,0,7,0,0,17,25,0,40,0,60,91,27,0,0,0,14,0,0,23,0,0,62
0,50,0,0,47,20,1,80,105,47,88,41,0,10,0,0,9,12,3,0,34,0,33,16,0,11,0,0,0,0,0,0
0,8,0,0,0,0,0,0,103,63,6,0,34,31,7,0,20,2,0,0,0,0,11,0,0,0,0,8,39,0,0,20
28,0,0,2,0,1,12,17,79,118,9,0,0,0,1,0,0,4,0,0,0,0,12,9,0,28,0,33,0,0,39,0
14,0,0,5,0,12,0,0,0,134,0,11,26,16,0,0,7,0,5,0,0,0,41,0,0,0,9,0,10,6,0,22
0,0,10,0,38,20,0,34,0,21,0,0,6,31,7,0,0,0,43,25,7,0,0,9,0,0,6,1,5,0,26,54
19,17,13,0,0,51,0,0,0,2,4,0,0,0,25,0,0,16,0,6,0,0,0,19,2,8,23,0,27,0,0,63
0,0,8,0,48,0,3,0,14,14,7,0,0,0,0,11,7,0,0,0,0,0,29,23,0,0,0,6,0,23,0,0
19,0,0,32,0,0,0,13,0,0,0,0,15,6,6,0,33,10,22,21,7,24,18,13,0,0,19,1,0,20,8,0
0,15,0,17,19,0,0,0,0,4,0,10,48,51,0,32,0,18,28,0,0,25,0,0,36,0,0,0,0,21,0,7
0,0,8,0,8,0,8,0,0,24,37,3,53,1,0,13,0,0,8,6,1,0,0,23,0,13,1,0,0,16,0,0
0,0,0,26,0,0,30,10,22,0,0,25,0,27,0,0,0,0,19,18,0,0,10,0,0,13,0,0,0,12,1,0
37,0,25,0,0,24,0,0,0,0,0,86,0,24,16,0,8,19,0,0,32,0,0,0,0,1,0,0,11,6,7,0
8,0,24,0,4,0,0,34,0,14,44,0,10,0,0,23,3,19,11,0,0,19,24,0,0,0,0,0,0,40,30,29
17,0,0,7,0,0,21,6,0,12,39,1,11,0,37,10,0,0,70,2,24,15,0,0,0,0,0,0,0,5,0,0
122,31,0,6,0,0,0,40,0,22,0,0,20,56,1,0,11,9,0,0,0,40,16,0,17,17,20,20,37,0,11,20
35,0,21,0,14,0,1,27,24,0,0,23,0,0,19,0,0,32,0,2,0,26,6,0,11,0,0,0,0,30,0,11
44,10,0,0,0,18,0,26,22,0,0,14,0,106,0,27,41,0,19,0,19,43,0,57,13,72,0,0,3,28,10,9
0,118,25,3,0,0,0,15,0,13,1,13,10,8,25,0,57,0,8,20,62,0,12,22,91,9,82,31,0,0,0,0
74,7,17,39,0,0,0,78,0,3,13,28,5,26,15,46,2,1,65,86,0,9,0,11,24,82,74,0,42,15,3,0
48,18,55,16,43,1,0,0,26,51,13,0,0,26,0,104,110,12,26,23,0,9,1,4,0,26,57,35,68,0,18,18
0,13,0,0,0,30,0,39,13,26,0,0,14,0,25,25,247,56,21,41,85,0,0,3,0,4,31,0,48,55,17,0
0,32,0,0,1,18,4,0,7,0,10,4,2,2,24,32,95,1,139,50,101,56,1,12,10,3,43,17,53,34,0,12
154,26,0,0,0,0,19,17,0,0,0,28,0,0,8,7,0,10,33,117,105,126,30,71,11,22,12,23,11,36,17,10
46,17,28,0,0,14,24,0,0,0,0,0,19,19,0,0,0,0,0,48,47,25,114,137,48,48,11,0,41,52,22,34
176,0,6,19,0,0,0,16,11,44,75,21,0,0,0,0,9,15,10,14,8,37,79,123,41,70,22,40,16,0,0,16
0,22,19,0,0,19,3,3,0,17,0,30,86,0,6,0,0,25,13,4,9,0,28,140,119,23,0,19,10,16,0,0
144,0,7,0,0,11,24,6,11,0,42,87,57,41,31,22,0,0,0,17,12,13,0,0,90,145,211,150,13,0,0,1
0,0,0,7,0,0,0,1,0,7,0,0,30,6,22,116,9,13,7,0,0,0,17,2,0,0,80,81,0,7,16,0
31,21,0,0,0,1,14,0,0,0,0,0,0,34,165,32,89,1,38,25,0,0,0,0,0,0,24,10,0,9,18,35
0,6,0,11,42,32,1,11,0,0,0,0,0,22,19,1,166,5,28,2,5,7,0,0,0,3,0,0,0,18,2,35
0,0,0,0,14,5,6,0,0,9,0,23,0,0,9,4,31,208,91,6,0,1,3,0,4,34,0,20,8,4,0,0
0,9,25,0,8,18,38,0,15,0,0,20,1,0,12,0,3,96,253,0,0,0,0,0,0,4,0,0,0,4,2,38
0,7,0,0,0,25,0,2,0,0,12,3,0,3,5,0,2,8,61,9,15,8,10,7,0,6,4,0,2,0,0,39
24,8,12,0,0,5,32,0,18,8,14,6,6,0,0,0,9,0,27,14,0,0,0,24,10,16,16,14,0,0,0,1
17,0,8,7,4,27,0,0,32,6,16,1,0,1,7,0,0,4,32,0,0,2,43,0,3,1,7,0,0,1,0,0
0,1,3,0,0,0,0,0,8,9,0,0,2,27,0,3,24,0,0,0,11,3,4,0,0,0,13,32,15,11,25,7
0,0,2,6,0,0,13,0,0,3,0,0,0,41,8,0,11,2,10,9,25,0,0,0,7,0,4,0,6,12,0,22
16,7,0,0,0,7,0,0,20,2,0,2,0,0,0,0,0,0,18,0,0,6,0,0,0,0,0,0,0,0,4,0
0,0,23,4,0,0,0,5,3,67,0,5,0,8,0,0,5,5,5,0,0,7,3,2,0,0,0,0,7,6,0,3
0,1,0,0,6,0,0,9,0,1,0,2,3,5,0,0,0,0,0,0,7,0,0,5,1,0,0,0,0,3,0,0
23,10,0,0,4,6,4,0,0,0,0,0,0,2,0,0,34,8,0,0,0,0,0,5,2,0,9,0,14,0,0,0
0,5,1,0,0,7,0,4,0,3,0,0,27,0,4,0,25,9,2,5,0,0,0,0,0,4,0,5,8,1,4,8
0,0,0,1,0,0,4,6,5,0,29,8,1,12,2,87,10,7,1,1,2,0,0,0,0,0,0,6,7,6,0,0
52,0,5,0,0,7,0,9,6,9,17,91,0,0,5,0,0,113,26,5,33,1,6,7,6,3,0,0,0,0,0,26
53,0,0,0,4,3,0,13,7,10,10,0,0,1,0,0,2,10,0,4,1,0,0,0,0,5,11,1,0,0,10,0
0,3,0,0,11,8,3,0,4,31,11,3,2,18,27,0,51,2,15,5,0,0,3,0,0,2,0,1,0,2,5,0
0,1,0,1,3,0,0,0,8,1,14,0,40,28,5,23,56,0,2,0,28,0,31,3,1,0,15,0,0,0,0,5
18,0,7,0,3,3,0,2,0,2,7,6,0,48,19,19,2,8,0,1,2,2,24,0,3,0,0,0,14,0,13,0
0,0,16,0,0,1,0,0,0,5,0,0,0,88,0,52,3,0,1,9,52,6,0,120,0,38,1,10,7,0,7,1
0,19,20,0,4,4,0,1,0,0,0,8,15,0,21,40,37,0,6,0,86,3,59,4,12,7,0,1,0,0,0,6
0,3,13,3,0,0,2,0,9,0,0,0,0,1,24,16,0,1,48,7,13,5,5,16,3,4,22,22,0,0,0,0
0,1,52,2,0,0,0,8,8,0,0,9,0,0,1,3,1,18,36,4,34,0,40,0,2,30,0,0,1,3,1,0
0,0,16,0,0,0,4,41,0,0,10,0,5,0,0,7,234,33,0,57,18,43,9,0,0,0,18,0,6,0,2,1
0,3,0,0,9,6,0,0,0,9,0,0,0,8,0,0,1,1,81,6,88,47,0,6,11,9,3,5,37,1,0,4
0,2,0,0,0,0,0,4,0,0,0,0,2,0,4,0,2,3,1,0,69,25,6,3,7,1,48,0,29,12,0,2
40,7,2,1,6,0,0,0,0,0,0,0,0,5,0,0,2,1,0,0,1,1,1,0,0,3,0,0,0,0,0,21
27,0,9,6,2,0,0,0,0,0,0,0,7,7,0,0,0,0,0,12,0,0,6,4,1,0,0,0,0,0,6,29
0,0,13,0,1,0,0,0,0,1,0,0,0,0,2,0,11,3,1,1,0,0,0,0,0,0,0,0,3,7,0,0
6,4,7,0,3,0,0,10,0,0,0,52,0,23,7,2,0,1,4,13,6,0,1,0,0,0,1,0,0,0,2,0
0,0,1,0,6,0,11,0,0,0,0,0,0,4,1,34,0,0,1,0,0,0,7,1,0,8,0,1,5,0,0,1
16,4,0,2,2,0,0,0,3,0,8,2,0,37,24,0,0,1,3,2,1,0,1,0,0,0,0,0,1,0,10,0
55,0,5,0,3,0,0,9,3,0,11,7,0,0,12,3,6,4,0,0,0,0,0,1,4,0,3,3,3,2,4,7
18,0,0,6,0,0,4,3,8,2,9,1,3,5,4,2,5,2,8,10,1,0,2,0,8,13,0,6,0,3,0,0
10,1,0,4,0,2,7,1,6,0,0,0,0,0,0,0,8,1,0,3,0,0,1,2,4,4,10,0,4,0,0,13
0,2,0,2,5,7,0,0,0,0,0,8,0,0,0,0,0,0,0,0,0,0,3,0,0,0,0,0,0,0,0,11
0,2,9,0,0,1,4,0,0,0,0,0,5,2,1,0,0,1,0,0,0,2,0,0,2,0,4,0,4,1,9,0
0,1,4,0,0,0,0,3,0,0,0,0,0,0,3,3,5,5,0,0,0,1,0,3,0,0,0,0,0,10,0,0
4,3,6,5,5,0,0,0,1,0,0,4,0,0,0,3,3,0,0,2,3,0,1,0,0,0,3,3,12,0,1,0
0,2,0,0,7,0,0,3,0,1,6,5,10,0,0,7,0,0,2,0,0,0,7,4,0,0,0,0,0,0,0,17
0,0,2,2,0,1,3,0,1,0,0,2,6,0,4,0,1,2,0,0,1,0,0,9,0,0,0,0,1,4,0,0
0,4,6,0,0,0,9,0,0,41,0,7,0,1,4,0,0,0,0,5,0,8,5,0,2,0,0,0,12,0,0,6
0,0,0,8,0,0,0,0,0,0,2,5,5,0,0,3,1,0,0,4,0,0,1,1,5,5,0,0,0,1,0,22
0,4,0,9,8,5,5,0,0,0,5,7,0,7,3,0,32,3,0,0,6,4,12,0,0,0,5,0,0,0,0,0
38,1,5,0,0,0,6,23,1,0,8,2,22,0,0,3,3,12,4,0,4,0,1,5,0,0,4,2,0,12,0,0
44,8,3,0,0,0,4,0,3,13,0,9,8,0,0,0,3,7,6,3,0,7,0,0,0,0,4,1,4,4,0,16
41,0,8,0,5,3,4,0,6,8,5,99,8,0,1,9,0,161,10,0,3,0,0,0,9,7,9,0,3,0,0,8
24,6,3,0,0,0,2,0,0,28,0,3,0,0,0,2,12,1,1,0,8,0,1,0,2,8,3,0,0,6,12,30
20,0,11,0,0,6,0,0,8,23,40,4,0,8,15,25,23,1,19,0,0,6,0,3,0,0,0,14,0,0,0,17
0,0,0,0,0,0,0,8,0,6,0,2,16,0,5,55,43,3,0,0,0,3,5,0,0,10,0,0,2,4,0,0
0,4,0,0,5,4,14,0,17,2,7,2,1,13,30,29,10,39,1,0,7,28,24,5,5,0,0,0,2,0,16,4
0,1,7,0,6,0,0,0,3,5,0,3,0,63,4,39,6,0,2,34,23,13,0,124,0,2,1,4,0,8,0,0
104,0,34,0,0,0,0,1,0,0,9,0,22,1,18,20,28,0,3,0,40,0,27,1,0,37,0,4,5,0,0,8
161,0,33,7,0,4,0,0,0,0,0,3,0,0,17,8,8,0,63,4,15,5,0,20,2,4,25,21,0,6,0,0
0,6,37,0,0,0,1,0,2,0,0,0,0,11,4,7,1,2,9,0,20,3,3,0,0,15,8,7,0,0,3,0
0,0,44,0,0,0,0,0,0,6,0,0,0,0,0,0,96,22,2,52,9,0,5,5,0,0,6,0,0,10,0,6
0,0,0,2,0,0,0,7,0,6,0,0,0,2,9,0,5,0,62,22,71,20,0,4,0,11,24,0,26,1,4,0
35,0,16,1,4,0,0,3,3,1,0,3,0,0,2,0,5,0,20,0,0,2,0,0,0,0,0,5,6,3,9,0
0,0,8,0,0,0,0,12,0,0,0,0,0,0,3,2,1,0,0,0,0,0,0,0,0,3,0,0,0,2,0,0
0,4,8,1,0,0,2,0,7,4,3,0,0,0,0,0,0,0,3,3,0,0,0,2,0,0,0,0,0,0,10,1
5,1,0,0,0,1,0,0,0,0,0,10,0,0,0,0,3,0,5,0,0,0,0,0,0,2,4,0,3,3,4,0
0,0,0,5,0,0,0,9,0,0,7,0,37,32,0,0,0,0,8,0,1,2,3,0,4,8,11,0,0,1,0,1
0,7,0,0,5,1,3,0,0,8,3,0,4,6,0,0,2,3,5,2,0,1,0,0,0,0,0,5,3,0,8,0
0,0,0,0,0,3,0,0,0,0,3,4,9,37,23,0,3,1,2,3,0,0,5,0,0,0,4,0,1,3,0,14
21,0,0,0,0,0,0,1,0,0,3,0,0,0,8,0,3,0,0,0,0,4,2,0,0,0,2,1,2,0,0,0
0,0,0,0,0,0,0,0,0,4,0,0,0,4,2,4,0,0,0,9,2,0,0,0,0,9,2,0,2,1,5,0
0,0,0,0,0,1,0,0,6,0,0,3,3,5,0,0,0,0,0,4,0,5,0,0,0,1,3,3,0,5,1,0
0,7,0,0,3,0,6,0,3,0,7,0,2,6,0,1,1,0,3,2,0,0,7,0,3,0,0,0,0,9,4,10
1,0,0,0,0,0,2,2,5,1,10,0,2,13,0,0,0,5,0,0,0,0,0,4,0,0,2,4,0,0,0,0
7,0,1,0,2,0,2,0,0,0,0,0,0,0,5,2,0,1,0,2,0,0,0,0,0,0,0,0,0,0,0,0
0,0,1,0,0,4,0,0,5,7,1,0,0,1,0,0,0,0,0,8,2,2,0,3,4,0,0,0,0,0,0,0
0,0,0,0,0,0,0,0,0,0,4,0,6,0,0,9,0,0,0,0,0,0,1,0,0,0,0,0,0,2,1,8
0,0,0,0,0,0,0,0,4,3,6,0,1,0,0,0,0,0,0,0,1,2,7,0,0,0,7,3,1,0,0,2
0,4,8,0,0,1,6,0,0,48,0,0,0,0,0,0,2,8,1,0,5,0,3,3,0,0,2,0,0,1,5,0
7,0,1,0,0,0,0,0,0,4,0,0,0,4,5,0,7,0,0,4,0,0,0,0,0,0,3,0,0,0,0,2
0,0,0,0,0,0,0,0,4,6,5,3,10,2,4,10,0,0,0,2,3,0,0,0,9,5,0,0,6,0,14,0
0,0,0,0,0,0,0,18,0,0,5,5,24,0,0,0,0,8,0,1,0,4,0,0,0,0,1,0,0,0,0,3
20,0,0,0,3,2,6,0,0,5,1,18,12,18,1,92,2,4,3,0,2,0,2,2,0,0,0,0,1,2,0,0
0,5,0,0,0,7,0,0,0,4,0,84,0,4,0,0,5,98,17,0,22,0,0,2,0,0,0,0,7,1,3,1
0,0,0,0,14,0,0,7,0,0,0,3,1,0,2,0,3,0,5,2,0,0,0,3,0,3,0,2,0,0,6,16
0,0,0,1,2,3,0,0,0,14,0,6,0,11,12,22,27,0,18,1,0,6,0,0,1,3,0,0,0,5,0,0
0,0,0,0,0,2,0,0,0,0,0,0,6,8,0,43,48,20,7,0,1,4,13,5,1,0,4,7,9,0,3,0
0,8,0,0,0,4,3,0,2,7,1,2,0,0,32,5,6,20,4,3,10,11,33,4,3,3,0,0,0,2,0,2
107,4,0,0,0,2,0,1,0,0,0,5,6,39,8,36,0,0,0,52,14,9,6,22,0,1,13,1,0,0,0,0
113,3,0,0,0,0,2,0,0,0,0,0,0,6,6,0,3,0,39,0,25,2,5,1,0,40,9,2,4,4,1,0
16,2,0,0,0,5,0,0,0,0,0,0,0,4,23,1,1,0,66,27,3,0,18,31,0,0,36,0,4,0,0,0
75,0,0,0,10,0,0,0,2,1,5,2,8,0,8,29,0,0,0,0,10,0,38,0,0,3,2,0,0,11,0,0
0,0,0,2,1,0,0,12,1,1,0,0,0,1,3,0,99,7,5,0,5,46,1,0,6,0,6,3,0,11,5,10
0,7,0,0,0,0,0,0,0,0,0,0,0,0,0,3,10,0,7,12,1,11,0,0,0,0,23,1,22,0,0,11
13,3,5,0,0,0,4,0,6,3,0,0,0,2,1,0,0,0,9,3,1,2,0,3,2,4,16,0,6,1,0,24
17,0,2,0,8,4,5,12,0,3,1,0,4,5,0,7,0,2,5,5,2,0,11,5,5,3,0,0,0,2,12,0
15,0,0,2,4,0,0,0,0,0,0,0,0,3,0,0,0,0,5,10,0,0,0,4,2,0,0,0,1,1,0,0
0,0,2,1,8,3,0,3,0,2,0,10,0,0,0,1,2,0,0,1,4,0,0,0,0,0,0,12,4,7,0,25
0,0,0,0,0,0,0,0,0,0,0,3,0,34,2,0,2,4,0,3,0,2,6,4,4,0,3,0,0,2,13,0
16,1,0,0,0,7,0,0,0,0,1,4,2,0,6,1,11,9,3,0,3,4,0,0,1,1,5,0,3,0,11,0
0,2,0,2,0,1,0,0,0,0,0,0,0,36,33,3,0,0,3,0,0,0,0,2,3,0,0,5,0,0,2,0
18,0,3,0,0,0,0,1,0,0,0,10,0,9,5,0,5,0,3,0,0,0,0,0,0,0,0,1,2,3,0,0
0,0,5,0,1,0,1,0,0,7,0,0,2,0,0,2,0,0,0,1,0,0,0,0,2,1,0,2,0,0,0,0
0,0,5,3,4,9,0,0,7,6,0,0,0,0,0,0,0,0,8,0,9,2,6,0,0,0,0,3,5,3,0,0
7,0,0,0,0,0,6,0,8,1,4,0,16,0,3,0,3,3,0,0,2,0,0,0,1,2,4,0,2,0,2,4
0,1,5,0,0,0,0,7,5,0,0,5,0,0,0,0,10,0,0,7,0,0,2,0,4,3,0,1,0,0,1,1
1,0,0,0,0,0,4,0,4,1,0,0,0,0,0,0,8,0,0,0,0,3,0,7,0,4,7,6,0,0,0,2
0,0,5,4,2,0,0,0,0,0,0,0,0,0,0,6,2,0,2,0,2,0,0,0,0,0,0,0,0,0,1,1
0,0,0,5,0,0,0,2,0,0,9,0,8,1,1,3,7,0,0,0,0,1,0,0,0,2,3,0,0,7,0,0
0,1,0,1,0,3,6,0,0,3,3,0,0,2,0,0,0,0,0,0,0,0,3,2,0,6,0,0,7,0,4,14
0,7,7,0,0,1,0,0,0,12,0,8,0,0,2,6,0,5,0,0,0,3,0,2,0,3,2,0,0,0,8,9
0,0,0,0,0,8,0,0,0,1,0,1,4,0,0,0,1,0,0,4,0,0,1,4,3,0,3,0,0,3,10,0
1,1,0,3,0,0,0,0,0,3,0,0,0,1,5,1,2,7,0,0,0,1,0,0,0,0,3,0,1,0,0,0
44,0,5,3,0,2,4,25,0,2,6,0,24,2,0,0,5,0,0,1,2,0,3,0,0,2,0,0,0,5,0,4
0,0,0,1,0,0,0,0,0,5,1,30,0,20,0,49,0,34,0,5,3,4,2,0,0,0,0,0,0,0,2,1
17,0,3,0,0,1,12,0,7,0,0,86,0,2,7,0,2,155,0,0,23,0,0,0,0,0,0,4,0,0,0,0
0,0,0,2,0,0,0,0,4,2,0,0,0,0,0,4,1,0,0,0,0,0,0,2,0,1,5,0,0,7,0,0
47,0,4,0,0,0,0,0,0,0,10,13,0,10,9,5,12,16,12,0,0,0,0,0,0,0,6,0,0,0,10,5
0,0,1,5,0,0,0,4,0,3,0,0,5,1,3,41,59,17,26,3,0,1,0,0,1,0,10,3,4,0,0,0
72,0,0,0,0,0,7,0,8,0,5,6,9,26,26,38,0,48,4,0,7,11,5,0,0,0,8,3,0,0,0,0
83,5,1,3,0,0,0,5,0,0,0,0,0,0,0,26,0,16,0,32,26,0,0,37,3,2,1,7,4,0,0,1
92,11,2,1,0,0,4,0,0,0,3,0,0,0,11,2,17,0,59,2,5,3,3,1,0,0,3,0,0,0,3,0
68,0,0,0,0,0,5,0,6,12,0,0,0,3,9,0,4,3,66,0,6,0,0,22,0,0,39,11,1,0,6,0
0,0,0,2,0,0,3,6,0,0,0,5,0,0,0,1,8,38,0,2,2,0,14,0,2,0,3,5,0,0,0,0
0,9,18,0,0,0,0,0,0,0,0,5,0,12,0,12,136,0,4,0,11,5,12,0,0,0,9,1,0,0,0,5
66,0,4,0,5,0,2,0,0,2,0,0,0,2,0,2,10,0,10,6,2,2,0,0,0,0,5,8,0,1,0,2
0,0,0,1,0,4,0,2,0,0,0,0,1,0,3,8,6,0,9,0,0,0,0,0,0,7,1,0,7,0,0,20
13,6,10,0,8,0,3,0,1,4,0,0,0,3,1,0,0,2,6,4,0,0,0,6,0,2,2,0,5,0,0,5
0,1,0,2,0,0,0,0,2,0,0,3,11,0,0,5,0,0,5,0,1,3,2,0,0,0,5,0,0,1,0,0
3,1,0,0,0,0,0,2,6,10,4,0,3,0,3,0,0,0,0,0,0,3,0,0,0,4,3,1,0,1,0,0
19,8,0,0,1,1,0,4,2,3,1,4,7,23,0,2,1,0,0,0,0,4,0,0,0,0,8,0,0,4,0,7
0,0,1,0,4,6,1,0,0,11,5,0,0,1,0,0,0,4,10,0,3,0,0,3,0,0,0,0,2,4,0,5
18,6,3,0,4,6,0,1,0,5,0,0,0,33,10,0,0,5,5,0,5,7,0,0,0,0,0,0,3,4,0,0
0,0,0,0,8,0,5,0,0,6,6,4,1,10,6,5,2,0,0,0,0,0,0,0,1,0,0,0,0,0,0,0
3,0,0,0,1,0,0,0,5,0,8,1,0,0,0,5,0,0,7,6,2,0,1,2,7,3,0,0,0,0,7,8
0,0,1,0,1,0,0,1,3,0,3,4,6,0,5,7,4,0,1,0,0,0,0,0,3,0,3,4,10,0,0,0
4,0,0,0,0,0,4,0,0,1,0,2,0,2,7,0,0,5,0,10,2,0,0,0,2,0,0,0,0,0,3,0
3,0,0,0,0,5,0,0,0,0,4,0,0,2,0,1,7,4,0,0,0,9,0,4,0,0,0,0,1,0,0,0
1,0,0,0,0,4,0,0,0,6,0,0,0,0,0,2,5,1,5,4,3,0,1,0,0,0,0,0,0,0,8,0
0,2,0,2,0,0,0,0,0,0,0,3,5,0,10,0,0,0,0,3,0,0,1,0,2,0,0,0,0,0,0,6
0,0,0,0,0,0,2,0,0,0,4,0,0,0,2,0,0,0,0,3,1,0,4,0,1,2,0,0,0,1,0,0
0,3,7,0,11,2,0,0,1,0,0,0,1,0,0,9,4,0,9,1,0,0,2,1,4,7,0,0,0,3,0,0
16,6,0,2,0,0,0,10,0,14,0,3,0,0,1,6,8,1,3,0,2,7,0,0,5,0,4,5,4,0,1,0
6,1,0,0,0,0,9,0,5,9,0,0,1,0,0,0,3,0,0,0,0,0,0,0,0,0,0,0,1,1,0,20
0,0,0,0,0,0,0,0,2,0,0,10,0,0,2,2,0,6,0,0,0,5,0,0,9,0,0,2,0,0,0,0
54,0,1,0,5,0,0,29,5,0,0,0,19,5,2,0,1,0,0,0,0,0,0,0,4,0,0,3,1,5,0,4
34,0,7,0,0,0,10,0,0,4,0,18,7,14,5,62,0,3,4,0,0,0,1,5,0,0,6,0,0,1,4,13
0,0,0,7,0,0,0,4,2,2,0,88,1,8,2,2,6,80,0,5,15,0,0,0,5,1,0,0,0,1,0,1
36,4,0,0,0,1,0,4,0,0,2,0,1,0,2,0,1,5,0,0,0,0,4,5,0,0,7,0,0,0,4,0
0,3,3,0,0,1,2,0,0,4,21,10,3,0,0,2,32,16,1,3,2,0,3,3,0,2,1,8,8,5,0,19
6,7,0,0,0,0,0,6,0,0,0,0,38,3,0,16,32,53,10,1,0,1,0,0,0,2,0,7,3,0,0,5
0,0,0,0,0,0,0,0,7,4,5,0,7,44,20,0,11,33,0,3,0,41,23,0,0,0,0,1,5,0,0,6
51,0,0,0,5,0,3,1,9,0,0,0,5,0,0,30,1,0,1,4,10,0,2,32,4,1,0,0,0,4,8,0
57,0,12,0,0,4,0,0,12,0,0,0,0,0,13,36,9,0,49,1,9,3,1,0,0,10,6,0,0,0,3,4
54,0,0,4,0,1,0,0,6,3,2,0,1,5,0,9,0,9,58,1,5,0,32,5,0,0,16,3,0,3,0,0
0,3,0,0,0,0,0,0,0,0,0,0,0,6,0,0,9,30,0,0,0,0,2,0,0,2,0,0,2,1,0,8
30,0,6,0,0,0,0,0,6,0,0,0,0,0,0,0,109,11,1,1,0,10,25,3,0,1,0,3,0,0,7,0
0,0,0,0,0,0,4,6,11,2,6,6,0,0,0,0,12,0,29,4,0,0,0,0,1,0,4,0,1,6,0,0
0,4,0,0,8,10,0,0,1,6,0,0,0,1,3,7,3,4,48,0,7,0,2,2,4,4,0,0,2,5,8,0
1,0,0,0,9,4,12,0,3,0,0,0,0,3,0,0,3,0,9,0,0,0,0,0,0,2,9,0,0,0,1,0
28,4,0,1,0,0,0,0,0,0,3,8,0,0,0,1,0,0,10,0,0,0,5,0,0,0,12,2,0,0,3,14
0,6,0,0,6,0,4,3,6,0,7,0,1,0,0,0,6,0,0,0,0,8,0,1,0,2,5,3,4,0,0,0
0,9,2,0,10,0,0,6,0,0,0,0,0,29,0,0,5,1,13,3,0,1,0,0,0,2,0,0,4,0,15,6
1,0,0,2,0,1,0,2,5,0,10,5,0,0,0,0,2,0,0,0,2,2,0,7,0,0,3,2,8,0,0,0
3,0,0,0,5,6,1,0,2,1,0,2,4,12,1,7,0,3,0,0,0,2,0,2,1,0,0,0,0,0,18,5
0,0,0,0,1,2,5,0,0,0,6,0,0,0,0,0,0,0,5,6,0,2,0,0,0,0,0,0,1,0,0,1
0,0,0,1,0,0,0,0,0,0,0,3,7,1,0,0,0,0,0,3,0,3,2,0,0,1,0,0,0,0,0,0
2,0,5,0,0,2,5,0,2,0,0,0,5,0,7,0,0,8,0,7,7,0,9,0,6,4,2,6,3,0,0,3
3,0,0,3,0,0,0,2,0,0,0,0,3,0,0,7,2,0,0,0,0,2,0,0,3,0,0,0,0,0,3,16
0,0,0,0,0,0,3,0,2,0,0,3,0,0,1,8,0,1,0,0,0,3,0,0,0,0,0,2,4,0,0,1
1,4,5,0,0,0,0,0,4,2,0,6,0,2,0,0,5,1,0,0,3,0,9,1,1,4,0,0,0,1,0,7
10,0,0,0,1,0,0,0,0,0,0,0,0,0,1,4,11,0,4,0,0,5,4,0,4,0,1,1,5,0,0,17
8,0,0,0,0,2,0,0,3,0,0,1,0,0,0,2,0,4,0,4,2,0,3,5,0,0,0,0,0,5,7,12
4,4,4,0,0,0,0,3,2,6,0,3,0,0,0,3,0,1,0,0,0,3,8,0,0,0,3,1,0,0,1,5
0,0,0,6,0,0,0,4,0,26,21,0,5,0,0,0,0,0,0,6,0,0,2,0,0,3,5,0,0,9,0,0
10,0,0,0,11,0,4,3,0,0,0,0,0,0,0,0,0,6,0,8,2,0,0,0,2,0,0,4,0,3,0,20
0,1,3,0,0,0,0,0,0,0,6,6,0,0,5,2,0,3,3,0,0,0,0,0,0,0,2,1,0,8,0,16
26,11,6,0,6,2,1,26,0,0,30,3,59,0,3,5,0,1,0,0,0,0,0,1,0,0,0,0,0,0,0,7
0,1,14,5,0,1,0,4,0,0,0,25,6,16,1,144,0,0,0,4,0,2,9,0,2,0,0,4,0,0,0,0
39,0,10,0,0,0,0,4,0,0,0,64,6,3,1,0,0,171,6,0,22,0,0,6,0,0,0,0,0,0,3,15
64,2,0,0,3,1,2,9,3,2,0,2,16,0,0,0,0,0,2,0,4,3,0,8,0,0,0,11,0,5,0,13
14,2,0,0,0,8,1,0,2,0,15,21,6,11,0,0,42,4,0,3,4,0,0,0,0,0,0,0,0,2,4,3
103,0,12,1,0,0,5,0,0,0,7,8,46,0,5,28,68,39,13,0,0,32,3,0,0,5,11,6,2,7,0,8
101,0,6,0,0,2,0,0,4,0,0,0,0,18,30,0,2,23,2,2,8,25,0,1,0,0,0,1,0,0,0,0
50,1,0,0,0,0,3,1,0,3,0,0,0,0,2,28,0,0,0,1,3,0,0,31,1,1,10,0,0,2,0,0
0,0,0,2,0,0,0,0,0,8,2,5,0,3,18,37,23,9,51,8,11,0,0,0,23,11,7,0,2,10,14,12
35,0,0,2,0,7,8,13,0,0,0,3,0,0,5,10,0,6,48,11,11,0,29,16,5,0,16,2,0,0,21,0
0,0,0,1,16,0,0,0,0,3,0,0,5,8,4,8,8,0,12,6,5,0,12,1,0,0,0,2,0,10,0,0
67,0,0,0,2,0,0,16,0,0,0,0,3,0,0,12,102,0,5,1,0,0,18,6,1,0,0,0,0,0,0,10
0,11,0,0,12,0,0,0,0,7,0,10,0,2,2,6,16,3,19,0,0,0,0,0,0,5,0,0,7,0,4,5
45,2,2,5,0,0,0,0,0,0,3,0,9,14,0,0,0,4,17,0,13,0,1,0,0,0,0,2,0,4,0,0
0,0,0,0,0,0,0,0,0,2,0,10,2,7,1,0,0,1,0,0,0,0,0,4,0,2,0,5,7,0,0,0
0,4,0,0,0,0,0,10,0,0,6,0,7,0,5,0,2,0,6,0,0,4,0,0,0,0,0,6,0,12,0,0
5,5,0,0,0,2,0,0,0,1,0,0,1,0,0,4,7,0,0,0,0,0,0,0,0,0,0,0,0,0,27,17
0,0,0,0,6,2,4,0,3,0,0,5,0,28,7,9,8,1,2,0,2,0,0,3,7,6,2,0,2,0,0,7
0,0,0,4,0,0,0,0,3,0,0,2,0,5,0,0,0,0,0,0,0,1,3,0,0,2,1,0,8,0,0,0
0,2,1,0,0,0,3,0,0,3,0,6,0,1,0,2,0,0,0,0,0,0,0,0,0,0,7,2,4,0,3,8
0,4,5,0,13,5,2,6,0,3,0,5,0,9,0,1,5,4,0,3,3,8,0,0,0,0,0,0,0,5,0,0
0,0,0,6,0,0,0,5,0,0,5,0,0,0,0,0,0,0,0,2,0,4,0,0,3,3,8,0,0,1,7,12
0,0,0,0,0,0,0,1,0,0,0,0,0,0,0,2,2,2,0,0,0,0,5,3,0,0,0,3,0,0,0,21
10,5,9,0,0,1,0,4,2,3,2,2,0,0,3,4,0,0,0,0,0,0,3,0,1,0,2,0,0,7,13,9
4,0,0,7,0,5,0,1,0,0,0,0,0,1,3,0,0,0,3,0,0,7,0,0,0,0,1,0,0,0,0,5
2,2,0,0,2,0,7,0,0,0,7,3,6,0,7,6,4,0,0,0,0,0,0,0,0,0,0,4,1,4,0,0
2,0,4,0,4,3,8,0,0,0,9,0,9,0,0,0,0,0,5,2,7,0,0,0,0,0,0,0,4,6,2,0
0,3,0,0,0,0,1,8,2,0,1,9,0,0,3,0,5,1,0,0,5,0,7,2,1,0,3,0,0,0,1,0
0,0,0,0,1,3,0,0,0,7,0,2,2,0,0,4,7,1,0,5,1,4,0,8,0,0,3,0,1,7,0,0
0,2,16,0,9,0,0,0,0,40,0,1,0,5,2,9,0,0,0,0,0,8,8,0,9,0,0,6,0,8,7,0
12,0,0,3,0,3,2,5,0,1,0,0,0,2,0,0,0,0,0,11,0,0,3,2,2,3,0,0,0,4,0,1
0,0,0,3,0,0,0,9,5,0,2,0,0,0,0,0,0,2,0,1,7,1,10,0,9,0,7,2,4,0,0,14
13,2,0,0,0,3,0,21,8,5,45,0,56,4,12,0,0,0,0,1,0,1,0,6,0,1,16,0,12,0,1,3
11,12,9,0,0,0,0,0,0,0,5,21,9,7,0,45,9,4,0,0,0,0,6,0,0,3,0,0,0,0,0,12
61,0,5,3,0,0,0,0,2,1,7,75,2,4,0,11,0,135,10,3,22,0,0,0,0,3,0,0,0,0,3,4
0,2,2,0,0,0,0,8,0,0,2,9,1,0,0,11,3,0,0,9,2,4,13,7,3,0,17,1,0,6,7,38
63,10,9,0,0,0,3,0,0,0,1,10,0,12,12,0,25,0,0,7,3,0,1,0,0,5,0,0,10,0,14,10
0,0,5,0,0,0,0,9,0,0,3,0,32,3,3,31,70,29,10,0,0,21,3,0,0,7,0,0,8,12,0,14
38,5,0,0,0,7,0,0,0,0,0,10,0,30,30,0,0,14,0,3,0,38,0,0,0,0,5,0,0,5,1,39
76,1,11,0,0,0,0,0,0,3,1,0,0,0,12,33,0,0,0,0,16,0,0,38,0,0,0,3,0,0,1,4
70,0,6,8,9,0,0,10,1,0,6,0,7,3,11,13,45,0,12,2,0,9,0,0,29,17,2,1,0,0,0,14
6,0,4,2,0,1,5,0,2,8,3,4,1,0,3,6,2,0,53,2,20,0,0,4,0,4,29,4,0,0,1,3
0,10,0,0,0,7,4,1,0,0,0,0,0,0,0,7,0,3,0,1,0,0,10,8,5,0,2,0,0,0,0,0
0,0,5,10,0,0,0,17,2,9,0,2,1,0,3,2,59,0,0,9,17,0,15,8,0,0,15,0,5,6,2,0
0,1,0,2,0,0,0,4,0,0,16,3,0,5,3,0,18,3,18,0,10,0,9,7,0,2,0,0,0,3,11,0
57,1,0,0,0,0,0,10,11,0,0,0,6,0,0,13,6,4,17,5,0,0,0,0,12,0,0,8,0,5,2,0
0,1,7,2,7,0,7,0,0,0,0,0,1,17,0,0,0,2,6,0,0,0,0,0,0,0,8,7,0,3,4,0
0,0,9,4,0,0,5,0,0,0,0,0,0,3,0,0,6,1,0,2,5,8,6,0,8,10,19,10,0,9,0,7
0,0,0,0,5,0,0,0,0,8,0,0,0,10,3,0,0,1,4,0,0,6,1,0,0,5,15,1,0,0,13,9
0,0,0,0,0,0,0,0,0,0,4,0,0,38,2,0,0,0,7,0,0,7,0,0,0,0,1,1,0,8,0,0
0,0,0,1,0,0,2,0,1,4,10,0,0,0,6,1,0,0,3,11,0,0,8,2,2,0,11,0,0,9,20,0
0,2,7,0,0,0,0,0,0,0,10,3,0,2,0,0,0,0,0,6,0,4,9,0,0,0,0,0,2,0,0,0
0,0,0,2,0,11,8,4,4,0,0,12,3,0,5,17,0,0,0,0,0,0,0,0,0,10,0,0,5,0,0,4
2,1,4,4,0,4,0,0,0,3,0,0,0,0,1,0,2,3,0,0,4,0,0,0,0,4,0,3,8,0,3,0
0,0,0,0,0,0,0,0,3,0,11,3,3,5,2,0,7,7,1,0,1,0,2,1,0,6,6,0,0,22,0,24
0,7,4,13,0,0,0,0,0,0,0,2,0,4,1,4,14,7,0,0,0,5,2,0,0,5,8,2,0,0,0,0
0,0,0,6,0,0,5,0,0,0,0,0,0,8,6,0,0,0,0,0,1,0,0,4,0,0,0,0,0,12,0,0
0,0,0,11,0,0,9,6,2,1,0,0,2,0,1,0,11,0,5,2,5,0,1,0,0,0,15,1,0,0,0,0
7,0,2,0,15,7,22,0,0,2,9,0,0,6,0,6,0,2,3,0,5,1,2,0,0,0,8,0,2,0,4,0
11,4,0,14,7,0,0,8,0,0,0,0,22,0,0,31,0,3,8,0,6,0,0,0,7,0,0,0,6,20,0,0
0,16,0,0,0,0,0,0,2,0,0,0,40,1,14,16,0,0,2,0,0,7,0,0,2,0,30,0,31,0,6,5
0,0,0,17,33,0,0,0,0,0,35,14,0,11,0,0,0,0,0,9,17,32,0,0,18,13,37,33,12,0,0,20
0,7,22,28,23,0,9,48,11,0,8,22,27,6,35,6,29,13,11,5,36,40,8,6,15,0,18,21,1,0,0,0
16,0,0,11,0,0,0,0,0,0,101,0,7,0,9,13,33,12,0,0,0,12,16,0,22,0,0,0,0,2,0,0
0,0,10,2,0,20,0,40,0,0,11,0,38,0,0,0,0,0,0,34,8,21,0,11,4,10,7,17,0,24,33,16
33,27,0,0,0,46,14,0,35,20,21,33,0,16,1,16,4,33,0,0,23,22,0,36,3,0,3,10,0,0,44,24
0,64,0,0,0,24,18,0,41,0,23,133,9,17,0,0,2,63,35,1,102,0,44,12,21,16,0,0,15,0,0,0
0,0,39,0,62,16,76,55,6,0,27,0,0,0,0,43,19,0,0,0,0,0,67,25,5,20,0,0,22,0,3,6
0,13,12,0,12,16,11,0,0,0,17,0,5,19,13,8,0,5,0,17,0,0,34,0,14,0,0,0,21,40,0,48
0,0,0,18,0,0,15,0,12,0,10,51,14,0,20,64,0,4,0,9,0,37,0,0,0,3,0,3,0,5,0,31
71,0,27,17,0,0,0,23,0,7,6,0,33,59,29,18,0,0,0,30,6,43,0,0,0,0,8,22,0,0,0,38
38,0,0,0,0,0,0,0,3,0,10,17,0,23,35,18,0,14,21,16,17,0,3,0,16,21,4,0,2,27,0,42
10,12,0,0,9,0,14,0,5,0,0,23,8,7,11,17,62,1,17,14,3,1,0,0,27,3,14,26,2,0,22,0
0,0,0,12,8,31,0,0,1,0,35,7,35,0,0,0,4,0,53,65,0,0,12,50,18,0,28,12,16,34,0,59
0,5,9,0,20,2,0,0,0,0,60,5,33,0,4,33,0,0,0,0,0,0,0,0,26,0,24,0,0,0,1,0
0,0,8,0,0,0,0,17,10,0,0,16,0,1,0,44,18,199,0,0,0,0,8,14,0,21,31,0,42,29,5,0
23,0,14,9,0,5,0,19,0,8,0,4,12,0,1,0,144,227,0,0,0,37,0,0,6,0,5,0,12,0,1,48
125,12,0,23,0,0,16,0,5,0,0,0,2,0,0,0,150,0,0,35,23,15,0,1,44,44,5,0,0,6,0,0
39,2,32,22,0,0,16,25,0,45,41,18,25,0,14,201,150,4,2,16,0,0,28,1,23,25,55,0,8,0,40,23
0,0,48,0,18,0,7,12,0,0,55,30,35,0,26,0,8,0,0,24,9,10,52,0,10,46,33,8,17,0,0,108
19,0,26,32,69,0,0,0,47,11,0,14,0,48,103,19,1,0,0,66,0,201,61,0,52,52,0,0,27,0,18,30
0,0,0,15,0,0,39,21,0,0,0,0,107,119,216,67,0,0,63,8,0,0,0,0,7,0,16,14,129,71,0,0
0,31,0,0,20,30,0,0,28,2,20,16,150,103,88,201,29,0,0,0,0,23,0,0,0,0,0,33,20,0,8,0
0,0,0,47,0,0,0,0,22,32,5,0,5,76,8,0,241,200,13,0,0,16,17,0,0,8,18,0,12,41,0,3
0,13,0,0,0,0,0,0,0,0,0,0,68,51,6,56,34,64,41,112,0,0,29,23,0,0,0,24,18,0,13,0
0,0,0,19,0,0,0,0,0,0,0,20,14,0,0,0,176,155,150,209,64,0,0,5,0,2,21,8,9,0,1,26
0,20,0,0,0,0,0,39,30,0,16,0,2,7,8,0,7,6,36,214,30,26,58,0,0,20,62,24,51,0,3,5
45,8,2,19,0,0,11,0,0,6,18,17,3,0,11,13,0,4,133,139,41,22,0,11,0,82,113,189,246,24,0,0
0,3,0,0,0,0,17,0,8,14,0,0,0,0,0,0,2,17,29,200,135,147,0,22,26,0,0,0,2,10,20,0
0,2,7,19,16,3,17,8,0,0,0,0,0,1,20,64,0,0,0,120,110,10,17,0,0,0,0,55,0,0,3,0
0,25,0,16,0,0,0,26,0,0,2,0,0,0,48,0,0,0,0,0,23,0,44,10,34,2,29,0,4,5,0,0
14,54,0,0,7,0,0,6,0,6,0,0,37,0,0,0,10,3,0,32,0,0,0,0,19,11,15,0,0,10,0,0
23,0,14,0,0,0,0,34,24,1,0,0,0,0,9,54,0,5,0,49,0,0,0,12,0,20,0,0,7,40,0,0
30,0,0,0,0,0,5,0,14,0,0,0,3,16,15,0,34,0,5,13,16,12,0,0,0,9,0,16,4,0,7,0
42,0,0,74,18,0,0,10,0,0,18,7,9,4,25,42,0,0,40,0,0,3,10,0,0,1,7,0,17,0,8,57
10,34,0,0,0,8,0,0,0,18,0,0,89,1,33,8,13,20,34,0,0,22,0,15,7,8,36,7,13,12,1,0
0,0,0,0,49,9,10,21,0,26,3,0,106,0,2,28,39,0,25,0,0,17,11,0,0,11,0,0,6,0,12,19
28,80,0,0,0,32,0,0,0,16,3,0,0,0,3,17,3,8,7,21,0,17,18,10,9,18,13,0,0,18,8,0
0,0,0,1,0,0,0,16,22,0,28,24,0,14,0,8,0,24,20,9,0,0,0,0,6,0,0,0,8,0,0,7
0,17,0,12,0,1,0,13,12,0,40,39,24,0,8,0,5,0,18,9,30,0,0,0,40,52,0,13,3,0,10,31
0,0,0,29,0,0,0,37,0,0,30,41,0,25,0,0,0,10,0,6,10,0,14,5,52,44,81,0,0,19,0,0
32,0,26,5,36,0,0,0,0,0,0,0,0,8,11,37,45,9,12,10,18,0,3,0,0,13,0,16,0,2,0,17
28,0,11,23,0,0,0,9,0,12,0,7,0,0,30,26,4,16,15,29,2,2,0,0,15,0,0,0,0,0,7,0
50,0,10,20,21,8,0,25,0,0,10,0,0,1,4,26,0,0,0,0,8,0,16,24,0,16,33,0,0,18,0,57
32,0,34,9,21,0,13,0,19,16,0,0,21,0,0,0,46,0,24,42,25,0,0,0,0,0,44,32,0,0,44,0
57,2,2,0,3,14,4,0,0,0,49,11,39,1,6,16,1,19,75,76,26,12,80,0,20,0,32,17,7,0,0,0
20,9,0,12,0,5,6,0,36,7,66,51,23,0,25,27,0,0,30,0,0,0,0,0,0,5,0,0,16,5,22,6
0,14,21,36,0,7,12,26,0,0,49,40,0,16,8,12,0,57,112,4,9,0,0,15,0,5,58,23,164,0,0,52
0,0,0,9,0,13,17,0,0,33,17,0,0,12,0,2,255,53,0,15,10,0,27,33,0,34,60,165,43,10,0,49
44,3,0,0,7,0,0,54,0,0,8,10,36,0,24,19,17,11,11,0,5,0,28,13,13,29,80,27,43,6,4,3
50,8,0,0,0,0,5,0,0,6,12,0,22,0,10,0,0,7,0,0,18,0,36,147,124,16,0,6,21,0,4,0
52,10,48,66,13,0,0,2,16,6,0,13,0,20,7,0,0,0,0,3,37,184,129,12,12,9,26,26,0,11,42,119
0,15,2,27,13,23,5,0,9,0,0,0,52,103,226,9,0,0,0,38,0,0,0,0,0,9,27,36,134,137,16,10
0,25,32,0,8,0,20,0,0,0,0,0,94,219,109,37,142,33,0,16,0,0,1,9,0,0,20,3,53,0,11,17
0,0,21,17,22,0,42,0,9,0,18,26,64,196,215,27,143,165,134,0,12,0,0,6,0,19,0,28,0,20,28,0
18,0,0,21,0,0,0,0,6,6,9,0,0,4,249,62,99,40,87,156,22,0,0,6,12,40,0,33,0,24,3,11
42,10,0,9,7,1,14,29,0,0,0,0,0,0,16,0,95,189,195,243,20,0,20,30,27,0,3,0,0,27,0,33
0,0,0,0,0,12,0,10,0,0,0,45,0,0,13,19,78,193,196,221,0,0,0,0,0,0,0,18,39,143,13,172
101,0,12,9,6,0,0,19,16,30,0,19,7,0,13,0,0,0,70,98,6,3,0,0,0,4,198,208,5,186,0,0
93,36,2,33,0,39,0,0,0,0,0,0,0,0,11,23,10,11,76,43,231,35,0,7,0,0,31,6,37,0,0,0
29,7,9,0,24,0,0,29,0,0,21,0,0,0,44,9,1,11,0,10,28,21,0,0,16,0,0,24,0,1,20,7
0,0,0,0,16,1,7,0,3,15,0,0,0,15,0,0,7,10,0,0,0,13,0,32,0,0,0,0,0,9,0,28
21,5,7,9,0,0,18,28,0,7,36,0,41,0,25,34,51,4,0,0,0,0,0,0,23,0,0,0,14,0,0,0
33,6,31,3,0,0,0,0,0,13,0,6,136,202,84,0,13,0,4,33,0,14,0,0,21,0,0,11,0,11,0,6
0,0,0,0,0,13,27,0,0,28,0,204,49,237,91,138,0,16,0,0,0,40,0,38,0,0,0,11,7,26,19,53
40,0,0,46,0,0,13,0,0,16,0,15,0,1,0,12,0,24,0,34,19,10,0,14,53,0,0,0,0,35,0,0
0,2,4,0,35,0,17,21,0,0,0,0,0,1,20,7,0,0,0,0,0,0,0,11,0,40,61,9,9,0,22,83
0,14,0,4,9,0,13,18,0,16,0,9,29,0,15,0,1,0,11,5,0,0,29,0,0,27,0,10,0,0,0,0
0,0,0,22,2,0,1,26,0,0,0,7,70,2,0,32,0,0,19,46,0,4,0,2,9,14,18,0,33,13,16,0
0,6,0,15,7,34,0,5,44,0,8,57,14,0,0,59,0,10,0,14,24,0,0,20,42,1,14,17,0,25,0,0
0,0,0,8,29,0,2,1,0,0,0,0,0,39,0,2,0,0,23,0,0,3,0,16,0,0,0,17,0,26,0,0
0,0,17,0,34,37,0,61,0,0,0,2,0,37,0,0,0,43,2,26,23,0,0,33,0,19,0,0,0,0,5,4
0,0,35,0,32,0,0,31,0,23,39,22,1,46,0,9,40,2,0,0,0,0,8,4,0,1,29,0,0,0,36,0
0,0,0,8,0,0,0,0,0,0,0,7,36,0,0,33,22,13,5,23,0,23,0,0,0,0,24,30,8,28,27,21
62,1,21,5,37,26,0,13,54,1,60,0,0,74,0,0,0,0,62,3,39,12,0,0,0,26,0,0,0,33,9,13
63,0,19,0,30,39,35,0,30,0,5,5,0,0,0,39,0,0,11,0,68,12,37,4,7,0,0,9,0,20,1,0
72,0,19,0,26,28,4,0,0,0,12,1,0,31,22,0,21,0,6,0,181,0,0,0,0,0,0,33,0,0,42,0
0,0,0,0,23,0,0,0,10,0,0,0,36,8,2,0,0,24,158,56,26,7,30,11,22,0,0,23,0,0,0,9
52,21,26,0,4,11,0,16,0,0,0,23,16,0,0,0,27,88,58,0,32,0,0,21,0,7,52,8,0,0,14,78
7,0,30,0,0,34,0,18,0,16,0,0,0,4,0,73,33,7,0,18,0,0,0,0,9,20,0,19,36,16,0,12
0,14,13,0,12,8,5,0,0,0,24,0,4,5,19,82,4,12,0,0,0,0,26,64,51,6,44,0,0,30,0,0
85,43,0,43,0,53,0,0,0,0,0,0,0,14,42,0,19,0,0,47,0,230,107,132,45,9,10,2,26,0,0,4
98,39,0,0,40,0,0,15,0,12,0,46,247,73,173,0,45,0,20,0,25,5,7,12,0,2,31,1,50,167,85,148
0,0,0,17,0,0,0,33,18,0,50,127,255,3,112,41,64,8,0,0,17,1,7,0,21,0,148,71,143,0,0,14
0,0,37,0,0,18,0,60,64,0,0,41,70,48,215,78,146,50,118,0,0,25,5,0,64,5,28,0,0,3,6,0
0,0,13,0,0,0,19,53,59,116,13,152,63,13,16,102,93,186,247,4,0,0,59,0,0,0,32,28,14,46,0,0
0,37,0,0,0,0,10,0,95,27,23,18,0,25,35,235,229,197,195,54,0,0,0,0,0,57,30,0,13,0,20,68
22,0,6,36,0,0,0,0,20,4,8,0,0,0,0,30,185,130,73,0,0,27,0,23,9,51,37,205,227,1,0,0
0,0,0,45,0,0,0,0,0,22,0,0,0,15,3,0,10,4,58,61,30,0,40,0,0,53,66,2,65,24,15,0
0,10,0,0,60,0,0,18,0,0,0,17,16,0,0,16,0,0,58,33,0,23,22,3,0,0,0,0,23,0,0,6
0,10,0,0,0,0,0,44,5,0,0,16,13,26,0,0,0,0,30,2,0,0,23,13,8,0,0,0,0,18,0,23
27,0,6,19,0,0,12,6,8,0,53,0,18,0,41,0,0,0,0,0,21,0,34,0,20,14,25,0,0,0,0,0
11,0,0,14,0,18,25,6,0,0,5,14,0,0,59,13,0,0,0,32,0,0,0,0,16,0,32,0,17,39,0,10
0,13,0,0,0,0,30,49,0,0,0,19,23,31,35,6,0,0,0,0,194,100,13,0,23,0,45,0,0,0,0,25
22,0,0,23,0,0,0,25,6,0,43,28,249,75,29,0,43,17,0,0,0,22,0,0,45,45,38,8,19,0,2,42
50,0,11,0,0,0,15,47,26,0,44,84,76,149,71,6,1,0,21,20,11,16,70,0,23,0,24,25,19,0,0,7
10,23,0,0,5,38,0,0,1,0,0,13,0,41,19,0,13,12,11,4,7,0,38,8,0,0,0,17,0,0,0,0
0,12,21,11,38,0,0,35,0,0,0,20,0,21,7,24,1,16,0,0,33,51,31,0,0,12,0,0,3,0,14,0
0,27,66,0,0,0,0,58,0,0,0,0,0,0,45,33,0,18,21,13,0,5,0,0,28,39,0,0,56,29,0,32
61,15,10,0,0,36,14,0,0,16,41,4,0,7,0,0,23,0,0,10,19,32,80,0,8,6,5,35,0,36,21,24
0,34,0,10,0,30,0,41,9,0,27,24,29,17,0,12,16,20,64,0,13,14,1,44,0,7,0,0,2,0,0,0
37,0,30,0,71,0,38,0,36,10,22,0,17,23,0,20,14,20,9,17,30,14,38,0,33,24,15,39,0,41,0,0
0,19,0,3,0,45,0,0,38,30,0,19,18,0,0,0,0,39,0,0,34,4,47,13,25,0,0,5,17,37,0,0
0,7,19,20,19,74,11,0,28,21,0,12,10,27,0,0,0,0,1,9,19,0,17,0,6,1,57,0,0,0,0,8
36,0,52,3,21,5,0,0,0,15,0,0,12,29,13,0,21,20,0,0,10,22,13,21,0,0,3,17,0,0,8,0
0,0,0,6,0,0,0,20,37,0,1,28,0,2,0,38,0,0,35,36,85,5,17,1,21,0,15,66,0,0,0,7
0,0,0,0,0,8,0,4,0,0,0,39,0,19,25,0,21,66,33,18,0,0,6,0,49,0,0,45,46,27,0,25
39,0,0,0,0,0,0,0,0,0,0,0,34,14,0,9,93,68,0,0,7,2,9,0,0,7,0,28,0,0,29,19
0,0,24,3,0,0,3,29,0,0,52,43,14,0,59,224,19,0,0,36,0,11,0,0,0,19,0,0,0,0,0,0
0,0,4,10,0,22,0,0,0,23,0,0,0,50,98,0,0,0,0,13,0,99,204,73,2,0,36,0,17,2,0,19
134,10,0,2,24,0,34,0,4,0,20,4,69,104,0,0,0,12,0,119,63,65,44,0,16,17,0,0,0,0,0,139
88,0,0,4,16,0,0,0,59,0,233,21,235,237,28,13,0,8,0,61,31,0,11,28,3,35,182,80,253,169,237,41
0,16,47,0,48,27,0,0,0,165,36,84,15,40,94,28,148,5,9,35,16,0,28,45,94,168,12,130,67,0,2,53
0,8,7,4,24,0,1,21,151,178,242,191,48,90,156,91,235,83,21,12,21,0,41,10,30,2,0,0,0,0,2,1
125,0,15,23,0,2,3,37,205,106,26,31,24,103,15,149,191,215,9,25,0,0,0,15,0,40,4,18,3,0,0,0
88,0,0,17,0,0,0,103,151,67,39,43,38,42,122,187,191,196,0,0,11,45,0,25,17,26,30,80,0,1,0,0
0,12,45,16,0,26,85,26,14,0,0,0,4,43,0,37,63,69,0,0,19,0,0,42,106,126,136,4,6,7,16,0
0,0,0,0,35,3,45,7,0,0,9,0,0,18,0,0,0,54,17,13,0,15,19,0,23,45,30,12,0,0,0,16
81,13,15,3,18,55,0,0,0,10,11,0,20,0,0,10,0,26,10,0,11,0,7,9,54,16,0,0,19,0,8,8
3,20,3,0,0,0,0,0,0,0,23,26,1,14,24,30,17,0,0,0,6,8,0,24,48,0,4,1,0,0,16,0
0,30,0,9,0,20,12,0,36,2,0,44,0,0,14,48,19,0,5,0,21,0,0,4,13,0,0,0,0,23,0,5
15,49,11,0,13,22,24,35,0,11,13,0,17,9,4,0,33,29,4,0,11,0,19,12,0,0,16,2,16,10,13,0
0,0,12,24,0,0,14,10,45,25,174,240,164,109,0,0,38,24,11,130,144,34,18,4,0,11,0,0,0,16,4,0
34,0,0,0,54,27,0,24,0,175,147,58,199,184,0,0,0,0,0,34,33,0,0,35,29,0,30,1,0,1,2,13
45,0,28,0,6,22,20,0,14,4,4,96,41,0,0,34,0,0,0,0,0,0,0,0,3,0,12,9,0,4,0,0
48,0,35,0,0,0,0,0,0,36,46,53,67,0,11,14,2,0,0,18,10,0,0,0,39,18,27,0,6,0,0,21
0,5,0,0,0,26,0,16,0,0,0,0,30,3,0,0,6,0,8,20,0,37,0,0,0,7,6,19,4,13,0,0
12,4,5,0,0,7,0,0,4,0,0,0,11,0,19,0,0,1,0,0,0,47,28,0,13,0,0,30,18,0,0,0
0,0,7,17,29,17,0,0,16,0,0,2,3,27,36,0,0,6,3,0,0,0,0,0,0,1,0,0,0,18,0,49
0,0,0,0,0,3,10,20,0,0,0,9,0,0,0,0,0,12,4,3,0,6,26,0,3,0,0,16,0,30,0,2
0,0,0,33,0,0,5,0,0,0,3,0,0,13,28,11,0,6,0,22,0,4,33,0,0,23,10,19,0,0,0,37
102,0,24,0,28,17,8,0,0,16,0,0,0,26,0,0,1,5,27,7,0,0,0,6,0,13,0,0,0,16,0,13
34,0,4,0,6,0,12,71,0,0,0,20,21,0,12,0,9,4,22,25,0,28,21,0,0,38,0,0,0,22,28,11
0,0,2,2,43,0,0,6,29,23,0,45,0,0,0,64,0,0,9,0,2,0,0,0,14,0,0,5,0,31,0,0
19,25,28,0,0,54,0,21,5,0,0,15,16,4,0,0,0,0,0,17,0,0,62,38,14,0,6,0,14,30,0,0
0,0,0,0,0,5,5,0,19,22,0,0,0,51,0,0,0,11,60,1,9,0,19,8,0,0,0,0,19,0,17,0
0,0,0,17,0,23,5,10,11,0,62,14,0,0,6,4,135,27,0,0,9,0,0,0,0,22,4,0,3,0,1,0
0,0,23,0,0,0,0,0,63,3,49,0,44,59,131,94,0,1,0,0,0,0,36,0,0,0,19,0,16,10,28,0
25,34,0,0,0,49,35,0,19,9,0,0,3,253,62,0,0,10,54,29,216,158,0,12,0,5,18,0,0,15,0,22
0,0,0,10,0,0,0,10,0,0,4,69,254,19,20,0,14,0,13,240,8,0,30,0,24,52,23,0,39,123,56,0
75,0,28,0,7,0,5,0,10,30,221,144,64,24,7,0,3,23,134,128,0,0,0,8,0,50,16,157,69,90,16,7
0,5,0,0,13,43,0,21,0,174,107,30,186,10,34,86,2,41,56,91,13,26,0,2,215,65,72,53,68,25,0,0
23,13,31,6,0,0,0,53,51,240,138,15,9,197,151,56,70,0,7,17,0,4,16,0,0,22,25,0,82,0,45,66
114,17,0,0,0,27,4,247,101,92,69,251,68,1,161,182,102,27,9,29,0,0,0,28,0,0,0,4,61,0,22,25
31,5,0,39,0,0,6,103,41,98,115,92,84,29,197,190,190,10,0,0,0,10,20,29,107,71,27,13,5,0,14,0
0,0,0,16,0,0,62,42,0,17,6,61,0,1,64,130,170,2,9,0,26,6,11,27,203,0,7,10,23,0,0,0
11,0,0,14,0,0,31,11,3,0,11,7,0,0,0,51,158,79,0,31,0,0,10,36,75,66,17,0,0,0,0,53
110,39,38,0,31,0,8,0,56,8,9,0,0,10,0,0,0,56,24,10,11,0,2,0,21,13,54,27,0,35,12,0
67,0,30,0,14,7,14,38,0,0,0,11,0,20,0,6,0,34,18,0,0,9,0,21,27,0,21,6,0,0,0,0
137,0,22,2,24,0,9,25,0,3,0,0,0,0,0,0,0,0,0,2,1,5,14,8,47,88,0,42,0,0,3,51
0,10,28,22,46,0,15,33,32,0,0,0,0,18,26,3,0,2,0,3,1,0,0,0,0,0,0,0,36,17,3,32
3,60,26,0,53,59,20,0,0,28,184,130,31,0,9,24,25,20,75,0,0,20,10,0,0,0,9,17,15,0,15,36
0,26,34,13,36,0,41,0,162,181,126,9,157,0,0,0,0,0,0,4,9,0,0,20,15,9,1,0,3,0,0,8
25,0,0,0,0,22,18,0,25,98,120,170,128,0,0,1,0,0,0,0,0,12,12,0,10,10,14,0,9,0,2,6
21,20,0,14,74,8,0,0,19,42,190,57,101,20,0,0,0,0,24,52,3,30,35,0,6,11,0,2,8,0,0,40
16,22,0,26,0,0,0,0,0,3,0,122,28,16,16,0,0,25,0,6,31,0,1,0,14,22,15,14,0,1,2,0
64,30,17,18,0,24,0,0,6,31,0,11,76,2,48,0,18,16,17,3,0,7,0,0,0,0,2,20,5,0,0,0
0,23,0,16,35,26,5,18,10,15,0,49,0,7,14,0,16,1,0,0,0,0,0,22,0,0,0,0,0,0,0,15
0,0,0,4,31,0,3,10,0,0,0,0,0,35,0,39,2,20,5,0,0,0,0,5,0,0,0,0,18,0,15,0
4,21,2,11,0,0,0,6,0,0,0,0,0,23,0,0,26,0,0,5,0,22,10,0,12,23,4,0,39,0,23,0
17,0,4,0,77,19,0,19,11,22,4,0,0,0,0,0,0,1,1,0,0,16,0,2,0,0,27,0,11,0,21,0
0,18,0,0,0,9,0,10,0,0,0,0,0,44,0,2,10,0,0,5,14,0,0,7,0,0,0,34,0,32,22,16
44,0,0,4,14,1,22,0,13,4,29,0,14,53,0,0,9,9,25,0,1,14,0,0,0,10,19,1,0,0,0,4
0,15,0,12,0,0,0,0,0,6,0,3,11,28,5,0,0,0,3,10,12,0,0,5,25,0,0,5,27,0,18,11
0,64,0,48,0,14,55,31,25,0,63,10,54,4,18,16,0,76,33,55,0,0,2,0,14,34,16,0,16,0,5,0
53,0,0,2,0,4,0,0,0,43,19,20,0,38,0,119,73,27,20,5,27,0,0,4,0,0,0,0,0,22,0,0
4,0,5,11,4,39,11,0,9,13,11,0,5,30,168,238,0,0,0,0,0,0,0,0,0,0,49,0,23,0,0,3
0,38,0,24,31,0,0,19,47,14,0,0,40,123,33,19,29,40,8,0,88,43,32,5,23,0,0,35,22,14,9,65
0,0,0,0,0,0,0,9,0,0,0,18,29,38,7,40,0,0,103,116,187,28,0,0,0,9,0,22,56,0,0,27
0,0,3,18,0,3,1,0,7,30,35,150,0,29,0,0,0,90,19,63,11,0,26,14,39,29,2,37,11,19,0,0
0,0,16,3,0,18,0,14,12,152,253,203,13,14,5,0,0,28,16,10,0,0,21,187,125,85,7,64,63,0,22,15
54,66,0,0,0,20,0,226,109,145,129,169,122,45,49,28,0,22,17,21,87,108,0,38,31,31,9,56,56,57,27,0
0,0,39,0,0,0,100,132,198,195,124,39,191,184,211,82,32,7,0,0,0,0,21,23,29,27,0,0,55,0,31,80
0,0,6,23,48,42,221,186,59,160,157,124,148,179,191,196,0,5,84,0,14,28,0,26,45,0,0,5,0,4,34,27
0,25,21,7,20,242,48,47,125,76,116,120,68,97,214,53,16,19,42,0,0,0,63,23,16,0,26,0,101,1,2,0
42,0,0,0,52,67,41,83,0,21,137,13,149,184,90,34,165,0,28,0,0,0,0,39,0,14,0,49,44,41,12,44
0,0,0,14,61,129,0,0,48,0,3,40,5,59,14,185,160,29,0,0,0,0,12,16,63,0,27,0,0,9,6,7
39,0,80,0,0,9,0,11,7,0,21,25,27,0,30,39,30,14,12,0,0,11,0,0,36,15,14,44,34,0,0,33
57,33,26,22,0,0,25,27,0,0,0,0,0,11,0,3,18,1,0,0,9,1,0,28,87,21,17,3,22,14,0,43
62,10,0,4,21,0,2,41,11,8,0,2,0,5,8,26,0,20,25,0,0,0,0,0,18,20,56,0,0,10,23,59
0,24,0,0,0,0,46,40,0,20,0,18,0,0,10,0,0,20,22,12,0,0,14,0,48,50,3,0,32,45,0,0
0,0,53,23,0,0,0,28,0,49,69,123,17,0,0,0,3,0,0,0,0,32,0,9,0,0,0,44,30,0,51,5
6,0,20,0,0,0,14,3,87,38,228,101,51,0,0,13,0,20,17,27,15,1,54,60,0,10,0,0,0,0,9,36
63,70,0,10,10,0,0,7,64,120,38,103,0,4,23,18,18,28,12,0,8,0,0,0,0,5,0,12,0,16,16,6
71,32,0,0,0,3,8,9,0,99,89,30,46,3,0,5,0,0,0,0,18,40,0,11,4,0,22,24,0,0,41,0
0,0,0,39,36,27,0,15,0,23,5,0,0,25,0,0,0,34,3,25,3,28,19,32,0,0,0,0,0,10,0,0
25,36,21,0,0,14,0,0,0,5,0,0,24,1,0,24,7,14,0,0,13,0,10,0,0,21,9,0,0,1,3,0
0,20,0,3,0,0,9,9,19,0,0,52,0,0,2,0,0,5,5,0,0,1,4,26,0,9,10,13,28,2,0,0
0,55,0,0,0,0,7,0,16,0,1,32,0,3,0,41,0,0,15,21,4,0,0,0,42,0,0,0,0,0,9,0
54,6,0,0,34,35,32,0,0,4,0,0,0,22,0,16,24,9,0,0,0,5,0,0,0,0,0,0,0,1,0,10
0,0,6,36,35,0,11,21,9,0,0,0,0,2,0,0,0,0,0,9,0,17,0,0,8,18,0,38,16,0,0,3
0,0,11,13,0,5,32,10,0,14,3,0,0,37,9,0,0,5,17,0,25,0,0,17,12,0,0,8,35,12,13,26
0,23,0,0,0,16,0,0,0,8,14,11,15,0,0,40,0,0,0,0,0,0,0,9,0,0,0,27,0,0,0,9
