0,3,0,1,3,2,0,4,0,0,7,0,0,5,0,3,0,1,0,0,0,0,0,0,0,0,3,0,0,0,4,5
5,0,0,0,6,0,0,5,2,0,0,0,0,0,0,2,0,29,0,19,0,7,0,0,0,0,0,3,0,9,0,3
63,0,6,0,18,0,12,0,5,0,5,0,0,0,0,0,0,56,43,0,0,104,5,3,2,2,11,0,0,0,1,8
54,0,0,9,0,0,3,4,10,0,0,14,30,0,0,0,7,33,0,9,11,28,0,3,0,4,8,0,7,1,0,0
0,4,0,0,9,9,0,0,8,4,1,0,6,0,0,21,5,38,2,26,3,4,0,52,16,0,0,8,0,0,0,0
54,0,0,0,5,0,7,8,3,0,0,0,0,0,0,12,14,131,15,4,89,0,45,7,9,6,1,0,0,5,0,4
0,0,0,0,2,1,8,11,3,5,3,0,0,3,0,8,3,3,4,0,12,0,46,2,6,6,8,0,0,0,0,4
0,4,0,4,6,0,3,0,0,0,5,0,0,10,23,9,33,9,63,0,13,0,19,0,0,5,0,8,0,8,11,22
103,8,0,0,11,0,11,8,2,0,0,14,10,3,0,34,62,37,14,1,8,30,11,7,0,6,0,4,0,6,0,0
63,0,37,0,4,0,5,19,7,0,0,16,19,21,0,0,0,26,12,2,0,52,25,0,2,0,0,0,12,6,10,0
63,3,30,0,2,6,11,0,6,3,37,0,12,65,0,34,11,0,0,0,16,0,1,72,3,15,10,0,0,5,1,0
0,0,0,0,1,12,6,9,0,0,1,11,19,5,34,4,14,9,10,0,0,0,0,0,23,18,13,2,0,0,6,0
85,0,0,11,0,0,0,0,10,40,16,43,16,19,70,22,3,10,45,0,0,4,5,6,0,9,4,0,0,2,2,6
0,13,0,0,6,0,109,10,6,1,18,24,0,0,1,14,9,22,1,0,0,0,16,1,0,4,9,0,1,8,6,1
0,0,0,6,0,0,16,37,26,0,54,0,11,0,49,8,161,19,0,0,0,4,0,5,2,4,4,0,0,0,0,0
0,5,0,0,5,0,9,16,34,79,19,9,2,17,2,7,0,0,22,15,0,0,2,5,0,0,0,0,13,0,5,0
0,0,0,0,3,2,22,0,20,7,0,30,5,3,1,0,48,63,26,6,9,7,0,0,2,1,0,0,1,0,0,9
0,0,0,4,0,0,4,5,0,3,12,17,36,0,6,0,49,16,0,0,0,0,0,5,0,10,0,0,13,0,13,0
29,1,8,0,5,4,5,8,4,24,1,14,3,0,8,0,30,6,0,25,3,33,5,0,3,0,0,2,0,0,2,0
0,0,0,2,0,0,0,1,0,0,0,8,0,0,0,2,2,3,0,0,0,5,0,5,0,11,0,0,0,0,3,0
0,2,0,2,0,7,9,0,0,0,8,4,0,0,0,11,0,0,0,0,0,0,0,0,0,0,0,12,2,0,0,0
21,0,0,12,4,0,0,7,0,0,3,9,0,0,0,0,0,0,0,0,0,0,3,8,1,0,2,7,0,0,10,0
0,7,0,1,0,0,0,6,0,0,0,0,0,3,0,0,0,0,0,0,0,0,11,0,0,0,0,1,0,0,0,0
0,0,0,7,0,5,0,0,1,0,0,0,7,0,3,0,0,4,0,3,0,0,7,0,4,5,1,0,0,0,0,0
0,4,3,0,1,0,4,0,4,0,0,3,9,0,0,0,1,4,1,0,10,1,5,0,6,0,3,0,0,1,0,0
3,17,0,9,0,0,0,0,3,0,0,6,7,0,0,0,0,0,0,0,0,5,3,0,0,11,8,0,0,0,0,0
16,7,0,0,2,10,0,0,4,0,0,6,0,0,0,2,0,5,2,0,3,0,8,0,0,0,0,9,0,0,8,0
0,0,0,10,0,0,0,0,0,2,3,6,0,0,4,0,1,6,0,3,0,0,0,0,0,0,0,0,2,10,0,5
0,0,0,1,9,2,0,10,4,1,0,0,0,0,6,0,7,0,0,0,0,0,0,0,0,11,0,0,5,4,1,4
2,5,15,2,0,0,2,3,0,0,2,0,0,0,5,3,8,0,0,4,12,0,0,0,0,9,0,0,0,12,5,0
5,9,1,0,0,0,1,6,0,7,0,0,1,14,0,0,0,0,10,2,5,0,0,1,0,3,0,0,2,0,0,0
0,0,0,0,0,0,2,16,2,1,0,5,1,1,0,0,0,0,8,0,0,0,2,2,0,0,5,0,4,0,0,0
0,3,0,0,0,0,0,5,5,0,1,8,0,0,0,8,4,0,0,5,0,0,7,0,0,0,0,0,1,0,15,0
17,0,0,0,0,2,0,0,0,0,1,1,0,8,1,0,0,7,0,28,2,0,0,0,3,0,0,8,0,0,15,0
20,10,0,0,1,0,3,0,11,6,5,0,5,0,5,4,16,56,43,0,6,42,0,0,0,1,0,0,0,0,0,8
11,0,0,16,7,0,0,10,0,0,0,0,0,0,0,0,0,1,9,0,27,25,1,0,0,4,0,2,0,13,9,6
0,0,0,9,0,0,4,0,0,3,0,0,0,1,2,9,3,34,2,26,13,8,22,52,18,0,0,2,17,3,0,20
0,0,6,0,0,0,0,0,0,5,7,10,0,1,1,0,19,134,55,6,52,27,48,0,0,0,3,2,0,5,11,0
26,0,9,0,23,12,0,9,1,0,0,12,0,0,0,0,7,0,2,9,8,0,40,0,0,0,0,4,5,1,1,0
49,13,19,11,14,0,12,0,4,2,0,1,17,3,31,0,36,3,37,0,0,0,20,4,1,0,11,0,12,0,2,0
6,0,0,3,0,6,0,10,0,2,5,0,6,16,2,35,58,55,8,5,0,47,20,0,32,0,0,2,0,10,5,23
0,6,0,17,0,0,0,0,4,0,0,0,3,2,13,25,0,10,0,2,1,38,11,0,0,0,0,12,2,12,8,0
74,0,3,12,0,7,5,4,0,0,48,15,0,59,0,38,21,5,0,0,10,0,13,101,17,12,14,0,1,7,0,0
0,12,0,0,0,0,0,0,3,12,19,14,27,4,36,0,14,5,15,0,0,0,43,0,26,7,6,7,0,0,0,0
4,0,7,0,0,10,0,0,17,53,11,35,0,8,61,27,0,12,52,1,0,1,1,13,1,3,0,11,3,8,3,0
70,19,14,0,0,21,32,0,1,10,46,0,41,28,15,7,1,29,0,2,0,0,48,10,0,9,0,0,13,4,5,10
0,7,0,0,0,0,0,27,38,1,59,3,18,4,7,1,146,7,7,10,0,0,0,0,0,0,0,0,6,6,8,0
43,1,0,0,0,11,7,7,35,79,22,0,0,20,36,0,4,0,12,9,0,0,0,6,3,0,0,0,0,13,0,0
39,2,0,0,0,0,17,0,7,0,3,28,0,0,2,0,39,70,73,0,0,1,0,0,0,0,0,0,3,0,0,26
0,0,18,11,8,0,0,15,4,0,0,7,12,0,1,8,17,7,0,7,0,0,0,0,0,1,0,0,2,11,0,22
0,0,16,6,13,0,0,0,0,5,0,16,6,0,6,7,29,0,0,13,1,15,0,4,6,1,0,0,3,4,1,0
0,18,0,9,0,0,2,0,0,16,0,0,0,21,0,0,1,3,3,0,0,5,0,0,0,8,3,4,4,11,0,0
0,0,0,0,15,14,6,0,0,0,0,0,8,0,1,7,8,3,0,9,1,7,0,5,0,0,0,0,0,0,3,18
0,0,0,11,0,0,0,0,0,0,14,0,0,0,8,1,1,0,0,7,3,0,0,1,3,0,0,3,8,0,0,0
0,0,0,0,18,6,0,3,0,0,0,0,2,11,0,5,0,0,1,0,2,3,10,0,7,7,12,0,0,5,0,1
0,0,5,14,0,0,0,5,4,0,4,0,0,0,0,17,0,0,5,7,0,3,4,8,0,0,18,6,13,1,0,0
9,0,12,0,0,0,0,0,0,0,6,0,0,0,0,0,0,0,1,0,0,0,0,0,0,1,0,2,9,0,0,0
4,10,2,0,11,10,0,1,3,0,1,0,0,3,0,0,10,4,3,4,0,4,0,4,0,3,0,0,0,8,3,20
2,0,0,0,4,0,11,4,7,7,5,23,12,7,0,0,0,1,0,0,5,2,9,1,5,0,2,0,0,18,0,13
0,16,0,10,1,0,17,1,15,0,0,0,0,0,0,7,7,0,3,0,14,0,4,6,0,0,4,7,0,1,2,15
0,0,0,3,0,0,14,16,6,2,0,9,0,0,0,11,0,0,0,4,0,12,0,0,1,0,9,0,0,5,0,0
0,13,5,0,0,0,5,0,1,2,0,0,1,0,6,1,1,0,3,2,6,0,0,0,11,6,0,0,4,11,0,5
1,4,4,0,8,7,9,8,1,0,5,0,0,2,5,2,0,5,0,5,8,0,5,8,0,0,0,2,0,0,0,0
0,0,5,3,0,0,0,7,2,0,3,0,0,8,1,3,0,11,7,0,0,0,0,2,0,5,0,0,0,5,13,0
0,23,0,5,24,35,0,0,119,205,42,11,0,27,18,14,26,5,2,3,10,21,16,10,17,0,0,0,0,0,31,7
53,26,12,31,36,0,22,0,0,68,0,0,0,9,4,0,0,0,62,8,176,246,13,7,0,0,0,6,0,0,0,0
0,0,14,9,27,0,7,0,0,0,0,70,27,0,16,36,10,14,146,0,0,0,0,4,12,31,24,0,14,0,0,38
0,1,0,12,0,0,0,1,2,17,1,14,25,0,0,0,10,0,8,9,29,0,16,0,0,0,0,0,17,0,0,11
0,3,3,18,11,0,0,4,10,28,61,0,13,8,5,50,32,0,20,0,2,41,58,48,0,0,0,5,0,16,0,0
59,0,6,0,0,0,17,19,0,17,20,30,0,0,19,11,58,91,0,80,93,0,76,0,21,0,49,37,0,16,0,0
57,0,2,0,0,7,0,38,0,0,20,5,3,0,0,0,4,1,24,25,28,5,8,0,0,24,0,18,3,2,21,0
0,28,0,0,35,11,7,0,12,0,0,5,1,0,17,7,82,17,37,3,34,0,45,4,8,0,5,0,35,23,39,39
0,1,16,30,27,6,0,11,16,0,0,12,0,13,16,16,28,54,25,0,8,30,23,2,16,8,0,12,0,18,0,38
0,24,72,92,118,85,61,0,15,0,0,0,1,7,20,12,0,59,0,0,8,36,29,0,0,0,0,8,0,18,2,0
0,117,231,248,33,227,41,23,0,0,24,21,0,6,0,45,8,0,0,26,8,31,0,7,16,24,51,0,12,0,0,18
0,0,64,75,18,231,9,63,0,0,37,0,25,15,0,16,0,23,0,0,0,21,3,0,15,0,0,35,0,0,0,0
0,1,0,44,9,60,68,51,4,9,7,21,96,8,34,0,0,3,94,17,33,24,6,0,0,0,5,2,0,45,0,0
31,0,0,0,0,16,37,0,3,0,0,45,29,118,0,14,0,3,0,6,15,1,5,0,7,18,22,0,0,47,0,0
0,0,0,0,2,2,9,3,13,16,8,0,16,0,25,26,97,4,3,0,0,19,11,2,0,0,0,0,0,76,43,0
0,0,6,26,41,0,37,30,39,0,19,16,0,15,14,0,25,0,4,0,0,0,0,18,0,0,33,0,21,27,0,0
48,23,39,12,0,0,26,0,0,6,0,18,0,0,18,21,25,32,62,0,3,0,0,0,0,0,0,0,0,3,0,0
0,0,0,24,0,28,0,37,10,0,62,7,0,4,0,6,2,7,1,2,0,10,0,21,0,1,3,0,0,0,0,18
104,5,1,0,0,0,0,12,23,0,24,0,27,0,16,0,37,0,2,6,0,51,0,19,31,20,0,0,39,42,43,0
0,0,13,0,0,35,0,0,0,6,6,0,51,19,0,0,26,22,0,0,0,0,0,11,0,23,0,0,0,0,0,0
0,1,10,22,0,0,27,0,0,7,0,66,0,0,2,20,0,0,8,0,52,3,10,0,12,0,32,44,65,0,0,0
0,4,19,0,0,0,33,0,8,28,21,0,0,0,14,7,6,0,0,26,2,11,25,21,0,0,0,49,0,16,0,0
0,7,19,0,11,0,27,0,0,0,0,0,0,0,0,5,6,8,19,0,0,0,17,21,0,0,0,0,8,0,0,21
0,14,0,20,0,33,0,10,0,10,44,16,17,10,0,21,0,0,0,0,7,20,0,0,0,6,0,0,0,23,0,18
0,0,32,0,4,0,2,10,13,9,0,12,28,17,0,12,31,0,0,13,0,0,0,0,0,0,14,0,0,8,2,38
0,24,29,0,27,0,0,0,6,0,0,0,0,0,15,0,19,0,2,0,0,0,19,8,23,0,0,28,4,2,8,20
9,0,20,0,0,35,0,50,4,1,0,24,29,0,36,0,0,0,1,0,0,0,0,21,26,0,0,37,0,0,0,0
0,9,0,1,16,38,28,0,0,0,0,22,0,4,0,3,18,0,3,5,0,0,0,4,0,1,31,0,1,6,0,0
28,4,0,0,11,0,0,0,0,14,0,0,16,7,20,22,31,0,29,0,0,0,17,0,10,29,2,0,10,37,0,20
0,15,0,0,0,0,0,16,0,0,0,0,17,0,10,0,0,20,4,19,0,10,0,2,0,22,0,0,2,0,0,0
0,27,17,0,0,35,34,0,30,2,16,9,0,0,0,19,17,12,9,0,8,26,1,0,32,0,0,23,33,5,53,23
36,16,9,0,32,4,6,0,21,13,0,0,13,14,0,20,33,0,0,2,0,8,0,0,0,30,0,0,0,43,7,0
0,0,23,29,146,12,157,109,180,182,31,46,0,0,41,244,204,0,25,41,20,0,0,0,0,16,45,0,19,0,0,0
0,0,35,143,0,45,0,164,165,252,0,103,0,4,0,0,27,2,0,0,1,0,0,55,22,253,80,6,0,76,0,0
74,0,147,186,64,5,12,0,40,24,55,26,0,0,0,13,5,5,104,12,53,127,24,31,18,123,0,0,0,11,18,20
98,31,26,20,21,64,39,19,0,0,26,188,78,0,0,0,0,27,32,2,166,80,9,0,3,22,8,17,0,19,11,49
0,11,14,0,4,37,3,23,4,0,0,24,0,0,0,63,7,33,46,0,0,55,0,0,0,0,0,23,28,21,0,0
28,0,0,20,25,0,0,16,0,0,0,10,0,25,0,17,0,0,0,1,119,2,1,0,7,0,11,0,4,0,0,63
0,0,0,1,0,7,0,0,7,0,0,0,55,32,18,16,0,28,0,0,22,21,95,17,18,54,25,38,16,43,23,47
87,6,28,11,0,0,35,29,0,0,8,4,0,57,17,6,0,17,205,118,80,56,167,0,0,7,46,0,0,0,0,64
0,8,0,41,31,3,0,0,0,15,0,33,0,0,0,0,0,116,120,248,154,113,53,0,0,0,0,57,0,0,0,0
62,30,0,2,0,56,10,0,0,8,0,0,0,24,0,0,6,42,19,4,24,4,4,0,6,1,65,0,21,14,29,27
0,0,40,0,221,36,34,29,19,19,0,0,45,0,0,39,3,0,3,37,25,0,14,47,0,0,25,0,0,11,0,5
0,21,91,99,145,206,110,61,0,7,11,0,0,14,10,42,8,0,16,0,1,4,42,0,0,0,40,33,0,0,30,0
0,15,209,27,49,101,31,0,0,43,0,0,19,41,18,28,23,0,82,0,3,0,0,18,0,22,0,0,7,0,10,15
49,0,32,15,50,235,144,39,7,0,0,32,21,7,0,45,38,0,0,0,0,0,0,0,0,17,0,1,0,0,0,0
65,0,4,16,12,0,60,0,11,7,81,30,28,21,24,0,30,48,13,16,0,4,0,0,20,39,56,0,0,0,5,0
119,43,3,0,0,30,6,0,0,0,3,0,0,248,37,0,0,8,28,7,36,8,36,0,18,0,9,40,0,0,0,26
0,61,0,0,0,0,5,21,0,0,27,0,0,41,20,28,0,26,70,7,46,0,5,0,0,27,0,0,0,0,27,0
0,56,12,0,32,0,0,0,3,0,37,0,27,6,0,0,30,20,11,0,31,5,3,2,10,0,0,20,0,0,0,0
132,42,10,0,18,0,21,0,23,0,42,6,64,4,22,0,53,14,18,15,0,0,0,0,5,22,58,0,0,0,0,30
50,0,16,0,0,2,4,0,3,0,12,31,17,9,0,0,0,4,0,15,4,1,0,0,0,0,0,0,28,38,0,102
107,11,24,30,37,0,0,16,29,26,19,27,17,0,9,11,0,0,0,8,21,0,41,28,2,13,21,0,42,28,6,30
62,0,0,0,0,20,9,46,22,0,12,12,4,0,50,0,6,0,24,16,15,0,25,0,10,30,74,0,53,0,0,22
0,0,0,0,47,0,28,0,0,0,8,21,0,0,0,9,0,20,0,2,3,24,0,0,0,0,0,0,22,0,0,0
39,0,0,0,0,0,4,30,17,11,21,3,0,0,49,0,0,23,0,9,26,0,12,4,58,0,0,0,1,25,36,0
0,10,0,0,11,12,0,0,0,0,0,0,23,35,0,0,0,2,8,5,31,3,18,0,0,0,18,58,8,13,6,0
0,39,22,0,0,37,1,0,41,16,32,0,0,8,18,0,37,12,9,5,11,5,0,4,0,3,0,0,0,0,3,46
0,30,11,0,0,31,5,14,0,0,0,0,0,2,20,0,4,10,0,42,13,42,0,0,8,16,0,0,27,0,17,17
0,0,0,20,10,20,16,3,0,18,34,7,18,0,24,13,0,0,17,13,9,7,0,21,6,0,2,0,0,0,11,74
0,0,16,2,0,0,18,0,16,17,0,22,0,62,0,0,24,38,3,1,24,0,0,32,0,12,21,0,0,13,42,17
0,0,2,36,49,4,0,0,0,0,53,3,0,0,0,32,22,5,21,21,10,0,0,0,5,0,0,0,0,0,0,0
0,0,7,0,48,28,0,0,0,17,55,4,0,8,0,33,0,4,17,0,32,0,0,25,0,24,0,0,24,38,50,4
0,90,3,0,4,0,13,24,9,0,0,0,0,0,28,27,14,0,0,0,8,4,4,0,7,0,0,19,27,0,0,0
0,0,0,53,56,14,99,49,119,149,51,5,8,0,26,34,0,2,98,40,245,27,0,4,1,6,14,0,3,0,0,29
0,9,0,22,36,56,142,191,199,253,31,1,73,6,0,0,105,20,198,140,0,5,58,0,25,2,0,17,24,0,16,0
0,0,14,37,0,197,200,145,79,41,60,7,8,2,0,59,244,79,45,0,0,0,27,10,22,18,34,0,0,9,33,10
13,22,0,115,165,32,31,182,252,19,0,74,1,7,0,20,36,0,16,0,0,15,5,71,99,12,62,218,0,13,0,0
56,0,0,146,13,0,15,250,91,28,70,65,0,59,2,43,1,12,10,26,32,31,231,188,118,153,38,24,0,0,9,43
0,0,0,23,0,0,9,29,24,0,0,37,6,0,55,36,47,27,44,88,236,64,104,195,25,2,68,34,18,57,25,0
13,34,0,0,3,0,0,0,27,6,67,104,25,25,0,17,0,6,74,25,108,0,68,0,0,17,0,0,0,3,0,0
10,56,0,0,52,3,0,0,0,0,125,249,166,7,0,0,0,0,0,8,0,3,58,4,16,0,0,0,11,14,64,0
13,0,0,0,9,25,0,43,0,4,24,79,86,0,0,0,30,72,0,0,16,16,0,24,20,0,41,11,60,0,39,5
34,0,0,0,2,47,5,0,26,12,35,27,64,0,0,35,22,0,87,44,91,126,32,40,34,90,10,0,0,36,48,0
83,24,0,0,0,19,0,4,0,0,13,90,152,29,17,0,0,29,12,64,182,164,125,124,27,82,19,0,13,0,0,0
0,0,68,0,0,4,0,0,8,0,0,143,231,240,0,0,0,127,134,250,94,169,0,19,0,4,23,0,45,0,28,72
81,14,30,0,49,49,19,0,12,6,0,5,76,0,0,21,0,0,26,0,4,6,0,7,35,0,0,0,27,28,0,0
0,9,0,0,0,83,122,75,10,49,31,0,21,59,0,42,0,0,23,12,19,25,46,0,0,0,0,49,0,0,2,65
80,11,54,68,171,147,139,53,7,0,40,8,81,0,6,0,67,27,0,10,0,0,22,0,8,14,0,18,17,0,0,26
0,23,21,203,246,126,163,1,0,0,10,6,0,10,3,22,32,0,0,4,0,29,0,0,25,5,0,3,17,4,0,0
0,13,0,62,27,44,189,0,0,47,0,39,21,0,30,0,31,0,87,0,2,26,20,0,0,2,0,0,0,0,0,0
51,0,57,12,0,0,30,55,0,0,0,0,56,0,45,63,31,23,0,1,0,17,16,0,0,0,2,40,13,35,0,0
0,0,32,0,8,0,0,42,0,0,13,55,38,176,5,6,0,8,41,6,41,0,49,0,23,1,0,0,11,6,0,0
93,57,30,16,0,0,22,13,4,0,0,22,40,73,0,0,0,11,0,0,0,0,20,0,5,0,0,0,0,6,0,0
0,27,0,4,0,0,0,5,25,6,24,11,0,48,23,9,13,8,13,0,9,17,8,0,0,0,1,13,22,0,0,0
0,0,7,12,0,0,0,4,20,0,0,27,0,0,0,55,0,0,4,0,0,4,0,0,41,24,0,1,0,0,0,0
66,0,0,25,0,0,0,29,0,0,0,18,0,0,0,0,4,0,4,0,0,0,22,0,0,0,7,21,7,0,0,20
0,4,0,9,0,17,0,1,10,0,3,0,0,0,34,18,0,0,8,6,13,1,22,0,20,13,16,25,18,0,4,18
26,0,0,31,0,9,0,0,37,0,19,0,0,0,19,0,15,11,0,0,0,10,0,0,0,0,0,4,0,42,5,45
41,0,4,0,31,0,0,21,32,0,2,24,0,27,30,24,32,0,27,3,12,21,2,17,2,0,0,0,17,37,65,50
0,0,9,20,4,12,14,1,9,0,0,30,0,0,0,0,15,10,35,12,16,4,18,0,0,0,8,8,20,0,0,0
1,11,4,0,18,14,34,8,1,0,0,9,5,0,21,1,0,0,0,0,0,25,4,0,4,0,28,0,0,0,59,50
0,9,44,5,0,7,0,16,10,24,0,5,10,0,18,0,11,20,0,0,0,18,6,6,0,13,22,0,0,28,0,69
11,0,33,0,24,23,23,0,0,4,0,0,0,7,0,0,3,4,32,0,0,4,7,0,0,3,0,0,0,25,0,0
10,56,41,0,26,2,0,0,0,4,0,0,0,0,0,12,0,1,0,0,0,0,0,6,0,15,22,0,0,6,17,71
0,0,11,8,28,6,0,54,12,11,2,3,0,0,1,14,4,0,0,0,0,0,0,1,29,19,27,0,5,33,21,0
95,0,0,0,0,7,0,13,109,107,0,6,0,13,37,5,22,25,34,0,31,19,35,7,0,3,0,0,10,0,17,2
0,4,0,0,0,84,69,47,0,14,0,0,16,0,28,18,63,92,178,16,28,0,183,112,0,0,10,1,0,0,0,38
66,60,0,2,13,35,72,19,162,28,0,24,0,11,141,214,2,60,6,0,40,207,7,0,36,0,1,0,20,0,16,0
21,18,21,14,40,32,10,30,219,78,31,0,104,31,18,0,0,21,12,30,28,52,57,121,155,0,22,0,30,7,0,31
86,6,0,0,12,20,11,100,151,83,195,31,91,0,0,5,7,14,40,39,97,80,3,59,0,9,0,14,37,0,2,20
117,0,22,0,39,58,53,8,200,176,7,25,2,33,0,0,45,213,245,241,191,6,0,0,0,46,84,0,0,8,6,0
0,0,0,15,96,28,114,197,252,9,160,0,19,0,0,129,229,228,21,7,1,0,0,7,90,0,123,0,0,0,25,4
195,0,16,133,144,107,12,177,249,6,113,0,9,29,2,4,14,16,0,44,0,7,5,2,0,0,124,55,0,0,0,0
0,33,0,21,14,36,17,152,19,106,42,168,2,2,14,0,0,11,0,0,0,0,0,24,26,95,147,0,27,36,3,0
101,2,19,69,38,0,22,68,42,17,0,0,14,0,0,32,22,0,19,0,127,163,112,219,148,123,142,0,0,25,0,75
177,0,0,13,46,33,29,0,0,17,188,112,130,0,11,0,0,16,16,0,87,0,129,5,0,0,0,0,5,0,0,26
99,0,0,0,0,37,4,0,51,8,178,185,37,74,0,10,34,0,29,114,5,16,0,1,0,0,19,0,0,34,0,21
32,28,41,2,13,0,16,36,34,0,184,170,112,93,17,0,33,8,111,80,69,2,0,7,0,0,1,0,0,5,10,28
112,42,0,44,0,0,26,58,27,0,178,185,127,208,22,25,0,36,164,79,81,0,19,50,0,52,43,0,0,0,0,39
0,0,21,0,0,8,23,4,0,16,44,103,123,65,0,1,39,61,49,33,68,37,115,42,41,133,177,11,0,12,0,0
0,37,0,0,0,45,0,0,0,26,16,102,219,111,34,0,0,75,8,115,154,145,81,128,78,46,36,29,0,0,0,0
120,33,0,8,13,25,51,27,8,0,0,30,233,46,0,37,17,0,189,183,38,86,0,0,0,6,0,15,16,8,20,26
54,5,18,0,68,10,109,56,18,13,0,5,0,0,34,0,0,0,0,28,11,27,0,0,0,16,20,26,36,0,0,0
0,0,98,188,203,112,143,14,38,1,0,23,57,0,0,10,0,0,12,3,0,19,0,1,1,34,14,0,7,1,0,6
105,0,232,70,156,87,178,7,0,0,0,30,83,0,2,5,0,0,8,0,4,0,0,0,28,0,15,7,0,0,13,0
0,31,53,154,145,217,213,0,32,10,0,13,1,32,0,31,0,16,0,0,16,0,8,0,0,27,0,6,58,0,44,0
0,0,23,0,19,90,38,0,17,1,8,7,0,33,0,0,0,0,0,3,11,45,16,0,6,0,15,26,0,0,0,25
100,5,2,0,2,4,44,0,7,0,0,35,82,19,0,17,0,3,14,0,0,0,0,12,18,0,10,33,0,0,0,19
25,0,2,36,18,27,0,0,0,10,0,128,87,64,15,0,0,20,7,0,9,15,4,20,19,2,0,0,14,17,34,19
8,0,0,10,0,0,11,21,33,0,32,16,0,0,11,0,0,0,27,0,33,29,0,9,13,0,31,0,0,0,0,31
13,37,8,0,0,0,4,44,0,0,0,14,0,14,3,29,0,0,1,0,0,29,0,0,0,19,9,0,9,0,0,0
0,0,0,0,0,0,7,2,0,0,0,0,0,0,0,4,6,0,0,0,26,12,31,0,0,10,1,0,0,4,0,40
5,9,19,0,0,0,18,0,0,0,21,13,0,0,0,27,7,0,20,0,20,35,0,1,0,0,15,0,26,33,0,17
8,0,0,0,0,16,5,17,25,14,6,0,26,7,5,0,0,5,0,0,0,18,14,0,0,0,1,17,0,0,2,0
38,0,20,23,9,23,0,12,0,26,0,0,0,0,29,0,24,0,32,0,0,0,0,0,1,6,16,0,20,25,6,28
0,11,0,0,0,17,0,0,0,13,0,0,0,0,6,2,8,2,8,9,0,0,0,4,0,11,0,17,0,0,19,22
10,4,5,0,0,1,21,0,0,0,0,17,0,0,0,0,2,0,0,0,0,8,0,0,6,0,0,0,1,0,0,0
110,0,0,0,0,0,0,19,142,96,0,16,0,17,61,20,2,0,7,1,0,59,52,21,0,19,0,0,39,51,19,0
0,62,36,2,0,20,43,77,0,20,0,14,0,0,58,1,0,49,80,23,65,2,88,67,0,0,25,0,46,0,0,23
0,0,0,29,0,0,4,0,21,26,16,0,11,80,5,0,0,78,117,0,16,176,49,0,46,0,3,36,0,0,0,0
10,0,7,0,0,24,44,43,168,50,40,26,16,0,10,46,18,0,52,14,36,88,17,93,0,12,0,0,25,0,11,34
0,0,1,6,0,13,34,27,86,45,77,25,0,16,0,159,44,15,66,117,2,12,87,74,22,0,12,22,42,5,0,0
0,3,15,0,37,66,82,61,11,14,49,33,0,4,0,0,0,82,82,64,114,0,138,115,3,0,76,0,5,41,0,0
0,0,0,4,0,70,23,0,0,60,80,0,14,21,17,64,0,253,49,0,0,38,88,43,9,0,0,7,0,0,95,16
0,0,0,21,0,48,57,72,0,153,78,29,0,7,219,0,0,5,18,14,0,29,69,7,19,15,0,21,24,0,0,0
195,0,13,0,0,14,23,104,0,43,35,114,166,41,0,0,0,0,8,7,27,38,36,65,5,0,0,7,21,0,0,0
0,10,33,0,66,42,77,147,59,86,6,0,0,0,0,0,0,4,16,82,197,195,58,57,0,0,68,0,22,55,48,16
10,53,32,25,122,137,90,108,12,117,124,25,26,21,0,0,95,89,220,16,127,0,0,0,17,30,66,13,8,50,62,0
0,29,53,103,86,151,20,61,28,99,89,0,0,0,0,0,57,68,89,64,0,0,26,0,0,16,240,29,19,0,10,7
206,27,90,4,114,158,0,227,38,120,139,67,233,41,44,0,37,6,0,4,5,5,14,0,20,99,0,16,12,35,38,0
0,236,46,186,0,23,0,162,137,49,112,13,34,0,20,7,0,0,0,11,0,0,30,1,71,40,222,104,44,2,0,7
136,220,46,0,26,29,22,0,66,26,136,29,114,0,0,28,24,0,23,0,58,65,57,132,14,57,62,88,28,22,0,16
0,10,25,25,31,0,26,0,26,36,235,157,48,1,0,0,5,0,183,11,114,140,102,215,6,139,117,0,0,2,0,0
102,14,0,0,14,14,0,4,0,21,224,197,2,36,8,0,11,52,164,63,147,97,7,0,2,12,0,0,0,21,0,18
0,0,0,16,0,8,17,0,0,42,106,196,104,19,10,0,0,78,19,86,60,9,11,47,0,0,24,4,25,37,0,91
1,0,30,0,0,0,0,48,0,0,0,162,209,5,0,0,4,75,45,106,108,0,16,28,0,92,35,0,0,16,86,0
101,0,28,0,14,12,23,0,0,0,4,90,189,3,24,27,3,0,154,74,118,93,126,148,100,0,28,23,0,0,0,28
161,0,0,3,14,2,44,38,4,0,0,61,186,170,6,0,32,176,249,187,32,8,226,54,159,220,93,51,0,0,0,4
0,28,0,29,16,69,88,31,32,12,22,102,231,4,9,31,0,99,169,92,97,229,0,0,52,0,3,0,23,0,9,0
0,22,19,53,30,145,88,18,0,31,0,0,28,19,19,0,13,0,0,4,0,26,5,8,9,0,0,23,0,0,4,13
0,152,189,107,120,42,0,1,0,0,13,0,21,18,12,0,12,15,0,0,0,3,0,6,3,0,48,0,19,2,0,0
0,16,115,123,66,64,0,0,22,13,31,10,0,17,0,15,16,0,0,0,0,1,0,0,0,0,0,8,17,0,0,39
0,0,27,34,174,159,0,31,0,24,1,0,36,0,12,0,53,0,7,5,15,14,0,5,21,0,11,0,37,28,0,0
0,0,17,5,0,0,20,19,0,0,20,0,0,0,11,0,0,0,0,0,0,6,0,0,29,11,11,53,11,0,4,25
11,7,0,15,0,9,20,0,5,9,0,88,0,1,0,8,0,0,6,0,0,0,0,15,0,0,0,28,13,28,8,15
27,0,2,0,9,0,0,15,20,0,10,62,0,11,0,0,5,0,19,0,6,0,48,0,15,6,28,0,0,0,16,29
0,0,9,0,0,27,0,6,0,4,37,9,11,4,28,0,17,34,0,13,0,0,0,0,4,0,0,25,7,12,0,10
0,6,0,0,17,1,14,14,23,0,20,32,0,0,3,0,12,11,14,0,5,0,16,0,0,27,0,0,0,0,1,0
8,0,0,0,0,0,0,8,29,11,12,0,11,0,0,6,0,0,0,5,10,0,19,0,8,8,0,0,0,0,0,0
0,0,26,5,0,2,0,0,69,41,0,0,0,48,21,0,0,0,19,0,7,28,15,10,0,0,0,0,0,8,0,13
22,52,0,0,0,0,0,21,1,9,0,0,0,0,49,104,41,13,44,77,37,33,102,0,13,0,59,9,0,57,44,0
0,0,0,0,17,0,0,21,0,29,29,0,31,66,1,52,6,34,164,0,0,147,0,6,2,31,0,6,0,0,0,0
0,0,9,34,0,0,22,38,33,51,106,0,65,49,9,14,1,0,10,42,58,60,13,31,0,0,0,0,59,0,0,0
167,7,21,21,38,5,40,0,37,35,33,9,6,33,0,122,0,5,48,73,0,0,27,63,53,20,34,0,40,50,24,0
0,0,16,3,0,0,48,82,2,0,15,98,1,0,0,10,6,49,55,0,111,22,157,0,24,0,25,0,0,13,0,0
0,47,1,11,0,52,18,3,0,48,67,32,0,0,14,35,12,19,0,29,14,0,21,23,14,0,0,0,60,19,0,0
0,0,0,6,0,73,68,40,30,88,131,14,0,28,103,37,0,37,78,0,9,6,56,0,0,40,3,0,0,0,84,96
125,0,38,0,0,50,3,27,0,80,0,109,100,0,36,52,18,77,7,0,0,3,0,10,12,0,0,0,5,55,14,0
7,0,26,19,89,60,72,40,11,13,0,45,9,16,34,4,13,34,90,4,0,28,23,0,9,3,0,25,0,0,0,0
0,16,0,0,7,67,12,135,8,39,84,33,0,56,64,0,0,50,192,81,9,3,24,63,0,24,2,0,0,30,0,71
0,6,5,6,38,40,0,36,78,20,24,9,15,27,79,74,21,1,0,11,29,8,48,39,86,0,0,25,0,0,10,43
57,0,0,63,23,42,73,42,73,25,64,47,32,60,4,0,25,5,0,71,0,0,0,19,0,0,0,24,0,0,0,0
14,0,0,39,15,122,128,101,103,134,136,16,1,0,0,0,2,10,4,2,135,43,37,147,118,0,0,27,18,0,11,5
2,19,13,81,116,156,187,9,104,19,44,6,0,18,0,1,8,30,49,147,4,125,72,7,2,16,16,5,0,31,17,51
71,99,34,57,189,32,171,220,36,207,21,0,0,0,0,55,3,122,27,115,58,0,0,0,0,11,20,0,23,0,46,73
0,168,17,69,117,138,185,116,178,137,163,173,36,0,6,0,134,123,0,7,0,0,0,4,6,0,139,22,7,10,10,0
176,93,51,140,134,0,0,122,47,13,11,146,144,7,3,0,41,13,11,0,2,3,6,0,27,62,66,0,4,27,28,0
83,220,183,58,0,60,10,0,8,71,144,54,46,0,0,22,0,0,0,4,0,49,12,17,48,29,115,135,0,31,17,117
89,22,41,9,41,0,8,7,4,0,25,120,208,0,0,12,0,0,0,3,115,23,103,163,68,58,226,125,0,2,31,1
55,0,0,0,10,5,0,8,0,19,204,214,240,86,0,0,0,14,70,24,136,19,125,112,0,19,0,33,0,0,0,10
0,0,9,0,19,0,32,16,0,40,11,49,137,4,28,0,24,34,3,0,0,6,0,1,9,0,24,26,43,0,12,0
104,0,0,29,29,13,0,0,0,3,157,155,157,0,0,0,0,23,17,62,69,50,11,0,17,19,12,0,12,41,0,0
0,5,0,0,0,0,31,5,0,53,123,114,138,2,0,11,0,19,141,43,48,17,65,31,127,0,10,7,0,0,0,0
23,13,26,0,19,34,6,0,0,31,40,167,41,0,0,0,0,191,145,118,174,213,18,20,22,25,0,0,0,13,26,0
27,39,44,27,2,0,4,23,5,0,12,38,108,42,9,0,45,137,109,190,215,202,85,12,40,133,36,19,26,12,0,0
0,28,117,221,205,1,52,0,0,0,0,0,0,16,0,0,14,0,30,13,0,9,4,0,0,0,0,25,7,0,0,28
1,41,129,121,38,6,19,0,0,0,11,0,0,42,0,0,0,0,0,0,0,0,31,0,7,0,2,62,0,46,50,7
0,10,0,11,44,20,2,40,7,0,17,34,0,0,0,33,0,0,11,0,11,0,0,5,6,0,10,0,21,27,3,18
0,18,15,0,0,14,0,5,0,0,34,5,0,3,0,0,9,0,0,3,20,11,42,1,4,0,0,0,2,12,14,5
0,0,0,0,0,4,0,0,0,0,48,0,0,0,8,18,2,0,0,0,10,0,0,20,32,8,2,8,0,0,0,0
0,0,2,4,0,29,0,0,11,19,0,8,14,0,0,0,0,0,23,0,46,0,0,30,0,14,25,3,0,0,37,19
217,4,28,0,16,0,40,37,32,32,0,7,50,0,73,24,36,7,0,15,0,0,18,0,0,0,34,0,36,0,51,0
0,0,28,36,0,0,0,0,45,1,0,0,32,33,0,31,0,27,9,29,0,9,80,6,22,0,0,41,0,0,25,0
88,11,2,0,0,21,0,0,40,47,0,39,14,55,0,0,34,83,115,24,8,88,0,37,0,2,0,1,16,6,27,67
0,0,8,6,0,0,0,0,48,69,19,13,51,7,23,0,8,61,0,7,20,59,0,40,0,2,0,13,11,0,28,49
0,11,0,15,23,12,23,87,39,34,0,0,42,47,0,110,0,45,6,125,0,20,33,32,48,45,0,0,16,0,0,0
66,14,14,5,19,0,32,14,0,0,0,75,0,4,0,0,28,41,5,0,93,29,40,0,0,0,0,16,10,27,14,32
92,15,0,17,0,12,25,0,4,84,0,6,1,22,0,0,17,0,21,0,2,13,40,9,16,0,0,0,21,0,35,78
0,0,16,15,0,56,14,69,40,5,112,27,0,11,19,0,0,0,46,0,0,0,32,34,0,0,0,36,34,6,0,48
49,0,0,0,52,0,0,88,0,17,20,78,21,0,0,54,35,46,0,2,0,14,46,38,5,0,1,18,0,0,0,42
0,9,24,23,0,25,10,71,2,0,2,25,11,0,0,32,0,13,3,0,0,0,13,0,10,11,0,41,0,0,0,0
0,0,3,22,17,11,106,26,19,18,39,25,0,26,23,0,38,0,39,6,18,16,0,103,0,18,0,0,0,9,0,83
0,16,0,0,0,0,48,0,97,60,40,0,95,4,7,14,58,0,8,16,11,0,0,0,0,0,0,7,0,0,38,8
0,22,24,31,14,53,9,39,100,60,0,27,5,17,0,12,0,9,62,46,0,2,0,9,2,0,41,42,39,20,0,59
0,3,45,32,0,0,99,136,38,10,106,0,1,0,0,72,10,0,0,0,0,0,0,25,0,8,0,0,0,37,26,0
0,30,47,32,20,34,65,133,84,0,119,8,60,3,0,0,0,10,0,0,12,3,27,20,0,0,0,21,5,1,43,0
0,0,21,0,35,46,11,43,55,38,63,27,19,14,0,0,23,0,0,0,33,36,0,0,6,0,5,0,0,33,0,5
0,48,38,20,80,30,89,42,33,29,40,70,8,0,0,18,2,0,56,19,0,12,48,0,19,36,0,0,0,0,0,0
0,26,13,164,0,0,49,71,183,59,0,0,55,0,29,0,0,7,26,5,20,34,10,18,0,0,0,20,0,46,0,0
0,0,87,117,43,9,133,76,13,11,50,64,0,0,41,55,35,0,105,63,5,0,0,0,0,35,32,0,16,0,0,32
52,11,7,151,54,0,116,235,80,69,0,0,123,18,0,189,171,4,135,66,12,0,17,0,86,0,0,2,0,0,25,3
0,0,0,0,140,53,0,72,120,145,0,88,61,145,26,116,50,11,6,41,17,11,0,0,31,23,0,15,9,21,6,0
66,0,0,23,0,8,118,82,240,116,58,0,99,0,6,40,3,0,0,10,9,0,0,10,15,0,0,31,0,0,0,5
87,0,20,0,0,17,78,216,17,197,142,35,0,0,0,21,1,0,0,14,47,20,0,0,19,0,0,0,0,0,8,14
2,0,23,9,3,24,17,4,93,19,31,0,0,18,5,0,9,25,15,27,58,0,0,0,13,25,23,0,6,10,19,0
88,0,0,0,22,17,0,0,15,3,0,0,0,3,24,12,100,8,61,114,92,0,0,0,0,0,16,29,0,0,20,0
29,18,0,0,24,14,0,0,1,31,0,0,20,39,0,0,60,62,55,0,36,82,0,0,0,0,10,0,0,0,7,0
34,0,0,1,22,0,2,0,9,26,0,0,3,14,5,0,200,124,68,29,10,0,7,11,9,0,0,2,0,4,0,3
0,7,0,9,0,0,0,0,0,0,0,14,28,6,0,16,0,21,0,0,3,0,8,0,0,0,13,24,0,0,0,0
94,27,0,9,22,0,0,0,11,0,24,0,0,1,2,4,0,17,0,38,5,1,32,10,0,0,0,7,0,29,19,0
18,12,37,0,0,10,40,0,1,0,8,0,6,3,6,13,0,24,0,0,13,1,1,30,6,3,0,8,0,0,0,6
13,5,30,5,5,0,17,19,2,0,0,14,0,0,14,2,18,2,11,25,0,0,3,24,5,17,13,0,21,0,0,0
17,9,0,0,12,6,20,0,6,0,8,0,0,0,4,3,4,2,37,0,9,0,0,0,0,5,0,30,14,2,5,0
0,0,0,1,0,4,10,0,0,25,9,0,9,0,48,9,5,0,0,0,1,0,0,0,0,14,4,0,11,0,9,0
45,4,0,4,3,8,1,0,14,42,31,0,22,12,7,39,21,46,22,23,4,0,20,4,7,10,7,0,0,9,1,31
18,0,10,0,0,4,0,0,0,3,50,26,16,35,36,2,49,38,130,0,11,128,4,43,0,1,13,0,14,0,0,0
68,0,4,7,0,0,24,16,25,4,25,5,63,0,0,62,7,11,16,21,19,31,6,29,0,2,2,0,6,6,0,0
179,5,6,0,0,0,14,35,24,50,23,43,9,51,5,54,0,2,7,33,5,0,4,40,10,8,0,3,0,0,1,7
0,0,0,0,0,15,0,3,0,1,0,86,2,1,0,0,8,83,32,0,64,0,33,0,0,3,8,0,6,3,0,9
0,8,14,0,0,22,4,0,16,10,37,22,2,9,0,0,0,0,0,3,0,0,28,5,29,0,2,0,2,9,0,11
59,19,0,0,18,0,21,23,30,15,11,10,0,8,0,0,15,6,9,0,4,1,33,0,0,0,0,4,0,0,0,0
0,0,1,9,19,0,55,21,2,19,0,23,25,0,9,41,21,3,2,4,0,0,2,0,4,0,8,0,0,0,0,0
83,13,0,6,2,0,11,35,37,5,10,0,3,0,0,5,0,36,1,8,1,13,40,0,2,0,0,0,18,16,1,0
0,0,16,12,10,0,17,57,31,18,55,3,21,38,0,25,8,0,10,0,0,0,5,10,0,1,0,0,6,0,0,5
0,5,7,0,0,22,46,9,21,19,41,0,29,9,18,9,45,0,0,7,1,1,0,3,0,2,0,12,1,0,0,4
182,8,0,27,20,61,4,0,82,44,33,0,14,2,24,0,4,4,51,43,2,0,6,32,0,0,0,7,0,0,4,0
109,4,24,10,0,0,56,50,23,37,0,16,29,0,3,63,0,0,0,0,6,1,51,0,0,8,0,0,0,3,2,5
102,23,9,1,27,38,18,60,7,2,54,0,57,2,5,0,4,0,0,3,11,4,24,1,3,0,15,0,0,5,12,10
0,9,2,0,18,9,29,0,46,70,72,0,26,9,11,0,0,2,0,13,4,8,8,0,0,4,0,5,0,0,14,12
111,6,31,34,20,52,13,6,3,28,11,31,3,6,0,0,0,7,62,0,4,4,30,0,8,0,0,0,0,0,0,0
0,4,12,9,0,0,34,116,41,4,1,54,34,26,82,0,5,2,5,1,0,0,0,14,2,5,0,0,0,12,0,2
0,0,0,0,0,48,49,23,58,0,127,28,0,20,0,49,8,2,0,0,0,13,0,1,0,0,0,0,0,5,2,15
0,0,0,0,0,0,0,28,52,82,5,37,65,0,11,0,0,0,0,3,3,0,0,0,3,9,1,0,10,0,0,5
25,0,0,0,0,0,6,5,32,8,0,84,19,56,11,6,9,0,0,0,0,0,2,4,0,0,9,0,7,0,0,6
9,6,9,0,7,0,3,2,0,3,10,11,11,3,2,2,7,14,4,3,2,26,0,6,0,4,1,0,2,4,0,4
0,2,7,0,13,8,1,0,5,1,0,0,1,50,42,0,0,5,1,2,2,0,0,1,0,0,12,1,0,18,0,1
72,0,0,2,0,5,3,5,1,3,0,3,0,1,6,0,10,4,0,9,0,0,0,0,1,3,1,0,4,8,1,0
31,0,14,6,10,0,1,21,0,0,0,6,0,0,0,0,0,2,0,5,5,0,0,4,0,0,4,0,9,0,0,0
38,0,0,2,0,0,3,15,4,3,2,0,0,0,1,0,4,2,3,22,3,2,0,2,4,16,0,0,5,6,0,0
0,0,0,4,4,0,6,4,1,0,0,0,3,0,0,2,0,4,0,2,1,0,0,1,6,11,0,0,0,0,0,0
0,4,0,4,0,4,0,2,10,8,0,0,7,0,6,0,0,0,0,0,0,0,8,0,12,2,0,2,4,0,5,0
2,2,7,6,0,0,0,0,8,6,0,0,0,0,0,0,2,1,0,0,0,1,3,6,1,0,0,0,0,2,4,0
3,2,1,2,2,0,0,4,0,9,0,0,0,3,0,0,0,0,1,0,1,0,0,2,0,0,0,17,6,2,0,1
0,3,0,0,0,0,4,0,0,0,0,4,0,0,0,6,3,7,0,0,0,0,0,0,3,0,5,0,4,0,0,0
6,5,20,5,4,8,0,5,2,0,6,7,0,2,1,0,0,6,0,0,0,0,0,0,1,0,0,2,1,0,10,0
0,0,0,0,18,3,4,0,14,63,3,1,0,0,17,2,5,0,0,0,0,0,0,0,0,0,0,0,10,7,0,13
69,9,0,0,0,6,0,13,0,43,24,0,0,2,5,35,0,39,40,11,16,0,0,10,0,0,0,0,6,3,7,0
0,17,12,0,3,10,0,8,3,21,44,26,26,83,0,0,32,66,112,0,8,91,4,0,0,0,0,6,8,0,12,11
0,0,8,15,0,4,17,23,19,19,55,16,39,0,7,36,14,14,1,15,13,39,7,20,1,8,0,0,1,8,2,8
193,19,0,0,9,0,0,34,52,45,56,14,1,70,0,108,8,18,0,4,0,0,9,24,0,0,1,2,5,9,0,1
78,3,1,0,0,27,0,0,4,9,0,71,4,1,0,0,25,124,5,0,76,5,34,3,4,0,9,0,0,6,5,12
0,0,0,5,18,9,19,0,0,6,14,40,6,8,2,3,0,13,0,0,0,0,35,6,40,0,0,0,2,0,1,0
49,0,19,4,0,9,49,0,16,33,50,34,0,2,23,0,11,2,12,0,0,3,18,0,7,0,8,0,0,0,5,29
0,0,2,0,8,13,21,6,7,20,17,0,33,10,0,49,46,30,0,4,0,0,8,0,0,13,7,0,9,3,0,0
0,13,11,0,31,2,4,13,84,0,0,7,0,0,0,3,0,2,8,0,0,8,20,0,0,6,0,0,8,6,1,18
141,0,11,2,13,0,37,60,25,2,41,6,3,69,6,19,22,0,2,4,2,0,0,26,6,32,6,0,9,0,0,0
0,6,9,0,4,31,8,0,7,60,46,11,23,10,7,6,11,1,1,0,0,0,2,7,32,1,3,0,3,0,0,0
0,1,2,39,0,37,1,12,57,0,58,6,26,0,17,4,1,5,45,33,0,0,1,24,0,6,0,0,2,6,0,0
0,0,9,1,3,6,89,77,41,7,61,1,30,2,1,25,0,11,0,0,8,0,0,0,7,0,4,3,0,1,4,12
103,0,3,38,0,57,44,41,27,6,45,2,60,0,0,7,54,0,0,0,0,6,1,0,0,4,0,0,0,5,0,8
0,0,8,0,11,3,18,20,0,53,24,13,41,0,0,0,0,0,13,0,4,6,5,0,0,0,0,0,0,0,0,1
0,1,20,18,15,16,55,6,0,0,0,41,7,0,3,0,3,0,51,0,0,3,12,1,0,0,1,0,6,0,1,6
88,0,4,3,0,0,18,70,46,0,0,10,87,19,74,3,11,0,1,5,0,3,22,0,0,8,0,0,12,2,0,3
0,5,10,0,0,0,0,7,19,9,50,117,1,34,6,28,23,8,0,0,4,20,9,5,7,0,0,9,0,0,2,0
68,0,0,0,4,4,0,0,0,1,0,3,27,27,0,3,0,4,0,7,1,0,0,1,0,1,0,0,0,3,0,7
0,0,11,9,4,0,11,1,0,0,1,32,38,52,78,0,4,0,0,2,23,0,0,0,0,4,0,0,2,0,0,0
0,0,18,7,0,0,0,0,0,2,0,0,0,9,1,6,0,0,46,0,5,0,0,0,2,0,8,0,0,13,0,5
29,0,3,9,1,0,0,3,0,1,0,0,2,28,20,0,0,0,9,0,0,0,0,5,4,0,0,0,0,2,0,0
0,5,0,0,0,0,3,0,9,0,2,0,6,2,4,0,0,0,0,34,8,0,0,0,0,0,5,0,3,0,4,0
0,1,0,0,0,0,0,8,3,2,0,3,0,0,0,2,2,0,3,0,2,0,0,0,0,2,0,7,0,0,0,0
0,0,1,0,0,0,0,9,6,1,16,9,3,1,0,7,0,0,0,0,0,0,6,5,1,0,0,3,2,10,6,0
10,0,5,0,12,0,7,0,0,0,0,0,3,1,0,0,0,4,0,0,5,0,0,1,0,0,0,1,0,0,1,5
0,0,0,5,0,0,4,0,2,0,0,0,1,0,0,0,0,0,2,0,0,16,0,0,0,0,3,0,7,0,0,2
2,0,0,0,0,0,3,0,0,0,5,0,9,0,0,5,3,0,0,7,1,1,0,2,0,0,4,0,0,2,0,0
2,0,4,0,6,0,4,0,1,8,4,3,0,0,0,4,2,5,0,2,1,0,0,3,0,7,0,0,0,0,4,0
0,0,3,0,0,13,0,0,0,3,0,0,0,2,0,1,0,0,5,1,7,10,0,0,0,2,0,0,3,9,0,0
0,0,0,0,0,0,0,0,10,2,5,0,1,0,3,1,0,3,0,0,0,0,0,5,5,0,7,0,0,6,0,0
0,0,13,8,0,0,0,0,0,48,0,0,6,9,18,14,0,0,0,0,0,0,0,0,7,0,4,1,0,3,0,0
0,0,0,0,0,0,6,0,0,63,0,0,4,10,28,16,5,56,26,5,6,0,0,0,0,1,3,0,1,3,0,16
3,0,10,0,0,3,4,12,0,12,62,42,23,43,7,0,69,70,76,0,0,105,1,0,0,0,0,0,0,6,0,0
69,4,4,0,8,0,9,23,24,7,56,0,58,0,3,7,1,25,2,0,15,48,0,25,0,0,2,0,1,0,0,3
1,0,5,0,0,2,4,0,13,26,35,28,9,33,2,100,4,64,0,23,0,0,0,34,12,2,5,0,6,0,0,0
132,0,2,7,0,11,0,0,0,2,0,73,6,0,3,0,25,96,1,0,83,1,39,0,1,0,0,0,16,0,0,3
0,0,0,3,5,21,0,0,4,5,36,13,0,17,0,0,0,0,0,0,4,6,49,0,33,0,5,0,6,0,0,0
49,9,8,0,13,1,0,0,9,33,16,42,2,28,57,30,14,1,62,7,7,0,37,0,7,0,5,0,6,0,0,0
28,0,0,4,0,12,15,51,3,0,14,9,20,7,2,51,36,48,0,0,1,0,8,5,0,0,0,0,0,10,0,22
90,8,2,0,0,13,0,0,82,1,6,0,28,5,0,0,4,16,4,0,1,3,21,0,0,0,0,0,0,0,6,0
0,0,0,10,0,3,15,36,16,36,16,0,0,80,0,0,0,0,0,0,0,9,0,0,0,0,2,0,0,9,2,0
57,7,1,1,6,20,3,2,19,65,59,6,34,0,28,0,12,0,0,0,0,0,9,0,22,1,0,6,0,9,0,9
0,0,23,49,1,63,0,7,36,41,80,25,12,16,29,0,0,0,19,1,5,0,0,6,6,6,4,6,0,0,0,30
6,0,0,17,0,0,88,39,0,1,38,9,15,0,3,19,0,0,4,0,0,6,8,0,0,8,0,0,0,8,0,7
120,0,39,0,0,13,62,37,41,0,34,0,29,0,54,0,78,4,2,0,4,5,0,0,0,2,9,0,0,1,0,15
67,0,22,5,2,0,0,45,0,50,77,96,0,11,0,4,7,9,23,0,0,6,0,0,0,0,1,1,0,0,0,0
0,7,0,0,0,18,17,11,0,0,0,40,0,0,0,3,0,2,49,0,0,7,0,0,1,7,0,5,7,0,0,0
0,0,7,8,0,0,5,40,0,0,0,17,0,0,51,0,43,0,0,5,0,0,0,0,7,0,0,0,5,10,0,0
43,1,0,0,0,18,0,0,2,9,5,80,0,21,0,1,22,0,2,0,5,70,0,7,0,0,0,1,7,0,1,9
0,0,0,0,0,0,0,2,0,0,0,10,26,26,7,3,0,0,0,0,1,5,0,0,1,0,2,0,16,4,0,19
0,11,0,0,0,2,2,0,0,10,0,0,0,35,0,0,0,4,0,0,29,9,0,0,0,0,0,4,0,0,13,0
0,0,11,0,0,0,12,0,11,0,5,7,0,0,1,29,4,0,0,7,1,12,0,7,0,0,0,0,0,4,0,1
15,0,0,1,0,0,0,0,0,1,0,0,1,0,4,0,0,0,25,0,2,0,0,0,0,0,0,0,0,0,0,0
0,0,0,0,2,3,0,0,5,0,0,3,1,0,1,0,0,4,5,17,0,0,0,0,0,0,2,8,0,2,7,0
6,1,0,1,0,0,0,5,9,0,1,0,2,0,0,0,0,1,0,0,9,0,7,2,0,4,0,4,4,7,0,3
0,4,0,7,0,3,0,0,0,2,5,0,0,5,0,0,0,0,0,0,3,6,3,0,0,0,9,4,6,0,0,4
0,0,13,0,0,0,12,9,0,0,5,2,2,0,7,0,0,0,0,0,4,0,0,0,4,0,0,0,0,0,0,0
0,0,0,0,5,0,0,0,0,0,0,4,0,0,0,0,0,0,0,3,2,2,4,2,0,5,0,2,7,2,5,0
0,0,0,2,0,0,0,4,0,0,0,0,0,7,0,0,0,0,3,7,0,0,0,0,1,0,0,0,2,7,5,0
3,0,10,0,0,4,0,0,3,9,4,0,0,0,0,0,0,5,0,0,2,5,4,0,1,3,0,0,0,0,0,8
0,1,0,0,5,1,13,0,0,0,0,0,0,0,4,0,2,2,13,0,2,3,7,0,5,0,0,4,1,0,0,15
0,0,0,0,0,4,4,4,0,2,0,0,0,0,5,0,0,2,0,0,0,0,0,0,0,0,0,3,0,0,6,0
0,1,0,4,22,0,23,0,0,52,2,0,0,0,39,4,0,0,0,0,2,0,2,9,0,0,6,0,1,3,0,10
0,7,2,0,0,3,0,6,0,53,0,0,0,18,71,36,0,49,48,24,20,4,0,6,5,5,5,1,0,0,0,0
69,0,13,2,0,0,0,13,0,14,67,27,4,64,8,4,62,78,56,3,0,98,0,0,0,1,0,13,0,0,0,12
0,11,11,10,0,0,17,28,26,4,34,0,74,0,0,41,14,13,11,17,22,37,0,26,0,0,0,2,0,0,0,0
139,0,52,3,1,9,0,0,13,63,0,20,28,48,0,52,0,0,0,27,2,5,0,45,12,0,0,0,0,0,0,15
121,0,20,0,20,17,3,0,2,12,18,68,0,0,0,2,23,117,17,2,87,0,40,0,4,0,1,0,1,6,0,0
0,7,5,2,23,15,17,3,0,22,0,6,0,0,5,2,15,0,0,3,0,3,35,0,9,2,2,4,8,0,0,0
45,0,0,0,0,8,30,0,27,37,0,19,4,2,31,26,23,17,32,0,0,0,21,0,16,12,0,0,7,0,0,0
0,0,7,0,6,0,35,56,0,0,0,0,0,32,0,29,69,32,1,8,0,0,3,1,7,0,5,3,3,2,1,0
89,0,1,7,0,0,0,3,112,10,5,0,2,25,1,10,0,8,1,0,12,11,12,0,7,1,9,0,0,7,0,10
0,0,0,0,8,0,6,109,28,31,51,1,0,83,0,24,4,0,0,5,7,5,0,2,0,6,0,0,8,0,2,0
0,4,0,0,13,10,0,5,0,86,39,12,36,14,16,6,0,6,0,0,0,0,0,8,0,17,3,0,11,0,0,7
67,0,15,31,12,34,3,1,69,21,75,31,31,0,18,17,0,0,58,3,3,1,0,9,7,1,16,16,0,0,2,0
0,0,0,41,0,0,93,17,13,11,41,0,10,3,0,16,12,0,3,1,0,1,4,2,0,0,0,0,0,0,6,0
0,4,0,16,22,0,52,34,46,0,55,2,35,7,3,0,138,18,6,0,0,0,10,0,0,0,0,1,5,0,0,32
102,3,0,0,4,0,2,5,3,30,53,42,11,0,4,0,0,1,12,1,0,0,0,0,0,9,0,0,11,0,14,0
0,0,0,0,0,2,23,5,0,3,0,35,0,0,6,0,21,0,34,7,0,0,0,0,0,5,2,0,11,4,4,10
0,8,0,0,0,9,0,0,6,1,0,0,56,4,55,0,34,0,9,2,0,2,0,1,0,0,0,0,5,0,2,0
3,0,4,0,0,0,9,0,0,5,0,30,0,0,0,58,6,0,0,11,0,38,4,0,3,0,0,0,15,3,0,0
27,0,0,0,10,8,0,0,16,0,0,0,0,27,1,0,0,0,1,7,0,1,0,0,0,1,0,2,0,0,0,0
77,7,0,0,6,4,0,0,0,10,0,0,18,0,12,0,0,0,16,1,0,8,1,1,6,0,1,4,2,0,0,17
41,0,24,9,24,0,3,15,0,0,3,5,3,0,4,7,7,0,5,0,0,0,0,1,0,2,0,0,0,0,0,0
0,1,1,1,0,0,12,1,0,2,7,0,3,8,0,0,0,5,5,0,0,0,0,0,11,0,0,2,0,0,0,11
13,6,0,0,0,10,0,5,3,0,0,0,0,0,0,0,8,2,5,1,0,3,0,5,0,0,0,0,0,3,0,10
0,7,0,0,0,5,4,0,0,8,2,0,0,4,2,10,6,0,0,10,0,0,0,9,4,13,0,0,2,6,0,25
0,7,0,10,14,0,2,0,6,0,2,15,0,0,0,0,8,0,9,0,5,0,10,6,2,2,0,5,0,3,7,0
1,4,5,0,0,1,1,3,0,0,0,11,1,0,4,0,5,0,13,3,2,0,5,0,0,0,0,1,0,0,0,0
9,0,1,0,0,0,5,3,3,0,0,3,0,0,2,0,0,0,0,0,0,4,7,10,0,0,10,0,0,0,0,0
0,0,0,1,0,3,0,0,8,1,0,4,10,0,0,0,12,10,0,7,11,9,9,0,0,9,1,12,2,0,8,1
4,2,0,0,0,0,0,0,3,6,0,7,0,0,0,13,0,0,1,0,0,5,0,10,0,7,0,0,0,0,5,15
9,0,11,0,0,0,4,0,0,0,0,0,14,3,0,0,3,0,0,0,1,0,0,0,0,5,0,0,1,1,0,0
1,0,0,0,0,0,0,0,0,0,2,0,0,11,0,0,0,0,6,5,0,0,0,0,0,2,6,2,0,0,0,11
0,0,63,33,81,18,138,59,140,80,36,0,17,22,23,0,0,0,0,27,0,5,9,100,29,3,9,0,0,33,11,34
95,0,24,35,44,0,20,7,8,18,7,0,8,3,9,39,16,32,0,18,38,59,144,178,22,3,0,0,0,58,0,0
0,0,58,27,24,0,31,12,0,0,0,12,7,57,1,0,0,80,37,0,0,70,0,24,0,0,0,29,0,17,45,0
184,58,0,28,20,0,34,41,19,0,87,0,56,0,0,80,21,0,9,24,0,0,0,29,0,9,0,0,0,22,0,0
95,0,0,18,0,0,0,35,2,0,44,23,8,63,6,48,23,7,0,28,0,0,13,43,27,14,75,87,10,0,13,58
97,0,0,10,51,0,23,0,6,0,0,47,28,0,0,0,48,106,60,2,98,14,62,176,1,0,3,42,4,10,20,0
0,33,0,6,0,0,0,0,23,22,2,16,0,0,0,0,0,10,0,0,0,4,0,0,0,8,0,0,0,17,0,0
16,16,0,0,8,0,34,0,42,6,17,0,34,0,46,0,44,0,0,0,29,0,21,31,28,0,61,0,0,0,0,43
0,25,18,0,25,6,0,38,0,6,30,3,46,19,23,63,35,25,42,0,7,10,0,0,0,0,0,0,5,0,0,3
85,5,0,21,53,38,127,0,228,0,10,4,37,0,14,8,15,8,0,0,16,6,8,0,10,0,38,0,29,0,1,0
0,0,142,14,125,78,109,60,92,12,0,29,0,110,38,0,0,9,0,1,34,10,9,7,0,0,0,18,0,0,0,0
0,0,93,183,240,68,48,204,146,25,11,8,2,22,23,0,5,6,10,0,13,16,32,0,0,4,0,1,19,0,0,31
74,0,40,14,34,143,67,251,28,49,27,16,1,56,16,20,8,2,48,21,11,7,7,28,0,0,35,0,0,0,0,0
24,72,0,0,18,63,160,48,51,80,3,21,44,0,2,0,0,5,9,47,6,2,0,12,37,0,0,0,4,51,0,0
0,0,0,0,0,23,15,42,0,20,0,14,34,0,0,0,68,59,0,0,3,7,0,0,0,0,26,0,0,23,0,0
0,10,14,16,64,0,27,6,9,40,32,0,0,27,3,18,7,0,28,0,0,16,0,1,0,32,0,0,43,0,48,16
0,0,22,0,32,13,0,25,0,0,25,7,0,0,0,7,6,4,49,0,0,11,19,0,0,12,0,5,0,5,0,0
91,0,0,0,0,12,7,1,13,30,9,0,0,0,71,0,48,26,0,0,0,30,3,5,0,0,6,0,22,0,6,11
18,0,15,0,0,0,0,0,0,5,1,35,0,22,25,15,27,26,6,0,0,26,0,22,15,3,0,54,17,0,0,57
0,0,74,4,35,32,0,0,8,54,0,0,3,13,20,23,14,0,0,28,0,0,41,9,20,0,31,0,0,0,0,32
0,12,0,0,0,0,22,0,27,3,0,0,0,31,0,0,18,0,18,0,0,31,0,13,12,7,0,8,30,15,17,12
6,29,0,4,0,0,14,1,28,0,45,3,5,0,0,20,0,0,31,3,1,0,0,0,6,8,0,0,30,23,37,16
0,18,0,0,3,0,0,5,24,11,0,0,0,17,0,0,0,6,3,0,2,6,8,22,0,0,22,6,0,29,0,14
0,30,4,0,0,24,30,1,48,4,3,15,0,0,0,23,16,6,25,0,12,5,16,0,0,16,9,0,0,0,1,58
10,7,14,0,0,3,0,10,0,5,0,0,0,38,5,0,7,0,0,13,0,0,58,43,12,0,20,26,23,7,0,0
0,0,25,6,0,0,0,1,0,0,0,0,0,0,5,1,9,0,6,0,0,2,0,0,16,0,11,0,10,26,13,27
0,23,6,0,0,0,3,31,15,18,10,13,0,7,0,4,0,1,0,27,0,0,23,10,0,0,25,0,0,11,0,20
56,19,8,0,0,16,0,0,18,5,0,0,0,38,36,3,1,0,0,23,0,0,0,0,0,0,0,22,23,33,0,6
0,9,0,0,0,14,0,0,28,22,34,0,0,13,0,12,0,0,0,0,0,7,9,11,0,0,0,0,0,7,13,16
34,0,4,9,0,0,0,0,0,0,14,21,0,0,0,8,9,2,0,0,0,16,0,23,0,0,0,0,46,8,0,13
1,8,18,0,0,25,0,16,0,0,9,0,16,0,0,11,31,0,21,0,0,1,14,0,0,0,8,6,16,30,0,0
9,50,3,0,28,43,13,0,0,13,5,0,0,4,0,4,4,10,0,18,4,0,18,12,0,25,0,0,31,0,20,4
23,5,0,0,0,20,30,163,250,195,17,0,23,26,57,37,112,99,115,48,29,21,21,0,0,13,0,67,62,33,0,0
154,16,0,0,65,86,143,27,185,7,32,0,7,16,14,0,86,188,0,23,0,24,16,65,35,154,57,167,0,0,16,30
19,0,0,69,215,130,75,11,83,134,84,8,0,39,0,0,1,4,10,25,9,16,162,158,244,83,112,15,6,0,0,28
0,8,93,142,135,44,4,0,0,7,0,0,28,0,6,0,0,24,43,222,83,231,175,0,0,24,7,41,16,13,0,0
41,37,11,224,0,91,4,39,0,16,67,0,0,48,21,55,0,0,0,107,71,0,19,0,0,3,54,6,50,37,21,0
27,17,164,88,57,1,27,9,64,0,23,21,0,11,3,16,9,87,0,1,0,0,0,25,0,0,107,0,19,40,3,0
0,70,29,0,1,0,29,0,14,0,7,0,0,19,0,8,0,0,0,0,8,0,160,72,48,31,131,8,0,0,18,0
48,209,49,0,0,0,20,0,0,26,63,0,49,35,22,0,0,0,43,108,160,51,175,55,27,5,0,0,43,0,67,0
0,7,0,0,10,0,39,58,0,0,52,0,52,6,23,68,51,23,19,52,163,127,40,0,0,7,14,9,70,9,0,67
22,0,0,10,0,27,137,60,2,68,13,0,0,19,0,10,0,14,0,0,48,54,0,28,0,0,0,0,0,25,0,26
115,82,27,0,44,12,102,27,12,21,25,19,21,67,24,63,0,27,0,0,0,0,6,0,10,0,10,0,0,24,0,39
95,15,0,24,31,154,33,192,142,83,0,0,7,1,10,5,75,0,29,19,5,0,0,0,0,0,4,0,0,0,0,0
91,17,2,204,87,190,232,21,63,7,0,19,0,6,28,0,0,0,45,4,5,0,9,0,0,25,0,0,0,20,0,34
8,0,29,234,86,111,167,228,77,1,12,0,35,25,28,0,0,31,0,0,0,0,16,6,10,6,51,0,24,0,0,49
0,0,24,41,152,40,56,35,213,0,43,8,107,0,19,0,54,30,7,0,5,0,35,11,5,20,14,0,8,24,24,0
0,0,0,6,14,0,0,77,0,0,6,0,1,3,24,5,7,0,19,1,5,0,0,0,13,11,17,0,43,1,30,0
0,0,1,0,51,0,0,10,0,0,0,78,0,12,1,26,33,27,82,0,8,10,1,1,22,14,0,0,5,0,19,36
0,0,1,51,0,0,10,8,0,8,0,0,0,36,46,0,0,0,2,0,0,0,31,0,13,0,0,44,0,0,0,0
22,0,10,22,1,0,9,0,44,0,16,69,0,22,0,15,6,0,7,20,0,11,21,0,9,18,0,0,0,32,8,4
11,41,0,12,0,0,2,4,11,30,10,0,11,9,0,1,0,0,2,36,19,13,0,6,0,0,0,15,0,0,0,0
33,1,0,0,0,4,0,0,3,4,0,6,17,14,0,45,14,0,0,0,0,0,3,0,11,0,8,24,34,63,0,0
0,10,21,0,0,0,1,15,32,2,56,0,25,24,0,0,0,9,0,0,7,12,2,0,12,16,13,0,26,0,27,0
0,0,0,0,0,6,7,1,19,16,0,0,0,0,23,15,32,1,0,0,8,14,0,0,0,0,0,0,21,26,2,22
59,0,14,0,9,0,1,0,53,8,11,0,37,0,19,0,21,12,18,0,7,0,10,0,24,3,14,0,0,0,27,49
0,0,3,24,8,0,0,11,17,0,20,6,4,0,14,0,0,0,4,0,0,0,0,0,15,0,27,6,11,0,0,29
53,0,0,21,0,0,5,2,50,3,12,17,0,12,0,8,0,0,17,0,17,33,7,12,4,8,0,0,0,16,31,0
0,0,0,0,0,0,0,0,44,17,3,16,9,26,0,0,0,38,0,0,8,0,0,9,0,3,0,0,59,24,14,0
29,0,0,13,43,0,20,0,27,0,12,17,16,2,0,0,0,25,0,10,0,6,0,0,0,0,0,0,0,9,0,0
6,1,0,0,23,0,27,28,10,0,21,0,6,30,0,0,18,0,0,9,0,0,24,26,0,14,0,26,0,0,0,57
24,40,0,0,0,0,0,3,38,0,7,22,8,7,1,0,0,0,36,0,0,0,2,18,0,0,0,0,35,2,0,0
23,3,0,31,23,0,0,0,11,0,53,18,34,0,16,0,0,6,0,2,27,18,21,0,6,0,0,0,0,0,0,28
11,4,3,0,15,0,0,38,8,0,1,19,0,39,0,0,45,19,0,18,10,0,0,1,0,0,0,0,0,0,12,45
0,0,11,2,0,5,0,15,95,112,7,0,167,24,37,16,33,0,19,14,142,125,118,17,0,0,5,28,16,0,12,0
0,0,28,0,19,62,35,38,18,195,0,0,0,20,38,12,12,146,155,246,202,38,0,0,4,0,76,48,0,0,0,0
36,5,7,8,22,65,144,22,64,23,0,3,12,5,0,81,64,188,113,59,4,17,14,2,45,19,40,37,0,0,0,0
20,6,0,0,178,170,254,159,213,82,0,0,19,0,1,92,243,84,1,0,3,0,32,50,96,132,64,144,0,0,0,0
0,16,0,23,33,107,202,70,226,138,103,0,8,0,0,28,0,13,0,0,10,51,235,35,24,21,125,61,45,33,31,34
2,0,48,42,64,42,29,0,47,7,7,0,0,0,0,14,0,58,20,35,106,95,14,13,38,14,0,4,0,3,0,50
5,105,56,76,144,6,9,3,14,0,4,62,116,12,0,2,0,8,208,110,8,37,44,5,16,7,34,0,0,0,0,64
51,181,175,141,100,0,0,0,0,0,26,18,0,87,13,0,16,9,6,0,0,2,0,0,33,0,29,39,0,0,0,0
196,67,94,7,6,32,3,0,0,34,26,20,112,133,2,40,0,2,0,7,0,24,43,29,37,23,174,105,10,0,0,17
95,133,0,0,0,8,0,28,15,28,7,39,102,155,0,0,0,7,26,54,244,92,66,179,51,23,8,0,4,1,13,0
0,6,0,25,0,90,4,177,25,0,3,9,88,144,135,0,0,0,19,132,105,110,148,67,18,0,16,0,0,15,0,0
47,0,0,2,0,0,222,88,115,199,0,0,55,95,159,0,24,0,11,109,17,1,28,17,26,3,45,0,0,24,24,0
0,9,10,0,4,222,22,76,94,184,119,68,21,41,13,3,0,39,22,34,0,0,5,8,0,44,25,36,0,0,37,0
39,34,12,17,0,58,170,2,37,12,14,0,51,49,3,0,40,38,26,0,0,0,55,15,9,9,0,0,0,0,13,35
0,2,54,133,198,27,132,212,51,25,0,0,51,2,46,17,100,0,0,4,14,2,0,0,2,8,5,0,24,2,0,25
0,0,0,204,193,108,179,23,87,0,0,38,14,0,0,0,27,1,20,9,0,10,8,0,10,0,34,0,0,0,5,0
0,0,0,94,197,4,113,226,113,17,0,44,0,1,0,0,0,11,54,0,0,8,0,0,0,4,8,1,2,0,53,8
9,0,0,0,66,147,233,3,170,32,21,6,23,7,157,2,35,0,0,4,4,0,8,43,28,16,21,0,0,0,0,0
0,8,1,9,0,0,2,10,9,9,20,26,0,9,116,0,0,51,4,11,24,0,0,8,0,5,0,8,34,0,20,32
14,36,10,25,0,9,0,0,12,1,0,0,31,30,6,6,56,19,18,0,0,0,30,24,0,8,0,0,0,0,79,0
0,0,0,0,48,31,0,16,33,13,38,0,2,19,2,53,13,0,0,37,8,0,60,5,0,0,16,21,0,51,0,0
49,0,0,16,0,0,0,40,0,0,10,0,0,35,6,0,0,0,0,20,8,0,0,2,26,0,0,19,13,6,0,0
33,0,0,20,0,0,19,0,54,16,53,0,0,0,0,9,0,13,28,0,23,7,12,19,6,0,0,8,0,21,0,19
0,0,0,9,1,0,0,0,9,0,4,5,0,6,14,0,0,32,0,0,0,0,0,11,0,0,11,0,0,52,0,0
23,0,0,8,0,0,0,0,0,11,16,10,9,0,0,16,24,28,39,4,4,0,0,0,1,18,0,10,0,6,0,0
51,21,21,0,4,1,0,30,14,0,9,24,12,0,0,16,0,8,0,22,2,0,0,0,0,24,49,0,0,34,16,63
1,0,2,0,10,0,0,12,13,4,0,0,0,0,0,0,0,0,0,0,0,0,0,24,0,0,33,0,0,16,0,0
0,5,0,3,0,33,14,43,0,0,0,0,0,0,2,39,0,14,0,9,11,31,0,0,0,0,0,0,0,0,52,0
10,13,9,0,8,0,12,0,6,0,33,0,21,0,0,0,0,0,3,15,13,6,41,17,0,1,0,0,0,7,0,17
13,0,0,0,0,42,13,0,3,0,0,0,21,30,0,0,0,0,0,0,0,0,20,9,0,0,22,32,0,7,0,0
12,0,25,42,0,0,0,0,39,0,0,32,0,13,0,17,0,0,0,2,0,0,0,0,0,0,17,0,7,12,10,34
0,9,2,16,7,22,25,9,6,0,6,2,0,16,0,0,6,0,0,0,0,0,27,0,0,22,18,0,14,16,0,0
76,34,0,0,0,34,48,0,124,75,48,16,12,0,70,20,96,184,179,0,55,84,103,85,69,2,7,32,0,3,0,0
0,0,2,16,0,10,6,10,51,26,39,0,0,0,196,149,19,75,58,44,57,7,87,136,0,0,0,25,44,0,0,75
0,0,0,20,0,0,0,0,91,2,37,3,30,34,86,0,43,77,181,0,70,199,55,106,33,0,0,41,21,16,0,0
13,0,8,26,0,13,26,80,204,28,78,156,230,0,11,27,0,4,119,28,96,229,49,23,0,0,0,0,0,44,0,0
0,1,0,0,33,9,11,105,88,46,48,20,23,0,20,179,72,120,87,32,242,50,46,0,37,21,63,24,0,0,0,0
28,2,0,0,13,7,39,151,200,246,53,37,0,26,0,9,118,195,29,156,61,0,33,21,36,81,104,16,0,4,10,0
84,0,34,5,180,110,103,213,152,219,73,0,23,4,0,44,233,180,0,0,50,0,104,9,88,57,163,39,0,27,14,19
48,58,23,120,196,20,82,8,184,255,144,89,39,63,65,0,0,21,112,1,7,0,31,33,156,151,87,55,0,10,8,0
32,146,74,172,16,83,29,0,48,16,0,0,30,21,8,0,0,14,10,0,66,195,30,11,226,57,59,42,4,0,0,0
69,169,174,127,238,25,0,0,1,0,0,99,137,8,0,0,29,23,107,206,171,7,81,51,3,9,0,2,0,39,9,95
171,159,112,114,68,0,51,0,0,14,29,203,222,226,20,28,16,1,35,7,0,0,10,9,10,0,11,0,0,20,0,0
254,166,39,63,5,0,6,0,0,16,20,214,33,108,38,0,82,0,11,11,13,0,7,19,0,32,125,0,13,0,0,0
191,243,6,0,0,0,0,0,0,0,0,169,30,182,47,0,0,26,64,77,120,20,75,24,30,183,53,69,0,35,22,0
24,12,2,0,0,2,60,63,55,23,8,0,75,25,42,7,11,8,206,112,63,236,144,10,3,0,11,0,0,6,0,0
29,6,0,0,25,28,162,239,57,76,72,31,54,147,105,10,27,2,97,104,16,34,0,0,24,0,0,3,0,0,0,0
0,27,3,0,88,149,244,240,64,15,1,6,0,63,0,3,5,0,29,0,0,9,0,0,48,25,25,0,9,0,16,77
0,0,0,148,19,163,125,238,135,0,25,46,0,0,26,29,59,0,16,19,0,0,0,21,17,0,0,0,11,55,0,0
0,5,37,88,37,145,132,112,184,0,23,4,23,16,31,20,11,49,0,1,0,11,0,0,2,0,17,1,7,0,1,0
0,55,231,82,145,163,135,36,24,8,0,60,0,0,3,18,50,0,28,55,23,0,0,0,16,16,28,0,7,42,6,23
0,10,17,20,120,223,12,219,0,15,46,6,59,41,0,0,0,0,0,9,0,0,30,18,0,0,51,0,10,0,0,0
0,0,22,1,93,107,199,130,29,2,3,23,0,0,4,16,9,7,21,5,0,0,0,36,0,0,16,0,30,16,0,0
0,0,0,15,55,41,0,69,0,0,0,10,9,57,57,17,9,32,24,0,25,0,0,4,0,0,0,0,0,0,31,4
0,0,0,14,0,21,0,40,31,0,0,0,0,0,12,32,8,13,0,1,0,0,24,0,0,28,13,0,0,18,15,0
0,6,0,0,0,16,9,0,0,5,0,22,9,0,0,2,3,0,0,3,0,17,0,0,14,20,26,0,0,0,0,37
16,0,9,5,13,19,0,0,0,12,11,0,1,0,19,0,16,18,12,0,16,24,13,24,18,0,0,11,31,0,68,32
0,6,0,0,0,24,0,0,9,0,0,0,0,0,0,12,0,4,20,0,0,2,17,0,12,0,0,5,23,31,0,7
0,3,30,0,0,0,11,16,0,10,2,3,2,0,10,2,35,0,0,2,7,0,0,10,6,0,0,0,0,0,21,0
29,0,0,0,0,0,0,23,47,2,35,31,7,32,16,29,22,5,0,0,0,0,27,7,0,0,0,18,0,0,0,0
0,12,0,0,0,0,0,4,17,23,0,18,2,0,16,5,22,0,11,50,0,0,0,0,0,11,3,0,25,0,0,0
15,0,17,10,31,0,0,4,0,0,0,0,3,0,0,0,15,21,0,0,0,2,0,0,18,10,1,19,2,20,0,0
37,0,0,23,0,0,0,0,5,10,0,0,10,0,0,0,3,0,0,15,0,4,1,0,0,0,0,23,0,2,0,0
0,0,0,30,28,0,18,0,0,15,37,47,0,3,14,0,7,0,0,0,0,8,1,0,0,0,27,13,31,21,0,35
63,39,0,30,0,0,9,9,22,93,2,0,1,8,29,27,0,28,12,0,68,11,60,33,0,4,5,17,0,6,0,0
44,6,0,0,55,0,35,41,31,18,17,42,26,36,55,32,0,91,70,51,37,1,128,79,27,7,0,0,0,28,18,0
112,0,0,16,0,0,0,0,0,82,20,19,18,49,2,8,6,118,188,1,47,176,15,40,76,26,0,0,0,24,0,5
91,21,0,0,0,24,35,34,103,51,9,0,96,10,0,80,0,84,99,35,92,107,31,31,0,0,0,0,14,0,38,0
0,0,23,0,7,53,0,0,54,37,58,22,30,35,50,201,48,253,118,148,42,18,137,73,7,6,0,0,1,0,0,37
154,42,0,8,0,39,50,63,0,5,9,69,0,0,22,0,0,254,51,61,109,4,53,88,78,0,0,0,0,0,26,0
65,0,45,7,23,72,0,52,20,43,17,46,33,36,116,18,1,35,58,79,0,52,41,9,54,0,22,0,1,78,9,0
46,16,34,0,25,202,76,66,50,146,104,63,161,26,15,0,0,49,196,125,74,120,52,133,249,8,7,80,0,31,0,0
0,97,25,0,0,25,14,50,89,94,28,94,48,0,3,18,64,137,146,128,132,192,4,65,2,0,43,6,0,0,1,0
5,6,0,35,67,111,104,182,121,98,26,44,8,40,39,16,97,223,230,4,2,32,16,5,3,6,40,9,0,0,49,41
0,30,128,132,139,208,89,80,105,134,191,60,61,38,0,66,111,114,4,49,9,0,0,14,48,56,12,51,0,2,32,0
17,75,107,163,190,5,63,207,139,244,125,93,163,0,19,20,18,9,14,10,89,79,247,7,117,158,99,95,27,25,38,0
0,100,140,34,192,211,26,0,100,39,0,51,147,20,16,56,0,0,72,74,168,42,47,36,66,74,223,75,42,28,11,10
0,104,226,43,0,87,5,0,48,0,36,45,113,65,40,2,30,0,0,22,66,215,201,90,78,34,9,44,0,0,54,46
11,224,107,142,17,0,0,11,0,6,142,155,110,201,3,0,0,0,224,142,115,104,156,168,0,8,18,4,15,11,31,0
215,239,0,29,2,0,31,58,16,0,59,62,201,208,16,0,60,0,49,48,0,0,8,0,0,10,28,0,36,0,29,0
65,0,0,0,0,0,0,0,0,0,152,187,155,39,2,9,0,0,77,17,26,40,7,20,3,16,0,0,30,0,0,29
67,0,27,26,70,0,64,26,0,0,99,221,44,148,112,0,23,40,14,34,188,0,67,170,38,212,26,0,9,0,0,58
7,4,8,0,0,30,77,89,46,0,0,67,114,54,0,18,20,0,61,199,90,16,138,39,32,42,0,0,13,7,40,0
0,1,0,4,0,94,134,171,0,0,0,0,103,94,19,1,11,0,81,234,28,99,71,0,0,0,0,23,0,0,30,34
0,0,13,0,0,82,36,0,14,41,0,0,0,14,0,0,0,0,6,0,0,28,0,24,6,0,14,14,0,0,2,0
14,0,0,0,28,96,95,38,4,30,0,8,6,3,0,0,0,34,12,12,0,0,0,0,0,4,13,5,0,0,0,0
33,14,0,34,54,67,13,1,62,0,24,15,33,19,0,0,0,14,10,1,0,23,20,6,0,10,0,2,4,0,19,2
3,0,25,41,217,23,59,0,22,8,25,22,13,0,48,26,75,8,0,12,0,0,0,8,4,21,0,4,0,3,0,0
17,8,22,16,101,64,57,17,0,21,16,0,0,37,0,54,51,7,0,2,23,0,0,0,0,0,33,0,6,34,11,73
15,9,8,30,8,0,25,0,5,0,0,43,0,0,0,12,2,0,0,0,18,14,3,0,19,18,19,7,14,16,7,0
44,34,4,16,0,0,25,0,0,0,0,0,20,33,11,14,0,0,0,1,2,1,0,8,36,0,0,15,37,22,0,0
0,0,5,11,0,0,0,16,7,0,0,36,15,0,31,16,0,0,16,0,14,0,14,0,0,0,0,0,0,0,0,0
21,26,37,0,0,46,0,0,0,0,0,0,0,0,20,32,16,0,0,0,5,0,0,2,0,5,0,34,11,2,26,77
0,1,11,0,0,0,5,38,8,0,0,0,0,0,0,0,0,35,0,13,7,0,48,7,14,0,15,0,0,0,26,24
0,0,5,10,5,8,3,6,4,0,22,0,0,0,14,0,0,0,0,16,13,0,0,7,0,0,0,0,10,24,0,0
0,8,24,0,18,55,0,0,13,2,3,13,34,0,25,1,12,2,27,22,0,0,0,0,5,0,69,0,37,1,3,0
0,29,0,33,0,23,0,13,25,106,0,0,3,18,53,55,26,0,0,10,22,27,43,27,12,0,41,0,0,41,34,0
0,3,10,0,14,0,0,44,7,75,15,48,21,83,26,0,2,102,81,85,60,0,162,60,38,0,24,24,0,0,0,48
0,13,0,18,0,32,38,12,11,34,52,9,1,101,0,61,74,48,196,19,68,176,3,0,0,0,0,6,0,72,21,0
0,15,0,7,39,0,42,98,60,51,52,13,38,26,5,144,0,41,109,0,75,68,60,94,0,6,24,1,0,0,2,0
71,10,11,45,0,7,79,39,81,46,43,67,46,71,12,229,7,0,113,28,0,0,138,11,16,23,0,0,22,0,8,97
0,0,5,8,14,64,41,0,33,35,61,75,32,0,0,18,39,88,14,41,163,25,99,59,13,11,0,2,10,80,44,62
43,0,50,50,48,69,40,21,0,42,85,80,12,18,38,54,40,55,0,16,35,29,92,0,88,0,14,0,31,0,0,0
0,0,24,0,31,74,7,99,69,133,122,54,0,0,179,0,0,18,156,109,92,56,0,9,0,3,0,0,43,28,0,0
0,0,61,22,21,4,72,88,0,50,44,64,41,12,30,87,17,77,18,0,32,0,57,40,4,16,0,3,45,31,31,0
0,19,47,136,49,0,84,82,24,0,14,53,0,0,45,0,48,39,88,61,77,76,0,0,0,11,44,35,0,0,89,0
0,75,65,63,0,130,85,140,55,40,56,70,50,123,105,110,47,73,183,51,115,46,30,229,33,72,7,0,0,6,41,17
19,12,108,49,40,118,127,160,62,58,0,61,10,15,63,23,0,0,51,10,105,53,89,0,145,117,3,0,0,0,39,0
33,20,0,202,78,143,42,117,123,55,54,120,177,0,3,67,65,20,125,126,180,19,0,0,0,11,0,0,0,14,0,125
62,62,86,128,1,151,169,94,25,179,109,28,25,20,22,6,83,26,187,125,19,124,70,93,58,47,40,0,0,0,27,54
0,86,114,116,87,18,134,207,39,178,180,112,114,18,0,32,194,170,242,137,100,196,14,37,20,0,17,31,20,14,0,0
0,128,30,183,102,136,200,33,215,251,103,69,0,13,2,0,218,117,8,128,180,0,0,0,27,0,16,8,0,26,0,41
72,151,80,84,156,183,146,108,83,105,6,138,58,0,0,35,167,199,0,0,20,11,0,56,0,40,129,48,1,0,0,10
41,225,197,74,171,11,146,156,82,77,0,34,109,10,73,0,38,10,16,23,49,58,59,57,92,65,23,0,37,0,4,10
77,225,9,151,126,26,0,9,0,0,98,83,208,11,15,0,15,0,40,43,34,140,55,211,25,68,250,86,0,10,0,13
134,167,58,41,0,0,0,19,7,0,0,201,248,107,17,36,0,16,51,81,248,161,27,177,20,0,146,114,0,5,7,0
172,88,9,0,32,38,15,20,0,0,101,251,66,245,18,0,40,40,199,223,72,74,63,135,20,0,2,22,4,0,0,0
0,37,0,0,0,0,0,19,6,0,44,247,252,39,0,0,0,19,0,0,3,22,13,0,0,22,0,19,37,0,0,0
1,0,0,19,0,0,0,24,39,22,37,46,37,194,5,26,0,0,59,31,22,37,25,34,0,78,0,0,0,2,5,0
0,14,57,37,0,21,0,0,0,0,0,75,103,118,19,0,0,79,58,115,137,144,170,28,25,40,11,35,0,2,7,0
18,0,25,23,1,0,0,66,0,0,0,9,92,0,0,0,12,0,219,9,106,173,16,0,0,0,0,10,0,0,0,14
0,0,0,0,6,44,2,77,0,0,0,16,0,0,0,0,0,8,0,12,13,12,0,0,0,21,22,3,0,0,0,0
0,0,0,0,60,168,0,0,35,0,0,0,0,0,0,5,0,2,0,2,0,3,0,6,0,0,0,0,4,7,22,0
0,10,24,47,135,0,0,12,0,6,0,5,1,1,2,0,6,2,0,3,2,12,0,6,16,5,0,17,5,2,0,38
2,0,20,6,0,0,11,24,3,18,0,0,1,2,0,2,0,11,25,40,2,0,27,13,0,0,3,5,0,17,26,0
0,22,7,0,0,0,0,7,32,0,5,9,41,38,10,0,0,0,0,16,0,0,0,17,0,0,0,0,0,0,39,11
24,0,9,4,5,0,0,0,0,12,40,39,27,0,10,18,24,0,13,0,1,6,0,0,4,0,27,11,22,0,41,0
1,10,25,0,0,0,14,0,0,0,5,14,7,0,41,0,0,7,0,48,0,0,23,1,45,0,0,0,0,8,0,0
3,24,0,0,0,33,30,0,61,3,35,23,64,3,71,92,32,0,0,16,39,5,0,0,15,24,0,0,12,0,14,25
10,9,0,11,0,0,20,0,0,42,44,0,67,0,48,50,2,73,68,32,76,0,137,40,0,10,32,0,0,0,5,103
0,0,18,32,0,0,0,9,0,37,26,3,7,112,37,75,44,75,218,35,65,210,43,0,22,0,1,37,0,56,67,0
0,11,0,0,21,14,22,44,18,20,0,8,99,19,1,103,5,46,154,33,38,61,55,16,0,23,23,17,19,0,38,66
0,26,14,0,2,50,11,0,49,0,82,56,35,23,46,202,14,90,34,54,63,42,102,121,7,10,0,0,9,0,38,31
62,3,0,0,0,65,78,19,4,1,37,107,25,5,0,0,24,73,16,32,209,23,120,42,25,14,34,0,7,0,26,51
0,17,0,45,68,0,0,19,0,63,58,29,48,0,4,36,19,114,30,16,6,44,130,0,68,8,0,44,30,0,41,0
128,0,29,0,0,82,54,88,55,81,150,28,62,86,57,0,2,3,250,39,32,32,26,0,0,0,60,0,0,3,0,0
0,0,57,26,0,0,82,131,0,9,0,50,45,18,0,45,108,54,11,22,17,0,8,83,25,0,15,9,3,52,0,0
55,21,43,51,38,37,36,22,16,31,24,21,0,0,41,50,0,41,11,0,157,45,7,5,46,3,31,6,0,0,24,0
31,0,57,110,0,82,23,92,23,52,105,28,36,84,47,25,19,52,33,78,32,47,0,46,35,57,10,0,0,23,0,64
54,51,87,42,21,90,26,49,31,0,40,15,11,4,121,22,12,115,27,0,191,75,78,30,15,10,0,27,36,0,0,0
16,27,20,168,43,50,90,125,50,20,24,63,21,58,2,53,6,13,97,122,200,0,0,0,0,20,0,0,0,0,10,0
13,84,39,37,0,144,188,100,52,31,108,0,55,0,0,123,53,9,90,39,51,0,85,0,8,11,25,11,0,0,0,40
43,68,140,39,29,168,78,194,201,106,178,40,121,115,77,19,228,37,14,101,75,10,4,53,0,0,0,0,21,33,46,29
35,128,80,21,131,59,41,103,19,117,55,0,30,0,23,19,49,0,123,89,209,77,46,20,3,0,0,0,0,45,0,0
0,112,89,160,164,165,143,175,126,0,28,84,46,0,19,9,136,20,49,97,55,44,64,2,23,0,14,0,60,0,0,0
0,19,48,194,58,43,187,123,228,59,75,131,97,22,59,167,227,0,34,46,28,40,32,0,48,30,0,30,0,0,1,0
0,0,164,189,49,34,62,64,167,38,159,107,62,81,24,64,14,21,13,145,0,32,0,4,26,24,48,0,0,0,46,0
62,128,29,221,48,186,107,175,47,237,46,39,22,68,16,43,0,72,100,109,53,24,7,0,3,0,23,42,0,0,6,26
94,102,19,109,192,3,251,100,85,117,85,57,28,8,0,25,0,63,77,0,115,87,0,0,28,5,0,0,0,0,0,49
39,133,93,184,137,154,153,166,76,100,154,77,33,16,13,0,0,83,98,43,144,216,71,1,226,28,27,10,0,0,0,0
132,73,148,8,200,251,170,0,224,17,26,209,8,59,0,3,97,58,83,84,102,156,0,4,59,11,0,9,8,6,3,16
0,48,33,14,13,38,0,7,161,69,10,22,104,0,0,0,76,126,96,27,4,0,19,12,55,0,3,13,11,7,9,0
30,0,44,41,9,0,0,12,0,0,0,0,0,0,4,25,0,0,0,10,0,29,10,69,17,0,32,0,0,38,16,54
0,4,0,3,0,0,0,0,19,0,0,0,30,3,0,7,0,1,0,10,55,76,147,215,16,0,9,30,0,0,0,0
39,5,3,0,0,0,0,0,0,24,0,0,8,20,26,3,0,3,37,84,61,49,65,49,11,75,0,0,4,21,20,13
0,0,22,0,0,37,0,0,20,0,0,0,0,0,11,0,0,0,17,40,239,36,35,49,68,115,20,0,22,50,70,31
76,0,4,5,0,0,3,0,0,5,4,0,25,0,21,19,0,0,54,189,71,65,48,117,0,17,63,38,66,52,0,0
0,11,0,6,0,0,25,0,0,21,24,14,53,0,0,35,1,0,12,26,11,0,24,4,12,18,36,22,0,0,0,1
0,0,9,30,21,19,0,7,0,3,0,12,0,0,0,9,50,3,0,0,3,18,15,9,1,0,0,0,19,0,0,40
0,54,0,38,0,28,6,20,0,0,0,1,0,7,0,0,0,10,38,0,0,0,31,4,26,0,12,0,23,0,0,23
