0,5,24,10,8,25,0,2,0,36,21,28,8,0,3,1,37,10,0,0,19,0,44,0,21,0,0,13,0,47,31,24
45,7,0,5,0,0,0,17,44,32,0,0,0,30,18,55,0,19,0,3,1,0,31,0,0,0,0,7,1,15,0,35
0,0,0,0,0,3,0,22,16,69,1,17,7,83,26,12,54,54,61,0,0,2,0,0,0,0,35,0,0,0,0,22
0,0,0,17,0,0,16,1,76,25,41,7,41,6,0,0,0,23,81,63,22,0,0,6,0,9,8,0,1,15,9,0
30,1,0,0,4,1,0,11,48,52,57,11,70,18,10,80,1,41,58,27,5,8,28,78,53,12,20,8,0,0,0,17
41,0,0,40,0,2,39,57,0,6,20,101,0,251,191,32,55,200,41,69,153,0,141,44,5,40,73,7,2,0,8,0
0,57,33,0,73,42,8,3,17,9,56,23,75,156,0,0,4,112,62,40,50,6,77,30,40,0,7,0,0,44,2,0
0,0,34,28,0,40,55,24,22,144,69,252,246,55,85,29,83,28,7,94,0,136,0,16,32,0,0,106,0,13,0,0
20,0,30,6,22,0,55,28,0,76,35,201,116,25,71,85,98,83,26,33,32,83,14,102,41,61,53,0,18,15,0,62
0,0,14,40,7,45,113,56,64,104,83,84,0,30,32,0,64,85,239,103,172,35,0,12,73,0,36,0,0,37,0,0
0,27,53,49,47,72,1,32,69,78,145,54,27,51,0,88,131,136,212,86,4,3,0,128,30,61,9,0,34,65,0,10
0,62,104,139,90,247,85,163,205,40,47,26,68,18,29,0,216,228,52,5,29,24,89,0,72,61,130,0,0,16,0,0
28,21,4,121,113,35,141,34,36,143,236,101,60,62,1,8,0,17,52,13,25,8,38,9,14,0,19,41,0,0,4,0
0,85,41,244,107,219,231,40,103,87,245,59,85,13,0,34,0,21,33,0,57,17,117,5,78,74,10,67,10,0,0,0
132,176,10,10,158,239,230,158,155,251,127,123,105,90,0,0,19,56,25,66,83,121,138,19,78,0,3,0,0,19,25,34
161,29,143,135,99,0,0,9,0,0,159,73,60,45,0,5,0,0,5,120,46,127,70,0,0,0,0,0,0,15,49,5
235,157,0,0,0,0,0,7,5,6,88,229,120,52,0,22,1,0,80,42,0,17,0,0,0,6,0,16,17,0,0,74
12,43,24,13,46,18,33,0,0,22,165,187,191,218,0,0,0,31,86,55,71,5,38,0,36,8,60,0,57,1,0,46
0,16,0,0,32,0,0,29,5,0,195,190,129,2,6,8,6,9,34,32,37,0,0,28,1,0,8,8,0,0,0,0
5,2,0,39,2,0,9,0,8,0,64,39,97,49,40,0,0,24,3,1,38,30,0,23,17,0,81,22,7,0,0,65
57,0,59,0,32,33,12,0,3,36,34,145,187,37,117,9,1,33,38,18,29,5,12,21,37,0,1,20,0,0,0,0
0,47,0,8,16,113,10,24,30,79,40,119,194,190,129,12,19,46,189,212,71,10,2,12,27,8,0,8,0,9,0,0
26,0,74,59,12,68,57,0,11,3,7,0,79,113,9,11,0,5,52,119,110,10,0,4,0,14,6,22,0,0,87,0
0,0,141,85,199,4,0,0,5,27,16,0,1,33,0,0,0,12,0,0,6,29,6,0,0,36,3,18,0,0,3,3
48,17,2,70,247,11,0,24,9,0,13,14,11,0,0,16,0,0,0,16,32,10,0,0,0,51,15,22,0,0,5,0
0,36,5,0,2,0,2,0,4,8,24,15,0,0,0,4,0,0,11,0,0,26,0,0,0,0,0,5,0,0,0,98
46,32,0,10,14,36,0,8,28,22,27,19,21,8,11,18,11,7,30,0,15,0,0,0,18,0,0,20,32,0,34,0
0,0,0,0,8,3,12,0,0,8,0,0,9,40,38,0,0,0,17,69,20,0,0,4,1,5,13,0,0,0,55,91
0,11,0,10,34,0,28,0,0,15,11,0,3,36,0,0,29,9,0,0,0,27,31,0,19,0,0,12,0,9,0,0
2,0,0,0,0,30,0,31,3,16,3,0,0,13,1,14,0,0,4,23,0,0,0,0,2,14,0,23,10,0,0,0
13,14,8,17,0,0,12,34,0,5,6,35,0,0,0,1,0,0,7,0,0,16,14,36,21,0,7,19,0,30,14,0
18,18,0,0,0,27,0,0,0,20,1,0,5,8,0,23,3,12,0,0,0,25,23,16,25,20,0,2,61,0,0,7
0,0,0,7,0,29,68,16,0,38,17,0,0,0,11,0,0,0,15,0,32,0,0,4,2,0,0,0,0,45,8,0
70,0,30,10,23,20,30,22,0,0,1,3,10,35,0,0,0,11,0,0,7,10,25,6,3,0,9,0,0,0,0,86
0,26,0,0,0,0,0,0,8,30,89,0,36,107,18,41,48,75,4,9,17,19,25,0,36,3,20,0,0,0,0,32
41,0,0,0,0,0,16,12,25,9,54,21,96,26,0,85,10,73,0,40,31,66,25,7,0,0,16,13,0,0,8,62
0,0,0,2,2,0,49,35,78,78,27,83,56,40,25,139,0,80,0,0,47,0,9,45,8,9,0,0,0,12,0,0
0,8,8,0,17,8,43,7,0,36,4,73,13,29,13,0,38,165,0,26,126,10,122,9,32,31,55,0,0,14,20,5
0,0,26,37,58,0,29,15,4,40,97,55,26,110,0,0,0,22,0,10,12,8,78,0,46,22,31,4,0,3,0,0
0,0,0,0,0,95,29,42,85,136,71,95,29,63,131,0,53,30,31,34,33,32,18,0,12,0,0,31,33,16,0,18
52,49,6,16,12,42,0,77,4,37,23,99,129,130,36,69,19,34,20,0,38,46,22,32,0,34,18,6,21,30,0,133
1,1,4,53,66,88,57,21,38,42,0,44,0,57,33,20,20,16,28,6,144,77,2,0,16,0,0,54,18,0,27,18
0,0,0,101,17,90,16,127,0,29,67,97,13,61,222,16,12,80,43,158,133,0,14,114,29,12,0,0,0,11,5,12
0,53,34,119,23,62,14,75,64,163,30,112,221,20,47,36,41,136,57,103,199,28,89,0,60,3,124,0,3,16,58,0
77,58,0,184,73,131,87,102,211,123,49,79,72,189,25,37,55,71,131,81,235,0,0,0,2,0,0,5,47,59,0,56
117,67,139,103,0,161,93,61,59,48,106,2,72,37,0,80,82,52,65,0,197,62,33,12,0,11,64,0,31,0,0,72
0,116,89,49,67,155,111,155,79,144,161,11,154,13,0,0,6,71,186,60,168,36,16,20,5,0,76,0,23,0,23,0
21,151,101,0,2,87,25,194,249,240,33,65,43,0,0,0,11,31,159,37,204,0,0,37,38,27,0,0,26,0,0,0
37,97,131,90,212,59,228,215,164,65,78,116,0,12,38,0,97,138,184,0,8,6,2,53,9,0,5,37,0,0,13,28
0,79,26,186,240,39,7,60,228,5,243,183,148,50,84,0,8,0,22,0,0,1,64,123,43,26,22,0,5,63,0,7
0,129,70,29,144,231,55,99,85,48,6,197,18,51,0,8,0,2,4,81,86,65,10,92,16,21,20,62,3,0,28,0
139,208,244,15,171,90,33,93,78,194,105,189,196,37,0,65,35,0,0,0,67,20,28,18,11,16,128,134,4,25,0,0
154,43,135,50,0,0,26,36,42,12,111,145,141,122,5,21,0,0,0,11,122,146,154,210,17,0,18,3,29,0,0,0
117,86,0,16,17,0,0,55,0,0,14,39,148,112,0,0,0,0,0,61,0,146,6,0,0,61,0,0,0,6,26,11
61,33,86,27,70,57,54,8,52,62,176,194,197,194,129,0,55,37,67,70,46,33,41,0,0,3,5,27,0,29,0,0
0,54,24,0,0,0,0,1,18,12,64,193,197,133,20,8,15,44,25,21,16,19,1,0,0,4,0,11,0,0,0,44
0,0,0,0,25,0,0,31,3,5,0,25,128,59,16,0,4,0,18,30,0,11,12,19,1,0,13,0,42,0,0,17
0,0,12,20,0,0,18,0,2,17,97,152,147,157,4,7,0,17,48,0,0,0,18,0,21,2,42,18,0,8,0,0
0,29,0,28,53,0,0,30,0,31,24,221,196,189,16,0,0,19,92,244,0,28,28,0,24,0,23,10,0,0,0,21
4,13,6,0,82,11,0,9,2,13,2,29,154,94,13,7,32,41,242,135,91,0,26,20,6,0,19,0,0,6,0,0
0,16,0,169,119,0,11,1,12,3,0,0,0,0,0,0,6,11,7,0,0,7,8,0,0,15,8,7,1,0,0,88
0,0,0,37,8,0,16,29,0,0,0,21,9,0,11,0,0,0,10,11,0,0,0,0,0,0,52,0,22,0,14,0
0,0,0,24,0,0,0,15,0,17,0,0,0,8,6,12,39,0,12,0,7,23,9,0,0,0,30,9,1,41,13,10
0,6,7,0,9,16,0,12,3,0,7,23,22,49,0,0,7,0,0,20,0,18,0,0,17,11,7,0,0,0,32,13
0,2,0,19,2,0,7,21,0,58,0,0,0,4,0,31,9,0,16,0,7,13,0,0,0,1,0,0,26,0,12,29
0,12,0,0,26,21,1,0,5,0,18,0,0,51,0,20,6,4,0,2,0,0,0,28,0,0,19,0,1,6,0,38
0,0,12,0,4,13,0,8,26,23,6,0,0,66,10,26,37,88,70,0,0,20,0,18,16,13,0,15,0,1,0,0
0,0,0,30,15,13,4,45,43,0,50,21,40,0,0,60,2,4,35,22,60,54,0,17,0,0,42,69,24,0,0,0
0,16,0,13,0,1,0,44,0,40,39,53,39,24,9,191,51,25,0,68,0,0,7,42,55,21,31,0,17,46,39,0
0,13,0,0,23,10,61,11,0,0,24,148,16,10,0,0,59,160,28,48,181,19,155,21,13,45,54,0,0,2,0,32
0,0,0,0,23,26,0,0,0,35,132,35,0,18,0,69,38,52,0,26,22,0,61,1,81,0,0,0,17,6,40,0
0,53,0,0,15,16,36,75,0,129,85,22,0,71,172,0,50,26,205,35,29,56,16,0,2,4,29,58,64,25,32,34
0,28,16,0,0,6,53,0,12,15,29,77,105,53,20,45,161,83,89,13,68,18,10,55,0,37,1,0,5,18,40,3
0,6,5,44,0,42,60,36,19,12,0,16,7,0,114,3,13,31,85,16,99,58,30,0,34,0,43,11,0,48,0,0
82,0,0,17,0,48,23,109,32,49,71,42,30,197,59,82,50,20,0,98,48,57,0,57,34,36,0,9,0,0,14,0
54,23,80,103,0,112,21,14,64,117,17,25,159,10,106,54,34,105,10,0,121,84,144,36,69,19,23,0,0,24,36,32
95,0,8,40,29,20,60,51,99,91,91,5,83,112,148,19,0,42,143,33,46,3,30,23,0,22,6,13,0,43,67,1
59,41,90,76,14,75,94,109,59,74,104,3,53,100,25,23,163,82,27,65,104,50,35,35,0,0,0,13,21,88,87,1
107,29,68,97,0,80,22,201,59,8,144,0,169,173,74,25,37,1,0,117,78,57,2,58,0,0,35,0,45,44,0,9
46,99,7,0,91,14,67,86,87,167,135,33,21,35,94,138,39,0,115,58,138,121,55,14,31,0,36,13,0,16,0,86
23,108,130,102,103,121,127,62,48,42,76,61,21,65,95,20,0,0,61,133,74,17,40,0,0,0,0,0,0,10,0,0
46,24,55,212,37,21,172,240,251,88,0,113,21,51,0,0,21,31,20,54,85,32,44,9,76,0,16,0,0,0,16,5
27,0,115,137,69,78,94,13,0,152,251,184,0,24,19,0,52,88,108,142,114,41,35,20,0,43,0,0,0,0,0,0
36,127,41,250,75,135,213,105,131,65,24,45,0,30,0,0,30,100,108,97,81,26,25,43,55,0,0,63,7,13,3,0
33,75,0,105,0,83,0,12,50,223,62,115,46,5,0,17,0,32,19,53,185,144,25,0,0,14,0,0,19,4,0,0
67,156,58,105,65,148,26,190,74,115,113,67,158,47,7,0,0,145,133,157,109,131,0,15,14,0,0,38,12,0,10,50
0,139,92,82,63,52,229,55,41,67,127,160,197,15,0,10,89,91,215,127,48,0,9,0,30,0,55,0,13,0,0,0
0,153,186,34,29,151,240,27,95,34,107,137,75,56,1,15,199,219,51,25,6,0,52,0,53,9,10,0,0,0,15,41
238,57,166,187,76,145,103,56,227,153,28,182,217,45,4,0,0,11,0,0,0,45,23,88,69,0,0,35,0,23,0,0
20,152,90,153,0,25,0,46,231,116,131,83,176,114,9,0,0,11,12,25,72,87,189,189,4,13,48,0,0,0,12,0
11,21,2,3,7,0,0,0,16,31,93,155,6,35,0,0,0,0,39,112,103,163,82,26,64,150,55,5,22,0,31,0
0,0,5,0,0,0,5,26,0,0,163,190,104,0,9,17,20,13,114,79,255,82,247,133,30,0,36,3,3,10,0,1
35,21,0,0,0,0,0,0,0,33,193,225,210,1,11,0,0,10,0,48,10,59,39,9,6,0,0,9,7,0,0,0
20,21,24,0,1,0,0,23,0,0,7,211,217,0,0,0,0,0,2,7,0,1,1,10,5,0,6,0,0,0,24,0
0,0,7,15,12,13,0,0,0,0,21,0,0,22,0,0,5,0,0,0,0,17,8,0,0,15,0,0,0,16,0,0
4,7,2,12,12,0,9,2,0,6,15,13,4,0,21,22,0,0,3,16,0,0,5,0,0,0,0,0,14,49,0,15
0,0,0,7,0,0,0,0,7,18,10,0,0,0,1,31,13,0,0,0,18,0,0,0,0,0,0,0,4,28,2,0
0,15,0,18,0,0,32,3,11,11,11,40,0,28,0,0,38,0,29,0,0,0,7,0,0,28,0,20,2,0,44,0
0,8,0,0,0,31,0,0,16,30,0,5,67,35,21,39,30,48,36,0,3,27,33,0,0,23,0,0,0,33,0,0
0,0,16,18,27,0,0,3,49,62,33,2,85,1,0,13,30,46,9,19,43,64,28,5,12,0,0,2,0,25,19,0
95,0,28,0,0,30,14,28,8,48,0,11,0,50,0,75,0,42,0,2,6,20,21,48,24,8,0,0,31,0,0,6
0,0,8,0,13,28,45,20,6,0,0,105,0,22,14,10,41,72,0,28,123,0,115,6,41,18,106,0,0,0,0,0
0,0,0,0,12,9,36,39,13,30,35,60,18,50,7,42,13,87,16,0,71,0,43,13,38,25,18,11,0,0,17,11
40,27,25,0,20,96,0,1,29,71,57,0,34,26,44,12,4,46,115,16,1,97,10,6,6,26,2,0,0,0,0,0
0,0,1,0,0,0,18,5,0,7,7,41,69,34,8,48,31,50,10,38,41,14,35,23,27,28,0,12,0,0,20,0
23,0,0,37,57,33,17,22,23,0,0,4,0,0,66,33,0,44,118,8,116,5,0,0,11,0,0,0,67,38,0,12
0,0,0,36,21,44,75,63,0,8,1,70,52,57,124,26,0,0,1,81,36,0,14,78,1,26,2,0,9,0,5,0
0,55,59,0,0,40,20,18,25,84,60,38,113,0,92,0,33,9,31,0,18,10,62,11,18,2,0,31,0,0,12,20
80,1,27,105,25,18,5,65,79,0,53,38,84,49,31,68,19,23,50,31,69,0,9,25,0,29,4,33,0,0,0,0
0,22,76,40,0,75,129,48,52,20,77,58,23,75,0,0,64,1,30,44,25,0,23,0,2,0,37,0,0,60,27,0
0,34,92,0,33,42,62,57,82,0,79,42,128,97,45,0,255,82,0,26,67,18,0,9,22,0,0,2,0,0,0,57
0,89,33,14,33,5,92,35,0,16,60,16,19,7,34,0,51,12,151,26,67,37,22,0,33,0,23,12,31,15,2,0
143,68,0,234,111,106,54,0,139,0,93,49,3,8,54,7,74,13,85,25,51,0,8,0,0,0,2,0,0,8,6,0
0,57,40,106,30,0,98,46,174,12,0,188,25,13,55,39,9,11,0,50,21,26,6,0,0,0,17,0,14,11,0,16
0,10,40,28,27,64,44,51,142,57,0,85,37,34,0,65,35,111,3,2,44,0,12,2,27,0,0,19,2,14,0,0
0,120,41,100,95,91,46,87,20,76,0,33,73,39,0,25,16,14,17,94,51,1,9,3,0,13,0,0,46,0,12,2
151,13,3,80,24,57,26,63,49,33,5,58,0,68,179,55,30,9,0,60,71,1,8,0,5,0,0,0,19,0,10,63
94,75,57,53,93,73,69,113,197,20,0,52,154,27,75,154,4,0,87,45,2,10,37,0,0,10,0,27,52,0,0,5
130,0,80,0,113,50,218,147,33,69,123,103,76,86,150,5,41,0,54,26,8,0,0,9,26,9,0,0,0,37,8,0
0,0,25,17,34,53,165,0,142,59,88,82,167,67,79,11,86,22,37,31,2,18,0,3,0,0,0,1,5,10,0,33
10,0,3,7,22,9,0,102,0,3,64,0,70,19,34,176,139,109,62,22,0,9,0,6,0,0,0,0,8,28,0,0
165,0,21,21,7,23,23,12,48,19,53,0,170,0,70,66,66,56,78,0,20,0,4,0,4,5,0,5,1,0,5,0
0,0,0,24,2,3,2,65,0,3,8,27,42,92,52,16,24,61,69,12,0,0,17,0,0,18,8,0,0,14,0,0
0,3,1,14,0,0,0,0,47,0,0,0,38,36,78,44,8,46,25,7,0,0,0,13,9,7,1,17,0,0,16,7
43,7,0,2,0,7,7,0,14,0,0,0,0,0,28,10,0,27,64,0,14,0,0,0,11,7,9,0,0,0,13,12
19,0,0,9,4,5,5,0,0,12,0,0,5,0,0,0,6,6,0,7,6,0,0,3,1,0,2,5,5,0,9,0
19,7,0,0,8,0,0,0,8,5,0,8,0,7,1,0,6,0,0,8,0,0,0,11,3,1,9,4,0,1,0,0
10,0,0,0,3,0,0,0,5,0,0,5,4,10,3,0,0,7,0,0,2,2,0,1,1,0,2,11,12,0,0,2
0,0,0,0,0,8,8,2,8,42,5,0,6,0,0,1,0,4,0,0,0,0,0,1,0,12,0,0,1,0,2,10
0,2,0,7,0,1,0,0,7,24,0,0,6,1,36,34,9,4,1,3,6,7,0,0,0,0,0,3,0,0,18,0
0,1,5,5,0,0,2,6,3,0,45,5,0,27,20,8,58,19,85,0,2,3,0,0,0,4,0,2,0,0,0,0
0,10,2,0,0,9,0,20,0,13,30,15,60,0,7,13,7,19,4,24,31,32,0,0,0,12,0,0,12,9,19,0
0,1,0,8,13,0,10,16,25,49,86,0,39,25,0,122,0,25,0,30,9,0,8,28,7,4,6,0,9,9,0,15
2,4,4,0,0,0,5,3,15,11,12,67,0,0,5,7,26,108,25,0,130,0,44,0,23,0,61,0,9,0,0,0
70,0,0,13,12,17,0,0,0,11,73,34,36,23,0,10,2,34,7,0,86,6,71,19,31,4,0,0,0,0,0,0
0,6,0,9,0,24,46,11,42,43,61,35,0,10,100,30,37,24,111,8,30,78,0,0,1,0,0,1,2,0,0,24
0,5,0,0,0,3,25,29,3,32,0,68,28,67,10,45,57,85,22,0,18,37,10,27,3,0,7,0,15,0,3,0
0,7,0,0,12,2,12,33,92,14,0,6,34,3,135,0,33,48,0,2,14,55,11,0,25,8,0,1,0,4,0,0
0,32,0,32,0,57,16,118,8,35,34,2,10,79,95,37,11,6,16,10,38,16,2,83,0,4,0,0,17,0,0,21
0,55,45,11,28,89,0,30,2,34,88,13,112,24,79,31,78,0,54,9,68,0,25,0,0,1,0,20,5,0,0,0
0,0,4,48,38,59,26,58,144,68,31,73,31,91,93,43,15,11,87,4,22,0,0,0,0,0,4,0,0,0,0,17
0,0,61,14,0,126,99,24,59,39,88,18,77,42,51,9,65,6,11,56,8,36,13,0,0,7,0,0,0,1,15,0
0,56,52,39,48,89,75,110,133,0,61,4,160,93,46,3,214,28,4,4,48,0,0,11,0,1,6,7,0,0,0,1
0,94,41,0,10,7,16,8,29,45,31,53,42,0,6,22,90,3,157,7,24,34,2,0,8,7,9,1,6,0,0,12
4,85,18,65,18,97,135,8,8,45,0,73,22,7,78,25,167,3,46,15,38,0,2,3,0,0,0,1,0,0,5,0
0,46,19,155,1,29,92,187,57,57,0,140,38,76,96,24,29,30,23,25,0,0,0,8,2,0,6,0,2,4,0,1
86,84,16,60,0,106,89,27,159,10,148,89,82,43,63,32,31,96,13,7,0,0,0,0,3,4,4,0,2,11,0,0
0,82,27,130,22,64,166,83,26,62,4,13,85,61,14,55,69,0,1,26,8,0,2,5,0,4,0,0,1,17,9,11
116,25,0,76,140,9,6,62,55,50,29,119,0,63,109,64,54,41,36,3,3,1,1,1,0,0,0,0,0,10,0,0
0,5,8,26,22,15,3,94,126,11,4,16,80,2,31,62,0,4,55,0,1,3,0,0,6,0,7,6,9,6,0,6
151,0,5,3,7,5,125,11,48,12,124,111,80,60,178,6,54,0,9,0,0,0,0,3,7,0,0,0,9,0,1,7
113,9,0,0,19,8,26,0,42,55,116,123,97,113,136,1,37,0,14,1,5,0,5,5,0,2,0,0,6,2,9,10
0,0,0,6,0,0,0,34,0,44,34,50,119,56,53,27,110,33,0,0,0,1,0,1,2,0,6,1,0,0,2,1
37,0,4,2,0,2,3,0,0,31,80,11,211,80,23,90,17,1,4,0,0,0,0,0,2,0,2,0,0,0,5,0
108,3,11,2,0,1,0,0,0,0,0,23,3,6,2,4,6,2,4,0,0,0,7,3,0,7,1,0,0,5,10,10
9,4,7,0,0,5,0,0,0,0,0,0,13,1,0,0,8,0,4,0,7,5,0,0,10,0,0,0,4,0,11,6
16,7,9,2,0,0,2,0,13,2,6,0,0,6,0,1,0,13,2,2,6,0,0,2,0,0,0,9,0,5,4,0
0,0,0,4,3,11,0,4,8,0,1,0,0,4,0,4,0,3,1,2,0,4,8,0,1,5,0,0,5,0,7,26
0,0,0,4,4,0,0,0,0,0,0,6,5,0,1,0,0,1,0,0,0,0,0,0,1,0,0,0,0,7,3,0
0,8,0,4,0,0,0,0,1,15,0,0,1,8,0,0,0,5,0,1,0,0,0,0,3,1,0,0,4,0,1,0
0,0,0,1,0,1,0,9,0,33,0,0,4,0,10,2,0,0,0,2,3,2,8,8,6,2,6,0,0,3,0,8
83,0,5,0,0,3,0,0,1,0,0,6,12,0,34,1,1,2,0,0,0,0,6,0,0,2,4,0,11,0,13,6
0,5,14,0,0,6,0,4,0,2,37,23,0,21,33,4,36,45,66,0,0,1,3,0,0,1,0,0,0,7,5,0
88,1,7,1,0,0,10,12,29,25,72,0,61,0,0,24,0,34,4,25,26,32,1,5,0,0,0,0,0,0,0,0
143,0,0,0,5,6,13,14,4,16,46,21,42,46,1,53,3,42,0,72,12,1,0,41,8,0,0,0,0,0,2,0
36,1,7,0,1,44,0,0,4,0,8,69,4,0,0,0,60,156,25,0,125,0,44,1,0,0,20,8,2,0,3,0
0,0,1,1,0,18,11,0,6,34,42,7,0,48,0,3,1,46,17,0,5,9,73,7,0,2,0,0,0,3,5,7
0,1,0,0,0,8,32,19,33,0,18,38,0,39,95,14,58,27,137,0,3,5,5,0,0,0,0,0,3,3,3,0
0,1,0,0,0,0,41,3,0,24,0,7,41,14,9,94,91,60,30,3,11,24,21,0,13,1,0,0,4,3,6,0
18,6,0,16,25,9,11,37,54,0,0,0,34,16,141,11,48,11,64,26,52,40,27,0,0,6,0,0,5,3,0,0
0,32,0,0,0,16,2,50,4,37,54,27,1,63,21,29,8,12,10,51,36,0,4,34,0,7,9,0,3,0,9,0
26,49,37,0,25,20,0,5,15,98,106,1,52,23,86,16,116,0,48,34,37,0,20,0,2,0,0,0,0,0,0,4
0,7,11,38,42,108,10,36,115,52,65,53,61,46,41,43,4,36,93,29,49,8,10,0,11,7,2,0,3,2,0,12
0,14,48,32,0,85,111,14,44,39,93,25,43,50,19,0,67,12,28,36,10,21,4,4,0,4,14,6,16,0,0,0
125,58,84,2,43,59,19,74,148,0,73,4,97,35,10,15,209,63,8,16,35,0,0,0,0,0,0,3,0,8,0,1
24,60,99,6,22,0,53,30,36,68,63,48,32,7,5,8,67,11,185,0,1,0,0,0,0,0,0,0,0,3,0,0
0,44,41,131,73,119,115,11,17,25,10,46,25,0,76,0,135,37,70,30,2,0,0,0,0,7,14,1,1,0,0,1
0,33,0,69,30,0,45,82,183,19,26,142,82,107,96,30,34,13,2,3,0,4,12,0,0,0,0,2,6,0,0,2
0,51,69,30,0,29,62,78,74,33,3,105,44,30,45,86,20,84,0,0,0,0,0,1,5,0,0,4,0,0,17,0
0,3,11,89,61,38,37,62,12,111,0,27,99,9,34,15,1,6,0,83,8,0,0,0,11,0,0,0,0,0,1,2
0,20,25,60,3,0,7,59,54,38,0,71,1,39,24,36,27,22,0,1,0,0,4,0,1,0,0,2,0,0,0,9
0,0,19,33,14,1,26,42,115,4,0,28,74,4,49,61,8,10,0,0,0,0,0,5,0,0,3,0,0,1,9,6
0,0,0,0,0,56,96,0,103,0,64,128,65,30,209,1,44,5,38,0,0,0,1,0,12,2,16,0,2,0,0,14
107,0,0,2,0,0,17,7,53,41,88,121,79,41,76,6,10,0,4,6,0,0,0,0,0,3,9,9,1,0,1,0
87,3,0,5,0,1,2,0,0,23,31,23,29,23,29,35,74,0,0,1,0,1,0,0,5,0,2,6,4,0,0,6
51,6,6,0,1,0,0,0,29,2,1,0,158,66,0,58,0,0,4,0,0,0,1,0,0,4,0,4,0,0,0,0
0,0,7,1,0,14,3,0,0,6,0,0,6,15,0,4,0,0,0,0,0,2,3,2,0,0,1,0,0,0,0,3
0,0,4,0,1,5,0,0,1,2,0,0,5,0,0,0,0,4,0,0,3,3,0,0,0,4,0,0,0,0,4,16
0,0,4,0,0,1,6,4,7,11,5,0,0,1,0,0,0,0,0,2,0,4,0,1,0,0,9,0,0,2,3,2
0,5,0,0,0,4,0,1,0,6,0,1,6,2,0,0,5,0,0,0,1,2,0,0,1,0,5,0,0,1,0,6
0,0,0,0,1,5,0,0,6,0,3,4,0,1,1,0,0,0,0,0,0,2,0,0,0,0,0,0,0,0,4,0
5,0,0,0,0,7,0,0,0,4,0,0,0,0,0,0,0,0,0,0,0,1,0,0,0,0,7,0,0,9,5,0
66,5,0,7,2,0,3,5,0,28,0,0,7,6,8,0,4,0,6,0,0,2,4,0,0,0,1,0,5,7,0,0
27,0,2,6,1,2,0,0,11,5,24,3,58,2,17,16,0,0,0,4,2,4,0,0,0,0,4,4,0,0,20,6
137,0,0,0,0,6,0,18,0,6,20,23,6,11,28,11,24,64,78,3,0,2,0,2,1,0,0,0,1,7,0,18
25,0,6,0,3,0,0,23,20,0,62,11,56,0,0,0,0,1,4,32,27,41,5,31,0,0,3,2,0,0,0,7
0,0,0,0,5,2,17,0,2,49,47,0,20,43,6,76,6,3,0,16,27,8,8,56,28,0,0,2,0,2,0,0
73,0,0,0,0,22,0,3,0,0,3,87,7,0,5,0,24,157,37,7,67,0,12,0,22,0,28,0,8,0,0,0
116,0,0,0,16,21,19,0,5,22,61,38,7,33,2,34,0,29,26,1,0,4,66,10,0,1,0,0,4,4,0,2
172,0,0,3,6,8,30,41,33,42,18,16,0,20,62,17,39,26,135,5,2,0,30,8,8,8,6,2,0,9,3,15
63,0,8,0,0,0,30,11,7,26,4,16,0,25,14,42,111,68,13,2,0,12,31,8,0,0,7,8,0,4,3,0
181,1,0,23,48,11,8,35,103,25,0,6,23,36,84,43,4,34,64,0,18,15,28,0,3,0,5,0,12,0,0,12
0,35,0,0,0,10,21,49,0,26,35,57,107,72,104,21,38,6,0,43,21,0,2,0,0,0,0,3,0,0,4,18
66,43,48,0,39,27,1,0,18,97,72,0,73,6,82,19,128,7,18,0,40,0,0,0,3,3,9,2,1,2,0,2
0,17,10,43,26,108,5,35,98,30,103,50,21,101,87,62,9,0,99,3,8,0,3,6,0,7,0,0,0,13,3,0
0,16,49,10,0,83,126,69,37,16,120,22,49,18,14,91,63,13,10,21,31,1,0,0,0,0,4,0,14,0,3,3
0,73,114,2,56,86,13,75,133,0,66,0,49,58,24,18,199,41,0,48,0,2,1,0,0,0,0,0,0,0,5,9
0,64,84,10,33,3,28,19,17,27,72,64,44,0,15,0,112,0,50,39,0,0,0,0,0,0,0,7,0,0,5,0
0,68,58,46,31,13,81,0,0,13,3,48,0,4,60,0,131,0,58,5,3,6,5,0,5,0,0,0,2,0,1,11
0,32,3,21,0,4,33,123,116,5,8,141,102,98,82,16,30,29,7,0,0,2,12,0,0,4,6,0,6,0,1,6
0,24,8,31,0,51,85,63,80,33,81,110,49,53,50,49,26,27,0,3,0,4,0,0,2,0,5,0,9,14,0,0
82,15,13,75,72,42,41,34,26,131,0,28,108,25,35,14,11,2,13,0,10,0,0,0,0,0,0,3,0,0,7,0
0,22,0,4,0,5,5,39,57,119,33,100,0,16,25,9,0,0,0,0,0,5,1,0,4,10,0,0,14,0,1,0
0,0,29,9,30,0,0,66,38,0,6,48,47,17,2,38,3,16,36,6,0,0,0,0,0,0,3,0,10,7,1,0
0,7,0,0,0,29,36,3,79,2,81,0,82,19,160,0,25,3,0,0,0,0,0,1,0,0,0,0,0,0,7,0
0,4,1,0,0,0,36,3,11,0,111,95,80,45,55,0,25,0,2,0,7,2,0,0,2,0,2,2,8,1,0,0
0,2,12,0,0,2,0,0,1,18,21,30,33,51,0,19,34,0,0,0,1,3,0,0,6,0,0,0,1,16,0,9
0,0,1,9,2,0,5,12,5,0,10,0,90,3,4,0,0,0,0,0,0,0,4,4,0,0,0,0,0,4,0,0
37,4,0,2,0,0,3,0,0,2,3,0,0,0,8,0,0,0,0,5,1,0,0,0,0,5,0,0,5,4,0,0
2,6,0,0,0,0,0,0,3,0,3,2,0,3,0,0,0,0,2,7,0,10,0,3,0,0,2,5,1,0,0,10
0,0,0,3,0,0,5,0,1,0,1,0,0,1,0,5,0,0,3,0,0,4,0,0,0,11,9,0,6,0,0,0
2,0,7,0,5,0,5,0,0,6,0,0,0,4,0,0,8,4,0,0,0,0,0,3,0,0,0,0,5,0,0,3
0,0,1,0,0,0,0,0,0,4,0,1,0,0,0,0,3,0,6,0,1,9,0,0,0,3,2,0,4,0,10,17
0,0,4,0,2,7,0,0,0,0,4,0,0,0,2,0,0,0,3,0,6,0,0,5,0,5,2,0,3,0,3,18
139,0,0,5,0,0,0,0,7,21,0,1,0,0,4,0,0,0,0,0,0,1,8,8,0,0,2,0,0,2,2,5
0,5,0,0,0,2,9,11,0,8,3,5,36,3,14,37,0,9,1,0,4,0,7,8,0,1,0,0,0,0,3,6
71,0,0,4,3,0,0,2,0,1,69,29,10,19,34,11,37,57,36,3,0,28,9,0,0,0,0,9,0,2,0,2
0,5,5,0,0,8,2,21,16,3,54,11,76,0,0,51,6,0,4,17,32,48,1,8,0,9,3,0,10,5,0,0
164,0,0,0,2,0,12,2,0,39,59,42,7,43,0,43,0,11,2,31,16,0,0,64,57,0,2,0,5,0,4,4
86,0,0,1,5,44,0,0,0,1,4,73,0,0,1,0,20,156,31,7,35,4,51,0,14,0,52,0,5,13,0,6
195,7,0,0,29,11,11,6,1,33,13,23,0,23,36,26,38,39,0,4,1,0,46,0,0,0,0,0,0,7,16,0
167,0,0,5,0,0,16,14,22,23,56,44,4,18,39,36,36,30,115,10,2,32,25,0,0,0,0,4,4,0,5,0
0,0,3,0,0,0,39,18,2,19,0,0,0,37,2,41,48,74,17,12,1,0,19,0,0,0,4,0,4,0,7,0
214,0,0,1,49,0,11,0,45,0,0,10,53,45,57,13,2,23,87,1,0,32,37,0,6,2,0,0,7,0,9,9
0,36,3,17,5,6,7,53,9,21,39,40,127,74,69,17,26,27,34,24,22,1,0,0,0,1,0,0,7,9,0,12
151,58,17,4,1,17,0,19,51,37,97,21,121,17,43,49,11,0,45,7,44,3,0,0,0,0,0,0,14,0,11,0
0,21,6,76,26,55,0,29,82,24,14,18,17,72,92,81,0,28,67,0,22,2,7,0,0,10,0,0,4,0,0,6
0,0,51,6,0,52,103,21,22,23,64,12,43,3,8,37,56,0,35,1,25,0,2,1,2,1,0,5,5,14,0,0
106,62,113,7,55,50,8,49,120,0,77,0,107,74,11,12,252,41,0,1,0,0,10,0,0,0,0,2,0,0,11,0
0,39,49,2,68,8,1,7,13,38,38,49,18,0,48,0,75,0,89,14,0,3,0,0,0,0,0,2,0,4,0,22
0,60,45,3,0,4,71,0,1,4,4,33,26,12,46,0,31,0,42,2,0,0,0,6,3,8,0,0,0,23,0,0
106,0,17,44,10,0,30,40,100,11,10,131,92,110,71,48,31,55,0,0,0,0,2,0,4,0,0,0,2,0,0,1
0,18,48,9,1,64,71,60,36,38,62,78,25,43,10,55,34,4,0,3,0,3,0,8,6,0,0,0,0,0,14,0
115,2,11,112,43,48,75,40,0,151,2,23,34,25,21,5,1,2,0,13,2,0,6,0,0,2,0,0,1,4,6,0
111,13,0,25,0,4,3,60,60,44,25,67,19,53,83,3,0,0,0,0,4,0,6,1,0,0,0,0,0,3,3,0
87,0,0,5,36,27,0,50,64,2,1,20,0,3,7,35,0,9,0,0,0,0,0,0,4,1,2,0,17,0,0,1
152,14,0,2,0,52,42,0,30,0,113,17,49,32,142,0,32,0,1,0,0,2,10,0,8,8,5,0,0,0,0,3
9,0,11,0,0,3,0,0,14,0,12,58,96,8,21,18,3,0,2,0,0,6,0,1,0,0,4,5,0,0,0,13
0,0,10,0,0,0,0,3,3,5,4,0,10,21,0,0,0,5,0,0,0,4,0,2,0,0,0,0,0,3,3,0
0,7,0,1,7,0,0,0,0,2,0,4,9,0,0,0,7,0,0,1,0,2,16,0,0,0,0,0,0,0,0,0
31,0,8,0,0,0,0,0,0,5,0,8,0,7,4,0,0,0,0,1,3,4,4,4,7,1,0,0,2,9,11,0
0,3,0,0,7,1,2,8,4,0,0,5,0,4,0,2,3,0,1,3,2,0,5,0,0,2,11,0,13,5,8,3
0,0,3,0,0,7,0,0,5,4,11,0,1,0,0,0,0,4,0,0,0,3,0,0,0,1,0,5,3,0,1,0
0,0,0,0,0,2,0,8,0,10,0,0,0,8,0,1,0,2,0,0,1,0,2,3,0,9,0,3,5,0,0,0
0,0,9,2,0,0,3,0,4,0,4,5,0,0,0,0,0,0,0,0,0,0,3,0,5,0,0,0,2,3,0,7
0,0,2,7,3,0,0,0,0,0,0,0,0,0,6,0,0,0,0,7,0,0,0,0,6,1,3,0,0,2,6,0
133,2,0,0,0,0,0,2,1,62,0,0,1,3,0,0,0,1,0,0,0,0,0,0,0,0,0,0,7,1,3,0
0,5,9,3,0,0,3,11,8,0,0,9,44,0,18,0,7,9,6,4,7,0,4,0,0,3,0,0,9,1,6,0
0,2,0,6,13,0,0,0,9,0,73,15,17,8,13,1,35,32,39,0,1,59,10,0,0,0,0,0,0,0,0,5
0,0,0,0,0,20,24,14,21,2,83,0,61,2,13,40,0,8,0,34,19,35,4,17,0,16,0,6,3,0,0,0
0,16,0,3,0,0,0,0,0,26,27,52,4,48,0,29,4,25,0,29,0,0,2,53,14,0,13,9,1,0,6,14
0,8,0,0,4,39,0,7,4,0,0,80,0,0,0,13,50,126,35,0,43,0,35,5,0,5,37,0,10,0,0,7
189,0,0,1,0,13,1,0,0,48,20,16,0,25,3,0,26,48,8,0,3,0,71,2,5,0,0,0,0,5,0,0
63,0,20,4,0,0,1,12,55,13,34,0,2,12,32,22,12,29,107,14,17,0,21,0,5,6,0,7,8,0,0,0
66,0,0,1,1,0,31,22,3,27,6,5,37,36,0,41,82,41,24,7,9,0,7,0,9,3,0,0,0,0,0,0
0,0,0,25,49,0,14,33,87,33,3,6,8,16,0,26,0,27,40,3,0,28,36,1,0,0,0,10,0,1,0,0
154,31,0,22,0,2,0,84,17,7,56,59,101,96,54,34,28,0,54,62,31,3,0,0,0,0,8,0,0,0,0,0
197,39,27,0,0,11,8,0,35,64,30,21,74,9,53,11,44,1,69,1,28,0,4,0,0,6,13,0,9,0,0,0
87,0,3,69,35,41,2,18,93,25,5,19,38,94,89,68,0,38,81,0,0,4,0,3,0,0,1,11,12,22,0,2
31,0,40,31,10,68,130,21,11,29,56,10,46,39,23,31,72,27,10,0,0,0,0,6,4,0,5,2,7,0,0,0
146,76,93,26,64,19,8,36,24,2,40,0,30,85,11,0,159,37,0,3,0,0,12,0,9,2,7,0,0,9,7,2
130,34,43,4,4,6,22,33,20,54,52,31,0,0,9,0,50,0,49,4,0,0,0,0,0,0,0,0,0,0,8,0
140,37,62,38,19,7,60,6,3,32,0,37,31,1,49,2,160,12,81,11,14,1,0,5,0,1,3,1,0,6,5,0
135,3,0,6,0,13,6,66,83,15,0,91,100,74,85,32,42,19,27,0,8,6,1,0,0,6,0,0,2,7,0,0
181,22,23,8,0,41,43,7,39,44,62,144,19,30,2,115,28,0,0,0,2,5,6,0,0,4,0,0,8,0,1,6
156,6,0,102,49,51,74,37,38,73,0,95,74,18,24,26,37,0,0,0,8,0,0,0,0,0,0,0,0,5,10,0
73,8,0,0,6,3,0,91,80,20,1,59,1,50,66,0,0,0,0,0,3,6,0,2,6,9,0,0,0,0,5,0
4,3,26,0,0,14,1,23,88,0,3,16,0,7,0,35,4,1,3,0,0,0,14,5,0,14,0,4,0,0,9,15
0,0,1,6,6,2,38,2,67,0,88,1,44,43,53,0,0,8,0,0,0,13,2,5,0,0,0,8,0,0,0,9
0,0,0,0,3,3,0,2,45,10,25,96,115,20,2,0,3,0,0,0,1,0,4,7,3,0,8,0,0,0,1,7
0,4,0,4,1,0,3,0,4,11,22,3,4,1,0,0,2,0,0,0,0,0,0,0,3,5,5,0,2,2,0,0
7,2,5,0,0,0,3,11,0,7,18,0,0,5,0,0,2,6,0,0,6,8,1,12,9,0,8,4,4,4,0,19
0,0,3,3,16,0,0,0,13,9,13,7,17,0,0,7,11,0,5,0,0,0,0,7,4,0,1,2,0,1,0,9
0,0,0,0,0,3,0,2,10,1,0,0,0,0,0,6,0,0,0,0,0,1,0,3,0,2,0,0,2,9,1,16
0,0,0,0,0,0,0,9,11,0,0,15,6,0,0,0,5,3,0,0,0,0,7,0,0,0,7,0,0,11,0,0
0,0,2,0,0,0,5,0,0,0,4,0,0,6,0,12,4,7,0,2,5,0,0,5,11,0,1,11,0,0,0,0
0,3,10,0,0,0,2,0,7,9,19,0,0,0,0,5,1,0,0,0,2,0,3,2,0,7,3,0,0,0,0,0
4,0,3,0,0,0,0,0,0,0,0,0,0,0,0,7,5,0,0,13,5,0,0,0,1,0,8,0,0,0,9,2
79,5,0,5,0,0,0,7,0,52,0,0,5,3,0,0,0,3,0,0,0,8,5,0,0,1,0,5,0,3,0,0
0,0,0,0,0,3,0,0,14,8,21,0,14,6,2,13,0,0,0,4,0,13,7,0,0,6,0,0,5,9,4,0
0,13,0,0,10,18,0,0,3,10,75,3,15,3,15,0,55,69,63,0,0,56,2,0,14,0,12,0,0,0,14,38
140,3,0,1,0,34,2,15,0,16,74,0,47,3,16,0,4,23,0,37,26,27,9,30,0,0,13,0,18,2,0,0
150,5,0,16,3,0,9,16,6,0,15,94,7,52,8,21,1,81,0,7,0,3,0,50,2,0,18,0,4,5,0,0
0,5,0,0,42,12,0,5,0,0,8,80,0,0,0,13,67,137,17,7,40,6,36,0,8,1,23,0,0,0,9,0
0,8,0,15,13,8,0,10,0,40,3,25,35,21,0,11,54,38,5,9,6,5,68,0,1,0,2,1,0,14,15,0
0,2,13,9,10,0,35,12,39,9,25,31,0,26,33,23,48,48,48,8,0,0,11,0,0,12,0,27,0,0,0,0
0,18,0,11,0,8,26,31,0,27,0,17,38,51,5,98,85,51,21,25,0,0,25,0,0,0,49,23,0,0,39,2
168,37,13,34,35,0,51,34,61,27,26,8,44,16,7,19,13,59,25,14,0,30,2,30,0,0,24,0,13,0,0,11
0,26,0,12,20,0,36,19,41,22,50,43,8,114,86,53,16,22,67,61,28,0,10,0,16,0,40,7,55,43,15,0
90,41,28,0,0,27,12,13,27,59,67,0,68,21,41,0,84,11,96,0,7,27,7,9,0,27,0,4,0,0,2,50
0,0,9,2,31,210,52,11,67,49,33,47,0,57,40,37,1,0,85,0,3,18,19,10,0,0,5,0,10,0,0,0
112,0,0,119,0,228,221,77,0,26,64,0,61,37,23,0,67,81,0,0,0,20,6,0,0,42,64,36,0,0,0,65
0,73,0,36,129,159,215,219,13,9,72,18,145,0,0,49,134,30,0,0,0,0,43,18,16,14,0,0,0,7,57,11
72,19,48,0,0,23,135,229,0,42,46,64,33,77,16,0,36,0,65,0,0,39,2,0,2,1,10,22,15,12,0,0
0,36,117,43,31,0,0,3,1,0,9,51,65,33,118,30,81,0,50,0,26,22,2,0,0,8,0,32,62,0,0,0
0,0,51,75,93,0,0,41,176,12,1,1,30,21,57,0,18,0,27,0,0,0,35,0,21,15,0,0,17,33,62,10
100,7,30,48,23,32,34,0,36,72,131,36,39,74,28,62,22,20,16,0,0,14,0,0,27,0,7,28,0,0,0,19
98,0,10,17,41,0,36,65,0,48,0,38,41,16,17,3,0,1,0,8,0,0,0,20,0,3,0,0,0,0,0,0
0,4,0,55,19,0,14,69,38,11,0,32,2,22,52,0,8,0,4,14,0,4,21,0,16,4,0,0,68,3,0,0
40,0,15,0,17,52,0,0,28,4,16,28,9,12,0,22,2,0,14,20,12,22,33,2,0,23,0,0,20,0,0,0
16,0,26,0,11,62,0,6,73,0,66,0,20,32,31,12,0,0,0,0,0,36,0,0,6,35,0,0,0,0,15,54
0,0,33,0,14,0,18,0,0,19,0,29,46,48,0,3,20,16,18,0,0,12,0,0,0,0,14,15,9,27,0,0
0,29,4,33,0,14,3,0,18,17,0,0,0,0,0,0,0,0,0,0,0,8,0,9,0,0,12,10,0,54,0,14
0,24,0,0,0,0,19,0,0,0,0,29,0,27,0,0,0,25,29,11,0,35,45,0,0,0,48,18,15,45,0,18
30,10,0,9,0,0,4,0,0,0,0,0,14,0,0,0,4,10,13,14,17,0,0,6,0,12,0,24,0,0,56,0
2,0,0,0,0,27,0,0,23,0,17,5,7,0,0,0,2,0,0,0,0,42,8,21,0,32,4,19,0,22,0,27
20,0,0,0,1,0,5,0,12,9,14,8,49,0,14,19,5,1,0,0,5,0,9,1,0,0,16,19,0,0,0,0
0,0,1,0,0,0,0,0,20,22,0,0,0,15,5,0,28,16,0,2,5,10,0,45,0,18,0,4,0,0,42,0
0,27,26,0,14,56,0,0,4,0,22,40,0,30,0,14,0,0,21,49,7,0,23,0,0,0,0,33,0,22,0,55
8,0,27,0,28,1,47,12,21,6,0,0,8,9,6,0,40,0,0,0,17,18,1,4,0,21,18,0,22,0,7,36
7,13,17,11,8,5,0,64,125,58,0,48,0,4,0,24,131,0,31,3,18,7,0,0,0,0,0,0,0,0,28,21
145,30,0,0,17,10,191,9,226,163,25,0,0,33,18,217,189,28,18,0,0,0,8,15,0,55,50,40,36,0,59,19
28,5,11,0,6,209,108,198,89,78,71,8,109,4,30,0,0,0,14,2,0,90,115,121,6,73,0,34,9,0,1,27
0,23,20,99,244,19,0,23,147,76,26,99,12,0,21,32,0,42,16,39,100,126,128,5,0,20,0,0,0,0,0,80
0,43,49,111,0,0,35,22,0,0,22,46,68,0,0,50,1,51,0,117,32,0,0,0,38,20,0,0,0,6,52,0
0,0,50,0,0,0,35,0,0,0,16,44,113,0,18,0,43,44,83,0,101,9,24,0,8,1,35,0,36,0,7,0
0,0,0,0,0,10,0,27,0,19,0,0,36,48,17,0,13,0,0,0,40,14,0,0,0,0,0,46,0,0,26,0
0,9,0,0,36,0,0,0,29,26,8,14,33,20,25,19,81,0,78,5,17,6,33,0,0,0,0,32,10,0,0,0
26,6,32,0,4,0,0,2,0,48,26,0,27,43,69,21,65,89,0,9,4,48,53,4,0,0,36,49,0,7,0,0
36,0,31,38,22,0,22,35,48,0,0,8,17,0,60,0,17,13,84,33,197,229,61,22,1,0,0,0,0,40,0,8
174,21,28,29,96,0,76,72,0,32,41,0,0,81,12,45,0,48,0,155,101,16,1,4,19,0,0,0,0,0,12,0
0,37,44,26,112,210,84,0,5,67,14,23,51,0,89,43,118,0,50,21,15,11,0,9,49,0,0,24,22,20,0,20
106,101,108,11,45,231,33,244,17,79,96,11,27,58,66,0,0,0,64,0,0,6,0,38,0,0,0,0,22,0,0,3
104,140,109,148,159,204,23,0,7,18,0,0,48,32,10,7,90,8,23,0,0,0,0,5,13,4,19,16,20,5,4,37
0,13,209,126,73,94,101,62,44,0,9,0,133,34,18,0,91,17,0,22,0,18,0,2,0,6,0,0,0,6,0,60
140,55,55,221,197,108,44,134,57,42,97,23,51,5,0,0,16,3,48,0,10,16,0,2,0,0,15,0,0,0,38,30
106,17,0,0,0,82,63,89,0,11,16,35,20,0,36,6,115,20,47,24,19,16,12,0,9,20,0,4,0,17,38,0
0,0,22,6,0,12,0,57,0,0,0,58,80,128,81,0,9,38,0,8,0,2,0,0,13,36,9,17,0,13,18,0
15,0,72,21,12,27,13,89,11,0,55,92,1,8,0,61,38,13,0,2,0,6,16,18,2,0,35,21,68,14,0,28
0,0,3,15,47,0,61,31,44,0,31,24,56,0,24,34,24,6,11,0,0,0,6,18,0,0,28,0,0,0,0,87
169,0,30,39,18,17,23,29,103,13,29,87,18,27,77,35,0,0,24,6,42,0,13,21,0,0,12,0,21,0,0,0
0,29,7,0,0,40,17,0,17,41,46,17,0,0,4,16,24,13,32,0,17,0,0,24,4,0,0,6,16,0,45,0
0,29,0,3,0,8,44,0,24,0,41,17,32,75,32,24,23,0,0,0,16,2,20,1,11,0,10,0,47,0,21,7
0,4,39,11,24,0,16,0,33,37,17,0,34,39,19,0,0,55,0,0,0,0,0,13,0,3,0,1,10,36,0,0
4,0,0,3,16,0,40,53,0,3,53,9,0,0,17,13,0,0,3,18,6,0,0,0,0,11,0,3,0,36,55,0
26,8,32,0,49,0,0,22,6,0,8,0,39,12,0,0,0,3,0,4,0,0,8,0,25,5,41,2,0,0,74,48
30,0,10,2,29,0,10,30,19,21,23,0,0,7,0,48,29,0,0,17,0,3,6,7,0,18,19,0,0,0,0,8
0,10,0,0,0,0,0,21,0,0,26,0,0,11,0,0,8,1,0,0,9,0,0,16,3,10,0,17,21,0,8,0
0,10,0,0,0,22,0,0,20,10,36,0,0,0,0,0,0,0,0,0,4,8,2,0,0,23,0,0,0,17,0,2
8,0,19,21,58,13,24,0,7,21,0,0,0,6,0,7,34,0,28,0,0,7,0,7,0,0,3,0,33,0,20,28
1,0,11,0,8,0,0,0,0,13,0,0,0,0,0,28,0,3,0,0,0,23,0,0,0,0,0,0,0,0,13,61
0,4,0,23,21,8,0,18,1,9,12,11,0,6,0,0,7,11,0,0,17,1,0,6,5,2,0,11,0,25,0,0
7,0,17,9,0,15,0,0,0,19,5,0,44,34,25,0,0,0,7,0,0,28,43,0,34,0,0,32,0,0,0,0
60,0,17,5,0,0,14,0,0,5,31,37,124,0,0,0,0,41,24,16,0,39,86,59,0,18,0,0,8,32,22,21
0,63,17,0,0,7,0,1,67,32,18,70,0,0,0,97,95,76,180,38,44,31,20,13,0,6,0,3,14,0,0,0
79,0,8,0,53,24,0,14,156,27,19,0,0,0,0,71,60,10,22,1,0,0,0,0,49,100,0,13,0,0,0,13
0,0,0,33,16,0,62,113,11,119,0,72,0,0,0,188,5,132,110,48,0,0,39,112,7,56,139,13,44,28,0,27
72,0,0,6,32,57,11,90,201,114,26,92,14,4,21,55,131,157,5,0,80,0,75,121,57,131,200,0,0,0,2,69
17,0,49,49,63,56,2,67,108,86,14,36,72,1,8,0,0,0,15,16,34,60,166,24,136,9,3,26,0,0,0,0
0,1,80,83,163,159,16,13,165,93,174,80,14,29,40,14,40,25,119,73,94,187,177,54,0,0,0,15,6,0,0,0
0,190,131,35,0,0,16,22,12,0,4,179,68,11,0,50,7,93,44,129,83,96,0,0,0,0,0,39,25,17,0,0
57,83,83,247,9,0,22,0,0,1,77,81,70,0,0,0,10,0,28,11,0,0,0,0,0,11,38,0,18,0,7,0
242,176,2,25,18,5,0,37,24,0,37,62,216,67,0,36,33,0,0,105,40,0,76,23,0,0,0,0,0,21,21,4
113,92,34,12,3,15,89,0,33,0,0,216,10,0,31,18,36,0,48,40,190,67,100,0,3,25,0,0,20,20,49,55
26,20,28,2,0,102,65,37,54,12,69,45,65,0,66,66,11,59,86,14,131,23,48,29,7,14,52,33,0,0,16,49
22,0,3,5,0,123,115,86,102,10,12,0,0,34,0,36,78,17,27,60,159,51,118,2,0,89,55,0,0,7,59,0
0,0,5,58,13,82,129,181,58,10,11,41,77,8,7,7,195,0,138,114,31,206,71,71,41,132,1,10,0,0,0,0
0,119,12,68,132,126,93,101,58,69,53,16,10,3,0,24,52,0,0,185,159,115,48,0,3,31,8,11,0,0,0,0
0,71,220,41,34,48,158,53,0,44,0,102,0,23,4,0,83,3,3,0,0,20,0,0,0,0,0,32,20,11,0,0
0,21,105,233,21,160,20,233,0,14,5,34,89,13,70,30,43,0,0,0,0,3,0,2,0,12,3,0,0,0,34,0
0,4,208,226,130,1,168,38,74,0,75,77,11,0,11,64,0,0,0,0,14,0,0,11,36,0,39,0,44,29,24,0
0,0,241,154,108,174,209,16,20,48,0,1,18,15,5,48,6,5,0,0,15,0,0,0,0,0,33,24,0,0,0,7
0,10,36,151,109,144,124,24,0,19,0,39,6,50,75,8,0,9,11,0,19,0,38,0,6,31,0,26,15,0,0,62
31,0,0,0,0,0,0,16,0,0,6,49,23,0,0,0,0,11,0,0,0,10,0,0,3,10,0,26,0,0,36,55
0,0,0,0,0,6,61,0,5,0,46,23,0,48,1,0,12,33,0,0,0,0,0,9,0,0,15,0,0,36,0,18
0,8,31,15,3,0,0,34,0,50,0,30,0,0,0,44,16,38,0,0,0,20,0,0,10,12,0,0,0,25,0,65
0,0,0,24,11,0,0,0,0,0,60,7,18,0,8,45,0,0,2,0,35,23,31,0,0,0,32,21,48,20,0,0
15,0,14,36,0,1,0,0,0,10,0,0,13,9,0,0,0,0,0,0,0,0,4,0,0,31,7,0,2,0,0,0
0,27,24,27,22,10,20,28,0,0,20,21,0,0,51,12,0,0,0,0,0,0,0,0,0,0,0,38,0,15,25,0
0,0,20,0,38,0,0,2,0,9,0,6,0,1,0,48,0,16,0,20,56,0,2,24,18,0,36,9,0,33,69,0
15,8,0,0,22,0,8,0,5,0,27,26,9,0,0,0,0,13,0,38,22,0,36,0,0,0,28,2,0,25,0,0
23,29,0,0,27,0,0,0,13,14,30,14,44,0,7,0,0,12,4,0,4,0,4,0,0,0,0,0,6,0,0,36
0,0,0,0,0,0,0,0,0,0,0,0,0,0,0,2,0,32,6,0,12,6,27,4,35,0,0,0,0,0,0,0
5,0,8,2,11,0,12,31,0,1,0,0,0,0,0,0,0,0,2,0,6,2,12,0,0,0,21,0,32,16,7,0
35,9,22,0,0,0,20,0,0,15,0,16,5,0,0,0,0,20,0,10,0,7,0,0,0,0,0,9,14,4,89,0
7,7,0,11,0,0,9,0,16,39,19,20,73,31,0,0,0,0,18,1,4,0,28,0,0,12,0,0,0,0,40,30
68,0,4,44,0,0,16,44,0,28,0,0,0,116,0,0,7,58,0,25,0,27,0,15,0,0,7,16,0,5,0,17
0,0,7,8,0,17,0,52,48,10,0,0,53,59,0,17,26,58,0,0,40,41,54,0,0,0,0,0,0,35,23,25
20,0,0,32,20,0,56,18,10,23,56,0,32,0,23,42,0,20,0,29,11,27,56,83,28,11,0,4,68,0,0,0
0,9,0,0,40,48,0,48,0,0,2,109,0,201,181,0,0,65,37,63,191,12,164,8,39,13,69,0,0,10,0,0
19,0,0,30,11,33,28,87,7,21,142,34,32,0,0,0,33,73,118,34,0,20,0,26,56,0,92,3,48,0,0,0
0,2,17,27,41,23,69,119,73,86,150,94,68,30,63,1,18,27,103,120,101,4,0,0,0,0,90,44,35,0,40,0
0,45,84,8,13,0,0,76,16,0,0,30,54,30,0,45,107,130,48,121,93,58,0,21,20,19,18,40,0,11,0,11
5,8,51,51,62,4,16,73,240,84,0,31,62,0,0,0,41,98,152,26,34,20,0,5,76,0,151,8,0,17,28,40
58,124,105,40,25,84,5,28,114,205,133,18,40,58,40,0,29,255,30,10,0,18,11,195,48,42,65,0,0,38,33,38
61,80,142,166,161,85,19,100,182,143,78,42,70,9,20,16,0,10,11,0,125,85,114,31,17,76,18,131,0,30,23,27
90,77,86,64,114,223,10,19,248,95,3,151,92,41,20,19,0,24,61,38,80,3,60,0,50,82,53,10,0,5,0,14
0,255,173,77,16,168,100,86,96,22,74,60,19,0,38,30,28,0,52,94,41,105,109,0,0,2,10,0,49,31,0,0
123,241,182,52,102,44,0,0,9,0,74,83,91,198,24,0,41,47,227,123,0,102,9,0,42,0,38,6,31,0,20,0
56,211,152,45,0,0,0,0,0,8,150,106,14,231,0,0,0,20,34,49,18,0,13,62,22,17,0,16,11,3,43,0
117,43,27,20,9,0,7,0,7,9,142,194,189,143,0,0,38,0,101,74,71,76,25,6,33,0,14,0,0,5,0,88
9,72,0,26,51,22,0,82,16,36,170,207,233,24,0,29,17,70,0,28,63,0,49,51,70,18,0,0,0,5,0,33
20,45,41,58,0,0,94,91,79,0,0,72,41,0,0,70,56,0,0,143,161,28,0,80,60,65,62,0,0,0,16,23
4,210,0,218,14,68,25,245,81,56,13,35,30,0,28,6,5,10,65,95,100,112,149,93,51,0,35,0,0,84,0,0
157,122,0,11,192,154,50,61,71,0,24,51,29,63,85,7,0,5,115,159,191,40,146,75,0,190,17,26,0,24,63,0
90,180,81,149,108,37,52,23,11,6,56,26,0,4,0,0,31,0,8,217,173,142,113,39,0,7,37,17,4,16,0,67
208,40,91,46,163,28,20,56,0,8,29,0,35,5,8,0,0,21,0,25,0,32,0,0,6,42,0,12,0,0,0,46
0,126,75,42,247,117,126,0,28,18,12,13,62,0,15,0,1,32,0,0,0,0,0,7,28,0,51,0,48,19,25,8
2,52,24,108,123,145,66,0,0,10,2,17,2,0,0,0,1,0,0,0,0,27,0,0,0,33,0,13,24,0,1,0
30,3,0,0,126,211,160,64,0,0,19,0,0,0,0,5,27,0,0,0,0,26,23,0,0,16,0,0,36,0,0,30
29,0,7,0,0,9,0,0,0,55,0,0,0,39,0,15,0,0,0,5,8,0,17,0,0,11,0,45,0,82,12,49
1,35,0,0,0,1,0,0,0,14,33,19,22,0,0,0,0,10,0,0,0,6,47,4,8,0,0,0,11,0,0,53
1,4,12,0,0,15,0,48,0,29,0,27,15,6,0,61,0,18,0,0,0,23,0,0,0,13,2,0,0,16,0,30
0,22,0,1,15,0,0,0,0,0,0,16,36,0,0,0,0,4,0,5,0,0,0,0,0,0,0,0,6,0,0,73
15,8,4,22,12,0,17,24,36,0,0,15,5,9,0,49,6,0,0,0,0,21,0,0,0,23,27,23,0,42,0,19
21,0,10,0,0,0,28,40,29,17,0,0,0,10,0,0,0,0,0,0,0,1,0,12,0,0,7,0,3,0,0,0
8,15,0,0,0,7,20,21,12,0,12,17,0,38,20,0,23,39,0,0,0,0,4,16,5,0,0,0,0,5,0,0
21,0,0,41,0,0,0,0,0,38,24,32,37,21,0,0,0,0,0,12,31,0,3,42,0,7,0,27,0,0,0,57
21,0,42,0,52,16,9,0,0,32,44,0,26,68,0,0,0,21,3,0,0,3,0,0,17,14,0,0,0,32,0,0
0,0,19,0,0,13,28,3,27,5,52,0,69,17,0,0,39,39,0,10,4,44,32,53,0,7,39,10,0,37,0,4
19,11,21,8,0,13,0,0,44,77,9,86,63,10,30,105,0,15,29,13,4,26,68,68,0,0,25,0,0,20,0,70
10,0,7,0,0,42,0,27,33,11,43,86,5,8,0,0,0,87,0,0,113,18,142,12,14,15,90,32,0,43,0,96
0,11,0,20,29,14,27,0,0,23,38,9,0,32,32,22,0,9,24,13,65,21,106,0,66,4,0,0,7,50,0,7
35,3,0,8,0,151,30,103,40,58,71,30,0,18,134,0,20,27,79,16,69,0,0,0,29,2,0,0,17,84,18,0
0,0,5,50,7,0,23,48,0,52,0,62,58,50,23,67,2,37,0,0,33,0,37,20,19,30,10,0,36,31,0,0
15,40,78,12,32,63,51,20,80,39,39,0,0,0,41,41,0,10,0,14,43,3,0,19,18,42,12,0,0,0,57,5
0,12,73,47,5,49,16,118,67,0,0,48,21,237,168,22,12,56,44,76,1,5,0,75,57,80,32,0,15,0,6,24
0,67,98,87,47,20,7,0,70,94,71,49,37,2,21,0,8,143,9,0,92,0,34,0,31,57,102,1,0,9,0,68
54,8,53,229,59,159,0,128,167,84,107,49,55,45,37,46,80,25,123,171,160,0,16,13,0,79,27,0,16,0,22,0
35,82,81,91,6,108,164,106,1,125,86,0,59,34,16,14,73,56,163,5,103,54,19,0,18,37,16,0,0,20,25,71
63,36,98,115,48,65,132,58,11,120,27,45,104,7,0,0,245,167,230,126,232,95,0,43,25,0,86,0,0,21,0,95
111,179,28,13,171,104,66,189,249,49,159,18,3,0,16,16,148,145,40,117,7,0,33,52,60,11,54,0,13,0,44,0
36,101,38,248,22,93,28,158,25,186,250,139,0,0,27,0,230,238,26,0,0,65,49,11,35,25,68,45,59,0,0,43
89,107,135,230,245,15,172,0,102,246,27,117,179,35,63,48,13,0,0,0,67,24,46,88,61,35,70,0,93,67,2,0
142,20,147,224,164,199,0,181,82,23,26,226,86,64,0,0,33,0,0,86,47,81,56,227,69,0,128,27,0,66,1,0
102,76,58,141,48,33,21,68,26,227,3,237,140,168,0,36,0,0,7,153,66,112,114,164,0,0,39,28,47,36,51,0
61,123,177,25,0,14,7,10,0,0,187,129,191,56,9,22,12,32,0,0,90,98,5,15,2,30,6,0,38,0,73,0
211,7,78,37,32,35,26,0,0,65,243,198,186,140,19,40,41,30,74,21,43,152,44,100,176,3,54,0,0,0,0,98
103,48,39,30,0,20,65,29,23,28,205,193,190,232,0,15,8,4,29,82,171,61,0,0,27,0,21,13,12,9,0,0
0,4,5,28,99,68,80,0,1,26,0,248,29,9,0,0,19,0,13,38,66,11,95,0,40,0,15,0,2,3,25,22
48,9,0,60,141,50,17,0,0,1,0,0,3,1,1,12,26,0,134,36,217,98,21,45,16,0,15,0,0,7,21,0
113,10,3,163,19,176,43,0,16,0,19,32,32,0,14,0,39,0,197,120,255,77,31,186,12,9,0,0,31,0,6,0
0,148,166,49,91,173,34,25,28,5,2,54,20,1,23,3,25,0,219,189,194,149,135,47,14,26,49,0,0,0,0,5
75,57,59,200,78,3,0,0,18,1,0,10,0,0,0,0,0,24,0,16,0,0,0,0,0,11,15,9,16,2,34,72
67,65,203,135,19,45,0,7,13,9,0,10,17,0,10,0,0,0,0,20,0,0,9,0,0,0,28,16,1,0,0,0
33,2,39,40,244,57,17,11,26,0,15,48,23,0,0,24,0,0,18,11,13,1,40,0,0,23,0,0,60,12,0,0
17,8,0,0,18,0,12,0,35,0,0,0,6,0,6,0,0,8,14,0,4,0,9,5,0,0,0,38,8,22,15,0
0,3,0,0,0,0,35,0,0,8,0,0,0,0,22,40,37,0,0,30,20,13,3,11,4,0,19,53,8,25,21,0
83,11,15,10,56,18,0,3,0,5,0,0,18,8,10,0,21,15,0,0,0,19,20,0,0,0,0,0,0,0,0,34
19,21,0,8,0,27,26,0,19,33,0,0,0,28,17,34,11,12,25,0,0,8,0,35,0,10,0,0,80,0,55,2
18,0,0,20,25,0,9,0,0,17,32,2,0,56,0,0,1,17,51,22,11,29,5,13,0,0,25,0,0,0,0,0
3,0,0,6,0,0,36,0,7,35,74,2,13,7,1,10,21,0,12,13,14,39,16,38,0,6,0,14,0,5,0,3
13,18,0,6,15,0,0,0,95,24,12,58,57,0,0,41,2,0,32,31,13,0,48,61,29,9,0,0,38,58,53,0
0,2,12,35,0,2,0,8,46,35,53,86,9,0,0,0,30,143,10,0,14,55,14,0,2,25,6,3,0,28,19,26
6,0,0,7,21,58,43,0,22,0,102,22,25,27,26,14,0,0,23,27,0,10,85,0,91,0,0,0,5,0,56,27
27,0,0,20,81,134,0,52,67,71,45,70,16,44,17,0,24,4,114,23,0,78,0,0,5,0,14,0,0,4,7,23
0,0,4,0,29,0,0,38,30,7,35,51,57,6,0,40,27,54,13,0,38,0,0,0,0,54,0,0,18,9,42,0
18,2,33,37,33,74,0,0,69,26,17,31,52,31,30,50,0,61,46,0,24,51,78,0,32,29,50,10,0,22,0,20
0,42,17,22,17,67,55,104,64,61,51,67,25,100,56,26,47,56,61,63,41,12,0,103,39,54,0,0,0,0,68,0
19,24,32,71,18,31,16,60,64,141,96,101,46,0,133,57,7,9,107,0,71,0,40,17,81,93,0,0,15,47,0,68
50,13,32,55,0,94,30,77,69,69,4,70,33,118,87,0,34,24,59,90,88,17,0,9,0,0,0,41,0,0,0,26
40,104,107,59,3,77,115,78,0,98,108,24,93,81,25,0,71,127,0,0,50,40,59,0,0,0,19,30,4,0,0,14
59,80,105,49,66,137,144,126,122,10,210,21,142,120,58,4,58,56,10,32,48,0,72,16,0,21,34,0,17,0,0,21
91,226,73,13,11,27,43,104,0,89,127,7,43,59,124,100,0,1,148,29,71,63,23,0,84,33,0,0,6,0,0,39
12,64,116,17,128,254,118,34,97,67,39,103,189,33,44,0,21,7,37,27,99,19,63,7,0,2,0,11,0,0,0,72
43,92,51,83,93,0,162,129,190,77,51,195,240,6,9,28,20,58,36,41,78,26,34,9,23,13,0,0,6,0,24,37
55,52,58,231,30,98,90,90,222,189,210,204,0,40,0,45,21,158,66,83,99,86,25,42,3,39,38,0,0,0,0,41
80,178,30,252,190,204,12,250,56,189,5,36,124,29,0,29,42,114,77,53,72,34,24,56,8,16,5,55,0,9,26,0
248,124,4,165,162,205,105,196,122,167,182,103,54,55,0,11,12,14,87,59,222,70,0,166,0,0,0,0,9,18,0,37
90,110,150,245,119,219,136,113,61,201,169,73,88,19,0,0,233,226,43,0,0,0,51,37,50,12,18,41,0,0,0,33
128,71,235,77,0,13,31,17,118,218,204,49,60,64,16,4,41,0,18,0,0,0,13,7,54,0,20,21,25,0,4,67
44,85,48,203,118,7,222,208,62,230,136,139,164,0,13,0,16,6,0,1,31,4,51,2,67,20,0,56,0,0,10,0
162,151,200,57,13,6,7,31,22,26,53,63,42,6,0,0,13,9,0,0,6,88,30,183,89,14,90,0,0,65,42,0
6,166,31,35,0,0,0,59,4,22,140,22,63,112,0,0,19,0,16,42,0,108,44,39,0,0,63,0,15,0,25,0
225,31,26,40,62,0,26,40,16,40,127,197,195,42,0,26,13,21,0,27,25,12,3,12,0,27,18,0,0,18,0,0
0,22,30,27,15,18,24,0,9,22,176,190,146,24,0,0,0,36,36,11,7,0,0,11,0,0,22,0,0,20,5,0
0,27,0,0,1,8,0,0,0,41,0,145,96,28,0,34,0,0,1,0,0,0,0,0,0,4,0,0,0,0,0,0
0,11,24,0,3,0,0,0,0,16,10,11,2,5,21,0,0,18,2,0,1,0,5,0,23,33,0,5,16,0,0,34
38,44,33,1,7,11,23,0,35,11,0,0,0,9,8,16,0,0,0,0,0,8,0,5,0,0,0,0,0,0,0,8
48,43,108,184,0,0,0,50,2,0,0,0,0,9,0,0,14,25,36,157,0,0,0,8,6,0,0,0,0,38,8,48
69,15,29,5,0,0,2,0,30,72,1,33,29,7,0,31,0,11,12,8,0,7,34,0,31,0,0,8,0,12,0,0
0,22,0,0,0,37,0,0,3,7,0,9,25,34,4,0,4,0,18,28,0,0,0,16,4,0,0,0,8,0,30,4
52,0,0,0,23,0,0,8,11,0,21,19,0,62,7,0,70,19,0,43,0,12,0,10,0,0,0,0,0,0,20,0
39,0,47,0,26,38,0,0,0,9,56,0,60,18,24,12,14,45,0,0,17,44,12,26,17,0,23,0,79,0,0,64
0,5,13,36,21,0,0,27,28,2,0,46,3,5,0,135,9,0,0,43,0,0,65,61,54,0,47,0,0,16,0,1
38,0,7,7,15,36,41,9,7,0,32,92,1,0,0,14,2,70,25,8,84,0,67,0,0,0,0,3,0,0,0,0
78,0,18,23,0,4,0,2,25,59,0,29,46,0,1,46,0,0,0,14,5,16,80,45,10,9,0,0,17,0,0,0
49,17,14,37,14,79,61,81,16,84,41,0,0,6,46,0,48,17,80,0,5,85,17,16,2,0,84,31,0,7,0,19
22,2,29,40,9,0,16,101,23,24,0,57,105,59,0,14,89,52,21,51,17,0,0,0,0,6,0,27,18,29,1,0
0,0,39,71,29,6,24,87,0,83,0,0,0,12,43,16,26,18,57,14,0,29,7,16,9,55,40,0,0,0,0,0
0,37,23,46,0,69,0,127,31,50,71,77,0,122,86,4,47,40,0,48,41,0,25,16,26,34,16,0,6,57,0,0
55,62,118,91,95,47,28,0,78,36,6,65,44,0,120,51,0,0,43,19,65,27,18,17,3,0,4,23,26,0,0,66
24,45,26,85,45,19,108,62,76,41,0,27,62,49,114,0,38,52,109,61,17,0,16,18,28,0,19,11,35,38,52,0
11,50,42,52,1,127,112,109,37,74,88,0,73,15,8,42,67,96,21,35,4,75,82,20,35,25,41,0,0,0,10,0
24,91,119,133,52,67,60,127,52,10,189,24,192,134,9,16,215,42,12,5,78,36,16,0,7,0,0,0,38,0,16,0
94,118,57,0,109,5,0,35,113,173,81,38,74,1,27,0,59,31,120,0,34,38,13,0,25,2,0,0,50,0,0,0
29,102,153,140,143,165,136,27,61,49,69,34,26,0,11,29,51,12,32,7,86,7,5,3,0,18,14,0,18,0,7,53
60,16,43,180,77,6,87,193,247,45,53,92,127,67,164,0,0,39,9,17,11,0,0,23,0,1,0,0,54,0,0,23
0,5,175,147,44,52,82,91,244,95,77,92,29,45,0,50,66,39,0,92,44,0,10,4,7,21,63,0,0,0,2,0
22,178,0,40,133,109,241,70,40,48,0,13,99,42,0,19,0,81,35,94,63,0,0,29,17,0,9,35,6,0,0,0
94,94,25,68,60,136,40,41,97,102,66,134,71,51,136,114,86,5,0,0,9,1,0,14,0,15,0,0,0,28,8,0
109,148,76,70,37,83,143,161,162,81,48,9,101,0,169,238,0,0,38,2,0,11,0,11,0,0,10,12,6,0,0,0
50,138,81,2,125,161,191,30,173,71,208,68,33,165,21,42,56,0,84,44,48,0,33,0,5,19,0,0,0,0,0,74
17,104,167,21,166,174,199,0,229,196,174,1,9,0,0,0,60,2,83,65,80,0,0,3,0,2,33,0,21,11,0,0
155,164,102,98,222,123,194,172,137,86,163,37,12,0,0,30,24,51,122,95,0,0,47,19,0,12,0,0,57,52,0,0
12,16,73,133,162,16,138,153,153,136,12,61,15,0,4,0,5,51,95,59,0,8,0,3,0,5,74,23,0,2,0,0
93,51,50,145,127,238,155,32,163,186,185,137,24,0,0,0,26,169,176,236,254,0,0,0,1,0,0,0,0,0,0,2
124,75,49,199,117,41,27,12,68,132,44,32,29,7,0,39,73,185,18,41,0,0,0,7,0,0,24,23,21,0,61,6
26,110,0,0,22,0,2,21,156,35,158,38,142,0,0,16,13,40,0,18,24,1,15,2,0,16,0,46,0,5,7,0
0,19,8,0,0,0,0,3,0,0,44,49,0,0,0,0,0,0,18,0,2,3,0,3,0,0,1,0,13,0,11,5
0,1,0,0,0,0,5,0,0,0,54,95,97,24,35,0,0,11,0,4,16,13,4,0,0,0,0,40,0,0,0,0
0,15,0,12,0,5,0,38,4,20,0,56,69,16,18,0,0,1,0,21,0,0,16,37,14,0,14,34,0,0,16,43
6,14,0,0,0,7,0,0,16,4,1,29,0,18,0,16,9,6,2,8,2,0,33,0,0,11,0,6,43,0,0,0
15,0,0,24,0,0,0,8,0,0,0,0,24,0,45,0,37,0,12,4,21,0,19,14,13,0,27,53,0,7,59,0
58,0,24,0,10,0,25,0,25,4,31,10,39,29,0,0,41,26,28,0,16,0,0,17,0,0,0,0,0,26,48,0
0,0,17,3,0,0,0,23,45,20,38,9,61,0,0,0,0,51,0,0,30,64,32,22,0,9,0,0,0,0,0,10
52,2,0,0,15,6,0,29,6,0,41,14,7,25,0,0,0,5,0,0,0,0,0,40,43,0,7,0,2,28,0,0
54,44,0,0,35,29,0,0,0,8,27,72,14,0,11,13,0,55,58,0,84,4,14,4,9,2,11,19,0,0,0,0
0,0,0,3,40,40,12,0,5,0,6,19,3,0,0,0,46,2,23,6,6,38,8,31,0,0,0,58,20,9,11,0
78,0,48,0,13,83,7,0,21,5,38,0,0,0,14,0,36,0,96,0,7,98,15,16,0,0,7,19,0,2,38,0
0,31,0,8,45,0,21,46,27,6,0,30,58,0,3,2,64,70,8,25,17,7,18,10,0,16,0,0,52,39,25,0
116,4,50,7,0,39,12,50,9,2,0,0,24,23,19,27,0,0,53,0,31,42,17,0,10,0,11,40,0,0,0,0
155,24,18,24,0,85,67,152,0,58,7,21,69,35,65,42,36,3,13,0,26,31,0,0,29,0,0,10,0,20,0,33
1,41,70,0,28,8,12,0,39,38,66,11,65,11,93,9,67,6,16,0,57,0,34,0,12,5,12,0,0,0,0,0
5,0,38,129,28,33,6,27,96,40,33,41,105,79,23,0,18,0,74,10,46,0,1,7,0,35,0,20,38,0,0,0
15,7,30,75,42,110,88,17,7,0,109,14,25,0,5,0,12,10,20,8,13,1,13,0,0,0,0,0,37,0,0,13
0,78,57,32,84,38,44,101,48,0,108,11,114,37,29,10,150,45,0,20,0,0,0,4,16,0,5,28,56,0,0,39
0,65,109,0,38,2,5,3,14,97,26,62,39,0,0,7,94,0,137,2,29,8,21,0,0,0,0,31,0,16,48,0
1,84,109,47,121,109,29,8,4,26,9,26,10,0,28,6,105,29,77,20,10,1,0,0,2,0,13,0,19,27,36,7
26,45,9,129,33,8,56,108,93,35,25,105,53,97,87,12,11,41,0,0,0,0,0,17,12,5,0,0,4,1,0,5
30,19,52,53,45,97,15,33,98,51,94,134,51,26,25,94,7,158,0,6,0,5,24,7,23,11,19,0,0,0,0,20
0,63,26,111,48,36,153,46,16,129,9,52,56,46,18,22,48,0,0,6,0,0,0,0,5,6,0,0,0,12,0,13
70,34,31,99,154,38,22,73,140,119,0,55,39,38,12,61,9,0,10,0,8,6,27,0,0,3,0,0,0,14,22,0
96,146,39,44,34,51,14,100,121,9,0,27,21,3,4,16,0,0,27,0,0,0,7,3,1,0,8,0,0,0,0,17
80,20,80,9,24,57,168,107,81,11,118,61,19,65,110,0,7,2,4,2,2,17,3,0,3,0,4,9,0,0,0,0
16,12,82,44,33,11,125,0,119,59,135,97,115,11,90,0,11,0,27,0,3,0,5,0,0,12,0,0,0,0,0,2
18,82,61,70,46,36,2,147,4,38,46,32,87,37,0,17,2,100,6,0,4,0,1,4,3,0,0,2,25,0,0,3
0,0,5,55,13,71,14,17,38,16,62,46,166,72,13,67,23,2,0,0,0,0,0,1,18,1,6,0,0,0,0,10
62,0,0,10,19,158,48,152,0,191,80,88,19,2,2,44,4,2,0,7,0,0,1,5,0,0,7,12,12,13,3,0
0,0,0,6,38,102,65,80,122,7,0,26,30,37,61,27,0,0,0,1,0,0,0,3,3,1,0,18,0,0,0,0
136,5,0,4,4,104,0,0,67,0,1,51,49,17,70,20,0,0,5,5,0,3,0,0,0,0,0,4,0,1,0,4
0,1,0,0,2,0,0,29,10,0,7,12,16,72,21,9,0,23,0,0,5,7,0,0,0,0,0,12,3,0,0,1
0,0,0,7,1,0,0,1,0,9,0,0,0,25,18,0,4,6,0,4,2,3,0,0,3,16,0,0,0,0,2,0
0,0,12,0,0,3,0,7,0,2,6,7,0,1,0,9,0,0,0,0,0,4,0,0,2,0,2,0,0,0,0,0
16,3,0,6,0,4,6,6,2,8,0,0,0,2,0,3,0,0,0,0,0,0,4,0,1,0,0,0,0,0,11,4
0,6,15,1,4,0,5,0,0,12,0,1,16,0,8,35,5,3,4,0,0,0,6,0,9,0,0,1,2,2,0,1
0,0,0,15,5,6,30,0,0,0,49,3,0,22,1,9,51,29,21,0,2,0,2,5,0,2,1,0,0,0,0,8
0,0,0,0,24,24,0,21,8,1,37,4,50,0,0,0,11,5,2,22,5,42,9,30,2,2,0,11,0,0,12,7
19,2,0,0,6,0,9,14,2,2,65,0,42,24,0,28,7,0,0,77,0,1,13,65,1,0,0,0,0,13,0,0
71,3,10,7,20,49,3,0,0,5,0,63,4,0,0,0,6,127,35,0,97,0,47,0,0,0,0,2,0,11,0,18
113,8,0,16,0,29,21,0,0,32,44,26,2,0,0,0,0,3,15,0,7,0,68,12,24,0,13,0,12,0,14,0
63,0,7,5,0,29,46,24,43,7,29,6,0,19,9,36,38,0,102,26,6,9,25,7,1,0,8,12,0,3,8,11
76,0,39,0,0,6,50,12,3,21,2,18,9,22,2,37,47,58,0,1,6,8,36,0,0,1,0,9,0,0,0,6
0,11,18,21,12,34,20,21,13,9,7,6,4,31,26,0,8,18,5,4,0,48,0,0,0,18,8,10,4,5,0,2
0,68,4,7,0,3,0,62,29,21,53,61,76,78,0,3,20,2,48,0,34,0,0,9,3,0,12,0,3,0,0,7
0,66,51,14,20,31,3,12,13,56,75,7,104,3,33,18,70,9,48,29,60,4,0,0,0,0,0,0,7,0,11,0
58,26,0,39,41,36,26,11,126,39,51,34,20,38,79,24,1,1,64,33,3,0,1,0,0,1,1,0,0,5,0,0
27,18,64,23,0,90,115,23,40,24,56,12,54,37,19,27,41,30,13,38,1,0,0,5,0,0,12,5,0,10,0,6
0,77,103,33,77,78,3,95,133,5,58,0,55,73,25,0,146,35,0,18,1,3,0,1,3,9,0,0,0,0,0,9
0,69,49,1,31,23,31,8,29,30,41,22,5,8,21,0,197,4,69,0,0,1,2,0,0,0,0,0,0,6,0,19
63,74,73,59,96,85,45,0,0,15,4,66,7,0,65,0,114,5,56,0,2,2,0,6,7,6,0,0,2,0,3,0
0,91,1,141,59,0,88,99,137,36,0,76,87,59,59,28,78,29,0,0,0,0,0,0,0,0,0,0,3,0,0,14
56,26,80,36,104,49,28,55,58,7,102,48,0,39,2,88,22,1,2,1,2,1,0,3,8,0,7,0,5,0,0,0
66,88,0,140,74,38,153,48,8,132,4,13,25,24,1,0,112,3,3,0,7,0,8,0,1,0,5,8,0,0,4,12
166,37,29,51,136,91,13,73,45,59,4,79,9,44,24,43,1,1,0,0,0,0,0,0,1,3,2,0,0,3,0,1
71,116,80,40,37,36,5,86,114,31,0,38,80,3,0,27,7,0,13,0,1,6,0,0,0,0,0,9,1,0,0,0
78,8,59,29,8,51,161,36,61,41,127,92,70,44,135,0,21,0,0,5,0,2,0,0,0,0,0,7,0,0,0,0
0,10,0,24,39,63,39,11,53,89,150,72,140,34,144,0,3,2,1,0,0,2,0,0,0,1,0,0,0,9,5,0
0,55,26,39,10,26,0,134,2,39,42,47,58,66,21,6,54,0,0,0,0,0,0,0,0,0,1,0,1,0,1,9
0,0,17,4,0,45,6,22,32,25,76,33,227,63,27,62,26,0,4,6,2,2,0,0,0,1,0,0,4,0,5,4
0,0,9,0,7,46,2,84,0,35,27,94,11,0,20,3,8,3,0,0,0,5,0,2,8,0,16,0,5,0,0,0
0,0,0,0,22,34,19,53,27,4,18,21,52,60,15,3,13,5,0,0,0,0,5,1,7,0,0,2,0,0,3,0
56,3,0,0,1,32,4,0,18,9,10,41,60,0,41,37,24,0,0,1,0,0,0,1,3,4,7,0,0,0,0,0
0,0,16,0,2,5,0,5,2,2,0,0,21,62,13,6,5,0,0,0,0,1,0,0,3,1,0,0,0,0,0,0
32,4,0,0,0,0,0,0,3,0,0,4,0,2,0,1,0,0,2,11,3,0,0,1,0,7,0,3,9,1,2,0
0,0,0,7,2,0,0,4,4,1,0,0,0,3,0,4,0,0,0,7,0,0,0,0,2,2,14,0,0,5,0,5
0,11,0,0,0,0,2,1,1,47,1,11,0,2,0,0,0,3,0,3,6,0,0,0,0,8,0,0,0,3,11,5
0,0,0,0,0,2,0,0,0,10,5,0,5,2,21,3,1,4,0,0,0,0,0,0,0,11,0,0,0,0,8,38
0,0,7,5,0,1,0,8,0,0,14,11,3,4,7,16,62,54,18,0,0,28,0,3,0,1,0,1,2,11,2,3
46,0,0,0,27,13,0,47,10,4,36,0,34,0,0,11,6,11,8,30,26,36,16,25,6,0,0,0,4,2,3,16
0,0,19,3,0,0,27,9,2,3,54,2,0,48,8,42,13,31,4,12,0,0,3,61,17,0,7,6,12,0,0,0
0,0,0,13,32,3,0,7,0,0,0,72,0,0,0,7,4,101,25,2,32,1,16,0,0,2,0,0,0,8,0,0
0,8,9,8,16,15,14,3,0,22,62,1,0,16,0,0,14,5,1,0,0,10,38,5,0,5,10,0,2,21,0,1
0,2,20,0,0,40,36,9,8,54,21,14,0,20,48,25,38,0,69,16,0,7,0,0,9,3,21,4,3,2,0,3
82,0,26,0,1,0,46,7,0,29,6,3,0,16,7,35,54,84,0,44,10,2,30,0,0,0,0,0,3,5,0,14
0,11,37,6,31,20,48,14,86,14,3,7,36,55,0,8,4,34,0,3,8,19,9,0,6,6,0,6,6,0,8,8
0,42,12,7,0,8,16,52,3,21,54,45,20,89,19,42,11,2,61,31,10,0,0,0,2,0,0,10,3,7,6,0
58,66,56,55,55,20,3,0,12,45,48,28,73,1,43,9,55,17,0,7,1,0,0,2,0,0,0,11,0,2,6,6
0,23,9,64,27,47,11,33,122,25,28,34,14,61,63,0,2,1,61,44,0,4,2,7,4,0,11,10,0,0,0,2
0,35,7,31,2,14,121,36,2,33,46,17,27,31,5,9,52,40,0,0,0,5,0,4,0,0,0,0,0,0,0,3
7,53,91,63,84,82,12,59,64,5,81,0,50,87,0,0,117,41,0,0,0,5,1,0,0,5,0,23,2,0,0,4
51,77,48,8,41,4,57,4,34,41,60,100,7,0,16,3,48,8,62,0,4,12,0,0,0,4,13,0,0,0,12,0
78,76,55,168,107,24,114,0,13,8,7,66,10,6,69,0,99,0,45,0,0,7,0,10,8,0,1,0,6,6,1,25
53,146,26,87,38,2,99,147,120,10,6,58,112,125,52,0,52,8,0,0,2,4,0,0,0,2,0,0,0,0,0,12
66,32,107,76,6,43,64,35,130,14,28,101,2,38,0,0,6,0,0,0,0,0,0,3,0,0,0,10,0,0,16,0
0,62,0,208,64,56,78,81,18,185,0,60,80,9,18,31,3,0,0,0,0,12,10,3,0,1,10,0,9,0,0,0
75,14,26,46,130,0,1,95,29,0,35,109,23,54,19,3,4,0,0,0,0,2,1,0,6,3,0,0,0,6,7,14
27,31,36,32,76,48,32,96,106,17,9,32,55,4,7,3,5,3,0,2,0,0,0,4,3,0,0,13,0,0,0,18
0,0,81,6,14,65,133,88,56,16,113,122,6,35,155,5,0,0,0,0,1,0,6,0,1,0,0,0,0,5,0,5
0,0,0,0,30,27,36,11,95,104,160,88,123,57,107,2,6,0,2,3,0,1,0,0,0,4,0,10,8,0,0,0
145,33,13,0,21,28,3,83,2,26,57,48,76,35,1,29,0,0,0,1,2,0,0,0,6,8,0,0,0,2,0,5
0,12,2,4,6,33,7,50,64,34,93,72,175,39,38,68,3,0,1,2,7,2,1,0,0,10,3,0,1,11,4,0
122,0,16,3,2,42,0,99,0,40,60,95,3,0,11,0,0,0,0,0,3,3,1,0,5,0,0,0,0,0,0,3
0,8,0,0,24,12,32,2,32,0,22,70,30,26,23,0,0,0,2,5,2,0,0,0,4,4,0,2,1,0,0,9
179,0,3,4,0,12,3,0,5,13,0,49,57,0,39,0,0,0,0,7,3,2,0,1,0,0,0,6,0,0,0,0
21,0,16,4,0,0,0,0,0,7,0,0,8,35,2,5,0,1,0,0,0,3,0,0,0,0,0,2,0,1,0,11
0,0,12,3,5,0,0,6,0,2,1,4,4,0,3,2,0,3,0,0,9,0,0,7,0,3,5,0,0,0,4,4
7,0,0,0,0,0,0,7,2,0,6,9,0,0,3,0,0,2,0,0,0,0,0,1,0,0,0,8,0,0,0,3
0,0,0,3,0,0,0,0,2,24,8,0,0,0,0,2,0,9,3,0,2,0,0,1,0,0,0,0,2,0,0,0
0,0,0,0,0,0,0,6,0,3,4,4,39,5,7,3,11,1,0,0,0,0,0,0,0,2,0,6,3,0,0,0
0,14,0,0,0,6,0,0,0,0,41,25,13,23,26,0,42,63,40,1,0,29,0,0,0,10,0,0,3,0,6,22
0,0,0,3,34,5,7,56,9,4,31,0,56,2,3,0,0,19,0,15,0,41,0,5,0,0,1,7,0,0,0,0
0,0,5,1,7,0,13,0,0,42,19,7,1,39,0,81,1,32,2,29,0,0,0,15,13,0,1,1,0,0,0,1
0,1,0,0,9,33,0,9,0,0,0,50,0,1,1,0,21,144,24,0,48,0,57,4,0,0,0,9,0,9,9,10
62,0,3,24,2,21,9,0,0,21,36,0,2,4,2,0,7,0,1,0,0,0,57,2,0,0,0,3,0,1,0,0
0,0,12,3,0,10,24,18,39,32,47,33,0,3,26,29,54,35,77,0,0,0,0,6,0,0,0,0,0,3,0,5
101,0,39,5,0,0,26,0,3,15,6,3,38,16,2,28,65,38,0,45,18,0,0,0,0,0,0,0,0,4,0,0
0,0,7,12,46,5,21,19,1,25,0,8,36,42,0,5,0,22,62,0,1,11,0,0,0,0,5,0,0,10,0,0
53,80,5,11,8,0,7,43,20,12,75,52,8,83,49,34,0,0,4,55,18,6,0,0,0,0,5,0,0,8,0,0
0,83,28,3,10,26,0,28,28,49,64,15,39,13,47,11,33,5,10,0,4,4,8,0,7,2,0,4,0,3,16,0
0,75,30,87,38,60,30,0,143,17,31,23,6,76,94,40,7,6,53,8,0,2,0,0,0,0,0,0,2,0,1,0
30,26,10,35,9,38,105,57,21,24,0,10,48,0,1,28,70,7,0,2,2,2,3,2,1,0,0,9,0,0,11,1
35,61,129,15,64,43,18,54,75,1,72,0,55,56,0,2,179,27,2,0,0,0,0,3,1,0,16,0,5,0,0,0
0,42,43,3,17,8,81,73,14,49,39,75,0,32,18,0,31,0,4,6,0,0,0,3,0,0,5,8,0,6,12,0
141,103,36,163,97,56,64,0,4,18,3,21,1,0,56,0,115,4,0,0,2,0,0,2,0,9,0,0,0,0,2,0
42,88,26,65,25,6,64,154,80,4,0,26,102,105,74,5,36,4,0,0,12,0,0,0,5,0,15,4,0,0,5,3
27,21,68,42,0,77,42,53,101,42,64,54,0,51,6,29,29,0,0,0,1,0,7,0,0,0,20,5,6,0,0,28
94,72,0,133,124,95,68,42,23,130,0,2,49,22,0,21,14,0,1,2,0,0,0,0,7,0,0,3,0,0,0,16
137,26,17,24,120,27,0,52,43,93,29,56,31,60,17,14,0,0,0,0,0,10,6,0,0,0,0,0,0,0,6,20
109,26,63,21,65,46,20,91,105,8,13,34,11,0,6,23,9,8,0,0,3,6,0,2,1,8,12,0,0,3,3,0
95,2,75,0,22,7,121,8,68,3,89,125,59,38,96,3,0,0,0,6,0,8,4,0,0,1,1,0,0,0,0,8
46,16,1,0,42,20,61,24,42,75,153,85,100,48,104,2,3,0,0,10,0,5,1,0,0,4,11,0,10,0,6,0
23,0,0,0,16,11,4,41,5,46,59,25,55,50,0,26,0,1,1,1,0,2,0,0,0,0,0,12,0,13,4,3
0,0,8,2,0,45,0,31,35,33,85,30,102,69,1,51,0,3,3,0,0,1,0,4,4,6,8,0,0,0,0,1
31,4,0,0,2,31,0,49,6,0,76,100,0,4,3,0,2,0,0,0,2,2,0,0,0,0,0,0,3,5,0,0
0,6,0,3,24,5,10,3,2,0,33,59,52,41,22,0,5,0,4,4,3,0,0,6,0,2,0,0,23,0,16,21
0,0,0,0,0,6,0,3,0,0,7,16,44,1,2,0,3,0,9,10,0,0,0,1,0,0,10,1,0,1,0,7
0,0,0,0,8,12,0,0,0,0,4,1,2,0,3,1,1,0,0,13,3,0,4,0,2,5,0,0,0,0,13,6
0,1,0,0,0,0,0,0,0,0,0,10,7,0,0,1,0,4,0,0,0,0,3,0,0,0,0,0,0,0,4,0
0,0,0,5,3,0,0,4,0,0,0,14,0,0,11,0,0,1,3,3,0,0,0,3,9,2,0,0,1,0,6,0
