61,50,32,0,43,0,28,15,38,84,0,1,0,0,2,0,2,0,0,4,0,7,0,1,0,4,0,7,3,0,7,7
14,50,102,76,2,16,33,8,52,43,46,0,2,11,0,0,0,0,2,0,0,0,12,0,10,0,0,4,0,0,0,16
95,39,90,11,42,0,8,21,2,76,44,1,33,14,9,0,7,9,2,1,0,0,2,2,0,3,2,0,0,0,0,16
60,0,57,48,180,41,65,47,49,8,35,4,34,0,1,0,2,0,0,4,0,10,0,1,1,2,0,0,15,8,9,18
81,3,28,3,13,30,43,13,49,26,40,71,0,2,9,38,13,0,2,0,0,4,0,5,0,9,2,0,5,0,8,36
2,22,0,8,41,52,24,8,4,4,0,69,13,0,0,0,0,11,4,2,5,6,0,4,2,3,0,0,6,11,9,0
0,5,42,39,12,28,11,0,10,15,14,6,0,0,0,0,0,1,2,0,6,0,16,0,3,20,0,0,11,16,24,5
18,22,93,26,5,72,60,19,34,24,16,42,0,12,37,3,0,6,2,0,1,3,5,4,5,0,0,0,0,1,0,11
68,191,16,0,27,0,39,15,0,14,20,14,47,0,0,44,43,2,1,0,0,0,0,5,4,0,6,0,0,3,0,0
0,11,39,9,44,28,6,48,107,27,3,3,25,9,24,3,0,2,0,0,4,10,3,4,4,2,0,0,0,8,0,4
77,56,22,12,0,26,0,171,12,3,68,0,0,79,0,30,0,0,0,0,4,0,0,8,0,0,2,5,0,13,6,0
57,64,32,3,25,27,20,0,17,75,58,24,54,2,19,17,77,4,1,1,3,2,14,4,3,1,0,2,1,10,0,18
20,46,21,11,31,52,23,0,46,9,18,58,5,64,36,15,0,0,37,16,3,3,1,10,0,0,0,0,0,0,0,0
46,61,31,18,0,79,101,0,0,28,32,0,52,0,26,7,0,0,5,0,4,4,13,0,0,0,0,0,1,2,14,0
1,61,60,57,68,28,40,36,47,5,44,2,76,19,7,0,65,30,0,0,0,8,0,0,8,0,0,3,0,0,0,16
50,46,13,7,12,0,9,46,13,100,18,14,0,0,19,1,5,2,15,4,3,0,1,0,3,0,8,8,4,0,0,10
22,0,91,48,0,18,9,21,0,17,11,101,0,2,35,0,8,0,55,4,11,0,6,0,4,0,0,0,0,0,0,0
0,2,21,17,2,0,54,39,2,0,0,0,27,0,36,7,52,26,0,5,3,19,0,0,0,7,0,0,0,6,0,18
53,17,29,16,0,61,0,32,29,20,17,29,0,33,0,10,34,0,2,24,2,0,0,4,0,16,0,0,0,10,1,0
52,18,28,23,80,31,30,2,3,8,0,0,45,9,18,1,1,0,0,1,0,5,3,3,0,0,4,4,1,0,3,0
31,17,26,19,7,14,0,17,0,21,15,26,40,19,0,28,0,7,0,0,0,2,0,0,7,0,0,11,4,0,2,0
0,0,58,2,25,30,2,38,0,5,0,0,34,1,0,0,0,6,0,0,0,0,0,4,6,8,0,0,0,0,5,31
0,1,89,0,0,21,20,0,51,27,9,1,7,38,26,0,1,0,0,0,9,4,8,1,4,4,14,0,0,0,0,9
35,0,17,5,0,5,37,0,6,0,16,3,7,0,1,0,0,0,0,3,5,0,8,3,0,0,0,6,3,4,0,26
0,0,0,0,26,36,18,0,1,0,4,0,0,0,1,0,8,0,6,7,1,1,4,4,2,9,3,6,0,0,0,0
45,0,0,0,22,0,1,0,17,5,1,5,1,0,3,0,7,0,0,0,0,0,12,1,1,1,0,0,0,5,11,13
27,0,3,0,0,9,0,4,11,0,5,6,0,3,0,1,0,0,12,9,7,0,7,0,0,0,5,0,1,0,11,19
0,0,0,0,1,0,9,3,0,4,0,1,4,0,0,0,0,0,0,2,0,1,0,0,1,0,3,5,6,0,0,19
0,0,0,3,4,1,2,0,0,0,6,1,0,6,3,0,0,3,0,6,0,0,1,3,9,1,5,0,0,3,0,0
1,0,6,6,0,0,9,0,0,1,0,1,6,0,0,7,5,0,0,6,0,0,11,0,1,0,1,4,3,0,16,0
5,0,0,0,1,4,0,0,2,0,0,0,0,6,0,0,0,2,0,1,5,0,0,3,0,0,3,0,0,0,0,10
0,0,5,7,2,0,9,0,0,8,0,2,0,0,0,4,3,0,0,0,0,0,0,0,3,3,0,4,0,0,0,11
86,47,34,3,25,0,24,9,32,38,5,4,5,7,4,1,0,0,0,0,0,3,0,2,3,0,12,0,1,0,0,1
84,59,99,35,33,27,37,3,53,45,0,5,1,0,0,9,2,0,5,12,8,1,3,0,2,6,0,0,7,0,7,13
0,19,89,31,59,5,0,10,0,51,53,6,23,3,0,0,12,0,0,0,0,0,0,0,0,2,2,0,0,0,2,0
82,3,31,28,164,19,39,31,53,2,18,0,56,0,0,0,0,0,0,8,4,0,3,4,0,2,0,0,0,0,4,0
0,0,18,4,24,47,22,29,47,34,29,62,4,2,0,81,0,0,0,2,0,0,0,1,8,3,0,0,0,15,0,0
0,26,24,32,37,22,27,3,36,4,0,64,1,0,0,0,0,16,0,0,0,3,7,0,0,10,0,0,0,0,0,17
0,3,43,22,16,29,9,0,6,46,0,0,7,0,6,0,2,6,4,1,0,0,0,0,0,2,17,16,0,0,4,19
8,6,102,11,20,44,70,12,56,23,1,24,0,14,51,0,9,4,0,4,0,0,6,0,6,6,0,0,0,2,5,0
14,176,16,0,34,3,40,11,4,2,21,21,35,0,5,41,49,1,3,0,3,0,0,0,0,0,0,0,5,0,0,0
31,20,27,13,53,16,5,32,133,33,0,3,0,0,6,8,6,0,0,5,5,3,0,5,4,4,0,0,4,0,0,28
83,40,10,18,11,25,0,146,23,12,63,6,7,77,2,28,1,4,3,0,2,0,6,0,6,12,0,0,0,1,0,10
58,51,34,5,22,31,18,0,9,94,77,24,36,2,0,0,6,1,0,5,0,0,0,0,3,8,14,0,0,0,7,13
43,64,5,17,38,115,4,18,90,29,59,40,0,9,22,8,0,5,45,0,0,0,7,0,1,0,14,3,2,2,14,0
37,47,80,46,0,0,89,0,9,35,10,3,36,11,0,10,0,0,6,5,0,0,0,7,0,0,0,7,2,2,9,11
0,107,106,65,81,56,46,65,28,0,73,1,92,0,2,2,106,24,0,9,0,0,2,1,0,0,0,0,5,4,3,0
43,31,11,3,24,0,16,30,9,74,40,60,5,0,9,0,12,1,15,5,9,0,0,7,0,6,24,5,6,0,14,8
0,1,73,51,0,19,48,2,0,38,0,61,0,5,14,0,5,0,65,0,1,0,4,0,1,0,14,2,0,6,0,13
37,0,41,62,7,1,33,18,16,0,0,0,57,2,40,2,52,29,0,2,0,4,8,0,0,0,26,5,0,3,0,17
0,0,31,23,0,65,0,64,24,45,3,26,0,20,0,11,35,0,5,14,0,0,0,9,1,0,10,9,0,0,4,0
42,0,4,62,35,25,3,7,0,0,0,0,0,16,2,0,2,0,0,8,0,0,0,10,0,0,4,0,0,7,2,0
0,7,32,8,7,3,1,28,8,17,1,32,15,26,4,0,5,5,0,0,6,0,3,1,0,9,0,0,0,1,0,0
0,0,41,4,0,37,2,19,12,11,0,0,50,0,0,7,0,0,1,0,3,4,9,1,1,0,1,0,0,0,0,7
0,6,36,5,0,28,15,0,29,9,8,13,16,40,10,0,8,1,0,0,0,0,0,0,0,0,17,0,16,0,12,4
0,0,0,8,0,0,28,2,18,0,0,0,0,5,0,0,0,0,4,10,0,1,0,0,0,1,0,13,12,0,17,0
0,0,0,2,24,0,9,18,4,0,2,5,1,0,6,6,4,0,1,0,0,0,0,0,1,0,0,1,0,2,0,0
53,0,0,1,9,0,1,0,9,6,0,0,0,10,0,8,8,0,0,0,0,1,1,1,0,0,13,0,13,0,5,17
0,0,0,2,2,0,0,0,10,0,0,0,0,0,2,7,5,0,4,0,0,0,0,0,0,0,2,0,2,7,0,4
0,4,0,9,3,0,6,9,7,0,0,2,0,0,6,0,0,0,2,0,0,0,4,6,0,0,8,2,5,0,1,0
0,2,0,1,13,2,0,0,0,0,0,0,0,4,0,8,3,0,1,2,0,0,0,0,0,0,10,0,0,0,1,8
0,6,2,1,0,2,0,0,0,0,0,1,0,2,0,0,1,0,4,0,1,0,4,0,2,3,0,0,6,6,0,16
2,0,9,0,0,0,0,0,0,4,0,0,0,0,4,6,0,0,0,3,0,1,7,0,3,0,0,0,2,1,0,0
0,0,0,0,3,5,0,0,10,0,4,3,11,0,0,0,3,0,2,1,6,0,1,5,3,5,0,0,13,0,5,8
73,31,20,0,37,0,23,8,16,42,9,10,0,0,0,0,5,0,1,0,0,2,13,0,1,5,0,0,0,0,9,0
0,50,114,51,32,27,61,5,48,26,2,2,0,1,0,7,5,0,0,11,7,2,6,0,2,0,3,0,1,0,17,12
0,20,68,22,39,0,0,2,0,12,37,14,16,0,0,0,0,2,2,8,0,0,0,0,0,0,14,15,0,1,7,0
45,9,45,31,141,21,39,55,69,0,32,3,57,0,3,0,8,2,14,0,8,1,0,0,2,9,8,0,5,2,0,0
146,6,13,30,24,35,42,8,38,40,11,41,0,16,0,63,0,6,0,0,3,0,4,5,0,0,20,0,0,3,9,0
23,34,41,27,43,25,33,6,7,13,0,80,13,0,4,5,1,5,0,0,0,0,2,0,3,0,0,25,0,5,1,0
59,0,46,40,9,13,13,0,0,38,19,0,7,8,0,0,0,0,0,0,0,0,7,7,0,1,0,0,0,0,0,16
67,6,101,26,21,78,73,37,76,34,52,39,0,4,24,0,7,2,6,0,1,5,0,0,9,7,28,0,0,0,0,0
37,133,19,0,27,0,25,0,7,8,9,8,28,5,13,32,58,0,0,0,0,0,3,0,0,0,6,2,0,0,0,3
22,17,38,12,54,34,0,53,139,27,0,0,0,0,24,0,4,7,0,0,0,0,0,0,10,0,0,4,0,15,0,0
77,77,6,50,5,13,7,128,19,9,53,5,11,73,0,36,0,0,0,1,0,0,0,0,0,11,9,0,0,6,0,7
48,75,24,10,43,15,0,16,24,57,51,21,34,19,27,0,49,0,0,3,0,5,0,0,0,0,27,0,20,12,0,0
31,61,23,39,53,30,4,20,40,16,37,35,0,20,28,6,5,1,69,8,0,0,6,2,0,10,14,13,2,0,1,0
45,4,46,39,6,0,93,0,2,10,51,11,45,26,4,23,0,6,0,0,0,0,9,0,0,2,0,1,0,0,0,4
28,92,66,56,84,91,32,42,4,5,62,2,96,0,12,12,132,37,0,11,3,0,9,0,0,0,0,0,4,7,8,0
0,14,6,12,24,0,2,65,18,69,44,55,0,3,28,0,1,0,4,7,0,0,0,5,0,5,0,0,0,8,0,9
109,32,107,12,7,17,53,0,0,41,0,71,4,0,4,0,40,1,75,8,0,0,0,6,5,12,0,0,0,0,0,0
0,1,43,54,13,5,67,42,11,0,4,0,75,0,36,6,40,27,0,4,1,0,0,0,0,6,0,1,9,4,0,0
38,6,17,36,0,53,3,65,15,29,7,11,0,23,4,8,30,1,0,24,0,0,0,4,0,0,15,0,2,0,0,12
51,0,12,16,39,12,28,6,0,4,1,0,0,10,4,0,5,2,0,0,0,7,1,0,1,0,8,10,1,0,0,1
60,8,33,0,19,0,8,31,14,15,0,30,0,30,0,14,0,0,0,4,0,0,3,1,0,0,0,5,0,0,9,8
67,0,34,0,5,43,0,30,0,3,2,0,39,6,0,0,0,0,2,7,0,0,0,6,3,2,0,0,4,7,0,0
0,6,53,0,0,29,14,0,72,24,5,0,0,35,0,11,5,0,0,0,0,0,0,4,1,0,0,4,6,7,11,2
0,0,9,0,17,0,36,0,8,20,9,4,0,0,0,0,0,0,0,5,0,0,0,4,4,0,4,2,0,3,0,10
0,0,0,0,14,8,7,16,0,5,0,0,0,2,0,5,0,4,0,0,0,2,0,0,0,0,0,10,0,5,6,0
0,2,0,0,18,12,1,0,16,0,0,0,0,0,0,6,10,0,1,7,2,2,0,4,0,2,2,2,4,8,0,6
30,0,1,0,0,0,0,0,5,0,4,3,0,0,0,8,0,12,0,0,0,0,0,5,2,7,0,6,0,0,0,0
9,0,0,0,6,0,0,0,0,2,0,2,0,4,3,0,0,0,0,14,0,0,0,0,5,0,0,0,1,0,0,5
19,4,0,0,6,0,2,0,6,1,4,0,5,15,5,2,1,0,5,3,0,0,0,0,0,0,0,0,0,0,0,0
2,0,4,0,0,0,4,0,0,1,0,7,0,0,0,0,0,0,0,0,0,0,3,0,6,6,0,2,12,0,3,0
0,9,1,0,0,0,4,3,6,1,5,0,1,0,0,3,0,0,0,4,7,0,0,1,0,0,0,5,0,4,3,2
2,0,5,10,4,0,0,0,7,8,0,0,3,8,0,0,0,0,0,6,0,4,0,1,0,0,14,2,4,0,1,0
86,26,32,0,32,8,23,0,0,27,0,3,7,4,0,2,3,0,8,8,6,0,1,4,3,0,0,0,2,6,5,0
80,66,114,34,20,27,71,3,16,22,6,0,2,0,0,0,5,1,3,0,10,0,6,1,10,5,0,0,1,0,13,14
130,18,62,13,51,0,1,17,8,0,62,0,0,0,0,5,1,5,0,0,5,0,0,2,0,0,0,1,15,1,0,6
79,5,62,32,109,17,24,24,24,7,42,9,45,0,3,0,0,1,0,0,0,3,0,0,0,3,0,0,5,10,0,0
0,0,8,3,24,49,40,13,25,27,33,39,10,2,0,72,0,0,6,6,0,3,7,0,0,0,4,0,2,8,3,0
49,42,18,13,71,28,28,3,12,0,10,77,6,0,0,8,2,0,6,1,12,7,0,0,0,4,14,0,11,0,11,7
53,0,71,53,14,39,0,3,8,34,16,0,0,8,0,14,0,0,2,0,1,0,0,0,0,0,19,23,0,0,25,0
55,20,106,10,29,113,95,31,75,51,49,47,0,0,11,0,0,0,0,0,9,0,0,2,4,4,0,0,4,12,0,0
77,145,44,0,0,6,25,0,3,31,32,20,33,14,0,21,41,6,0,0,0,0,3,0,3,0,0,18,0,0,5,5
68,21,34,12,61,26,7,37,144,27,5,0,0,7,13,3,5,0,0,6,5,6,6,0,0,18,1,0,6,2,6,0
59,73,20,21,14,13,0,130,16,4,41,0,19,72,1,41,7,2,0,4,0,0,5,0,0,0,0,1,0,0,0,11
34,84,31,5,0,25,9,9,25,89,52,9,50,12,17,3,56,8,0,0,8,0,4,0,0,0,0,0,0,0,0,0
67,30,14,31,57,39,0,3,0,36,64,8,28,20,28,19,5,5,53,3,1,0,0,9,17,0,33,6,4,3,3,24
38,20,94,51,13,0,99,0,19,8,38,16,63,28,0,27,8,5,2,0,0,0,0,10,3,4,19,12,9,0,7,0
75,68,55,60,97,85,25,42,18,0,69,0,70,2,18,0,83,36,0,3,0,0,4,0,0,0,0,17,0,18,11,14
64,17,7,5,20,11,11,49,19,48,59,21,3,0,28,0,0,0,13,5,5,0,0,0,2,0,4,5,0,0,0,0
80,22,98,60,0,13,40,0,7,47,5,68,0,0,9,0,29,6,70,0,0,0,0,6,3,0,0,10,1,0,0,9
0,0,27,66,12,0,78,29,9,0,14,26,27,7,76,0,36,33,0,0,0,0,0,12,12,2,11,0,0,0,0,17
0,0,29,38,0,62,9,45,20,26,3,10,0,0,0,4,29,0,2,33,2,0,1,0,0,0,0,9,0,4,0,0
0,10,10,8,53,45,23,9,0,16,0,0,7,31,0,3,0,0,0,0,0,0,0,0,0,11,0,16,0,5,25,0
30,19,25,7,5,2,9,27,60,39,0,32,0,24,0,23,0,2,0,0,0,9,16,0,0,0,0,8,0,0,0,19
0,11,45,7,3,29,4,17,4,15,0,0,39,0,0,0,2,6,10,19,2,0,0,0,17,0,19,12,22,0,0,11
92,0,51,0,0,32,11,0,42,22,0,0,0,36,8,0,8,11,11,0,9,0,11,10,0,0,5,0,15,4,1,21
0,0,32,0,28,5,5,0,16,10,18,0,0,0,1,0,8,0,0,0,0,0,5,0,0,7,9,0,0,3,19,0
0,12,0,0,3,19,11,37,4,28,0,19,0,0,6,8,0,0,0,0,0,0,0,13,19,0,0,9,23,0,0,12
0,5,17,5,0,0,0,2,27,1,3,21,0,9,0,34,0,19,0,15,0,0,0,0,0,46,0,0,0,24,0,9
0,0,12,0,22,3,1,0,0,0,6,29,18,0,8,0,19,5,0,0,0,0,19,0,18,0,16,0,0,17,21,0
24,10,6,0,0,0,0,0,0,0,12,12,0,0,12,0,22,0,0,6,11,7,7,19,0,0,11,0,0,0,16,0
0,0,19,0,0,0,56,7,0,0,0,1,19,12,0,0,10,0,0,0,5,18,9,25,0,4,26,11,0,0,0,0
0,0,0,0,0,0,0,0,0,5,0,5,0,0,26,0,0,0,0,0,0,7,1,0,13,0,0,0,0,0,0,0
12,14,0,26,0,0,0,0,11,7,0,2,0,2,0,20,0,23,0,3,4,16,10,0,0,0,0,0,32,0,0,9
0,0,10,0,16,0,0,13,0,7,36,0,0,9,6,0,0,0,26,0,0,0,0,0,7,4,35,0,0,0,10,31
56,26,12,0,28,0,13,0,20,70,33,0,0,0,0,38,39,9,32,0,57,0,64,23,12,40,0,16,17,0,23,0
96,72,103,64,35,15,74,14,0,46,16,25,0,7,0,36,0,11,0,1,0,0,0,6,0,4,0,0,0,9,5,7
56,50,39,13,146,0,0,21,9,9,38,2,11,29,0,6,12,0,2,7,4,0,21,9,0,6,0,0,49,49,35,0
67,0,26,25,60,78,49,8,0,19,3,0,34,12,0,0,1,0,0,0,0,0,0,0,0,0,20,26,0,0,0,21
152,0,21,0,12,23,45,47,6,0,3,21,9,0,0,72,4,0,0,0,0,0,0,0,6,17,5,9,0,38,1,0
80,0,15,27,35,50,0,0,15,39,0,94,8,2,0,16,2,7,0,7,5,2,45,7,1,0,24,0,0,0,0,0
17,18,43,70,3,65,21,0,17,53,0,32,0,26,7,31,0,35,58,0,0,4,32,17,0,1,0,22,0,0,11,6
23,30,84,0,2,13,31,27,16,68,15,0,0,21,40,0,0,1,0,0,0,32,11,0,17,0,0,28,0,0,0,16
75,55,59,0,23,0,24,82,8,42,36,0,11,27,0,15,27,0,0,11,0,0,0,0,29,0,0,39,0,29,9,14
3,51,16,48,35,16,27,19,100,24,2,14,0,7,0,75,0,23,9,0,6,0,0,5,20,38,11,0,10,0,0,32
133,68,220,245,0,60,0,13,27,42,71,6,25,80,5,31,0,0,0,0,0,0,0,3,20,3,0,0,8,6,7,0
147,199,108,229,0,19,0,0,13,14,51,0,57,2,0,66,60,8,0,0,12,10,51,0,0,0,24,4,0,0,0,52
0,6,6,16,9,4,20,0,0,14,0,53,31,6,33,0,16,0,30,0,0,13,2,17,0,0,9,63,13,0,0,0
0,0,15,22,0,0,93,24,9,0,28,0,44,2,14,0,0,0,13,8,0,13,0,0,5,23,15,0,8,6,0,0
0,61,37,10,0,9,46,80,53,15,105,3,91,17,0,0,80,23,0,0,0,0,0,7,0,0,55,4,0,0,0,5
0,61,19,0,31,0,21,35,47,41,77,40,14,0,0,8,0,0,0,0,13,0,28,23,16,26,0,0,0,5,0,7
33,18,16,40,0,16,20,0,0,25,9,33,11,0,0,0,29,8,34,0,0,11,0,43,8,3,19,0,61,0,0,40
0,0,43,0,8,0,61,55,0,3,18,38,14,26,55,0,12,39,9,1,0,14,24,22,0,31,67,0,0,0,0,36
44,26,10,0,0,22,75,34,0,70,0,0,8,73,0,0,55,0,0,2,0,8,0,38,0,0,62,53,40,15,40,0
0,26,0,7,94,66,203,232,0,0,44,6,0,7,20,1,62,21,8,8,0,0,6,0,0,70,0,3,70,0,26,63
127,8,24,15,0,88,237,239,107,0,0,75,5,29,0,13,0,0,0,21,6,2,27,0,0,0,36,0,0,8,14,26
0,18,0,0,0,73,194,195,186,10,7,0,23,0,10,3,0,0,0,0,8,2,52,0,0,2,14,41,0,39,29,0
0,23,15,12,0,153,184,68,14,0,23,0,25,16,9,0,0,14,0,3,0,0,25,0,0,0,0,3,0,7,30,0
31,26,0,0,0,24,0,0,15,0,0,26,0,0,0,9,20,0,6,0,1,0,0,16,0,8,0,21,0,2,0,17
36,0,19,19,42,0,0,18,0,0,0,0,25,0,20,0,9,0,19,18,0,3,20,0,0,0,41,0,0,10,0,0
0,16,0,24,35,24,0,0,22,9,11,4,19,0,23,0,58,11,87,10,0,39,42,19,25,0,0,2,0,0,19,48
0,16,0,24,0,0,7,0,20,3,33,2,5,0,0,0,0,3,0,0,0,10,23,0,0,0,30,22,74,19,14,40
0,18,0,0,12,6,7,0,26,2,4,0,0,0,3,0,0,8,11,0,9,0,33,0,0,8,54,0,91,0,0,34
13,6,0,0,6,0,0,0,17,0,11,0,2,0,0,4,0,0,22,0,3,0,4,0,0,0,0,0,80,0,18,0
0,4,8,11,7,1,0,24,0,0,0,0,0,0,0,13,0,0,16,0,14,0,16,15,0,14,0,0,33,10,0,0
13,9,0,0,0,8,0,10,31,0,3,1,0,0,6,16,0,7,22,8,13,0,28,37,4,6,0,0,0,0,0,22
0,13,17,0,6,0,16,0,16,0,3,0,0,0,0,0,0,0,14,0,25,16,60,0,29,0,9,61,44,0,29,0
84,38,0,13,26,0,0,0,22,63,0,24,0,0,15,17,17,0,0,0,0,0,0,7,33,55,0,0,7,0,29,8
50,48,74,97,0,35,0,0,51,176,9,0,10,31,41,0,0,0,0,16,0,27,0,0,42,4,0,22,0,0,0,0
56,27,78,8,32,15,0,0,63,49,4,6,0,209,140,31,22,11,9,17,0,0,0,0,0,0,44,0,0,35,4,51
0,13,59,18,178,5,60,78,48,56,0,12,54,20,14,0,2,10,4,0,6,16,0,0,0,20,17,0,11,27,0,16
197,3,11,0,0,41,17,64,137,0,2,0,54,2,0,0,0,3,7,0,20,0,0,0,68,0,67,39,0,0,0,24
32,48,0,23,100,43,28,0,2,29,0,53,54,13,18,0,8,0,0,0,7,0,0,36,0,0,4,16,20,0,54,15
18,16,26,3,42,16,25,0,10,44,0,0,31,0,0,26,0,8,0,0,0,0,0,0,0,1,0,9,48,71,23,0
5,42,11,11,0,31,3,22,31,0,0,26,12,10,0,0,23,19,17,28,29,5,0,0,0,10,0,0,25,0,5,24
0,53,73,69,146,36,35,0,3,38,18,0,103,6,33,43,11,60,0,0,0,0,20,0,57,0,36,0,0,0,34,49
32,51,190,114,169,143,65,46,105,0,0,2,2,0,24,0,66,46,0,0,0,21,0,0,17,17,0,0,1,26,0,22
139,162,140,28,8,152,12,23,0,36,25,44,10,0,0,98,114,0,0,0,0,9,0,0,27,0,32,10,0,21,0,18
100,89,92,121,224,27,2,0,28,86,0,41,37,4,47,4,33,0,0,15,0,0,42,0,0,0,0,0,0,22,0,0
0,40,0,12,0,0,0,0,108,237,47,0,5,10,0,0,23,16,53,0,0,13,0,19,38,0,45,0,7,22,3,0
0,38,22,3,0,57,49,0,59,26,0,0,69,91,0,0,0,53,0,0,0,0,45,0,0,67,0,0,0,0,0,3
101,81,51,14,0,26,52,30,27,15,77,171,193,128,0,0,0,5,0,0,0,0,28,26,1,0,5,12,0,12,0,0
13,26,0,16,67,0,23,22,32,11,57,87,64,0,0,27,0,16,0,0,40,6,37,31,29,0,85,0,0,28,0,6
154,22,58,27,27,45,36,37,31,0,26,37,3,0,0,30,31,0,41,0,12,30,0,0,7,0,67,0,67,0,12,0
0,0,29,51,51,0,114,61,147,60,0,0,38,0,43,0,0,12,7,51,0,0,4,0,0,4,0,28,0,21,0,0
0,0,30,69,0,0,0,21,48,5,56,18,8,26,0,17,0,0,0,9,31,0,0,1,25,4,0,0,31,0,0,48
0,0,51,58,0,0,229,207,88,19,0,16,19,0,0,33,0,0,16,6,0,0,0,0,23,0,0,0,44,0,0,0
165,0,0,0,0,28,64,20,241,154,0,8,10,1,7,0,0,11,8,12,0,0,33,39,8,0,0,48,0,34,8,2
0,0,17,0,1,137,185,58,106,111,132,0,15,44,5,0,21,0,0,0,0,0,44,21,0,0,0,9,0,53,0,9
22,0,17,19,0,80,67,176,79,188,236,0,9,24,0,21,0,0,0,0,0,19,0,0,0,0,0,0,0,32,0,0
101,0,0,16,0,23,119,117,24,12,5,6,0,0,4,0,9,28,5,17,0,0,25,27,32,0,0,40,3,0,0,48
0,10,31,0,27,0,0,0,0,12,10,0,0,0,0,43,0,0,7,0,6,20,0,0,0,0,0,0,1,0,0,0
0,0,0,15,0,20,4,0,3,0,18,0,0,12,12,5,0,0,0,42,0,0,0,7,0,63,49,0,16,8,16,0
53,0,0,0,0,0,0,36,21,0,0,0,0,9,0,0,0,0,0,0,0,17,22,0,0,0,0,0,0,41,11,0
2,0,7,1,4,2,0,60,0,0,0,7,0,0,0,0,0,0,0,0,5,0,0,3,18,8,105,1,0,1,0,0
6,0,10,0,0,0,0,0,0,38,21,0,0,0,0,12,12,5,0,0,16,0,15,24,0,0,0,0,0,9,0,7
6,11,0,0,0,0,0,0,0,7,18,17,10,0,0,0,9,12,0,0,0,0,11,36,0,0,0,14,16,0,6,56
0,0,0,0,16,0,0,3,20,0,0,17,26,0,5,0,10,16,7,0,24,0,0,19,10,18,0,48,43,3,34,0
0,13,0,12,5,13,0,0,12,0,24,27,7,7,0,0,0,3,0,0,0,10,0,2,2,3,0,2,0,0,8,69
147,37,6,0,23,0,0,0,9,51,44,9,25,26,24,21,48,27,0,6,0,0,15,0,8,0,37,7,0,45,0,0
39,8,122,45,31,0,51,0,5,0,36,16,2,19,13,0,35,0,0,0,0,27,0,4,16,0,7,38,0,28,0,27
65,18,72,34,47,3,67,15,0,48,10,115,0,21,83,30,159,0,13,0,0,9,0,1,0,3,0,0,0,0,0,29
31,0,71,16,89,44,80,0,87,0,37,220,17,11,26,201,8,0,3,0,2,9,0,2,41,0,0,0,0,0,0,14
37,0,0,0,0,34,29,9,19,32,172,48,0,29,7,0,24,23,0,0,0,0,0,50,13,0,47,0,0,0,0,0
96,74,0,0,12,38,64,23,7,0,77,42,0,0,0,20,0,6,0,0,21,0,0,0,0,16,10,0,37,31,36,0
37,3,28,29,0,44,0,0,0,56,25,1,7,0,43,13,0,0,0,0,27,13,74,2,0,1,0,27,0,0,0,0
0,77,102,0,0,35,0,0,0,17,18,5,5,16,6,22,0,0,0,17,14,0,0,23,0,9,70,5,0,12,12,24
115,59,119,59,0,0,106,16,0,0,5,0,26,0,20,39,8,38,0,2,10,13,0,70,21,0,30,0,12,0,0,32
50,71,53,64,150,149,52,243,139,37,0,16,0,17,33,0,44,20,16,0,0,35,0,0,0,0,0,0,27,24,10,24
21,53,125,95,205,62,187,166,67,38,79,42,15,0,23,30,44,35,81,131,20,0,0,22,10,16,0,0,26,21,0,13
0,69,78,72,87,17,172,14,194,83,67,75,99,53,0,0,89,8,93,90,0,0,5,0,0,12,0,42,0,12,2,0
91,57,118,109,1,118,34,24,49,23,28,40,196,142,0,31,13,28,14,37,0,5,43,0,31,52,37,2,0,0,0,46
103,0,31,90,0,0,0,0,0,26,75,166,208,69,0,34,7,0,0,18,0,0,0,72,0,0,3,0,16,9,0,0
113,99,36,53,0,0,30,52,6,0,41,36,75,125,192,192,36,0,0,11,29,0,38,0,25,23,0,0,35,1,71,0
0,21,8,30,0,0,19,0,21,14,80,7,96,98,3,187,228,6,28,0,9,25,17,37,22,0,0,1,0,5,2,0
107,6,37,0,0,0,14,0,0,33,15,37,2,23,107,68,0,0,54,10,13,25,0,0,0,7,21,0,74,0,0,0
54,0,10,9,0,0,48,70,48,0,21,20,130,21,0,0,0,19,0,0,8,40,107,61,0,0,18,40,0,5,4,0
119,20,36,24,0,15,40,0,96,56,43,63,34,0,0,38,0,0,6,0,0,0,32,7,32,12,0,18,0,0,0,40
0,34,28,28,13,9,117,89,38,82,44,113,58,2,0,0,4,2,0,14,10,0,18,0,33,68,6,7,2,18,24,1
115,10,0,39,2,3,18,65,45,9,120,199,0,7,23,42,7,0,0,0,0,10,0,13,40,69,48,28,0,0,0,0
0,17,32,3,32,23,65,27,191,95,76,240,55,6,0,0,19,23,0,0,22,6,0,0,0,0,0,0,0,42,1,40
200,11,28,0,8,78,139,0,129,34,186,230,154,160,41,24,0,0,0,0,0,35,0,0,0,0,0,0,0,0,0,51
0,0,0,0,4,0,1,13,138,197,105,23,107,131,16,0,4,7,0,0,0,0,0,0,27,73,51,0,13,0,0,7
44,0,0,14,4,19,10,5,12,156,25,70,10,0,4,16,31,0,0,0,0,0,9,19,24,0,0,0,0,0,12,109
0,0,6,28,4,0,17,20,14,7,0,0,0,3,12,0,0,3,1,0,0,0,4,55,0,0,20,11,0,0,28,57
0,5,0,4,47,0,4,0,10,13,4,0,34,0,3,18,17,0,3,0,2,0,0,0,0,18,37,0,10,39,46,0
11,0,0,13,3,0,0,0,2,0,33,26,0,0,0,0,0,0,0,0,10,12,0,0,10,32,0,55,25,0,8,72
54,24,17,3,0,0,0,47,2,8,6,0,27,0,0,0,21,0,21,0,0,25,0,0,0,0,105,0,0,90,0,0
47,0,34,0,0,0,21,0,0,0,3,0,0,0,2,0,11,0,0,0,0,14,0,0,33,0,29,0,0,12,40,0
21,0,0,0,26,0,29,62,4,0,52,7,0,4,13,10,25,7,24,16,14,12,26,0,0,24,0,16,26,16,25,0
12,0,19,5,30,0,0,32,0,21,41,22,33,0,7,0,11,5,0,5,36,0,0,21,0,47,21,0,0,0,0,0
88,30,29,12,0,0,0,0,31,70,26,25,24,10,74,0,0,5,24,0,25,0,4,0,3,0,0,28,0,0,0,0
16,56,110,48,35,2,48,8,40,22,11,0,0,0,0,63,0,0,0,0,0,25,0,2,0,20,0,0,0,34,0,0
54,0,49,31,0,13,0,12,0,56,51,14,31,101,94,161,45,10,1,11,0,0,17,0,0,33,22,0,0,14,0,50
22,2,35,0,150,37,23,0,8,49,67,8,112,46,55,70,0,5,0,3,130,60,14,0,0,0,0,23,0,37,0,42
20,25,0,0,0,0,0,47,0,7,0,35,67,0,167,80,17,17,0,12,0,0,4,1,11,16,54,0,0,0,0,0
27,0,0,20,57,77,10,0,27,0,60,48,0,0,41,138,9,22,0,0,0,0,0,12,30,2,36,16,24,0,0,44
0,0,42,0,0,14,38,34,0,14,135,0,20,17,0,0,0,26,0,3,53,23,0,0,0,36,0,59,74,0,0,0
35,63,50,6,6,4,54,45,39,0,0,0,0,25,37,0,34,24,23,7,0,0,0,8,60,0,12,24,68,0,0,21
37,37,36,76,24,0,69,65,3,0,0,14,0,0,0,15,11,0,0,0,0,0,0,0,0,0,21,0,0,0,6,0
0,36,33,48,31,44,76,29,96,110,90,79,21,31,1,28,23,3,0,0,0,59,56,4,0,22,77,0,0,8,48,32
0,60,24,8,34,176,38,208,48,7,141,94,151,86,25,0,19,0,0,3,0,15,56,167,13,0,24,0,0,48,4,30
0,0,0,50,64,75,70,0,122,210,145,124,72,162,25,62,0,0,11,0,62,60,118,52,170,17,0,0,28,0,0,0
40,0,0,119,48,68,19,19,74,91,76,147,6,110,118,127,182,115,35,24,0,30,37,34,31,0,16,45,38,0,9,34
0,50,127,16,0,0,127,27,42,0,79,5,8,48,0,24,12,197,144,15,9,0,0,0,0,61,41,0,6,4,5,56
204,93,12,0,87,13,47,87,84,18,6,5,66,49,70,197,85,24,65,91,106,11,0,0,7,0,37,0,55,0,0,9
0,12,18,0,11,18,8,8,16,66,11,3,31,6,26,12,153,58,202,196,188,14,0,31,0,0,8,17,0,26,0,21
249,23,1,19,9,0,4,57,0,0,0,12,16,0,48,0,87,50,3,197,9,0,13,13,12,18,71,0,17,0,0,16
0,55,22,0,33,3,43,9,15,16,14,43,101,87,107,26,24,15,14,0,0,0,0,0,20,25,65,58,0,33,0,5
0,30,6,14,4,65,13,54,23,0,63,102,27,28,76,108,38,91,0,15,10,18,3,25,21,0,70,38,0,0,0,46
0,23,0,0,29,0,80,77,0,45,0,154,74,209,82,50,0,5,27,1,18,27,2,0,7,36,0,0,54,2,45,0
177,0,0,51,0,0,33,61,80,33,0,107,2,46,170,9,32,0,21,21,0,1,59,58,17,0,61,8,54,26,0,0
151,25,37,0,0,0,82,34,95,35,27,48,147,25,73,68,232,50,0,0,6,0,32,27,0,0,0,19,23,0,12,0
0,16,21,2,0,60,98,4,52,38,82,44,197,223,48,42,162,38,0,0,17,0,0,0,5,0,43,0,0,21,0,0
16,0,7,37,0,0,2,9,10,65,105,163,27,118,48,81,120,242,193,0,0,3,0,28,27,0,0,47,0,0,0,6
0,11,11,0,21,18,0,13,12,47,48,65,210,145,112,37,75,110,8,0,35,2,16,0,12,0,10,43,0,0,16,0
42,0,0,0,3,0,34,2,0,36,3,34,137,14,233,165,35,3,0,0,0,0,20,0,12,26,6,35,24,4,40,0
0,10,0,0,54,0,0,40,0,0,27,13,0,0,0,0,0,11,16,0,16,0,0,0,0,23,0,0,0,0,0,67
34,12,0,15,29,0,4,0,0,0,0,3,5,14,17,0,12,0,26,0,0,14,0,0,8,4,11,81,0,15,0,0
0,15,27,0,10,13,0,14,56,0,13,22,10,1,29,0,0,2,0,0,5,24,25,27,16,0,55,11,12,0,66,22
0,2,12,0,1,37,24,12,1,0,24,3,19,0,17,29,16,0,0,0,0,12,0,0,3,0,0,0,14,0,21,0
0,0,0,9,1,12,0,0,4,0,0,13,29,22,0,0,0,0,10,2,3,7,0,11,24,33,0,0,9,14,0,0
3,4,0,11,6,0,0,0,0,12,0,0,0,0,1,0,0,0,0,3,0,0,0,3,37,0,34,13,4,0,0,17
55,0,27,0,35,0,48,19,31,42,5,8,30,32,43,0,0,0,3,13,8,0,31,22,0,0,0,31,44,52,33,94
33,23,84,66,19,0,49,1,0,32,43,0,51,52,61,0,0,4,0,7,0,0,44,11,33,0,0,10,0,0,0,0
25,0,45,21,0,0,0,0,5,0,18,10,13,60,25,27,0,31,64,44,5,2,15,0,0,3,0,0,50,30,34,0
0,7,76,0,84,47,23,0,0,7,0,8,43,25,17,55,16,21,38,0,30,0,0,15,0,11,0,4,0,3,0,0
69,0,15,24,26,46,0,37,8,32,44,76,18,57,5,140,15,35,29,67,0,11,17,0,0,43,0,0,0,0,0,13
0,14,6,4,51,67,40,0,0,8,0,89,16,0,4,26,27,93,68,104,155,11,0,0,20,13,45,10,0,0,2,0
0,1,29,50,79,10,82,0,0,38,0,0,20,51,49,0,0,0,0,134,0,0,0,12,0,0,0,8,0,0,0,28
17,48,57,2,18,0,83,23,18,40,0,46,0,14,84,24,22,1,28,8,0,0,7,0,10,3,35,0,0,0,38,0
109,89,70,57,17,12,38,0,40,20,18,0,16,0,12,33,0,20,0,7,17,0,15,0,0,0,7,0,0,50,0,0
3,56,43,6,19,40,22,48,31,0,3,0,13,0,62,25,24,4,8,0,16,6,0,4,0,46,0,16,43,12,0,0
82,60,59,27,15,141,3,151,0,0,45,88,38,161,179,218,174,44,0,12,0,3,7,0,0,0,0,20,0,0,34,55
71,27,58,4,52,28,48,9,111,103,68,58,73,54,98,196,80,137,24,13,0,19,0,7,0,64,60,0,61,0,9,0
143,48,28,93,30,17,30,34,47,62,66,80,63,40,135,196,25,122,99,29,13,51,0,8,0,5,155,134,94,0,37,108
212,39,65,0,0,50,138,40,14,14,90,42,90,197,193,141,108,249,170,39,58,187,253,2,38,0,2,58,4,0,0,35
142,52,40,0,15,9,0,15,29,0,104,20,141,18,99,0,150,19,1,59,253,107,240,28,0,0,32,0,0,0,0,56
39,51,2,0,17,35,20,0,1,82,22,84,18,9,2,0,94,25,152,13,65,68,84,38,239,27,13,14,23,40,0,0
239,54,59,6,38,0,80,0,5,7,0,30,0,13,7,13,141,81,139,94,86,238,16,193,195,131,27,0,38,0,7,0
47,22,2,9,0,0,0,59,0,0,0,150,126,9,44,5,59,26,4,27,22,0,82,8,226,9,0,0,30,23,0,30
92,13,12,63,0,47,14,33,47,63,70,109,61,0,13,71,50,66,6,117,15,160,19,0,0,8,0,0,0,0,24,3
0,0,9,24,0,0,48,39,10,26,10,123,69,64,69,64,39,50,161,139,0,50,0,26,52,25,0,0,33,23,0,5
80,0,0,61,4,0,11,50,59,11,0,138,91,20,119,97,100,10,153,0,54,62,29,2,0,0,29,50,0,0,36,0
0,0,0,10,22,4,56,10,126,41,28,49,104,31,59,67,35,73,144,235,153,98,0,0,0,0,0,0,0,8,0,0
59,0,31,0,19,73,48,0,59,34,25,71,112,41,29,0,230,133,175,151,56,18,8,38,23,0,36,5,0,0,0,57
159,18,54,0,32,0,28,0,0,92,31,71,113,39,170,0,169,94,78,22,253,94,130,7,21,0,0,3,0,0,52,0
0,4,0,0,0,13,0,0,10,0,27,20,6,64,9,18,234,32,90,171,192,209,49,0,0,0,0,25,0,17,0,0
0,12,16,1,0,0,0,18,31,0,20,33,52,4,36,38,29,172,0,31,8,0,0,21,14,24,7,0,84,27,0,0
63,0,15,4,10,16,0,0,2,34,0,0,18,16,10,36,0,0,58,0,2,29,23,0,13,0,17,0,19,26,0,56
30,0,10,0,30,0,0,6,7,0,0,0,20,16,14,0,22,4,0,7,12,0,4,0,17,0,21,6,2,0,0,27
0,0,7,11,0,0,22,8,0,10,0,0,14,0,19,0,0,0,0,0,0,0,0,16,12,0,0,0,0,4,0,50
13,0,10,10,10,8,0,0,1,0,6,0,19,14,0,19,2,0,0,12,0,0,26,0,0,0,15,17,18,0,0,34
25,0,0,9,0,0,0,3,18,0,0,10,23,0,18,11,0,19,0,0,0,0,0,11,0,0,0,36,0,19,0,13
35,0,0,7,0,18,0,0,0,28,0,4,17,32,0,0,0,5,0,0,0,8,0,9,0,6,1,0,0,0,0,14
66,63,5,8,20,31,50,30,0,38,16,15,6,0,15,3,1,0,0,20,22,0,0,14,0,0,0,0,12,25,0,0
33,43,111,61,6,25,59,45,0,41,7,42,35,0,46,58,0,16,44,14,12,0,0,15,0,11,32,10,27,9,0,0
81,7,94,62,44,0,41,0,0,32,5,9,0,16,0,54,71,37,27,11,0,0,0,0,0,0,0,0,0,5,36,0
37,10,29,3,95,25,0,16,10,48,11,9,72,2,30,9,6,33,4,0,0,1,1,13,1,16,0,0,0,0,0,39
105,1,48,3,0,51,0,35,0,0,0,17,9,50,1,52,0,60,37,27,39,0,0,3,0,0,12,0,11,0,35,0
0,10,0,28,54,30,25,28,50,0,0,103,0,7,0,10,51,60,0,25,119,4,23,9,0,0,0,0,31,0,43,0
89,0,33,25,18,9,35,24,0,18,2,0,33,0,9,0,0,0,0,0,63,19,99,35,163,9,0,0,0,24,0,0
48,144,68,4,0,51,0,104,27,50,25,10,3,18,0,0,16,25,50,26,0,0,28,0,0,11,0,19,15,0,0,0
27,91,59,38,44,0,62,54,0,2,28,0,51,17,10,14,7,0,0,1,10,0,0,5,0,7,2,0,1,0,0,55
75,0,61,50,90,14,42,4,101,47,24,0,33,10,34,7,16,31,0,0,0,13,0,5,24,0,70,0,0,0,13,68
121,17,20,31,14,46,0,102,0,39,0,113,0,48,69,71,63,40,0,0,0,10,0,0,0,0,18,2,0,0,0,0
0,84,56,4,43,38,33,0,27,131,68,65,56,0,167,65,121,30,73,113,235,47,164,0,0,0,17,0,0,0,19,0
0,2,0,68,0,111,21,0,106,44,117,33,33,185,59,162,128,74,78,223,192,86,76,19,21,4,8,34,0,0,0,38
0,8,44,64,2,27,152,0,41,8,23,53,44,86,35,32,0,0,215,81,187,200,20,10,9,39,93,8,0,0,0,30
81,71,42,1,72,62,1,24,9,33,123,1,93,56,88,39,17,241,76,19,65,125,82,16,120,173,109,1,8,36,0,33
0,0,0,0,1,33,0,3,21,70,56,85,60,0,20,38,55,103,229,9,74,90,38,28,165,209,162,40,30,0,0,0
165,25,7,39,13,16,41,0,24,36,0,29,0,24,49,3,101,136,213,0,10,3,35,62,61,40,37,72,0,15,0,0
0,32,19,21,43,0,35,70,90,0,0,62,62,0,75,9,97,35,10,24,42,8,95,30,63,6,44,1,29,0,0,0
56,11,17,0,0,78,0,0,2,72,0,40,0,18,46,118,21,0,18,40,6,80,4,0,0,0,0,0,0,0,52,0
0,21,5,0,23,1,17,20,7,26,26,98,102,5,12,49,129,30,0,59,71,0,83,0,8,0,20,0,41,21,26,50
156,30,10,77,0,0,0,105,40,7,0,90,20,71,83,128,44,64,68,11,98,58,75,0,10,0,2,0,0,0,0,0
149,14,3,0,0,0,59,75,51,0,0,37,0,10,58,172,50,11,11,57,0,109,0,54,61,0,0,0,0,0,0,56
84,0,1,13,0,19,50,0,11,6,8,66,45,3,102,16,22,0,29,101,146,48,115,41,111,51,21,8,5,75,25,0
0,0,0,0,68,18,0,0,0,38,2,50,102,41,89,13,62,46,48,16,22,22,91,13,221,26,28,6,0,0,0,0
0,11,0,27,0,0,9,0,31,9,23,28,35,26,0,0,36,17,6,1,10,19,40,18,148,92,0,12,37,0,7,0
0,0,4,11,0,0,0,47,0,0,0,15,6,12,0,0,0,18,0,5,0,0,0,0,15,8,2,49,1,28,0,10
19,30,14,0,6,0,3,0,0,4,0,0,4,41,33,0,0,0,0,0,0,29,0,0,0,0,6,7,0,0,24,0
18,0,2,0,11,9,0,0,0,0,0,15,0,21,0,0,1,0,0,5,4,0,1,7,14,11,0,9,2,10,0,7
0,1,0,0,10,0,1,0,2,7,39,13,2,32,0,0,0,0,7,5,5,0,12,13,0,0,9,6,13,0,20,25
5,0,0,14,0,0,2,16,0,0,0,0,0,0,0,0,0,0,22,14,0,0,0,0,0,0,22,0,18,9,13,0
0,0,0,0,0,0,17,0,0,4,2,13,21,0,0,26,0,0,13,0,9,20,10,0,0,8,0,0,0,0,12,12
0,6,23,37,0,1,1,0,43,0,25,11,0,14,0,3,13,4,0,0,16,0,0,0,0,0,0,0,16,0,21,12
82,55,41,4,0,12,11,37,27,67,27,12,2,0,1,1,0,0,0,0,0,0,2,22,0,0,14,23,40,0,0,0
83,65,128,68,7,20,17,14,11,13,0,0,4,6,41,0,6,15,3,4,0,0,0,2,0,12,11,0,16,0,36,0
76,0,74,37,38,21,17,8,0,29,0,17,0,23,0,30,46,1,0,0,1,1,26,9,9,2,0,0,5,0,11,39
18,0,76,44,169,38,56,9,36,7,10,7,3,0,0,92,2,28,21,0,0,3,3,5,6,10,4,0,32,23,0,0
94,11,56,0,12,42,39,0,23,5,19,0,41,17,11,43,35,50,6,17,4,0,6,2,16,0,10,25,0,0,17,57
0,42,34,18,56,3,27,0,23,3,0,60,7,3,0,0,4,74,4,0,36,7,0,8,1,0,3,0,0,4,0,0
21,0,44,20,14,0,30,0,0,34,0,3,0,0,0,0,22,4,3,0,0,0,2,0,1,0,10,10,0,0,0,7
5,32,77,17,3,44,76,69,53,2,0,22,5,2,22,0,1,0,9,0,0,0,4,0,0,0,0,22,8,4,9,7
39,134,18,3,9,0,35,30,0,28,8,6,43,41,10,10,15,0,10,12,2,12,2,0,19,0,16,0,10,9,0,14
44,10,37,0,18,12,20,25,130,34,21,11,8,21,9,2,10,0,1,0,14,0,21,0,0,0,0,2,24,26,21,0
40,43,9,28,0,1,5,84,29,3,0,4,0,99,41,13,0,0,7,0,7,12,0,0,0,0,4,0,2,0,8,0
26,45,66,23,0,22,3,1,37,45,41,27,118,0,11,5,73,7,74,1,176,5,0,5,0,0,0,17,0,0,7,18
64,25,30,82,51,41,2,21,80,0,30,49,16,35,31,117,13,23,97,59,35,14,0,11,0,0,10,23,0,0,0,20
0,5,22,4,17,40,151,19,0,46,0,10,73,9,21,127,39,66,93,47,122,39,40,0,4,1,7,2,21,0,0,6
158,60,0,0,56,0,49,42,51,4,61,21,43,17,17,26,1,72,7,39,106,56,0,79,20,0,4,10,6,4,15,4
0,31,0,6,12,1,19,66,15,89,41,39,0,7,21,52,162,0,151,13,141,110,20,39,26,28,12,2,0,7,6,16
176,38,14,94,0,0,33,0,0,16,0,58,10,4,10,8,33,14,142,236,44,31,41,0,4,0,5,5,0,13,0,1
98,2,3,14,0,6,34,21,13,0,0,81,108,53,47,11,60,48,0,6,39,11,78,8,42,0,0,11,4,12,1,10
153,13,9,36,5,16,0,8,20,0,61,34,70,51,29,12,43,149,0,27,0,59,20,0,2,0,31,0,2,4,0,17
0,0,0,1,14,34,27,0,23,20,0,57,95,33,36,66,40,0,31,60,33,18,29,56,4,0,20,1,6,0,14,0
0,1,15,0,3,0,0,28,0,85,12,47,25,63,3,74,56,22,16,0,29,77,1,10,12,0,0,4,0,0,0,0
130,0,14,0,0,29,1,0,0,51,4,21,43,0,0,71,9,60,28,13,0,11,2,0,0,11,0,0,0,0,6,5
0,6,24,2,3,17,25,2,43,17,82,3,23,36,91,0,37,4,68,0,0,6,0,0,6,7,8,0,18,1,0,0
0,8,1,1,8,1,29,10,11,63,17,0,44,0,1,0,0,0,7,0,0,0,0,4,3,2,10,17,7,7,0,0
0,5,0,0,0,2,0,0,0,0,4,6,0,0,0,0,0,8,0,0,0,0,7,0,6,0,0,12,0,0,0,0
0,0,0,0,0,8,0,3,0,5,0,2,0,0,0,9,0,0,0,4,0,0,5,6,0,0,0,0,0,5,0,0
6,3,0,5,0,0,5,0,8,0,0,0,0,2,0,9,9,0,6,0,0,3,13,0,4,0,0,2,1,11,6,3
0,3,0,3,0,0,0,0,15,0,0,7,0,3,0,0,3,0,0,12,0,0,0,1,0,0,5,5,0,0,0,0
5,0,0,0,0,5,0,10,0,0,0,0,8,0,5,0,2,0,0,0,2,3,8,0,3,0,0,0,0,0,0,3
0,0,3,2,1,0,9,7,2,0,0,0,0,0,9,8,4,0,2,5,0,0,0,2,1,0,19,0,0,5,2,8
0,0,4,6,0,4,0,0,0,0,7,0,0,0,4,6,0,0,0,0,0,1,0,0,7,0,0,0,0,3,0,8
4,0,1,3,0,0,0,0,0,0,0,1,0,0,1,0,0,3,8,0,0,2,7,6,0,1,0,0,2,0,7,14
123,21,25,3,14,0,6,17,25,63,3,0,5,0,0,2,0,3,7,0,0,0,0,4,0,7,0,8,19,0,0,0
0,14,142,69,0,19,42,8,44,21,1,2,0,15,41,0,0,0,0,4,1,0,0,4,0,0,0,1,5,0,13,6
74,19,76,23,41,0,0,12,6,68,2,8,5,34,0,27,27,0,0,6,0,0,0,0,0,3,11,0,6,6,0,0
0,1,50,25,168,16,31,8,4,4,2,8,39,0,2,73,0,0,2,0,1,1,0,0,0,0,3,5,6,16,8,0
168,2,50,0,23,48,40,16,25,0,38,37,14,60,6,86,0,19,0,1,0,0,9,0,2,6,3,0,0,2,0,0
0,6,0,10,41,43,38,6,12,0,3,41,3,3,0,0,20,121,0,1,6,0,0,7,0,2,0,10,2,13,0,2
0,2,20,37,25,10,4,1,5,32,16,8,0,0,2,0,17,1,10,0,0,0,0,7,0,0,0,1,0,0,0,13
53,35,64,33,0,50,61,30,20,49,34,36,0,4,0,0,47,3,0,5,0,2,0,0,0,7,7,0,0,2,0,15
58,57,22,5,19,0,9,44,0,3,1,13,68,7,2,32,49,1,0,0,3,2,0,0,1,0,0,0,0,0,6,0
48,30,28,0,33,36,24,56,112,3,0,3,5,0,26,16,0,8,3,0,0,2,6,0,0,4,1,0,0,7,4,0
43,45,24,22,9,10,0,37,7,1,39,0,5,118,26,42,9,12,0,0,11,0,8,2,8,4,8,10,11,0,0,19
30,62,30,16,0,0,16,0,10,113,78,37,79,1,28,11,31,3,24,0,51,0,3,0,0,0,9,0,1,12,0,0
69,14,18,35,40,63,0,13,115,32,27,27,15,52,31,140,3,27,86,33,2,9,0,10,0,4,0,15,0,3,0,0
49,27,25,46,3,32,119,19,4,14,46,0,34,9,5,118,62,8,0,1,14,5,3,0,10,0,0,0,0,0,5,0
59,94,0,13,53,0,70,36,76,1,26,20,46,18,5,7,238,118,32,33,36,16,7,1,0,4,0,0,7,0,0,0
0,31,0,17,0,0,28,11,34,58,12,59,0,0,35,0,118,34,211,29,74,40,5,18,24,0,0,0,0,0,9,0
0,18,49,97,7,37,5,15,2,80,6,93,0,12,0,25,91,31,100,143,73,4,35,18,3,0,0,0,12,5,0,5
29,0,7,7,19,7,12,49,60,3,0,29,19,80,59,7,17,45,0,50,28,31,51,28,0,4,0,0,0,0,0,0
0,24,8,5,0,20,0,45,47,35,99,69,4,46,22,14,38,124,9,33,35,66,27,0,0,10,9,0,16,0,0,0
0,0,12,1,26,45,24,2,3,38,0,62,55,16,33,7,97,3,6,64,27,1,0,0,0,0,6,0,7,0,0,0
0,1,10,56,0,8,0,37,45,72,6,80,0,61,8,42,16,19,81,0,12,0,10,8,0,8,0,4,0,0,0,8
64,0,17,0,0,18,13,5,52,0,4,19,17,8,0,21,0,2,43,0,0,0,0,6,1,8,3,0,0,0,0,11
121,5,53,0,0,29,17,0,42,2,90,3,32,48,36,0,0,3,0,0,13,1,22,0,0,9,0,0,0,0,20,8
0,2,5,1,5,0,16,0,4,18,10,0,0,0,0,0,0,0,4,0,3,2,5,0,0,0,0,2,0,1,0,0
19,0,0,10,0,1,1,0,0,2,2,0,0,0,0,5,0,0,1,0,2,1,0,0,0,0,1,1,2,2,0,0
5,2,1,0,0,33,2,0,4,0,0,4,0,0,0,0,1,0,7,0,0,0,0,8,0,7,0,2,0,0,12,4
0,4,0,0,2,8,0,0,0,0,2,0,1,0,5,9,0,1,1,3,0,0,0,0,0,3,2,0,0,2,6,0
0,0,8,4,0,0,0,0,0,0,0,0,2,0,1,0,0,0,0,2,0,0,0,4,0,0,0,0,0,7,0,0
5,4,0,0,0,7,5,0,0,2,0,0,0,9,2,3,0,0,0,9,0,0,0,0,0,0,0,0,0,17,1,11
0,0,0,0,5,4,0,0,0,5,0,3,2,0,0,3,0,0,0,0,2,0,0,1,1,0,1,0,0,0,0,11
3,8,4,8,4,0,0,2,1,0,0,12,0,0,3,0,0,0,0,0,3,0,2,0,3,5,0,0,0,5,1,0
2,15,3,0,0,2,2,0,4,4,6,0,3,0,8,0,0,4,7,3,1,0,0,0,0,2,0,2,4,0,2,0
101,34,37,0,21,0,23,21,27,69,6,0,7,0,3,0,0,3,3,0,3,2,3,0,0,3,0,0,3,0,15,0
0,25,104,77,21,19,59,0,31,7,0,2,1,4,20,0,1,2,0,1,0,0,5,2,0,0,7,16,6,2,2,0
37,14,48,28,63,0,0,31,1,69,53,0,0,26,26,9,36,0,0,8,0,0,0,1,0,0,0,0,8,13,0,0
16,4,28,34,169,21,20,5,67,4,48,0,51,1,3,0,2,27,0,0,4,0,12,7,8,0,0,0,6,1,2,0
149,0,28,0,35,39,57,35,49,0,36,30,30,70,3,118,0,8,0,1,0,0,1,0,4,5,4,0,0,0,2,2
0,23,16,13,60,39,23,11,10,0,1,58,0,0,8,0,19,70,2,4,8,0,0,4,0,6,0,14,1,0,4,16
0,0,31,25,29,35,45,8,6,32,4,0,29,2,25,0,0,6,0,0,0,0,0,8,12,0,0,0,0,5,5,0
56,20,112,0,14,24,78,0,36,31,35,34,0,0,9,0,21,0,5,0,0,0,8,2,0,0,0,4,5,0,7,1
46,110,44,0,4,11,38,31,14,39,12,15,54,8,2,42,39,15,8,0,0,0,1,5,2,1,1,1,4,0,0,2
43,37,37,2,26,12,2,23,104,23,0,6,36,0,17,13,0,22,0,1,1,0,1,5,0,0,24,0,0,1,0,0
47,35,23,11,4,38,0,64,24,35,47,0,0,92,1,59,0,0,0,0,6,0,0,0,0,0,3,17,0,7,4,0
4,65,54,7,0,0,0,5,39,39,90,22,49,9,33,40,36,0,42,6,46,0,10,0,2,0,8,0,0,0,4,0
43,55,30,39,57,36,9,27,96,15,14,26,52,34,75,49,3,2,98,17,7,0,4,28,0,0,0,0,0,0,0,22
0,42,37,11,0,68,103,10,10,64,10,11,27,20,7,5,2,37,12,16,23,3,41,1,0,0,0,0,11,2,0,0
36,65,53,23,37,84,58,58,54,0,74,0,66,113,6,0,15,99,0,51,46,15,12,0,0,0,0,0,3,0,3,6
0,20,0,5,0,1,0,33,7,94,21,41,55,12,6,7,101,2,169,0,87,57,5,0,0,0,0,3,0,4,3,2
129,31,33,52,6,6,52,5,2,70,7,111,30,7,1,14,92,3,58,45,67,15,33,12,7,0,0,2,12,5,11,2
51,0,7,0,23,0,42,55,113,50,2,61,59,51,89,18,51,42,0,6,14,23,56,23,19,3,9,1,0,1,0,8
137,21,28,25,0,53,94,66,24,29,85,22,4,55,19,28,32,74,0,11,0,55,11,2,0,3,1,0,0,0,0,34
81,0,14,16,39,27,29,0,35,35,0,39,82,15,22,8,52,14,5,5,4,0,0,0,0,0,3,0,4,1,0,0
157,0,1,44,0,0,6,38,56,37,0,81,0,49,33,63,1,0,0,0,3,0,5,0,3,0,18,18,9,0,19,0
0,2,2,3,0,28,0,0,4,0,2,43,8,2,0,50,8,0,9,2,0,0,0,0,0,0,0,0,10,0,8,0
80,0,51,3,0,29,27,5,40,2,55,13,39,51,35,5,5,3,0,5,2,0,0,0,0,7,7,0,12,6,6,0
0,0,6,0,13,2,17,0,18,5,0,37,2,0,0,6,0,0,4,0,0,2,0,0,0,0,0,0,0,4,0,4
0,0,0,0,0,33,0,0,14,2,0,2,0,0,0,3,0,10,5,0,2,3,0,0,2,0,3,0,0,5,1,0
0,2,0,0,0,3,0,0,2,0,0,0,0,0,0,2,0,4,0,2,7,1,3,0,0,11,0,0,0,0,0,0
0,5,0,0,8,1,0,0,4,0,1,5,0,3,4,1,0,0,4,0,0,0,2,7,0,2,0,0,4,0,4,0
8,0,6,0,0,0,0,0,0,0,0,0,0,7,0,0,0,0,0,1,0,0,0,0,0,0,0,2,4,4,9,0
14,3,0,0,0,8,0,0,0,0,0,0,2,0,0,9,7,0,5,4,0,0,0,0,0,0,5,0,0,3,6,3
1,4,2,0,12,0,1,2,4,0,0,1,0,3,0,2,0,1,0,10,4,0,3,0,2,0,0,0,3,0,0,0
0,0,0,4,2,0,0,0,2,0,0,8,0,0,0,0,2,2,0,1,0,2,3,0,4,7,0,0,6,4,0,0
0,0,1,0,0,2,0,2,0,0,9,10,0,0,9,5,4,2,3,0,0,0,0,0,4,0,0,0,0,0,0,1
93,67,16,0,54,13,9,15,32,55,5,0,3,5,0,0,6,3,0,5,0,3,8,0,8,9,0,3,11,0,6,0
0,27,113,32,22,29,39,7,78,50,5,3,27,6,8,0,0,0,1,1,0,6,6,7,2,5,0,0,0,0,0,0
133,7,26,15,61,4,0,11,7,69,60,0,0,16,16,8,9,2,0,0,6,3,4,10,0,9,7,0,4,0,0,0
0,4,39,48,174,59,38,27,57,0,85,0,39,9,0,5,7,1,12,0,6,0,5,0,0,0,10,0,5,6,4,0
0,3,25,0,23,52,63,44,7,19,63,66,15,54,1,99,4,25,0,2,2,0,2,0,0,7,20,11,0,0,0,6
53,44,10,34,50,49,45,0,12,0,8,77,0,2,0,0,3,88,0,0,0,5,1,5,0,0,0,0,0,0,0,1
0,0,36,44,39,52,17,4,0,0,18,0,29,22,3,0,0,0,10,0,6,11,0,4,0,6,7,4,0,0,0,17
58,35,68,2,6,75,103,2,42,52,9,30,0,0,20,4,14,3,1,0,0,0,0,8,0,0,16,11,0,0,14,0
2,107,55,3,5,6,53,0,8,7,8,3,42,19,0,44,67,0,16,9,2,1,0,4,0,0,3,0,0,8,22,0
11,34,44,15,23,24,4,37,132,19,0,6,24,0,7,2,10,11,0,3,0,0,0,0,2,0,10,0,5,0,0,1
0,83,6,35,0,12,5,96,26,43,0,0,12,75,7,42,17,0,0,3,5,2,0,0,10,0,0,0,18,0,0,0
26,55,24,16,8,13,2,5,12,29,75,15,53,0,34,18,59,23,7,8,23,8,0,0,0,3,12,0,0,1,10,0
79,23,8,43,29,41,6,7,96,8,42,3,39,8,68,30,4,0,99,21,11,3,0,5,0,0,0,0,14,1,16,6
0,53,53,42,0,0,51,19,4,28,10,5,54,2,43,40,6,55,4,0,21,0,20,6,0,0,0,0,0,0,3,3
114,57,36,32,34,11,62,69,20,1,48,5,118,8,5,1,228,42,1,26,13,0,2,0,0,0,11,0,0,7,0,1
52,21,13,7,5,0,2,16,7,115,30,80,14,0,15,0,193,5,218,8,94,7,3,0,0,0,1,0,0,2,2,2
95,11,17,38,27,32,47,7,0,10,0,101,0,6,22,0,25,35,85,21,16,1,51,7,10,9,3,0,0,0,12,9
0,6,0,0,12,0,27,61,82,15,5,43,76,73,62,13,35,35,10,11,5,1,39,0,1,0,0,0,0,7,5,0
0,3,10,3,2,38,29,39,8,17,53,41,32,67,0,14,28,35,4,36,0,35,2,1,0,0,6,0,9,2,0,0
0,0,0,0,51,43,13,0,41,45,0,44,56,28,28,10,30,0,10,9,1,0,0,3,0,0,0,0,0,3,17,1
142,16,1,24,0,15,1,23,67,54,0,92,2,30,92,16,4,0,1,1,0,0,1,0,0,7,14,0,0,1,0,2
0,0,25,1,0,0,4,37,0,0,0,30,0,17,0,0,0,3,0,5,0,0,0,3,5,0,19,0,0,5,6,0
0,1,34,0,0,32,37,4,22,13,4,11,18,36,6,0,0,0,0,0,0,0,0,9,5,0,4,0,0,3,5,0
0,0,10,0,17,8,38,0,6,13,0,0,4,10,0,0,0,0,0,0,0,0,0,0,1,0,0,7,8,0,13,0
0,1,5,2,9,16,6,15,0,0,6,3,0,0,1,0,0,1,1,0,1,0,1,6,0,0,9,0,6,0,0,0
0,0,0,2,0,0,0,1,2,5,6,0,0,0,0,12,0,0,0,0,10,1,0,0,0,2,0,1,0,0,0,0
0,0,0,5,1,0,0,0,2,5,0,0,2,0,0,0,0,4,0,2,2,0,3,0,0,0,6,0,0,0,0,0
1,0,5,0,0,0,0,0,2,0,0,1,2,2,0,0,2,3,3,0,0,1,2,1,0,0,2,2,5,0,0,0
7,0,0,3,6,6,0,11,0,0,0,4,0,0,0,1,0,0,5,0,0,9,0,0,4,0,0,2,4,4,2,0
0,0,3,6,0,0,9,6,0,0,0,4,0,2,4,0,1,0,0,2,0,0,0,6,0,4,3,0,0,0,0,6
0,0,1,4,0,6,0,6,3,0,5,0,0,7,0,0,1,0,0,7,0,0,2,1,0,0,0,10,0,7,1,11
0,3,0,1,8,8,0,0,1,0,4,0,0,7,0,0,5,1,2,2,1,4,10,0,0,7,5,0,1,0,0,5
194,82,162,254,128,8,13,23,0,55,6,0,3,0,0,11,11,0,0,0,19,26,0,0,0,0,0,17,0,5,0,0
19,36,23,48,6,11,60,2,67,17,7,2,16,18,0,10,0,9,18,0,0,24,0,8,0,0,8,9,0,0,19,23
71,0,0,13,41,8,0,39,10,27,7,9,0,19,0,0,20,0,6,9,0,0,0,7,0,0,15,11,12,9,24,0
0,4,33,3,152,88,51,44,50,12,102,1,70,0,11,0,7,2,8,0,13,0,0,0,0,19,0,32,6,0,5,21
110,0,14,16,0,23,80,50,42,6,77,47,24,57,0,105,8,20,0,3,13,0,8,0,0,22,0,0,20,34,0,0
82,46,34,34,65,39,70,8,24,0,14,51,19,0,0,7,21,27,0,0,3,0,13,0,5,9,16,0,0,0,40,23
0,0,18,45,21,51,22,8,12,37,24,0,61,5,6,9,0,0,0,0,16,0,0,0,0,19,23,12,0,4,7,22
20,31,82,0,10,21,101,13,58,52,3,26,0,28,22,13,50,0,11,3,14,0,8,0,0,0,0,12,0,0,0,0
46,141,13,0,2,0,55,16,7,46,0,11,63,8,14,19,33,0,16,16,0,5,0,0,0,9,0,0,0,0,20,0
0,49,15,18,44,19,0,49,163,23,0,14,8,11,39,0,3,13,23,7,14,10,8,2,3,0,2,52,0,0,0,0
0,57,0,10,0,7,2,143,0,39,34,16,0,76,0,58,0,3,12,7,4,6,0,0,0,0,8,0,33,0,1,17
7,56,28,8,50,8,0,14,0,104,80,26,69,0,12,2,50,0,40,11,10,0,0,0,9,0,0,0,0,4,1,0
0,42,0,26,39,68,0,10,47,35,0,28,0,16,48,47,24,12,132,0,17,6,20,15,0,0,24,28,16,0,0,8
4,55,62,54,4,0,67,0,0,36,19,0,54,8,50,10,7,41,8,0,2,9,49,0,0,8,0,13,0,10,8,4
0,65,4,2,55,23,41,37,67,5,49,0,78,21,6,0,181,52,0,56,24,0,0,0,0,0,19,60,0,0,22,29
30,1,0,11,8,0,0,11,5,107,36,70,1,22,15,0,100,0,105,16,40,35,0,0,0,0,0,0,0,12,0,18
84,36,32,47,5,11,48,0,14,52,0,111,0,0,76,0,145,12,39,0,17,0,38,4,3,8,0,0,9,0,9,0
0,21,18,0,1,0,56,67,94,39,13,64,78,31,80,31,117,31,0,14,17,18,8,0,0,0,24,20,0,0,8,3
0,0,37,0,1,9,6,89,13,15,78,17,30,69,16,59,22,0,0,73,8,14,9,3,1,34,0,0,0,0,0,0
62,11,14,9,46,43,24,12,33,14,0,44,84,0,0,18,24,0,0,0,0,0,0,0,26,33,45,8,9,0,0,4
107,19,0,0,0,37,0,22,46,28,10,70,0,54,9,0,0,2,22,6,0,0,35,0,2,0,17,11,0,0,12,0
0,0,20,19,11,30,5,42,6,0,0,0,43,0,0,0,0,0,16,0,0,0,0,0,0,0,72,25,5,6,0,2
0,21,121,4,8,9,1,7,95,0,20,0,3,44,3,0,4,8,0,8,0,0,0,0,14,4,3,10,13,0,0,0
0,189,195,68,30,21,22,0,31,5,0,16,0,0,14,7,12,5,10,0,10,0,5,0,8,13,0,0,46,14,14,32
0,53,109,15,0,37,0,0,8,0,20,0,18,10,0,0,0,0,4,6,6,0,8,0,0,8,29,31,72,0,13,7
0,2,14,13,15,0,0,4,0,0,0,1,0,0,1,0,0,0,39,3,0,4,0,25,0,10,7,0,0,18,22,0
2,0,8,4,0,0,0,0,0,9,26,0,0,0,0,2,0,0,0,0,8,20,20,4,0,5,26,0,0,17,2,0
22,6,27,0,25,27,2,19,0,5,21,0,0,10,3,0,0,3,0,0,6,25,33,10,40,0,23,21,6,29,0,10
0,0,27,18,0,0,1,12,5,0,22,21,0,0,21,0,3,0,8,3,0,0,4,1,2,0,0,0,28,24,0,5
0,3,6,8,0,0,2,0,0,0,0,4,0,11,7,0,5,0,0,0,0,9,21,4,20,0,0,0,0,16,28,11
0,3,39,0,0,1,0,1,0,0,0,7,0,0,2,21,2,6,4,0,0,15,21,0,18,0,0,0,0,0,11,57
16,0,0,0,0,0,0,0,0,0,0,0,0,34,0,0,0,0,0,0,0,0,1,0,0,0,0,0,16,0,32,0
68,189,236,218,156,25,0,0,0,38,0,7,0,7,0,0,11,14,6,0,0,0,0,25,0,0,0,21,0,8,0,29
48,192,236,198,190,30,3,0,29,33,3,2,5,9,1,3,0,5,0,0,0,17,13,0,0,0,6,5,0,0,0,23
93,198,0,35,33,2,0,30,0,40,45,1,6,8,12,0,0,7,0,0,0,0,3,0,8,10,3,0,16,0,0,0
0,17,39,0,53,6,25,25,46,0,87,0,68,0,6,0,25,9,18,0,2,0,0,4,0,3,22,0,3,2,0,30
129,0,26,0,0,25,14,24,34,45,76,48,6,24,0,177,2,14,0,0,22,46,0,0,0,19,0,0,10,13,3,63
0,64,30,8,63,46,49,0,0,1,0,44,0,45,0,0,25,71,0,9,0,0,24,0,33,14,7,3,44,0,0,31
0,17,0,3,0,24,41,0,0,30,39,21,15,0,36,33,32,0,11,0,0,0,0,7,0,16,0,0,40,37,9,0
47,0,115,10,48,51,112,49,27,39,33,73,0,5,11,20,45,21,0,0,0,0,30,1,0,0,5,0,0,10,0,57
24,123,0,20,41,29,0,31,5,16,5,31,56,38,0,49,42,3,14,0,0,28,45,0,9,0,22,28,0,0,0,30
0,0,32,58,67,4,6,17,88,18,0,0,28,0,0,41,22,1,24,0,1,9,0,25,11,0,15,0,24,20,35,0
27,66,11,28,0,27,24,140,0,25,52,9,1,87,19,16,0,11,23,3,27,0,0,0,0,0,0,0,0,8,20,0
7,93,12,0,6,6,0,0,0,48,88,36,38,16,21,13,5,21,16,0,2,0,25,8,17,0,0,0,0,0,0,16
0,30,9,62,27,81,6,57,127,10,67,40,32,9,91,70,15,0,79,6,23,0,0,6,29,0,0,0,1,0,4,61
85,61,68,0,0,39,156,36,3,26,99,0,68,19,40,36,20,57,0,0,49,23,13,0,29,0,0,0,0,0,0,58
85,71,13,50,47,13,0,67,16,0,64,25,68,13,38,9,212,37,0,22,0,33,3,21,0,0,0,0,52,0,0,28
0,0,24,0,54,0,0,34,0,103,0,44,9,0,0,26,95,4,82,9,38,0,3,0,0,0,24,0,0,0,0,62
4,18,57,18,0,19,18,0,8,0,0,88,6,0,45,14,39,0,33,15,0,0,22,0,9,71,44,0,11,0,0,24
40,0,21,21,3,0,74,70,0,0,0,58,55,80,80,6,48,30,19,33,0,8,0,19,9,0,53,35,12,0,0,0
0,28,0,0,0,26,24,32,8,15,36,59,27,91,0,70,39,15,12,0,6,22,0,26,0,11,0,0,5,0,16,0
0,0,2,21,54,0,45,10,19,38,4,32,55,24,0,0,22,14,0,3,15,13,0,6,0,24,0,12,0,0,0,0
131,0,4,0,20,10,2,37,34,24,8,95,0,1,35,16,0,15,9,0,0,23,17,0,0,25,23,0,0,22,10,0
0,88,36,0,0,28,0,12,8,0,13,28,8,0,0,8,0,0,0,0,10,0,0,0,0,0,0,16,7,0,53,0
54,190,234,0,0,0,18,0,87,8,0,6,0,55,0,0,5,0,23,4,0,4,0,8,0,6,0,0,26,24,26,0
53,189,194,135,177,26,60,8,38,35,0,27,14,16,0,15,0,20,40,0,0,5,0,9,0,0,0,0,0,26,2,0
19,70,31,16,16,32,13,15,0,14,0,0,0,0,0,0,0,0,11,0,0,0,0,0,9,0,46,0,30,0,0,32
10,13,0,1,0,14,0,0,24,0,0,23,24,0,0,52,9,2,0,7,20,2,35,0,21,51,21,0,14,0,10,17
1,6,7,0,0,12,0,0,12,9,0,0,14,0,0,6,0,18,0,10,0,0,20,0,3,9,0,0,0,16,19,34
0,0,26,0,0,6,0,2,0,9,0,3,0,0,4,0,0,11,6,0,0,9,0,15,14,37,3,0,12,0,0,0
0,0,0,0,0,11,0,9,0,0,0,0,0,0,4,0,0,10,0,0,1,1,0,0,0,0,28,14,35,0,0,0
12,4,4,0,0,0,0,0,0,29,0,0,8,2,0,0,0,0,9,0,12,16,11,0,5,5,0,52,0,14,0,0
12,0,0,11,5,0,0,0,1,0,13,5,4,1,4,0,0,0,18,0,0,1,0,0,23,0,2,29,25,0,0,6
0,12,13,23,14,0,0,0,5,15,15,0,13,16,18,0,0,1,0,0,0,7,2,2,1,0,0,31,13,19,16,5
93,195,255,14,71,17,20,0,36,63,0,0,0,0,0,1,55,0,0,3,0,0,0,0,0,38,0,0,24,9,32,0
61,196,196,188,191,103,9,28,48,39,18,34,31,16,0,20,10,10,0,19,0,0,0,0,2,15,2,2,0,17,0,0
145,7,59,196,151,11,0,14,1,17,0,0,2,0,0,17,0,0,14,0,2,9,0,5,21,8,7,0,18,25,15,0
0,23,14,0,65,0,28,51,0,0,38,0,43,36,0,0,0,0,0,0,3,2,0,0,3,0,0,6,0,0,0,22
107,12,18,0,0,54,22,12,0,23,80,27,0,0,7,184,0,16,0,0,2,14,10,0,0,0,0,0,0,0,6,0
0,45,25,0,20,57,80,7,14,0,0,58,0,0,0,24,0,106,0,0,13,13,0,0,0,0,0,0,0,4,0,30
0,16,62,45,0,9,55,0,9,13,57,11,38,0,0,17,0,0,26,27,3,5,0,0,12,0,0,16,0,0,60,14
0,78,37,24,46,84,71,113,49,0,33,33,11,22,0,1,56,1,0,0,8,38,42,0,0,0,0,14,0,27,11,10
0,128,28,32,28,14,25,21,18,60,31,40,36,6,0,67,45,0,9,0,6,8,0,7,27,0,0,0,0,1,0,0
0,17,55,25,56,16,0,19,78,10,0,0,1,19,39,5,0,31,0,0,10,27,21,0,23,0,21,40,0,0,0,0
29,58,9,0,0,58,0,146,20,0,42,3,0,100,6,37,9,13,4,20,4,0,13,2,0,1,12,0,7,13,12,43
36,27,50,0,5,43,0,0,9,5,74,50,45,0,42,0,37,2,36,0,22,2,30,0,0,0,0,0,2,0,8,0
14,7,40,13,41,42,17,33,74,16,0,31,1,57,65,24,10,5,74,33,0,0,0,0,10,0,0,0,23,21,0,0
0,15,39,0,0,2,122,28,63,63,60,26,89,0,27,21,3,31,12,0,30,0,34,3,0,0,24,0,0,1,0,0
0,66,7,41,41,7,51,48,0,21,24,0,55,24,15,0,197,32,0,0,24,0,0,0,0,0,27,0,0,0,0,0
0,70,0,0,0,0,2,3,20,55,41,82,2,37,30,0,80,0,134,5,57,0,0,7,7,0,0,4,27,0,1,0
0,0,45,55,26,41,37,38,12,0,30,76,0,0,53,5,77,5,101,3,0,2,0,19,16,0,42,0,0,0,0,26
0,11,33,20,18,8,39,25,19,0,9,45,56,0,64,7,67,63,23,8,12,0,0,5,0,21,37,0,91,0,57,0
88,16,0,0,0,33,0,24,22,27,65,31,7,59,3,32,0,0,6,28,5,0,0,0,3,12,0,22,6,10,4,27
0,0,27,22,0,41,68,17,18,5,0,9,29,9,5,3,6,0,0,13,0,28,22,0,11,40,62,0,0,0,15,0
0,6,16,9,8,0,0,18,25,37,0,82,1,44,6,17,0,7,0,16,0,14,2,0,0,8,0,0,0,49,14,22
0,9,68,23,8,27,14,37,0,0,0,11,18,0,17,0,0,8,10,9,0,0,17,25,17,0,14,10,2,0,0,10
0,197,44,0,15,15,42,0,0,25,2,2,0,36,0,22,5,7,5,0,0,10,0,5,0,0,13,0,19,0,14,0
0,82,104,0,0,0,35,0,4,0,20,0,0,2,1,0,0,2,8,20,3,0,13,0,0,18,0,7,0,0,4,0
0,20,0,0,1,0,0,0,0,8,0,11,21,0,1,20,24,8,0,12,0,0,13,9,21,22,0,3,0,0,15,0
12,28,0,0,18,0,21,0,4,0,0,19,6,9,4,6,22,17,20,4,0,0,24,0,0,0,0,14,0,0,0,0
1,0,2,0,3,0,4,4,6,0,0,0,0,0,16,5,0,0,10,0,0,0,0,0,0,0,0,0,5,0,0,3
0,0,11,20,4,0,0,0,0,5,0,0,0,22,0,11,0,0,10,24,0,2,2,0,0,2,19,0,11,26,0,35
7,0,6,0,0,0,8,0,10,0,0,0,0,0,0,17,25,0,4,8,0,0,10,0,0,0,0,3,12,0,24,0
0,8,0,4,0,8,11,0,0,1,16,7,0,2,1,0,0,2,0,4,0,0,27,0,20,0,11,21,3,0,0,31
0,20,0,0,0,0,0,0,0,5,19,0,16,16,0,0,0,14,0,12,0,0,4,12,15,7,14,22,11,0,16,20
10,0,0,0,2,0,5,21,13,2,0,14,22,4,6,14,8,10,0,22,29,16,0,52,3,7,0,0,0,0,0,7
55,71,5,4,61,1,14,18,21,18,1,1,0,9,0,0,0,9,0,0,0,13,0,0,0,3,6,24,29,18,21,0
0,19,110,134,13,23,0,3,26,54,0,0,5,3,0,1,8,0,0,0,0,6,0,0,0,0,7,2,10,0,1,38
74,121,18,77,59,28,0,14,0,3,3,19,24,23,0,0,10,6,5,0,9,0,18,16,0,1,20,0,0,0,2,8
0,239,77,177,197,151,17,44,31,0,75,24,37,6,0,1,0,0,4,12,6,5,0,0,0,12,1,0,0,1,0,8
191,2,0,0,82,68,23,9,0,0,39,66,0,19,5,29,0,0,2,0,0,0,4,0,0,0,28,14,16,0,0,0
0,24,10,13,26,13,49,0,2,0,0,96,0,3,4,0,31,8,1,6,0,3,0,0,2,12,26,0,16,0,0,0
17,0,36,25,31,8,5,6,13,13,16,4,25,0,0,3,21,0,2,14,3,36,0,9,6,4,44,29,4,0,0,16
7,48,37,8,40,60,48,1,40,54,7,25,0,18,7,0,30,0,0,9,0,0,0,0,10,0,0,0,13,30,5,14
0,141,30,0,21,0,54,1,14,22,23,0,82,24,12,46,56,55,19,0,0,0,0,11,11,0,20,1,4,0,0,8
0,0,24,0,0,45,18,28,101,16,0,8,34,0,14,0,0,0,22,2,0,20,0,0,0,0,10,0,0,37,16,0
4,35,11,35,0,0,0,163,27,0,60,0,4,106,0,25,0,52,0,19,9,0,0,7,2,0,15,0,14,35,20,10
27,13,68,23,22,37,0,0,49,50,83,0,43,0,36,26,63,3,5,0,30,14,3,0,0,0,27,1,0,4,0,8
0,24,44,10,11,45,22,64,25,19,55,27,13,36,34,34,4,6,63,39,0,6,0,0,0,0,58,15,9,16,19,1
0,18,8,44,0,15,141,35,0,41,17,0,51,0,27,19,0,43,14,6,24,28,32,0,0,0,0,0,0,0,33,0
95,53,27,23,69,36,46,44,65,1,64,4,80,15,0,1,234,45,0,19,13,0,0,10,6,0,6,0,1,0,4,0
27,0,0,4,6,0,0,11,47,74,29,19,1,24,29,10,39,0,108,0,0,18,1,0,0,0,0,3,0,11,0,2
0,22,13,45,34,7,35,0,6,39,5,93,17,4,60,0,47,11,76,2,0,8,0,0,0,0,7,0,27,5,2,4
16,11,14,6,0,0,87,49,0,1,2,1,55,0,92,0,27,31,0,13,3,10,0,0,3,0,12,3,16,0,0,16
0,20,18,36,8,13,8,34,0,25,5,61,9,56,8,53,24,0,0,9,3,0,0,3,0,14,0,0,0,0,0,0
54,2,8,15,24,26,0,14,0,12,1,16,33,14,0,6,20,2,7,0,14,0,0,12,0,0,23,0,17,8,0,5
0,5,14,24,0,11,0,7,10,37,15,51,4,22,28,24,0,0,10,0,10,6,7,0,0,6,0,4,0,10,0,5
0,5,3,0,0,6,35,0,4,1,0,0,0,0,12,0,0,3,0,1,0,0,8,0,2,2,4,0,0,8,24,0
60,0,43,11,0,18,26,0,27,0,1,17,0,26,0,0,8,0,0,0,0,0,0,0,0,0,2,0,4,0,1,0
0,0,20,0,0,10,5,0,0,1,6,0,3,0,4,0,9,7,0,2,0,0,8,11,7,0,7,0,0,7,0,5
6,2,0,3,7,13,3,2,0,0,0,0,0,0,3,1,0,0,5,0,6,1,4,0,0,2,7,0,2,0,0,0
10,5,0,0,0,2,6,0,0,0,0,5,0,0,0,0,7,0,0,0,4,0,0,0,7,2,9,0,0,12,0,0
20,0,0,0,5,0,0,0,0,0,0,14,0,0,0,12,4,0,0,2,0,13,0,0,2,0,8,14,6,0,2,0
0,6,0,3,8,1,12,0,0,0,12,9,0,2,0,1,0,0,14,1,3,4,0,0,0,0,8,0,7,3,11,0
0,0,0,0,8,4,0,0,7,0,0,5,0,1,0,0,0,5,5,0,1,4,0,0,0,0,0,0,0,5,1,14
0,0,7,0,0,0,0,0,0,3,8,0,0,0,5,0,16,0,0,0,0,6,0,0,2,0,2,3,0,1,0,0
0,0,7,0,0,0,4,0,0,10,0,0,0,3,1,0,0,0,7,0,0,10,3,0,11,1,17,0,0,0,0,18
4,0,9,0,0,0,9,0,8,0,0,6,0,0,0,0,0,0,0,16,8,0,0,0,0,2,0,2,0,7,9,0
43,48,7,32,4,14,18,0,32,21,1,2,0,5,0,0,0,0,0,0,0,2,3,0,0,1,14,0,0,14,14,12
49,30,61,100,14,9,50,22,12,30,0,0,2,10,0,0,7,0,6,0,2,0,0,2,3,0,0,2,0,2,0,5
91,20,96,33,42,0,0,27,13,1,42,1,0,1,0,8,0,0,6,14,1,0,5,0,0,0,0,5,0,0,0,0
0,10,116,56,128,52,28,26,18,0,77,1,28,0,0,0,0,5,1,8,0,0,0,0,1,1,1,1,8,0,0,13
164,3,26,2,17,32,11,26,0,0,46,79,0,3,0,98,0,0,0,7,10,0,0,0,0,0,0,0,0,1,0,0
0,19,10,0,52,51,50,11,5,0,0,72,0,0,0,0,27,3,7,12,2,0,0,0,0,12,0,1,5,4,5,0
0,3,20,23,10,50,0,0,0,53,11,0,6,0,0,0,0,0,0,4,0,0,0,0,0,0,0,0,0,0,5,0
0,37,64,11,9,10,80,22,30,50,14,33,0,23,23,11,29,1,0,0,0,0,12,0,0,1,5,0,0,0,3,15
31,66,23,5,40,11,10,13,6,47,26,9,22,0,4,26,14,9,0,0,0,2,12,0,0,4,0,0,0,1,16,0
0,11,35,58,44,9,0,30,111,12,5,1,29,3,28,15,2,13,0,0,1,0,0,0,0,0,13,16,0,0,0,0
35,41,0,5,13,16,0,109,2,0,29,1,0,75,0,6,7,4,8,3,21,6,0,0,0,1,0,2,0,5,0,1
0,48,40,26,0,24,0,6,3,22,9,7,47,13,26,28,8,0,23,0,0,2,0,0,0,0,5,0,0,2,8,0
0,49,20,26,0,52,0,35,4,50,12,32,4,15,54,23,0,2,76,6,18,1,5,0,0,0,0,12,10,0,0,24
0,36,35,10,0,0,66,9,27,3,50,0,54,28,26,27,0,52,0,4,14,0,10,0,0,7,0,0,8,0,0,0
88,58,0,55,69,1,20,56,53,0,81,33,34,4,8,1,152,37,6,3,1,5,0,0,0,0,0,13,5,0,0,2
27,0,0,0,0,5,0,5,11,90,41,23,0,11,2,12,8,10,41,10,0,4,0,6,0,10,0,0,0,0,3,8
129,40,46,54,2,20,61,0,10,13,21,57,0,2,6,0,100,21,55,0,8,3,8,11,13,0,0,0,13,0,0,0
34,3,19,23,0,0,42,16,7,0,0,5,73,17,69,0,46,6,0,9,0,0,10,0,3,0,0,9,0,0,0,19
60,0,20,18,14,34,9,30,9,18,10,3,42,31,9,18,23,4,0,2,0,0,6,0,0,0,0,6,0,2,0,0
64,4,0,6,24,86,35,13,14,24,0,6,35,26,0,0,11,0,0,2,0,3,0,2,0,0,0,5,0,9,0,0
0,11,9,21,0,22,11,0,75,17,10,45,12,47,1,6,0,0,5,18,0,0,0,0,0,2,0,0,0,1,0,10
0,0,0,0,0,19,27,27,3,0,3,0,6,12,0,0,0,0,3,0,2,0,3,0,4,2,0,19,5,1,0,1
2,5,51,0,8,8,32,0,37,1,15,0,0,27,0,4,0,0,0,0,1,2,0,0,0,11,5,0,0,0,0,0
0,0,8,1,0,0,32,0,0,12,12,4,0,12,0,0,0,0,0,0,5,0,0,0,0,0,5,0,1,11,7,12
0,0,0,8,0,28,13,0,0,0,8,0,3,7,9,0,4,8,3,5,0,0,0,0,5,0,9,0,2,0,0,0
0,3,6,0,0,0,5,2,0,0,0,0,18,0,0,0,16,0,0,2,0,0,0,0,7,0,6,1,0,9,16,7
0,0,0,0,0,0,12,0,6,0,11,19,0,0,7,9,7,0,1,0,0,0,0,7,0,0,0,3,5,1,0,3
0,3,0,0,0,4,8,0,0,0,0,0,0,0,0,0,0,0,0,0,0,4,0,0,6,0,0,0,10,3,1,0
0,3,4,0,11,0,0,15,0,1,4,0,3,1,7,5,0,0,0,0,8,11,1,7,6,0,13,0,5,10,0,0
4,2,0,0,1,0,1,6,0,0,0,0,0,0,0,0,9,0,2,7,0,0,1,0,0,8,0,0,2,13,0,0
0,5,1,15,0,1,7,1,0,3,1,0,1,0,9,10,1,0,8,6,4,0,0,0,8,13,17,0,2,3,0,12
5,0,4,10,0,5,0,11,0,4,3,12,1,0,2,5,0,10,0,0,0,4,0,14,0,0,0,7,5,16,0,5
106,22,53,47,0,17,0,0,17,12,18,26,0,16,19,0,13,2,0,2,4,0,0,0,3,20,0,28,0,0,0,0
12,44,179,103,0,17,26,0,0,20,7,2,0,0,1,14,0,0,0,3,7,0,0,1,2,38,13,3,34,3,0,8
122,7,116,81,0,39,20,20,0,17,0,5,24,0,10,24,0,0,0,13,4,26,0,0,53,45,5,0,19,45,29,18
0,0,121,76,18,1,97,20,7,1,0,0,0,5,0,0,0,0,29,17,5,0,8,0,0,0,25,0,19,17,14,0
156,0,130,28,62,71,195,29,0,0,9,4,1,5,0,56,8,0,0,0,8,0,0,5,35,0,57,22,0,0,11,0
40,0,93,112,0,83,164,9,10,2,0,57,0,11,0,0,26,4,10,5,0,6,0,0,0,15,77,0,30,58,0,0
103,7,20,28,22,0,34,0,0,39,21,28,0,13,25,2,0,11,4,0,0,0,0,0,0,0,61,0,26,7,0,0
95,0,66,0,43,49,51,0,5,75,62,0,0,0,5,51,20,0,12,0,6,37,16,54,0,0,0,0,0,7,26,0
91,61,48,0,43,2,24,3,0,21,37,12,35,16,0,38,67,0,27,0,7,16,30,0,0,0,15,16,2,0,0,8
48,13,30,16,0,31,17,66,111,38,71,0,28,0,0,0,0,10,5,0,11,0,0,0,0,50,0,27,0,27,24,0
17,45,0,39,2,23,25,66,16,33,70,0,20,98,25,0,0,0,0,1,0,0,48,0,0,15,0,22,41,0,0,21
0,49,50,27,13,1,0,54,27,13,0,44,24,17,25,19,76,21,9,25,2,0,22,0,8,0,7,35,22,0,0,0
0,43,2,60,0,121,21,31,12,4,17,26,9,10,22,10,0,0,83,0,10,3,0,0,0,16,0,9,0,15,0,17
1,11,99,0,0,4,93,16,22,0,55,0,63,0,10,51,112,0,41,0,0,0,59,0,0,4,33,0,2,0,0,0
32,64,12,29,21,20,67,38,27,0,105,0,43,17,0,0,183,43,0,9,0,0,22,24,0,0,0,33,44,11,0,6
0,44,17,35,0,0,11,8,0,57,9,0,0,17,16,0,2,0,25,0,0,0,0,0,28,0,14,0,7,60,0,0
101,2,38,0,41,48,41,0,40,24,50,54,0,10,0,0,13,9,36,5,0,4,0,0,0,0,0,48,0,2,3,29
11,0,39,0,4,4,62,36,0,22,0,0,0,0,45,0,32,17,0,1,0,0,0,0,0,0,31,68,0,33,38,1
78,0,0,10,0,33,0,86,25,2,69,44,20,26,2,8,19,0,5,35,12,0,39,0,4,13,0,0,0,40,0,0
43,0,30,21,11,7,32,23,19,1,0,46,52,48,116,0,10,0,0,14,0,0,0,2,0,0,9,44,0,0,0,0
107,0,12,21,63,27,0,0,0,12,0,28,109,230,0,3,0,13,0,15,0,3,0,0,0,18,0,0,0,0,0,20
0,0,10,0,28,12,106,106,4,0,6,3,28,0,0,0,17,0,0,0,5,44,27,0,13,33,16,35,0,0,16,9
24,14,3,4,26,253,101,76,197,59,0,0,0,9,6,2,25,0,0,0,0,20,0,2,0,0,3,40,34,0,0,28
59,4,57,3,101,25,76,42,197,104,5,0,0,4,13,17,18,2,0,0,0,6,0,0,24,0,0,69,0,6,0,13
6,48,5,0,16,32,60,72,123,0,3,30,6,0,10,24,6,2,24,0,11,0,0,3,50,11,39,0,41,0,35,67
0,0,3,23,0,0,18,0,8,31,3,22,0,23,2,24,0,34,0,0,19,19,0,0,4,9,0,40,0,0,8,24
22,0,16,0,22,0,21,9,0,0,0,20,11,0,11,0,0,0,8,41,58,0,0,0,0,14,53,24,0,3,33,0
16,6,0,0,20,0,0,14,0,8,0,0,0,0,0,24,36,15,0,17,0,0,0,13,8,0,0,0,5,19,23,30
20,2,2,28,0,0,0,0,10,28,0,0,0,0,0,0,0,24,24,0,0,0,0,36,0,0,13,18,0,6,0,0
0,0,0,11,20,10,3,0,3,0,0,0,0,0,0,0,8,20,0,48,0,0,6,0,0,31,16,0,0,19,0,10
0,0,23,14,0,3,5,39,26,0,2,8,3,5,0,6,12,0,0,8,0,7,36,7,0,31,10,0,0,10,6,0
0,21,2,0,9,0,17,0,0,0,0,5,22,0,0,0,8,0,13,0,4,0,0,27,0,32,19,0,26,0,5,0
