0,3,20,0,25,15,1,13,31,0,21,35,8,0,0,0,0,0,0,0,0,6,35,0,15,0,0,5,0,0,0,0
0,0,42,4,0,0,0,0,0,0,0,0,21,0,3,15,0,0,6,14,0,0,6,3,4,19,0,11,0,0,3,11
0,19,0,12,23,0,0,7,0,0,0,0,0,83,23,4,49,1,10,4,1,14,0,0,0,32,16,9,0,0,0,18
0,0,0,62,0,0,3,24,0,10,0,0,41,13,5,17,0,0,0,1,19,1,43,0,41,0,15,27,0,19,0,0
0,0,8,0,23,0,10,0,42,9,21,25,42,41,0,0,0,0,0,35,8,0,1,37,54,38,20,0,20,0,0,0
0,0,0,0,29,0,0,7,19,0,1,103,0,4,0,15,18,9,8,0,83,3,28,22,0,17,0,5,1,19,1,0
0,0,8,1,0,21,0,0,0,2,23,52,33,0,22,29,0,0,6,0,0,45,46,0,0,0,0,25,8,0,3,39
0,32,28,0,11,42,0,0,18,69,76,0,48,0,39,19,0,22,8,42,45,38,66,23,51,0,19,14,0,0,5,41
193,20,0,0,0,14,8,0,3,54,0,54,5,11,12,54,0,9,80,0,16,44,11,69,0,0,0,55,8,17,1,0
0,0,6,4,3,37,0,0,51,23,0,0,22,81,0,0,0,0,13,0,18,47,41,0,0,0,4,0,48,35,0,7
131,0,1,0,0,34,0,10,38,0,8,0,89,0,23,0,0,0,11,24,93,14,19,0,0,20,6,11,80,0,13,2
0,35,0,0,32,48,5,0,49,24,31,2,8,3,44,10,1,20,45,0,101,43,50,0,5,55,0,32,30,0,25,48
0,0,7,0,20,0,11,0,5,0,0,0,23,80,46,0,12,7,25,17,0,0,0,3,0,0,32,0,57,1,10,9
0,5,6,0,0,7,0,0,16,18,3,20,44,40,23,0,0,0,0,0,19,13,67,11,0,7,0,0,54,1,0,19
0,10,0,9,36,15,0,24,57,10,35,0,106,0,0,0,3,0,0,23,13,0,18,0,1,2,0,0,0,0,18,0
0,0,14,0,0,23,20,0,12,12,18,11,19,0,0,45,0,0,17,0,94,24,50,0,0,6,0,0,13,62,45,51
99,2,0,81,30,0,0,13,36,0,1,0,30,0,35,0,44,0,26,0,4,10,13,0,14,0,32,29,41,12,0,32
0,0,11,89,0,0,0,117,105,90,0,0,29,0,17,0,0,1,0,0,37,5,33,1,32,0,2,0,32,0,0,9
0,13,12,25,33,23,36,51,94,26,20,0,0,0,21,0,0,20,0,0,72,95,10,101,93,61,0,0,0,0,0,0
0,14,1,53,41,70,0,5,0,95,26,0,18,0,25,0,0,19,0,68,0,36,5,10,19,0,16,16,20,1,0,19
0,34,0,16,0,26,0,0,65,238,31,0,0,0,0,0,0,14,0,5,0,18,0,2,0,0,0,65,0,0,9,0
7,91,38,5,0,7,0,10,16,37,18,0,0,9,21,0,0,19,7,5,18,0,0,2,3,3,28,11,0,27,16,0
55,0,0,0,0,0,7,0,0,4,75,142,11,0,12,7,0,0,0,0,4,6,0,0,0,12,4,24,2,19,20,28
43,0,0,29,0,0,10,22,0,0,121,96,42,0,0,0,7,6,0,71,42,0,20,10,0,0,90,0,86,0,28,5
64,28,0,12,13,21,0,6,12,0,23,0,2,0,0,0,4,99,13,25,4,104,35,149,55,81,233,20,44,1,32,38
0,0,0,21,0,13,0,0,0,0,21,16,8,16,0,0,0,0,4,19,66,37,68,1,15,114,34,97,0,0,0,9
0,0,0,106,63,89,2,0,19,0,30,0,0,18,16,5,32,0,42,27,73,23,0,0,0,0,0,51,14,0,0,19
9,16,68,0,77,55,7,0,0,7,7,0,10,49,3,14,20,0,0,9,96,57,9,0,13,0,19,14,0,0,0,27
0,0,18,157,10,9,27,12,48,0,0,33,0,0,0,26,22,25,14,0,18,179,0,0,11,18,0,32,22,0,52,44
11,34,0,0,6,12,38,14,5,8,5,16,2,0,10,10,0,64,96,176,57,122,15,30,6,0,12,17,0,4,16,37
0,0,0,14,9,0,0,17,0,0,11,10,0,0,0,1,3,0,15,19,21,60,0,59,132,34,0,0,16,0,0,23
0,0,16,0,12,0,21,29,0,0,0,47,0,0,5,17,22,0,0,0,0,0,0,4,37,95,10,9,37,19,0,0
0,0,0,0,0,33,19,0,0,18,0,0,0,0,0,14,7,5,0,21,0,0,0,0,0,24,0,0,9,13,0,0
42,22,0,7,0,0,0,17,27,0,0,0,0,13,0,6,0,30,0,9,0,3,17,5,3,0,23,0,19,0,0,0
43,0,13,0,0,4,34,0,22,22,23,14,0,7,0,24,2,33,0,0,32,15,17,29,3,16,0,0,0,27,29,0
18,0,4,4,21,0,40,0,8,0,45,10,60,0,0,0,0,12,0,0,4,0,0,27,0,0,0,9,0,0,0,0
50,7,0,1,2,0,0,0,0,44,0,40,33,0,0,0,0,12,0,0,0,18,0,50,52,0,37,0,0,0,22,0
31,0,1,0,8,0,6,0,0,0,2,89,3,17,27,43,0,19,0,3,107,5,35,0,29,55,16,0,0,19,0,8
63,8,0,18,34,0,12,15,0,0,81,0,45,0,0,0,3,0,0,29,51,1,40,0,17,0,21,8,21,12,1,0
0,0,0,0,0,25,0,0,0,3,7,13,0,0,79,27,29,19,36,32,0,4,25,32,4,0,0,52,0,6,0,0
72,0,5,0,13,14,7,0,2,21,0,24,37,0,12,38,33,24,8,17,23,18,15,5,6,13,0,6,20,2,0,8
0,1,0,0,20,20,0,0,0,23,6,39,12,125,234,34,13,44,2,10,3,16,11,11,0,6,46,0,71,12,0,0
3,0,0,3,33,0,65,1,0,0,0,4,2,97,68,0,0,6,8,29,2,0,27,0,15,8,0,7,11,0,0,6
81,0,9,52,0,0,0,0,0,13,0,0,39,25,59,16,36,0,14,25,10,0,0,7,0,9,4,0,3,25,0,0
13,4,0,0,3,5,0,4,205,74,97,0,3,32,94,0,44,5,36,0,25,0,6,17,0,17,10,0,15,0,0,44
147,0,28,44,0,101,49,87,48,108,125,13,36,0,0,26,0,8,12,0,18,3,39,35,7,10,15,5,0,0,0,45
53,0,60,242,44,62,55,49,4,17,220,29,61,1,16,6,0,0,10,25,28,13,0,0,4,4,0,0,0,0,0,36
114,11,53,0,64,0,84,23,60,76,148,30,27,11,0,18,0,0,5,0,2,7,3,5,18,34,1,0,0,12,11,0
0,57,66,130,59,0,27,0,0,60,0,151,209,58,0,0,8,16,18,0,10,12,49,2,7,0,9,0,14,10,0,14
0,0,50,67,40,0,48,51,17,20,0,233,176,145,39,0,8,0,0,24,0,16,10,0,12,10,24,29,60,41,0,15
125,0,23,0,14,0,0,0,27,56,105,127,31,0,8,19,0,0,0,8,6,32,2,0,7,0,48,118,0,8,0,0
0,50,0,0,0,29,0,0,0,36,9,49,90,14,0,0,0,19,0,0,0,22,0,0,0,29,6,0,36,0,29,69
0,0,13,186,254,200,75,38,21,5,54,107,41,0,0,17,14,2,0,7,64,40,150,20,7,0,21,16,42,0,9,23
66,14,48,0,75,83,124,91,19,0,0,36,0,0,0,5,0,0,0,0,7,63,116,0,0,0,5,0,2,0,0,0
43,0,79,74,149,77,251,59,4,5,6,10,0,0,35,84,182,17,2,0,207,120,22,0,6,0,5,36,12,0,0,20
0,0,23,7,28,91,0,0,0,7,7,26,10,0,23,100,65,0,0,0,94,14,71,10,41,17,20,0,6,0,11,0
49,3,0,0,63,0,43,8,39,0,49,0,16,1,15,51,57,21,7,0,48,41,36,2,0,11,0,0,0,17,0,0
0,6,25,55,23,0,33,26,0,0,0,12,27,53,0,0,6,0,3,33,29,46,51,0,34,0,0,16,0,8,4,0
0,14,53,6,57,11,0,0,24,0,8,0,10,0,20,0,0,11,59,66,39,0,0,0,26,61,35,0,0,0,5,2
31,15,0,15,5,37,29,0,14,0,0,37,0,0,67,3,3,0,10,52,36,17,0,7,11,9,0,0,1,16,0,0
0,0,108,12,0,0,0,6,0,0,29,16,60,7,35,45,29,0,0,17,20,78,27,0,24,16,35,0,0,0,27,35
0,30,33,11,0,0,10,0,0,16,0,0,0,35,0,0,0,0,0,0,0,0,0,27,42,0,0,5,0,18,14,0
0,14,0,5,0,0,0,2,14,5,41,30,0,0,8,0,22,20,0,0,0,0,0,0,11,14,0,0,16,8,0,0
0,11,20,5,0,0,10,48,0,0,3,21,0,0,3,0,16,0,12,35,0,0,11,0,11,15,12,0,22,4,0,0
0,29,57,34,0,12,22,0,24,9,31,0,43,0,0,56,16,0,2,0,0,5,0,0,0,7,22,0,6,0,0,0
0,0,0,14,0,38,0,0,0,16,8,3,0,0,217,87,0,0,5,0,7,14,0,0,1,0,0,5,0,0,8,9
0,10,0,0,33,0,0,32,0,0,0,0,35,45,123,34,18,0,0,0,18,0,24,31,40,0,122,3,2,0,0,0
0,0,7,14,34,0,19,19,5,0,26,20,48,0,79,153,17,0,22,0,0,17,25,111,113,165,181,77,48,0,0,4
22,0,0,0,2,65,1,0,0,1,63,117,0,0,62,16,14,2,0,0,22,53,112,57,5,5,0,0,23,2,0,34
0,0,0,0,0,4,0,10,43,45,44,216,54,0,0,0,48,16,0,14,98,19,148,9,9,0,14,0,23,0,0,17
32,18,0,0,0,16,62,7,34,59,187,81,176,148,13,21,18,9,0,0,15,0,38,0,0,0,0,37,0,0,19,24
0,16,21,0,3,100,159,117,72,111,0,111,126,51,41,8,13,0,0,22,0,40,49,0,11,4,8,0,0,0,0,39
93,10,0,0,152,19,48,0,0,0,0,87,13,0,0,14,0,0,20,4,8,3,47,3,0,0,0,24,69,129,72,50
0,16,0,70,189,43,0,41,35,24,0,0,17,2,201,22,0,1,0,0,0,0,0,0,23,0,31,46,97,144,38,223
0,12,34,20,0,50,48,39,19,25,101,0,6,23,68,91,3,23,0,0,43,0,21,27,23,0,18,0,8,0,16,4
0,11,27,0,64,0,0,27,3,70,16,0,0,19,11,0,32,11,65,0,5,32,0,21,5,0,48,27,31,15,28,0
144,0,0,0,0,51,0,47,8,11,31,45,20,56,13,0,0,7,37,4,21,15,0,0,0,0,13,10,0,24,0,0
0,16,0,17,0,0,14,4,0,21,0,26,18,17,23,33,0,3,0,0,8,0,38,0,0,7,63,1,0,19,12,22
0,44,22,0,2,0,0,83,8,0,18,0,7,1,4,0,0,0,1,37,1,0,1,88,249,172,63,0,160,70,108,23
0,28,0,0,0,4,21,36,101,68,6,0,15,33,0,0,0,0,0,0,14,0,0,102,107,65,70,0,212,115,59,0
178,0,0,0,170,206,144,35,176,72,0,51,0,4,10,24,0,14,0,0,0,0,1,25,7,0,0,0,20,0,0,0
0,0,6,0,2,0,107,189,17,255,1,19,17,8,10,0,3,0,145,115,104,3,33,0,9,0,0,0,20,27,9,38
0,47,0,0,9,33,0,151,109,126,17,17,5,0,0,24,1,73,119,252,54,154,0,33,0,4,0,18,19,0,18,0
0,2,37,0,4,114,42,26,55,24,16,0,45,19,66,0,19,13,31,102,20,0,26,11,85,22,0,25,0,0,0,12
174,7,0,0,0,56,0,0,7,20,24,0,1,0,2,20,0,0,0,17,22,0,8,7,9,0,0,90,0,0,0,31
48,32,0,25,1,49,14,0,22,15,0,0,22,0,3,19,0,16,0,7,0,65,4,53,27,0,0,0,22,9,0,0
0,0,14,0,11,37,26,0,0,0,51,0,18,45,0,0,0,0,0,26,1,0,45,5,0,0,0,0,39,4,15,0
0,29,0,37,90,0,37,55,0,0,0,43,0,0,46,11,37,0,0,30,13,20,12,0,0,3,35,0,22,11,7,19
39,1,0,0,25,10,29,11,0,38,0,0,0,0,0,26,0,49,3,13,0,0,41,49,0,0,0,0,20,0,1,88
27,12,87,0,0,2,54,43,19,38,12,5,0,8,3,25,0,9,4,0,0,15,26,8,12,7,37,13,0,0,0,56
13,19,28,2,3,19,28,32,0,0,2,7,0,0,0,0,0,14,0,0,0,20,31,0,34,57,5,0,13,12,17,30
64,0,42,5,38,0,17,0,0,0,0,0,0,26,0,9,0,11,0,0,0,25,14,41,0,0,0,5,0,0,0,6
29,0,0,0,0,0,0,0,0,0,27,31,26,0,9,11,7,7,0,0,0,24,0,6,0,0,0,0,0,24,7,0
28,0,0,0,0,11,0,52,24,0,5,0,14,0,5,0,0,12,3,3,33,20,0,9,3,30,21,0,0,0,0,3
3,34,5,0,0,0,0,10,0,17,0,21,23,11,5,18,0,0,27,21,0,0,0,3,6,0,0,0,15,14,4,0
35,7,52,29,0,0,0,0,0,19,0,0,22,6,0,0,0,14,0,21,0,0,11,5,25,0,0,5,0,27,6,5
0,0,0,22,0,0,11,0,0,0,0,0,0,23,4,0,2,2,39,0,2,0,0,0,2,11,0,0,0,12,9,62
32,0,21,0,3,27,0,0,0,4,0,0,0,48,10,0,16,77,0,0,12,2,17,14,14,0,0,21,8,0,0,44
0,0,6,8,21,0,42,25,3,0,35,57,4,8,32,11,9,57,0,0,0,0,0,8,4,0,0,0,0,13,0,6
0,0,8,19,0,11,0,9,2,0,16,10,0,0,16,42,11,5,0,0,0,38,0,0,0,37,0,12,0,0,12,0
0,28,0,14,7,20,9,24,1,0,0,34,29,38,18,119,49,17,0,0,34,1,41,37,1,3,15,65,5,0,4,0
0,0,49,0,0,12,29,0,0,17,0,115,0,35,23,0,11,20,0,5,57,31,72,41,66,0,8,0,32,0,0,4
22,0,0,56,0,0,0,23,0,0,105,47,0,38,0,31,12,0,0,0,4,0,0,18,9,0,27,0,0,19,0,0
0,46,42,4,0,4,10,0,33,46,43,0,0,31,0,14,0,5,0,69,21,0,44,13,0,5,4,0,0,21,0,10
0,9,4,15,0,0,1,16,5,7,55,96,17,43,83,0,0,0,42,48,7,0,0,12,0,9,3,0,4,4,33,18
118,0,0,0,0,0,0,26,20,23,16,7,30,18,0,36,0,0,0,36,6,17,0,17,0,0,6,0,46,43,51,11
0,48,13,0,0,43,0,0,0,55,85,51,33,52,20,0,23,20,0,0,7,0,0,55,15,0,74,16,29,25,0,0
0,0,0,0,0,32,0,3,0,108,42,0,1,11,12,0,4,3,0,0,19,31,22,18,0,23,3,4,60,0,0,9
123,0,0,2,11,0,17,0,13,101,103,109,30,0,12,5,0,0,82,11,0,0,0,2,19,0,0,37,61,37,18,16
64,16,0,7,0,29,34,50,1,11,96,13,0,0,0,23,51,1,0,9,121,13,0,5,0,0,0,0,89,9,30,28
146,0,12,0,0,5,25,61,27,0,179,192,18,0,16,6,29,0,11,3,0,0,2,9,8,15,38,0,38,9,12,13
0,0,52,0,0,0,0,11,0,17,154,81,51,0,4,0,0,11,27,48,0,16,18,0,22,10,16,2,58,0,9,16
0,1,0,26,8,11,17,39,0,62,230,125,80,6,2,0,23,0,61,13,7,0,23,0,7,0,16,0,16,55,0,0
30,0,15,4,0,6,0,7,7,4,226,97,54,4,11,7,25,0,14,0,44,0,44,0,103,4,17,0,29,0,0,0
142,0,26,16,3,17,14,23,13,20,132,138,3,0,42,23,12,1,45,0,12,11,53,26,43,18,9,0,29,36,16,0
0,0,0,22,0,25,29,0,0,26,91,0,11,3,0,19,0,2,11,0,18,47,115,152,62,0,14,0,23,0,0,44
0,0,4,22,36,0,0,17,0,0,0,0,15,0,18,0,0,10,0,0,18,127,27,73,30,0,0,64,29,28,24,0
10,0,7,5,0,17,0,9,40,0,0,23,64,15,0,0,0,0,0,2,15,163,57,10,48,0,73,0,0,6,0,0
80,19,0,0,10,0,49,0,44,0,0,30,145,129,60,0,12,19,37,11,19,34,30,0,49,24,0,88,163,18,27,52
9,0,0,7,13,0,0,43,0,0,0,17,137,150,6,15,0,6,27,47,47,18,61,9,28,0,5,11,128,66,0,0
33,28,0,10,26,0,33,57,23,0,0,7,46,0,2,0,5,69,75,65,34,13,35,30,0,29,6,3,0,28,0,0
0,0,4,0,0,50,2,18,0,15,0,0,0,19,53,0,43,14,42,40,34,19,27,21,11,0,34,0,6,0,0,0
0,43,17,0,100,84,33,116,2,0,18,48,0,0,14,45,65,0,89,29,74,126,31,34,0,26,87,47,16,0,44,82
55,0,0,0,16,0,59,0,0,8,0,0,0,4,11,14,10,49,15,60,107,20,21,22,0,16,16,48,0,0,9,0
122,23,0,29,12,0,3,0,0,9,8,40,0,0,0,46,15,52,15,0,79,132,35,34,0,10,66,17,7,0,0,15
0,0,1,8,5,85,7,31,23,0,16,26,26,0,0,35,22,5,1,169,241,88,61,35,2,3,91,33,11,0,0,50
34,0,0,19,51,0,30,36,0,4,1,21,0,0,18,56,58,45,0,129,196,3,1,17,0,115,84,25,0,0,0,9
0,12,5,0,0,53,2,0,9,3,0,0,7,20,0,0,0,7,15,0,23,4,27,30,30,103,205,0,0,0,0,15
0,50,0,0,53,0,29,4,0,0,5,10,0,0,0,0,42,11,0,13,0,0,3,0,23,0,20,0,0,0,0,25
0,0,0,8,0,0,0,32,1,0,19,29,0,0,22,38,0,25,13,0,0,8,18,0,2,15,0,0,0,0,5,0
0,0,27,0,0,0,15,5,17,9,0,0,0,0,8,14,34,3,0,24,0,0,0,18,0,0,39,9,16,17,0,0
97,43,0,0,17,33,2,0,0,10,0,0,11,0,0,10,0,11,4,13,1,0,21,29,0,0,23,0,5,25,3,0
8,0,0,35,20,1,1,6,0,0,0,0,23,29,0,40,0,9,0,0,0,8,0,0,56,65,0,0,0,0,5,16
86,0,0,0,0,42,0,0,10,0,0,93,6,0,11,43,16,0,0,6,25,0,10,0,2,61,0,0,31,0,13,31
13,11,18,16,0,0,22,43,6,0,0,25,0,57,0,0,26,0,4,46,0,0,0,0,0,16,2,12,21,0,24,0
21,2,20,22,4,0,27,36,17,4,6,27,6,33,52,0,0,24,0,56,0,0,0,0,22,3,1,0,8,0,5,13
0,0,19,9,14,4,0,9,2,43,17,62,49,0,9,66,6,0,0,0,21,0,53,15,0,3,8,0,0,15,0,0
0,0,0,0,5,6,0,5,85,5,17,2,0,10,13,39,1,0,12,29,0,0,0,0,24,0,9,4,38,45,0,0
49,3,43,0,46,52,0,16,0,46,84,0,0,105,75,0,2,5,0,0,9,16,0,27,0,0,11,12,0,33,0,0
125,10,0,17,0,0,0,0,34,64,48,2,92,0,16,38,0,0,2,7,0,16,43,0,0,21,0,0,0,0,0,56
208,32,0,3,0,9,0,29,0,0,37,5,19,40,55,46,0,2,0,12,16,6,0,16,13,0,0,0,16,24,29,0
0,10,0,11,0,5,26,0,0,42,45,0,21,0,0,0,39,0,7,0,15,0,3,0,4,0,0,0,48,8,7,0
66,30,33,16,14,0,0,41,0,0,22,60,165,69,17,0,36,42,157,12,0,24,4,0,0,27,11,0,1,10,11,0
0,0,0,6,0,17,0,3,6,40,102,33,1,1,0,0,154,0,0,29,0,27,0,0,35,0,0,0,41,8,6,0
0,0,11,0,0,1,17,0,0,4,21,45,48,35,76,60,100,0,0,0,10,0,0,0,0,19,16,23,25,58,3,0
71,16,10,29,0,0,12,55,23,77,8,68,22,94,98,22,0,4,0,0,0,4,30,25,0,23,6,0,0,26,4,19
0,0,16,0,0,21,16,3,48,52,95,13,100,54,0,0,0,0,0,0,0,31,2,0,0,2,0,0,0,0,12,42
0,29,27,74,24,40,14,0,31,147,161,0,38,0,30,0,18,41,5,12,53,2,0,7,0,0,10,19,20,7,12,0
0,0,0,64,0,0,11,0,12,180,155,20,48,16,0,10,0,10,0,0,17,90,0,0,4,0,0,37,55,1,2,15
87,0,3,0,9,71,39,89,151,143,109,130,22,17,31,8,0,13,22,47,8,83,5,0,0,0,2,29,0,0,0,6
0,35,0,4,0,33,118,0,54,113,236,81,46,12,0,45,0,159,30,61,106,76,21,0,0,16,0,0,70,35,0,8
101,0,14,0,59,22,49,0,0,155,124,48,0,0,17,23,27,2,0,15,0,0,19,0,25,1,40,5,52,19,0,0
27,5,46,0,0,2,13,28,7,5,0,130,55,4,0,0,0,67,2,0,20,0,0,0,6,25,0,0,25,0,0,34
28,0,27,0,2,0,0,18,9,0,50,246,14,11,37,7,5,42,5,0,0,16,2,13,0,17,66,23,8,0,40,0
51,0,16,66,25,0,12,41,0,0,0,121,103,16,0,0,14,0,5,36,6,22,0,0,0,37,0,23,30,29,0,0
0,11,23,8,63,25,27,0,0,1,0,2,0,0,22,7,29,3,4,73,34,0,25,0,32,38,45,0,4,0,0,8
99,14,0,0,6,0,1,0,0,0,0,0,0,0,0,11,23,6,30,1,20,77,42,6,17,168,130,32,23,3,1,20
0,0,0,23,21,0,0,0,0,0,11,1,4,0,6,20,2,0,0,24,2,0,2,10,0,4,104,35,70,0,9,0
0,0,2,28,20,0,24,44,0,0,0,6,2,9,11,0,23,22,79,32,112,42,0,0,0,0,31,0,0,7,1,0
0,0,0,35,0,21,0,0,11,16,0,0,0,11,0,20,0,4,45,126,72,82,0,14,0,6,0,0,9,0,13,0
56,21,70,28,17,0,0,0,20,19,13,23,33,6,5,0,0,0,0,0,10,0,0,21,0,0,0,0,0,3,0,11
0,8,0,3,1,0,0,0,0,31,0,0,16,0,0,2,0,4,0,10,0,5,0,0,0,0,14,0,0,0,15,2
20,0,34,18,0,0,40,0,0,14,4,0,0,0,9,3,51,33,2,11,1,25,0,0,0,16,0,4,37,0,2,15
0,0,45,0,3,0,0,0,1,5,52,0,0,9,0,23,24,0,0,0,0,0,0,0,1,5,16,0,0,19,19,23
171,0,41,48,0,0,0,23,0,10,0,0,15,0,0,14,26,0,16,3,0,0,0,16,3,0,4,3,0,3,0,0
41,11,0,0,0,0,0,0,3,0,68,104,0,13,0,0,26,39,29,0,62,3,0,0,2,38,0,0,1,22,0,11
124,0,0,59,0,0,0,0,13,0,3,20,0,0,1,242,15,0,2,27,0,14,0,49,0,14,0,5,32,0,21,13
0,43,5,0,5,0,10,4,4,41,9,0,3,30,248,56,16,0,14,24,20,20,42,0,0,11,0,0,0,18,0,17
129,0,0,10,5,3,0,0,0,0,0,0,60,127,26,41,12,39,0,0,0,0,0,0,18,21,31,0,16,0,0,0
0,3,0,3,0,0,0,0,26,23,55,22,0,26,42,5,0,12,0,22,0,11,9,9,0,0,0,11,77,0,36,0
0,12,0,0,0,0,15,0,1,0,109,156,83,0,33,0,0,0,0,2,40,3,16,5,0,0,12,31,17,19,17,40
0,21,9,0,0,0,19,35,46,33,92,12,135,27,0,0,15,3,7,26,53,0,0,9,0,0,0,0,13,0,0,0
132,36,0,0,0,0,0,0,0,0,175,133,94,56,0,0,36,43,49,5,0,0,0,40,0,0,20,0,38,21,21,0
30,42,19,0,0,11,0,56,28,1,81,91,22,0,22,33,40,0,51,17,37,14,27,0,1,17,17,0,48,0,43,9
79,0,41,2,16,8,4,54,4,13,139,18,105,122,163,0,0,3,0,21,8,2,26,0,14,3,24,0,65,39,0,0
66,0,6,3,35,0,3,6,20,125,101,0,43,6,0,0,6,4,5,21,39,2,0,17,14,0,0,49,3,0,0,0
0,0,0,52,15,23,66,0,6,61,35,42,30,0,15,0,62,0,48,7,0,28,0,0,0,0,0,12,55,40,17,6
0,48,21,0,41,8,0,12,63,0,0,106,79,40,38,68,21,0,16,11,0,28,135,200,17,9,12,24,53,0,29,23
0,0,2,0,24,0,99,76,19,73,90,37,6,19,0,3,0,1,5,9,7,74,29,25,23,7,0,0,0,0,0,0
0,25,0,13,33,20,119,160,160,33,1,53,44,0,13,3,14,33,0,5,10,38,137,17,0,5,16,0,58,7,0,55
233,0,0,9,0,17,0,156,12,0,53,101,58,0,0,57,7,17,43,24,1,26,69,8,6,35,0,25,48,0,23,0
0,44,24,0,0,52,34,56,0,11,0,65,9,0,0,0,10,75,15,0,3,141,63,0,0,39,0,0,23,0,27,25
0,13,2,0,35,28,101,0,6,22,2,58,0,0,16,17,0,0,1,45,16,33,12,0,0,0,10,23,38,0,12,0
95,0,0,33,53,24,49,59,4,32,0,31,0,0,36,0,0,20,0,1,38,0,0,0,0,36,8,0,24,0,21,0
98,0,104,1,70,6,33,0,19,0,0,41,0,0,0,4,0,36,10,32,0,34,36,0,0,35,30,0,15,18,60,28
0,0,5,0,6,58,0,0,0,21,0,0,0,16,0,0,12,38,0,0,0,11,54,20,0,0,34,4,18,2,20,10
26,0,0,0,0,25,10,0,5,0,0,0,0,0,3,0,28,0,2,2,41,31,0,0,0,0,0,17,0,0,28,0
49,24,0,0,0,1,2,0,0,0,0,0,3,25,1,1,0,6,0,0,32,9,32,0,0,26,0,0,3,0,0,0
48,0,0,0,0,3,16,40,51,0,40,29,33,27,25,14,0,25,0,0,0,22,11,19,11,0,20,36,21,49,35,0
0,0,84,8,56,18,6,2,29,0,32,48,0,0,23,20,19,0,33,0,167,0,4,0,0,41,14,6,0,0,71,1
49,0,5,0,0,0,0,13,0,0,0,0,9,23,25,25,15,18,0,65,3,13,0,0,17,8,0,0,0,0,3,14
0,0,0,17,0,0,9,26,2,3,0,3,17,2,0,0,8,19,0,0,23,3,26,0,0,0,0,15,0,0,9,0
0,40,0,0,0,0,0,0,7,9,0,0,24,20,0,168,0,0,0,0,0,11,20,0,0,0,20,0,13,9,0,0
29,17,1,0,0,10,49,5,0,0,6,0,5,25,16,0,9,30,0,15,0,0,1,0,0,0,0,0,1,7,0,0
0,0,10,32,22,0,0,0,0,22,0,0,23,29,68,72,0,0,0,28,0,13,0,42,54,0,145,0,0,27,4,34
56,17,0,0,0,0,0,32,0,0,0,5,30,9,0,61,0,1,12,0,34,1,82,99,38,1,3,20,0,12,24,1
0,0,7,0,7,0,0,1,6,30,147,131,131,3,0,3,0,0,19,44,12,24,52,39,43,0,0,0,35,0,13,0
29,0,17,0,16,0,6,31,33,11,25,141,55,30,17,0,1,0,0,35,62,2,35,37,13,62,16,0,31,11,21,0
0,0,28,45,23,0,0,30,0,84,149,0,101,74,18,12,13,6,0,1,0,0,18,0,31,0,0,0,0,32,0,0
57,18,5,0,28,27,77,65,112,100,73,212,70,39,29,0,0,0,0,28,0,1,47,0,18,6,0,0,0,22,0,0
15,8,13,0,47,0,38,32,8,0,16,138,34,0,2,0,10,2,0,32,25,16,1,1,25,0,21,11,0,33,43,32
166,0,0,0,44,4,101,6,11,29,0,0,0,26,116,12,5,0,0,39,4,0,1,0,11,1,119,188,165,234,86,220
146,0,0,35,0,0,0,23,8,9,18,27,0,95,78,40,0,0,0,0,13,0,6,21,29,0,0,31,0,0,0,48
48,12,0,4,0,0,12,0,0,51,16,0,0,3,0,6,0,0,26,0,0,21,0,29,0,0,0,30,0,4,6,0
23,0,0,47,0,0,27,53,12,0,62,63,55,67,0,56,0,0,19,38,10,18,0,4,0,0,0,0,3,4,1,0
12,0,19,0,45,0,0,32,7,0,20,8,50,0,0,0,0,19,0,0,23,50,61,0,14,32,39,0,73,23,0,0
4,17,0,2,0,10,42,10,24,65,105,0,0,16,0,0,0,0,0,0,0,0,49,198,127,23,0,7,1,6,0,18
156,0,0,0,0,16,0,77,92,38,56,60,0,0,31,0,52,5,0,6,33,0,0,0,0,21,70,0,30,0,20,17
93,0,0,0,29,52,146,140,11,31,0,24,0,0,0,56,0,0,89,117,110,16,73,19,11,7,0,1,7,46,8,17
100,0,0,0,10,44,48,188,44,48,26,29,0,27,1,23,0,0,48,141,93,17,0,0,14,8,0,0,0,0,0,67
0,47,0,30,0,16,0,58,127,103,0,0,0,78,0,0,0,7,0,77,50,7,0,11,0,15,42,0,0,48,0,0
0,0,17,58,0,29,32,33,0,0,0,54,56,0,0,51,9,19,68,0,0,2,14,100,0,1,0,0,13,6,0,0
132,15,0,8,12,0,0,34,3,0,0,52,6,9,0,0,0,5,0,0,0,120,9,35,23,9,0,6,0,42,7,0
0,5,0,14,10,44,0,5,0,0,7,0,0,4,2,11,0,18,4,9,0,15,35,22,0,9,26,17,14,0,14,0
137,21,0,0,0,50,0,8,0,16,0,9,0,42,14,0,0,0,6,0,11,0,10,40,0,0,39,31,33,12,0,0
0,0,0,0,26,0,0,19,19,0,8,4,0,0,0,9,0,0,22,0,8,35,1,0,0,0,0,0,10,0,27,0
0,0,60,0,29,0,11,15,9,9,10,0,0,0,0,41,0,26,25,29,12,3,44,0,20,0,1,0,0,0,0,0
63,0,13,0,0,8,0,0,0,4,0,0,8,14,0,12,0,32,15,0,6,0,26,0,4,13,1,15,6,0,0,0
0,0,50,0,17,0,0,2,0,0,3,1,0,0,0,46,6,1,19,13,28,8,0,23,2,0,16,38,5,0,3,0
77,0,0,0,0,35,0,1,1,50,7,10,0,0,0,15,0,0,0,28,35,6,0,0,0,0,0,16,0,0,0,27
0,1,15,0,20,11,0,0,0,2,0,0,0,0,29,4,14,0,28,0,24,29,8,0,0,0,0,11,0,0,9,4
29,3,0,0,21,0,11,0,11,0,0,13,0,34,1,12,0,0,0,0,166,2,0,7,30,8,0,26,0,4,0,0
44,0,0,13,0,0,0,33,0,0,0,18,33,0,0,17,0,0,0,0,15,73,0,0,9,11,14,0,0,0,2,36
41,0,36,45,13,0,0,21,16,0,27,19,0,0,8,31,37,0,24,11,18,0,0,13,30,0,0,7,0,22,0,0
0,0,59,22,55,4,24,0,55,18,23,19,0,0,18,0,0,0,14,20,2,13,0,0,0,0,4,0,32,32,41,36
7,16,0,0,41,2,5,0,38,0,21,0,0,0,0,11,4,5,12,0,20,15,26,19,0,0,0,6,0,1,0,9
27,32,0,5,0,0,0,0,0,9,11,5,0,10,0,42,40,0,0,5,36,15,12,14,0,3,11,7,2,11,0,0
105,0,55,15,0,0,0,1,0,0,12,0,57,49,6,76,0,10,24,12,34,8,0,20,2,35,9,0,0,10,0,0
0,20,5,0,0,0,0,0,0,3,7,18,30,55,35,64,12,95,4,12,0,0,39,83,50,0,38,0,0,0,1,54
0,0,16,0,0,1,0,0,0,0,46,103,28,141,0,0,88,124,0,15,10,0,95,86,48,73,0,0,0,0,8,17
107,0,0,0,13,3,12,16,0,23,138,69,0,8,0,52,37,7,16,2,59,8,54,9,59,0,65,0,0,5,0,30
0,0,0,4,22,10,17,0,0,83,19,9,28,0,126,50,0,0,3,39,17,0,23,0,25,6,0,0,0,9,0,16
174,0,0,0,0,12,0,30,5,74,81,83,93,39,77,102,14,0,0,27,0,50,20,102,47,41,27,0,8,33,0,0
0,33,45,0,8,26,16,36,36,7,36,0,31,56,103,4,1,16,1,0,75,27,60,4,43,0,8,0,56,0,69,0
113,0,11,6,0,0,14,0,0,16,121,29,9,202,83,18,25,6,4,1,0,19,0,156,20,58,24,0,38,5,4,0
112,0,0,9,6,11,3,9,13,59,20,20,49,2,0,44,0,0,0,0,31,25,25,37,93,87,13,0,1,0,0,47
226,0,0,0,13,2,0,34,0,0,23,36,54,0,9,49,5,0,58,28,43,5,0,22,32,26,4,0,0,56,0,0
122,16,0,0,27,0,14,13,60,11,76,17,0,19,27,0,18,0,0,17,74,0,51,28,82,21,37,0,76,16,0,0
109,0,39,0,0,36,3,60,8,6,126,0,35,39,0,48,0,0,1,55,34,29,0,14,0,42,0,0,21,30,31,25
62,6,54,59,27,3,0,0,52,112,11,26,0,0,0,23,32,0,143,57,144,111,16,0,9,14,17,8,0,4,0,0
0,0,0,21,0,10,65,7,135,28,233,6,25,0,0,33,0,0,190,103,19,0,2,8,15,0,31,0,8,85,0,0
38,0,0,30,12,0,76,35,95,84,0,0,0,28,17,0,38,18,51,18,0,0,15,0,9,0,33,4,1,11,0,0
0,48,0,21,0,22,3,0,7,28,46,0,27,8,0,0,0,1,0,0,0,24,28,20,50,0,10,19,38,24,18,3
143,20,20,42,0,2,25,18,26,15,10,0,10,24,0,10,0,12,13,0,32,50,112,123,40,9,0,23,39,0,0,0
0,17,0,0,4,6,15,0,15,127,6,6,0,23,0,13,0,35,0,0,37,101,89,33,75,10,0,99,7,22,16,0
105,62,0,0,0,26,26,13,30,33,62,0,27,39,0,0,4,27,6,0,13,156,0,61,0,19,0,40,24,0,26,0
0,31,33,0,21,5,95,17,20,22,13,0,34,13,0,0,0,12,0,0,29,0,54,0,0,0,14,78,4,19,0,3
0,0,9,0,44,28,58,5,0,5,17,24,251,37,17,6,22,3,35,6,35,12,39,25,38,0,148,85,199,8,0,47
0,6,17,19,16,46,24,36,0,6,0,37,20,0,8,0,0,167,113,129,0,88,30,46,29,19,125,85,22,53,0,16
0,4,45,56,0,0,3,72,3,0,0,28,0,32,0,0,6,0,49,51,67,2,68,24,19,0,70,14,46,0,18,15
0,0,22,5,147,156,52,90,0,12,0,0,11,0,13,20,11,0,38,74,55,74,6,4,0,0,0,58,0,0,0,0
46,19,36,66,20,37,49,14,1,0,0,0,0,0,0,0,2,7,0,60,1,60,0,0,4,7,61,17,0,0,14,29
38,58,31,147,190,63,61,14,0,0,0,12,0,0,0,25,0,2,0,33,34,165,21,39,10,15,21,0,3,30,14,43
0,0,0,0,27,23,6,0,8,13,0,0,0,4,0,0,0,27,67,191,195,145,8,0,0,0,0,1,0,0,0,0
24,0,0,10,0,0,11,3,10,0,20,0,0,30,3,34,23,23,14,8,14,45,8,13,16,59,1,0,0,0,1,0
0,33,0,11,0,10,6,8,0,0,0,0,14,0,0,0,11,0,0,7,10,3,7,27,1,0,0,0,4,22,13,8
64,17,44,10,9,0,2,0,7,0,37,0,17,0,7,1,0,10,18,0,0,0,6,0,17,0,0,0,13,5,0,0
19,8,0,18,0,0,16,0,0,0,4,7,15,0,25,25,13,0,0,2,6,18,6,0,6,22,0,0,0,0,0,21
0,6,0,0,0,0,0,0,31,16,0,24,0,3,0,63,40,0,48,0,0,2,0,0,0,16,5,0,0,46,18,1
18,0,29,0,43,0,12,1,13,0,0,67,31,0,0,83,20,0,16,21,0,0,0,0,0,23,32,0,40,0,31,58
148,0,0,0,0,0,0,9,18,43,0,27,19,72,0,0,5,0,0,1,0,1,18,0,61,0,42,2,0,1,1,0
29,0,0,22,0,0,7,16,0,2,11,69,0,47,35,2,60,0,0,16,63,1,40,39,8,29,0,18,5,0,14,0
0,0,0,0,0,47,0,0,0,40,79,0,27,53,2,39,23,20,7,0,0,51,9,6,64,24,0,26,0,0,0,20
0,52,0,0,0,0,6,32,39,0,57,23,0,0,59,22,35,18,31,3,23,18,10,0,6,14,23,19,68,0,49,17
191,0,63,0,28,16,25,0,0,15,31,97,56,61,0,27,10,72,7,24,33,71,21,66,0,17,0,0,0,16,0,0
0,0,42,18,6,0,0,0,12,13,0,15,5,19,5,25,55,25,0,2,0,32,11,25,52,0,5,0,47,13,0,12
0,0,14,14,20,11,3,12,0,0,0,46,0,0,97,86,3,0,0,6,0,7,8,63,13,52,51,0,0,0,36,0
0,0,2,21,10,0,0,27,0,61,0,14,14,156,111,16,17,0,0,34,0,0,0,17,76,53,50,0,15,17,7,0
0,0,21,19,38,0,6,17,30,10,35,0,0,203,44,0,0,0,0,0,11,1,25,0,76,12,0,31,0,23,0,10
0,0,45,2,0,0,21,16,0,7,0,70,25,0,0,4,0,3,7,0,0,0,17,42,26,11,6,14,17,12,42,12
59,0,0,0,1,0,0,19,24,15,65,35,52,5,6,29,0,0,48,0,0,25,0,0,35,24,0,0,5,0,10,48
147,2,0,19,1,11,12,0,71,147,25,0,0,0,11,29,18,0,0,7,27,232,8,0,39,35,8,0,67,0,19,1
78,21,0,0,6,48,61,15,95,14,112,101,24,0,13,0,0,8,66,53,13,38,41,1,16,10,7,39,0,0,0,0
0,0,5,91,23,2,109,156,49,50,169,156,0,0,4,0,0,30,14,65,33,0,0,19,3,0,3,0,12,12,20,0
0,0,0,13,0,35,0,8,82,119,73,0,0,7,0,4,1,0,0,0,24,0,0,0,46,0,7,5,20,22,0,0
0,3,1,0,44,79,60,0,10,63,8,21,91,7,0,0,26,11,36,0,0,0,0,34,0,0,0,23,26,0,0,0
0,0,0,4,0,9,0,0,24,7,0,78,69,75,0,0,0,0,16,4,22,0,0,0,0,36,9,22,25,0,0,20
0,0,0,0,0,4,6,0,0,2,16,23,118,19,1,0,0,0,0,0,4,48,0,6,24,87,44,0,0,10,1,0
134,19,0,5,0,27,8,0,11,0,0,0,55,37,0,0,0,11,0,8,0,0,20,0,4,6,36,174,0,62,0,16
0,9,0,0,19,12,43,0,56,18,0,32,0,12,0,1,0,0,32,45,10,38,0,0,2,5,40,0,62,26,19,0
122,0,23,36,18,0,3,0,0,0,16,2,36,6,33,5,18,16,65,23,169,141,0,25,0,53,57,4,25,10,0,0
0,0,0,31,31,151,0,0,5,5,19,5,0,0,0,27,18,0,40,0,38,22,74,1,0,5,0,0,24,0,4,11
0,0,0,8,20,36,0,0,4,0,0,44,0,0,14,0,48,23,55,118,48,67,0,1,0,19,5,0,0,0,10,30
94,0,7,5,21,0,8,0,28,16,15,0,0,8,0,51,1,0,39,97,108,38,0,0,0,6,0,0,0,19,30,9
118,22,0,0,0,0,0,35,0,0,0,12,0,0,7,60,0,23,57,0,38,129,0,11,0,0,0,18,13,0,0,0
85,0,0,3,0,0,31,33,47,0,24,10,0,0,17,12,0,0,18,0,47,0,0,10,0,3,0,17,9,0,0,5
0,25,0,0,0,5,0,7,27,19,0,38,17,13,13,0,31,24,0,0,0,33,0,0,0,0,0,23,0,1,1,0
0,0,0,0,11,11,0,0,17,8,0,0,0,43,0,1,14,11,17,0,17,0,0,14,0,0,0,24,0,0,19,13
0,28,54,26,21,8,1,20,0,22,17,0,20,0,10,98,132,12,0,0,0,0,8,12,1,0,0,5,0,0,0,0
7,21,0,0,0,16,9,0,4,41,21,0,0,20,31,104,0,14,0,0,17,0,11,46,0,0,0,0,0,12,0,0
43,22,0,25,0,1,0,35,0,0,0,25,23,26,149,8,18,6,0,0,0,0,0,0,16,21,7,12,2,0,0,58
0,0,5,2,0,6,0,0,44,4,17,33,19,76,84,161,0,20,0,3,0,12,6,48,19,112,44,48,4,1,7,0
114,41,0,0,0,0,5,0,0,0,0,2,4,0,53,20,3,0,13,10,31,60,74,51,28,41,25,0,0,8,0,15
107,0,42,68,37,0,35,15,0,1,0,129,14,19,34,0,15,10,0,244,116,27,40,71,38,19,0,0,0,31,0,0
0,7,0,0,27,22,23,0,37,42,215,61,0,0,19,65,33,0,38,13,142,22,86,34,6,12,0,0,0,51,6,0
0,27,1,18,0,2,0,36,41,67,89,238,84,51,12,33,8,11,16,0,11,0,3,5,27,0,47,22,0,1,0,35
164,11,0,7,23,4,72,128,0,22,9,98,92,126,1,44,0,0,0,28,5,85,25,78,14,24,0,0,59,9,0,0
0,11,15,0,21,35,95,23,0,0,0,33,24,44,0,0,4,14,0,20,0,0,50,30,27,15,0,17,22,0,38,40
93,0,29,0,10,31,6,17,0,21,0,5,6,0,47,13,27,4,17,2,33,9,29,86,0,0,0,5,37,71,24,0
0,37,65,0,15,0,8,14,22,54,20,56,15,0,58,31,4,0,18,0,13,44,1,22,19,1,0,0,0,7,16,13
178,0,21,0,40,0,8,34,0,0,38,60,41,27,0,16,0,0,6,22,0,0,4,0,0,0,0,27,38,126,5,28
0,67,30,2,0,3,81,0,16,80,32,0,1,40,27,35,2,19,0,0,0,0,16,14,17,0,74,23,0,69,0,55
35,0,0,14,5,0,14,69,36,0,7,31,31,0,10,22,24,4,24,0,32,0,0,23,238,92,118,0,67,0,31,0
140,47,0,7,0,0,32,0,97,76,73,0,11,0,4,1,0,29,0,16,13,10,17,8,73,54,0,0,60,4,0,3
0,0,0,0,2,84,103,88,109,133,72,19,0,3,0,0,0,0,25,40,53,25,49,17,23,11,18,0,29,0,0,39
93,14,37,0,0,0,115,160,17,168,81,2,87,0,0,0,0,6,13,51,47,42,12,0,39,16,8,0,22,13,18,10
2,35,30,0,0,59,10,81,66,57,0,82,0,0,0,5,0,0,13,29,19,0,0,0,0,17,34,0,11,21,0,0
19,0,0,23,8,61,99,114,26,25,38,0,21,0,5,0,0,6,3,0,0,31,61,27,17,3,0,14,0,46,0,0
0,0,0,31,0,0,24,42,6,7,0,52,14,0,0,0,23,0,0,34,8,28,1,21,42,18,9,15,0,7,0,3
32,9,58,0,8,71,20,50,2,0,0,5,11,0,0,4,0,21,5,0,2,18,29,32,52,11,37,30,0,0,0,0
103,1,1,0,39,0,60,38,0,0,0,19,0,0,0,17,10,0,61,0,0,35,0,0,0,48,0,0,22,0,1,4
0,38,0,0,39,24,28,20,2,3,0,0,0,0,0,0,7,24,14,18,15,0,16,0,0,0,0,4,56,13,2,3
0,35,5,30,20,0,3,1,0,9,1,3,0,16,0,0,0,100,85,9,10,12,4,7,0,16,10,15,0,0,0,2
53,0,0,0,0,54,18,0,57,12,0,0,0,18,6,54,11,0,28,0,31,0,0,0,0,27,0,0,0,9,2,0
0,0,65,5,59,8,24,0,0,35,0,0,6,18,2,0,34,0,58,11,0,0,0,43,9,0,4,0,0,12,0,0
30,0,38,46,31,51,16,0,0,42,7,19,0,0,8,0,23,0,9,13,48,0,0,0,0,12,1,0,0,17,0,0
0,0,14,6,0,11,0,0,0,0,0,0,18,5,0,0,0,25,57,25,16,26,4,0,0,0,10,0,0,0,0,29
0,0,0,16,5,0,0,23,0,7,0,0,10,14,3,0,0,13,0,13,110,0,0,28,0,0,0,49,0,0,0,0
0,17,0,14,0,0,0,2,0,6,0,0,0,0,0,0,24,36,19,42,16,0,0,25,0,13,22,7,12,0,25,0
11,10,0,99,15,0,12,0,21,2,14,3,0,0,5,0,0,0,0,5,0,0,0,0,1,14,5,12,0,0,20,16
0,33,2,0,29,14,0,0,24,22,40,0,2,0,76,117,21,25,51,0,36,0,40,0,1,0,0,23,28,10,24,0
0,0,4,4,13,23,2,3,0,7,17,0,0,21,168,0,11,0,0,0,1,1,0,17,0,0,149,0,12,2,0,25
0,16,42,1,0,0,0,3,18,3,24,0,7,49,71,0,0,0,3,0,0,7,5,100,96,83,11,0,0,0,0,28
0,64,1,0,0,0,0,28,15,27,0,0,21,21,27,0,0,0,53,41,0,10,244,125,0,12,0,0,35,16,55,19
0,23,31,0,12,17,2,0,0,0,15,16,38,28,46,0,21,4,0,26,5,166,116,25,39,0,0,21,0,6,0,20
0,32,0,0,34,0,15,3,24,21,78,71,139,45,0,0,2,39,0,148,95,13,3,30,23,29,0,0,0,0,0,20
0,0,0,0,27,0,0,0,2,0,13,130,221,13,2,0,0,0,0,20,58,0,31,14,48,0,0,0,13,0,7,0
65,23,0,0,28,36,0,57,106,102,158,244,36,5,0,23,0,0,15,1,0,27,0,0,0,16,0,0,19,18,0,0
228,8,40,26,21,0,36,75,11,125,35,163,56,40,12,13,12,1,0,0,0,21,9,41,26,4,34,0,35,19,1,33
103,0,8,0,11,72,117,20,41,2,0,61,177,1,0,0,0,0,16,0,0,54,25,0,0,2,0,0,32,23,80,39
41,0,12,0,24,49,2,1,31,7,33,14,51,0,0,0,14,0,0,1,52,1,4,9,0,0,22,74,31,30,106,73
0,0,0,0,0,0,9,38,4,0,0,0,31,13,8,11,29,4,0,0,0,33,0,0,0,34,18,60,19,126,7,30
188,68,11,0,0,33,19,0,29,0,0,42,5,37,3,0,0,0,7,23,14,6,0,16,0,0,0,0,16,23,12,0
38,0,0,13,0,17,24,14,13,37,1,0,7,9,11,0,45,0,4,1,0,17,0,0,0,18,0,0,0,28,10,4
112,14,0,0,14,0,63,90,48,0,3,17,42,3,9,0,6,0,0,20,2,0,16,42,18,20,101,0,0,8,0,0
36,24,0,18,0,1,31,25,30,54,45,20,8,29,0,0,29,22,0,0,11,0,26,37,75,54,35,33,28,35,0,16
141,60,0,25,2,6,25,0,7,32,0,21,0,20,0,22,0,0,1,1,5,32,0,43,0,21,47,19,18,30,21,30
0,0,0,0,0,0,0,75,200,78,19,0,16,0,0,3,0,19,13,107,18,6,76,81,104,25,11,0,0,53,0,50
58,0,0,5,0,63,23,0,222,75,39,16,34,7,0,24,6,0,2,22,48,107,33,3,35,41,11,0,10,48,1,5
0,0,49,28,0,0,60,133,51,142,17,0,2,0,0,0,0,39,0,28,38,71,114,191,48,0,27,0,24,8,0,0
120,25,13,21,0,0,8,54,50,21,0,67,0,0,0,16,9,4,0,0,72,0,11,52,0,40,0,27,0,0,24,0
120,0,0,0,0,0,0,229,162,14,0,30,0,0,0,0,0,4,44,74,0,0,15,4,62,44,95,0,0,11,2,6
0,25,7,0,0,0,45,16,10,7,55,0,8,25,3,57,0,0,60,19,79,13,0,0,31,25,13,0,48,8,0,19
77,4,29,18,72,3,19,0,16,0,9,4,0,56,7,0,0,47,15,237,193,6,23,0,7,0,7,0,72,2,20,62
21,0,6,22,45,0,17,0,0,0,67,0,6,50,0,0,0,49,0,128,0,17,30,14,13,4,0,0,0,29,0,0
0,0,23,5,27,35,32,1,22,11,0,0,0,14,0,5,64,19,30,7,28,0,0,36,0,0,16,9,35,0,16,0
0,62,14,0,0,0,0,23,0,6,0,0,30,3,0,0,0,29,115,6,27,25,0,0,3,0,0,17,13,5,26,24
0,0,0,0,11,0,0,0,4,0,18,0,14,9,0,0,9,25,4,16,22,5,0,6,10,0,8,7,2,5,2,11
0,44,0,0,0,0,0,0,0,9,47,9,0,0,32,56,15,13,35,0,43,15,7,0,6,9,17,22,39,0,0,25
58,21,0,0,0,11,30,30,9,0,33,0,4,5,0,0,0,0,0,1,82,24,18,0,24,7,0,0,0,5,19,10
0,18,0,2,0,8,0,11,8,0,10,0,29,13,0,0,32,0,0,6,11,1,0,0,0,0,7,2,0,0,3,7
1,0,0,0,0,4,0,28,0,0,0,12,8,0,0,0,0,5,0,0,0,9,1,0,5,49,31,1,47,0,0,45
0,0,43,0,0,0,0,1,14,8,30,14,30,0,9,11,0,0,0,0,0,21,38,0,14,9,7,2,0,0,0,18
43,0,0,41,36,23,0,2,0,1,3,7,12,4,0,0,0,25,0,0,0,0,0,0,0,0,11,23,0,6,7,9
0,24,86,10,0,26,0,8,21,7,0,0,0,7,0,0,4,0,17,0,0,4,11,9,0,24,0,4,0,0,0,0
53,0,37,21,16,0,0,0,0,33,16,0,66,41,0,0,0,8,0,31,0,10,15,35,12,0,0,46,0,2,0,0
18,1,23,8,0,0,0,31,0,0,0,17,0,9,10,97,0,4,0,6,0,18,0,16,41,58,24,29,30,0,3,10
155,2,7,43,5,0,0,7,9,0,5,83,39,0,17,22,0,0,0,0,43,41,12,62,21,24,0,3,0,0,23,33
0,22,35,0,0,41,0,43,0,0,118,11,33,56,0,71,0,1,0,0,53,26,112,5,64,25,0,0,16,23,0,62
0,0,0,0,0,49,0,0,1,58,118,12,42,0,84,0,6,2,0,2,0,0,27,8,0,20,30,0,5,14,14,32
0,0,31,24,53,0,0,29,0,71,80,67,77,11,16,32,2,0,0,42,17,95,22,39,62,29,11,0,2,15,0,18
123,5,0,42,7,12,0,55,5,20,36,0,4,40,33,0,7,0,3,0,97,23,2,1,26,13,0,29,27,0,52,11
0,0,12,35,14,0,3,123,21,0,31,10,31,19,78,25,13,0,0,8,24,0,31,78,6,64,0,0,29,19,0,0
0,34,0,0,0,11,0,0,45,89,26,0,38,1,224,18,0,1,9,0,82,66,79,17,0,31,0,9,27,0,2,37
11,1,49,13,25,0,0,43,0,0,63,79,15,28,133,19,0,4,23,29,0,0,48,10,51,11,44,0,9,36,0,0
0,4,0,38,0,0,46,0,12,64,8,62,33,5,38,2,0,0,0,10,19,18,27,0,35,0,54,0,20,25,1,0
0,0,0,8,0,0,11,8,30,22,98,55,123,2,46,0,0,11,16,0,28,31,11,21,6,3,0,0,16,0,12,3
104,0,0,5,0,0,0,28,4,18,64,47,2,26,0,6,18,0,0,51,85,51,0,6,0,33,13,29,26,18,0,35
0,3,0,0,16,33,44,0,16,103,214,47,0,1,0,2,0,29,25,1,37,59,0,0,3,0,0,28,10,0,16,9
0,0,0,0,8,0,5,79,29,121,129,0,20,0,0,13,16,8,5,9,0,0,0,0,0,0,1,14,6,0,0,28
19,0,11,4,47,101,21,17,0,67,134,57,1,44,0,0,10,9,44,2,25,0,0,0,16,14,47,0,0,0,4,36
0,27,0,127,33,28,86,57,17,63,0,68,5,0,0,2,25,23,0,32,0,0,0,55,0,20,12,0,50,25,0,0
0,0,0,26,0,4,0,23,0,54,62,0,0,46,0,0,0,0,0,0,25,78,23,94,29,0,40,0,0,0,9,0
0,2,38,2,9,20,0,48,2,0,0,3,0,0,0,16,0,11,29,77,10,166,45,8,81,0,75,0,17,14,0,20
93,26,0,16,10,52,84,36,56,16,0,11,0,12,0,0,0,0,24,20,0,30,0,0,39,46,10,0,25,5,18,0
0,0,0,0,57,10,34,38,60,0,0,17,50,14,0,9,10,0,67,59,43,0,11,14,27,0,0,0,124,25,7,8
0,0,7,41,62,13,0,36,10,13,0,0,51,38,14,0,0,95,109,103,0,17,31,45,44,11,5,145,241,15,0,0
7,0,0,14,51,177,20,0,14,4,12,52,0,43,0,18,33,20,90,27,93,50,55,2,2,4,33,3,0,15,0,21
101,19,0,23,233,168,68,240,11,32,0,0,2,0,0,0,24,0,74,26,10,40,7,0,10,12,0,63,19,0,16,51
54,1,0,67,64,40,81,138,10,0,8,1,12,0,51,33,0,0,24,48,123,62,0,0,0,26,0,12,4,0,17,0
69,2,16,70,226,94,210,34,0,0,0,10,0,0,0,33,14,16,26,19,49,113,166,2,17,5,31,0,7,42,14,0
30,0,16,0,62,112,33,45,0,0,0,16,22,0,3,3,19,11,0,72,168,41,48,40,0,0,55,0,4,0,7,18
134,27,0,34,0,20,5,0,8,13,25,16,0,0,0,113,43,0,0,9,6,7,0,7,22,0,17,17,0,0,3,0
10,0,11,0,0,0,0,0,0,14,36,0,0,16,0,39,145,0,0,6,0,22,8,0,2,0,8,10,0,0,25,22
14,0,10,26,12,4,0,8,0,0,3,27,0,6,17,0,18,31,21,0,0,0,0,0,0,0,40,5,0,7,0,0
0,44,0,19,0,0,19,0,7,9,18,5,16,0,28,0,0,12,0,4,0,25,12,20,1,0,0,0,4,0,0,0
40,57,0,0,0,18,0,5,16,0,22,7,31,18,43,0,12,14,9,9,0,0,27,23,36,0,54,0,0,0,0,27
0,0,0,0,24,17,0,0,0,7,0,20,31,0,41,49,10,0,0,0,0,0,0,0,3,2,4,25,0,13,0,31
0,26,0,0,0,0,0,44,17,0,0,0,30,80,0,0,2,5,7,0,0,0,14,7,51,1,20,6,21,0,0,43
93,0,0,0,5,17,4,48,0,0,28,127,28,0,9,48,0,0,19,33,2,13,22,0,63,59,0,0,10,47,26,20
0,20,0,0,33,0,0,74,0,0,13,55,17,19,14,0,38,0,0,46,0,0,5,0,11,0,11,9,51,46,12,0
69,0,4,9,15,2,8,16,23,6,22,0,12,5,13,22,0,19,33,26,13,0,55,8,16,10,8,0,0,39,0,12
39,23,10,39,7,0,14,0,4,0,0,27,54,65,0,38,4,0,0,1,0,30,14,22,0,17,23,17,0,31,0,1
78,0,0,0,3,0,0,0,12,43,22,0,0,72,0,0,0,37,16,0,8,3,13,2,22,0,0,44,9,0,22,16
50,5,13,69,18,0,0,73,0,0,16,28,0,0,0,0,7,13,0,20,13,0,0,28,0,30,31,1,9,39,14,0
0,0,38,0,0,0,2,0,49,42,20,0,35,0,93,193,94,0,13,0,11,0,31,16,78,61,16,0,23,0,0,0
0,8,28,10,25,0,44,22,8,0,67,56,45,0,230,157,6,0,62,9,0,0,0,26,11,3,0,9,18,32,0,11
0,0,8,2,0,20,63,28,12,0,21,27,0,0,40,8,0,0,0,34,33,0,0,0,16,40,0,0,19,21,15,0
0,4,0,21,0,0,0,26,0,99,245,195,65,47,0,0,0,0,0,13,28,37,24,0,0,0,0,26,4,23,0,27
49,0,13,3,14,51,101,138,68,30,244,185,18,0,4,36,0,0,0,12,0,30,0,49,88,38,13,29,0,1,0,0
0,20,0,33,199,80,157,88,130,56,203,234,123,30,0,7,32,11,8,61,0,58,27,90,23,4,90,22,3,35,38,7
50,0,40,46,162,29,109,99,91,89,62,16,144,0,0,29,22,0,18,20,16,40,67,0,35,29,2,12,2,20,18,19
156,21,20,99,103,90,24,22,27,73,78,0,0,34,0,0,0,0,0,0,0,25,17,0,0,0,0,24,0,0,7,37
0,22,0,176,54,32,143,160,0,0,0,0,114,249,231,0,0,8,0,0,40,0,7,0,0,40,0,1,4,11,16,15
122,39,56,14,0,12,0,32,6,4,0,16,49,197,144,0,0,0,0,18,0,0,16,15,8,13,0,14,0,11,0,3
0,0,0,37,14,7,0,0,15,17,0,0,83,13,22,0,0,0,0,39,25,24,5,13,40,42,7,86,214,148,0,0
162,16,21,17,0,5,12,10,0,6,32,22,74,45,30,0,0,32,0,0,0,30,0,0,45,0,35,55,52,32,0,13
0,0,0,52,53,179,137,6,2,0,18,0,16,1,0,13,0,0,0,23,16,108,0,6,0,0,53,8,126,5,0,11
0,12,3,24,125,8,29,40,3,0,0,0,0,0,2,18,28,0,49,19,15,103,150,58,0,16,7,2,15,0,13,31
18,8,0,80,48,104,37,27,0,10,24,0,0,23,0,0,71,107,0,3,31,58,86,62,1,9,49,90,0,0,0,40
84,0,0,16,29,0,0,110,0,4,0,0,0,0,30,0,253,156,45,30,34,59,50,0,29,25,71,76,24,5,14,0
115,38,0,8,0,5,0,0,0,0,0,12,10,0,0,21,4,24,17,48,50,28,0,38,0,18,0,0,19,8,34,0
0,1,0,0,0,0,6,29,0,27,0,18,0,0,0,0,0,85,30,3,7,92,0,5,11,3,54,0,0,3,0,0
0,48,17,27,0,4,3,0,0,0,18,0,33,0,0,0,22,14,3,0,4,26,5,0,0,18,12,34,9,0,0,49
86,0,47,0,4,0,0,11,0,0,0,16,3,0,4,0,16,3,0,25,0,11,0,0,44,33,36,7,0,13,0,0
0,2,33,0,59,0,2,15,0,12,12,0,5,45,9,21,0,3,0,5,0,0,0,20,37,4,0,29,0,0,16,23
80,0,0,50,0,27,0,0,10,19,2,18,0,0,0,0,16,0,16,0,0,16,0,9,0,3,7,13,1,0,0,0
0,7,23,49,0,3,0,0,0,25,0,0,0,14,0,0,17,0,13,0,0,19,17,9,0,0,14,23,6,7,0,0
0,0,18,0,6,0,16,0,0,2,9,0,30,2,0,3,27,187,22,6,0,17,6,7,0,1,13,0,0,29,0,0
60,2,0,0,0,0,0,40,0,0,0,0,56,1,10,44,86,112,14,2,14,50,0,7,0,1,0,23,0,0,23,8
0,0,0,21,0,0,0,19,38,0,73,32,14,0,0,97,61,0,0,21,26,0,21,22,21,0,10,0,0,28,0,0
96,26,0,83,14,0,0,20,0,24,3,35,0,0,2,11,82,14,0,0,1,0,0,0,0,77,83,93,12,215,0,0
110,11,0,33,0,22,0,0,12,14,6,9,93,159,30,0,0,0,0,4,7,45,61,227,41,109,0,58,18,9,2,17
81,0,0,0,0,20,0,0,45,33,30,22,75,50,22,11,0,25,0,0,15,60,24,0,0,43,41,102,0,0,0,8
14,0,12,0,32,0,0,0,0,21,43,0,177,249,211,157,30,5,0,7,0,0,45,66,74,2,122,43,37,17,6,20
0,0,0,0,0,29,0,22,0,16,19,30,45,216,108,18,1,28,2,11,0,0,57,30,71,5,0,12,23,0,23,0
0,0,28,29,0,0,53,0,0,13,0,25,106,23,0,16,0,0,0,5,38,0,8,83,29,24,20,3,17,0,2,0
136,0,11,0,0,0,0,22,48,42,76,40,162,0,0,169,33,121,16,8,30,20,37,25,18,48,0,10,0,8,0,7
46,0,0,0,6,0,19,51,54,1,0,66,0,72,27,64,4,36,31,14,0,9,0,14,0,2,0,0,89,11,42,65
68,8,18,16,19,5,96,38,12,61,3,16,0,9,0,0,30,55,24,0,4,10,37,0,0,6,0,8,60,23,47,35
122,0,5,21,0,20,29,92,23,7,59,28,131,16,0,0,0,0,0,0,0,4,51,1,8,0,0,39,53,0,98,78
0,36,9,0,4,15,11,25,0,26,32,9,0,10,16,0,0,0,3,16,31,5,0,0,0,4,0,14,0,2,0,30
0,0,0,0,30,0,9,29,74,20,68,50,33,7,28,3,0,0,27,28,24,22,18,90,58,144,204,182,18,47,136,115
0,35,0,0,0,0,93,147,71,155,198,29,0,24,23,9,15,0,0,0,0,5,0,18,59,115,112,0,61,33,197,214
11,0,3,0,0,20,16,69,104,53,184,31,0,9,0,23,3,0,0,68,94,5,3,6,0,26,6,24,21,8,12,0
6,9,0,0,0,0,33,37,84,38,41,17,0,0,0,6,18,0,0,171,65,33,209,52,29,0,0,0,26,16,0,0
0,0,0,31,0,0,0,0,25,10,0,2,0,28,0,0,0,0,0,129,232,134,0,19,5,52,0,47,13,11,17,2
61,43,0,9,0,0,19,0,0,0,0,11,37,3,1,11,12,0,49,55,0,90,0,0,16,82,29,0,0,2,12,0
6,18,0,9,68,52,117,0,0,0,0,10,0,0,6,16,0,9,7,0,27,80,16,20,28,0,0,13,44,0,6,0
78,0,0,0,25,50,66,23,30,0,11,0,0,35,4,0,5,8,34,52,54,0,22,12,1,8,0,18,17,19,0,0
86,9,0,0,0,33,0,24,0,14,28,0,10,26,0,0,0,54,46,0,55,54,73,0,6,48,0,0,0,0,0,33
0,91,41,9,11,28,0,23,46,0,7,0,0,25,0,0,24,0,69,18,54,0,42,6,0,40,46,0,0,10,7,0
0,21,20,2,0,14,0,25,36,0,0,42,0,5,0,12,0,0,19,35,23,0,0,0,0,29,40,0,0,0,3,3
25,34,1,15,5,28,0,0,23,35,0,0,0,0,0,10,0,10,6,21,32,8,0,27,0,0,0,10,0,0,10,0
0,30,0,3,0,0,49,24,10,8,0,0,0,0,11,23,43,0,49,0,0,28,0,0,0,37,0,0,0,0,0,40
29,16,0,2,10,0,3,0,0,8,0,0,0,4,0,16,0,0,0,0,0,0,0,0,0,23,4,5,13,0,21,6
0,7,0,0,9,7,10,37,12,0,43,0,3,3,0,8,0,0,14,3,0,17,0,0,0,0,0,0,0,11,7,34
0,19,0,0,6,0,0,0,0,16,16,0,0,0,6,0,19,8,0,0,2,3,5,7,31,7,11,8,0,0,0,28
0,53,0,0,0,7,49,10,18,0,0,20,0,17,10,0,0,14,113,10,0,0,49,1,0,5,0,11,0,18,0,29
29,0,42,22,0,0,12,10,8,7,0,16,0,18,0,0,0,15,212,7,0,0,6,0,0,8,0,20,0,5,0,11
17,44,0,24,3,0,0,18,0,25,0,51,0,17,0,5,22,254,43,10,0,0,0,0,0,4,51,0,0,25,0,0
59,11,19,0,13,4,1,20,0,15,0,0,16,9,31,25,231,4,2,5,6,3,0,0,0,0,0,0,9,0,12,10
0,0,30,2,15,3,0,7,0,11,10,0,21,23,46,111,0,2,0,0,0,2,0,14,0,7,26,9,8,43,0,52
0,37,0,0,0,0,0,22,0,21,0,103,11,0,0,28,0,0,1,0,27,6,8,0,0,237,173,37,80,34,2,0
56,51,5,0,0,0,0,13,0,1,16,48,134,88,30,59,22,0,8,0,0,0,73,127,25,48,84,0,46,26,32,6
0,0,0,0,11,0,0,10,0,39,96,241,126,110,92,1,0,17,0,6,0,52,46,0,15,1,7,13,0,0,12,11
4,0,12,0,0,16,33,13,57,47,50,139,57,94,5,86,37,0,10,0,0,12,0,44,0,14,6,3,2,0,0,0
5,0,0,0,20,1,10,0,115,19,17,0,0,58,252,7,0,0,0,16,0,0,4,0,36,0,13,14,0,11,0,0
0,0,0,32,0,0,0,165,0,22,91,0,77,141,0,0,0,17,0,0,17,16,69,37,26,1,0,47,0,0,0,0
0,34,0,0,6,36,0,13,41,7,50,0,49,6,0,0,0,0,0,14,0,7,0,18,23,24,1,0,0,3,33,3
0,0,0,24,9,20,18,0,21,47,5,23,81,13,57,0,0,7,31,1,0,0,2,0,0,9,0,0,70,98,161,132
181,27,0,18,0,0,0,55,38,3,9,52,53,0,17,24,71,11,0,0,3,0,48,0,0,0,0,0,127,0,114,216
0,25,42,0,0,18,0,88,6,0,43,0,68,32,2,0,0,21,0,12,0,0,18,20,0,20,0,11,12,0,0,34
54,1,0,0,0,5,0,34,16,16,50,7,0,0,20,2,30,5,34,0,0,14,0,0,0,26,0,18,10,0,2,13
0,0,5,0,0,30,39,0,34,13,25,59,1,13,26,0,2,5,7,8,0,0,0,33,29,7,35,32,0,70,0,8
0,0,28,0,0,2,6,14,135,30,2,34,7,34,21,0,0,1,13,0,5,39,0,0,132,35,36,22,101,10,18,56
80,0,0,0,0,0,7,54,151,24,116,112,4,0,0,0,2,7,20,0,6,1,14,40,60,147,73,28,20,0,22,42
0,0,0,25,0,0,56,50,61,51,0,0,0,0,0,46,0,0,2,0,36,4,38,209,210,0,11,9,37,28,0,0
63,0,0,8,0,17,4,23,84,68,25,32,0,0,4,18,22,0,8,15,7,140,45,69,134,26,32,42,21,0,3,41
146,19,0,4,1,6,12,20,19,13,0,0,15,13,5,0,11,0,0,3,7,123,0,10,0,5,54,9,4,8,0,21
107,0,74,46,0,9,18,0,0,0,0,14,13,0,0,0,0,4,45,3,13,33,0,0,29,41,0,0,0,0,1,59
0,22,37,0,25,0,2,35,0,49,0,22,6,0,13,0,16,0,37,64,32,0,22,5,22,10,19,18,50,0,0,0
19,20,6,9,40,0,2,29,0,25,10,20,0,16,20,19,4,48,34,125,0,0,45,34,0,47,33,16,0,0,9,15
78,16,0,0,19,29,0,2,40,4,11,16,7,0,23,0,10,0,39,2,18,0,93,1,9,0,33,11,0,0,18,11
0,0,0,33,44,0,2,10,0,0,0,0,13,5,0,0,12,45,70,0,31,0,12,25,0,0,0,55,5,0,0,0
0,17,32,5,8,0,5,0,0,0,0,0,3,0,0,7,0,17,3,0,39,58,0,33,0,1,0,0,0,0,7,36
0,24,0,3,0,0,5,24,38,6,0,0,0,0,0,23,0,18,18,19,22,31,0,0,0,0,0,7,0,0,0,20
32,2,31,1,1,0,0,0,9,0,6,0,0,0,5,17,0,0,7,3,26,0,0,0,27,0,0,0,0,0,0,0
56,0,35,10,41,1,0,5,0,0,0,0,17,5,27,0,0,0,11,0,0,0,0,11,0,10,1,0,0,0,0,25
0,0,0,32,0,0,0,0,8,5,43,0,41,0,36,0,17,0,14,12,0,0,0,0,9,8,24,0,35,0,7,0
31,0,14,9,49,26,23,0,0,0,12,0,0,0,0,0,0,4,32,4,6,17,0,21,7,0,0,5,8,2,0,34
0,0,0,0,0,18,0,17,0,0,31,0,0,0,0,0,16,0,21,22,0,10,6,0,15,0,0,0,25,13,16,0
0,12,49,0,0,17,42,1,15,19,37,10,0,0,0,21,14,13,121,0,0,9,0,19,0,5,0,0,14,17,8,39
0,31,5,14,8,0,7,5,0,4,0,0,0,0,0,0,15,11,44,11,23,8,15,0,4,13,0,10,0,0,19,8
134,0,0,0,24,3,13,18,60,0,20,52,0,0,16,0,33,83,58,19,0,0,0,0,0,0,7,13,8,0,0,0
0,0,7,0,0,35,0,0,18,0,34,45,14,0,3,5,44,69,84,95,99,5,0,5,0,33,9,3,2,0,18,4
0,58,0,0,0,13,11,0,54,16,92,19,0,10,0,35,0,32,0,5,6,24,0,0,69,0,32,1,0,26,12,8
53,7,4,0,22,16,28,0,4,5,0,10,0,21,0,16,93,33,66,119,11,4,0,0,0,17,22,6,14,0,24,10
0,39,0,0,0,5,8,0,40,57,0,71,42,48,110,61,67,43,61,20,0,0,24,70,64,0,52,9,8,8,0,22
80,0,1,0,13,0,0,0,26,17,0,11,2,77,139,24,18,55,92,0,64,14,0,0,36,6,45,41,13,0,25,26
0,0,8,25,2,0,13,45,9,8,23,0,39,95,93,32,74,5,0,43,76,14,0,72,0,39,0,4,0,0,0,7
0,0,72,0,0,0,6,20,0,48,105,0,50,17,193,54,33,158,39,101,0,0,7,6,125,205,72,81,21,22,0,20
0,8,0,0,0,6,0,34,0,58,120,72,0,95,26,0,23,29,100,0,11,12,3,9,47,52,69,40,45,0,39,0
50,0,3,3,0,0,52,0,14,0,94,24,9,37,0,0,83,66,0,0,0,11,0,13,31,31,32,87,53,5,13,82
175,0,22,6,0,12,18,10,0,21,117,0,129,76,0,0,81,45,11,0,0,46,15,66,22,0,3,37,19,11,0,55
0,0,23,2,27,0,0,44,0,26,36,18,31,0,16,108,47,20,5,0,26,8,0,33,35,40,56,25,1,0,0,81
189,0,0,0,0,0,62,0,13,16,0,65,19,0,2,6,0,2,0,0,24,29,37,8,55,0,71,34,11,0,28,63
0,32,5,0,0,16,17,23,4,0,0,77,97,3,21,0,2,0,14,42,20,0,45,46,63,33,13,0,12,13,24,52
37,3,0,0,7,74,0,20,11,38,50,86,50,56,22,0,0,0,14,24,15,0,10,28,10,0,0,52,13,6,43,0
0,0,0,0,0,0,0,54,8,179,61,75,120,9,14,0,0,0,3,29,24,0,99,92,75,43,75,1,0,0,0,16
0,0,46,0,5,59,0,0,29,167,144,125,41,0,27,0,0,0,10,0,0,23,48,24,79,49,137,82,0,37,0,0
80,0,0,22,0,20,27,52,37,0,11,115,4,12,0,5,24,13,0,5,0,140,84,15,0,34,8,3,6,8,0,0
3,0,0,18,13,13,51,20,6,24,125,178,223,0,34,51,0,0,9,35,0,6,10,2,0,0,31,0,0,65,0,0
0,0,22,0,90,4,8,0,18,0,131,91,0,0,11,15,11,0,0,64,0,29,0,0,26,17,0,0,83,5,10,21
112,25,16,0,9,26,12,0,3,33,8,0,12,41,11,9,0,14,16,3,14,34,18,46,0,48,1,35,0,10,20,0
0,0,10,0,0,18,4,0,5,0,10,22,183,95,0,21,46,2,0,40,114,0,91,20,22,118,60,0,5,22,14,0
0,0,17,32,63,0,16,50,0,11,4,0,0,115,31,14,25,0,53,67,32,6,5,14,4,23,9,0,73,17,0,0
0,0,43,0,0,63,14,0,23,18,35,0,18,0,0,1,0,0,12,0,60,57,0,0,0,13,0,34,75,9,0,0
55,55,14,0,0,52,97,0,16,27,0,0,0,0,0,0,0,13,0,16,13,140,70,5,52,0,0,0,58,75,0,26
73,0,10,30,48,113,0,116,26,0,9,7,8,43,0,0,0,5,0,4,48,0,16,2,19,6,0,38,0,2,16,0
48,12,0,55,1,113,166,53,0,0,6,0,0,0,0,11,2,0,0,11,9,56,9,0,3,10,0,0,29,41,9,0
0,3,0,8,0,0,16,9,0,0,0,11,0,0,0,15,0,0,28,60,96,15,2,0,23,4,43,2,0,32,0,13
83,0,0,40,0,0,0,31,0,0,12,15,0,0,8,0,9,0,12,23,0,6,0,0,0,0,13,0,0,39,0,9
0,27,0,0,16,15,6,0,0,27,0,0,0,0,0,0,16,20,0,23,0,0,0,0,0,15,0,24,0,13,10,0
25,20,0,0,0,0,5,0,11,0,0,8,4,0,0,0,0,0,10,0,9,5,0,13,0,0,0,36,0,0,0,0
1,0,10,0,26,0,0,0,19,0,0,38,0,0,0,0,7,0,0,7,3,0,20,1,0,5,0,7,1,0,5,7
0,65,9,0,0,56,0,0,20,56,35,0,24,0,0,0,0,49,46,0,3,18,4,8,0,0,0,22,0,0,0,0
0,9,0,0,25,16,36,9,28,0,29,78,0,13,31,0,55,31,48,0,61,18,0,0,0,1,0,1,0,15,41,0
0,0,0,0,0,34,18,0,0,0,41,0,23,17,0,50,21,17,5,11,0,0,39,0,62,1,39,0,0,0,0,0
0,0,0,9,0,0,4,0,70,0,43,0,14,0,34,0,36,33,118,44,28,15,0,0,0,0,2,13,0,1,3,7
139,0,0,0,0,0,0,0,7,34,5,43,26,80,0,24,17,91,18,28,8,0,10,27,3,6,0,29,0,0,0,10
24,0,0,0,0,36,0,0,0,3,53,0,0,5,50,19,0,30,21,0,0,0,0,21,5,0,0,24,0,0,5,0
102,18,36,11,5,45,0,0,4,0,32,31,20,77,41,73,44,23,71,0,0,0,4,13,0,47,0,32,0,0,27,21
96,8,0,6,18,0,12,19,19,12,12,26,86,0,87,63,51,98,3,55,28,0,0,12,2,83,73,0,12,4,0,14
0,0,0,28,40,0,0,29,23,13,48,79,9,51,41,3,5,23,87,50,45,0,2,0,0,70,45,18,63,0,0,0
0,11,0,0,0,0,0,0,0,35,30,0,47,37,0,90,202,173,29,0,0,19,23,6,30,0,0,21,46,6,4,0
0,0,0,0,0,0,22,14,4,27,57,0,97,52,121,108,220,59,0,0,19,0,0,11,5,0,43,0,3,0,0,64
0,0,14,0,0,0,0,10,61,0,31,51,0,0,17,156,0,0,0,5,2,0,6,30,5,0,44,0,39,1,0,12
0,64,25,20,0,0,12,39,32,32,108,225,190,0,0,22,6,11,2,8,0,0,35,0,7,24,112,12,45,6,30,0
0,12,1,0,0,27,60,129,22,62,155,182,22,85,24,47,1,0,18,0,23,14,83,0,35,3,0,26,0,0,6,41
0,58,0,7,0,57,52,48,47,52,106,216,95,56,2,0,0,11,12,0,14,26,1,25,19,0,21,46,7,20,24,71
0,0,58,19,0,31,43,2,17,97,19,125,80,218,12,0,14,0,0,0,0,3,86,0,14,0,16,0,8,0,3,0
0,71,0,5,20,9,0,23,11,42,22,104,1,145,122,133,0,16,0,28,0,15,58,32,27,20,38,0,37,9,0,24
23,25,19,10,48,0,21,0,0,0,23,0,81,0,79,8,12,28,9,0,4,2,29,1,30,0,42,10,23,5,14,0
57,54,0,9,0,7,0,0,0,5,2,2,0,47,91,0,9,30,3,0,0,0,5,2,0,16,0,0,22,49,17,10
67,0,77,46,0,0,0,0,6,0,0,0,0,24,12,3,0,0,0,16,0,0,0,0,0,11,3,22,92,35,8,0
94,0,4,0,0,0,44,116,0,0,0,28,0,0,33,4,8,0,0,8,0,54,112,59,0,0,27,0,11,40,0,0
93,0,27,19,0,21,0,64,0,24,0,29,1,0,4,47,38,0,0,14,0,20,127,50,34,27,6,0,0,13,0,10
0,0,0,0,22,27,0,45,0,0,8,7,27,0,32,6,14,103,4,0,0,74,168,62,8,1,40,0,8,0,14,0
0,6,16,20,0,9,0,0,21,0,49,0,9,64,0,13,0,0,13,0,5,10,0,20,0,0,0,0,4,22,2,31
66,0,0,18,0,0,0,9,0,0,15,0,0,0,1,0,14,0,11,7,0,17,61,13,0,0,0,0,0,0,0,0
4,0,0,16,0,0,0,43,0,11,0,0,27,26,9,0,0,0,0,31,65,0,0,18,25,0,8,11,0,22,0,0
62,0,42,5,16,0,0,6,10,3,40,0,29,0,0,0,27,24,0,1,19,62,96,0,26,1,0,2,0,0,0,0
73,0,0,50,0,34,6,10,0,0,4,0,7,0,35,0,18,0,0,15,0,2,4,0,0,5,7,0,11,0,0,0
126,24,0,0,36,9,0,21,0,23,1,0,0,10,1,3,235,6,0,4,0,0,36,4,0,0,0,0,8,5,0,0
73,93,0,21,5,22,0,0,0,2,0,0,0,20,11,140,137,81,23,3,0,0,3,25,0,11,0,0,0,27,0,11
107,10,0,0,0,0,1,45,0,0,33,14,13,0,22,108,154,52,27,0,2,0,0,14,35,0,5,61,11,8,0,7
37,0,12,28,0,0,20,21,70,0,0,0,74,5,0,109,0,34,0,16,0,0,69,166,236,168,53,130,22,4,0,20
0,7,0,0,9,0,8,14,0,0,67,82,194,25,0,15,16,39,11,0,48,13,57,68,23,62,10,14,0,0,17,0
172,0,0,0,17,0,3,0,0,8,15,130,191,45,77,0,74,82,18,0,51,18,56,67,17,97,60,0,1,0,0,22
141,99,38,13,0,10,37,41,8,39,57,24,255,146,192,34,0,6,2,0,0,29,44,16,85,34,8,35,0,0,36,0
0,0,6,0,7,0,18,32,2,12,0,5,0,0,0,40,11,0,0,19,0,0,6,16,4,27,16,15,36,16,0,19
119,1,2,42,0,0,0,0,13,0,18,48,30,128,57,172,41,5,0,0,0,0,32,93,1,45,0,70,6,7,0,126
42,0,0,22,0,16,0,0,16,29,0,0,5,0,0,33,80,21,0,0,5,0,17,6,48,8,7,19,0,11,76,32
8,0,0,4,14,0,0,58,16,5,0,26,74,76,78,23,48,0,0,0,0,22,0,0,0,0,7,0,0,9,1,69
126,0,14,0,38,0,42,29,13,0,0,58,91,0,122,0,41,0,28,29,1,0,10,0,118,181,144,0,27,0,9,5
137,0,20,45,19,2,1,6,17,6,36,37,60,10,131,96,0,2,0,0,0,0,0,23,159,116,43,19,0,69,0,0
79,0,0,36,0,56,18,72,30,81,0,52,34,12,16,39,0,11,0,0,0,0,32,32,17,25,4,16,0,0,9,0
0,17,45,0,14,2,58,39,142,80,57,149,89,23,0,11,0,20,12,49,33,0,16,0,29,31,13,0,13,13,0,29
0,0,0,53,18,0,0,75,34,248,244,56,0,0,7,29,1,0,49,98,39,14,0,4,29,52,60,0,15,0,0,57
0,43,16,0,38,0,50,0,18,0,0,52,0,19,0,0,0,0,14,22,0,0,7,0,0,7,23,4,0,0,4,0
0,57,96,56,0,6,27,88,88,33,12,106,54,43,0,0,0,0,25,15,2,24,5,12,71,52,1,0,8,48,1,13
24,0,0,0,20,0,0,19,20,62,26,46,6,8,0,27,40,24,12,36,0,0,0,4,16,7,9,22,0,0,0,45
16,30,0,0,19,0,66,0,0,37,0,77,0,0,16,0,23,0,24,17,23,0,0,88,27,0,27,0,24,26,34,0
0,16,0,7,26,5,35,0,4,0,0,37,16,12,2,0,0,0,0,0,30,5,26,0,61,0,21,0,0,7,0,3
87,23,0,6,0,53,13,53,0,23,1,0,5,0,7,10,0,0,0,0,4,0,26,0,26,9,12,0,0,0,4,25
0,0,59,0,0,5,57,0,0,12,0,0,0,16,10,0,27,6,0,1,0,10,0,60,0,4,0,24,17,2,0,0
63,0,0,41,0,10,0,7,29,0,0,49,1,0,0,0,0,0,0,0,0,0,19,29,0,16,35,0,27,20,7,0
0,38,52,4,1,0,6,5,0,0,7,0,11,0,0,31,0,41,8,0,21,34,46,8,25,0,34,0,32,0,0,32
0,0,0,0,25,51,0,0,72,0,0,0,0,11,13,0,0,0,0,18,0,0,21,15,32,3,10,17,0,0,0,7
40,28,32,0,0,0,15,95,0,12,0,0,10,12,8,0,6,39,0,21,5,11,25,6,0,7,0,8,1,15,0,0
0,17,0,45,6,0,0,66,0,5,0,21,0,0,3,13,5,0,0,69,0,0,3,0,0,44,28,9,8,0,0,0
49,0,36,0,0,15,0,19,0,0,23,0,7,4,8,0,0,0,0,14,0,12,0,0,0,6,0,0,0,3,0,0
0,58,55,43,62,0,0,0,0,0,13,7,0,28,2,0,14,0,0,1,0,0,0,0,18,11,17,7,0,2,7,18
0,55,0,25,7,0,4,0,8,0,0,0,0,0,9,0,0,0,0,16,13,9,46,2,10,0,0,0,7,0,0,0
0,0,0,0,0,21,0,5,0,0,1,0,28,19,0,0,0,0,19,0,0,3,14,0,0,2,0,19,0,0,16,0
11,0,2,0,5,0,0,12,9,16,0,27,0,0,50,213,43,3,0,40,0,0,14,4,0,0,0,0,0,0,0,0
69,29,0,0,0,0,0,29,11,0,0,11,5,0,24,0,0,0,1,40,0,3,0,0,0,84,56,5,0,0,6,59
60,0,45,30,31,12,28,13,0,0,7,0,4,0,3,49,6,0,24,0,16,17,32,136,122,164,9,3,4,15,0,0
0,0,9,0,20,0,30,15,22,0,3,80,175,0,16,1,32,0,5,4,0,41,21,66,22,16,59,0,28,24,6,0
52,0,0,41,18,0,21,0,0,0,134,106,71,113,0,0,0,14,20,8,108,0,13,34,21,0,0,26,7,0,6,0
9,0,0,56,46,0,0,0,3,0,73,113,152,1,0,19,13,0,0,0,3,19,0,65,0,30,0,0,10,0,0,0
0,0,9,0,11,37,9,29,10,24,97,99,235,72,0,24,8,22,0,0,0,0,45,8,91,9,14,72,0,0,0,51
0,0,0,27,63,0,7,93,62,42,0,83,26,17,0,30,91,0,10,0,0,19,3,25,0,0,26,13,14,6,26,91
124,0,0,0,5,0,0,45,14,12,7,86,188,13,0,65,32,29,0,13,7,5,3,8,8,56,3,48,0,69,56,0
0,0,26,61,0,0,14,0,7,0,33,35,27,0,41,4,27,1,0,5,1,2,8,0,0,1,7,5,165,25,15,4
0,0,0,0,0,0,0,15,0,0,59,27,19,18,103,6,30,0,12,24,0,0,15,5,5,0,38,0,7,26,34,79
191,0,0,26,0,0,16,0,0,70,17,16,40,16,36,33,32,0,19,36,0,0,0,5,62,94,32,0,30,3,0,23
144,0,0,0,12,1,0,0,37,75,24,15,75,38,24,209,108,8,29,0,0,0,0,12,35,43,0,69,63,15,75,0
82,0,98,18,57,0,69,6,21,7,0,7,56,14,1,11,16,7,20,0,21,37,22,0,0,47,56,28,31,23,44,29
93,23,6,0,0,0,4,44,125,9,56,0,122,0,9,43,0,7,0,13,20,29,15,56,80,0,37,28,19,0,0,55
54,20,0,0,0,16,0,23,4,100,98,80,0,0,0,39,0,0,23,0,132,7,0,36,116,196,15,23,0,0,16,47
113,0,27,0,0,9,6,0,43,42,204,87,0,0,0,52,0,6,33,48,34,5,22,113,229,0,26,20,23,12,7,53
148,0,12,0,0,26,25,22,16,120,41,20,30,0,13,0,0,0,0,48,26,0,75,243,189,27,8,3,0,0,0,38
0,2,0,75,25,0,24,22,136,5,87,63,0,0,10,21,28,0,0,17,2,17,0,115,27,41,0,5,14,0,26,19
127,0,36,16,34,0,70,120,54,48,0,25,33,0,13,27,26,6,81,63,17,11,13,0,16,28,0,1,25,0,0,16
0,0,0,0,51,7,0,31,164,180,12,0,2,30,23,0,21,16,35,37,12,0,0,4,13,13,20,1,0,16,9,0
91,0,34,21,0,0,18,65,3,0,43,0,18,41,0,10,0,76,27,0,5,0,16,17,16,24,3,0,0,41,25,0
84,0,0,72,0,51,0,0,16,0,11,5,6,19,0,0,2,48,14,28,0,14,0,47,35,10,0,9,11,3,0,0
0,0,0,34,12,0,0,5,0,31,0,30,15,0,22,63,0,0,0,13,0,0,0,33,14,24,16,0,1,8,0,0
35,0,0,20,1,0,13,6,0,0,13,39,36,0,9,17,10,10,24,3,41,0,89,0,19,0,7,0,24,28,0,2
0,34,72,23,32,40,23,0,20,3,10,0,0,0,0,0,0,8,0,22,0,0,0,20,0,18,0,0,11,0,51,0
39,66,48,9,0,0,0,14,0,0,0,12,37,24,21,31,39,0,15,10,0,0,26,0,0,38,0,0,23,0,9,0
0,0,0,10,33,0,53,0,41,0,0,0,0,8,20,0,22,12,6,42,0,0,0,7,0,24,9,0,9,0,19,2
52,50,0,0,0,29,0,0,0,15,24,0,38,20,0,0,0,0,0,21,0,0,0,0,0,15,0,0,18,25,14,0
3,0,32,0,0,73,0,0,0,0,0,37,0,11,0,0,8,19,5,0,8,0,0,19,25,0,0,0,0,18,29,0
43,0,0,0,0,31,7,0,38,3,26,41,0,0,0,15,7,41,9,19,1,51,0,6,37,0,0,25,17,21,3,0
9,26,0,0,33,21,0,0,0,11,0,0,16,0,0,34,0,16,14,0,0,0,0,0,3,0,0,0,31,0,24,28
0,7,0,30,0,0,0,36,22,25,0,0,11,0,0,0,0,4,6,10,0,23,43,28,0,13,0,0,8,42,0,0
115,0,50,6,49,0,17,10,0,0,0,50,20,0,1,20,25,0,13,0,1,0,0,0,8,0,0,0,0,12,0,11
3,0,11,0,17,0,0,0,0,15,0,25,2,0,9,7,45,0,0,0,0,6,0,5,5,23,23,33,6,0,0,12
0,24,0,0,0,1,0,0,27,0,33,11,36,0,54,60,4,0,0,7,0,0,2,5,0,0,33,0,19,0,0,35
0,0,0,0,15,14,9,24,43,0,0,32,0,0,4,77,2,0,0,6,1,25,3,1,19,41,0,14,16,7,14,0
0,56,43,12,0,43,0,0,37,0,61,86,6,5,14,14,0,18,28,0,32,0,22,29,32,31,14,0,27,0,46,7
46,45,0,0,0,40,0,0,59,13,86,0,25,25,0,27,0,0,0,0,5,5,54,15,0,0,0,1,0,0,0,0
52,30,0,11,0,37,0,27,3,40,35,21,29,14,102,24,47,13,0,0,31,31,0,4,0,0,0,18,8,8,0,4
0,75,10,8,0,0,0,0,15,0,54,88,57,27,0,99,0,0,0,0,0,0,22,87,12,6,64,8,0,7,0,27
0,0,0,0,0,0,0,0,26,35,56,0,46,3,84,0,0,0,8,0,24,59,11,0,15,0,0,23,0,3,0,31
0,0,0,0,42,0,24,0,5,0,92,42,25,20,118,17,25,3,13,0,20,0,0,81,0,0,10,52,48,0,21,37
92,16,0,16,0,28,0,12,16,0,71,0,79,3,43,0,0,15,17,9,0,10,0,0,10,5,16,0,0,19,0,0
0,59,0,16,0,0,0,12,27,73,27,94,28,89,84,82,2,31,11,0,21,13,0,0,0,0,46,0,0,10,0,29
42,0,0,0,0,0,39,11,0,4,60,0,69,76,0,0,26,0,7,38,10,0,21,0,25,21,0,25,4,16,2,50
95,4,0,0,13,58,31,3,34,30,81,0,174,49,56,15,0,6,5,0,13,31,0,0,0,0,0,24,0,0,25,12
0,0,6,21,0,0,14,0,0,28,22,22,17,0,21,48,47,1,2,3,0,39,17,0,0,56,30,4,33,0,0,5
147,0,0,47,0,27,35,3,0,16,4,50,0,28,45,19,43,0,12,6,3,1,3,19,31,0,14,54,0,26,4,12
77,1,0,8,18,0,2,0,0,0,39,0,86,34,0,24,21,0,45,13,18,15,49,0,13,27,25,0,2,0,0,29
0,0,0,16,0,35,0,59,26,0,25,84,13,0,23,41,53,0,0,0,0,15,26,26,3,0,0,0,0,28,0,0
155,26,13,26,23,34,49,0,36,141,38,18,59,0,0,0,9,42,13,0,0,0,40,76,0,0,0,4,42,28,0,0
0,0,10,0,0,26,7,0,112,1,45,59,25,14,0,23,42,1,0,2,0,82,18,9,0,0,3,30,0,33,0,0
63,0,39,2,0,57,19,6,25,0,45,97,8,0,0,36,0,7,0,0,48,10,4,0,0,30,0,12,10,0,0,20
0,0,35,7,7,58,0,0,0,185,74,113,0,0,0,19,27,47,4,13,90,70,0,0,0,45,1,0,2,19,0,35
114,0,6,1,22,7,23,0,10,92,0,53,1,11,1,7,0,0,11,0,0,21,5,25,21,26,0,2,33,0,2,0
74,0,0,0,0,18,17,0,17,12,12,24,0,24,13,0,9,25,0,0,5,28,0,6,7,14,0,23,0,0,0,0
0,0,0,4,0,11,0,5,0,4,34,62,212,33,9,15,0,0,0,0,40,0,54,18,0,5,0,51,0,0,0,0
119,0,0,0,0,101,0,0,3,10,34,30,88,40,3,0,1,0,22,3,37,24,34,13,17,0,7,88,0,0,0,0
0,26,0,2,15,20,23,9,10,0,0,0,49,0,27,13,0,0,7,0,39,36,0,1,12,23,29,0,7,5,0,19
76,0,35,60,26,16,6,0,0,3,0,0,0,0,30,20,18,0,8,0,15,65,0,125,12,16,234,154,8,1,34,0
27,25,0,92,23,68,60,0,0,7,23,9,11,0,7,0,0,0,0,6,29,0,5,24,0,0,25,24,82,0,0,43
92,16,13,54,66,110,63,0,22,25,28,2,10,0,13,49,50,0,22,5,4,14,0,0,0,0,5,0,0,29,27,52
0,3,51,0,0,0,0,0,33,12,9,0,41,0,16,0,6,0,56,49,0,0,0,0,0,0,18,7,0,0,20,30
