57,0,0,19,16,29,0,26,0,17,12,6,13,13,18,16,12,12,5,0,9,7,5,24,1,0,67,0,62,19,0,0
0,0,8,3,0,1,4,27,0,17,0,0,0,19,32,0,20,20,0,0,0,10,5,11,0,0,0,0,0,0,0,0
0,0,10,6,0,0,0,28,0,0,19,26,0,44,10,0,4,0,0,29,0,14,0,0,37,0,65,10,0,11,1,0
0,0,6,0,0,23,0,5,0,4,9,5,37,21,16,28,1,0,5,24,1,0,0,0,8,0,0,0,11,45,0,21
0,5,5,0,8,29,0,12,0,0,15,63,17,17,0,4,0,6,5,1,0,0,16,10,0,0,0,0,20,12,17,0
0,0,0,0,0,0,0,17,9,9,45,60,0,0,7,2,0,18,18,0,76,20,36,0,0,0,14,13,41,0,13,66
28,0,0,13,0,0,7,0,16,0,105,10,27,5,9,0,0,9,8,32,31,0,43,0,33,36,28,0,12,14,0,15
0,4,55,28,31,0,0,10,6,0,10,16,0,0,21,0,0,36,48,6,0,17,36,0,0,3,24,0,0,0,2,0
120,0,35,0,0,0,46,48,0,254,0,45,1,0,8,11,1,0,14,0,0,3,20,0,0,0,0,0,0,14,0,0
0,0,0,16,29,0,0,7,70,223,0,10,26,0,0,3,7,2,38,0,7,5,0,4,0,3,0,16,16,16,32,21
186,47,31,0,7,74,2,0,50,18,127,30,0,1,5,53,43,8,38,0,32,0,0,8,0,0,0,1,0,0,39,24
59,0,26,14,45,0,33,9,61,133,33,0,1,0,18,0,14,6,16,5,41,17,22,3,11,0,0,0,0,9,5,0
150,0,0,0,0,107,0,0,139,10,58,31,10,4,0,10,32,0,62,52,12,13,4,0,0,0,3,0,5,0,18,0
121,25,0,0,56,113,99,4,16,18,34,0,0,0,50,38,77,39,11,0,8,3,0,0,10,0,0,0,0,10,41,0
119,3,38,7,0,173,109,230,148,25,58,0,20,10,0,0,159,26,0,44,0,0,25,2,0,0,0,12,0,5,37,0
5,78,0,0,40,29,242,76,74,30,0,0,0,24,0,6,68,15,0,0,0,23,2,42,77,34,6,0,0,22,40,13
5,64,74,97,130,221,115,31,70,28,32,3,17,4,0,0,0,3,7,11,39,42,64,42,46,1,77,0,0,0,16,0
62,0,68,156,50,29,114,119,115,47,8,0,0,0,6,45,7,0,0,0,48,21,41,0,113,60,0,5,0,0,13,43
0,0,50,79,108,6,50,48,121,76,7,13,0,5,0,19,51,11,14,0,11,32,0,36,0,0,0,0,0,0,0,0
25,0,35,17,49,76,104,102,56,3,31,13,0,0,0,0,70,70,154,176,208,28,21,77,5,0,0,9,0,2,0,15
0,18,0,0,22,0,16,1,10,8,0,1,15,0,0,13,0,31,112,0,121,85,26,4,0,23,70,4,0,7,0,8
0,8,36,11,9,0,6,20,0,0,17,0,0,0,112,32,0,0,55,88,3,75,42,13,66,18,0,0,0,18,0,0
37,48,65,14,194,71,0,7,36,0,30,37,0,102,36,22,27,24,71,47,41,61,5,0,6,22,27,0,23,3,62,44
30,15,99,14,110,2,0,1,59,58,12,6,0,30,109,0,0,10,44,60,53,0,24,20,43,0,0,14,0,13,50,0
0,1,62,23,21,0,16,0,20,3,26,12,0,6,0,0,0,76,92,92,0,34,51,12,0,4,0,24,0,21,2,9
0,8,45,90,1,8,0,0,0,5,2,0,0,8,17,31,17,34,90,74,39,0,82,0,29,0,10,0,17,4,0,37
0,12,0,0,0,0,0,0,35,18,0,0,0,46,2,0,10,10,88,32,76,14,0,0,0,0,24,26,13,39,10,0
0,49,0,8,48,0,0,0,0,32,0,0,0,69,55,0,0,0,29,0,11,0,0,41,0,0,0,0,0,27,16,0
0,0,0,0,0,3,0,26,0,11,0,38,0,0,0,8,0,1,16,3,0,0,10,0,3,22,24,0,1,12,17,34
0,20,0,9,15,0,3,0,29,0,31,0,20,7,0,0,28,8,15,6,3,0,0,0,0,14,3,1,8,18,0,0
25,9,0,0,0,19,6,0,0,8,0,0,0,5,0,0,0,16,0,4,0,0,20,6,0,0,0,0,0,6,2,0
12,0,0,27,0,6,13,34,0,0,28,0,0,0,0,17,1,6,0,0,0,0,36,0,19,26,17,4,3,0,16,32
0,27,0,1,0,10,0,0,182,86,0,7,0,0,0,1,0,27,0,14,14,0,0,0,0,20,0,9,0,0,0,7
0,0,5,0,0,5,0,87,197,0,0,45,2,0,15,0,10,6,7,20,0,0,0,36,0,3,4,54,0,0,22,9
117,0,10,0,27,7,0,124,183,18,22,46,0,0,0,0,16,0,0,0,69,129,0,16,1,0,0,10,12,0,0,7
0,0,0,14,11,0,0,34,30,26,10,20,0,0,3,1,43,51,247,46,69,19,0,0,14,30,0,0,22,0,0,15
0,0,0,29,43,0,0,16,19,0,44,53,40,0,37,143,90,22,50,42,14,0,35,0,35,14,0,0,28,0,0,21
0,0,0,0,19,15,0,0,0,0,27,49,18,160,23,5,123,55,11,9,116,0,0,0,0,2,3,6,0,0,35,0
64,0,0,25,67,124,0,11,0,0,27,0,26,45,0,55,6,13,0,0,14,21,0,10,0,0,23,0,0,0,22,0
6,0,11,41,74,69,146,128,81,0,39,31,0,45,0,0,21,0,0,59,5,0,3,6,124,166,38,1,5,53,0,0
43,7,0,3,0,122,140,96,33,0,14,11,58,0,10,59,17,0,0,16,48,43,101,182,202,10,10,0,0,13,0,0
0,0,0,17,6,87,183,4,0,2,43,0,2,0,0,7,3,21,3,0,0,2,18,0,24,4,1,22,1,0,0,0
0,0,0,28,0,16,42,39,37,55,122,12,0,6,13,1,2,0,0,2,46,6,0,65,9,65,0,6,0,22,0,23
103,12,0,0,20,74,66,34,0,90,12,17,10,0,0,9,6,0,1,12,16,18,6,0,0,34,0,0,57,32,0,74
92,0,0,0,55,24,11,49,49,7,14,0,35,24,28,0,20,25,97,140,119,66,24,43,213,255,40,0,0,5,0,0
82,0,16,15,0,51,113,17,22,3,0,6,23,9,14,0,4,30,95,222,131,95,54,0,51,81,8,0,0,0,0,0
118,0,101,29,0,0,32,43,4,0,0,0,10,0,3,0,0,0,0,48,0,2,6,20,8,0,0,6,0,0,37,0
0,0,11,22,0,11,10,10,25,18,0,2,0,0,17,0,0,0,74,37,47,32,16,34,0,0,2,9,0,0,0,0
0,2,0,0,55,16,22,16,0,9,0,0,0,33,126,0,109,11,19,8,33,34,33,15,0,0,0,0,0,19,0,0
25,0,19,200,58,14,0,28,0,0,21,0,35,8,234,30,22,0,0,91,0,21,31,0,13,30,0,21,2,0,5,12
0,0,18,110,178,128,116,42,0,3,0,0,0,11,0,9,0,0,44,46,43,55,12,33,6,23,10,0,0,0,0,29
18,21,110,3,177,61,122,11,0,14,1,2,0,0,9,0,9,9,0,21,27,25,35,44,29,24,0,9,16,0,0,99
36,0,0,0,198,0,12,0,0,10,0,14,0,0,37,42,27,0,9,0,4,76,48,12,1,14,0,29,0,0,0,0
80,0,35,11,57,4,35,5,0,0,8,16,0,16,0,2,0,2,0,0,28,57,18,0,5,0,90,59,45,0,4,0
0,16,54,0,43,0,16,0,0,0,16,18,5,8,37,0,0,20,18,9,0,19,0,6,0,0,16,79,0,0,10,0
0,0,0,16,48,0,11,3,0,0,0,14,0,39,0,20,0,16,33,32,30,0,11,40,0,2,0,13,0,0,9,0
0,17,0,5,0,14,0,0,42,15,0,36,0,14,0,0,14,109,85,37,19,56,21,23,0,0,0,19,6,36,16,0
0,0,5,1,29,3,22,2,49,13,61,22,22,37,9,11,12,0,36,11,0,0,9,12,25,15,8,21,0,70,0,78
0,0,36,20,19,26,0,0,8,0,0,3,0,0,0,13,33,0,71,2,31,0,6,6,6,0,0,5,39,0,0,47
0,0,23,0,45,0,0,38,6,0,19,0,51,0,14,0,28,10,7,0,7,9,0,21,0,1,15,6,0,17,18,22
0,0,0,0,0,0,0,56,10,0,18,42,0,0,0,0,22,10,39,0,36,0,45,14,11,5,0,7,0,0,23,0
9,0,31,0,0,0,0,0,11,4,0,13,32,8,24,0,0,17,12,13,0,0,0,24,0,8,0,9,0,25,7,0
0,0,0,9,0,0,19,0,13,9,34,2,0,0,5,7,16,7,2,0,0,0,42,10,0,0,0,7,20,0,13,20
19,70,27,23,0,7,0,11,32,9,3,0,16,0,0,22,4,0,0,13,1,7,0,9,18,0,1,0,0,0,24,37
0,0,79,0,0,27,0,0,13,179,0,0,0,9,5,0,28,14,5,3,0,0,0,6,0,4,23,27,0,0,25,56
0,0,8,0,4,0,5,27,0,20,8,0,0,0,0,24,0,10,0,0,5,0,6,10,2,0,11,0,10,51,9,20
44,11,0,0,10,16,19,0,120,63,0,0,0,31,0,0,32,0,8,0,12,16,4,15,0,0,0,0,0,23,0,27
0,0,10,44,7,0,0,81,145,0,0,0,0,0,13,0,10,21,8,7,8,0,23,0,41,0,4,0,36,0,0,0
0,0,0,50,6,0,12,0,121,0,28,35,0,0,0,10,0,40,38,0,0,3,26,0,9,3,0,8,4,0,0,0
0,0,16,0,0,3,17,0,60,0,0,97,0,4,11,5,63,139,36,61,22,0,7,0,0,13,9,0,26,0,36,13
0,0,0,36,0,0,0,71,201,0,0,11,0,0,34,52,23,0,0,50,0,0,0,0,0,49,15,0,39,0,0,0
0,15,4,16,22,0,46,4,87,0,59,50,26,17,112,0,20,13,0,26,39,0,56,0,20,25,35,7,4,0,0,44
0,38,24,0,0,0,60,72,0,19,4,0,0,86,0,0,63,21,0,0,0,6,15,49,0,0,8,20,28,0,0,0
59,17,15,6,28,20,9,62,0,0,7,24,0,2,26,12,0,17,16,0,0,0,36,9,47,0,0,9,6,0,0,0
172,0,0,83,11,0,7,40,0,16,38,23,0,12,0,32,0,0,45,9,4,23,26,76,35,79,8,0,17,0,0,0
22,46,0,9,65,49,26,0,16,30,0,0,4,35,12,29,20,146,19,7,14,0,0,18,65,55,5,12,48,20,23,5
78,2,12,36,14,67,8,0,4,7,0,0,3,6,7,0,2,0,5,0,7,18,1,36,75,0,25,15,0,33,0,0
2,0,0,5,2,150,7,0,0,21,0,15,0,16,1,27,7,0,0,2,32,18,32,0,6,35,0,6,0,19,16,0
27,58,43,0,65,15,0,36,1,0,0,15,28,37,0,44,0,0,12,0,23,20,5,5,25,0,5,3,64,0,57,89
0,34,49,0,45,0,91,28,11,0,0,31,33,5,2,0,14,6,135,11,52,18,0,0,26,46,0,0,0,0,0,33
20,28,30,0,0,131,123,0,14,0,0,18,0,0,0,0,16,9,67,115,68,5,0,31,18,0,4,5,0,0,0,0
0,0,42,29,0,10,96,1,9,0,0,0,0,7,3,0,0,4,21,97,21,20,0,0,59,80,10,0,30,15,0,18
0,25,0,0,0,16,22,0,0,32,0,10,0,4,0,25,6,9,3,7,0,51,29,60,129,146,10,5,1,0,16,0
99,38,47,0,24,6,5,0,21,24,21,0,7,17,0,0,6,23,53,126,84,22,48,36,22,13,1,9,45,0,34,0
0,32,0,0,4,2,0,0,0,17,0,0,0,0,19,0,0,0,53,0,54,0,0,11,0,20,0,0,0,0,0,0
47,0,0,0,16,0,0,0,0,0,3,0,6,13,14,9,1,62,90,86,8,72,15,10,95,0,0,0,5,27,0,0
0,7,10,0,11,1,15,0,5,0,0,0,1,5,13,24,16,0,50,120,55,27,8,19,30,0,22,0,7,16,24,0
0,26,0,13,33,8,0,17,8,20,0,47,0,0,27,0,38,59,229,8,95,15,0,0,45,9,32,30,6,4,0,7
7,1,0,49,63,9,1,9,9,0,29,0,0,38,0,9,0,157,158,130,39,19,10,29,1,0,0,8,0,34,0,0
62,7,45,75,18,50,24,0,0,0,34,17,18,80,0,0,35,132,246,112,112,2,9,70,34,6,0,0,0,0,0,4
0,10,16,96,187,43,0,19,0,0,43,2,0,0,19,0,32,49,41,120,8,6,6,14,0,10,21,0,0,0,55,37
41,81,103,98,94,60,0,17,11,11,30,0,0,65,14,0,6,17,52,0,17,2,11,47,0,0,0,15,0,0,0,0
2,4,95,183,135,13,0,6,0,0,24,0,0,7,29,5,0,12,0,26,0,23,0,0,0,0,0,4,22,0,10,5
0,9,4,143,107,20,8,0,0,0,0,0,3,51,15,0,26,9,11,0,0,0,0,0,12,23,0,0,4,14,0,25
0,2,21,49,0,0,7,0,0,0,0,0,45,24,0,0,10,0,5,0,0,0,10,0,0,0,42,1,0,0,1,0
0,10,0,12,0,0,0,28,0,0,30,0,5,16,0,15,0,0,0,48,12,0,33,8,0,4,24,34,0,35,29,0
0,0,4,2,0,9,29,0,21,5,49,9,0,0,11,10,5,0,0,15,0,9,0,0,0,6,0,0,0,7,10,9
0,4,21,10,0,0,26,14,30,0,0,18,0,0,0,0,0,0,14,11,0,0,24,0,6,0,0,0,0,27,6,0
0,50,32,0,22,29,41,0,0,0,0,0,0,5,0,0,0,40,43,0,0,22,22,16,0,36,21,0,0,0,37,0
13,27,31,0,0,14,0,0,41,40,6,0,43,12,25,12,25,10,27,1,0,7,0,0,0,0,0,0,23,15,18,12
27,0,9,0,10,0,0,0,10,5,0,19,0,27,8,0,2,44,21,4,0,0,0,3,10,0,0,22,15,43,0,0
15,0,0,10,0,2,0,0,15,0,15,144,12,0,0,0,46,1,0,0,36,0,0,7,0,1,0,1,27,26,59,0
108,0,0,61,9,0,34,33,17,39,30,14,30,0,18,78,25,0,0,9,0,42,22,0,21,18,25,0,46,9,0,20
5,32,17,0,13,28,71,0,0,8,38,10,0,21,4,0,71,7,0,0,0,8,0,6,0,4,26,0,40,0,31,15
0,25,0,0,38,15,18,35,13,0,28,37,0,19,0,0,92,35,6,0,0,0,0,0,0,16,0,0,33,0,0,0
0,41,13,0,29,6,9,0,17,0,0,0,12,3,5,0,0,7,6,0,0,3,18,0,0,9,13,11,13,0,51,0
0,0,16,18,18,16,0,0,0,36,22,69,58,33,0,6,25,0,0,24,23,0,49,53,46,0,0,0,0,43,0,0
0,40,80,10,59,0,0,12,1,28,17,185,0,0,5,74,16,0,52,10,25,22,0,0,0,45,0,0,0,0,0,37
125,0,0,19,0,0,0,0,0,0,80,2,17,0,38,59,7,0,27,0,0,0,7,33,2,18,0,0,0,16,0,1
0,0,27,22,9,0,67,0,52,212,62,0,5,0,0,10,56,43,0,1,22,0,40,5,0,0,25,0,23,0,0,0
0,14,7,21,6,0,0,0,203,121,11,0,23,0,33,12,41,20,9,8,13,0,42,51,11,0,11,0,0,13,3,0
23,22,52,0,31,0,0,115,107,0,33,0,44,0,53,0,11,0,14,0,20,67,8,0,61,0,38,33,0,0,0,28
44,44,59,12,58,6,60,38,1,0,0,10,5,0,0,31,12,71,1,0,1,17,20,6,0,0,16,31,0,0,20,28
0,0,10,41,19,0,36,0,0,3,0,12,0,0,2,13,36,30,0,1,0,0,56,37,51,20,16,6,7,0,16,0
0,9,40,51,168,177,3,0,0,45,0,0,15,0,1,47,0,13,5,0,22,7,0,30,5,0,0,5,0,0,0,0
0,13,0,141,117,213,1,26,21,0,33,16,19,5,49,145,150,59,41,0,0,0,17,136,10,28,0,0,10,24,0,0
60,211,73,26,5,56,41,48,0,0,1,0,0,9,0,0,3,2,0,1,0,0,25,26,20,64,0,0,3,5,27,64
49,86,51,60,31,70,99,172,20,14,10,0,0,1,12,0,0,0,0,18,0,164,0,0,16,0,58,5,0,5,0,2
0,12,55,7,0,34,8,0,69,0,21,11,3,0,0,2,4,0,0,17,3,0,21,0,62,0,7,35,0,26,0,0
46,55,48,0,15,46,0,25,0,165,0,19,0,2,0,0,22,32,23,48,0,0,22,45,11,11,0,11,0,0,34,0
0,0,0,0,0,29,6,12,0,62,13,34,31,27,9,7,25,116,70,107,145,68,48,46,46,13,25,20,0,52,0,29
0,0,12,2,2,10,2,0,6,0,20,0,0,10,0,0,2,0,104,31,1,0,5,20,11,0,0,65,31,6,14,9
0,0,17,7,0,26,9,16,11,10,8,6,0,0,0,16,16,0,57,71,41,0,0,19,0,27,0,0,0,0,33,8
71,0,33,9,41,9,11,30,0,0,34,48,22,0,43,18,123,43,124,19,42,15,7,0,3,28,63,9,42,0,20,8
0,24,0,5,11,0,17,0,9,4,28,3,12,10,24,6,1,0,128,27,22,231,109,79,9,1,0,0,7,41,13,0
8,0,0,0,28,0,0,0,0,9,0,0,7,6,8,0,0,0,0,0,0,3,0,6,0,0,0,0,3,0,9,0
4,0,6,29,0,0,0,0,20,0,6,0,6,0,29,0,0,0,9,4,9,11,12,3,0,29,6,0,14,43,0,37
0,0,26,13,0,0,0,16,0,14,0,0,0,2,1,0,9,8,0,0,0,43,0,0,0,0,0,38,17,0,14,4
116,17,0,0,0,29,23,0,90,16,70,0,0,27,2,0,3,1,0,19,0,0,0,0,0,8,4,23,27,0,9,9
17,10,8,0,0,16,0,0,0,0,0,0,0,8,14,0,0,1,0,0,0,5,0,2,0,0,22,0,0,1,15,26
0,0,0,0,0,0,29,0,10,18,22,10,40,0,0,0,21,7,0,2,8,9,8,1,10,5,0,0,14,10,0,2
0,39,1,0,0,5,13,0,21,0,51,47,0,0,39,0,3,6,19,0,0,0,7,0,5,0,0,0,0,29,0,2
0,0,0,15,0,0,0,59,11,0,0,52,7,0,21,1,6,11,0,24,0,5,0,0,0,3,0,0,58,0,0,27
0,6,0,0,0,0,16,0,67,0,48,84,36,0,0,0,18,17,20,19,18,0,15,1,0,0,0,23,0,10,28,42
53,0,0,34,3,31,0,52,71,32,27,32,0,13,0,0,0,17,0,40,0,0,6,2,19,9,0,0,0,0,0,0
21,0,24,20,14,53,0,164,150,74,54,21,0,0,24,0,27,24,14,0,6,7,21,7,0,16,26,2,0,16,0,0
0,6,0,12,12,0,0,108,1,49,0,50,92,8,0,50,16,0,5,4,0,24,0,0,0,0,0,53,18,0,0,44
0,61,21,0,50,34,44,12,205,20,21,0,1,19,1,0,0,0,6,27,28,0,47,16,0,0,10,0,25,0,30,0
64,0,0,2,9,0,0,123,70,47,11,0,0,0,44,3,49,3,0,10,0,0,0,12,2,5,0,51,0,0,0,0
159,0,0,0,11,3,0,0,16,112,33,0,0,7,0,45,23,0,0,4,6,6,0,0,23,87,1,18,1,1,0,0
0,0,0,6,0,142,170,21,0,0,52,18,13,24,0,0,0,11,0,30,2,0,30,35,0,0,14,0,0,49,0,12
0,0,0,13,0,69,31,36,8,14,0,0,0,0,0,20,64,0,0,3,51,6,34,0,16,7,21,0,33,0,21,50
32,43,0,24,15,31,94,31,80,0,2,0,26,0,0,0,27,5,0,41,80,3,31,0,9,7,21,14,6,0,8,0
17,37,5,0,0,0,98,40,17,11,0,22,0,0,9,0,0,0,0,0,94,4,11,0,0,0,0,0,4,6,0,0
0,32,7,56,82,105,182,45,0,0,19,36,1,0,9,2,14,101,135,234,84,0,90,47,114,0,14,0,0,0,0,0
25,5,0,113,66,0,23,168,0,0,0,40,0,0,20,0,62,16,108,113,31,42,16,23,0,0,0,37,0,3,32,0
0,2,7,40,0,78,27,33,88,7,0,0,0,20,3,4,33,91,93,56,100,48,36,8,21,0,0,10,0,0,0,0
0,41,2,28,11,0,91,64,23,0,27,5,130,64,18,39,0,0,92,139,49,0,66,48,0,23,0,19,0,0,0,0
0,0,16,63,102,0,2,38,8,0,18,0,1,55,0,0,12,38,24,6,15,91,29,0,27,0,64,19,0,2,3,3
0,3,9,31,1,0,0,0,2,9,0,0,37,16,16,21,55,0,121,112,0,109,0,0,0,14,22,40,27,0,0,17
0,0,66,24,1,3,0,4,20,7,1,3,0,85,9,16,27,0,63,106,27,24,0,0,18,0,0,0,0,27,10,36
77,1,0,0,40,0,3,0,0,0,15,12,46,29,3,10,0,12,53,26,84,4,16,26,0,9,11,0,42,15,0,0
0,18,18,13,19,0,24,15,0,32,33,12,0,15,0,0,91,89,107,80,19,50,33,0,19,4,6,14,9,0,0,48
123,0,0,20,0,0,0,58,0,0,0,49,18,0,12,65,27,89,88,28,11,41,0,0,29,6,46,0,1,0,39,0
0,0,0,0,24,0,44,6,26,13,10,2,4,0,0,7,10,33,55,52,52,6,3,0,0,0,0,0,12,0,0,106
9,0,28,0,22,0,23,0,3,0,0,5,24,18,0,14,25,0,32,0,0,5,0,0,13,16,39,0,21,7,0,9
0,0,13,2,0,0,0,0,14,0,37,11,0,7,0,0,2,2,38,11,14,0,0,0,0,9,0,0,0,0,53,11
16,0,30,10,18,13,20,0,19,0,0,19,0,0,13,19,10,14,21,0,14,48,34,0,0,20,0,0,0,0,9,0
29,17,0,15,10,0,23,0,12,0,0,0,0,19,0,1,1,0,21,1,10,0,13,0,0,27,7,0,0,10,0,0
23,0,0,1,5,0,0,13,0,16,0,1,4,0,0,6,0,15,30,0,0,30,10,0,0,2,27,0,0,43,2,0
0,12,20,0,2,0,7,0,5,19,0,0,86,150,24,0,11,0,27,0,6,15,0,24,0,0,0,41,0,0,4,0
42,9,31,12,0,0,22,0,18,1,18,0,116,0,10,5,0,0,27,15,7,0,14,0,0,20,0,0,0,0,25,57
0,0,29,4,0,0,20,3,0,0,0,0,0,91,67,0,0,0,4,0,83,55,146,19,0,0,46,0,0,5,9,21
76,10,27,28,75,0,0,0,45,0,26,34,33,0,0,3,12,0,201,168,92,141,25,7,11,6,18,0,0,16,11,44
0,50,153,63,204,55,81,0,5,0,0,0,0,13,0,8,0,0,16,26,8,29,2,0,0,0,8,0,12,0,0,4
0,4,11,123,63,106,0,0,0,23,0,24,0,0,4,0,30,34,44,22,85,22,20,2,0,20,8,11,0,14,36,20
0,0,0,60,35,0,0,43,13,16,0,0,0,0,4,15,18,0,0,3,0,0,0,0,7,44,0,0,11,0,0,36
61,0,0,6,0,38,0,87,0,26,14,1,0,0,0,0,0,0,0,0,0,43,118,139,112,20,0,14,0,0,0,36
0,0,24,15,3,4,20,28,35,31,9,0,39,0,0,0,38,189,102,92,123,89,233,43,0,4,0,0,0,0,6,0
0,42,2,0,53,0,0,37,0,0,29,0,0,11,23,19,176,31,71,96,36,30,33,4,6,16,0,0,0,0,18,92
0,0,0,17,0,6,0,2,22,0,31,15,0,0,20,31,23,0,2,20,30,9,50,80,25,0,0,0,0,0,0,19
0,1,26,3,25,10,24,0,0,10,0,18,0,0,18,11,7,75,14,0,55,68,78,0,0,10,18,0,0,17,0,11
0,16,37,0,0,42,0,0,18,0,14,15,19,197,215,41,6,46,93,50,62,0,8,0,0,0,0,27,0,0,0,0
0,0,47,52,39,65,131,0,4,0,8,23,0,219,150,19,38,42,80,25,46,31,24,0,0,0,24,10,27,0,0,9
12,17,76,161,213,91,0,18,0,13,17,0,1,1,20,0,13,28,102,10,31,14,39,26,6,0,5,0,25,0,49,14
0,39,167,135,88,23,30,17,10,7,0,64,0,21,18,1,0,13,129,32,21,17,21,16,0,0,0,23,0,28,2,25
89,90,145,28,41,157,0,0,12,2,21,8,4,1,0,17,0,0,0,33,104,0,52,17,25,0,0,0,35,0,6,63
0,0,40,50,24,30,0,16,0,0,0,10,39,10,64,15,0,13,0,46,6,37,75,0,97,8,0,0,0,0,0,27
42,0,3,13,6,8,0,3,30,9,0,0,31,0,0,0,26,12,0,36,22,12,38,10,0,0,11,0,0,42,32,63
0,0,0,44,7,0,29,0,0,0,20,12,4,26,0,0,0,0,45,90,0,51,84,117,20,0,0,0,13,5,0,95
41,0,0,29,10,0,8,31,0,0,34,50,9,14,9,0,16,0,0,24,0,60,39,0,25,21,2,0,2,0,5,45
0,0,33,0,38,38,0,0,0,13,0,0,0,2,0,27,7,41,36,70,1,75,36,14,3,0,96,0,0,0,12,5
20,1,0,0,0,0,0,0,0,0,5,28,9,44,16,0,0,0,5,2,44,32,0,0,7,5,14,0,0,17,2,0
71,1,10,3,39,0,1,21,0,13,25,0,0,0,0,1,34,0,58,58,103,22,49,10,0,6,7,0,0,0,0,0
0,5,25,10,0,0,0,0,0,0,0,75,5,0,6,16,64,97,145,53,9,64,11,45,0,16,21,10,53,8,0,0
0,78,0,0,0,18,21,0,26,0,5,56,0,35,0,73,25,44,56,0,67,0,30,19,18,3,0,23,27,0,14,0
0,6,0,0,0,0,0,18,0,13,23,0,13,0,16,0,28,28,87,8,27,0,0,0,13,16,23,33,20,0,0,33
0,2,0,0,0,0,16,0,0,0,0,0,13,4,0,0,0,5,1,38,9,43,0,15,25,13,4,0,9,0,0,4
0,24,0,0,37,18,0,0,0,23,0,0,6,17,8,0,13,5,0,0,0,0,1,17,0,0,14,57,0,0,0,0
0,11,0,0,16,0,0,0,0,8,0,0,17,0,49,0,7,0,23,26,9,8,28,0,20,0,50,33,28,0,30,0
22,14,2,3,0,7,0,0,6,0,0,39,9,19,17,0,3,0,1,14,0,9,10,1,6,3,44,6,8,0,2,8
0,13,6,0,22,16,2,34,0,0,27,13,24,0,0,0,10,7,3,0,4,12,17,0,0,5,0,42,20,0,4,2
0,11,8,12,0,22,21,0,0,0,4,24,0,0,17,0,0,11,0,2,0,9,4,0,0,0,0,15,9,2,0,0
110,3,11,0,0,51,51,14,22,24,0,0,0,3,44,44,4,1,0,20,0,7,19,0,0,9,42,0,0,0,0,47
63,24,0,0,5,172,121,0,0,20,0,12,20,174,0,6,0,35,4,0,19,20,0,14,0,0,0,9,0,19,29,0
28,0,0,5,0,42,176,0,17,0,24,11,77,0,87,107,12,0,0,18,25,0,31,0,9,44,36,1,13,29,0,46
0,0,0,0,0,225,177,0,3,0,5,0,36,39,2,90,7,1,0,0,0,17,32,32,0,21,3,16,29,1,16,36
44,0,11,0,11,167,13,11,0,13,0,91,15,0,13,8,31,0,0,5,81,52,91,43,21,5,0,35,3,0,0,0
0,39,24,0,0,10,0,0,8,0,0,0,0,1,0,0,0,0,0,0,77,15,110,61,15,0,0,24,24,0,30,0
30,0,107,0,0,0,0,35,7,0,59,24,69,0,91,34,16,7,0,115,4,0,113,0,27,36,62,3,42,0,25,41
85,0,33,0,6,2,0,27,8,34,0,52,145,0,0,14,0,12,28,4,9,9,0,34,0,0,15,31,14,12,12,0
0,2,71,94,76,5,7,0,17,0,29,0,79,0,0,0,8,0,2,0,72,39,58,10,0,4,0,0,0,0,0,80
0,14,0,185,27,7,0,33,0,32,0,0,0,3,0,0,0,12,23,0,27,23,33,145,9,0,0,16,39,2,0,0
0,0,32,13,17,106,0,0,20,25,51,0,12,0,0,12,3,122,53,0,90,0,92,222,24,24,0,0,0,0,67,0
113,0,0,9,51,118,241,0,0,0,0,20,0,0,6,37,8,59,98,2,117,0,58,88,0,0,15,0,5,0,3,45
12,0,4,3,7,113,103,0,50,0,8,0,50,13,3,27,82,74,109,54,22,11,0,4,14,27,59,7,0,0,0,0
0,0,0,1,0,8,19,0,0,12,27,0,64,0,0,22,129,103,45,103,24,4,0,12,11,30,23,0,0,0,0,0
21,11,4,0,11,0,77,0,0,26,0,0,0,26,0,15,106,61,193,4,23,26,9,81,21,0,0,0,0,0,13,16
69,0,0,8,0,8,0,0,3,0,15,0,32,0,0,0,24,53,62,80,25,34,42,0,61,2,49,50,22,0,26,0
59,0,3,0,0,0,2,36,46,2,0,29,0,9,69,0,2,55,1,66,16,4,67,14,54,0,0,12,0,70,12,23
0,12,47,18,15,0,0,10,0,0,14,0,24,6,9,0,18,197,71,27,12,56,8,3,11,16,11,0,0,0,0,33
0,0,61,3,11,35,0,15,0,0,29,21,0,70,0,0,0,106,96,141,21,50,37,95,21,0,41,0,0,21,0,24
0,0,39,20,16,15,0,0,0,0,19,2,52,24,22,0,63,166,50,58,58,91,11,35,25,4,50,10,20,0,2,49
0,22,0,68,32,31,0,0,25,44,0,19,0,0,11,7,41,188,191,122,10,29,5,20,0,19,63,0,13,19,0,0
133,0,63,65,73,82,16,0,0,0,16,0,0,25,234,19,20,0,0,0,0,22,29,0,40,0,0,9,0,0,31,0
114,0,129,104,178,0,47,19,21,40,21,2,0,91,157,0,0,17,9,0,31,0,38,0,0,0,0,2,0,65,15,103
0,13,68,122,111,26,40,0,17,19,0,16,0,34,4,139,9,0,98,2,53,20,85,11,15,13,0,0,0,27,5,0
2,0,67,212,18,15,0,26,0,0,15,5,64,89,0,99,16,0,2,33,50,0,0,4,9,7,0,3,22,0,7,40
0,0,0,196,85,0,20,16,11,13,40,0,50,0,2,44,16,5,93,4,61,0,0,0,0,4,0,0,0,19,6,0
32,0,5,69,0,0,0,15,25,5,13,0,0,63,0,0,0,0,7,39,0,0,12,6,0,1,0,15,0,70,23,0
11,0,6,16,15,10,0,42,17,0,8,0,61,11,22,23,24,3,0,2,17,20,0,24,22,7,40,0,0,0,0,0
0,18,9,14,7,0,0,44,0,0,0,19,21,0,14,9,0,6,7,0,0,0,0,7,6,0,0,0,0,0,0,0
62,1,0,23,9,0,3,34,0,0,25,37,0,20,14,0,12,0,10,0,11,8,0,0,14,0,0,21,18,21,11,0
40,0,25,0,0,2,0,3,28,7,30,35,0,20,25,0,30,0,5,7,0,35,0,0,0,7,24,56,55,2,0,0
0,0,11,0,35,28,29,0,0,20,0,0,33,0,16,0,31,16,0,5,0,14,0,0,2,8,71,0,0,0,0,77
13,3,0,1,0,4,32,0,0,45,3,7,2,25,0,0,12,9,18,17,8,0,32,3,11,5,0,2,0,7,0,11
70,12,10,0,48,18,2,0,28,13,0,0,12,22,0,0,49,7,0,6,6,7,25,6,40,0,16,0,40,0,10,7
0,20,0,0,21,16,36,0,9,33,0,11,4,22,3,0,0,1,4,0,7,16,18,4,0,6,0,0,26,0,0,19
0,0,23,0,25,34,43,13,12,0,0,25,14,0,0,48,38,7,14,0,12,15,0,8,0,10,20,0,40,52,0,44
0,38,0,0,0,49,55,0,34,8,45,0,0,12,35,0,53,17,34,0,37,0,0,0,0,16,0,6,56,0,32,4
137,0,0,0,26,4,43,6,0,1,2,35,28,0,0,0,6,0,4,3,18,19,59,0,12,4,105,0,0,0,0,0
0,17,0,0,0,0,19,0,0,10,0,0,4,22,0,2,6,0,0,37,0,0,0,0,10,0,33,0,13,0,0,119
161,15,19,0,31,12,4,0,18,9,3,27,0,0,19,0,21,6,0,0,0,0,48,39,40,0,39,0,42,34,0,32
0,7,6,42,0,0,4,49,0,0,7,13,28,21,33,8,29,0,16,1,0,0,44,0,40,31,18,16,22,0,9,2
130,61,1,0,0,0,14,54,0,1,23,0,25,7,4,16,20,0,14,0,6,0,8,1,3,0,0,0,0,2,0,0
0,37,0,0,13,12,0,0,0,0,112,0,0,0,0,0,60,30,0,0,0,14,17,0,19,0,0,19,0,0,16,27
0,14,10,6,0,25,0,0,44,121,208,0,0,14,27,0,8,13,42,21,40,0,8,41,0,0,0,0,0,33,26,17
0,0,40,3,0,0,68,30,116,83,52,33,34,0,22,70,78,0,0,28,19,1,37,0,43,21,3,0,0,26,2,0
0,55,16,14,1,0,34,27,17,117,44,0,0,14,7,0,58,0,19,6,0,7,4,3,5,8,0,0,0,0,0,0
5,53,0,0,7,20,12,92,91,4,0,0,0,0,22,19,9,18,0,0,28,30,0,17,0,33,36,0,10,7,4,23
0,27,9,41,12,13,10,22,58,0,25,21,0,0,4,8,67,0,3,13,1,44,33,0,7,14,6,0,12,9,0,42
0,11,41,74,43,21,92,0,0,0,9,45,2,0,0,47,0,50,90,3,0,25,44,17,0,0,0,28,5,0,0,11
0,2,17,15,82,117,78,14,3,1,0,48,21,38,0,63,39,30,0,0,0,13,4,0,0,1,0,0,16,44,0,0
0,2,10,87,121,245,5,0,0,1,0,8,0,26,31,0,0,20,19,0,0,25,59,92,27,0,0,2,10,0,0,0
33,20,32,0,127,28,40,147,13,0,0,5,27,0,0,0,0,0,0,6,16,110,51,0,34,49,13,6,20,21,26,0
39,121,73,0,6,99,46,130,22,11,17,37,10,0,2,45,34,0,10,0,0,39,0,23,68,5,27,3,0,0,0,0
54,0,55,0,0,9,0,0,2,8,22,4,0,1,35,0,8,0,61,28,59,64,2,120,239,103,23,22,27,0,11,0
32,9,14,18,11,0,36,20,78,162,104,0,73,12,3,0,51,8,42,67,122,47,9,0,0,11,0,0,0,0,13,0
20,0,0,13,9,0,0,0,40,9,0,0,0,16,22,23,33,170,129,80,0,8,1,2,0,13,0,0,16,0,0,71
0,0,62,22,7,30,22,0,3,0,19,84,99,0,52,37,69,123,29,4,19,11,0,0,0,36,26,0,2,0,41,55
18,9,0,0,0,8,0,29,9,0,0,0,19,3,19,0,14,0,91,80,21,13,0,6,0,0,0,15,0,0,0,0
10,8,12,33,9,39,0,9,15,0,0,0,2,0,35,11,48,75,20,112,135,71,4,35,59,22,16,0,0,0,6,0
0,6,12,12,0,22,2,0,0,0,19,2,0,0,0,13,0,0,85,0,32,12,10,12,0,0,0,0,26,0,15,0
31,0,0,22,0,0,0,10,21,0,9,23,57,0,31,62,16,0,17,0,0,40,0,7,0,30,0,0,0,0,36,0
82,20,27,0,0,27,0,18,12,3,0,0,0,0,0,22,0,0,22,26,0,32,0,0,0,15,0,32,0,0,0,4
6,0,0,20,0,0,3,0,10,13,0,8,0,40,31,0,0,10,5,2,0,0,0,2,8,0,0,8,11,9,0,35
49,0,0,0,0,39,43,18,6,0,33,9,0,0,0,3,0,6,26,0,9,0,0,0,1,2,5,0,18,29,6,0
25,0,12,1,0,0,0,16,2,0,8,0,0,0,0,0,0,5,5,0,0,8,3,10,3,10,0,0,72,17,0,29
0,0,0,0,0,0,0,0,35,33,0,0,10,0,0,0,0,10,0,6,0,13,0,18,0,0,0,16,0,17,23,33
65,0,27,13,12,0,28,13,0,2,19,54,2,0,33,31,10,17,1,19,0,0,0,19,7,0,26,0,12,45,21,0
0,12,0,8,0,0,18,34,0,3,6,27,30,32,0,23,23,23,0,0,0,8,0,9,0,0,0,0,0,0,0,54
44,0,0,19,29,9,8,0,4,0,0,0,20,0,6,0,0,31,0,0,50,0,0,11,0,0,0,1,25,0,0,0
103,8,7,0,12,20,23,0,0,7,0,25,0,0,0,19,3,7,0,0,3,4,28,0,0,0,22,0,22,9,0,51
108,29,63,0,11,20,30,0,4,19,17,0,0,15,0,0,0,0,0,22,0,9,49,0,0,0,7,4,0,0,0,0
0,7,0,10,12,0,23,3,0,16,6,0,0,0,0,0,54,6,23,0,27,18,34,3,0,5,8,0,1,0,0,57
72,24,0,0,0,0,11,0,2,249,99,0,25,37,1,0,0,0,3,0,18,17,39,20,29,8,0,38,56,0,0,0
0,24,0,8,7,2,1,16,231,157,51,60,55,1,13,14,2,0,0,4,44,0,2,24,0,4,5,0,0,3,0,0
105,0,0,13,0,0,0,9,0,145,131,0,30,16,10,0,0,0,0,26,0,25,0,18,27,2,28,0,0,52,0,0
0,0,0,34,0,0,0,15,101,0,56,0,30,17,19,94,44,34,77,9,0,12,0,24,30,0,0,0,6,0,0,5
83,27,6,0,0,142,86,0,24,0,0,30,64,18,2,0,112,75,36,20,0,0,45,0,24,10,14,4,0,0,0,12
14,38,0,22,105,141,170,136,85,5,0,0,38,25,38,0,21,33,0,33,9,43,6,6,0,0,61,33,0,3,23,36
69,4,18,19,16,45,94,115,37,9,0,0,0,35,22,0,9,6,93,5,17,39,0,0,48,12,0,6,0,11,0,0
33,13,22,71,92,61,41,62,40,17,32,29,37,0,4,6,77,57,42,3,0,0,40,10,48,0,97,2,28,13,0,2
96,0,10,55,0,0,73,68,102,52,44,34,23,37,0,20,21,12,11,14,0,13,46,0,72,16,12,16,0,0,0,0
72,3,69,3,10,59,30,64,67,32,17,0,2,0,5,115,20,0,0,20,0,0,0,10,4,0,2,0,0,24,0,14
113,114,12,108,11,47,169,64,69,59,32,0,74,78,0,0,0,0,126,39,97,73,115,67,67,13,0,0,0,0,38,0
0,53,0,0,0,16,0,30,0,8,3,5,5,25,0,0,0,49,55,25,114,149,0,0,87,0,16,38,13,0,71,0
70,7,6,21,7,15,3,0,30,3,0,0,0,25,0,0,0,18,87,70,66,31,3,0,28,21,23,30,16,27,0,0
67,6,11,0,13,0,0,15,0,0,66,0,52,0,138,0,85,6,37,152,235,60,0,2,19,1,17,20,0,17,0,24
205,0,0,0,31,49,29,0,0,20,55,0,12,44,237,0,14,9,59,34,48,10,33,0,11,0,0,21,0,17,0,0
151,0,0,0,0,29,0,0,16,2,38,0,48,0,30,69,0,98,50,115,23,8,23,46,0,0,0,0,0,61,3,0
20,18,0,0,0,29,0,20,24,0,23,16,0,0,5,14,13,1,112,8,2,0,55,51,31,45,2,0,12,0,0,27
133,3,0,0,11,16,33,0,0,9,0,0,15,5,0,6,24,12,47,31,58,8,0,0,13,5,0,6,0,0,0,0
43,21,16,4,11,28,5,10,12,0,29,0,32,19,14,0,12,3,0,10,0,6,0,0,0,8,0,45,10,0,0,56
51,0,2,38,0,0,0,6,4,0,25,60,16,0,0,52,0,1,0,6,4,0,5,0,8,0,20,10,0,0,0,27
0,29,8,0,0,18,0,0,0,0,0,5,0,8,0,0,23,0,0,11,14,0,0,0,10,0,10,0,12,0,20,0
24,0,17,0,18,27,13,19,0,5,0,0,13,0,6,0,13,14,0,0,21,0,0,0,0,0,25,28,4,23,0,0
0,0,12,0,1,8,0,0,0,11,9,38,0,0,3,6,6,5,0,4,0,7,0,0,0,0,0,0,0,0,20,51
102,28,0,33,0,0,14,200,76,0,0,3,0,0,0,11,0,0,0,0,0,0,5,0,25,18,2,33,40,0,0,0
0,9,0,9,0,0,99,50,47,0,15,1,0,0,2,0,0,0,5,0,0,20,0,0,0,0,0,0,0,0,0,0
0,0,0,0,0,16,149,158,51,15,0,25,13,0,0,0,25,73,46,0,0,26,0,0,1,0,0,35,21,0,0,0
0,0,0,0,0,0,44,72,82,0,48,0,16,10,0,214,0,37,0,17,8,0,17,0,18,38,26,0,65,0,23,0
55,1,0,13,0,0,35,15,0,18,0,31,0,197,63,46,110,0,9,0,13,0,0,11,0,1,0,0,0,19,0,6
0,9,0,0,4,0,7,29,0,0,16,0,10,96,19,2,66,22,0,8,0,0,9,15,0,20,3,0,0,0,5,21
187,0,0,0,10,0,32,0,0,0,18,18,0,13,30,87,1,57,0,21,0,0,9,105,87,222,5,13,67,0,0,0
2,23,51,5,41,3,26,38,39,54,3,0,0,16,20,0,29,17,0,0,59,94,52,210,60,20,20,0,0,0,0,48
0,0,34,0,36,0,0,6,34,37,40,0,22,22,3,33,0,0,16,25,25,6,7,102,10,0,0,4,0,0,0,3
94,1,0,0,0,0,0,22,2,7,0,0,8,11,0,0,14,36,0,0,0,47,2,0,10,4,0,0,5,0,0,28
73,40,0,0,37,12,11,14,0,35,25,0,10,13,31,0,0,0,0,0,0,0,0,10,0,0,4,0,35,0,0,0
42,88,41,0,11,7,30,39,10,0,0,0,0,0,4,47,31,7,0,11,0,14,0,0,177,205,222,35,46,0,38,0
60,8,0,0,64,35,19,3,18,7,0,0,0,0,20,0,0,0,117,154,80,208,123,14,158,117,51,4,0,0,15,23
38,0,10,20,0,18,59,41,0,0,17,0,0,8,0,42,36,42,58,86,150,15,81,42,0,5,35,0,0,21,5,0
71,35,0,0,50,67,11,33,0,27,0,0,0,25,0,0,13,0,0,40,142,17,20,18,5,0,0,0,0,27,14,0
0,18,0,0,14,0,0,48,22,33,15,0,0,20,0,0,75,19,34,14,19,131,0,0,0,0,0,31,0,0,27,0
125,55,0,54,35,0,8,7,13,0,55,36,34,0,29,83,155,141,0,0,26,22,62,87,28,0,40,22,36,11,26,0
35,16,65,30,1,8,43,0,2,9,0,13,0,31,28,139,159,20,0,55,39,50,67,0,27,0,0,4,0,0,0,48
84,24,1,0,32,95,85,0,0,19,10,23,16,15,0,27,0,8,0,0,10,64,13,15,9,0,0,8,1,11,0,0
0,15,19,0,56,177,142,163,50,57,0,0,0,50,0,1,0,0,0,2,48,0,109,83,18,5,0,0,14,0,11,0
96,30,20,0,0,24,42,7,32,9,42,0,30,0,66,60,0,14,0,0,37,71,0,18,0,6,0,18,0,18,9,0
0,20,12,19,4,0,4,31,0,0,0,0,0,4,8,46,13,7,96,12,8,173,8,18,25,0,26,0,31,0,23,0
106,0,0,9,2,18,35,4,11,6,0,14,7,30,22,0,29,8,2,40,1,35,39,0,4,20,26,0,0,0,29,0
2,32,0,0,4,0,8,25,13,0,0,21,0,0,146,17,46,0,34,39,48,7,0,0,0,0,0,27,35,7,20,53
4,4,0,0,8,8,11,0,47,31,45,0,22,18,4,28,75,133,102,110,23,8,5,72,0,5,0,24,35,4,4,5
0,4,45,0,0,15,0,27,33,0,27,0,0,52,11,73,15,9,102,0,32,0,3,38,0,0,3,20,0,0,0,0
0,4,16,0,0,4,0,0,0,0,0,0,0,5,4,0,0,10,69,53,21,8,5,36,0,0,12,0,12,0,0,82
25,19,22,19,27,3,0,22,2,0,0,21,0,0,0,28,12,0,0,37,7,0,0,0,4,33,0,0,0,0,0,0
0,17,26,0,0,4,0,25,0,0,0,16,0,0,44,0,0,4,0,34,0,4,0,0,30,16,29,10,12,0,30,0
0,0,0,27,8,1,0,5,0,0,0,2,0,0,0,0,4,2,0,0,4,19,0,0,0,0,10,0,1,11,0,0
0,0,20,9,5,13,0,0,0,0,35,5,16,25,4,0,0,0,24,13,3,0,15,5,6,0,20,3,0,0,17,3
0,0,0,7,0,0,0,0,0,0,16,34,0,5,15,6,0,0,0,0,0,1,0,7,0,11,1,31,5,3,0,48
0,13,17,19,0,0,25,172,0,13,0,16,13,16,32,13,1,0,0,0,0,25,0,0,0,9,0,0,0,4,0,8
43,29,38,0,36,25,96,187,0,0,0,0,0,15,0,0,0,35,89,31,6,0,0,32,0,13,0,0,8,40,0,20
0,0,0,25,0,0,136,125,0,0,0,11,12,3,2,0,0,20,205,0,7,0,11,0,17,0,0,0,0,16,0,0
0,0,0,0,0,32,197,144,27,0,22,17,0,0,14,0,51,11,17,11,6,9,37,4,0,2,12,0,21,7,3,0
0,0,0,0,35,16,79,17,0,0,8,0,0,0,1,133,104,0,14,12,0,4,12,4,4,14,0,1,19,3,0,19
25,12,0,0,9,33,22,0,3,5,0,8,0,11,129,45,34,21,57,0,43,0,0,44,0,0,0,4,13,0,10,15
0,0,15,38,0,0,0,9,0,0,0,0,0,13,37,3,0,25,0,13,0,5,0,32,35,32,50,1,32,0,0,10
0,20,0,24,0,30,20,0,0,7,13,0,0,1,0,0,35,3,40,1,0,0,58,7,91,92,14,0,0,1,0,6
122,14,34,9,0,0,0,0,0,24,0,0,8,0,0,81,16,0,0,13,0,42,17,71,173,167,0,0,0,0,12,8
0,16,23,0,34,0,0,50,27,0,0,3,32,0,0,10,0,24,0,0,37,23,35,43,89,48,23,0,0,0,0,0
24,23,13,4,4,31,0,14,0,0,0,0,35,0,39,27,1,2,0,0,0,30,16,3,37,0,4,0,5,7,0,0
0,61,9,10,60,32,0,0,0,23,0,0,0,13,0,26,7,11,3,0,3,0,0,0,1,41,14,3,16,0,2,0
55,0,14,62,18,0,2,5,0,36,23,4,0,0,0,0,5,0,32,11,0,0,0,27,49,18,23,0,1,0,15,0
0,0,60,30,10,18,84,6,0,0,0,5,43,6,7,0,3,9,8,0,102,37,19,15,0,0,0,17,0,0,25,37
32,57,2,40,43,0,14,83,0,0,61,1,43,8,31,13,0,0,0,59,16,15,19,0,49,16,38,9,17,0,5,47
25,0,0,7,0,16,0,16,0,16,0,0,1,10,22,0,0,17,24,59,85,93,0,29,11,0,0,0,3,1,0,0
77,34,0,9,0,22,13,1,19,12,0,0,26,0,0,11,5,7,0,244,177,6,26,0,7,7,60,0,14,5,19,17
0,5,44,0,0,40,21,0,0,0,6,0,0,21,0,23,38,12,23,58,39,66,156,0,30,9,28,7,0,10,3,52
13,0,2,25,0,0,41,44,24,0,67,10,0,25,0,21,3,0,25,52,120,144,24,0,2,81,44,0,0,46,0,0
0,54,11,0,35,42,10,31,0,27,13,64,0,0,0,0,34,0,36,167,186,56,13,65,18,0,6,17,24,54,0,0
131,10,16,0,0,34,0,0,0,6,0,0,0,0,43,0,6,0,7,58,35,33,8,33,12,49,28,0,34,8,19,0
0,15,0,0,0,4,24,2,12,27,31,1,0,27,5,31,0,31,47,0,0,0,0,28,0,0,0,12,3,0,9,0
33,0,11,8,33,0,0,48,0,0,15,20,20,28,73,0,0,0,0,29,0,19,0,0,65,17,34,6,19,0,0,17
37,0,0,4,33,0,14,0,14,0,29,23,0,24,16,0,0,46,23,47,23,7,3,16,39,8,38,6,0,0,0,0
0,4,0,0,7,0,4,0,0,0,0,27,0,41,11,40,70,25,128,83,3,20,0,8,3,34,2,0,14,0,15,16
0,1,6,0,3,0,0,0,23,10,0,0,23,50,9,95,18,5,36,42,25,14,1,0,0,0,18,0,23,16,45,0
0,0,0,0,57,10,43,0,49,39,47,0,4,14,0,7,34,0,82,0,0,32,0,0,0,0,0,0,0,0,3,30
65,7,0,0,0,14,0,4,2,0,22,0,25,0,24,3,0,0,0,17,0,0,0,3,0,6,31,16,16,0,11,0
0,0,0,0,24,11,6,0,30,3,16,0,30,0,21,6,24,0,32,0,0,5,2,0,1,15,0,0,0,27,21,25
0,25,0,0,0,0,8,27,16,6,18,14,0,0,4,0,2,19,0,0,0,0,0,0,14,0,11,0,8,0,0,36
0,0,0,28,0,0,0,18,0,0,0,11,0,16,21,0,41,7,0,0,9,18,0,0,0,0,11,2,19,0,0,30
0,3,6,18,0,9,51,32,15,1,31,0,7,17,0,0,0,14,3,16,0,14,0,0,0,5,0,0,1,22,0,0
27,5,6,0,0,49,13,0,9,13,13,0,0,19,0,0,3,0,0,18,24,0,6,0,21,10,10,3,0,0,0,0
0,16,3,0,0,0,0,12,6,0,0,0,0,31,7,11,10,10,8,5,5,6,17,3,0,0,9,0,0,0,0,0
0,0,0,0,0,0,0,11,28,0,15,9,0,16,3,0,0,0,24,0,10,0,41,2,0,14,2,0,0,0,4,0
0,27,0,7,30,0,33,51,42,0,0,9,34,0,4,24,0,0,15,19,8,0,29,4,17,3,42,0,0,52,10,0
0,24,0,1,2,31,31,0,0,41,23,0,6,16,0,0,4,23,27,13,0,22,0,0,0,0,0,0,0,33,2,5
53,17,0,0,0,52,19,2,4,0,47,0,0,33,0,16,0,0,28,12,60,11,0,0,0,0,0,20,56,0,22,32
0,0,23,0,9,0,14,42,20,39,52,0,0,0,16,0,16,0,0,16,0,0,21,22,0,0,3,0,0,0,19,0
59,0,22,0,0,25,19,8,60,99,0,0,0,20,0,0,20,22,14,0,6,5,5,18,8,0,0,19,0,16,0,0
0,9,0,0,0,0,0,0,5,85,0,34,0,23,0,0,35,0,0,13,0,0,0,33,17,0,0,17,9,12,12,0
69,25,25,13,58,12,18,37,24,16,2,0,1,8,1,37,14,19,0,0,0,5,25,4,10,24,0,0,0,8,41,0
0,32,14,0,26,7,0,49,0,42,34,32,26,0,14,0,42,10,1,4,2,0,0,15,5,12,24,3,0,0,0,75
84,46,55,12,7,61,0,0,0,153,82,2,161,34,0,0,28,0,22,20,0,21,0,0,27,59,0,41,0,0,0,0
13,0,0,88,31,29,0,46,60,20,81,64,17,27,0,0,0,0,17,23,0,0,16,29,0,0,12,0,0,19,0,0
38,0,27,19,11,0,34,31,65,9,19,48,47,0,25,0,2,0,6,30,27,16,14,6,0,17,0,10,0,0,26,1
0,104,0,0,24,20,16,0,0,2,109,118,54,0,24,52,44,34,0,0,0,0,0,0,9,0,16,0,0,13,61,0
39,0,4,17,0,0,0,0,29,30,8,31,0,24,0,28,20,12,43,13,30,0,22,53,12,30,82,42,0,0,43,7
0,114,1,7,8,0,43,0,0,110,151,13,0,6,10,0,41,21,59,38,0,1,31,22,8,0,26,0,36,30,100,0
0,12,11,27,0,17,35,8,0,150,57,0,0,0,0,24,0,0,3,27,7,16,50,21,38,18,0,0,0,36,0,0
36,0,0,46,0,41,0,0,5,63,0,1,0,0,11,0,6,5,2,0,0,14,0,26,11,43,0,0,6,0,0,0
0,0,3,13,21,11,73,27,25,27,0,2,16,0,32,39,0,0,0,7,19,10,145,20,1,7,0,0,0,0,0,0
9,0,6,40,0,0,8,0,16,23,0,0,0,8,0,0,0,0,0,49,29,17,50,24,3,13,0,16,0,37,0,0
0,0,0,12,0,3,27,194,0,0,0,24,19,19,16,59,0,31,44,0,0,0,43,25,39,26,29,0,32,0,0,36
72,0,23,3,26,1,11,29,0,7,0,0,0,0,0,10,59,0,5,21,21,24,0,0,40,16,0,18,0,0,56,0
0,0,48,0,63,87,71,186,139,74,0,13,0,17,16,3,37,0,22,20,23,0,27,17,0,19,60,1,0,0,0,46
0,0,29,56,64,8,48,203,45,0,0,31,0,14,25,51,38,123,114,108,0,36,0,29,16,0,64,51,29,0,6,7
0,24,87,73,8,32,0,25,82,0,0,137,3,0,0,84,0,0,27,13,67,2,90,111,128,145,232,105,0,0,0,9
0,66,36,51,23,0,1,26,0,23,72,6,60,0,25,0,17,1,77,33,69,21,57,0,0,13,0,0,8,0,0,41
38,4,0,0,18,13,10,0,4,0,9,155,31,10,0,12,10,0,16,30,104,35,8,25,0,0,28,0,2,0,0,3
0,35,28,0,0,0,4,13,0,0,0,2,27,0,16,29,0,0,2,0,6,138,31,4,4,64,29,0,34,0,0,6
74,5,0,0,31,0,0,15,0,0,0,0,0,35,0,0,2,2,2,0,55,0,0,0,0,0,8,0,21,35,40,24
7,4,16,2,31,0,0,0,19,11,16,0,0,0,1,27,1,0,35,32,3,198,66,11,12,63,17,6,0,0,0,0
68,25,0,11,13,0,5,21,0,4,0,16,0,8,22,11,0,5,2,14,85,0,0,10,0,0,37,26,0,0,21,0
0,0,10,24,0,7,0,6,0,11,0,3,2,7,32,31,10,0,0,0,0,0,7,0,11,0,0,0,0,28,50,0
0,0,2,7,0,7,0,0,0,0,14,2,20,0,18,0,0,13,19,18,0,0,0,4,10,0,0,0,0,5,0,0
0,0,9,0,0,3,0,2,3,0,0,5,0,30,3,0,0,0,4,9,6,2,7,8,2,3,0,17,14,14,0,0
0,0,19,17,0,10,3,14,31,0,0,8,0,0,0,36,7,7,2,3,4,11,2,6,0,23,13,0,16,6,6,0
78,0,0,7,0,0,0,48,14,0,2,47,0,0,0,63,0,0,0,0,0,25,0,0,0,31,2,13,0,0,0,15
2,0,0,10,0,2,0,0,13,6,9,26,1,0,0,0,0,22,6,0,2,0,6,15,0,18,0,0,0,18,18,5
25,7,7,0,30,44,16,0,10,35,20,17,23,62,0,13,0,3,0,0,28,0,7,0,25,16,0,20,14,0,14,26
68,37,14,9,0,26,52,0,0,33,78,0,27,0,0,0,15,0,22,1,0,0,28,14,8,11,0,61,0,0,0,24
0,0,0,28,9,9,62,0,0,9,3,21,0,105,14,28,0,33,0,0,0,31,27,0,23,0,2,7,0,0,10,0
101,9,10,13,0,13,0,0,34,24,18,17,30,202,0,10,9,37,0,1,0,9,29,27,0,2,20,0,0,3,27,33
118,0,0,0,17,16,0,7,39,40,24,8,212,20,4,12,0,15,0,0,5,8,21,8,0,17,0,0,0,0,16,0
11,6,52,0,0,0,1,33,0,32,132,187,180,18,10,26,0,36,26,42,0,0,0,0,10,65,32,46,0,0,0,0
0,0,39,0,64,21,34,0,95,21,237,11,0,0,16,0,4,24,133,0,85,0,0,0,0,0,0,0,14,17,0,46
28,22,6,23,3,18,42,0,0,0,126,83,1,0,0,7,0,0,0,0,0,0,24,0,0,24,0,1,26,0,20,0
0,70,7,2,25,4,18,22,42,0,203,23,0,0,14,0,16,0,3,10,56,4,0,27,8,0,32,5,0,63,0,0
73,13,0,19,28,6,17,2,5,86,32,13,28,0,0,0,0,0,139,22,54,50,17,2,55,0,0,25,21,0,0,53
50,54,18,3,48,38,43,77,8,12,2,18,0,0,0,0,11,37,50,52,27,0,90,23,40,13,0,6,0,0,13,13
37,3,0,15,0,0,0,30,227,139,100,10,13,0,0,0,8,0,33,39,23,0,39,0,16,34,0,0,0,0,9,43
59,0,26,136,86,28,71,0,218,249,185,8,7,4,0,0,2,0,7,7,15,66,10,3,11,0,0,63,20,30,0,3
0,8,105,11,99,119,85,116,25,26,0,60,180,0,0,39,2,0,0,17,39,0,35,16,2,10,145,215,0,0,0,31
0,42,35,0,61,93,13,62,0,0,30,216,101,0,15,55,25,42,33,0,25,34,2,14,29,0,65,96,52,0,0,0
0,0,0,0,31,46,19,33,27,15,0,59,52,45,0,0,0,8,14,90,0,54,12,11,0,0,24,0,30,4,68,31
0,5,15,5,55,37,110,0,0,5,36,58,46,0,8,0,5,0,40,0,247,124,60,102,13,0,0,13,0,11,20,0
82,0,31,11,44,0,48,12,0,0,33,36,8,1,0,0,36,0,0,23,83,0,5,15,6,8,87,24,3,4,19,6
84,48,0,0,0,53,0,0,0,0,52,56,3,0,3,0,40,81,0,0,2,86,30,0,5,0,8,11,25,23,60,59
30,0,0,0,27,32,57,0,32,0,29,12,53,30,1,0,0,0,0,68,72,46,96,0,27,31,0,0,0,1,0,0
142,31,14,0,0,65,87,153,0,0,19,5,9,36,8,26,0,0,0,111,76,24,56,0,29,0,25,0,42,12,14,8
89,0,0,0,0,1,11,40,0,0,0,0,14,0,2,5,0,0,4,68,105,47,0,52,21,33,0,5,5,0,0,54
30,28,28,0,0,2,6,0,24,31,8,0,24,14,34,0,23,1,0,32,16,77,52,0,18,0,23,26,11,0,10,0
15,0,0,4,0,3,0,0,4,31,0,8,0,6,16,0,17,10,18,5,156,6,23,6,0,0,0,5,0,11,0,0
0,0,3,0,0,25,0,34,0,0,0,6,0,0,9,0,18,0,5,9,12,46,8,1,28,0,15,0,2,2,29,30
0,7,24,2,6,0,31,31,0,9,6,0,0,0,12,22,15,8,1,0,10,23,0,0,0,0,1,0,5,0,44,0
106,1,0,12,0,26,38,0,21,9,26,0,6,4,0,0,54,17,9,7,32,0,40,18,26,0,0,34,11,30,24,0
71,0,24,0,23,0,31,0,1,32,0,12,135,22,0,21,0,0,0,0,2,0,6,17,0,0,0,0,17,33,0,10
0,0,0,3,0,0,7,3,0,12,0,0,125,19,0,0,0,0,4,0,0,6,0,5,0,16,0,0,0,0,0,0
0,19,32,7,0,20,8,0,16,25,0,238,9,33,0,0,25,0,0,16,3,6,30,15,0,8,8,0,0,0,4,36
150,13,0,0,0,30,0,0,0,29,210,190,32,49,0,0,25,0,4,0,0,36,0,22,0,0,0,32,0,0,0,108
21,0,0,17,0,38,0,16,23,0,239,243,38,3,0,0,0,7,0,9,14,13,16,28,41,0,48,23,2,5,1,0
9,0,0,29,28,0,0,28,0,11,60,25,35,0,17,0,15,3,0,24,211,83,34,17,0,8,55,18,31,0,16,0
115,0,0,0,16,0,40,5,0,0,48,0,25,0,4,0,24,25,133,136,23,1,20,0,11,6,0,9,0,10,60,5
0,0,11,0,44,10,50,0,0,39,0,35,23,42,0,32,32,88,0,0,16,1,32,0,0,0,0,2,12,21,0,37
124,0,1,57,0,0,0,15,9,0,23,22,1,0,0,0,0,62,0,1,21,12,30,19,20,1,5,11,0,0,0,0
108,0,5,17,16,5,9,210,29,0,15,12,6,0,0,10,0,0,43,59,44,7,26,2,5,0,12,64,76,145,1,48
19,38,3,0,0,0,102,7,45,228,173,164,0,2,0,0,12,5,40,36,48,18,0,0,131,103,120,58,33,183,10,27
80,0,0,20,0,117,0,163,88,127,98,0,0,25,0,0,0,7,67,0,10,53,35,0,58,43,24,8,48,0,10,26
114,6,0,0,27,59,167,1,42,42,0,0,20,66,0,39,15,0,3,0,2,15,45,8,0,6,0,58,1,13,22,54
39,0,0,30,103,67,27,32,0,13,0,0,137,7,9,0,18,0,5,44,66,0,0,0,6,0,34,0,0,0,0,0
64,0,0,22,7,0,0,73,61,110,21,36,10,45,10,5,0,21,0,3,7,7,0,1,101,0,0,7,38,175,31,0
0,10,36,55,29,53,130,0,18,0,0,61,16,0,0,0,11,0,0,30,0,69,188,242,136,103,144,70,143,35,0,32
0,0,0,78,0,0,14,63,60,19,0,20,102,0,6,37,0,1,0,0,0,12,10,60,91,37,0,0,0,1,0,14
127,0,7,90,1,82,51,15,18,46,17,75,13,0,3,19,9,1,3,26,4,77,2,0,0,0,45,8,24,0,27,34
64,14,0,133,0,98,0,37,33,5,0,60,6,0,6,42,0,0,32,115,13,28,52,66,0,1,0,31,21,0,33,0
0,0,0,46,0,0,0,38,74,190,38,35,1,3,26,15,5,0,52,25,0,84,137,0,15,30,0,3,9,0,0,49
0,15,23,0,0,26,28,32,94,113,9,3,0,0,22,34,1,0,0,0,0,107,0,0,1,0,17,14,0,9,36,22
0,21,0,0,18,0,0,53,151,103,60,39,0,0,0,0,1,0,0,0,22,63,0,14,19,0,40,16,0,17,0,39
57,31,0,8,0,0,0,16,31,12,0,17,8,23,0,4,20,0,28,32,35,0,25,19,5,10,26,0,0,0,0,0
105,5,18,6,14,4,0,1,12,0,0,43,0,0,0,34,0,110,87,6,14,55,36,31,1,0,0,13,21,2,0,21
0,16,9,0,6,0,1,15,12,0,28,44,39,0,16,0,13,0,0,58,42,31,64,0,0,18,0,0,0,0,0,13
45,0,44,0,24,0,0,19,0,0,0,0,0,3,2,12,8,13,8,14,3,28,0,12,0,0,0,23,2,0,22,0
29,23,15,0,9,5,1,0,16,4,6,12,11,4,0,0,0,10,7,2,56,0,12,25,16,0,24,0,0,12,21,0
0,0,42,4,0,0,31,48,0,0,15,0,0,11,0,11,0,23,0,6,19,24,0,29,0,0,0,0,5,6,0,20
55,6,12,0,0,18,0,7,0,11,0,25,0,0,36,0,26,0,18,36,16,9,0,0,11,8,6,41,0,0,0,73
0,0,0,26,0,0,16,26,33,0,15,9,4,17,0,31,20,0,0,0,17,3,10,0,1,0,0,6,0,0,0,39
2,0,2,6,0,1,0,0,0,0,33,0,38,0,9,0,27,0,0,0,0,0,0,0,24,0,0,0,0,0,18,0
108,25,98,0,0,0,0,10,11,0,20,0,104,31,25,0,0,13,4,0,14,38,16,21,0,0,15,0,0,0,21,0
0,0,55,25,0,0,0,1,19,31,0,30,77,5,3,0,51,0,10,27,27,0,7,10,0,0,0,36,0,4,4,0
0,0,12,12,0,0,0,3,0,24,0,93,80,39,0,18,0,0,0,5,0,19,0,0,0,0,0,25,21,0,14,23
0,0,35,5,32,0,29,0,28,0,13,33,34,0,0,0,0,18,0,0,6,0,8,0,34,15,12,24,0,0,0,42
20,8,43,0,0,10,0,7,0,0,229,110,16,25,0,42,0,4,11,7,8,0,0,91,0,0,0,0,10,0,0,0
111,0,31,0,2,0,4,13,10,4,32,116,0,7,12,0,0,4,0,0,57,0,58,9,1,0,0,2,28,0,23,29
0,0,0,29,35,0,0,16,0,4,94,20,22,0,54,4,0,0,0,28,171,8,0,0,0,11,12,0,0,1,32,0
0,12,0,0,18,9,59,23,51,0,10,28,13,29,0,0,0,10,58,227,19,12,41,11,20,0,18,0,3,0,15,12
149,0,6,0,60,0,41,3,0,0,8,1,26,0,0,0,31,140,10,17,29,4,0,10,0,1,0,0,3,0,0,10
107,6,7,0,3,21,0,0,0,32,0,0,0,11,0,0,0,0,0,0,31,0,8,0,0,0,0,0,0,28,23,0
78,0,50,15,26,0,0,42,32,0,0,41,6,11,41,31,0,0,0,34,38,0,0,0,5,0,23,0,86,37,0,7
0,26,48,14,74,51,32,0,17,67,11,0,0,51,37,23,7,0,0,0,5,0,0,0,0,44,75,181,117,252,7,0
83,19,29,0,56,1,8,45,123,3,65,0,39,7,3,86,26,0,45,19,28,3,0,17,26,135,43,34,0,16,0,30
9,0,0,36,27,37,150,4,0,28,18,0,14,28,56,0,8,0,0,35,16,0,0,0,9,5,0,14,31,11,53,44
77,15,47,25,37,104,67,35,8,1,37,0,61,0,22,0,50,0,31,24,0,0,2,0,0,0,0,19,0,0,0,0
0,0,0,0,87,6,10,57,47,57,0,18,0,0,0,1,0,14,0,10,35,0,0,0,0,25,0,0,0,40,0,16
122,0,71,93,70,0,40,0,0,38,3,40,0,0,0,0,42,43,0,18,44,0,48,0,69,19,2,30,0,16,0,18
101,0,13,0,0,0,62,5,0,34,0,0,63,36,0,0,0,0,0,0,0,38,7,133,118,4,16,37,72,70,0,0
0,0,27,18,18,41,0,0,0,37,32,0,2,44,0,0,3,0,0,0,0,53,31,90,57,147,38,0,0,0,7,29
25,0,0,0,17,52,16,2,0,0,0,27,0,17,0,16,0,0,16,8,89,17,214,78,162,12,0,3,0,7,17,39
0,0,2,0,0,18,16,7,41,10,0,16,0,0,8,19,0,22,0,28,0,0,58,195,0,0,1,1,0,3,19,0
104,7,0,0,5,0,0,44,43,0,0,12,27,2,0,9,0,0,11,98,0,65,21,11,101,2,0,0,16,7,12,109
84,0,0,6,29,0,27,9,34,8,29,0,0,15,0,6,0,0,14,0,11,31,0,0,0,0,0,0,0,17,4,3
68,3,0,0,16,18,0,0,44,59,3,0,0,13,0,0,28,0,54,53,0,0,0,10,0,6,0,0,0,0,0,0
65,0,18,13,17,22,11,42,6,3,0,6,0,0,33,51,0,84,50,119,0,4,77,48,16,33,14,0,16,39,15,48
0,24,0,20,0,0,34,1,15,0,5,0,5,21,12,19,0,2,9,5,0,0,16,9,0,0,0,52,0,0,17,0
0,0,26,18,17,8,26,0,24,75,29,10,2,10,11,0,0,0,0,23,20,19,0,0,0,3,7,1,17,0,16,0
0,0,0,0,14,35,0,0,0,14,0,0,0,29,0,0,12,4,0,7,30,0,13,26,5,0,0,45,23,4,35,0
76,0,0,3,25,29,0,1,25,0,0,10,8,0,23,0,14,16,4,0,12,19,7,11,0,0,40,0,12,0,36,0
1,0,22,17,15,8,4,13,25,4,0,8,0,4,7,5,0,11,0,3,95,26,0,25,0,0,4,8,0,10,0,6
0,0,24,53,4,0,0,49,27,19,0,0,0,0,20,0,26,0,6,20,0,0,1,11,7,33,19,0,11,0,0,0
25,17,3,0,27,0,0,2,0,6,0,0,0,13,0,1,0,7,0,0,0,13,0,27,0,0,0,0,0,24,12,6
76,0,0,0,0,0,0,38,3,0,34,50,39,0,4,0,0,0,0,4,0,0,47,13,25,9,29,0,0,8,18,0
0,9,23,0,0,9,5,19,0,6,0,0,0,6,0,0,0,2,33,8,33,21,14,3,0,19,0,16,0,0,0,0
0,0,0,3,42,0,17,26,0,0,0,0,0,0,0,5,0,2,0,11,17,3,0,0,0,0,0,1,16,8,12,0
0,0,13,0,19,0,19,27,0,1,6,23,99,0,2,0,0,25,0,4,0,0,0,0,0,0,8,17,20,10,19,2
3,0,4,35,0,27,0,0,0,42,31,7,0,44,0,0,15,24,0,0,28,13,1,26,0,0,0,44,24,0,32,14
0,1,37,0,0,9,0,0,0,32,0,70,0,11,19,0,0,9,0,0,0,0,0,2,0,4,0,0,40,9,11,39
42,0,0,0,10,0,0,18,0,0,13,0,1,8,0,36,23,26,0,5,73,3,32,0,11,4,0,0,25,3,0,10
108,0,2,0,15,0,0,51,0,6,47,0,0,15,89,0,0,18,46,13,0,84,26,0,8,18,0,0,10,11,32,57
0,14,0,21,0,16,0,35,0,0,20,123,0,45,95,101,0,5,0,6,0,19,0,0,0,4,18,17,36,0,31,52
121,0,0,24,41,0,0,49,32,0,9,32,25,0,123,24,0,4,0,0,10,33,22,0,17,0,19,0,0,7,0,22
125,7,4,25,2,0,0,21,0,2,50,2,0,92,112,48,17,0,0,12,4,0,28,0,0,0,0,63,23,8,26,21
0,53,0,0,15,23,0,59,67,0,42,5,91,0,81,48,33,0,17,0,56,9,20,0,0,22,0,10,58,12,34,0
0,40,29,21,0,14,23,45,69,83,65,103,40,90,28,137,7,48,0,10,0,20,0,0,0,0,0,67,66,11,26,0
115,0,12,30,0,0,72,31,26,0,19,0,33,0,27,25,0,0,12,0,5,26,36,0,24,0,28,36,51,0,3,7
146,12,31,67,34,35,18,70,9,0,37,6,104,113,38,0,1,19,2,0,0,30,0,0,2,2,0,0,3,5,0,0
18,0,0,21,1,0,16,37,69,9,55,6,0,178,57,11,0,0,1,36,55,0,16,22,2,0,19,0,0,8,0,7
50,32,77,0,0,40,34,0,0,37,0,23,171,15,0,0,0,21,16,0,17,16,38,39,4,0,35,36,28,2,29,0
74,34,0,0,0,19,37,0,19,0,26,0,93,0,29,0,0,0,0,34,3,0,62,0,16,25,34,0,22,4,2,38
6,0,0,13,0,0,0,0,0,0,4,7,17,0,24,27,16,3,5,0,0,19,0,0,21,6,0,0,11,3,16,0
22,0,0,0,13,18,0,0,1,0,21,18,9,0,19,0,0,0,14,20,14,11,11,25,0,2,1,0,68,0,8,0
0,0,28,16,36,0,2,10,0,0,0,18,3,0,26,0,23,0,7,25,13,75,53,103,3,79,0,0,0,26,0,0
173,0,56,22,41,0,9,29,69,104,82,0,0,0,0,21,3,0,43,20,53,90,3,0,12,0,18,12,29,0,0,71
116,0,0,0,8,9,17,0,71,174,30,21,1,18,5,9,0,21,52,0,0,6,12,18,0,32,0,0,22,3,0,89
174,38,41,0,0,31,58,16,0,22,152,19,3,12,0,0,20,29,14,18,7,14,0,25,34,0,5,0,46,14,39,0
41,25,3,56,14,0,0,39,7,0,107,13,0,9,13,0,0,49,0,36,34,10,47,33,46,28,0,0,4,12,7,14
90,6,6,101,0,67,0,43,30,0,44,0,25,4,14,0,0,0,0,34,36,0,0,34,16,95,29,0,37,91,12,0
20,23,30,109,33,3,37,0,0,3,0,0,0,52,0,1,34,0,69,11,38,29,9,0,40,89,92,71,46,0,11,12
0,0,0,0,0,7,1,3,10,0,0,40,4,3,0,0,0,0,2,0,6,1,0,20,0,11,0,1,9,37,5,0
13,0,0,0,0,3,12,0,21,14,0,0,3,41,23,0,0,26,11,8,0,0,0,23,0,0,28,22,0,0,0,0
0,0,0,21,12,0,0,5,0,0,1,17,9,0,12,14,2,0,0,0,0,31,0,0,0,11,0,7,10,0,0,23
83,0,10,38,27,0,8,52,0,0,7,4,2,5,0,0,0,0,0,0,0,97,37,100,7,7,0,16,0,0,24,0
60,0,0,17,3,0,2,0,0,0,0,0,34,22,0,0,9,6,1,0,3,84,77,17,57,60,11,5,10,0,0,11
73,35,2,0,0,14,16,0,10,0,0,23,0,32,24,0,0,35,0,9,0,5,0,10,20,0,24,0,0,6,25,0
67,3,0,0,11,0,0,29,9,22,0,6,0,3,0,0,28,14,0,0,0,18,0,12,0,0,0,0,12,13,5,32
2,0,6,4,26,5,0,0,0,6,25,21,5,0,0,16,2,0,0,0,0,0,10,0,5,0,0,27,0,0,0,42
0,7,1,0,4,0,31,47,0,0,64,6,79,0,25,36,23,0,0,15,6,0,0,0,12,34,18,23,16,0,0,54
0,0,0,10,10,0,1,0,7,1,6,31,45,2,0,12,3,16,0,0,1,14,0,0,0,23,0,0,14,21,9,60
0,3,0,2,0,0,14,5,0,0,8,95,4,25,0,0,0,0,33,0,33,4,8,0,5,0,12,0,10,5,0,2
62,0,0,36,17,10,14,49,13,0,68,58,0,0,0,77,0,35,35,0,13,0,0,0,31,4,0,14,33,0,9,61
0,0,41,13,20,0,15,15,0,0,10,34,0,0,14,27,32,11,35,0,0,27,9,10,6,0,35,13,0,0,0,74
0,20,21,0,0,4,0,19,26,1,48,37,101,131,14,85,109,1,0,0,3,45,3,0,0,7,0,0,0,0,0,0
9,9,25,17,17,19,0,2,2,30,0,5,69,40,209,9,8,35,17,7,12,35,17,4,6,9,0,18,0,16,24,14
155,0,11,16,0,28,0,82,0,50,41,0,18,192,157,72,32,0,0,7,14,36,12,0,0,19,13,0,12,0,0,23
0,48,70,0,30,38,35,0,12,58,42,26,55,93,149,43,17,35,32,5,34,0,59,31,30,0,0,31,0,0,0,0
0,0,35,16,28,0,30,19,39,3,32,2,86,86,183,14,11,12,0,39,13,0,0,7,7,0,0,5,0,5,0,11
0,3,6,27,0,56,46,36,54,50,3,11,95,73,23,0,0,0,0,2,0,0,12,48,0,0,16,30,0,0,0,22
92,0,30,0,48,15,12,62,9,5,70,32,144,43,0,0,0,0,41,0,12,0,48,5,0,16,20,0,0,32,0,18
87,7,0,25,21,0,0,0,0,81,20,0,25,0,0,9,10,7,0,34,0,0,0,7,0,26,34,0,17,0,3,0
0,2,0,18,0,0,0,0,0,0,141,211,27,21,5,0,33,0,25,10,12,11,27,0,0,16,63,0,4,28,17,21
15,0,24,3,0,27,53,0,4,0,45,139,48,14,1,32,2,0,0,2,0,0,61,0,18,25,31,13,51,38,9,19
105,0,0,2,41,23,7,0,26,59,70,46,3,13,55,16,37,0,16,16,6,4,0,5,1,0,0,3,0,40,52,5
0,0,0,33,4,0,33,39,0,38,3,21,37,71,9,0,34,0,32,19,0,0,43,12,43,26,37,18,33,0,18,0
0,0,54,0,10,79,0,78,0,1,0,19,29,48,32,15,0,0,0,6,0,0,0,1,0,0,0,9,36,0,0,18
8,21,5,26,44,33,44,38,21,24,0,0,0,25,22,21,7,0,28,3,0,187,83,200,226,94,16,9,13,0,12,0
119,16,0,0,0,2,80,0,0,0,17,3,3,58,29,6,8,6,17,4,0,10,58,11,86,13,48,2,48,0,0,0
6,0,1,26,3,0,0,59,0,0,74,0,26,0,0,0,0,8,0,37,0,8,12,0,93,0,0,30,75,0,0,3
0,30,15,0,2,5,0,69,91,81,49,10,19,34,0,0,0,8,32,126,0,0,20,99,67,28,0,0,0,50,0,18
53,20,9,15,0,38,0,41,61,193,61,0,32,11,0,0,22,1,59,0,0,27,0,88,78,97,62,13,0,5,0,25
0,0,0,0,3,9,0,96,0,181,98,14,1,0,5,11,0,18,73,17,0,0,16,17,0,72,4,0,3,0,10,0
0,2,0,13,0,0,0,0,40,21,24,0,0,39,0,0,0,20,24,0,34,0,5,69,28,0,0,0,0,48,14,9
0,0,37,27,0,0,0,20,25,0,0,17,28,6,0,0,10,2,0,0,0,21,11,0,40,17,75,13,40,0,20,0
73,16,0,29,8,0,0,65,0,9,14,20,0,4,23,28,27,2,6,0,18,0,0,6,13,0,0,0,10,9,11,8
49,0,0,11,0,0,0,18,21,6,2,0,28,23,0,0,0,8,27,1,35,0,34,0,12,12,0,30,0,0,13,0
37,35,29,0,0,8,0,0,0,42,16,0,27,35,1,0,0,6,3,0,0,36,2,0,0,0,0,30,0,6,0,35
150,28,0,0,3,19,19,34,16,2,6,0,14,161,0,0,0,0,6,0,0,35,30,0,0,16,7,32,13,0,0,36
0,0,0,25,24,0,0,2,0,2,28,24,160,187,58,14,21,0,0,6,0,0,0,0,0,13,2,1,0,0,0,31
0,0,0,25,0,0,0,26,16,0,26,78,135,170,48,27,5,0,0,0,13,0,0,0,18,7,0,0,8,0,0,0
34,10,1,0,16,17,16,0,44,0,44,97,12,0,12,21,0,10,1,17,22,0,39,6,53,16,43,0,0,1,0,0
0,0,0,20,0,0,1,0,0,0,16,200,108,65,18,50,9,0,0,0,5,0,3,23,12,0,0,27,0,0,12,28
0,0,0,0,4,0,0,5,0,15,0,112,0,61,8,6,0,7,1,0,71,77,93,1,1,0,0,0,0,0,0,0
108,29,0,1,10,17,22,21,5,0,0,61,29,20,18,72,44,6,0,114,149,6,84,0,23,31,4,0,8,0,0,51
0,0,2,0,67,12,68,0,34,21,17,0,22,28,20,0,0,5,171,0,42,14,84,27,0,0,0,0,0,4,0,49
90,8,0,0,0,0,0,27,0,71,0,0,24,129,39,32,55,20,24,0,5,12,1,6,7,8,6,0,0,0,0,48
192,0,0,45,3,0,0,0,167,0,0,9,17,4,16,9,0,6,0,0,11,10,0,0,0,3,18,42,182,221,56,29
167,17,25,9,10,3,5,0,0,9,159,116,112,14,1,0,0,14,22,0,0,0,19,24,8,25,40,57,45,27,0,0
0,36,19,14,0,43,14,47,14,4,49,186,14,0,24,4,42,2,24,0,0,14,0,0,0,13,5,17,11,1,26,0
0,32,37,0,0,136,17,107,0,0,0,16,0,11,49,36,0,0,0,4,15,0,0,15,0,0,0,0,4,19,0,0
0,9,7,25,0,133,85,35,0,16,39,12,0,0,0,15,0,4,0,0,23,0,0,2,0,0,14,25,6,0,0,46
131,0,0,61,7,96,62,27,2,0,0,0,22,7,16,2,0,9,0,0,16,0,0,6,0,0,61,0,136,25,46,15
176,30,0,0,29,20,19,0,21,76,0,7,0,12,6,0,11,20,0,0,0,4,0,28,213,28,121,72,72,13,11,22
138,0,0,13,33,0,58,0,43,15,53,0,18,2,0,6,0,0,9,0,0,0,22,100,87,0,97,9,0,7,0,19
0,0,0,1,0,9,0,21,0,5,24,0,0,6,0,8,0,16,22,20,0,19,0,3,47,78,33,5,24,13,10,0
117,0,0,11,0,73,15,0,0,16,0,0,0,17,5,3,0,11,1,9,116,0,0,4,10,80,17,0,0,14,0,54
152,3,0,0,9,44,0,25,0,24,0,46,0,1,15,0,0,8,9,17,178,33,0,0,29,44,23,0,54,0,19,12
0,0,37,0,0,0,0,0,98,253,91,114,20,0,0,0,0,0,57,65,0,27,14,0,1,26,28,46,21,2,0,4
189,1,0,10,0,26,1,12,33,200,112,3,24,0,0,22,2,0,0,0,0,4,0,0,63,39,6,0,0,8,3,21
0,0,4,0,0,5,0,10,21,25,169,0,2,12,11,17,3,0,7,0,0,0,13,3,0,59,20,5,0,2,0,29
73,49,0,0,8,0,5,2,48,33,121,0,0,55,0,0,0,16,0,55,2,0,29,0,6,0,3,0,0,35,25,15
0,0,0,0,0,1,8,48,0,0,7,38,14,0,33,0,59,14,0,0,0,35,30,7,29,29,29,7,0,1,0,6
0,0,0,0,0,1,4,38,3,28,56,6,7,0,0,0,0,2,0,27,7,0,29,7,11,75,0,0,0,29,0,0
0,0,0,7,4,0,7,0,52,0,26,7,6,0,21,13,0,0,7,0,0,0,0,11,8,41,71,18,9,0,0,14
0,0,0,31,0,12,11,22,0,17,34,2,0,64,0,0,0,0,9,30,39,0,12,21,17,17,7,0,0,44,0,0
0,0,0,59,0,0,11,6,44,29,23,16,0,0,0,43,0,0,0,0,27,5,10,3,0,0,0,0,0,18,0,0
0,0,0,0,0,0,0,0,7,4,6,9,13,0,0,0,9,0,16,10,36,0,30,19,4,0,0,5,0,0,7,49
0,2,0,1,14,0,0,29,0,21,0,21,0,0,11,7,16,13,31,16,9,0,0,0,0,5,29,5,0,0,32,0
11,0,3,16,10,0,11,2,0,0,3,26,0,0,22,25,0,0,0,20,1,20,13,0,18,0,38,0,0,0,0,0
25,0,0,0,14,0,18,0,3,5,0,0,0,25,0,0,23,16,0,0,21,0,25,16,0,0,0,0,4,7,0,5
1,0,43,1,0,0,0,39,0,0,0,24,86,5,0,0,33,13,12,0,14,4,3,0,12,0,0,36,32,0,47,47
0,0,0,0,0,0,9,23,0,4,0,13,68,59,0,35,0,1,0,0,0,24,0,16,23,0,0,5,38,3,0,26
0,0,43,11,0,0,7,6,0,7,0,47,159,0,0,0,26,19,27,0,14,0,2,0,0,2,12,2,0,5,9,0
0,0,0,7,0,0,9,4,0,0,7,94,179,49,2,16,16,0,24,3,0,0,0,9,0,0,0,0,0,22,21,0
67,29,57,18,0,0,17,48,0,0,0,179,30,0,45,45,53,0,12,0,20,0,0,41,0,61,0,0,47,13,41,61
0,0,32,0,28,0,15,0,2,0,71,253,0,0,0,20,29,0,36,0,54,0,0,0,27,0,0,0,15,31,4,0
138,9,35,1,9,5,25,18,30,8,86,253,0,16,5,33,20,21,31,118,61,0,0,0,21,7,0,0,0,0,0,13
0,0,0,0,1,20,21,0,25,0,33,44,0,72,0,41,37,1,18,27,59,19,17,29,0,8,20,0,4,17,26,0
0,0,10,6,26,19,12,0,0,11,14,0,0,0,35,30,0,6,0,0,122,76,0,0,0,13,0,0,34,0,1,24
57,0,1,6,0,10,0,0,0,6,39,0,61,56,8,0,13,0,0,20,0,0,0,0,0,8,41,0,25,30,0,38
83,55,14,0,0,39,14,2,49,52,6,0,0,0,0,39,0,14,2,17,27,0,0,18,22,24,82,79,151,9,0,0
68,12,0,0,23,0,0,33,151,109,26,15,30,4,39,1,0,4,0,0,3,0,0,0,7,65,20,30,162,2,0,21
0,0,0,52,0,0,29,87,96,72,36,14,0,42,9,12,80,0,0,16,0,0,39,0,33,21,100,94,120,40,0,0
30,0,38,11,29,53,16,141,126,1,50,0,23,0,0,0,0,0,0,0,0,0,0,0,15,6,80,45,138,0,0,26
0,0,0,0,0,4,0,16,52,40,33,2,0,2,0,0,16,3,17,3,1,0,20,6,31,69,86,90,84,0,22,0
137,1,0,0,101,50,38,8,26,85,81,25,0,0,4,0,9,2,0,1,0,9,43,27,67,48,74,41,16,0,0,45
0,0,0,0,24,0,38,13,0,27,9,0,0,51,0,0,0,0,0,33,0,0,37,22,44,0,0,11,0,8,2,0
0,0,0,70,0,0,0,0,6,0,0,42,1,2,0,0,0,0,0,17,0,49,55,11,0,0,0,18,0,0,0,54
8,60,0,44,42,0,11,10,28,26,4,1,16,20,68,23,28,16,0,21,0,16,89,171,82,3,0,13,25,13,0,42
22,25,0,8,10,0,14,0,0,63,7,7,0,34,0,20,1,0,0,7,10,103,78,77,42,12,4,10,37,35,10,0
0,12,0,0,1,4,0,27,37,0,0,50,2,0,38,0,0,29,21,0,0,219,9,13,107,82,48,48,24,3,26,34
78,0,0,18,0,12,0,17,0,0,88,65,25,0,21,0,26,0,0,0,0,8,90,99,65,4,5,32,19,1,12,12
0,0,0,0,36,10,0,0,92,58,0,55,22,0,8,0,20,2,0,0,6,0,68,85,1,1,13,23,0,0,0,22
0,35,9,0,0,0,9,4,20,100,102,0,3,1,14,0,0,28,65,0,0,65,154,83,3,0,5,0,0,14,20,0
0,7,6,0,31,1,0,55,34,56,100,30,5,0,26,32,0,61,85,0,0,19,0,0,10,2,60,23,34,0,25,52
7,41,0,0,39,9,20,251,0,155,0,28,0,43,0,0,20,45,111,1,20,0,0,24,0,53,22,0,34,4,63,0
0,3,13,29,12,0,19,160,158,54,27,8,17,9,3,0,64,77,20,14,0,10,9,21,18,13,0,24,0,17,5,0
122,22,10,4,0,24,27,179,97,0,27,1,0,0,0,0,0,10,20,0,0,0,16,0,5,6,6,4,5,0,17,0
0,2,38,0,17,0,16,25,0,0,0,0,0,0,10,28,0,0,0,9,0,0,0,0,20,46,36,0,14,0,11,45
5,9,33,0,0,21,33,0,30,1,51,36,55,0,6,2,0,1,0,22,17,31,36,0,55,17,46,0,4,0,0,0
18,0,2,0,0,20,5,7,16,12,0,0,0,0,5,0,9,0,0,6,12,0,1,0,0,10,0,0,13,10,35,15
0,7,2,4,0,0,24,0,0,27,0,0,9,7,0,8,3,2,0,0,0,0,0,1,39,0,0,7,0,0,29,0
36,18,19,17,10,0,13,6,16,0,5,0,0,0,0,17,0,0,0,11,0,0,0,11,15,8,0,12,0,14,0,0
0,44,1,0,10,47,0,0,0,19,0,0,36,0,33,42,0,11,0,0,3,6,11,35,0,0,0,12,4,0,0,23
0,0,0,15,0,0,0,53,0,0,0,8,70,7,12,0,25,16,0,7,8,0,37,0,33,36,19,0,0,0,0,0
0,16,15,8,0,10,26,5,20,16,9,89,30,11,0,0,0,0,0,10,12,15,2,3,0,0,0,26,14,0,0,0
0,0,0,23,0,0,3,0,25,17,12,85,0,0,0,0,2,5,0,0,5,0,0,6,7,0,18,0,10,29,16,0
0,31,1,0,0,0,0,0,16,41,29,19,8,64,15,80,33,7,0,0,9,31,6,14,0,0,0,39,8,0,8,0
0,0,0,29,0,0,13,0,2,40,49,12,37,0,0,19,5,0,0,36,0,7,10,39,0,0,0,10,0,42,0,12
205,4,36,13,7,0,23,0,19,4,23,52,41,44,23,11,42,18,69,35,0,0,23,0,0,5,0,0,14,5,1,0
0,3,2,11,15,0,11,6,1,16,0,0,0,26,0,14,11,4,0,3,58,18,3,0,17,3,0,0,43,12,0,27
178,5,33,0,18,14,0,0,3,0,41,0,31,44,0,7,31,14,67,21,40,3,10,0,0,20,0,0,45,34,0,15
112,77,37,0,29,33,10,0,20,51,0,60,138,0,43,23,9,32,41,0,46,12,52,43,0,0,0,14,50,0,5,11
0,6,0,0,45,16,33,31,51,10,69,3,23,0,23,2,17,0,76,0,64,1,0,13,0,2,0,9,31,0,1,0
0,0,17,0,0,0,7,11,0,5,93,42,0,0,0,3,0,15,31,62,49,9,36,0,12,0,29,11,52,0,28,0
188,0,16,6,0,0,49,24,26,2,120,7,0,0,0,0,0,0,0,20,72,5,0,0,0,17,0,0,49,12,0,22
32,1,0,18,0,1,0,27,0,31,68,21,0,8,0,24,7,0,59,0,68,36,22,78,62,0,0,3,0,0,0,54
115,0,0,0,61,0,21,45,0,21,51,30,0,23,20,23,0,0,23,56,155,117,22,0,12,0,29,0,0,0,3,9
59,0,0,2,28,23,0,80,92,29,0,0,12,0,24,0,0,37,88,135,26,4,0,0,13,0,0,16,6,0,29,0
0,13,12,20,24,29,18,82,133,0,0,1,3,15,20,0,0,0,0,0,13,10,16,49,1,0,26,10,0,6,36,18
64,9,7,33,26,105,25,5,0,0,0,40,3,0,35,0,0,0,0,35,0,10,0,34,27,33,37,0,8,7,0,0
144,0,0,38,104,0,26,137,112,210,99,0,16,0,0,15,13,0,18,4,55,6,50,0,9,27,6,28,7,0,0,0
39,5,16,13,11,38,51,5,24,139,8,6,6,0,7,13,0,18,1,0,0,0,0,2,32,82,194,31,68,3,14,0
30,3,7,8,6,0,7,5,0,0,52,70,114,4,4,0,23,12,0,0,0,0,194,48,255,6,12,29,12,0,0,0
0,16,0,0,4,40,0,36,0,4,25,60,193,0,1,3,0,13,0,0,0,0,50,18,0,17,14,0,22,31,0,19
0,0,0,0,0,43,42,0,26,40,33,4,33,41,0,0,0,1,0,0,0,0,27,46,0,0,0,0,0,28,0,26
0,0,0,26,8,0,0,0,21,0,33,20,0,24,11,0,8,0,13,0,25,0,13,9,0,111,0,0,0,5,0,0
9,19,0,35,0,0,2,9,0,10,50,0,0,0,39,0,0,0,12,4,163,151,70,0,34,107,167,82,1,0,0,16
48,0,22,31,0,0,0,35,0,0,5,27,0,0,0,0,8,25,12,16,105,50,56,70,19,0,41,39,0,0,0,0
0,0,0,7,0,7,0,0,57,0,21,51,27,0,0,0,0,17,0,19,0,0,21,0,29,22,11,0,37,0,0,52
4,26,0,0,0,0,25,31,12,0,0,0,0,0,6,2,27,0,0,0,0,9,0,33,0,21,0,23,10,19,0,34
30,0,0,0,1,0,16,0,28,0,29,0,0,10,0,22,112,19,0,0,0,0,6,0,1,0,8,10,0,6,36,0
0,26,0,3,62,0,0,0,0,0,0,24,0,0,0,31,0,7,0,0,0,5,9,0,16,0,0,0,19,7,0,0
