0,21,15,0,0,12,0,10,29,0,0,2,238,5,0,0,0,0,0,8,20,0,34,93,0,14,18,0,24,0,14,4
50,0,27,0,0,15,0,0,22,2,6,2,77,0,0,0,0,0,4,0,0,19,80,37,0,3,10,14,0,0,4,23
0,0,3,0,0,8,0,43,0,0,0,237,36,0,32,34,30,13,5,12,33,65,38,6,9,20,2,0,0,15,0,26
19,15,6,0,0,39,0,5,44,0,40,28,76,6,22,0,0,0,0,111,60,0,22,0,21,0,42,14,29,0,37,0
5,18,44,6,0,13,12,0,2,8,0,0,1,0,4,43,0,67,9,4,24,2,60,63,0,0,25,0,0,1,20,0
96,20,0,0,7,0,4,0,2,0,31,0,0,24,11,8,1,103,40,65,69,0,10,12,0,0,7,0,52,66,0,0
0,0,43,86,3,0,0,30,13,104,81,38,12,0,32,43,1,0,28,0,72,57,12,14,0,0,114,0,244,159,0,0
0,10,20,0,0,4,13,0,147,74,137,38,1,0,5,16,0,0,113,64,9,0,5,1,169,187,0,23,0,0,5,7
0,0,0,11,23,5,6,64,23,165,115,118,35,12,0,4,33,0,0,22,5,0,3,9,0,19,0,0,0,3,9,6
0,1,45,0,0,0,55,0,138,1,51,15,0,0,7,6,0,15,0,0,8,21,16,0,0,0,0,0,5,0,0,0
41,0,37,23,7,61,0,85,14,23,31,34,0,90,110,0,0,13,14,0,24,0,0,16,0,0,0,0,0,37,0,0
49,0,0,0,0,64,0,7,36,31,110,32,28,0,147,222,23,3,10,0,0,9,10,0,35,14,105,83,79,166,22,21
0,25,0,0,0,46,0,5,19,17,46,23,11,15,23,13,0,0,27,0,0,0,0,7,68,65,150,39,85,21,37,0
0,1,11,0,0,20,64,18,8,17,2,0,10,9,0,19,0,15,18,0,7,0,41,50,14,95,9,6,0,69,0,0
0,0,16,0,9,0,0,74,31,21,25,46,41,0,22,0,28,0,8,38,0,0,31,25,18,17,65,0,0,13,0,22
0,0,2,0,24,0,0,33,4,22,0,12,0,0,24,24,0,1,7,0,0,25,0,12,4,0,3,18,8,1,19,0
0,0,0,0,4,20,14,27,11,7,0,71,0,8,0,0,0,5,33,0,3,10,40,4,4,20,41,0,0,42,0,32
0,10,49,20,0,6,3,0,0,7,15,0,117,0,8,1,0,0,6,0,2,0,58,0,44,25,4,0,2,8,0,6
132,0,9,2,23,11,12,0,0,53,191,114,50,0,0,18,0,0,2,36,0,0,0,0,16,12,16,0,0,29,0,0
0,7,71,34,28,3,21,31,0,12,10,212,119,0,30,24,36,0,18,11,0,0,35,36,67,13,33,23,52,0,6,16
177,0,0,0,0,17,5,23,35,119,117,178,0,84,37,0,15,0,2,12,3,7,6,0,6,58,0,14,0,0,0,0
0,23,5,4,0,11,13,0,0,0,94,5,26,0,12,0,0,0,2,0,0,8,7,0,17,7,22,52,0,0,0,0
28,18,14,4,0,0,0,2,29,19,36,21,95,12,44,26,6,0,0,0,6,14,0,0,51,16,31,14,18,15,0,28
0,20,3,0,28,33,39,0,53,46,84,17,28,10,0,0,12,28,23,7,38,0,56,63,0,5,0,0,0,0,0,18
0,0,30,33,13,13,13,0,7,39,0,25,26,2,19,0,24,0,25,0,14,0,0,13,5,28,0,0,0,16,0,11
0,5,21,11,0,10,0,11,10,10,1,14,0,0,0,11,0,12,0,0,0,0,0,6,5,16,24,10,0,0,0,11
35,0,0,0,7,0,0,0,17,2,14,0,11,3,14,0,12,0,24,5,26,16,18,0,4,78,41,20,21,0,0,21
5,0,0,0,0,5,0,25,2,16,22,0,0,22,0,0,0,0,0,21,0,0,0,60,0,0,0,0,0,45,0,46
1,0,19,0,24,0,0,8,0,0,0,12,0,0,0,0,33,4,14,0,16,0,10,0,8,5,0,4,0,0,0,48
0,0,41,0,0,0,0,2,17,6,10,11,0,0,6,0,5,0,0,1,0,0,0,31,0,16,0,0,6,4,0,0
43,46,6,0,33,48,15,0,32,0,4,14,0,0,0,21,41,0,0,37,4,0,0,0,0,0,0,0,16,17,0,0
30,0,0,19,17,0,0,26,0,0,29,11,2,4,0,35,0,0,0,28,0,31,0,0,9,18,18,0,0,21,0,0
56,0,0,29,0,15,1,0,6,0,0,17,5,0,0,23,0,0,0,18,0,23,8,0,13,29,0,0,0,5,0,1
0,0,20,0,0,2,0,0,0,4,0,37,0,0,0,18,0,0,0,0,0,0,21,0,0,4,0,0,0,0,5,41
0,0,7,17,0,6,0,0,0,11,14,19,0,0,9,4,0,4,4,0,11,3,0,8,16,0,24,0,0,25,0,40
0,0,15,6,21,14,5,41,17,41,0,16,33,0,0,21,23,12,0,0,4,4,29,0,0,7,0,17,14,12,0,0
50,9,0,0,5,2,0,43,0,0,0,102,0,0,50,27,25,46,0,4,13,0,0,57,17,11,49,0,7,8,12,20
0,0,0,16,46,17,11,14,62,14,19,91,0,0,0,1,4,16,39,21,107,31,14,29,15,19,0,4,0,0,9,0
79,0,0,0,0,0,10,26,0,30,16,24,0,25,0,4,0,23,0,0,6,0,61,0,0,8,33,13,25,3,4,0
0,0,33,10,46,6,39,0,37,66,60,24,2,0,8,0,0,1,138,38,37,33,0,6,2,0,30,59,22,19,0,34
202,0,23,18,26,0,28,0,0,35,52,73,69,1,12,69,28,0,0,0,11,15,0,6,14,33,53,35,19,19,0,47
0,19,22,0,52,30,21,0,81,23,0,21,61,9,4,0,20,29,0,0,0,49,0,0,0,0,20,22,87,18,12,0
192,0,0,0,37,22,0,11,41,74,110,19,0,52,0,2,1,48,4,21,12,9,19,10,15,0,1,17,62,12,7,0
0,0,5,11,17,24,25,13,6,63,90,43,20,30,24,20,8,0,0,0,3,0,0,0,16,60,60,86,91,5,0,37
8,0,0,50,41,0,0,0,26,81,49,44,53,44,0,10,0,0,28,0,7,0,43,26,12,47,24,10,72,15,8,0
0,31,34,0,0,35,74,0,28,25,92,21,47,0,3,0,0,0,24,25,4,4,65,16,1,30,14,60,61,16,33,14
0,0,0,0,0,21,8,0,35,0,175,22,76,12,0,19,0,0,1,0,28,8,0,8,7,9,19,22,0,4,8,39
0,29,19,0,0,16,1,12,3,2,49,16,2,62,7,3,0,13,0,3,0,0,0,0,38,22,30,3,39,15,0,10
157,28,0,0,37,0,61,35,4,72,179,73,11,0,4,0,0,27,60,81,4,0,40,0,0,36,87,52,0,4,29,31
33,0,0,17,0,19,0,0,16,0,104,49,70,0,98,68,28,0,13,51,0,0,19,0,3,36,5,0,1,41,5,66
0,0,27,22,0,23,0,29,9,2,126,176,24,15,4,120,0,2,0,10,0,0,11,23,38,163,20,0,37,0,38,19
24,0,0,0,0,81,88,0,26,3,0,30,126,41,0,24,0,0,0,5,8,3,91,21,75,0,0,0,68,18,0,0
103,24,5,20,4,33,0,0,32,10,0,54,6,66,41,70,36,6,17,0,0,4,24,43,45,104,42,130,76,8,45,24
0,21,28,0,11,8,19,31,0,0,4,22,47,0,24,28,34,0,0,0,10,3,0,0,112,69,63,19,55,253,5,7
0,15,32,23,46,4,0,3,1,0,68,28,0,48,61,26,0,5,0,13,0,5,10,23,181,51,5,0,0,2,3,10
26,0,0,38,31,4,30,14,80,68,39,7,8,29,216,0,20,38,31,0,0,22,0,0,118,29,37,0,13,0,6,18
92,0,0,17,0,13,42,0,33,113,125,0,0,36,143,27,14,0,21,0,3,0,16,71,50,52,0,0,22,0,37,25
46,28,20,8,10,0,17,0,33,21,73,9,0,12,90,118,0,0,15,27,9,3,61,153,78,171,0,0,0,0,22,58
54,7,0,0,0,0,0,0,0,151,17,38,0,0,15,12,0,16,0,0,16,0,35,0,9,143,26,0,6,0,19,11
43,30,9,21,0,0,0,7,0,25,31,0,0,0,0,0,23,0,0,0,0,0,0,135,135,101,28,24,0,8,0,0
0,2,0,0,0,1,0,0,112,24,48,0,0,60,23,0,2,0,0,37,20,59,11,191,25,38,8,51,0,0,40,0
38,0,53,2,67,0,10,0,25,57,95,5,0,0,0,3,0,0,0,0,0,0,0,17,0,17,11,0,32,0,1,69
9,0,0,14,0,1,16,7,19,82,35,0,34,17,9,0,0,12,17,3,0,10,0,6,0,0,35,0,26,4,0,0
0,0,23,16,0,0,19,25,70,49,0,4,2,12,8,20,8,0,43,6,3,12,0,0,20,8,0,5,0,0,10,5
0,44,0,0,3,0,0,28,1,0,8,50,0,1,35,0,5,31,26,0,2,28,0,1,0,0,0,0,37,0,19,0
30,0,0,18,3,34,13,25,3,19,29,6,4,0,0,0,0,6,0,0,4,1,0,4,13,5,16,2,0,0,6,9
0,0,0,0,16,0,0,4,20,20,4,6,0,39,9,0,10,0,26,2,9,0,0,16,11,10,2,0,26,16,0,0
3,0,6,0,0,9,0,18,12,0,12,24,19,6,0,3,0,10,6,0,0,3,26,2,9,0,1,0,9,0,3,0
104,7,36,0,45,39,10,0,0,9,18,26,0,0,1,24,6,21,3,0,30,0,0,23,0,0,0,0,0,18,0,35
28,14,0,0,0,29,0,0,0,0,0,5,0,14,21,4,9,3,0,3,45,3,0,0,0,0,0,2,6,3,25,0
0,0,0,0,20,0,7,11,0,4,30,29,0,2,0,0,4,9,0,0,11,0,5,9,0,0,14,0,0,0,0,5
0,1,17,0,0,43,0,0,0,0,40,2,0,0,14,0,17,24,50,16,36,0,33,0,0,3,13,38,14,13,29,0
0,4,0,4,0,0,0,21,0,16,3,55,34,0,19,21,28,13,21,0,0,32,0,6,2,7,13,0,26,0,0,52
0,0,0,27,23,0,13,54,71,0,19,27,19,0,0,0,0,11,0,8,1,36,27,0,9,0,2,17,48,0,1,19
0,0,2,0,34,0,7,0,0,0,47,10,0,14,0,3,80,4,0,5,0,16,17,20,7,0,0,0,23,6,3,0
0,0,8,0,6,0,0,0,45,37,46,0,106,18,30,52,0,24,3,28,0,0,6,0,0,25,23,0,0,3,16,13
41,1,2,15,0,3,0,10,27,0,57,39,0,16,139,48,18,0,39,5,8,0,33,0,0,29,14,0,36,0,0,0
0,16,8,0,0,0,72,7,0,35,0,0,19,59,87,0,15,20,39,0,0,10,0,22,0,0,0,0,85,15,19,15
116,36,0,0,0,4,0,55,2,26,0,39,227,113,0,0,10,0,0,26,7,37,18,4,0,0,61,35,0,10,15,0
0,16,0,0,9,0,0,0,17,93,88,55,0,0,19,0,14,5,23,19,0,6,43,17,14,24,19,9,0,0,0,0
172,0,0,5,0,0,55,0,0,0,30,35,40,0,9,23,16,0,8,40,37,30,48,16,33,4,80,46,0,45,0,0
45,12,0,2,58,8,0,46,0,39,60,60,40,0,27,6,0,0,0,62,0,38,12,0,78,6,16,43,22,7,0,27
0,0,0,10,0,12,10,0,0,115,63,190,0,0,9,0,12,24,8,22,4,31,0,0,0,1,17,0,14,0,12,0
0,0,0,0,2,48,23,0,37,28,45,246,226,117,6,0,10,4,0,9,0,0,0,16,19,10,5,11,11,30,0,5
0,0,9,18,34,9,8,0,17,78,16,73,43,27,21,0,31,0,0,2,0,12,39,34,25,0,18,64,38,45,1,0
0,20,0,0,16,0,0,64,47,48,0,57,0,22,105,0,6,16,19,0,0,22,0,9,7,23,125,62,0,49,20,0
12,0,7,10,0,73,21,0,9,0,9,84,19,86,8,6,0,2,0,0,9,24,17,0,25,29,18,44,23,29,8,66
0,39,0,0,39,0,41,7,0,6,39,22,22,37,119,11,0,18,0,1,0,0,5,24,38,19,17,0,35,16,10,20
0,0,37,1,39,0,0,0,21,10,1,8,0,25,56,20,23,23,2,19,0,0,5,26,10,198,0,0,0,17,0,0
0,60,46,19,0,0,0,0,0,49,0,0,30,11,14,0,0,8,0,0,0,0,29,208,144,86,45,41,21,0,27,22
0,14,0,0,8,14,3,34,11,59,45,0,18,22,0,0,0,7,0,0,0,1,0,2,0,112,3,0,35,3,0,22
19,18,0,0,18,18,27,0,64,21,31,0,0,9,33,2,0,2,9,9,13,0,0,2,38,0,32,1,0,0,0,0
0,12,9,0,1,0,5,0,0,33,0,0,0,7,0,1,20,11,28,0,0,1,1,6,0,0,0,26,17,0,0,0
0,58,51,0,20,25,0,0,0,7,3,1,16,0,41,4,35,9,31,0,0,26,0,11,0,0,0,7,5,0,23,0
0,0,2,10,0,0,0,0,0,0,0,0,14,4,27,0,19,3,8,0,0,17,0,0,0,0,20,12,7,0,0,45
0,0,25,31,0,4,0,0,26,3,48,5,0,39,9,8,0,11,0,11,3,0,0,0,7,0,0,0,0,24,0,0
53,0,0,0,0,0,0,0,0,0,0,28,14,10,0,17,7,23,0,0,9,25,0,0,8,1,29,0,17,0,0,0
0,24,0,20,4,0,5,0,0,10,2,27,0,10,0,0,0,9,12,0,10,0,0,21,2,13,50,0,0,11,29,0
0,12,0,0,23,9,0,0,0,0,6,0,0,0,29,0,11,0,30,30,18,6,2,0,9,8,0,15,0,0,0,12
0,4,0,0,0,0,12,2,0,0,9,0,13,1,11,0,25,0,13,8,0,0,0,0,24,9,8,4,0,0,0,1
1,0,0,0,0,0,0,0,2,0,35,29,0,95,20,0,1,0,2,0,0,0,0,6,0,4,0,7,2,0,0,12
107,0,18,0,0,0,0,0,0,0,0,37,186,195,67,26,0,1,0,1,62,0,16,40,11,13,13,0,0,10,0,0
87,16,9,0,0,17,15,30,46,0,46,18,254,48,48,32,25,2,7,0,3,9,16,19,25,8,21,6,19,0,38,0
40,0,2,0,1,0,13,6,23,31,1,0,40,63,45,16,8,0,1,2,8,5,57,11,0,3,0,27,1,22,14,0
0,37,14,0,0,26,25,27,0,0,16,6,10,200,36,104,0,0,12,0,0,25,12,0,0,40,14,0,0,29,9,0
0,0,0,23,26,31,16,0,0,0,88,17,21,10,76,23,41,16,6,0,0,38,0,13,20,0,27,2,5,12,0,32
0,26,48,24,0,0,8,0,24,2,94,191,115,64,22,6,8,6,40,26,24,0,37,0,0,0,14,33,40,45,15,21
0,11,0,8,36,0,0,0,24,44,96,241,185,4,20,39,0,7,0,0,43,0,2,2,15,73,60,0,55,1,0,0
0,0,9,16,0,42,9,20,0,0,46,98,61,21,6,75,25,8,65,52,0,0,15,0,0,0,20,2,8,26,16,0
0,4,0,18,0,100,0,10,52,34,67,74,34,0,70,0,0,4,0,49,0,0,57,0,28,39,42,16,0,14,0,60
87,16,0,21,31,0,8,14,0,22,26,0,25,18,15,0,15,2,0,0,6,8,0,118,112,133,232,12,24,1,25,8
0,0,30,16,16,10,0,0,55,49,64,27,7,13,0,19,0,14,17,0,0,0,19,59,86,202,16,0,0,8,0,45
212,0,0,0,34,33,37,10,12,39,8,55,0,0,0,5,25,4,1,4,32,2,46,39,26,50,66,13,8,20,1,0
0,0,0,0,18,2,2,31,0,0,0,143,58,75,88,12,0,0,0,0,8,34,25,0,137,77,16,0,37,0,2,99
0,10,0,0,0,6,0,14,0,29,59,165,0,26,58,77,71,29,50,0,19,0,16,49,23,26,0,2,19,5,44,0
100,24,0,0,51,0,31,38,0,196,52,37,62,51,0,12,11,0,0,23,0,0,19,68,20,36,7,7,21,0,17,0
0,0,38,0,0,0,17,0,7,93,135,62,0,47,122,6,16,0,0,14,0,0,0,0,99,22,0,4,3,0,2,37
0,0,0,21,0,0,4,24,27,0,30,80,23,4,0,29,0,0,28,19,0,23,0,6,41,96,48,6,18,0,0,44
0,4,0,0,9,16,4,0,95,0,0,92,51,56,31,0,0,10,21,0,2,0,9,37,0,0,0,0,9,7,8,18
122,2,30,1,0,0,10,0,46,42,55,17,17,40,119,5,0,6,7,20,0,0,2,18,13,18,31,0,6,7,0,31
0,0,0,0,18,1,16,0,0,95,12,18,8,32,8,16,35,25,0,19,1,0,6,32,0,53,31,0,7,0,0,0
0,27,0,0,36,27,0,12,20,49,61,23,15,6,5,3,26,20,0,0,0,18,15,0,34,80,0,33,2,0,15,14
0,0,1,7,0,0,0,41,0,0,42,41,27,1,0,0,0,0,0,38,38,43,26,0,13,72,43,6,0,0,0,8
0,25,30,0,16,0,0,0,26,0,27,0,26,11,0,3,0,22,0,0,0,0,0,0,0,0,32,0,6,10,0,0
0,0,25,0,0,0,19,6,0,14,0,0,5,31,10,0,13,8,2,6,0,5,0,4,7,0,0,17,0,10,9,0
53,0,27,3,32,0,12,0,0,0,0,13,0,4,5,16,15,1,8,0,0,31,17,0,8,0,0,22,17,0,3,11
21,0,0,13,4,0,0,0,10,0,0,9,10,0,22,16,16,0,1,14,0,0,24,7,23,12,0,0,0,9,0,0
16,0,7,4,0,13,0,0,0,7,0,5,14,22,5,23,39,0,0,0,0,28,0,0,0,0,0,20,4,2,7,17
0,0,0,0,27,23,27,5,11,28,0,0,168,20,0,0,0,0,40,0,0,0,17,22,136,66,0,12,10,0,14,0
86,14,20,0,0,0,0,59,1,5,0,56,88,7,0,0,18,26,14,0,12,9,66,224,16,1,7,6,0,17,19,0
0,0,0,0,17,6,0,0,9,2,0,74,73,16,0,2,0,0,0,0,0,180,70,0,0,1,0,0,0,11,0,0
0,35,36,0,29,3,5,32,0,0,15,40,56,0,0,0,4,0,0,0,70,47,0,0,5,0,14,0,0,34,27,9
0,9,28,0,25,0,46,8,26,14,0,43,0,11,25,49,0,0,34,26,44,7,78,2,7,26,0,0,0,3,0,0
0,48,3,0,20,27,48,0,35,16,33,46,0,41,0,0,14,2,0,2,17,0,4,16,0,0,0,0,0,5,0,0
125,0,0,2,0,0,0,0,5,26,119,14,5,7,7,4,7,3,25,2,2,10,64,9,0,4,36,4,88,221,28,9
143,0,15,0,53,0,0,52,49,75,102,29,0,9,0,0,12,1,0,18,21,0,6,0,12,17,29,22,46,0,0,18
58,0,0,0,16,0,21,85,53,115,47,97,50,0,0,72,0,0,0,11,1,1,33,0,7,96,27,45,0,0,0,37
0,65,2,0,0,7,0,54,134,78,0,0,54,34,0,1,0,0,22,0,0,0,6,23,0,3,2,0,61,0,50,0
0,22,12,0,0,32,15,154,43,29,44,69,1,21,75,8,16,12,8,1,52,12,17,0,0,18,0,0,0,0,12,43
0,0,0,0,20,35,59,10,30,0,25,44,39,0,84,1,29,0,8,0,0,0,0,6,0,24,10,0,19,11,75,1
200,0,44,40,2,33,13,35,12,0,37,36,101,52,94,91,0,7,11,38,0,4,21,13,0,58,0,0,42,6,0,2
57,0,0,13,68,49,56,0,13,32,0,0,30,0,24,89,35,0,23,0,16,9,20,0,16,108,65,73,0,1,0,22
132,0,0,0,0,0,0,61,5,9,33,32,0,0,0,0,7,0,0,0,0,24,18,83,147,212,94,0,0,9,1,0
32,36,0,0,0,21,3,10,4,28,20,7,2,0,0,6,10,0,0,4,17,0,0,77,170,20,2,1,26,0,11,60
78,0,0,0,0,49,31,0,19,28,15,0,2,41,14,4,15,22,23,0,0,28,0,0,0,23,0,36,25,30,1,0
0,0,20,12,0,9,35,48,1,0,6,43,53,26,86,0,32,29,0,5,0,23,22,12,131,0,16,8,25,4,6,0
0,14,0,0,3,1,24,0,0,91,9,59,0,0,0,33,4,0,30,11,15,0,2,67,0,15,7,0,0,2,0,68
95,27,5,0,43,27,34,12,14,60,7,46,75,0,12,13,0,0,0,12,0,7,35,133,21,0,17,0,0,13,0,0
5,0,0,0,13,46,14,26,0,56,0,55,0,75,30,8,0,13,0,0,17,3,8,0,13,15,0,2,17,0,30,29
18,0,9,23,0,0,0,34,0,0,0,65,29,8,17,0,0,17,2,25,7,0,29,0,63,52,29,0,18,13,0,0
0,0,21,0,1,0,12,0,24,8,57,53,75,37,29,0,0,16,5,6,0,0,0,19,23,12,8,0,0,13,0,0
2,31,8,0,63,0,0,0,13,35,21,27,15,0,10,7,4,11,0,0,0,0,16,12,0,1,16,0,30,28,0,3
0,11,6,0,0,0,0,0,0,27,51,1,10,8,15,1,18,0,38,0,0,5,25,0,0,0,0,13,0,16,3,27
14,0,70,15,39,0,0,12,20,0,0,9,8,0,54,23,82,0,32,0,0,6,0,0,22,46,0,8,0,0,0,55
78,16,0,0,12,0,0,0,0,10,27,0,26,18,0,0,0,6,0,0,0,0,0,31,0,25,38,0,0,1,0,26
8,0,11,0,0,0,0,0,18,4,62,8,0,0,0,0,0,2,11,0,1,0,6,0,5,3,16,0,0,25,3,6
48,0,5,0,49,0,0,6,3,3,10,0,7,0,0,6,16,0,0,6,17,0,0,12,4,2,35,0,0,9,4,38
0,7,0,0,14,0,0,23,0,0,38,13,0,0,0,0,29,15,16,0,0,0,0,0,0,4,0,27,4,0,42,5
0,6,0,4,0,0,12,12,15,2,41,9,34,18,21,0,19,23,0,0,0,0,21,1,1,0,0,0,13,0,0,0
0,30,0,0,0,35,0,0,0,3,0,0,0,0,16,0,0,0,0,8,0,0,0,0,5,3,0,0,1,0,7,0
0,0,10,0,0,24,0,5,0,6,28,27,0,9,0,0,9,6,0,16,0,18,4,0,0,30,12,0,8,0,20,0
0,0,0,21,2,0,0,2,0,19,9,13,0,9,35,19,0,8,8,0,0,3,0,8,0,0,0,0,0,2,7,0
12,5,28,0,3,0,0,6,0,0,1,9,0,0,4,4,16,32,0,0,0,0,0,23,0,18,0,5,0,8,7,0
0,0,6,4,52,13,0,0,20,19,80,35,80,0,5,15,0,0,23,10,0,0,0,13,22,0,2,0,0,17,10,25
0,22,29,0,7,0,18,0,9,0,0,61,1,0,0,4,0,17,0,10,0,3,41,43,0,17,0,6,0,10,20,0
63,0,0,29,0,2,0,1,0,5,53,83,0,0,26,0,0,11,26,0,45,9,46,9,9,0,12,4,0,0,5,24
0,30,0,25,0,0,0,12,10,0,0,34,4,15,0,8,0,0,20,0,26,16,65,0,4,0,0,37,35,12,37,0
29,0,0,32,0,0,0,4,0,33,57,22,10,19,9,0,28,0,0,17,0,14,0,33,13,0,33,36,4,0,0,21
0,0,0,7,0,30,0,41,5,0,55,103,14,0,25,0,9,0,1,21,0,17,23,0,25,4,45,0,10,0,2,0
0,0,3,0,38,13,0,43,59,24,0,13,59,17,0,26,1,0,0,0,16,6,12,4,0,0,10,0,25,50,7,0
121,0,0,6,7,17,0,90,47,39,112,61,46,102,0,0,0,0,30,0,14,0,13,0,7,17,0,26,14,35,5,3
153,0,0,19,21,17,0,0,27,70,121,41,78,44,0,0,0,0,0,12,0,12,19,11,13,38,3,0,16,60,0,0
136,0,0,1,26,0,24,36,48,61,84,64,229,206,38,50,0,0,40,0,0,35,0,0,2,0,0,15,36,0,0,5
0,0,0,0,0,5,45,0,0,9,2,0,57,84,34,5,0,0,0,0,0,0,4,0,28,6,37,0,66,23,16,0
187,0,0,3,21,0,0,12,68,0,44,17,38,17,11,0,66,10,0,0,0,6,0,1,3,3,12,5,16,26,0,26
0,0,20,4,0,0,0,14,17,9,0,16,0,7,0,4,14,0,0,27,0,13,0,14,75,24,0,3,35,0,7,31
0,16,0,12,2,9,1,0,0,77,0,59,0,0,0,13,0,0,0,0,26,81,52,0,9,11,0,0,0,43,0,23
0,20,2,2,24,0,0,0,7,0,15,52,18,18,104,67,0,10,15,2,0,0,10,16,27,0,0,0,5,60,0,0
0,3,0,6,15,20,11,13,0,115,68,32,0,53,29,86,0,35,6,15,0,33,8,43,37,39,0,0,19,0,0,12
0,0,11,7,14,22,78,0,32,91,5,0,85,22,0,0,0,0,16,10,0,22,36,19,0,27,0,23,60,0,0,40
0,0,0,43,0,5,17,0,91,169,80,58,19,90,11,0,28,13,13,36,12,0,51,7,39,26,17,0,7,52,0,0
0,0,14,0,13,24,9,47,5,34,96,52,31,3,0,7,0,16,0,0,0,0,0,18,124,36,47,0,0,90,0,0
0,7,0,0,0,18,33,11,1,0,248,109,45,71,215,0,39,0,2,17,0,8,17,7,42,18,36,0,163,225,20,10
0,0,0,0,16,0,0,10,0,0,0,41,68,98,148,6,0,0,0,15,3,6,22,0,71,55,33,0,0,21,3,0
0,0,41,0,45,38,13,0,34,6,33,0,47,155,115,39,11,29,2,0,6,0,0,48,81,57,9,18,24,0,0,0
0,0,0,0,28,31,0,0,0,24,15,0,1,30,91,0,17,0,0,34,10,17,88,52,0,105,29,0,0,7,6,0
112,8,0,12,0,8,36,43,4,2,16,27,0,0,0,0,12,0,0,2,0,15,30,41,0,101,0,36,17,14,7,0
0,20,0,0,8,0,16,20,26,24,0,0,54,5,8,33,0,1,0,0,0,44,7,9,62,86,15,0,4,0,0,53
46,37,0,0,0,0,0,41,25,0,54,51,45,0,20,8,16,0,0,32,0,26,191,115,37,19,0,0,0,0,7,0
0,5,0,12,20,1,24,1,22,0,6,16,0,0,0,11,0,0,0,0,2,0,0,3,0,7,0,0,0,16,0,0
112,0,56,3,0,7,7,2,0,0,0,13,0,4,0,0,0,0,1,0,0,0,13,0,0,26,37,11,36,0,25,52
81,14,0,0,0,29,0,14,0,0,30,8,0,0,0,8,16,4,0,0,0,3,0,0,8,0,3,0,0,17,0,0
112,0,0,0,28,2,26,0,22,1,8,0,0,0,0,10,0,0,18,5,2,0,0,45,0,0,0,1,0,0,0,19
64,25,0,0,27,0,12,33,0,29,0,0,0,0,0,0,0,0,7,30,0,9,13,0,22,10,5,0,0,21,0,0
72,7,10,0,17,20,25,17,20,0,6,77,15,0,21,18,13,13,24,2,0,9,16,0,0,0,2,17,14,0,3,16
25,0,0,17,3,11,35,0,7,32,0,42,42,0,22,0,6,0,11,15,1,0,0,1,7,7,31,0,24,0,5,24
107,0,0,0,0,1,25,15,29,0,19,51,28,0,15,23,13,0,0,0,0,0,0,28,12,16,6,14,11,0,0,50
13,3,0,0,0,18,4,0,0,32,0,71,22,19,0,0,24,16,0,0,31,2,14,19,0,0,3,13,0,42,12,0
0,13,47,0,1,36,14,16,22,0,7,15,41,0,31,59,48,0,30,0,0,0,8,0,0,18,40,26,30,7,0,0
0,0,45,0,33,9,18,4,8,0,40,58,0,0,12,8,16,0,2,0,24,0,43,3,7,25,0,11,9,13,0,70
221,0,0,0,0,0,0,9,32,20,41,26,0,3,9,61,19,0,27,7,25,0,0,0,0,0,10,0,4,0,0,0
0,11,0,0,15,8,0,24,0,8,0,24,159,106,0,36,9,16,26,0,0,21,0,0,0,0,81,0,69,2,10,0
126,16,0,0,22,60,26,0,31,13,29,22,94,65,0,35,10,12,4,0,0,29,0,7,0,0,0,16,0,0,0,45
0,0,0,4,16,0,2,18,39,38,26,26,99,0,6,5,4,11,0,28,20,0,0,6,127,64,46,0,3,0,5,60
0,14,3,7,2,0,21,15,2,2,55,80,74,78,8,23,13,0,52,62,0,0,40,20,0,10,0,0,24,6,14,0
0,0,21,9,0,0,42,15,0,3,16,42,75,0,2,38,10,28,25,0,0,16,59,0,0,14,8,0,1,2,11,0
194,51,0,0,0,36,73,0,38,33,45,0,66,26,0,0,25,0,24,0,18,5,21,14,8,0,10,0,37,0,16,0
0,4,0,3,5,0,0,7,26,147,144,22,28,40,0,0,0,0,22,10,34,0,0,54,8,11,27,10,52,0,5,21
82,0,0,30,0,0,23,0,27,123,3,227,87,0,17,0,2,16,11,0,0,2,37,0,13,9,39,0,20,64,0,0
0,0,0,40,7,0,89,34,11,6,221,68,0,0,0,0,0,0,16,0,9,8,29,16,70,16,6,31,13,0,10,0
104,0,0,0,0,48,58,33,63,78,140,0,38,63,0,0,0,4,0,0,7,23,39,20,0,0,0,32,242,115,108,0
0,0,0,12,0,0,7,109,0,1,0,36,73,95,144,0,0,0,1,0,0,3,45,8,0,18,0,11,57,28,27,0
0,11,0,1,5,38,0,0,0,64,24,73,24,37,140,0,0,2,0,0,6,0,10,1,60,26,4,36,29,33,0,0
0,10,16,0,0,6,0,0,0,7,0,58,98,25,27,3,2,6,0,1,13,12,0,18,1,0,11,0,2,0,1,0
0,0,3,0,29,0,0,0,19,2,46,65,90,81,157,0,5,2,2,17,0,82,125,161,220,63,34,0,46,79,0,0
183,44,8,0,0,14,0,0,0,4,0,3,17,70,115,25,0,10,0,5,20,48,12,0,86,0,2,11,77,14,23,7
95,0,24,16,16,0,17,6,27,0,0,21,14,32,0,0,0,5,53,15,12,0,58,128,89,17,0,27,1,0,0,0
30,0,10,0,0,6,0,0,20,0,0,24,7,0,0,0,18,0,0,20,0,18,97,101,55,113,28,43,10,4,0,39
0,0,0,0,63,15,42,53,43,23,89,6,6,0,0,28,1,0,0,0,10,24,2,29,0,107,0,0,11,0,0,16
0,8,0,20,6,2,23,0,0,0,0,9,0,0,0,2,0,0,0,0,0,0,36,22,22,8,0,0,0,3,2,43
0,64,9,39,0,0,0,27,24,0,0,16,0,0,21,18,0,0,0,0,0,0,0,0,9,37,8,12,22,0,0,0
35,2,0,0,23,0,57,0,2,0,0,15,0,0,8,0,0,0,26,0,14,0,2,13,16,3,19,11,17,17,9,52
0,0,27,0,24,3,0,0,0,8,0,13,3,0,19,51,22,0,0,0,0,0,2,16,13,0,25,0,0,0,0,0
18,0,0,0,0,6,16,0,0,0,0,5,0,0,0,0,0,0,0,5,0,0,7,0,0,0,8,14,0,0,0,4
0,0,5,32,0,0,9,54,21,0,6,0,0,27,22,0,38,13,14,0,16,33,11,0,0,0,0,39,0,0,14,0
37,41,18,1,43,7,0,0,27,0,1,9,234,0,0,0,0,31,22,38,20,8,12,22,0,0,0,0,0,0,18,0
89,0,0,25,39,15,0,2,25,3,3,248,155,81,0,10,0,13,0,14,0,0,26,53,83,0,19,0,17,0,0,0
0,27,23,19,26,0,10,0,9,4,0,230,42,48,34,0,0,0,7,0,18,27,6,32,41,22,5,7,0,0,16,17
110,25,0,2,25,0,0,0,11,0,11,41,53,52,0,52,0,0,10,15,4,13,0,19,32,0,0,0,10,0,0,0
0,34,6,0,8,23,0,0,23,0,3,65,0,66,0,0,7,22,20,15,26,0,33,28,0,0,0,1,0,28,8,43
133,0,0,50,0,0,0,44,2,0,24,0,12,53,0,19,34,0,22,0,37,0,35,0,18,17,39,29,4,5,0,0
0,0,24,27,0,0,14,15,10,67,0,27,0,0,21,0,0,7,0,3,0,10,3,0,0,2,0,0,1,17,20,11
0,13,6,0,3,0,21,11,10,115,66,76,30,67,34,34,7,13,30,0,18,20,0,0,29,5,7,0,11,150,76,121
0,64,0,0,30,0,0,27,163,18,160,81,8,0,37,17,5,0,8,0,0,1,0,0,18,43,0,0,82,98,122,0
199,46,24,0,0,0,8,64,11,0,130,91,0,9,0,0,0,0,0,15,0,0,73,0,0,0,17,0,20,37,0,6
0,0,0,0,17,80,5,3,25,64,26,0,40,0,76,37,0,6,1,10,20,0,0,30,0,40,39,9,82,45,0,13
0,16,44,10,0,7,1,1,2,8,38,20,30,14,27,2,0,0,82,31,12,1,0,0,0,0,37,0,0,31,12,12
19,58,37,0,0,7,0,26,17,15,86,0,8,34,26,0,32,6,3,18,0,0,0,23,103,118,65,25,96,139,110,86
0,0,0,19,0,0,0,40,33,14,69,49,27,0,0,29,26,0,4,22,15,0,33,199,47,225,215,0,0,10,0,69
37,23,8,4,19,6,9,0,66,72,43,0,0,28,0,17,20,0,0,22,0,0,25,58,113,129,46,0,49,1,25,4
185,0,4,22,23,21,48,4,12,14,6,53,0,18,8,15,0,17,0,2,10,0,8,103,40,16,89,36,43,83,12,27
0,43,20,0,0,12,30,37,30,7,0,0,80,36,50,0,18,0,10,28,7,0,18,20,71,128,0,19,16,2,0,9
0,0,0,17,0,19,0,9,0,151,53,121,20,7,16,27,0,0,0,15,29,0,19,0,35,71,58,0,0,0,0,4
65,0,0,0,8,74,8,17,21,227,113,118,67,32,10,17,17,0,21,20,4,23,66,39,28,0,18,0,11,9,4,0
61,0,12,0,0,11,26,0,61,52,23,39,6,64,94,0,2,3,0,0,0,0,43,48,85,30,3,0,11,10,0,0
0,0,0,31,11,7,0,24,0,0,3,38,9,0,0,34,0,7,2,0,0,96,13,0,24,0,26,36,8,0,5,0
0,0,0,21,0,0,0,0,4,0,62,58,103,0,53,42,0,8,0,0,0,0,12,10,13,80,0,0,0,0,0,20
61,32,0,0,0,0,0,0,3,12,23,38,25,0,113,0,0,18,0,15,3,1,5,8,11,7,7,0,48,0,8,0
0,0,0,33,16,21,0,47,14,0,6,21,0,2,0,0,2,0,0,0,0,0,55,0,9,48,14,5,0,2,0,10
68,3,0,2,0,43,0,28,36,0,25,11,0,0,57,11,0,0,5,17,0,16,0,12,5,149,5,18,13,7,0,31
36,0,0,6,0,14,22,0,47,0,0,5,0,43,0,0,0,0,0,0,17,36,0,17,0,0,0,11,2,28,0,0
0,0,0,0,0,0,3,14,16,2,0,0,32,0,0,0,0,0,0,15,0,14,0,18,0,0,0,0,0,0,27,0
89,0,0,0,2,27,21,0,14,1,9,10,1,3,0,0,0,0,0,3,1,1,6,0,0,27,0,0,0,13,0,7
0,3,0,0,10,0,0,10,0,2,22,0,22,18,3,6,0,0,5,18,0,0,12,8,0,0,0,0,6,0,0,51
0,53,13,0,53,9,13,4,0,14,0,0,0,0,0,1,12,3,34,0,26,0,0,0,5,9,0,45,0,0,34,0
0,12,0,23,0,14,2,10,33,0,10,5,8,1,7,0,0,0,0,0,0,5,23,0,5,0,13,0,2,16,10,15
0,0,46,0,56,0,0,0,0,4,4,1,166,3,26,46,5,0,15,0,22,0,45,125,0,44,10,0,16,0,0,0
71,0,35,0,0,14,8,2,7,21,0,113,177,0,3,0,4,0,0,11,0,9,47,67,0,26,15,24,0,0,5,0
89,0,23,19,0,5,10,14,13,3,9,219,33,0,3,0,0,7,8,22,0,61,2,26,2,0,2,0,0,38,0,0
58,28,0,0,0,6,31,5,0,0,41,117,69,0,0,0,0,0,0,32,190,0,22,8,25,31,10,0,0,0,13,7
50,0,6,0,11,27,0,44,0,0,0,82,6,0,8,0,0,9,0,0,0,0,0,35,8,0,0,5,0,10,3,0
85,28,0,0,0,26,60,0,9,0,0,0,7,0,16,16,15,11,12,0,9,3,0,9,0,0,0,0,17,10,16,0
0,0,0,80,30,0,0,3,5,15,58,29,9,12,5,0,3,37,12,1,0,5,41,3,5,0,6,0,12,36,0,0
90,0,0,4,0,0,0,28,14,45,75,35,2,0,0,23,6,37,0,0,22,5,0,4,0,5,0,0,19,0,8,94
150,18,0,14,0,0,9,51,0,163,115,103,22,0,0,11,0,0,73,6,11,22,16,0,6,0,0,4,26,84,32,0
30,0,15,0,0,0,0,10,118,212,142,72,79,0,3,16,9,15,11,0,0,9,39,17,0,28,0,16,198,120,104,33
204,2,0,11,0,0,0,26,24,76,243,13,50,0,2,0,0,0,0,0,47,2,9,0,0,0,13,0,14,71,0,0
0,1,0,0,0,22,28,21,36,40,65,63,41,0,14,34,0,0,0,0,0,4,0,0,2,9,3,17,37,0,7,14
65,25,0,13,0,0,0,16,72,12,7,155,49,14,45,1,0,0,28,10,0,0,0,21,4,4,25,0,10,0,0,0
0,0,28,0,4,52,96,0,35,14,2,116,8,0,0,6,0,2,6,16,0,0,8,5,0,11,34,0,52,27,2,12
172,0,0,14,1,56,14,46,0,7,38,0,68,12,26,4,21,16,1,0,0,16,2,9,48,0,62,0,25,11,0,10
134,0,0,13,24,0,10,23,17,20,55,65,16,11,0,232,48,0,0,16,12,14,0,30,115,164,54,0,20,5,11,2
0,0,5,12,63,26,10,0,0,32,0,12,0,32,10,154,0,15,15,0,8,11,26,63,69,0,20,30,0,77,0,3
21,0,0,0,34,0,16,50,7,1,2,16,61,3,13,0,0,0,0,0,17,61,83,0,75,0,29,6,0,13,5,23
122,0,0,0,31,0,3,0,30,25,94,25,0,0,5,0,22,2,5,0,0,26,26,65,87,162,39,0,0,3,2,4
0,16,2,0,3,15,0,0,10,0,8,10,39,8,2,0,0,14,5,0,0,12,25,131,75,70,13,34,48,25,7,0
190,5,0,0,0,47,0,0,9,13,38,90,28,0,3,25,9,15,36,0,31,22,44,178,187,230,30,60,12,0,11,0
55,2,14,12,22,11,0,48,0,28,0,40,0,0,0,18,0,0,20,0,20,4,52,0,0,15,3,10,0,0,0,5
0,8,38,0,26,4,11,7,0,25,53,0,35,45,50,17,17,0,28,0,0,0,22,1,13,10,3,0,0,5,4,21
77,25,8,0,29,8,25,0,0,60,63,26,43,35,6,20,31,21,0,0,3,7,0,18,2,4,0,8,54,0,16,0
29,0,6,13,9,26,0,0,10,36,60,11,48,9,31,0,10,0,0,0,22,3,68,9,0,14,0,16,0,0,0,37
107,1,14,0,14,28,0,0,33,100,66,0,32,28,13,0,19,0,16,0,25,0,12,21,0,8,12,0,0,7,33,0
0,18,0,0,0,0,0,0,0,119,48,0,0,14,4,0,0,0,17,8,0,3,11,2,0,0,7,0,3,3,1,0
0,4,0,8,0,17,0,11,9,0,3,0,1,11,1,0,30,6,18,0,12,0,0,10,0,0,0,0,0,0,4,0
0,48,0,0,55,7,17,0,9,0,9,9,0,0,6,0,0,0,0,19,20,0,11,0,0,0,46,11,27,0,27,21
0,22,48,0,31,4,36,26,0,6,0,19,6,17,5,0,7,0,0,0,0,0,0,3,0,0,0,0,19,11,1,0
0,0,22,0,0,13,15,2,23,0,20,4,0,13,0,10,0,0,10,13,0,5,27,4,0,3,9,2,4,0,23,0
0,0,0,0,18,0,0,0,10,0,0,0,0,7,17,0,4,6,7,12,0,30,11,2,0,0,3,0,14,0,0,4
0,19,0,0,4,0,0,21,0,0,0,0,0,0,0,4,0,13,0,0,0,0,4,0,10,0,10,3,0,0,1,0
0,0,0,30,0,0,0,7,9,19,15,0,5,3,0,0,0,0,0,40,0,0,7,0,6,3,0,0,0,35,0,0
0,16,0,0,46,3,8,0,15,0,24,17,0,0,6,10,0,0,11,4,4,0,29,1,3,0,0,2,0,0,27,16
0,11,1,10,0,0,0,25,0,13,1,25,8,0,1,0,0,0,0,6,0,0,0,40,0,0,0,16,0,0,8,35
0,0,0,3,0,8,0,9,0,6,3,11,38,7,49,0,4,0,0,0,0,1,3,45,3,0,18,5,27,1,18,3
102,0,0,1,45,0,0,26,0,4,0,73,0,23,0,0,0,21,0,6,0,0,33,5,0,0,18,23,21,34,0,0
140,0,74,40,0,0,0,23,0,0,100,45,46,0,48,49,23,36,0,0,2,0,28,22,20,0,22,0,60,3,40,8
0,15,0,0,11,0,0,0,10,22,8,7,0,0,14,10,0,19,0,37,0,0,0,0,0,0,4,11,0,4,42,0
0,0,0,0,6,0,8,37,20,0,0,63,29,13,0,40,3,0,0,0,27,35,17,0,1,13,13,20,27,0,0,6
0,0,25,0,18,12,0,38,0,36,67,0,0,40,0,0,0,0,0,41,16,19,9,2,0,0,0,20,51,63,24,0
0,0,0,1,0,0,0,34,0,20,133,0,92,41,0,0,0,5,0,16,0,0,12,0,8,20,19,0,5,48,0,0
115,0,0,0,0,45,23,15,38,20,26,0,99,0,21,26,0,21,10,0,10,20,0,4,4,0,0,0,42,21,0,32
229,0,0,22,0,0,3,15,86,55,67,64,33,2,19,0,0,7,16,23,0,32,0,0,1,50,21,0,42,39,0,16
14,5,0,0,0,7,43,0,3,14,11,5,30,7,105,11,0,0,16,0,0,0,15,0,20,31,37,0,8,0,0,62
40,1,0,26,0,0,0,69,2,25,54,0,92,209,56,29,0,0,14,13,8,1,25,0,0,9,0,0,0,0,0,45
0,0,27,27,0,30,10,0,4,9,47,41,11,37,0,0,5,13,30,28,31,18,0,32,3,24,6,48,23,16,1,28
223,0,17,0,11,31,45,0,12,0,9,18,112,23,5,23,0,0,0,0,0,0,29,0,0,0,28,35,21,52,7,0
168,0,10,25,0,0,2,47,26,19,0,12,45,29,25,0,17,29,0,0,0,0,41,21,31,27,38,0,1,21,0,43
0,0,10,14,15,2,0,43,3,0,5,103,16,15,37,49,31,0,7,14,0,60,3,0,20,0,61,3,3,3,0,9
84,1,0,0,0,31,16,7,0,39,52,36,63,27,7,0,0,33,0,0,23,49,0,18,8,17,4,0,11,26,13,0
166,0,9,0,26,0,0,0,43,45,144,51,0,12,6,53,0,2,29,0,1,3,23,18,18,0,0,46,16,0,18,4
0,43,0,5,0,9,29,121,32,45,32,64,6,0,8,46,0,0,0,0,0,21,9,0,68,4,37,0,8,11,16,54
123,23,0,0,0,87,29,0,56,23,43,94,155,50,163,0,0,44,0,0,26,0,39,12,35,52,0,0,23,43,8,0
0,0,14,0,45,87,92,49,45,74,110,34,3,0,154,13,0,7,6,0,19,0,21,23,46,0,16,7,7,4,3,0
24,4,0,8,112,0,10,7,0,3,0,4,38,24,0,46,8,0,11,0,7,0,18,0,56,43,2,0,52,49,36,0
0,0,0,41,18,0,0,0,48,19,0,7,14,66,247,72,10,0,58,19,0,0,89,59,59,167,142,1,0,30,4,0
99,0,40,0,0,10,5,0,0,0,0,0,5,95,40,7,57,0,40,0,18,7,31,1,21,26,37,75,0,0,0,0
109,1,0,2,0,0,3,0,0,9,70,0,30,9,23,0,24,12,50,0,0,0,28,5,56,44,0,0,0,0,0,12
21,0,0,1,0,0,3,26,0,0,0,6,23,0,0,9,7,0,0,0,0,2,42,5,0,7,0,4,7,0,0,0
36,8,0,0,10,0,0,0,0,0,9,11,0,0,0,14,29,0,0,10,0,0,17,32,44,11,0,8,0,0,0,0
68,17,26,0,7,0,12,0,26,16,17,0,0,28,0,0,0,0,0,0,0,48,141,57,69,0,15,35,26,0,28,0
15,0,0,9,18,0,8,0,0,30,32,0,8,0,0,0,0,0,0,0,0,0,22,0,0,0,14,0,23,0,6,10
3,36,20,8,0,66,46,0,24,56,21,6,36,0,0,0,0,25,39,40,19,0,32,22,16,0,6,4,29,0,13,0
0,14,0,0,0,0,0,1,0,0,0,36,0,5,0,0,0,0,5,15,16,6,4,17,0,0,0,0,1,0,0,24
0,8,13,3,0,0,0,0,0,7,23,0,0,2,3,26,2,0,0,6,0,24,0,0,13,13,0,0,0,0,11,12
42,0,0,0,0,30,0,0,0,20,0,0,0,1,0,0,10,14,17,6,0,5,0,2,7,0,0,31,5,0,0,30
27,25,29,9,52,0,4,8,0,8,6,19,0,5,9,0,20,48,32,0,25,0,32,38,19,0,0,30,28,0,32,0
0,0,12,0,50,0,17,13,0,0,0,65,0,0,0,3,3,16,6,0,3,3,44,0,0,17,0,0,9,0,6,23
54,0,0,14,32,3,1,18,0,8,0,25,0,10,13,0,12,28,3,27,9,0,30,28,0,7,24,25,0,0,10,0
0,29,0,37,0,0,27,0,1,23,10,15,2,10,0,17,7,0,5,14,19,13,6,36,0,0,17,39,23,0,0,0
122,20,0,4,0,7,11,5,6,22,9,0,19,62,0,0,67,67,25,26,5,0,0,18,11,0,0,0,16,34,36,14
0,26,63,0,1,8,1,0,8,3,0,0,0,43,35,62,7,37,12,9,28,0,19,7,0,0,0,4,26,6,0,0
60,18,16,29,3,24,6,48,0,53,10,8,53,210,39,3,27,0,0,15,9,23,0,0,8,0,18,0,12,1,0,17
125,0,0,5,0,0,0,9,89,29,36,26,9,50,191,87,0,19,0,1,0,0,6,0,9,2,0,2,17,21,0,20
210,0,13,23,19,0,22,8,17,19,30,0,17,246,145,52,0,20,48,44,18,1,22,13,34,0,42,0,46,36,0,3
0,2,0,0,18,0,62,5,14,23,0,2,37,13,3,20,0,9,0,16,14,9,68,0,0,46,0,14,0,0,22,33
56,2,30,17,0,0,26,42,32,0,65,9,144,7,45,0,58,14,16,0,44,13,2,5,36,19,0,30,14,11,6,12
0,3,0,39,0,0,5,0,0,38,144,67,63,2,0,11,19,10,77,0,0,10,26,18,29,46,13,7,37,4,0,21
0,0,2,13,7,15,0,0,5,14,207,95,55,11,0,2,0,0,0,0,0,14,51,0,7,7,77,0,0,46,16,32
142,53,33,0,30,27,74,10,96,37,126,194,140,9,34,6,42,6,41,0,28,18,44,9,97,40,27,0,19,12,19,2
0,0,0,7,0,124,39,34,106,25,48,82,0,0,23,27,17,0,12,0,3,72,3,22,0,0,14,9,42,141,41,20
55,0,0,5,4,9,10,95,30,81,0,16,32,31,94,96,18,19,48,4,26,0,6,0,0,0,0,7,48,20,1,5
0,44,0,0,3,57,17,13,115,65,40,54,2,18,96,0,17,37,3,1,22,0,0,19,9,48,0,0,0,0,8,39
31,0,42,0,27,117,64,42,0,32,0,33,0,9,10,49,3,8,0,0,0,0,14,213,238,113,0,4,24,5,4,0
87,13,0,16,23,59,109,49,0,10,81,34,85,59,196,0,0,0,0,0,25,0,33,61,71,10,0,0,4,40,37,7
28,0,0,0,18,37,9,0,16,0,11,2,18,54,130,3,0,0,5,0,9,6,30,16,79,42,24,0,0,0,14,0
0,41,0,0,9,0,20,114,88,173,40,0,8,2,0,0,20,24,10,1,7,29,60,117,65,22,0,18,0,12,16,0
0,26,28,5,0,0,0,41,59,141,144,26,31,0,0,13,0,0,0,0,0,22,157,83,94,117,65,17,43,7,29,2
67,6,0,17,0,11,0,83,0,111,17,0,31,32,3,0,0,19,19,0,25,0,63,10,0,81,27,24,0,0,11,0
0,66,0,0,1,0,0,0,32,0,22,0,1,0,4,0,0,5,0,0,7,0,0,3,80,18,4,13,13,5,16,0
67,14,4,23,0,0,23,24,7,0,0,0,0,0,24,1,18,0,0,0,0,0,0,0,28,29,0,23,0,0,0,0
0,22,0,0,51,17,31,0,11,0,0,0,0,7,0,17,4,0,28,0,0,0,0,7,0,17,0,0,0,0,11,14
33,44,3,0,30,11,9,0,2,0,33,0,3,9,27,0,0,0,8,0,6,1,5,0,6,0,4,0,4,0,11,11
11,0,25,0,16,15,28,15,2,0,5,0,0,8,0,0,6,19,3,0,0,7,0,11,0,0,0,11,4,0,0,25
0,8,40,0,0,10,15,0,0,0,254,22,0,0,3,31,12,4,0,0,59,1,6,0,1,0,8,4,3,11,0,0
23,0,6,0,0,20,0,0,0,0,64,0,0,0,23,0,15,27,48,0,22,0,20,16,0,0,0,0,0,0,14,10
0,0,0,0,13,27,0,27,0,0,85,64,0,0,0,33,40,22,130,0,55,184,12,11,13,9,0,0,0,9,0,35
0,0,0,0,0,29,0,0,0,16,0,6,6,0,0,0,0,1,0,20,22,42,0,14,4,0,0,12,20,0,8,36
211,30,15,0,1,0,17,0,16,0,0,3,10,55,0,20,0,0,0,5,18,0,20,38,3,0,0,0,0,0,14,0
102,0,0,0,0,0,0,147,177,65,8,0,11,8,13,0,16,14,22,0,19,10,13,2,27,4,66,0,29,32,0,15
0,6,0,0,0,15,9,1,38,106,30,31,21,14,0,52,0,0,0,0,0,31,80,25,40,13,3,0,29,0,0,24
97,0,0,9,4,41,52,80,86,191,0,6,10,0,4,0,5,6,4,21,9,12,0,4,0,4,0,40,0,27,0,13
0,29,0,1,21,2,32,15,37,12,10,19,29,78,0,52,18,4,13,0,25,0,11,3,9,3,0,0,22,0,0,0
83,21,0,124,81,36,19,0,23,9,10,0,0,19,33,3,29,39,13,0,0,3,10,0,0,0,0,8,62,15,4,0
180,0,21,216,53,9,1,8,3,2,1,6,10,61,15,8,0,0,0,19,0,20,0,10,78,16,42,45,47,128,8,10
0,0,6,167,0,0,5,0,0,58,0,0,0,16,11,25,13,13,15,5,0,28,168,110,96,183,45,0,52,63,0,13
140,0,25,0,16,0,14,16,13,29,13,46,30,32,17,7,0,1,42,26,6,6,6,46,29,0,0,0,19,0,0,0
0,0,0,0,22,25,9,32,0,0,12,0,26,0,0,25,0,0,5,16,6,0,84,20,46,18,30,0,4,39,0,0
37,0,0,43,16,0,17,22,0,0,44,13,0,0,13,42,21,7,20,33,0,0,25,39,55,0,3,0,0,59,0,13
146,9,41,0,13,27,29,15,0,59,4,25,0,2,33,0,59,46,31,0,16,0,0,24,52,22,54,0,40,9,50,0
152,12,23,6,0,22,11,126,169,111,200,82,0,0,20,27,0,0,0,28,14,12,29,0,0,9,59,0,44,16,10,23
0,0,8,0,41,29,134,147,137,42,241,0,47,16,16,0,9,7,1,3,4,7,41,4,77,17,0,2,1,25,9,64
0,31,12,22,0,179,21,113,108,17,106,51,11,9,18,33,0,12,9,13,0,9,7,0,0,0,0,42,4,0,3,29
0,15,19,0,16,29,12,130,53,70,13,0,52,32,0,12,16,0,23,2,21,0,70,83,5,14,0,0,1,4,8,26
108,0,0,13,0,6,24,57,40,43,34,32,20,60,0,0,0,8,0,25,1,0,21,44,71,3,1,7,0,0,11,0
0,0,26,13,3,12,0,23,42,29,0,39,0,9,11,41,8,0,2,11,0,2,28,31,9,51,0,7,0,1,0,38
0,0,4,0,0,34,9,0,47,0,0,55,61,0,36,39,0,0,0,0,12,34,0,0,57,26,6,48,0,0,0,74
0,0,0,3,18,27,18,0,46,5,92,13,43,0,18,0,0,22,0,5,5,0,51,27,63,34,3,0,0,0,0,0
0,39,4,0,0,0,17,0,0,9,20,26,6,24,3,9,0,0,10,3,0,0,8,8,0,29,2,19,7,0,0,16
65,13,12,0,13,13,1,31,21,0,1,27,12,8,5,0,0,12,31,0,0,28,1,21,3,39,26,0,3,7,0,4
0,60,19,2,0,4,2,71,17,0,36,27,0,1,0,21,0,7,0,0,0,20,27,12,11,68,54,17,0,7,0,33
39,0,0,26,0,0,16,0,37,39,17,0,45,30,23,0,0,16,2,1,8,0,59,45,24,11,42,0,5,4,0,0
0,15,4,0,0,20,0,14,0,21,0,6,0,0,21,17,0,0,28,0,9,14,16,0,0,0,0,0,0,20,2,57
0,0,0,20,10,0,0,0,3,0,0,0,0,0,4,2,0,14,1,0,0,0,0,4,0,17,0,0,0,0,0,0
66,32,0,6,0,0,0,12,0,0,15,4,27,0,17,0,7,0,0,5,0,0,15,6,0,0,0,0,4,27,0,22
42,39,0,0,44,17,20,0,2,5,0,44,0,23,0,36,22,0,19,0,4,7,0,0,0,0,0,1,4,23,28,0
0,0,45,18,32,0,0,0,12,23,4,36,4,1,0,1,1,0,0,0,61,82,24,0,0,0,9,9,0,0,15,12
13,0,0,0,0,0,5,5,0,13,109,0,0,0,10,0,15,0,13,27,51,21,17,8,0,9,0,3,0,0,0,0
0,0,32,25,0,0,0,11,0,0,31,38,0,18,0,9,44,0,176,0,0,44,0,27,0,0,7,1,0,0,0,29
32,4,20,0,40,16,19,0,0,48,23,0,0,4,0,4,0,0,120,5,0,20,0,21,0,0,20,0,21,26,8,0
0,0,2,0,0,3,5,44,39,18,22,7,0,17,0,0,0,22,41,5,16,5,0,0,0,6,9,0,0,0,0,0
69,0,4,0,0,23,11,0,0,0,0,8,8,9,0,28,59,0,0,13,56,13,0,2,0,0,2,0,8,0,0,26
0,0,18,0,0,0,31,7,16,37,0,0,0,53,0,0,0,0,0,0,8,19,19,0,15,8,27,11,0,18,8,0
0,0,35,0,10,0,17,0,93,46,45,3,47,4,23,0,74,4,34,42,0,0,0,0,0,16,46,16,32,25,0,0
187,0,0,0,0,13,17,133,30,131,23,26,0,0,9,16,27,8,0,17,0,4,7,9,9,41,31,150,61,13,25,0
47,68,10,0,0,26,10,150,71,2,15,11,0,33,0,0,0,17,2,22,0,5,1,5,5,0,38,0,165,31,3,54
0,0,0,17,22,36,0,248,205,0,25,28,0,30,0,1,11,14,24,5,24,0,8,0,51,76,8,113,0,0,0,21
0,0,15,1,66,125,73,0,25,177,0,0,25,19,0,7,14,1,6,14,14,2,1,0,11,22,0,4,16,0,0,14
82,2,20,28,88,69,0,0,7,41,52,53,29,5,27,17,5,4,26,29,0,4,0,53,4,6,0,0,0,0,9,19
0,0,34,102,23,16,27,0,8,50,7,0,3,10,24,0,0,0,2,0,27,11,54,6,10,0,22,0,15,31,0,49
0,5,0,62,61,12,0,12,0,0,7,53,37,0,53,49,3,0,0,29,0,9,6,113,27,16,9,0,51,0,3,63
153,0,80,0,63,0,0,43,11,2,18,33,21,0,22,8,48,22,13,0,20,2,0,20,83,42,41,8,64,0,27,23
0,0,0,42,13,0,34,75,0,38,13,67,0,0,0,0,0,3,11,0,0,54,50,98,51,0,0,0,27,0,15,4
2,15,30,35,3,0,64,113,102,42,0,0,31,0,45,0,0,0,6,4,2,2,108,124,58,39,2,10,54,2,0,27
69,12,0,0,0,23,62,60,148,81,25,72,25,1,9,0,12,20,7,16,11,50,107,244,13,93,0,67,0,7,15,0
152,0,6,61,0,0,164,206,116,46,55,21,81,28,0,0,0,0,0,0,0,95,192,72,53,0,44,31,7,0,0,0
176,0,12,0,4,0,25,129,70,73,14,104,19,18,0,0,0,11,0,0,33,210,189,55,28,16,9,0,10,2,4,0
0,0,0,0,0,27,197,73,196,47,32,17,0,0,0,0,0,13,0,0,8,4,0,7,25,8,0,0,16,9,18,45
0,0,19,0,9,41,161,210,117,172,92,16,34,35,22,0,26,0,0,19,13,0,0,0,0,1,0,10,0,7,13,0
35,0,0,0,0,124,20,254,250,247,80,1,7,29,22,0,32,9,6,4,0,30,10,6,0,0,0,2,0,18,0,1
84,0,1,17,51,42,174,189,156,110,0,14,2,0,2,42,80,106,22,0,5,0,0,8,11,28,12,0,0,0,6,0
122,1,6,0,8,150,178,250,168,189,15,0,32,0,0,167,156,128,2,0,23,0,0,0,0,18,27,22,0,0,0,7
91,0,0,0,0,124,24,195,95,25,0,0,2,7,0,0,5,0,0,47,0,0,0,9,0,23,0,21,4,13,0,0
61,0,50,9,22,0,1,64,33,0,6,0,0,0,0,20,0,0,0,13,0,0,0,0,55,25,18,0,0,0,0,45
0,0,0,0,0,1,5,0,14,13,14,0,0,0,9,0,2,27,0,6,0,0,0,9,11,4,0,12,0,0,0,25
2,0,20,14,0,0,1,11,0,2,0,17,0,25,0,14,10,13,2,0,0,0,0,12,10,8,0,0,17,24,0,0
0,14,3,0,3,18,14,23,26,0,4,43,0,0,8,0,0,2,0,18,0,0,29,0,23,0,0,0,8,0,0,29
0,29,33,0,8,6,17,0,0,15,0,0,0,36,0,0,0,0,19,0,4,0,16,0,0,0,0,8,22,6,3,0
82,0,52,13,15,3,22,0,0,9,0,15,0,2,0,2,10,5,0,0,16,38,0,0,16,0,0,25,15,12,0,0
15,18,0,0,0,0,36,0,0,9,0,10,8,0,17,4,0,3,0,17,0,0,0,0,7,0,33,0,25,0,17,6
9,0,0,9,0,11,5,9,0,0,0,0,0,0,1,0,0,0,0,7,1,151,0,13,0,0,2,17,0,0,3,12
43,41,11,0,0,29,36,1,0,0,1,0,0,48,0,0,16,12,0,17,0,43,0,14,0,0,0,0,0,10,0,28
25,41,0,0,0,36,17,0,24,16,16,6,0,27,0,0,10,24,20,0,28,0,30,30,0,21,0,0,0,10,0,16
0,0,0,28,0,0,0,24,0,0,14,67,21,20,25,0,24,45,50,53,67,11,29,0,28,9,53,0,0,0,14,29
128,0,0,0,0,0,11,31,13,0,60,0,6,0,8,0,2,0,0,21,0,0,26,0,44,24,0,2,11,0,5,27
0,0,0,23,17,0,0,0,0,38,0,0,0,10,0,0,0,0,0,13,0,0,0,0,26,0,6,34,7,4,5,0
0,0,0,30,0,0,0,0,4,29,15,116,50,0,0,23,0,8,43,60,0,0,10,0,38,31,18,6,0,20,0,0
0,38,5,0,20,36,0,0,12,0,11,0,10,20,9,0,39,38,36,16,21,0,12,0,4,24,0,46,35,0,25,24
0,15,0,16,0,0,0,42,0,23,129,0,20,0,0,34,44,6,0,10,16,0,0,0,10,3,34,21,53,11,0,64
0,0,0,0,0,4,39,32,49,48,107,24,11,0,29,0,20,0,75,23,42,0,17,0,16,83,74,121,0,5,1,58
91,0,0,0,0,2,0,32,56,0,47,95,16,10,0,9,11,18,0,0,87,7,0,0,28,51,42,19,43,4,0,63
0,0,0,25,19,0,7,8,0,19,134,16,0,41,0,0,0,0,0,36,0,0,35,0,18,2,0,16,12,54,0,17
2,0,0,0,0,0,0,39,8,0,49,11,0,0,2,9,0,38,0,16,0,3,0,3,51,21,54,23,47,0,0,0
0,0,0,8,26,0,3,56,21,31,97,16,5,14,0,2,3,0,84,18,49,0,0,0,5,5,22,11,21,0,0,0
0,0,0,13,4,10,11,61,0,5,0,69,9,0,0,30,13,7,37,47,22,44,0,0,13,0,50,97,48,0,17,0
3,0,0,60,25,0,0,86,171,0,6,43,55,0,84,28,23,16,92,81,8,17,0,0,61,3,16,10,0,0,0,0
88,1,9,5,21,0,116,116,104,5,0,49,0,13,0,37,54,143,35,0,4,11,4,0,43,51,28,0,33,0,0,44
0,0,9,32,64,61,254,150,34,37,0,9,18,7,8,81,50,3,7,0,22,12,62,119,76,0,0,0,56,1,2,0
187,39,0,0,90,66,16,19,45,127,0,21,1,0,24,7,0,0,0,0,0,10,3,48,43,0,19,95,30,3,0,0
0,36,56,23,39,29,4,17,220,27,0,9,0,7,0,0,0,10,7,1,24,15,0,6,27,0,4,9,0,14,9,0
0,29,70,0,33,2,0,0,4,16,32,105,57,47,39,0,0,0,0,0,0,8,0,69,28,0,50,29,16,23,0,8
89,105,49,0,19,14,3,0,0,10,196,76,138,19,0,10,8,0,3,0,0,27,95,2,51,6,9,0,4,5,0,16
0,8,18,6,0,7,0,0,3,8,38,69,30,4,8,6,32,6,0,0,0,30,60,25,0,0,17,0,2,0,23,41
144,11,16,0,0,0,0,36,20,0,0,58,45,0,0,11,0,0,14,30,51,0,115,27,21,28,103,25,3,0,43,34
118,0,0,5,23,23,48,103,13,0,0,31,34,8,0,6,0,0,1,9,0,0,32,10,15,93,45,46,3,10,0,0
111,0,10,55,176,57,2,3,10,4,0,19,22,0,16,0,46,2,59,158,252,24,1,29,8,0,20,4,21,0,10,16
88,0,2,105,41,100,31,0,0,21,32,0,0,1,10,0,0,7,0,29,13,0,14,16,0,18,1,0,0,12,0,24
32,7,0,18,81,126,0,71,80,0,21,16,22,0,0,6,0,0,13,22,19,14,0,46,0,0,0,0,0,16,0,0
49,12,20,3,111,75,26,0,0,10,0,0,0,35,162,150,16,0,12,11,0,0,0,0,0,0,0,3,0,28,0,30
29,0,26,0,31,9,18,7,3,8,4,0,32,5,51,38,0,0,0,0,0,1,11,0,17,0,0,23,0,7,0,1
30,11,3,23,19,0,10,0,20,12,0,1,0,0,0,0,27,0,32,1,28,0,8,17,0,4,5,2,8,1,0,8
25,0,0,5,1,0,0,0,6,12,0,0,0,0,2,35,0,0,2,2,0,0,0,6,0,25,0,0,10,0,0,14
12,0,8,16,1,0,0,0,22,0,0,0,6,29,0,0,0,0,15,33,10,110,19,21,0,0,0,18,0,12,2,0
0,0,5,0,48,14,14,0,16,19,10,6,0,0,14,0,66,35,21,36,77,0,0,17,0,0,0,9,25,2,23,11
183,0,13,18,0,0,0,1,25,11,0,0,10,27,5,3,1,20,0,0,2,45,18,19,25,2,31,0,12,0,0,0
25,0,0,0,0,27,0,0,1,9,23,25,0,0,0,5,34,18,0,3,122,0,26,0,0,33,0,0,0,10,0,40
63,15,0,0,0,17,0,0,18,28,30,0,0,25,2,0,7,0,56,3,0,17,0,16,0,52,14,22,0,4,0,0
0,0,21,0,0,0,47,0,14,61,57,0,51,0,0,0,0,0,22,7,0,0,0,31,0,0,0,16,0,63,0,0
0,5,0,0,10,0,0,13,0,2,0,90,58,10,0,34,15,44,0,17,3,1,0,0,4,43,0,13,0,0,1,49
0,8,0,2,0,8,3,3,23,3,0,16,18,15,15,0,0,48,1,29,2,0,0,26,52,0,0,0,18,0,0,0
0,0,0,54,0,18,0,45,0,16,26,0,102,0,0,41,0,2,22,32,31,0,0,0,0,12,0,0,10,0,19,13
49,0,0,0,46,11,2,0,17,57,0,18,173,52,27,0,42,49,14,17,17,0,0,15,0,49,70,50,50,0,0,23
210,0,0,13,0,10,0,27,31,25,181,84,41,0,15,28,2,3,115,27,0,16,24,0,30,0,44,12,6,46,18,0
32,24,0,0,0,0,36,13,22,12,101,19,26,0,0,35,33,0,10,2,10,6,0,0,18,4,18,19,0,7,12,38
27,0,4,15,11,4,25,70,148,6,12,0,55,12,17,18,25,12,130,44,55,0,9,11,42,13,0,0,27,16,0,34
0,0,0,0,58,63,100,157,198,123,9,0,0,0,0,1,231,109,172,13,35,0,24,25,0,20,35,26,24,8,4,2
238,0,3,0,0,21,125,125,112,235,150,158,27,0,0,0,61,14,49,35,50,19,28,0,0,0,88,48,32,0,0,0
0,20,22,9,66,6,58,74,178,153,214,193,181,12,7,7,0,0,8,0,10,23,0,36,14,7,21,0,0,8,0,25
102,16,0,38,40,118,26,47,149,186,114,216,100,0,6,55,0,0,3,0,26,48,87,6,0,69,155,116,92,0,0,0
0,31,0,184,20,21,68,147,4,94,19,105,47,0,26,22,24,1,29,0,9,17,52,6,31,19,8,12,83,0,41,0
0,1,12,7,0,0,18,27,44,80,0,108,13,10,0,11,0,8,0,1,0,0,3,23,76,37,75,96,37,5,0,43
0,44,39,0,81,2,18,19,0,14,37,50,18,0,21,0,0,0,0,0,19,100,32,42,0,18,7,4,46,9,16,0
122,47,26,33,3,0,0,0,21,35,63,39,37,31,25,10,8,0,116,217,103,188,194,11,5,0,17,0,0,3,0,32
14,0,36,1,56,45,32,0,21,29,25,6,25,4,16,0,3,0,0,54,107,96,0,0,0,0,11,12,11,0,0,0
0,19,29,0,43,32,39,25,14,26,20,0,0,0,8,122,170,107,122,0,112,116,90,16,8,3,0,0,0,4,3,0
0,0,27,0,0,63,35,4,0,0,51,14,13,5,36,79,248,83,8,0,31,63,28,0,14,53,37,24,4,0,0,0
0,89,0,37,22,0,48,25,0,20,0,18,9,0,9,0,32,6,0,0,18,27,6,16,0,20,0,0,0,21,3,0
0,0,0,43,51,0,0,0,2,10,41,0,23,0,24,87,0,0,0,20,1,0,0,0,8,0,0,0,0,40,0,0
82,41,42,0,35,17,17,0,0,10,23,0,0,0,17,35,40,0,1,0,8,27,0,23,0,38,0,0,0,1,20,26
17,0,0,22,0,0,53,0,0,0,13,11,0,0,0,15,0,1,0,1,0,0,0,2,33,0,0,0,6,0,0,48
51,18,25,0,18,0,0,0,0,17,12,23,0,0,0,0,2,0,0,2,0,3,0,0,0,0,0,12,0,7,0,3
83,0,0,14,0,0,18,0,34,0,21,18,40,31,0,0,3,0,0,40,0,0,40,0,24,3,0,0,0,0,0,0
132,3,0,0,0,0,0,0,0,0,30,0,2,10,17,0,1,2,0,0,10,0,0,0,9,0,0,0,16,18,0,17
0,35,3,0,19,29,24,6,0,29,0,0,0,0,5,6,0,12,11,1,40,0,22,49,0,0,0,10,0,19,8,0
0,14,0,0,12,0,0,30,0,1,28,40,0,0,8,0,0,0,29,0,20,0,0,0,0,10,0,0,3,17,0,0
8,0,46,14,10,5,29,0,8,248,138,48,4,16,11,3,0,6,3,0,0,49,8,0,0,14,0,0,0,0,0,21
150,38,0,14,0,21,0,0,17,38,63,0,4,0,5,1,13,112,1,76,25,12,11,0,0,0,10,0,16,12,0,0
63,50,21,0,0,4,21,0,9,44,46,113,14,0,19,80,95,241,129,0,88,50,0,0,1,15,3,1,20,0,4,56
0,37,0,0,0,39,0,0,0,2,52,0,0,0,35,113,103,147,41,0,37,7,0,2,14,5,1,0,0,0,19,0
79,10,22,0,0,24,0,161,156,0,2,2,8,5,10,0,30,0,152,16,0,10,0,0,0,0,3,0,0,0,15,12
0,0,30,16,1,0,106,101,92,57,85,0,48,0,6,37,68,129,6,0,23,0,0,25,0,13,55,77,145,29,16,28
0,0,0,0,0,124,0,55,30,90,68,0,28,9,3,14,91,41,0,19,0,0,27,80,89,120,83,27,201,0,0,29
103,17,0,0,14,21,0,68,3,5,0,6,88,5,29,4,48,0,40,24,7,8,17,40,4,16,0,7,48,5,12,0
92,0,34,25,0,29,26,9,78,18,10,187,21,0,6,39,0,48,0,1,0,20,0,0,36,100,139,52,49,0,23,0
165,14,0,0,28,14,27,0,73,0,0,99,110,55,55,16,10,7,28,0,7,25,21,21,2,0,0,0,28,0,0,0
0,0,0,0,0,48,31,0,25,16,126,0,62,0,22,9,14,33,0,23,3,0,151,95,52,70,154,157,122,2,0,36
0,39,43,0,0,7,24,11,19,26,29,0,29,16,0,0,16,0,3,8,153,125,155,237,32,16,2,23,0,2,0,7
0,0,0,0,0,1,0,25,20,95,35,40,0,0,2,0,5,4,0,0,106,104,5,52,40,4,65,8,15,0,17,0
120,21,29,0,35,0,49,21,0,21,3,83,24,0,0,13,10,13,5,0,9,18,36,1,17,0,53,0,39,24,11,0
0,19,39,0,0,15,0,6,45,58,0,40,54,5,11,10,166,136,123,43,0,58,25,11,43,8,29,18,104,0,28,0
64,30,0,12,0,0,44,112,37,0,16,60,27,0,25,0,147,55,201,163,0,71,3,13,13,0,0,24,27,0,0,0
0,0,0,54,0,54,177,194,12,46,16,27,0,24,0,0,0,0,8,18,15,51,47,85,0,0,0,0,10,0,4,0
0,0,30,16,0,17,13,142,0,61,26,30,12,3,0,0,9,12,22,0,24,49,50,22,34,5,0,8,0,12,0,0
46,30,14,0,0,0,9,33,0,0,1,35,23,0,0,64,7,17,42,0,7,79,30,0,25,17,16,0,0,0,0,68
0,92,40,0,0,22,32,5,34,20,15,1,0,38,35,0,85,8,21,0,40,9,30,0,0,0,0,16,7,25,19,0
0,16,0,7,0,16,3,20,0,0,28,26,0,0,0,0,60,16,25,19,15,16,27,4,17,7,13,0,0,15,30,43
0,0,11,0,3,0,0,3,0,13,22,10,0,0,5,11,14,74,8,3,24,0,40,7,0,0,0,0,18,0,11,16
183,0,0,13,9,0,0,27,5,2,0,2,0,0,6,0,0,10,0,0,0,40,0,0,0,0,1,44,0,0,8,15
110,13,28,0,35,24,0,16,3,4,0,0,0,42,0,0,0,0,23,20,27,0,14,21,0,0,0,0,12,31,20,0
81,24,6,0,15,34,0,0,6,2,0,0,0,22,0,0,32,0,12,15,2,6,8,1,4,2,2,0,1,11,0,44
24,20,8,1,0,0,0,1,0,10,2,3,3,2,5,0,0,2,4,4,13,10,14,4,2,2,15,11,28,10,0,15
39,27,27,16,0,5,0,0,28,16,4,0,0,0,10,5,6,11,6,0,4,0,2,2,0,0,32,5,9,0,15,35
4,3,0,28,0,0,16,2,1,0,34,22,12,0,6,10,22,9,0,11,0,0,34,7,11,16,10,18,9,0,4,0
3,0,0,20,0,0,27,0,21,0,37,7,41,0,20,7,6,0,0,28,0,7,7,11,5,12,7,0,0,3,8,0
0,30,0,22,0,0,21,0,0,0,41,7,0,0,27,0,0,30,0,0,8,0,10,0,0,0,0,1,16,5,0,1
0,14,0,0,4,10,0,0,16,6,0,15,0,0,0,0,16,10,1,0,0,0,7,13,0,0,8,12,0,17,8,45
48,0,6,4,0,0,7,16,0,4,48,48,14,13,0,0,11,1,0,0,1,5,0,14,0,0,0,13,0,23,0,4
14,21,0,11,20,0,0,2,0,63,48,0,0,18,0,0,0,13,0,0,18,31,0,0,0,1,15,45,27,0,36,8
95,0,22,0,0,0,0,0,0,29,48,0,47,0,25,0,20,86,40,41,12,9,7,11,1,0,3,0,0,6,3,0
0,34,32,17,19,0,6,0,5,154,102,19,0,10,4,0,87,95,34,49,43,0,0,5,29,47,0,32,22,38,4,0
43,0,20,0,43,0,16,62,0,172,58,14,0,16,30,0,103,9,180,75,0,0,39,0,16,0,0,15,22,33,7,41
0,13,0,24,3,0,0,42,0,22,6,67,0,14,9,0,48,34,190,5,0,33,0,0,29,0,0,22,21,0,0,15
51,0,0,0,0,37,8,8,11,51,14,0,48,16,16,49,199,206,16,0,0,0,0,7,8,0,38,0,21,36,4,0
38,0,16,29,0,51,37,19,57,0,6,2,32,0,1,37,133,48,5,0,1,11,6,0,5,0,14,12,73,0,0,11
108,0,0,2,42,0,16,0,4,9,15,0,8,8,0,92,72,0,2,0,3,0,13,88,12,32,86,0,40,6,0,6
0,0,34,16,0,12,48,100,76,29,40,11,32,22,1,17,2,32,33,0,34,0,40,32,86,91,93,136,8,0,10,13
0,0,37,8,35,0,116,178,142,41,63,28,10,60,10,17,0,10,42,1,11,0,29,7,41,58,139,26,47,20,0,0
0,0,46,0,7,19,106,62,3,7,9,11,27,11,0,31,19,10,0,1,0,5,72,37,0,20,190,131,3,0,0,0
0,35,0,9,14,11,0,0,185,4,7,0,78,6,0,7,0,0,0,11,39,8,21,74,23,9,106,59,0,0,17,39
0,0,33,0,0,5,39,17,95,46,24,72,0,46,0,0,0,0,0,15,100,35,9,55,62,38,58,0,6,10,13,26
38,0,0,0,9,13,0,0,31,19,0,33,0,11,0,0,0,20,32,16,0,61,68,7,0,0,17,68,49,39,0,0
56,0,34,49,0,5,0,105,18,13,0,11,87,12,0,0,10,27,16,13,18,5,86,23,0,4,34,25,0,30,9,0
0,0,0,0,0,21,20,1,14,42,31,40,73,12,0,48,14,0,0,20,34,45,55,137,77,28,17,0,0,0,0,116
94,0,0,33,10,20,87,58,49,31,0,43,75,165,0,0,45,27,16,34,149,53,48,102,91,0,13,27,17,0,0,43
0,21,0,0,0,0,0,51,7,32,13,48,74,11,0,10,0,24,0,0,125,208,177,144,46,0,48,66,34,0,24,4
111,0,4,0,0,49,0,70,0,0,0,36,0,21,0,0,0,6,51,24,78,126,61,56,46,1,121,38,0,10,0,7
0,4,0,21,15,22,0,0,1,0,3,0,36,10,0,3,76,41,17,5,214,152,130,72,54,21,48,8,13,0,11,28
39,0,0,0,0,42,26,0,23,0,49,19,16,0,0,0,69,31,7,35,218,195,211,64,53,26,30,0,0,4,0,0
0,27,0,1,0,0,0,0,0,4,0,0,0,21,19,0,98,101,50,65,128,194,132,9,16,0,20,0,10,0,12,0
0,0,9,73,0,17,16,0,46,0,0,12,0,14,0,22,68,107,42,0,0,14,39,0,0,0,28,0,16,0,2,32
0,0,0,4,19,23,1,4,11,0,0,0,0,8,0,0,132,67,142,2,0,0,1,16,5,0,4,0,0,0,0,0
28,38,0,0,0,14,0,0,21,6,44,0,0,1,0,30,68,77,19,14,0,0,1,29,0,0,8,33,0,22,2,5
0,0,0,5,0,0,0,0,0,0,0,0,0,0,17,20,0,103,145,0,0,7,0,30,0,0,0,20,12,14,3,0
0,20,8,22,2,0,0,0,0,16,0,0,0,1,7,20,10,27,0,9,0,17,7,0,14,4,1,2,0,21,1,34
0,0,4,1,31,30,22,6,32,0,18,38,10,0,0,0,14,14,19,0,0,0,12,11,0,0,0,6,17,31,8,19
5,22,18,0,0,36,0,3,29,14,0,0,27,14,0,0,10,0,0,7,0,0,4,0,0,0,0,0,0,0,44,17
49,3,31,22,0,0,13,24,0,0,2,13,0,0,35,0,0,0,0,15,17,0,1,0,0,8,0,0,1,7,24,0
20,2,0,16,3,0,30,2,0,9,11,0,19,1,17,0,3,9,13,25,0,0,0,7,0,13,7,5,0,0,0,0
0,0,44,0,0,30,20,0,13,31,15,7,0,23,0,0,21,5,0,0,0,39,0,0,0,0,0,28,20,5,12,35
0,0,57,0,3,22,0,16,0,25,0,15,0,0,0,0,18,0,0,16,0,16,18,0,0,1,1,0,15,0,10,6
0,31,5,0,10,0,5,0,10,0,20,34,10,5,0,0,5,0,9,0,1,2,0,1,0,0,0,7,17,6,0,0
58,0,0,0,0,6,0,0,0,11,3,88,10,27,0,0,20,93,47,54,108,0,0,19,15,0,0,8,3,1,0,0
0,0,19,45,31,0,0,0,0,53,0,0,0,20,0,18,32,29,30,0,9,0,0,42,0,0,0,0,14,10,0,0
34,0,7,7,60,0,31,8,27,0,40,23,0,11,20,0,84,6,36,0,13,0,0,0,0,0,35,5,1,4,0,51
0,0,0,12,0,23,4,0,9,19,71,18,20,3,19,23,25,40,56,12,0,0,0,24,0,0,0,21,0,0,0,31
0,0,5,44,0,0,4,6,14,4,52,0,0,0,6,0,0,13,5,26,24,0,11,1,0,0,0,1,108,9,0,0
2,3,0,23,0,0,31,64,52,0,78,40,0,23,97,15,62,0,0,38,64,0,16,0,30,9,30,0,0,0,0,13
0,23,0,0,9,0,0,2,4,106,40,0,0,203,2,5,72,9,30,8,40,12,0,0,0,32,15,7,55,30,0,0
255,1,20,0,0,1,0,3,0,9,106,5,60,0,0,9,55,28,62,5,18,0,0,0,0,1,7,18,0,9,24,0
77,18,24,0,0,16,78,57,19,6,10,154,178,0,0,61,19,38,50,19,0,0,0,3,0,6,0,29,94,0,0,0
23,0,0,5,2,0,27,16,3,20,152,189,47,0,33,6,112,18,0,62,6,0,0,0,19,14,57,21,29,7,0,32
0,15,33,8,35,0,17,47,70,62,123,24,0,0,0,0,19,34,137,0,72,0,7,28,56,0,58,0,48,6,0,26
108,0,3,3,10,6,49,1,0,62,166,51,0,0,0,39,2,0,0,43,23,0,14,0,11,10,25,29,54,9,0,52
0,0,1,8,5,10,0,59,0,0,46,0,62,5,0,46,0,34,5,38,0,23,54,0,13,9,43,0,0,14,0,67
0,0,0,24,0,0,0,19,34,33,62,80,32,0,40,30,1,8,0,0,1,56,14,12,6,0,0,0,0,43,0,45
18,70,6,0,0,32,25,176,74,16,11,0,0,0,5,14,45,22,59,130,0,0,0,0,0,0,23,0,85,0,49,7
49,0,31,0,28,63,64,127,164,41,9,41,0,2,0,0,55,0,4,36,28,0,0,17,29,4,18,62,56,9,9,40
55,0,1,12,0,145,104,212,98,58,35,47,0,0,0,0,19,3,0,0,0,0,0,38,65,29,0,9,0,4,0,37
0,0,0,57,64,27,11,47,48,53,149,0,2,0,0,5,9,0,72,8,0,36,7,6,0,0,0,49,21,17,9,0
0,0,9,18,36,0,19,39,13,0,29,87,114,0,22,11,0,6,22,32,62,0,23,42,36,16,188,32,95,0,0,0
50,56,0,6,1,0,7,0,0,11,56,39,172,0,18,0,17,17,65,91,6,60,106,205,81,113,159,43,6,3,0,0
70,0,7,8,16,10,1,8,0,11,0,83,163,11,0,55,25,0,97,33,78,14,137,62,0,80,10,0,8,0,18,25
0,9,0,0,27,62,0,0,1,30,4,0,0,13,17,12,4,27,105,82,77,7,0,0,10,88,0,0,0,0,27,0
0,0,0,0,0,61,0,0,0,17,0,0,0,0,1,0,0,16,0,31,42,0,0,20,23,11,0,0,0,23,0,0
0,53,0,0,5,0,0,0,8,0,5,0,0,0,0,0,0,3,96,140,222,18,10,104,20,163,1,0,0,0,8,14
0,0,0,0,4,0,51,0,4,15,29,0,14,0,0,0,0,0,57,6,0,35,0,1,15,14,18,0,16,14,0,14
52,44,21,0,35,13,0,0,0,17,0,2,0,0,35,41,0,0,0,0,0,29,37,0,0,0,20,6,0,0,30,23
2,13,9,0,7,13,22,0,46,10,51,42,40,0,6,238,161,0,0,28,0,0,37,0,25,27,19,0,1,0,0,0
0,51,0,0,0,28,21,0,14,0,0,0,24,4,17,0,0,7,21,0,23,18,0,34,0,27,31,0,0,0,0,0
0,0,0,3,9,7,8,0,0,19,3,0,0,0,11,21,0,5,23,4,16,0,0,32,0,0,0,0,0,0,18,0
0,0,0,5,0,10,18,0,20,0,27,25,0,0,20,42,20,0,0,8,0,0,2,0,0,5,12,0,3,22,0,41
0,0,16,59,30,0,0,9,0,0,33,21,0,0,17,21,0,0,0,14,0,20,0,1,4,12,11,15,0,7,25,0
0,0,33,0,57,0,21,5,42,0,0,14,0,0,0,0,0,0,0,0,10,0,38,0,0,0,5,0,0,0,0,0
0,0,0,0,0,0,12,0,27,0,13,17,0,3,0,18,0,28,24,0,83,0,0,0,20,10,0,10,0,8,3,25
3,0,23,71,21,23,0,22,42,0,0,10,0,18,0,1,12,0,0,0,19,3,4,0,11,18,0,0,0,0,0,21
0,80,45,0,0,22,0,0,0,9,24,0,34,0,17,0,21,55,35,0,0,0,0,39,0,0,14,32,22,0,13,0
0,11,0,0,0,14,0,0,0,31,0,41,22,25,0,34,28,126,0,0,0,0,0,29,0,0,0,0,14,0,18,0
0,0,0,3,0,0,21,0,26,10,7,0,0,0,0,9,0,36,0,0,6,0,0,0,0,0,0,11,20,3,7,19
51,8,4,4,0,0,0,43,9,13,11,0,2,40,0,13,0,0,24,19,0,0,0,2,3,17,0,63,11,4,0,0
51,0,0,0,10,30,1,14,30,63,0,32,44,25,0,0,0,0,29,0,16,23,2,31,0,56,19,117,0,21,19,0
75,10,0,0,0,23,0,12,45,13,139,210,100,0,47,2,23,14,122,39,0,17,0,0,1,28,52,0,42,0,8,0
0,0,0,0,56,1,83,36,19,41,160,12,51,0,0,0,32,0,0,9,0,0,30,44,0,0,10,0,85,4,10,32
0,0,0,2,0,32,1,88,7,26,30,0,8,0,0,0,34,6,93,63,146,24,0,0,14,35,34,0,28,25,0,0
0,0,0,0,0,0,0,211,95,90,8,5,0,35,0,22,138,55,121,43,93,0,10,20,40,58,41,0,32,0,31,7
136,0,2,0,22,36,193,42,39,224,98,107,22,28,56,35,50,4,63,40,35,33,57,14,0,16,80,7,35,0,12,19
0,0,0,22,25,3,125,31,170,46,154,135,0,0,0,7,10,0,22,70,30,16,30,8,31,73,41,0,22,0,16,18
142,0,5,114,0,77,0,57,132,72,154,216,140,7,11,14,0,0,45,27,8,0,0,29,16,65,77,203,80,18,0,20
0,0,3,167,68,92,84,147,20,182,10,160,58,22,0,0,13,0,1,0,0,34,3,7,8,26,173,221,32,0,1,21
77,0,0,28,0,0,9,110,48,101,22,106,7,23,0,0,0,9,0,0,0,2,31,56,24,25,106,47,122,0,0,0
0,0,1,37,31,30,0,30,49,6,14,38,0,4,15,3,29,29,0,28,26,19,1,49,31,8,0,0,13,0,23,0
101,0,0,0,21,6,5,0,30,0,36,63,63,5,0,17,0,0,6,79,100,8,25,62,31,65,68,139,105,0,22,0
0,0,65,2,31,0,13,7,0,0,41,1,36,6,9,29,29,6,6,42,69,105,17,0,16,9,86,10,1,0,1,21
0,0,0,23,0,58,37,27,0,11,25,43,0,11,4,63,26,129,24,20,40,126,79,41,9,48,88,4,0,7,11,0
57,7,29,21,0,142,180,29,0,0,4,44,1,19,1,133,31,161,18,0,8,32,128,4,11,129,0,15,0,5,1,23
0,24,24,17,39,31,17,9,9,0,0,27,0,0,0,0,38,18,0,0,34,79,66,3,7,78,37,12,16,58,11,20
27,3,2,0,119,51,31,0,7,54,0,0,0,30,0,55,1,0,0,56,60,33,0,0,0,0,0,0,0,9,27,0
0,21,0,33,16,0,58,0,33,13,14,0,0,21,0,0,3,0,1,21,26,0,48,0,31,5,31,2,5,3,6,0
0,0,0,0,28,0,0,0,0,0,0,20,0,34,0,49,26,0,6,26,44,0,12,0,0,7,0,9,0,44,33,0
0,0,16,0,0,0,0,18,46,0,0,14,0,0,40,0,0,0,19,0,0,0,21,18,7,4,0,0,26,0,17,6
34,44,4,0,0,0,10,11,12,22,0,2,0,54,17,0,0,0,0,31,0,0,0,0,11,0,13,0,6,0,27,32
100,37,19,9,15,0,7,0,6,0,0,35,14,4,16,0,0,9,31,0,0,27,20,0,0,0,34,24,0,0,24,0
0,60,21,0,0,0,9,0,0,0,0,0,0,18,0,10,0,3,38,0,0,0,0,2,12,8,16,0,18,0,7,0
0,9,11,0,0,0,0,45,36,0,0,16,0,0,0,22,35,29,7,0,0,0,0,19,27,0,43,1,28,0,0,6
0,0,0,0,2,0,0,0,19,0,0,2,199,22,0,2,0,0,1,24,37,41,0,0,16,2,10,0,0,6,20,0
154,0,0,0,12,12,19,4,25,19,0,35,68,0,0,17,10,20,0,0,0,0,6,32,0,0,12,0,20,38,0,6
74,0,22,33,0,0,0,11,0,0,77,186,29,15,6,2,36,0,0,13,0,25,0,130,110,87,14,5,30,0,0,66
0,28,0,2,0,6,31,1,0,14,97,45,36,0,39,0,8,24,0,37,84,65,149,59,168,1,0,1,10,14,53,19
0,0,0,0,13,0,0,8,4,6,11,0,0,14,0,6,0,0,205,133,29,71,63,0,8,0,22,0,46,4,0,18
0,0,0,2,0,18,0,6,12,0,0,0,32,0,6,16,6,61,0,0,11,0,3,49,13,1,22,18,0,0,1,11
10,0,13,50,0,0,8,57,2,205,9,32,8,39,23,36,16,0,0,0,8,83,38,0,31,0,30,0,30,13,0,0
185,25,1,0,16,53,25,249,208,176,1,152,0,13,25,14,7,7,0,0,18,40,7,79,0,0,0,0,17,8,16,0
0,48,23,4,24,112,49,59,87,74,182,189,62,0,20,39,55,15,43,0,64,0,27,0,0,97,103,169,218,176,0,0
167,0,0,0,35,19,0,8,102,51,68,34,131,70,0,3,2,9,81,56,11,0,11,2,8,35,41,94,240,83,0,0
0,0,0,44,46,4,0,71,0,63,91,0,86,209,0,0,0,5,24,5,86,16,13,3,0,0,25,70,8,22,11,0
0,48,4,93,0,0,12,52,35,3,29,0,91,12,0,25,16,0,0,30,31,28,38,38,0,0,0,0,0,2,0,3
0,0,22,0,0,0,0,58,14,116,59,1,0,16,0,50,0,0,60,0,16,6,6,9,18,0,30,11,0,0,0,0
68,0,31,27,12,20,71,13,25,8,0,76,8,0,13,0,0,72,8,0,21,110,117,222,58,71,123,108,73,129,0,16
0,42,0,0,22,24,69,32,23,21,0,0,0,37,10,0,1,10,0,0,91,48,71,146,80,25,130,255,229,153,8,0
0,0,0,17,0,96,0,0,45,28,61,62,0,0,0,32,0,0,0,5,4,17,33,0,25,52,12,0,0,0,0,0
16,26,0,8,0,0,1,0,0,24,8,26,33,28,1,0,4,17,68,7,6,69,71,124,36,35,0,0,1,0,3,19
160,29,0,0,0,13,9,0,7,0,45,59,0,0,0,0,78,227,44,0,0,62,70,44,55,14,67,45,44,0,11,0
0,0,0,0,0,0,0,33,22,27,8,8,0,13,0,0,13,51,4,3,2,171,0,20,16,40,51,0,0,0,7,0
126,23,13,0,29,31,0,2,11,0,0,69,26,0,29,24,28,0,30,15,6,26,12,0,34,54,28,25,32,0,8,21
26,1,40,0,24,8,31,27,16,8,11,0,3,17,0,0,12,1,32,24,0,12,16,44,7,2,24,37,3,14,0,0
0,51,24,2,0,0,0,0,16,0,0,0,23,0,0,10,0,66,45,39,0,9,4,8,0,40,0,1,9,20,16,0
156,0,14,0,0,81,7,3,0,8,7,0,0,9,0,0,2,30,0,38,0,0,72,0,10,93,1,0,3,19,20,23
0,67,0,48,16,0,26,0,25,46,0,0,0,34,0,0,0,0,56,4,33,16,0,15,0,0,0,17,0,13,0,0
54,48,39,0,0,5,0,0,2,0,0,0,0,0,0,0,12,9,30,0,19,0,13,0,0,20,0,2,0,0,4,0
0,33,2,13,26,18,1,0,8,0,0,0,9,0,0,0,2,20,0,2,19,3,10,3,0,0,7,0,0,7,13,0
0,23,0,0,0,9,0,0,29,4,2,0,6,0,0,0,2,19,0,0,0,10,0,15,0,0,0,0,12,0,11,0
19,0,1,40,0,0,0,13,0,0,0,0,0,0,1,0,9,12,2,0,7,0,0,0,0,0,0,22,7,25,14,0
0,0,0,0,0,11,0,0,0,0,12,0,0,18,28,9,10,0,16,6,0,8,0,6,15,0,21,31,1,0,0,1
