0,20,0,0,51,0,0,43,0,0,0,42,0,0,6,21,48,26,0,0,0,21,0,0,0,0,0,0,36,0,16,28
0,0,0,0,0,0,0,0,0,10,0,0,15,0,42,13,30,0,26,1,14,0,4,9,0,24,0,0,0,30,9,0
0,0,70,0,63,18,42,0,74,17,81,0,65,101,36,0,30,13,0,0,21,0,0,8,22,12,1,0,0,0,0,0
0,28,26,0,30,46,0,57,21,48,0,49,55,56,0,10,27,0,0,32,0,4,0,0,0,34,6,18,53,0,0,59
0,0,0,66,29,64,46,0,27,0,14,0,0,125,7,32,3,0,0,48,0,6,22,26,41,15,0,0,0,17,0,29
0,0,39,19,5,48,0,0,22,57,18,0,0,56,9,0,16,63,0,41,0,0,16,30,41,14,37,7,0,0,0,33
0,48,37,16,0,70,0,21,0,4,69,68,44,28,13,0,30,19,0,16,9,0,4,0,82,21,47,32,41,39,0,0
129,0,16,0,0,48,83,29,24,25,28,67,0,19,43,16,41,4,0,0,0,0,49,23,0,58,16,8,0,14,5,22
0,0,15,9,53,0,18,35,49,0,16,0,0,118,0,95,0,98,4,16,17,26,40,56,62,32,59,0,56,33,0,0
0,0,0,23,28,0,9,25,15,10,0,0,0,6,0,39,0,54,0,2,0,0,29,3,0,9,14,47,23,0,0,0
0,18,11,0,7,0,0,56,10,27,153,0,0,25,12,43,19,0,7,28,0,0,5,0,18,32,0,8,58,0,0,19
0,22,4,55,42,1,0,0,0,29,169,48,0,61,30,0,24,128,56,0,19,38,14,0,16,39,26,5,51,33,30,0
0,0,20,45,0,6,0,38,0,2,232,77,0,27,0,60,0,0,47,20,10,61,24,25,15,0,23,0,61,16,3,0
69,0,40,17,0,35,87,0,0,27,236,130,0,3,41,0,1,35,0,0,4,0,0,14,0,0,0,0,114,53,20,46
164,0,0,12,0,0,0,96,0,0,111,117,0,0,0,51,20,6,16,76,15,16,2,33,24,0,0,0,37,0,252,37
95,0,20,27,0,6,0,40,0,11,0,60,16,28,13,5,0,0,119,35,0,16,0,54,78,42,0,8,0,130,38,0
70,39,14,0,4,51,38,0,0,49,0,0,32,72,0,0,56,0,39,61,42,19,19,71,0,0,58,7,0,0,0,24
0,0,0,0,28,43,29,0,176,0,43,30,4,16,53,0,24,0,15,21,4,26,97,145,108,42,0,31,0,2,0,10
0,0,0,11,5,77,4,5,61,9,49,28,0,1,5,19,6,3,0,33,54,79,48,57,53,107,24,26,21,0,40,0
145,0,0,0,81,51,44,0,0,0,0,93,35,22,0,0,0,0,43,0,0,118,10,27,95,30,1,5,66,0,0,4
96,0,21,27,0,0,48,0,0,93,164,61,8,0,1,2,18,0,0,23,40,117,64,0,56,134,132,142,39,2,24,139
113,6,0,0,31,19,13,0,1,27,29,35,140,1,21,0,55,14,33,0,0,86,0,6,62,82,136,0,21,18,22,5
0,0,0,0,0,0,9,0,2,0,0,0,195,58,9,0,48,19,0,0,0,0,0,0,65,34,0,76,161,113,0,0
0,0,45,12,20,0,24,0,0,0,0,0,7,13,20,23,132,16,186,0,0,40,50,22,58,42,123,48,144,7,3,0
34,0,8,18,33,1,0,0,8,0,14,10,4,0,0,43,1,23,242,0,0,35,13,30,85,42,191,64,0,6,0,57
113,0,0,21,34,0,0,62,9,0,40,27,27,0,34,0,80,148,8,0,18,21,41,73,77,78,44,0,0,40,17,43
0,20,0,0,0,4,0,0,12,7,0,59,21,0,4,0,1,7,0,0,18,35,17,0,6,16,0,0,0,0,1,25
51,0,0,0,0,0,4,14,3,21,4,14,63,0,0,0,18,32,0,0,0,4,2,5,129,231,9,0,0,0,4,0
2,20,0,3,0,10,0,10,0,33,7,0,0,36,3,0,0,0,0,21,0,13,10,104,57,23,8,32,0,0,6,0
0,13,26,40,25,0,0,28,0,0,5,0,54,0,49,13,0,0,0,0,0,8,0,0,0,31,0,0,13,0,0,44
0,15,0,2,45,0,18,0,20,0,0,7,116,22,101,115,0,20,10,0,0,15,0,0,21,0,0,32,4,9,3,0
0,40,0,0,0,0,0,0,0,43,35,0,48,144,112,45,4,1,4,0,0,6,10,4,0,25,39,0,14,0,0,0
72,18,0,0,73,52,21,0,4,0,0,0,16,17,0,25,18,0,0,0,0,0,0,10,15,27,0,0,29,28,6,21
25,25,19,26,62,22,0,0,0,0,0,4,0,32,2,33,5,0,34,0,0,0,14,24,0,5,46,0,0,8,5,0
0,0,0,7,0,0,13,36,34,2,0,29,0,47,0,0,0,0,0,0,14,0,19,0,0,15,0,0,0,41,0,36
43,0,0,41,80,0,28,20,81,0,27,24,8,21,19,12,8,0,0,4,0,9,0,28,19,12,18,28,13,3,0,0
115,45,0,0,40,0,48,0,0,0,12,9,15,0,11,47,6,0,0,63,33,0,0,18,21,10,21,0,0,0,0,0
0,17,52,25,21,42,26,0,26,0,0,29,0,4,0,13,17,41,0,13,0,0,0,0,13,0,6,6,0,0,9,0
0,7,67,0,67,19,13,0,67,78,0,0,0,0,0,41,10,0,0,2,0,15,0,0,0,0,0,10,26,3,40,0
58,0,43,0,3,34,1,0,30,12,23,29,0,27,23,0,55,16,37,2,27,6,0,0,0,0,0,32,0,3,0,0
0,42,0,0,18,4,27,48,16,44,20,50,200,21,0,25,12,95,11,0,0,1,0,0,0,0,0,59,0,0,19,10
0,45,0,34,56,0,42,0,83,12,0,38,73,39,0,8,0,21,50,0,3,31,72,0,38,5,0,7,6,1,0,43
0,28,5,0,0,13,0,1,0,33,98,0,197,5,5,0,0,12,0,15,0,0,35,0,38,26,0,0,0,20,9,0
0,0,0,0,6,37,0,0,13,71,1,0,177,25,0,0,17,15,0,11,15,0,0,0,69,7,0,4,16,0,41,39
0,0,0,0,0,0,23,61,9,51,24,252,16,0,0,56,9,6,25,5,4,0,0,17,40,10,25,0,0,0,0,37
32,0,3,0,0,38,79,0,21,0,0,29,0,0,33,0,0,0,0,0,68,0,53,16,47,0,27,6,1,0,23,0
0,0,60,10,0,23,27,62,11,0,26,118,142,0,0,59,0,0,0,37,0,30,0,0,29,28,6,4,42,0,20,11
53,55,3,0,25,14,4,26,0,0,29,76,0,46,20,0,33,0,47,87,145,0,0,27,25,0,33,0,58,22,18,0
0,0,0,40,17,0,0,0,0,31,10,29,21,0,5,25,0,29,154,102,15,0,0,1,0,9,0,22,0,144,137,19
109,46,0,14,0,3,12,0,0,35,0,0,0,1,2,0,10,11,22,1,0,0,0,0,76,92,0,0,43,210,39,39
0,0,0,0,0,7,34,24,0,0,83,0,0,0,3,5,10,0,0,25,0,23,107,0,19,27,173,42,6,0,0,105
108,0,19,0,0,7,32,0,59,132,119,79,0,0,0,21,0,0,0,43,0,0,93,21,84,55,82,12,78,7,0,11
141,19,9,6,0,24,0,0,14,89,70,161,8,85,3,18,16,25,0,0,0,0,0,0,43,23,38,45,44,79,11,5
0,51,0,45,0,0,54,60,28,2,33,4,235,3,0,82,13,15,25,31,0,15,25,0,25,25,62,29,11,25,6,198
0,14,0,24,0,0,0,0,55,23,108,86,96,0,140,42,239,0,17,7,0,0,1,20,2,31,61,5,207,71,0,5
0,27,0,0,21,17,16,7,26,52,35,40,15,0,164,123,230,14,0,0,9,0,10,16,179,73,194,27,120,0,17,0
61,43,0,0,0,0,0,0,0,10,25,5,17,20,8,0,53,58,33,0,16,34,31,210,60,0,0,42,4,0,0,0
0,0,0,0,57,23,41,0,0,53,9,0,39,32,12,0,31,18,74,7,52,9,54,34,22,58,29,0,0,0,0,0
2,0,0,0,0,0,21,0,13,51,0,0,4,0,17,16,0,0,0,0,0,50,22,0,49,12,25,0,7,10,14,41
0,12,13,0,20,0,48,0,4,36,42,0,28,40,0,10,0,0,0,16,0,34,61,73,0,0,0,0,0,33,0,5
17,0,16,0,37,3,0,0,14,0,0,0,0,0,0,0,0,0,0,5,8,0,0,0,0,0,0,0,0,0,0,67
0,0,0,26,1,0,18,66,0,5,0,0,0,8,5,7,0,9,0,43,11,30,1,0,0,0,5,0,12,44,3,0
22,0,23,0,37,41,0,0,0,19,30,62,112,0,0,45,19,0,0,0,32,53,0,1,16,12,0,42,4,5,0,0
45,22,90,0,6,22,55,8,0,0,0,7,0,87,0,0,2,52,11,0,17,0,3,0,0,0,0,23,51,5,0,0
79,59,30,0,0,17,11,0,0,15,0,25,36,0,16,12,49,10,0,6,27,0,0,15,43,0,33,0,10,0,32,0
26,0,28,0,27,31,13,13,20,0,0,4,5,0,0,0,0,9,7,0,0,2,0,0,0,0,0,31,0,0,12,0
0,3,0,0,0,27,0,0,25,45,0,0,59,1,29,0,32,0,2,5,0,0,13,0,0,25,2,30,0,0,7,42
0,0,0,16,74,28,19,0,0,9,0,34,0,0,13,44,0,6,0,0,0,44,26,0,0,0,0,0,35,0,0,2
91,9,46,43,6,0,0,63,0,11,21,7,8,14,0,0,19,0,0,31,18,14,0,2,0,7,0,0,4,2,0,54
0,0,0,50,0,6,11,28,62,0,14,0,0,51,0,29,0,0,0,0,44,33,0,0,23,9,39,0,6,21,0,0
0,20,0,0,43,61,0,24,31,19,0,0,3,0,1,5,0,0,0,3,0,11,0,3,0,5,0,0,59,3,0,45
0,7,0,0,41,0,54,14,136,0,0,2,0,6,0,0,0,17,9,23,67,21,10,0,27,7,19,0,0,0,0,69
0,0,0,44,0,0,15,16,19,116,12,53,25,39,0,45,42,36,0,20,3,6,16,0,0,10,13,9,19,24,0,0
0,63,0,0,56,15,53,0,124,5,24,12,47,59,7,0,0,2,21,40,0,0,0,0,24,66,98,89,0,42,0,0
0,20,0,0,0,5,4,0,0,14,31,19,4,3,46,0,44,0,48,21,0,8,0,140,0,0,12,50,0,14,0,0
117,0,61,33,0,38,18,0,5,40,0,43,36,0,0,0,0,32,7,29,28,0,11,12,32,125,218,23,56,4,0,0
88,31,0,2,0,0,29,0,0,0,43,70,26,0,31,9,2,4,89,28,2,0,16,10,69,7,0,33,29,4,0,9
85,37,27,0,0,0,104,2,0,20,53,8,0,0,0,52,6,35,33,41,0,23,50,72,0,0,149,9,88,0,23,43
0,2,0,0,0,13,0,0,42,29,0,8,185,0,0,0,0,0,0,0,44,32,78,121,32,14,61,0,47,22,0,16
0,26,0,13,0,42,0,0,29,53,1,97,54,0,18,0,0,0,41,22,73,48,0,32,157,70,92,0,18,0,0,0
32,0,30,13,3,0,10,27,0,0,36,34,0,9,0,0,0,5,6,9,17,100,2,0,76,14,84,73,26,27,3,16
163,0,15,0,0,0,0,13,0,0,42,21,0,12,0,48,0,0,10,177,208,41,61,27,42,87,51,9,29,0,1,89
0,0,0,23,15,0,26,0,53,41,19,0,0,15,0,0,13,31,55,20,166,0,60,32,34,38,67,10,0,36,3,0
0,0,89,0,77,0,0,18,0,0,0,36,0,0,14,39,0,0,0,73,98,54,43,8,0,13,11,0,65,35,0,65
66,84,72,5,0,0,12,0,28,35,0,42,0,7,76,0,0,0,0,21,153,76,102,0,0,62,27,25,45,45,0,0
0,4,0,11,0,19,25,0,12,25,119,0,3,0,0,0,0,0,0,50,0,85,38,0,129,106,44,36,26,0,30,0
103,18,41,43,0,0,23,14,19,162,21,87,0,14,61,26,0,0,0,27,0,46,7,0,37,89,69,34,35,20,0,14
20,54,35,0,51,31,16,41,54,166,199,53,0,0,0,0,20,0,10,0,35,15,37,47,23,19,13,20,12,2,0,0
0,25,27,7,28,0,0,0,0,78,101,26,0,0,16,0,0,0,47,37,0,56,0,19,0,15,21,2,1,0,0,0
5,0,36,54,0,0,0,0,10,1,45,21,16,3,30,0,9,0,49,0,14,0,90,32,0,57,16,5,0,22,0,17
0,0,1,11,0,0,0,29,0,0,74,44,20,0,16,42,35,0,0,39,7,0,0,2,0,24,0,0,0,25,0,0
0,0,0,0,0,50,18,19,0,0,7,82,0,0,0,55,0,0,0,0,4,0,24,17,7,16,29,2,1,0,19,0
83,30,0,3,0,0,0,0,0,11,0,40,0,0,0,0,0,0,0,0,0,0,0,0,0,0,0,3,0,19,20,0
0,15,0,0,0,0,0,16,0,0,0,0,0,0,0,21,6,0,36,0,25,0,16,0,0,0,21,0,16,0,0,37
65,0,35,31,46,6,51,0,0,19,11,0,0,4,0,23,0,16,3,0,0,16,28,39,26,10,0,0,28,17,5,0
0,3,71,10,0,0,6,3,0,0,0,0,0,0,0,0,9,0,0,3,2,8,2,0,0,19,0,0,0,0,2,0
0,24,16,15,130,32,20,0,0,0,12,0,15,164,79,0,3,0,0,0,31,29,0,6,27,0,0,0,16,25,0,16
0,0,0,150,229,0,10,0,18,5,0,42,180,37,54,55,0,14,2,11,0,0,4,0,0,18,0,0,37,0,0,0
0,55,0,1,22,60,0,28,0,0,21,133,220,89,40,80,2,0,0,11,0,42,48,106,38,31,0,11,0,36,0,0
87,0,15,183,100,32,44,0,31,15,26,132,117,27,32,138,12,33,12,9,5,16,142,109,3,20,0,0,0,0,0,0
80,0,0,70,49,13,88,5,0,0,62,49,64,92,0,52,10,0,0,50,117,2,71,46,28,0,35,9,12,0,19,49
0,4,0,16,29,59,70,0,19,25,0,64,0,18,31,29,36,35,24,104,25,0,0,80,27,44,63,4,0,4,0,27
16,8,61,0,0,0,0,0,13,8,0,0,0,57,23,0,25,0,0,30,1,0,39,21,63,0,0,0,0,54,0,0
0,0,41,0,6,12,27,17,16,13,18,6,29,0,24,4,30,32,11,0,0,3,0,65,220,115,0,35,0,10,0,0
0,0,0,194,2,0,0,0,0,38,3,0,40,14,0,58,3,0,18,18,2,7,138,206,108,97,86,0,17,0,32,0
58,7,25,130,39,55,16,16,9,3,0,0,0,4,7,29,0,0,0,23,22,15,42,0,44,0,9,36,16,0,1,0
117,55,30,29,79,151,14,0,0,58,107,0,0,15,1,1,0,0,12,190,47,24,0,68,9,9,16,29,19,0,11,19
0,0,99,40,9,11,23,0,78,214,111,16,53,0,12,40,0,158,42,128,53,0,30,26,62,94,92,34,8,11,0,14
179,27,23,16,20,14,21,0,0,0,60,24,3,0,0,33,1,17,29,72,22,37,0,2,34,94,118,33,30,0,0,28
0,95,12,10,0,0,39,5,6,0,21,0,0,0,6,13,0,33,57,0,55,0,98,6,2,49,28,20,8,14,4,19
0,0,46,15,0,0,0,70,4,0,23,36,47,0,0,21,0,159,47,119,4,20,5,59,33,0,17,0,76,11,25,8
11,0,0,24,5,0,32,25,1,18,0,0,0,7,0,0,171,132,86,29,67,51,11,42,15,14,33,0,7,18,0,47
0,2,0,11,48,13,15,0,30,0,12,31,0,13,0,1,0,5,10,88,25,9,35,75,20,1,74,30,16,77,51,0
83,0,0,0,2,0,0,0,14,2,0,0,0,31,3,14,1,22,14,60,16,26,81,12,106,10,12,20,53,29,0,46
0,13,0,19,11,0,7,4,123,29,3,0,0,16,0,0,3,0,15,43,20,61,63,0,0,27,47,32,5,36,8,5
0,2,27,0,34,19,222,116,130,134,0,0,2,7,0,0,0,3,2,16,35,30,10,96,0,0,0,0,6,74,0,9
0,0,2,18,9,22,126,169,144,190,40,10,0,0,18,5,0,0,14,0,22,91,27,31,40,50,0,78,4,27,0,29
28,0,0,10,14,58,85,49,215,57,16,2,0,0,17,0,0,7,0,0,0,176,0,0,130,62,10,16,0,0,23,10
68,28,40,2,0,18,63,0,19,0,41,35,6,12,25,0,9,1,0,5,0,0,0,19,23,46,20,44,25,17,0,32
74,14,78,19,21,0,0,0,21,6,76,5,22,0,28,26,46,6,41,0,0,18,0,0,17,0,91,0,62,0,0,50
72,0,0,0,0,32,0,5,0,34,62,16,27,12,0,0,0,0,0,0,0,20,6,14,5,13,0,9,11,0,3,0
0,0,0,6,0,6,0,17,9,9,42,48,0,26,22,0,1,2,25,16,0,0,20,14,0,0,3,0,3,0,0,37
48,0,27,11,0,0,0,39,0,0,41,6,0,9,14,34,0,10,1,29,0,0,0,2,10,13,0,0,0,0,0,0
0,12,37,0,0,31,0,0,35,16,16,0,16,9,0,0,0,0,6,16,29,0,9,11,35,24,0,0,0,0,7,0
4,48,8,0,4,6,0,6,0,2,0,5,0,17,5,28,2,0,16,0,0,0,0,0,0,0,0,0,0,16,29,0
0,0,17,1,7,13,4,0,4,1,5,4,0,0,17,0,3,0,1,0,12,14,5,0,0,4,15,9,1,0,0,22
31,0,0,29,6,0,15,13,4,0,0,0,0,33,0,16,0,0,0,0,0,24,16,0,13,0,0,1,2,4,0,0
0,19,13,0,0,8,5,16,11,0,0,0,9,42,0,17,0,0,23,0,28,13,45,19,4,8,3,0,0,18,0,8
0,3,0,9,57,44,1,0,4,6,20,0,6,41,42,15,27,0,0,13,4,0,0,22,9,0,17,0,14,23,0,0
0,9,6,8,28,10,0,0,0,26,0,0,0,13,14,31,0,3,23,15,3,0,32,22,0,0,0,0,0,29,0,0
80,26,55,0,68,0,29,0,1,23,0,22,0,156,180,13,20,1,50,35,0,6,0,7,0,12,0,6,16,4,25,0
111,0,11,21,76,0,20,25,11,0,11,0,107,226,26,2,2,4,0,0,0,10,23,118,11,0,3,0,28,2,4,0
95,0,7,16,240,3,0,24,0,20,0,29,69,185,7,51,14,0,0,30,0,0,17,232,123,0,0,16,25,0,33,17
0,25,0,0,147,80,0,0,0,10,32,139,70,16,14,64,63,14,1,0,0,30,44,132,11,17,39,23,32,3,11,0
0,0,0,10,65,88,0,59,0,22,0,32,13,13,0,14,0,0,0,2,0,0,0,16,18,16,0,0,0,6,0,6
15,0,0,0,189,103,0,10,26,12,0,0,28,26,0,34,26,0,0,11,23,0,26,1,30,1,0,25,9,0,0,0
0,0,11,52,15,3,23,32,5,0,7,4,0,0,0,23,37,0,6,0,3,0,11,0,20,32,33,0,0,25,0,0
0,0,0,18,16,5,6,0,0,24,0,0,0,0,7,0,23,11,0,16,0,5,0,0,53,22,34,10,35,0,20,12
0,0,0,22,29,54,0,40,21,25,48,0,0,0,0,6,0,0,48,22,8,54,6,35,30,28,4,39,6,0,0,7
0,0,5,0,75,139,0,4,0,38,34,13,0,0,0,16,32,0,56,16,156,0,81,21,68,138,43,10,42,0,0,0
0,21,6,13,0,251,12,0,12,9,28,3,0,0,9,0,5,0,59,33,74,117,27,0,34,7,18,34,51,0,0,0
160,16,0,62,0,153,139,0,0,15,17,0,19,0,4,10,0,0,0,41,182,19,85,7,12,36,29,0,65,27,15,0
0,0,0,29,0,36,0,23,0,0,50,0,0,7,0,11,0,25,5,41,30,70,99,55,16,15,74,22,0,0,0,21
0,11,0,0,31,25,13,6,0,5,34,6,10,17,7,0,19,0,26,11,40,198,53,34,29,16,48,0,17,18,21,0
199,70,19,0,0,0,0,25,10,0,8,14,4,0,2,25,3,6,27,4,129,64,6,21,25,0,105,43,19,48,39,18
0,0,13,14,0,0,0,30,0,0,0,0,7,0,16,40,32,0,0,31,17,57,48,17,27,28,46,20,27,0,19,38
70,16,22,0,16,38,32,0,5,41,36,2,47,0,0,3,0,2,0,2,69,30,40,66,24,110,0,0,0,16,0,0
127,27,34,0,0,0,26,0,0,44,24,11,14,7,0,21,0,0,5,44,128,50,89,90,45,0,18,0,65,0,0,0
14,0,0,29,5,5,0,2,0,19,12,27,8,3,0,0,0,3,1,0,105,228,34,33,50,77,0,123,21,26,4,16
0,21,0,7,53,0,4,38,66,0,0,19,0,0,0,0,2,0,8,12,0,64,18,0,81,39,17,13,0,44,0,38
0,8,0,0,56,12,36,0,50,8,5,0,0,33,55,0,35,6,0,37,58,0,30,28,39,0,36,12,44,101,12,0
74,0,7,25,0,9,13,0,23,16,23,0,0,20,0,54,0,28,22,0,14,13,0,37,0,0,28,0,0,2,0,8
82,0,0,16,22,11,15,0,0,74,39,63,0,0,0,58,0,0,10,3,3,21,49,0,2,12,36,33,0,0,10,10
105,85,67,51,0,11,2,9,0,8,5,0,0,0,23,20,0,34,0,8,2,0,13,0,2,0,0,0,26,7,8,0
147,46,57,0,10,0,0,21,0,0,90,73,26,0,31,54,36,4,0,0,0,14,0,0,29,12,22,30,43,0,29,0
42,0,7,40,22,0,38,16,20,0,21,74,49,13,0,26,2,0,0,0,0,0,20,11,0,0,0,1,0,0,13,0
48,71,0,1,0,25,0,30,0,0,35,66,58,0,5,13,0,0,0,0,0,0,25,15,0,0,50,0,9,0,10,0
31,0,0,16,8,27,0,12,35,0,0,0,0,0,0,19,0,0,4,0,16,0,29,17,36,0,0,47,8,0,7,0
0,0,0,10,0,0,0,33,0,0,0,0,39,0,0,0,16,13,0,38,34,0,35,28,34,19,63,0,0,0,0,23
0,35,62,6,22,10,30,0,0,0,0,0,0,0,0,46,0,0,0,42,1,0,0,0,1,0,5,0,16,0,9,10
39,43,0,28,5,0,0,13,0,0,0,19,0,0,0,0,0,0,0,14,4,8,30,0,14,0,12,14,16,0,42,0
7,19,49,0,35,0,10,14,0,14,0,0,27,0,4,49,0,0,0,0,0,0,5,12,0,0,2,0,0,0,0,0
3,4,49,0,0,0,19,0,0,0,25,0,33,19,1,0,0,26,0,0,0,6,0,0,29,0,0,0,0,7,0,0
0,0,23,0,0,0,0,25,0,0,6,10,48,11,14,93,12,0,0,0,0,9,0,0,0,0,0,29,8,0,2,0
101,0,8,42,41,0,96,0,69,0,24,0,83,44,35,65,0,4,19,9,0,13,24,33,0,0,0,0,0,4,0,1
198,0,0,20,0,36,16,0,0,4,0,0,0,0,3,6,58,36,16,0,93,0,31,29,16,25,30,16,0,2,12,0
0,0,13,86,0,0,6,29,25,14,1,21,20,0,0,0,0,53,0,0,24,10,31,0,60,0,21,0,0,0,0,46
109,17,28,27,16,30,66,40,0,34,0,3,0,0,132,36,55,0,0,0,11,14,0,0,10,0,23,0,0,0,20,25
0,4,80,26,0,0,7,54,1,7,15,43,17,0,4,74,0,26,1,14,0,17,0,10,11,36,16,0,5,0,0,8
0,0,27,0,28,0,0,0,20,24,7,0,0,0,2,25,48,0,4,8,11,8,60,0,0,0,0,0,16,0,23,18
0,0,25,16,0,33,0,0,19,0,94,51,0,0,26,36,19,11,51,0,14,0,17,26,6,0,6,16,3,4,4,18
83,0,0,0,5,28,13,0,13,0,8,39,31,0,0,6,34,57,0,3,0,0,19,5,56,31,0,0,34,0,0,0
77,11,21,25,3,0,0,39,46,9,70,92,0,0,0,0,0,0,34,51,14,0,13,2,0,12,0,42,47,7,0,9
0,0,0,0,12,0,40,15,1,17,174,66,0,0,10,20,21,13,0,0,0,17,24,2,7,0,54,31,67,17,0,13
59,49,0,23,10,0,5,17,0,0,33,66,0,9,12,0,25,46,0,0,37,71,0,0,0,6,0,0,48,16,0,71
0,0,0,13,3,0,0,3,17,38,91,52,0,58,0,0,0,0,76,93,108,16,25,6,54,12,46,13,30,28,0,13
0,0,34,16,12,51,33,0,8,0,42,0,3,0,8,0,34,16,92,73,0,35,0,0,0,0,15,58,40,251,132,16
102,3,0,14,5,0,0,0,40,0,32,34,10,0,0,21,23,11,28,32,10,8,0,20,47,23,68,0,19,132,33,0
0,21,0,0,10,0,1,0,4,0,12,0,10,4,0,0,6,0,9,0,0,0,64,40,0,53,36,107,0,0,0,18
0,83,28,0,50,48,0,0,0,124,109,0,0,0,8,0,11,0,0,0,37,67,14,94,50,7,56,0,44,55,9,0
0,0,29,44,47,0,0,0,34,122,189,83,47,0,91,21,19,0,0,0,0,65,113,57,46,48,42,54,0,0,3,2
19,0,9,5,0,4,6,7,58,86,83,126,0,35,0,0,13,0,11,11,0,110,24,12,143,85,20,0,17,18,8,53
50,0,16,15,6,0,17,14,19,3,148,85,188,0,48,0,8,5,18,10,0,0,17,13,6,18,0,27,29,46,40,0
108,0,34,0,3,9,13,20,5,11,0,0,49,0,164,0,76,43,0,0,1,0,14,44,52,0,80,14,90,17,0,0
95,0,15,17,9,0,0,26,12,3,31,3,0,0,0,80,129,51,0,0,0,19,0,25,96,49,72,0,6,0,0,46
0,0,0,0,0,41,0,5,0,0,0,0,0,0,28,27,114,0,29,17,9,0,16,50,44,9,0,0,11,30,3,0
0,0,0,7,5,10,49,0,8,5,0,12,0,0,0,0,0,10,22,5,0,7,19,0,0,1,24,0,12,17,0,3
0,0,11,0,3,11,2,0,14,3,7,0,0,12,22,16,0,18,4,0,0,0,5,28,0,0,0,0,1,0,0,50
0,55,0,21,0,0,7,9,13,7,36,0,40,0,21,8,17,25,35,0,0,0,11,28,0,0,0,0,5,0,0,23
0,11,18,2,9,0,0,0,0,2,0,0,18,18,0,0,3,0,0,26,22,17,0,18,16,0,0,23,0,16,2,0
0,0,0,0,41,0,9,0,1,0,0,31,216,125,71,14,0,0,0,2,37,0,13,0,13,34,0,0,7,7,0,5
0,0,0,0,27,12,0,0,4,0,26,95,0,185,10,0,0,0,4,0,0,0,12,0,2,0,0,0,14,29,6,0
95,0,0,0,5,40,13,0,2,0,0,0,0,26,4,0,0,14,0,20,0,0,0,7,0,1,0,11,0,27,10,0
0,0,23,39,0,0,9,0,0,5,1,9,2,19,0,0,19,18,0,0,0,0,0,0,9,0,0,0,0,0,0,16
33,0,0,44,0,23,0,0,8,0,18,5,7,0,0,37,46,10,26,11,0,0,20,39,0,24,2,0,0,0,9,17
80,0,0,2,0,0,0,0,39,0,9,11,60,2,0,29,3,0,0,6,29,8,16,3,23,0,17,0,33,16,15,40
0,4,4,0,31,41,37,0,16,30,17,0,0,63,0,0,32,57,26,0,25,0,11,41,0,8,0,0,10,49,35,0
33,0,0,0,0,4,0,0,10,24,24,12,0,12,9,0,99,34,0,21,2,0,0,4,13,5,0,13,6,0,0,1
0,52,37,52,103,41,8,16,0,0,0,0,0,8,0,31,14,4,0,0,0,0,18,23,20,32,11,0,15,9,34,0
0,41,2,0,17,20,37,0,0,26,9,130,0,39,28,0,15,0,0,61,0,0,23,0,0,0,0,6,13,55,33,6
71,0,2,16,23,0,3,12,0,4,0,189,64,0,0,104,3,22,42,0,0,0,0,29,0,0,14,2,15,0,0,17
0,0,9,0,0,0,4,0,85,23,7,0,107,26,0,0,6,16,0,9,0,0,0,0,2,0,0,0,28,16,0,0
139,0,0,13,0,0,0,4,0,0,13,141,0,22,32,0,23,49,3,12,10,31,0,0,10,0,8,0,0,6,27,12
0,50,1,0,8,14,3,4,2,12,57,85,11,18,6,0,3,36,44,0,20,0,18,28,107,22,3,4,0,10,0,0
0,0,0,63,0,0,0,22,0,0,170,224,0,18,0,0,28,22,110,46,0,11,0,0,0,0,0,13,24,26,13,16
0,0,0,0,0,2,35,0,21,0,198,113,9,32,0,0,2,38,0,10,30,158,65,0,0,0,0,9,22,37,23,26
0,0,0,0,28,0,0,18,9,0,108,68,0,8,7,6,0,31,6,50,170,25,41,13,0,0,0,16,42,9,6,3
0,6,36,4,0,0,0,50,23,32,101,9,6,0,0,16,0,0,77,50,23,34,0,0,0,19,13,20,28,0,0,0
150,0,0,0,33,9,20,39,43,0,59,57,21,0,34,21,3,0,39,93,22,1,23,0,54,44,60,78,3,104,63,10
0,42,0,0,14,0,39,0,17,0,0,20,11,8,10,0,19,0,0,30,10,0,2,4,48,44,50,0,89,186,26,67
0,1,12,0,0,0,0,0,8,16,55,50,14,0,0,0,0,12,0,5,0,0,0,5,29,80,63,11,8,17,10,0
113,28,7,19,8,24,0,0,20,56,0,97,71,0,0,34,0,0,0,12,0,18,64,0,2,23,8,0,42,0,15,0
0,35,57,9,0,0,2,0,25,67,124,58,136,0,246,171,19,33,1,0,0,67,0,35,45,44,14,36,33,0,8,0
23,15,9,0,0,21,0,0,37,55,116,8,44,125,53,159,28,0,29,17,25,20,95,0,0,164,90,0,5,0,0,0
139,21,29,5,29,0,0,0,42,37,65,46,0,112,191,6,212,0,16,7,19,1,29,30,242,79,51,78,12,29,28,0
148,0,0,0,0,0,53,0,16,75,46,2,0,0,174,0,129,5,6,0,0,0,19,53,46,5,65,16,25,9,2,39
0,0,0,0,0,0,0,41,0,0,0,0,0,0,4,61,125,60,9,22,11,0,21,70,6,45,27,23,0,18,0,0
0,0,0,0,15,12,0,0,0,6,0,0,0,0,18,0,0,0,38,40,3,15,45,1,0,58,0,0,9,0,0,0
23,56,0,23,10,10,13,0,0,10,42,0,12,0,0,0,1,13,4,0,0,0,2,0,4,0,0,0,4,1,0,0
0,24,0,20,20,0,0,0,32,2,0,1,0,0,15,0,18,0,66,29,0,0,7,17,30,7,22,0,7,16,6,50
0,0,30,0,71,61,21,0,0,2,0,136,55,0,29,0,32,19,1,13,20,0,46,18,0,0,0,0,0,0,0,15
57,37,0,0,0,22,0,0,0,23,81,19,83,101,8,0,5,7,0,0,0,0,2,0,11,0,0,23,2,4,43,22
0,0,32,2,0,0,20,0,8,14,213,85,214,13,0,0,9,0,0,12,16,0,0,13,17,5,48,14,0,0,0,17
0,0,31,0,0,6,0,7,10,3,53,46,1,0,0,0,0,12,4,15,0,4,28,13,0,0,18,0,0,11,0,0
33,74,48,0,0,10,0,0,0,0,42,0,1,11,0,10,0,0,0,0,0,0,0,7,1,34,17,0,8,50,22,0
0,11,0,0,66,0,0,0,2,24,18,0,0,24,12,17,0,0,0,4,29,0,18,0,2,3,0,0,0,0,29,19
0,0,21,0,48,48,57,0,17,35,36,0,0,16,69,11,0,47,41,6,31,0,0,11,0,0,0,16,16,25,0,0
166,0,13,0,0,18,0,0,0,22,186,0,48,2,21,0,23,22,5,10,0,0,0,21,0,2,0,0,0,29,13,0
65,2,16,10,13,0,5,0,8,57,32,21,0,1,3,34,19,13,0,45,0,14,17,13,32,0,18,0,18,0,33,21
0,24,0,16,0,18,1,7,0,142,39,87,1,11,0,0,35,6,0,0,4,11,203,6,0,0,0,1,0,0,0,8
12,0,28,36,0,0,0,0,84,139,141,66,34,0,50,29,45,35,0,0,252,77,16,38,8,13,59,3,0,0,25,20
0,20,36,0,28,6,41,0,191,220,50,51,0,0,0,14,27,13,44,119,2,17,24,0,0,0,15,26,0,0,30,66
32,0,27,0,0,10,83,25,112,171,10,73,36,1,10,0,30,65,34,40,16,47,30,59,0,33,0,84,16,19,0,13
78,0,44,27,82,0,0,33,154,27,0,0,30,24,0,0,52,2,35,10,0,0,7,24,16,0,0,26,195,2,20,0
83,62,26,0,52,33,15,0,31,20,8,0,10,3,23,30,32,14,85,0,23,40,28,18,0,0,175,99,15,3,13,36
102,0,0,0,0,25,0,0,43,62,65,3,37,22,16,0,9,0,0,0,59,39,33,0,37,148,226,92,93,0,17,10
0,0,0,0,27,0,0,0,0,12,35,37,0,49,0,40,25,0,71,114,101,4,0,0,0,1,46,5,97,13,0,20
108,1,0,12,53,0,50,67,4,20,0,0,0,0,0,4,16,0,69,51,66,0,0,0,0,8,6,102,140,0,45,24
0,1,21,0,0,0,28,72,98,20,163,195,7,0,0,22,0,2,0,16,16,0,13,8,19,21,209,0,42,0,0,42
8,0,33,16,0,0,0,45,78,93,46,47,224,185,16,0,0,25,4,0,19,130,118,207,165,64,37,54,90,0,5,18
95,0,0,0,8,8,0,0,7,41,32,30,123,34,2,0,27,9,0,1,58,12,9,11,14,0,24,0,63,42,25,0
0,4,0,0,0,0,15,0,0,72,0,162,151,88,37,0,0,0,27,28,24,10,66,0,104,105,8,69,26,2,24,41
0,0,0,0,6,0,0,38,16,4,85,119,61,17,111,23,0,0,8,0,0,1,61,0,31,48,26,44,12,0,2,0
0,55,20,0,23,22,25,0,0,75,0,40,142,158,21,3,43,30,8,0,52,3,94,53,12,0,5,9,65,0,49,9
86,33,13,0,16,0,0,13,63,41,16,56,0,30,65,0,7,7,20,0,13,73,36,0,26,68,48,30,50,0,0,0
0,0,0,0,0,0,0,0,44,3,0,43,11,0,14,4,20,13,39,0,0,7,0,26,77,82,66,0,0,39,18,29
122,0,0,6,0,0,0,27,26,0,48,30,17,9,66,0,28,14,11,0,0,16,0,0,0,44,0,71,18,11,0,50
0,0,40,0,51,8,69,0,32,48,184,13,2,25,25,51,39,9,0,0,0,19,0,11,7,5,54,11,52,0,3,0
0,24,0,45,0,2,5,5,0,43,34,0,0,0,0,58,8,0,1,45,0,0,30,45,0,9,5,6,0,0,12,0
0,0,0,0,0,0,0,0,5,0,0,0,0,5,26,25,45,27,41,33,0,6,27,0,0,23,0,0,19,0,0,0
0,0,12,0,22,0,17,0,0,4,56,35,0,0,0,0,26,7,10,0,0,0,0,24,0,0,18,0,29,24,18,0
0,0,0,0,0,0,7,43,0,0,0,32,38,0,13,13,31,13,13,8,0,34,0,0,41,35,19,0,19,0,0,21
58,45,0,40,3,18,45,0,0,0,28,0,0,0,0,2,0,5,0,0,0,0,33,0,19,2,0,1,0,9,0,26
17,11,0,13,0,0,0,7,0,5,4,1,33,0,5,0,0,7,2,0,0,0,28,0,0,10,0,7,10,6,0,35
0,62,22,0,0,0,0,0,0,0,0,0,35,39,11,0,4,12,0,0,0,22,5,0,0,0,0,33,25,0,6,0
0,21,0,0,0,0,0,35,0,9,0,44,0,0,18,44,7,0,0,0,0,48,0,0,0,12,0,0,32,0,6,0
0,0,35,15,0,77,27,68,0,0,0,35,2,19,18,60,35,10,11,10,0,0,0,29,0,0,0,0,53,6,0,0
95,2,0,19,2,188,64,14,7,9,0,0,13,50,148,33,12,116,36,0,34,12,0,0,17,0,57,0,0,6,4,0
65,1,0,0,230,195,0,24,6,6,0,30,0,144,73,39,0,98,106,2,11,19,23,75,181,13,0,0,0,0,16,0
0,26,0,16,230,116,0,105,105,0,57,29,14,19,0,168,0,6,116,43,35,2,153,171,20,68,38,11,16,0,45,7
98,0,0,0,17,204,81,0,125,0,38,53,0,0,0,38,22,56,46,0,68,12,35,78,68,89,27,8,0,8,4,0
16,0,0,0,0,19,39,12,52,10,16,58,11,0,8,14,31,93,11,30,108,0,76,63,27,93,40,0,0,8,9,0
0,0,0,0,0,16,0,0,13,18,75,0,19,42,20,8,13,67,5,31,28,61,12,0,27,17,11,1,21,10,21,17
32,0,64,1,0,0,14,0,0,34,12,11,29,0,22,0,2,0,25,49,0,0,0,0,50,49,132,58,0,0,0,14
36,0,0,42,94,18,29,13,35,6,0,33,50,0,21,58,22,16,0,1,0,10,57,84,144,94,50,6,66,0,23,0
0,0,0,88,174,89,167,95,206,1,17,2,2,5,0,39,18,0,22,0,129,50,64,18,0,0,24,39,10,6,23,0
61,0,0,18,84,107,129,122,0,36,157,0,33,0,33,0,12,0,0,148,165,136,29,71,11,0,0,2,21,0,0,0
0,0,0,35,0,0,124,0,59,88,135,244,41,0,12,5,0,31,196,120,24,14,51,17,129,138,4,40,16,2,0,0
50,0,0,0,65,0,35,0,73,0,188,52,48,0,9,0,0,0,73,0,21,13,25,0,56,64,67,0,25,8,0,14
43,1,0,54,3,0,0,0,0,22,0,0,80,0,0,16,8,16,73,0,50,10,113,0,27,0,38,42,11,4,23,4
0,0,20,18,13,18,7,40,56,0,101,32,38,27,3,0,0,65,36,230,17,0,10,56,53,1,101,45,55,0,17,0
0,47,0,0,0,39,0,4,0,92,130,38,17,25,0,0,2,60,116,0,0,13,0,69,16,28,0,49,0,26,15,26
23,73,29,0,24,0,0,30,0,0,0,47,48,37,28,0,2,1,18,17,29,0,0,53,31,15,117,6,23,62,32,0
118,0,0,7,0,0,0,33,0,19,0,22,7,0,0,20,16,29,12,6,0,4,42,53,69,17,39,39,57,33,1,0
0,20,25,0,9,22,0,0,9,0,10,30,20,27,0,0,5,22,3,17,8,56,7,0,6,18,2,17,0,10,20,0
64,0,14,13,22,0,37,152,68,75,18,0,22,4,0,49,0,0,16,17,0,31,64,58,17,25,2,0,63,14,13,54
0,1,0,27,0,0,0,110,155,191,44,36,0,59,56,0,0,0,0,29,83,56,101,2,79,22,0,65,10,25,13,0
0,12,0,3,15,0,61,0,101,24,46,0,2,11,16,3,0,0,8,0,23,44,10,0,0,59,18,55,0,0,9,0
0,0,16,3,0,0,8,15,71,24,0,0,33,32,49,10,0,0,0,0,2,6,0,0,40,37,7,10,21,9,0,0
28,0,0,0,3,0,0,7,0,5,19,44,0,0,9,18,13,5,2,0,0,0,0,31,6,11,44,0,78,0,3,41
79,0,0,6,0,0,0,0,0,33,18,0,12,11,19,1,0,7,0,0,0,29,0,57,0,0,0,6,18,0,0,10
0,0,20,46,1,0,43,16,0,14,50,7,1,0,0,0,9,0,40,0,0,25,0,0,0,7,0,0,0,11,0,0
18,46,0,0,0,8,0,3,0,13,22,32,0,8,0,0,15,6,0,0,0,0,0,0,0,0,0,0,0,2,0,0
3,0,7,5,6,0,5,0,0,30,15,0,13,16,5,0,3,11,0,10,5,0,2,29,0,0,25,1,0,11,0,0
1,0,8,0,0,0,0,0,0,0,33,46,16,0,32,24,27,0,0,0,0,9,13,0,22,49,67,24,31,0,33,33
8,0,0,0,0,0,6,0,0,0,4,32,12,7,0,0,0,0,0,0,7,0,0,32,0,0,1,10,28,0,3,7
0,27,19,0,0,0,0,85,0,14,1,15,31,5,0,0,0,0,0,16,0,17,0,0,6,12,5,0,6,12,0,1
0,0,0,0,1,0,0,0,1,0,22,16,0,0,4,8,11,0,19,0,0,8,0,13,0,0,18,20,4,18,0,0
121,0,27,12,41,24,5,0,4,0,0,14,6,8,0,0,102,1,0,0,14,0,0,0,7,1,0,4,9,0,24,0
57,0,35,10,41,22,16,23,1,0,10,15,0,0,0,23,6,0,16,7,0,0,4,0,10,33,33,0,0,18,0,21
0,13,0,14,0,25,0,24,0,9,0,4,0,11,40,92,0,8,13,2,35,0,37,0,0,0,0,0,0,47,0,0
0,95,0,0,54,88,0,12,9,0,0,18,35,23,84,68,11,0,8,18,7,14,0,62,25,8,0,14,2,0,19,12
0,0,0,3,11,31,6,23,24,0,0,34,18,50,119,68,13,36,7,9,18,0,81,73,105,24,2,4,3,26,0,0
0,0,62,6,39,130,30,4,0,12,9,90,16,125,0,0,4,0,35,27,63,3,35,50,99,36,16,0,36,6,0,43
0,8,0,16,0,12,30,41,0,5,0,32,0,39,12,10,20,11,0,0,0,20,0,9,31,0,65,12,30,0,17,13
82,13,25,9,4,0,100,0,0,9,0,51,27,104,6,3,53,0,23,33,18,0,18,0,9,11,0,47,15,0,2,0
144,0,0,0,7,0,43,6,4,0,0,0,8,0,0,0,13,0,1,32,0,0,19,0,39,25,14,23,18,19,0,0
0,28,0,28,21,7,17,3,14,0,0,0,16,0,52,5,0,0,1,25,4,0,7,0,37,51,24,18,29,0,11,4
0,19,41,3,13,51,18,0,28,29,13,0,0,0,0,3,0,0,0,0,0,18,0,141,30,27,24,0,0,0,0,29
98,29,36,6,15,44,44,0,20,0,45,31,0,0,0,0,0,0,0,0,100,43,0,0,51,52,46,86,16,12,3,22
0,0,0,0,1,2,169,0,0,6,56,0,0,19,21,19,30,24,35,48,106,52,6,11,31,2,61,0,0,0,23,0
0,12,0,5,2,0,151,148,0,25,8,0,0,0,0,0,12,0,0,13,54,16,41,0,0,15,13,29,50,45,12,0
0,0,25,41,0,0,19,29,0,11,32,4,41,11,0,4,0,0,0,3,0,44,0,55,44,12,56,11,32,0,0,52
0,0,9,4,0,0,42,0,36,85,62,7,0,16,0,27,25,0,74,8,102,23,42,101,84,15,57,67,36,5,13,24
0,0,0,0,25,0,0,0,0,25,16,34,8,0,0,0,0,0,64,6,92,0,53,127,0,23,51,27,32,43,0,21
0,0,2,0,27,0,6,0,0,0,0,13,0,43,24,22,44,36,0,43,9,9,0,9,0,29,34,26,15,56,34,0
0,0,0,22,0,0,6,25,0,51,17,0,0,42,32,0,0,13,0,0,56,124,0,0,12,165,35,8,8,16,18,18
0,0,6,0,0,0,1,0,42,55,13,20,26,0,16,0,12,26,0,0,43,41,37,128,10,6,24,9,45,25,7,37
114,19,0,7,48,0,35,16,22,25,3,52,0,49,0,7,0,0,36,0,0,219,234,0,0,61,0,72,4,17,3,10
0,0,58,0,0,79,18,0,0,0,0,16,0,0,0,0,6,0,0,0,116,55,129,0,57,0,0,0,14,6,20,0
46,0,13,0,0,0,7,0,0,1,0,24,0,41,0,0,7,7,4,0,0,35,43,0,13,0,0,13,0,0,11,8
0,10,52,9,21,0,0,19,14,38,85,28,44,6,3,0,0,0,1,10,0,0,14,3,11,0,0,0,36,9,2,30
0,0,0,19,7,0,61,0,0,52,43,91,27,0,0,18,0,21,0,16,0,4,32,1,14,8,37,0,0,0,0,24
34,0,0,0,0,0,0,0,0,0,59,54,220,40,0,0,0,1,16,0,27,0,0,0,28,12,14,0,0,0,0,0
0,89,5,0,0,0,5,0,0,0,101,70,206,45,0,0,15,20,0,1,0,24,0,13,0,0,11,0,0,13,48,0
24,8,0,18,0,0,0,5,35,4,40,241,105,139,0,3,0,0,0,0,0,12,0,25,0,13,0,0,0,25,0,39
164,0,0,0,0,0,0,0,0,10,0,194,180,0,30,13,9,0,0,25,5,0,0,11,22,0,39,11,0,0,2,6
0,19,0,73,0,0,0,16,0,0,63,17,32,0,2,24,0,0,0,0,9,0,0,0,0,0,4,0,15,0,29,27
0,5,0,0,11,20,27,8,23,0,0,7,30,0,28,9,0,34,13,0,0,0,0,21,0,0,0,4,44,0,20,2
9,24,2,10,0,0,0,24,0,0,0,21,27,1,11,11,0,0,0,0,0,10,0,10,39,0,33,0,0,0,22,27
89,60,0,0,13,0,21,0,0,9,0,0,0,31,9,0,2,23,6,0,9,0,0,19,0,13,0,30,0,0,0,0
0,0,3,0,0,0,0,0,0,0,50,0,14,0,0,0,0,19,6,18,0,0,0,9,0,0,0,0,0,0,7,0
0,94,0,0,0,0,0,43,0,0,7,34,0,0,0,44,7,0,1,33,16,0,20,0,16,21,51,0,28,0,0,0
0,0,0,0,0,0,54,0,0,2,0,0,35,0,0,105,38,0,30,0,42,26,2,23,10,0,0,2,0,6,2,0
0,22,0,0,9,0,9,0,0,0,0,0,0,60,0,10,0,0,0,0,0,12,0,69,0,0,33,0,21,0,0,0
0,48,0,0,0,14,0,10,0,0,0,85,0,14,20,0,0,26,0,0,76,19,12,45,40,10,59,36,35,26,8,3
147,0,0,22,19,0,28,24,0,50,4,6,0,24,35,0,5,0,18,16,0,38,47,0,25,2,0,8,18,3,0,4
0,0,0,1,0,18,27,21,31,0,0,44,11,0,0,0,21,25,16,10,0,0,7,0,0,0,15,46,13,0,0,4
0,0,76,0,10,12,13,0,0,15,0,75,61,0,18,17,43,23,10,0,0,2,0,0,0,27,18,55,0,26,0,0
109,0,0,26,0,5,7,15,97,0,0,22,24,0,12,0,29,35,9,0,4,0,0,16,16,17,37,7,3,1,0,29
22,15,36,2,6,41,0,5,0,14,57,112,3,11,0,43,37,17,10,11,0,27,1,10,18,43,1,27,10,0,3,0
20,0,0,46,9,0,24,10,52,29,39,172,66,0,1,16,0,14,11,8,0,4,19,0,9,46,48,0,51,0,5,0
0,0,0,57,0,5,11,63,5,0,55,140,81,0,17,39,0,0,45,9,0,14,25,0,8,14,10,33,27,43,0,27
0,74,29,0,65,22,74,0,6,0,0,110,57,0,24,0,34,36,42,0,162,0,0,0,18,11,11,12,68,16,17,43
0,37,17,0,10,0,30,66,48,1,0,109,0,18,0,35,0,25,8,0,96,59,0,5,10,9,59,16,17,0,49,10
136,0,0,1,20,0,21,1,29,50,44,13,0,25,5,0,2,7,30,216,25,5,0,5,28,38,29,0,0,138,108,0
0,0,0,80,0,0,0,17,11,0,37,83,0,0,9,0,14,16,40,36,0,31,18,12,0,0,60,116,3,57,0,17
108,0,16,7,3,0,3,0,0,0,16,26,37,0,8,0,0,6,13,0,32,0,81,25,47,48,52,0,0,44,0,63
111,37,29,10,0,13,0,0,32,0,108,85,0,0,0,34,4,0,0,42,0,52,90,56,31,139,75,2,5,14,0,0
65,39,7,0,7,0,25,1,24,11,28,141,54,6,0,0,0,0,0,43,14,5,31,131,127,0,0,1,38,34,20,0
0,43,0,19,0,0,14,0,17,22,0,96,25,42,0,53,0,4,0,0,12,91,51,90,52,20,19,53,49,7,13,54
0,0,0,23,0,0,8,9,9,0,12,0,44,0,0,23,0,0,0,0,0,112,16,19,70,0,0,8,0,15,0,0
9,0,0,0,4,17,7,0,33,34,0,0,8,0,0,14,211,211,0,0,0,10,0,15,18,89,130,58,27,0,0,0
0,0,11,0,6,0,0,2,0,0,16,27,12,0,0,11,0,0,0,0,0,20,39,36,45,10,123,5,0,0,0,0
113,0,0,0,3,1,36,40,21,0,35,64,11,0,0,37,0,0,46,0,0,22,0,13,0,37,0,0,0,0,0,24
0,12,63,0,62,0,13,0,22,10,63,23,41,24,0,0,0,0,0,0,0,0,75,108,0,22,5,0,0,31,0,0
0,7,63,0,12,0,20,0,37,0,35,20,0,12,0,0,0,4,0,0,0,25,112,13,10,38,2,0,0,0,0,16
0,0,88,0,50,3,16,6,5,0,22,0,48,33,7,8,0,0,0,3,21,16,0,165,46,4,13,13,0,0,1,0
0,80,0,0,35,0,0,0,13,0,12,0,34,0,0,0,2,13,1,0,0,0,0,0,15,0,23,10,3,0,0,62
23,23,0,20,0,2,0,30,0,7,31,0,39,40,9,0,4,5,4,0,10,0,18,0,19,37,2,0,6,0,0,16
39,27,0,15,0,23,19,16,0,0,11,4,134,76,19,0,0,1,0,0,0,0,0,7,17,0,5,23,0,0,0,0
0,47,0,21,9,16,13,0,0,0,14,7,0,27,0,5,38,3,0,6,6,0,0,0,0,0,0,0,17,0,0,9
113,34,0,33,0,0,16,37,0,0,6,0,0,35,0,0,0,0,0,29,13,0,13,0,4,0,0,27,0,0,2,0
0,13,0,20,44,0,32,2,0,2,0,0,0,0,22,0,19,0,25,0,6,10,0,3,0,0,0,21,0,6,0,23
0,0,12,14,0,0,18,0,30,5,0,0,7,0,0,39,27,0,32,0,10,0,4,0,2,0,61,2,16,5,20,1
0,0,49,5,0,1,0,0,26,0,3,0,28,40,0,8,11,11,10,10,0,0,13,13,0,11,0,23,19,14,12,11
145,31,6,19,0,0,0,46,10,0,0,41,21,14,31,33,0,55,0,13,0,0,0,2,20,9,0,2,18,0,2,20
0,0,0,0,20,30,19,0,41,30,94,37,50,26,25,3,64,0,8,2,22,2,25,6,0,0,0,0,3,6,21,3
37,14,31,0,31,56,37,14,16,55,55,45,56,12,53,0,44,31,0,73,0,0,50,9,0,17,9,19,0,0,0,42
39,13,0,0,25,0,43,46,0,21,39,4,4,0,7,16,33,38,0,31,9,22,89,18,1,36,45,0,0,31,0,0
84,0,0,0,0,64,0,0,5,7,0,33,40,65,3,0,0,43,32,0,0,0,0,8,0,0,14,0,0,83,0,0
0,0,0,0,0,0,5,33,12,0,0,109,6,0,0,2,0,32,0,0,7,16,0,18,0,0,26,0,0,0,0,0
0,55,0,0,29,0,46,12,27,2,63,111,0,21,8,17,7,0,0,0,0,0,8,33,35,6,14,6,18,0,6,0
0,10,0,10,0,25,0,4,39,0,125,137,16,0,11,22,6,8,0,0,9,5,0,0,28,0,7,62,16,6,2,0
102,4,0,34,5,0,17,1,29,0,135,131,8,0,0,0,0,0,49,26,65,22,49,0,25,0,20,0,21,19,1,44
45,0,22,0,31,0,16,34,0,0,139,38,0,1,12,0,38,21,15,0,23,0,0,22,0,0,39,7,17,0,32,5
38,0,0,20,45,20,14,29,38,0,85,34,0,0,0,0,7,0,19,13,70,11,3,7,13,0,0,0,59,5,14,16
92,0,0,0,23,7,0,26,0,0,41,17,10,0,6,11,0,14,8,0,3,7,11,2,0,8,23,48,90,6,1,5
0,12,17,0,0,0,0,0,0,36,0,0,5,14,4,6,9,0,7,7,1,0,10,8,0,0,58,66,0,46,0,0
0,68,33,0,49,0,22,0,0,134,3,9,0,0,24,12,10,23,6,0,11,2,0,0,81,67,27,3,39,21,0,0
48,59,0,0,14,0,0,0,0,70,93,172,0,1,17,0,0,13,0,0,0,50,20,42,16,0,11,0,3,0,46,1
0,0,0,0,28,0,4,0,14,21,57,213,10,88,61,246,1,0,7,0,14,14,48,133,6,22,0,0,32,3,11,49
0,0,42,0,33,0,17,0,52,53,33,10,18,74,142,254,104,0,8,10,8,77,8,2,48,61,203,64,20,51,18,0
0,0,79,3,54,23,42,0,16,2,16,6,35,82,177,255,0,55,32,0,0,6,7,250,228,109,102,38,0,0,0,0
0,0,0,7,0,0,0,0,0,0,0,0,0,10,42,0,46,0,0,0,0,9,13,9,15,24,18,0,45,13,0,43
52,6,18,26,17,0,30,1,8,0,1,0,16,16,0,0,19,3,0,7,0,0,10,5,16,0,6,0,6,5,0,12
168,0,69,16,0,0,21,37,0,1,0,30,0,5,4,0,34,31,40,0,17,54,0,19,0,18,0,43,0,0,0,0
0,19,0,18,2,0,0,46,17,3,29,47,15,0,0,21,0,0,0,19,0,50,33,0,19,21,7,0,5,16,6,0
60,24,0,0,33,0,0,13,23,0,0,70,13,0,5,0,0,0,0,39,9,5,4,8,3,7,33,0,2,19,7,0
34,40,0,0,0,0,39,11,4,0,3,0,18,58,7,25,0,34,30,0,0,0,0,0,26,0,0,0,0,3,1,1
0,0,0,20,0,0,6,0,0,0,62,52,40,14,8,0,15,9,0,10,0,0,0,7,0,0,0,8,5,16,0,0
38,0,34,0,38,40,48,0,0,16,0,0,6,16,0,18,21,12,11,0,18,0,64,32,25,0,0,0,4,0,4,46
0,18,0,14,13,11,0,2,0,16,17,17,11,5,3,0,0,2,22,27,0,0,0,0,0,0,0,11,10,0,0,0
0,0,0,40,0,0,0,22,0,6,0,0,24,9,10,3,0,0,39,26,0,0,0,15,0,19,0,0,0,13,16,0
60,0,0,0,0,0,0,0,10,20,18,40,5,10,0,18,0,0,55,3,18,0,22,0,37,1,0,0,0,6,15,3
10,20,0,34,4,0,36,12,0,0,3,0,1,0,0,0,15,34,1,13,0,0,35,8,0,0,2,2,0,18,26,0
64,75,2,0,9,41,0,0,0,0,0,0,12,0,30,40,37,18,36,0,0,7,0,28,0,3,0,27,30,0,42,0
0,0,16,37,0,22,0,0,0,7,16,8,4,0,15,4,34,55,48,0,20,5,0,22,0,0,14,0,11,5,0,0
121,19,6,14,0,13,0,0,27,0,22,12,5,9,7,84,1,34,14,21,12,0,0,53,0,0,39,0,3,0,2,10
51,0,0,0,17,0,0,0,74,0,16,63,0,0,0,0,19,21,0,0,22,0,24,3,3,0,1,0,0,1,0,0
0,85,7,0,84,35,0,0,60,0,48,0,2,70,0,0,0,0,0,0,142,11,1,1,2,3,0,35,0,0,29,0
49,0,0,22,0,0,37,240,126,71,63,34,11,0,10,0,0,14,5,7,17,0,32,0,14,10,0,18,3,0,0,0
0,0,0,2,0,8,20,75,42,70,0,65,58,0,9,0,22,24,4,16,11,20,39,0,1,0,5,0,12,0,0,1
0,38,0,25,118,18,24,14,208,7,6,24,7,0,0,0,0,3,0,10,2,9,45,0,0,0,34,31,0,0,0,0
0,0,0,28,25,0,0,23,68,30,44,69,0,0,0,23,12,0,39,7,62,36,19,0,68,5,8,55,0,34,0,0
0,0,3,26,0,0,0,0,68,46,70,23,22,30,0,0,0,0,0,4,1,27,34,0,22,81,84,43,19,0,0,11
130,1,0,0,16,3,2,33,0,0,31,0,0,28,14,0,5,0,12,49,22,10,0,0,11,0,84,86,69,0,0,18
128,0,26,0,0,8,100,10,0,38,0,39,23,0,0,0,22,18,0,0,16,0,0,21,18,0,0,74,15,0,0,0
0,42,29,0,8,15,62,62,223,36,72,51,0,35,0,0,0,18,6,6,0,0,25,31,19,0,122,21,0,10,0,0
0,0,0,0,3,0,20,208,57,85,61,80,147,26,4,0,0,0,32,0,31,41,0,93,59,46,55,55,21,3,10,22
0,0,0,0,32,0,15,21,1,31,120,124,181,6,0,38,0,0,0,0,154,66,46,75,9,3,67,1,22,7,0,0
0,4,0,0,16,17,0,9,49,1,73,246,196,73,44,0,0,4,0,0,47,46,46,75,41,43,4,32,54,47,16,20
0,25,20,16,0,0,7,2,0,36,67,66,24,10,42,22,0,19,0,0,0,49,53,46,28,19,0,0,0,0,0,0
33,0,0,0,0,0,0,28,16,1,48,63,74,26,14,0,0,0,0,26,39,0,56,115,62,16,0,0,62,38,0,0
116,37,0,0,4,39,10,46,86,0,0,29,56,70,67,104,5,0,147,31,0,0,27,27,44,62,0,34,0,17,30,21
140,8,71,0,33,0,51,8,65,16,0,59,2,17,0,56,0,0,56,95,5,0,23,0,21,83,16,0,4,0,23,0
60,9,28,0,1,0,0,37,45,2,0,12,0,0,2,16,0,27,27,52,0,0,0,33,95,0,11,42,16,0,0,12
121,39,34,0,0,0,0,38,46,0,4,28,16,4,14,0,1,17,60,19,42,7,12,0,12,20,40,30,65,0,16,0
25,6,0,9,0,3,0,10,0,43,6,3,33,0,13,0,24,8,2,48,14,26,13,11,19,0,26,26,26,4,21,3
0,17,44,0,0,0,1,45,50,35,74,0,0,15,0,0,0,0,0,4,16,5,25,2,0,0,11,0,0,0,31,46
0,42,57,0,0,0,0,0,0,0,27,7,0,0,0,24,0,16,0,18,0,0,4,0,0,19,11,0,0,16,3,3
0,48,16,0,0,0,0,9,16,8,6,0,7,0,53,0,4,16,4,22,10,0,27,0,0,0,0,4,0,32,8,0
0,0,0,0,0,9,0,0,0,12,49,19,20,0,25,0,23,16,9,0,0,0,0,0,0,2,0,0,0,0,32,0
1,1,11,1,0,7,0,0,0,4,21,0,4,0,0,5,25,8,0,0,0,0,7,0,0,0,11,0,0,38,11,0
16,0,0,0,0,0,25,38,13,5,0,14,0,0,0,20,41,20,8,0,0,28,29,0,0,0,0,55,0,8,26,0
0,0,0,46,0,0,0,20,9,19,0,0,42,16,8,45,0,0,0,0,9,72,0,0,7,14,36,3,0,0,4,13
17,0,0,0,27,64,24,0,0,0,0,1,18,0,20,28,0,254,13,20,40,0,38,0,25,0,0,0,0,59,0,0
0,0,1,22,99,53,5,0,13,7,0,0,0,11,0,0,132,126,29,0,49,0,8,11,7,0,27,0,0,24,2,0
0,8,0,2,110,48,8,0,0,0,0,38,0,54,9,37,28,106,49,12,8,0,3,0,0,38,3,1,0,11,35,0
45,0,0,44,48,85,0,67,33,0,31,25,13,29,49,8,0,54,6,0,41,17,0,16,0,0,0,19,8,16,0,0
182,39,0,0,80,139,114,0,70,0,0,0,0,111,0,0,0,0,11,19,18,0,22,85,51,18,1,0,13,0,0,21
176,0,0,26,115,52,51,37,0,3,18,78,32,0,0,0,72,41,59,17,107,0,110,202,49,5,5,12,0,3,0,0
0,30,19,0,13,29,0,15,0,0,16,9,16,12,29,0,9,0,0,0,109,28,44,0,0,34,0,16,8,0,0,13
0,63,17,13,0,49,24,0,24,44,11,20,0,0,19,0,3,13,0,55,4,6,6,0,21,0,0,31,6,0,0,6
0,0,24,11,0,1,0,0,0,18,16,44,54,21,24,12,23,35,12,8,0,0,2,24,13,0,23,0,0,20,0,0
96,0,0,37,44,0,18,0,37,24,0,0,8,0,0,29,18,56,9,0,6,0,14,0,6,157,68,32,14,0,6,19
0,1,0,169,139,24,0,0,0,0,19,6,20,4,0,33,7,9,13,12,1,0,17,29,191,118,36,37,0,1,19,4
141,0,0,63,33,87,45,118,62,44,14,4,16,0,26,0,26,14,2,0,55,36,74,11,37,59,0,0,11,3,26,16
108,0,0,64,0,122,11,54,98,32,93,25,7,0,2,7,0,0,87,189,236,113,0,0,4,14,19,2,36,4,0,50
0,0,0,0,18,1,152,106,30,91,155,124,0,67,0,0,0,0,24,7,75,13,103,9,17,0,0,0,2,22,0,0
93,0,2,0,0,69,0,42,25,92,90,43,31,0,0,0,19,10,26,9,17,0,0,0,0,6,9,0,38,0,7,2
0,0,28,0,8,0,0,2,17,106,158,38,38,0,0,1,8,0,0,0,0,0,0,18,28,8,56,3,30,0,8,0
191,37,15,23,13,7,6,0,39,3,4,87,26,17,0,25,38,87,41,69,4,0,31,8,5,0,104,40,4,58,4,0
0,20,0,0,17,16,8,4,0,0,0,67,74,0,0,1,120,211,248,0,7,14,59,0,48,23,0,31,69,10,28,13
0,0,51,0,0,0,6,0,32,33,45,69,40,0,17,1,14,196,0,0,0,36,0,17,1,8,35,1,0,22,11,0
0,0,0,20,26,0,0,0,13,36,21,1,15,27,0,9,4,17,0,0,58,0,76,59,28,0,0,16,33,4,33,5
0,0,26,0,1,18,3,0,6,36,12,32,1,49,56,20,0,0,30,36,65,73,75,0,17,65,0,15,17,55,0,17
0,0,11,40,36,0,3,93,44,0,0,0,0,0,0,12,0,0,54,26,10,146,0,5,68,32,29,4,0,11,13,0
0,0,0,0,0,15,32,0,102,38,32,0,31,52,46,0,31,0,0,16,0,0,0,0,32,41,22,6,14,0,1,0
120,4,6,8,2,12,14,15,0,1,0,1,33,0,0,2,0,0,4,43,20,0,22,0,17,32,18,36,55,0,0,97
90,32,33,0,0,4,14,0,3,0,25,0,7,13,0,11,0,0,0,0,1,3,0,42,0,9,23,0,0,19,0,4
0,47,21,0,59,46,9,1,1,14,48,3,0,12,0,0,0,53,0,17,25,0,37,15,36,10,8,0,0,0,34,34
5,0,0,36,0,0,0,14,0,0,40,0,0,7,0,23,9,0,6,0,28,0,0,6,6,0,48,0,0,7,0,15
27,1,18,0,0,14,0,12,18,0,6,29,0,3,0,5,6,0,0,0,9,1,0,0,0,0,0,0,0,4,0,13
0,22,16,0,19,0,0,0,0,7,0,0,60,0,15,5,0,0,17,0,3,30,0,2,0,13,2,0,9,9,7,14
0,11,48,0,0,16,0,8,10,45,0,20,59,15,16,21,10,12,31,0,4,0,0,0,0,0,0,0,15,17,12,9
23,0,0,10,1,0,0,34,0,0,0,8,25,0,36,0,24,22,9,0,2,0,11,11,18,0,15,12,7,0,0,28
23,38,26,0,0,21,8,0,0,0,13,15,17,0,0,16,0,0,0,14,18,0,9,1,0,0,0,19,0,0,0,0
54,0,33,0,74,3,0,0,13,9,0,20,68,4,9,0,0,12,0,0,0,3,0,23,16,0,37,21,11,6,0,0
31,39,0,0,29,0,0,0,0,0,0,19,0,17,38,0,22,70,0,0,0,0,0,0,0,0,33,28,38,0,22,9
0,30,0,0,37,0,11,42,0,29,5,5,0,5,8,24,48,0,5,0,0,8,0,4,3,23,4,9,14,31,6,0
35,20,0,3,123,0,0,23,0,0,19,0,33,20,4,83,3,13,0,16,0,4,0,0,0,3,13,0,6,17,0,6
0,0,0,9,51,5,76,31,53,3,0,10,11,30,37,127,6,8,5,0,0,0,0,34,0,0,0,0,7,20,5,0
0,0,0,0,163,150,0,1,1,8,17,117,0,38,45,30,0,12,0,0,71,0,44,97,48,32,6,12,0,0,0,11
44,0,20,11,114,159,25,6,4,41,19,6,0,71,18,0,0,0,0,2,28,16,36,3,80,23,6,0,12,34,0,0
80,0,0,0,57,237,27,33,19,45,14,17,0,7,21,12,0,0,30,21,4,0,0,26,36,13,0,44,0,13,0,0
0,73,0,0,3,50,23,21,8,0,10,14,24,123,4,10,5,4,0,0,0,48,0,49,17,0,0,0,0,0,0,0
38,82,49,0,0,134,0,14,23,26,0,15,7,11,38,14,25,55,23,0,0,0,0,21,10,0,25,12,23,0,29,0
0,0,0,3,10,10,40,0,11,12,0,0,10,32,5,2,35,0,25,17,3,7,39,0,16,19,20,53,0,4,1,0
123,0,58,17,52,0,0,11,0,0,6,17,0,6,26,0,13,0,0,1,25,2,10,0,26,61,78,0,0,0,22,0
0,0,0,0,0,88,61,1,45,5,0,3,0,6,24,17,0,11,49,16,30,0,11,43,0,27,37,56,9,19,0,0
0,0,19,0,14,85,129,0,0,50,0,0,2,21,17,0,2,30,17,0,171,3,48,39,0,0,0,30,30,0,11,4
62,0,0,30,53,0,61,45,0,0,75,48,27,0,0,35,37,14,9,5,52,0,49,52,29,0,89,7,0,0,0,16
80,0,0,21,34,11,35,36,29,95,60,70,4,0,0,0,6,0,0,0,47,43,0,44,94,9,0,0,44,0,0,45
0,0,0,0,0,0,4,0,7,27,0,59,1,0,16,26,26,0,54,4,0,39,106,138,26,0,21,39,0,23,3,0
127,23,4,12,0,10,0,37,17,2,2,35,41,3,0,0,0,17,9,21,0,17,139,193,67,8,30,21,23,0,0,63
0,0,36,0,0,0,2,0,25,16,22,69,35,0,21,0,37,12,11,17,12,2,30,191,32,0,38,0,0,0,15,11
96,134,19,4,0,44,19,50,0,18,64,0,0,0,0,2,0,2,0,7,0,0,14,17,0,0,30,7,9,0,0,0
38,11,0,0,0,5,0,8,0,16,30,40,3,0,6,0,0,0,24,7,0,97,0,9,56,70,0,82,28,20,0,27
44,13,0,28,31,0,8,14,0,0,1,24,0,0,0,28,3,0,0,15,6,19,0,0,84,50,28,18,9,0,24,0
25,33,85,0,13,0,15,8,14,14,0,0,0,84,24,0,0,0,0,0,0,0,55,17,23,35,0,0,2,12,17,0
90,0,0,11,2,0,21,11,7,5,0,15,18,12,0,0,17,6,0,41,36,0,37,3,8,19,0,24,64,0,7,6
77,37,29,33,0,8,0,0,0,9,17,0,18,9,0,0,0,10,2,3,11,24,21,43,3,28,0,1,0,0,0,52
0,86,0,3,36,0,0,0,0,58,37,0,0,22,4,0,39,0,0,30,31,4,14,0,1,0,0,41,0,0,28,0
77,91,43,0,48,37,44,0,12,4,0,9,1,0,13,33,7,0,0,0,0,44,0,0,0,0,0,30,0,0,0,16
6,0,0,8,17,0,11,0,0,26,0,4,0,0,18,0,20,0,0,0,1,26,0,0,0,17,0,0,10,0,11,22
0,0,13,0,0,0,0,0,9,1,0,22,52,0,0,0,28,23,0,0,0,5,0,7,7,0,19,0,7,0,1,0
52,19,0,0,39,0,0,11,24,0,0,10,65,36,12,16,0,0,0,1,26,9,0,0,0,0,10,12,26,3,21,29
0,0,42,0,30,13,25,0,19,39,0,17,67,47,23,36,16,24,45,0,0,9,0,12,0,0,0,48,7,3,14,42
58,0,5,3,0,8,31,20,0,6,0,0,0,0,1,2,6,0,0,0,9,0,3,0,0,0,3,5,0,0,0,36
91,64,0,0,0,16,40,0,8,0,9,0,0,0,0,0,48,0,0,0,6,18,9,0,43,23,0,4,14,0,0,0
58,0,66,0,56,31,0,0,0,0,1,14,19,12,9,1,35,1,0,18,0,34,0,6,0,7,0,0,0,9,0,0
0,0,0,4,0,0,0,6,0,0,0,0,8,0,10,0,29,0,0,28,0,23,3,8,5,23,19,0,0,0,0,41
0,0,0,16,0,0,3,30,64,28,0,0,32,0,0,0,0,16,28,24,0,0,26,54,0,0,0,33,0,40,0,0
144,0,4,0,0,0,47,37,42,0,1,6,0,42,0,40,3,25,13,0,32,0,52,8,9,40,20,15,7,0,1,0
0,0,0,38,0,0,4,0,1,29,0,61,15,38,0,26,18,0,0,15,60,0,26,42,10,19,0,0,0,34,0,0
0,0,0,0,7,45,0,22,7,15,19,0,0,3,0,0,0,0,17,0,17,33,20,0,27,0,26,7,0,0,0,0
38,0,0,26,0,0,11,1,27,52,0,20,9,36,24,0,0,14,8,57,14,0,48,0,19,33,0,29,2,0,0,0
53,0,34,0,0,27,14,64,0,60,0,11,21,41,30,4,25,3,0,13,0,0,0,0,0,35,0,0,3,8,27,28
0,0,0,48,14,80,55,44,0,0,23,8,38,52,0,0,0,24,10,0,17,20,0,30,4,12,2,1,29,0,3,7
0,72,0,2,14,0,80,0,0,44,44,7,183,25,2,0,0,0,0,0,0,0,2,24,6,9,0,0,0,16,0,0
0,0,65,64,0,16,11,68,24,98,0,28,216,0,0,27,9,0,17,9,20,20,16,4,19,75,0,43,0,13,0,0
63,38,13,4,5,0,0,33,75,0,37,15,94,12,20,3,36,0,74,0,40,2,1,0,0,59,44,6,28,0,16,0
0,0,0,0,9,0,52,62,0,55,30,6,108,8,4,0,10,7,0,0,0,0,0,1,0,0,36,0,0,6,0,0
156,24,0,0,7,44,0,30,37,0,0,36,67,36,11,0,17,9,18,54,10,2,0,26,75,14,42,29,85,21,7,22
0,0,40,8,0,0,28,0,17,70,103,0,206,28,0,0,0,0,0,31,0,0,17,65,0,4,0,0,13,0,5,0
29,0,0,27,0,0,0,43,0,0,5,37,158,0,0,0,0,10,3,11,0,46,0,0,21,15,7,48,1,35,14,0
21,0,4,0,0,0,2,0,4,0,5,6,48,0,0,18,0,1,13,12,0,0,14,7,0,13,22,21,17,24,0,209
0,0,0,0,1,1,20,9,17,20,18,14,6,0,15,0,0,0,5,0,0,0,10,0,0,0,8,0,25,48,167,55
139,60,24,25,0,0,0,0,40,0,0,44,0,0,38,64,29,25,2,11,49,23,0,60,2,37,10,35,94,0,27,0
0,0,0,20,0,19,0,22,5,24,0,94,0,25,0,30,0,0,0,0,0,60,30,0,21,48,4,60,0,0,0,0
0,16,6,0,0,0,9,0,4,0,56,90,163,0,0,13,35,7,0,16,0,94,0,0,86,9,120,1,0,0,13,0
34,0,0,0,20,42,21,0,0,52,39,134,182,53,26,0,4,0,43,18,0,0,3,0,8,0,19,5,16,1,0,4
84,0,0,0,47,0,4,1,0,86,83,22,60,42,4,33,45,0,8,28,0,0,54,9,58,29,92,0,89,1,16,89
0,0,16,43,7,0,0,33,0,35,32,3,0,0,0,10,131,140,34,6,0,39,0,0,0,17,0,19,66,21,0,14
0,0,0,0,0,11,0,0,2,10,0,30,0,0,0,31,59,147,5,0,0,27,51,16,36,179,23,112,9,32,0,0
0,0,0,0,8,2,0,7,0,19,0,0,5,18,0,0,21,0,5,0,0,10,19,0,0,115,46,0,0,0,0,0
0,47,33,0,0,0,5,29,10,0,0,0,0,0,0,0,0,30,0,0,23,29,8,0,2,17,44,0,24,0,0,45
0,0,0,41,0,0,0,0,26,0,0,0,29,11,55,0,23,32,31,10,31,0,25,5,4,0,0,16,4,32,0,0
25,0,29,19,0,0,0,0,7,8,6,7,0,0,0,31,0,0,16,0,7,9,0,154,44,3,43,0,0,7,0,0
0,43,0,0,0,0,0,0,0,8,11,44,90,6,0,14,0,9,2,0,14,0,46,39,0,0,0,31,25,0,6,0
101,0,0,12,13,0,0,30,0,12,0,0,67,138,8,15,4,0,6,25,32,1,18,0,15,0,0,13,16,2,0,0
140,45,0,27,10,52,11,2,0,25,15,0,6,0,24,11,35,2,16,0,0,0,10,0,28,6,17,10,0,13,0,0
0,0,6,0,64,15,23,66,0,22,25,9,0,13,0,0,0,0,10,0,33,0,36,4,14,12,25,34,16,5,0,0
63,51,0,0,0,25,2,0,28,52,7,40,0,0,28,52,34,0,0,0,0,19,24,34,0,0,0,0,45,0,59,38
0,61,19,0,0,5,0,6,0,0,0,25,7,0,29,43,1,22,0,14,0,7,0,0,0,0,0,6,16,0,16,33
52,0,25,0,21,5,0,0,0,48,0,15,20,26,0,10,25,2,4,0,0,16,1,0,9,0,10,13,0,0,0,0
0,0,0,0,0,0,8,24,24,23,30,27,4,11,7,31,35,34,29,0,39,14,4,0,13,3,0,10,0,4,9,0
0,0,0,7,0,0,14,47,0,17,25,43,26,0,14,51,17,3,0,0,0,53,0,0,35,30,0,0,0,31,0,29
0,2,0,0,0,19,0,0,0,0,60,8,0,8,0,0,0,26,0,8,0,4,0,1,0,0,18,36,0,3,0,1
46,22,0,48,8,0,12,18,14,0,0,91,59,0,7,0,48,23,1,27,0,3,0,0,3,0,10,11,16,0,0,2
44,63,0,41,13,0,0,0,0,0,33,0,8,16,5,11,9,20,14,0,0,4,0,7,6,0,8,11,26,21,0,13
120,0,29,0,0,76,16,18,0,70,52,74,0,6,0,4,0,10,3,0,0,0,15,97,47,49,0,13,1,8,0,12
2,26,0,0,1,34,0,0,32,213,78,0,23,38,0,0,15,9,3,7,0,52,4,15,89,67,92,13,19,29,13,0
128,61,0,1,20,20,3,0,0,23,77,82,29,0,0,0,0,10,0,53,44,0,0,38,21,0,105,29,38,0,41,49
81,0,0,23,8,8,105,1,31,0,21,0,34,0,0,0,14,0,0,1,25,0,37,2,3,18,10,19,34,13,7,0
0,63,0,3,0,40,0,0,0,25,42,41,60,0,3,55,40,0,6,20,0,0,1,62,0,0,0,0,6,99,24,11
0,0,0,0,0,50,11,0,42,141,59,67,0,21,5,0,0,7,0,13,18,2,4,8,0,55,28,0,48,26,15,21
40,0,18,39,3,0,0,24,17,32,10,20,17,6,0,0,1,0,0,32,0,0,27,0,7,0,86,2,0,84,101,3
1,0,30,0,72,6,60,16,29,0,30,7,25,0,0,29,0,0,0,40,0,0,0,4,0,0,0,0,16,0,16,0
0,0,0,54,0,0,11,36,101,39,19,8,0,0,6,0,0,15,0,39,9,0,6,7,1,23,10,0,65,32,25,0
10,7,25,41,0,0,0,0,0,39,0,0,36,22,7,101,16,8,0,0,0,26,0,85,20,0,26,0,40,55,0,0
121,0,43,0,0,0,17,28,1,0,25,16,0,47,36,57,0,0,0,9,0,11,111,0,21,79,0,101,2,11,21,0
113,0,0,0,0,0,0,30,51,10,0,56,29,2,0,18,1,55,0,16,0,57,20,5,70,65,9,33,0,6,1,0
0,0,0,0,0,0,0,0,42,1,115,0,0,49,116,0,35,0,0,27,5,0,0,0,52,0,0,39,10,24,14,9
0,0,0,26,0,0,0,27,0,10,43,45,91,0,21,4,34,0,0,181,84,13,27,8,44,11,76,0,92,9,0,30
0,18,0,0,0,16,3,7,1,18,0,2,0,0,0,0,0,37,0,38,11,28,8,18,7,63,35,0,0,2,0,0
0,0,16,0,26,2,4,16,22,0,34,29,1,0,7,0,0,0,18,1,29,0,8,1,15,21,6,17,0,0,1,49
4,0,0,0,0,0,1,6,0,128,159,83,0,0,0,37,0,1,2,0,0,33,6,0,14,0,18,1,11,0,30,0
0,0,0,0,0,0,0,24,1,0,0,16,0,0,3,0,0,5,0,14,0,33,0,0,9,0,29,10,20,0,19,0
22,0,0,44,0,5,0,0,4,0,23,44,8,15,19,0,0,6,29,7,20,0,0,9,0,22,0,0,0,24,23,0
42,0,21,0,6,6,9,2,0,0,5,14,57,15,8,10,0,6,11,13,0,0,16,0,0,0,0,0,16,6,0,20
0,0,25,0,30,0,0,0,11,6,0,24,128,47,0,44,7,0,8,0,0,24,0,0,0,0,0,8,0,0,0,10
25,53,0,0,2,0,28,29,18,0,42,30,34,0,43,21,8,4,0,4,0,0,29,0,27,28,12,36,20,0,2,0
0,135,55,24,11,0,33,30,0,6,5,8,4,0,0,0,0,0,0,22,0,4,42,0,31,5,0,0,14,28,0,38
186,113,118,75,3,0,0,0,0,0,40,0,10,0,0,49,0,0,18,61,70,16,34,0,5,29,29,0,4,0,0,43
138,100,39,69,73,0,18,0,9,1,0,85,0,0,0,0,0,16,41,19,34,0,0,18,0,8,44,0,54,0,0,60
72,0,0,0,14,0,11,0,20,20,30,10,53,0,6,7,0,25,0,1,19,22,0,0,0,0,28,0,9,37,0,0
177,0,0,0,1,52,0,11,0,0,0,6,28,39,4,41,3,3,0,1,0,10,0,63,2,0,0,4,0,37,0,0
0,5,0,19,0,0,27,0,55,40,68,86,0,0,6,37,0,0,36,8,16,25,61,38,0,0,0,0,0,0,0,51
0,7,0,0,0,27,29,0,0,13,35,0,9,3,37,2,66,7,46,11,65,0,48,1,0,0,0,0,0,0,10,0
21,18,22,0,28,0,0,0,48,16,9,7,16,0,0,7,6,26,231,24,0,0,67,19,0,0,0,16,20,20,0,32
0,59,142,0,0,12,0,10,0,16,3,27,48,0,5,43,66,55,11,16,7,0,2,48,1,6,9,0,10,38,13,29
0,0,59,16,0,40,195,48,7,3,0,16,41,0,1,24,3,51,0,0,49,15,18,3,2,17,35,0,0,33,0,0
104,14,40,0,0,8,37,61,16,12,18,3,0,0,20,14,4,20,36,23,0,27,4,8,0,0,45,30,20,6,18,0
0,0,0,0,16,0,18,8,31,23,0,0,0,0,57,3,0,0,0,0,52,18,12,0,64,44,53,3,32,0,7,1
0,11,33,9,0,0,0,11,35,0,33,0,0,102,173,0,11,0,12,0,115,0,0,1,8,9,29,45,29,12,0,29
39,0,0,0,0,7,29,0,27,49,4,0,0,131,0,0,0,0,0,17,0,18,103,13,0,0,0,0,0,35,0,32
16,0,9,0,68,0,16,80,3,0,49,27,18,4,36,0,85,33,38,0,2,40,14,3,0,0,0,22,32,0,0,0
6,38,0,0,0,13,2,4,46,91,39,0,10,0,22,2,0,6,15,1,44,46,22,61,4,0,0,0,65,11,0,32
0,0,35,0,7,39,125,0,2,10,0,25,0,4,5,0,33,8,0,8,3,23,0,13,30,0,59,26,0,41,0,7
0,9,29,113,193,25,193,16,6,0,1,32,0,16,8,17,20,0,0,25,0,0,67,18,74,80,36,0,52,0,0,70
23,11,49,186,62,119,52,10,0,18,4,21,0,14,17,0,26,13,22,0,25,0,72,10,11,9,5,4,28,0,37,60
22,6,14,72,36,37,91,7,39,0,21,0,22,3,0,0,9,23,0,0,44,6,77,54,83,0,20,0,22,1,0,4
0,6,23,6,17,6,22,21,50,20,0,50,0,2,36,4,23,1,0,29,16,74,4,0,61,0,0,127,34,0,0,0
27,0,32,0,0,6,9,24,0,1,0,3,7,18,0,3,1,0,11,55,3,0,53,2,94,68,45,31,7,0,0,0
0,0,0,0,1,30,36,0,64,9,41,8,0,0,37,30,0,0,49,0,0,30,0,0,26,20,26,30,43,0,0,56
0,0,0,0,6,0,17,0,50,77,42,62,7,0,0,3,2,6,1,33,13,5,7,30,31,0,70,3,18,0,0,65
38,12,35,0,20,0,7,29,0,16,30,24,10,18,6,1,41,9,0,4,10,1,14,11,0,39,7,0,0,24,10,12
11,0,0,0,6,0,0,0,8,28,21,5,0,19,0,0,16,0,23,36,4,0,35,0,0,27,0,0,5,43,0,0
12,0,24,0,0,39,14,0,34,27,0,7,0,35,0,22,24,14,6,30,0,25,0,0,0,0,0,7,0,0,2,5
0,16,0,0,0,3,0,0,39,0,21,0,27,7,15,0,1,0,30,17,0,0,0,1,0,20,0,13,0,9,5,0
14,19,15,8,27,0,8,0,0,0,9,0,0,0,21,0,38,10,0,0,6,0,4,0,0,2,0,0,18,20,16,33
6,32,0,0,0,5,0,24,0,0,0,0,0,20,12,0,7,0,0,0,7,7,0,0,9,15,45,0,0,4,1,18
7,0,0,0,28,13,23,9,22,24,11,0,0,18,2,15,9,0,16,0,12,10,25,23,0,0,0,1,6,26,2,0
6,10,5,0,19,7,0,28,0,10,0,0,0,0,0,21,4,2,0,0,0,5,0,0,0,11,4,18,0,0,0,17
38,0,82,16,8,0,0,64,59,0,0,14,33,29,13,18,44,2,1,0,25,11,30,0,6,7,19,16,0,0,0,0
23,1,30,3,0,3,31,80,0,8,22,30,0,27,8,29,0,0,31,7,0,1,0,0,27,0,24,0,0,0,0,26
0,14,4,9,61,0,111,56,0,5,0,47,0,0,33,0,0,0,0,0,0,0,9,0,12,1,24,0,0,3,0,0
23,46,0,0,0,0,5,22,0,0,0,44,63,0,32,33,2,13,19,0,114,29,16,0,11,21,0,0,23,0,0,28
18,35,32,0,0,21,1,29,23,5,19,35,50,0,34,16,30,18,39,53,135,2,0,31,0,0,18,0,44,0,9,0
0,0,3,19,0,0,24,10,20,10,40,91,0,0,1,16,28,111,0,14,29,9,62,10,0,0,20,0,0,0,0,46
0,0,48,0,0,0,4,8,7,35,32,0,17,35,30,18,60,98,135,5,5,15,2,19,3,29,0,10,25,14,0,7
52,3,15,0,75,0,0,0,5,0,21,60,18,0,67,0,75,103,126,0,0,44,0,0,0,3,0,58,15,0,0,13
98,228,7,0,0,0,36,1,23,16,33,0,64,21,8,64,192,167,0,0,0,0,11,0,11,10,36,19,5,0,0,0
11,43,0,0,0,57,1,0,22,0,0,10,0,10,0,9,142,21,2,19,40,14,0,0,7,0,4,13,36,0,0,12
40,0,0,0,12,0,0,58,59,1,0,15,2,0,0,11,1,9,9,24,55,0,0,12,4,9,0,10,0,0,17,11
55,5,0,0,31,37,33,54,74,28,0,0,29,0,0,11,4,25,3,0,100,21,0,24,0,0,0,0,8,29,0,0
45,0,0,25,12,0,5,14,0,0,33,58,31,50,39,24,0,14,7,10,26,0,5,5,31,5,45,0,51,2,0,0
0,24,28,0,0,0,0,3,21,0,17,13,0,31,36,4,2,0,0,0,0,0,69,0,0,0,26,5,7,2,0,0
0,0,0,1,3,0,0,22,14,0,0,4,0,38,0,74,245,0,48,0,51,6,0,0,0,0,0,35,31,0,0,0
16,0,0,46,0,0,50,50,16,0,0,16,22,20,2,69,30,0,3,19,5,49,0,0,3,9,45,36,14,0,0,31
0,0,0,6,37,19,22,39,5,0,23,29,24,0,33,42,9,0,13,2,5,1,63,22,0,31,0,0,0,57,0,15
22,9,0,0,0,12,32,0,0,37,0,20,54,23,2,0,21,18,3,0,0,0,17,7,45,50,0,0,10,23,0,6
0,0,0,0,0,75,58,14,0,8,20,0,11,5,0,0,0,0,0,29,12,7,24,7,24,0,10,1,0,16,6,0
0,0,58,27,35,25,56,0,0,0,0,3,1,0,26,13,0,0,0,12,50,15,48,63,59,0,18,24,34,0,0,9
0,0,0,0,0,4,16,0,119,41,20,65,7,0,22,18,10,0,0,33,29,59,37,0,93,60,89,90,20,8,0,25
51,0,0,2,10,43,44,149,110,0,0,30,0,10,0,14,0,0,0,6,0,115,0,0,96,34,40,0,24,17,0,0
80,0,0,33,58,20,28,13,19,26,64,23,0,0,37,0,0,0,0,0,4,9,6,3,35,54,0,50,5,10,45,31
88,20,0,0,42,59,0,0,13,34,6,0,24,35,22,0,10,45,0,68,23,8,0,19,70,0,0,0,19,13,54,0
62,24,76,0,40,40,5,15,15,47,53,27,101,0,21,22,35,8,0,0,16,3,59,0,54,77,68,33,47,0,46,3
0,16,4,46,66,0,0,2,0,0,0,63,0,7,14,42,0,27,0,0,8,54,41,3,0,19,13,0,0,0,0,0
96,0,14,55,16,7,0,0,35,8,24,19,46,0,0,11,0,8,0,0,0,0,0,0,33,0,3,0,0,0,11,0
0,19,46,0,19,41,0,32,0,0,0,25,0,19,22,22,4,0,0,0,0,26,37,0,0,0,0,29,0,0,1,57
95,0,0,40,0,0,0,0,0,12,33,0,17,0,0,31,3,0,0,31,0,2,16,0,0,0,0,0,0,33,0,44
8,0,0,0,0,0,22,16,14,0,0,0,3,1,0,5,0,34,3,0,2,0,24,20,5,10,0,0,25,0,13,16
0,0,0,24,3,0,0,67,9,0,3,0,0,8,0,0,26,0,0,10,0,0,38,0,5,7,0,32,16,0,17,0
0,0,0,0,19,0,0,0,33,0,11,19,26,0,0,0,0,0,24,16,34,7,0,0,9,0,0,1,0,0,0,0
70,0,0,0,0,7,22,13,10,0,0,0,0,9,0,0,19,0,0,12,27,10,26,13,0,1,0,15,0,0,0,41
0,0,0,0,0,0,4,0,19,0,0,0,22,0,1,0,6,7,0,1,0,16,0,0,0,0,0,1,0,12,0,17
70,26,0,0,0,16,33,0,11,8,6,0,16,0,4,16,18,18,30,4,22,0,0,11,0,0,0,8,1,6,4,0
191,0,0,48,9,0,31,0,31,19,56,8,60,0,0,1,0,0,0,7,38,36,18,25,0,0,0,0,0,19,0,0
196,2,4,0,42,57,0,0,0,7,0,16,16,55,31,31,44,44,18,3,8,0,0,0,22,0,22,0,0,46,13,4
0,39,0,22,0,0,17,0,16,61,0,78,4,80,20,0,42,16,22,8,8,27,40,11,14,4,0,7,8,13,2,44
0,0,0,8,23,41,12,0,0,14,12,15,2,24,11,39,30,5,16,7,0,6,29,3,0,9,1,7,0,0,11,71
58,35,46,0,6,7,43,0,0,0,0,0,39,0,74,13,41,40,5,0,0,5,0,0,13,24,15,39,55,0,32,0
50,0,0,5,0,3,110,9,0,1,6,0,37,1,89,122,3,0,11,17,2,1,0,26,158,59,37,21,23,1,0,0
15,4,0,0,45,45,55,0,0,0,0,13,2,43,28,11,7,0,5,10,2,0,13,0,48,16,42,9,0,22,2,3
62,0,0,7,0,4,22,11,25,0,0,25,0,57,100,17,0,0,88,35,4,15,11,0,16,0,42,0,19,0,0,0
3,0,0,36,0,0,0,4,0,0,10,52,24,0,8,32,3,25,46,0,41,15,8,8,26,68,1,0,0,24,0,41
29,31,6,74,24,35,41,0,0,17,0,0,0,0,38,0,27,11,154,24,27,0,12,2,0,57,97,2,37,0,46,0
0,0,0,0,0,10,12,4,0,9,44,27,9,0,0,20,0,30,34,76,107,2,83,13,6,4,41,74,0,0,0,53
42,8,0,15,33,112,155,184,14,0,29,6,0,0,9,0,0,19,29,42,13,54,15,21,0,9,23,86,13,7,10,30
0,0,0,19,29,0,118,98,0,11,0,53,19,5,11,0,3,0,0,25,43,59,39,55,61,12,167,55,33,0,29,48
142,42,0,0,41,54,126,177,14,8,0,25,17,31,0,0,0,0,0,12,74,17,27,98,24,0,0,0,41,14,34,27
0,4,0,6,0,14,8,7,205,26,0,0,72,0,1,17,8,1,0,0,31,31,103,99,97,0,0,0,5,47,0,33
0,7,7,0,0,17,0,1,4,0,6,96,0,11,2,0,9,12,0,0,25,84,213,166,24,0,0,5,0,0,0,0
0,0,0,12,0,0,42,13,48,0,6,0,0,8,0,13,0,11,0,42,36,36,12,0,17,6,8,0,35,31,8,0
191,36,18,0,43,25,48,0,12,16,0,0,3,22,0,0,18,23,109,6,78,0,10,10,0,38,10,42,0,31,28,0
0,34,25,0,32,48,26,0,0,50,37,0,0,0,0,72,24,54,56,92,28,0,0,58,0,0,0,31,50,0,52,24
0,0,0,42,30,0,23,0,0,47,41,0,0,85,44,0,0,6,41,183,176,187,75,8,32,16,20,5,38,0,0,0
0,0,4,0,0,0,0,25,7,31,107,37,0,0,0,6,4,18,0,222,56,179,0,0,37,69,10,0,55,0,0,50
0,0,0,2,0,11,10,0,26,182,146,0,23,0,23,43,0,0,30,30,31,0,0,25,7,68,33,0,0,0,24,2
0,9,0,37,18,0,10,0,33,47,112,88,57,44,0,0,0,10,0,0,0,0,2,26,19,22,11,30,0,0,4,2
31,43,32,0,0,0,33,0,14,45,128,56,131,0,5,0,0,6,0,15,0,0,0,0,0,0,0,0,15,44,0,41
0,0,0,0,56,19,0,0,76,92,93,87,139,0,0,0,28,41,0,5,0,0,31,56,0,0,0,3,27,21,0,20
0,0,0,39,0,0,1,0,51,110,2,32,96,0,19,32,0,0,12,0,0,0,0,17,0,4,0,0,0,8,0,30
0,34,0,0,0,38,0,8,0,40,0,20,0,2,5,0,0,0,0,22,36,20,0,0,0,18,0,13,38,10,8,19
39,5,0,9,0,0,7,0,0,9,0,9,4,0,0,0,24,9,28,0,0,5,7,10,0,0,5,0,11,1,0,45
0,0,0,0,0,13,0,0,30,0,45,0,5,0,0,14,4,0,0,0,39,21,0,0,18,0,0,37,0,0,0,7
