28,35,17,5,19,0,43,23,0,0,0,0,3,0,16,26,49,0,0,18,1,0,17,0,0,0,0,0,32,34,12,0
47,0,0,41,0,36,0,0,0,0,0,0,5,20,21,0,16,29,31,0,0,0,0,0,0,0,0,1,0,0,0,23
100,2,0,42,0,0,0,67,9,11,74,0,13,50,36,0,25,0,0,0,0,11,0,0,0,0,0,51,0,11,0,0
124,14,0,21,0,36,0,39,5,0,0,26,39,39,25,0,0,21,44,0,0,38,0,0,32,0,0,0,0,31,10,43
97,0,24,0,18,18,37,0,31,0,0,0,25,32,0,31,16,32,17,0,82,0,0,0,18,25,11,0,8,0,0,0
83,0,4,0,40,13,22,0,14,44,54,120,28,6,21,0,0,37,0,0,51,0,38,59,4,0,0,0,0,0,0,14
52,18,0,18,3,20,0,1,0,9,16,25,0,69,3,0,28,19,13,0,24,6,86,0,5,0,3,44,0,0,0,56
0,10,34,0,0,101,0,50,0,0,0,0,0,73,25,0,8,10,48,0,7,0,40,0,39,7,31,0,8,6,10,5
114,86,29,25,58,0,50,72,0,0,0,45,4,9,24,142,11,23,16,0,0,30,31,33,191,0,47,0,33,40,0,29
8,33,0,20,0,58,187,31,0,0,0,0,0,2,43,0,0,19,14,4,60,0,12,0,123,102,40,0,36,27,0,0
0,13,3,14,0,22,142,49,0,0,0,9,10,51,91,12,16,41,12,64,43,0,0,8,53,26,0,0,0,0,0,64
13,30,23,0,44,28,108,0,3,0,10,28,0,88,33,1,0,111,4,65,50,0,0,0,17,38,0,0,0,5,0,16
58,0,0,69,21,28,30,47,0,2,44,26,0,35,41,0,0,13,117,66,34,0,0,0,42,13,2,38,0,0,41,0
32,36,35,74,0,0,0,28,0,0,7,45,57,0,50,52,16,92,43,113,86,17,0,0,0,47,55,16,24,0,0,0
65,0,20,17,35,78,0,12,4,0,29,67,38,0,0,0,25,0,0,0,40,52,30,0,6,8,73,29,0,0,0,0
0,0,0,34,15,17,106,32,21,9,65,34,0,52,0,0,0,0,37,34,39,62,0,52,0,0,0,0,0,20,0,0
165,30,0,0,30,28,170,26,0,0,36,25,0,0,0,6,0,32,33,51,25,59,21,2,29,19,28,26,0,0,0,9
0,21,0,0,36,17,252,45,27,0,54,144,0,5,8,29,33,8,28,0,88,100,0,61,67,2,56,0,0,0,2,0
222,16,27,0,53,9,74,0,28,0,19,27,39,19,0,3,33,1,23,3,95,31,0,247,66,59,7,0,18,99,9,0
28,21,2,0,0,0,0,44,0,127,34,10,146,205,31,3,33,6,0,0,35,44,70,239,138,26,0,19,74,0,2,0
0,0,0,0,20,0,13,0,0,61,0,33,65,58,206,43,0,0,4,0,52,163,71,191,45,20,44,0,0,0,14,20
0,0,27,21,39,4,0,0,34,53,27,0,120,13,201,12,0,0,52,7,0,72,5,0,23,0,0,44,0,0,2,5
0,0,83,0,35,0,35,0,33,2,0,0,0,65,12,33,10,0,55,0,24,25,23,5,0,0,0,32,0,15,0,0
51,33,0,0,0,0,0,24,0,28,5,43,2,0,0,0,0,23,0,12,42,0,0,28,0,0,0,0,0,3,0,0
0,0,9,9,0,0,6,0,0,43,73,103,0,14,31,0,36,13,9,23,0,6,6,27,0,61,37,0,0,11,0,0
5,0,0,0,12,29,0,0,3,0,61,42,60,23,0,14,14,0,0,45,0,0,20,48,41,6,16,0,1,7,0,7
94,0,31,0,16,0,11,0,0,20,0,11,19,0,29,0,0,0,0,9,0,29,0,0,13,6,15,14,0,0,0,0
30,35,0,0,0,0,0,0,0,17,20,14,0,0,0,0,11,21,0,7,16,0,0,0,0,0,0,0,35,0,0,54
70,6,44,2,22,4,0,0,0,0,20,22,0,17,9,0,9,0,18,0,0,13,0,3,0,9,0,3,9,28,4,17
7,8,0,11,0,0,13,0,0,41,0,40,70,0,0,6,3,37,0,0,10,0,0,0,0,0,0,72,9,0,0,51
0,0,0,0,0,0,32,31,33,0,57,81,127,0,0,18,0,0,1,0,0,42,0,25,0,0,9,8,20,0,9,0
8,0,0,3,0,0,0,15,0,0,99,54,23,0,5,0,0,0,3,15,16,0,0,17,0,30,0,11,0,0,6,42
3,27,0,0,72,28,54,0,21,4,16,0,36,11,9,0,27,0,7,0,0,4,0,8,0,0,3,3,29,0,8,0
0,0,0,18,23,12,38,0,5,35,0,0,40,0,33,10,42,0,0,0,19,12,0,0,0,34,0,5,56,0,19,27
28,0,58,0,8,19,0,0,0,0,44,60,0,0,0,0,0,0,0,11,1,8,0,20,31,19,0,43,49,53,19,0
34,16,28,0,26,0,0,52,0,0,0,39,76,0,34,6,0,0,0,14,0,0,1,0,0,44,19,0,31,0,0,0
5,19,9,0,79,12,58,0,19,7,11,0,3,86,0,8,21,21,61,7,41,7,34,0,13,10,12,0,0,17,20,0
0,28,0,0,19,30,0,0,0,23,0,15,35,0,27,23,24,1,0,33,69,0,21,11,0,16,0,0,0,16,23,0
0,0,23,51,57,42,13,44,7,41,0,2,0,0,0,6,0,64,14,0,29,33,0,0,8,19,52,0,43,38,0,48
0,83,48,17,28,0,0,0,0,12,0,0,20,54,138,0,68,22,55,34,0,10,19,0,0,0,0,0,0,0,26,59
13,41,53,29,52,0,3,61,0,0,0,0,0,0,22,124,88,24,68,0,0,0,0,19,0,0,9,0,25,37,3,0
0,0,4,0,18,3,9,0,0,40,67,34,0,0,25,53,0,0,0,20,7,0,21,0,0,0,51,0,0,26,0,63
112,0,30,20,71,59,55,0,19,134,168,0,0,0,71,0,32,0,9,0,0,57,21,0,15,0,1,11,0,27,10,0
0,50,0,42,0,24,2,2,19,8,11,0,0,48,99,0,9,9,62,0,26,0,62,30,23,23,0,0,0,0,37,0
26,11,0,0,32,21,13,13,62,53,32,4,52,0,56,44,30,10,127,16,16,17,0,0,0,6,31,28,52,1,24,0
0,0,43,0,18,0,0,52,7,142,65,0,4,0,0,0,20,0,10,37,80,2,57,0,0,1,16,9,0,0,0,19
0,39,0,0,3,0,60,13,0,184,103,41,0,25,0,0,68,33,0,147,46,51,18,0,0,1,43,0,29,0,22,0
0,0,14,25,29,0,5,69,25,51,6,12,1,0,0,30,7,1,205,53,5,49,8,0,0,8,2,16,0,0,0,0
28,0,58,26,17,9,1,20,32,34,0,20,0,45,0,0,52,0,31,14,18,0,55,48,11,0,14,75,162,61,1,0
0,0,0,3,11,39,31,25,6,0,0,21,0,0,0,8,65,65,0,46,0,0,51,6,67,41,9,30,7,20,0,0
0,0,21,39,0,0,11,61,0,0,52,48,1,0,0,29,37,21,0,0,12,25,55,65,11,98,43,0,40,0,0,21
0,45,115,7,27,71,27,22,32,102,6,0,10,0,0,53,2,35,62,0,18,0,73,215,99,0,0,0,0,9,46,64
0,0,52,0,63,24,50,17,130,208,0,10,0,0,0,26,32,11,71,0,0,102,10,3,21,52,21,97,0,0,21,33
0,0,6,0,0,0,0,113,93,82,166,81,0,0,0,40,0,38,0,3,1,56,31,0,78,12,104,0,0,31,0,44
27,0,50,0,0,43,30,13,48,6,73,133,29,46,141,16,39,0,0,0,6,0,0,7,10,36,10,32,18,39,0,89
0,0,0,0,0,44,0,13,92,10,159,87,61,0,220,21,69,5,36,5,5,14,14,18,27,42,115,0,0,35,0,8
0,0,26,3,4,10,0,0,0,29,17,0,0,32,10,160,0,3,0,0,0,0,0,175,187,6,12,0,0,18,0,10
0,20,0,36,10,56,31,50,24,8,1,0,20,0,5,48,0,28,0,14,0,0,0,0,16,0,43,0,0,13,0,26
0,22,0,13,76,66,0,9,56,14,35,0,10,0,0,0,0,0,0,0,2,0,41,2,31,12,42,2,0,0,17,0
36,61,0,23,96,49,9,5,0,4,25,37,0,0,0,20,0,0,20,0,0,44,0,30,0,38,0,0,0,4,58,25
48,5,0,6,14,15,4,0,0,0,0,8,14,0,13,0,34,0,18,33,3,0,13,0,21,10,74,11,10,7,20,23
3,0,17,1,0,0,0,0,0,0,0,8,0,0,0,2,0,0,5,25,0,0,9,24,0,0,0,0,6,27,0,0
13,0,23,22,3,25,0,29,0,38,0,0,3,0,1,0,3,10,11,0,6,8,16,0,0,18,0,0,0,22,17,3
10,8,0,21,0,0,8,0,14,0,9,11,3,0,3,0,0,0,1,0,0,0,16,6,0,0,20,0,0,40,0,0
10,7,30,10,2,0,26,24,0,11,10,45,70,16,0,0,19,0,0,12,0,10,19,0,5,11,0,0,0,11,6,26
46,7,9,18,0,10,8,22,0,7,43,13,0,0,0,21,0,15,32,11,0,0,0,0,10,0,30,19,12,0,0,18
38,0,0,33,0,0,26,49,4,0,15,0,0,0,0,12,0,0,0,22,0,0,10,0,11,0,31,9,14,19,0,0
41,5,0,15,0,2,0,16,0,0,27,18,62,15,0,32,10,0,0,0,8,24,0,0,0,0,0,0,0,9,5,39
37,35,0,12,0,47,0,0,0,0,38,7,4,0,0,0,36,6,0,43,50,9,16,0,0,0,9,27,7,0,0,0
0,24,7,41,0,0,0,37,16,0,0,0,0,20,18,0,59,39,10,6,87,0,23,17,23,25,1,0,42,25,0,55
55,0,58,18,45,55,33,0,42,29,30,0,25,0,0,26,12,0,0,26,44,0,46,3,0,11,75,0,27,0,0,29
33,31,41,27,0,0,0,0,0,22,9,29,4,37,5,0,34,0,0,21,0,9,9,7,3,10,0,55,24,25,0,18
0,55,0,0,32,40,0,0,19,28,17,34,0,0,38,73,28,86,0,0,13,0,38,0,0,36,0,28,26,0,42,0
13,0,14,32,4,39,0,15,0,126,0,0,14,1,0,26,4,18,21,0,32,36,0,26,8,1,37,0,0,19,1,24
0,19,1,18,59,8,0,0,189,149,0,35,0,0,1,11,49,3,0,22,77,28,0,0,0,0,21,32,0,0,8,10
0,65,0,0,28,0,0,0,19,227,35,43,0,0,0,0,0,33,61,13,27,39,5,36,24,0,31,49,11,0,0,11
0,0,2,15,0,15,16,0,127,92,0,20,18,37,0,0,15,27,58,13,40,5,0,4,0,0,0,5,0,29,40,0
0,65,14,0,0,35,64,0,55,0,27,30,0,0,0,0,46,52,57,76,0,0,0,0,0,48,0,55,39,0,0,29
63,0,26,0,6,0,0,23,8,0,101,2,68,0,59,26,130,26,0,70,0,0,9,30,12,24,13,23,0,0,0,0
0,4,0,5,9,1,0,4,46,71,54,22,5,0,0,17,4,6,43,0,1,0,19,13,0,24,28,36,38,10,5,55
3,0,20,0,0,0,0,101,0,0,0,0,0,0,4,7,12,0,0,10,0,0,8,0,0,0,0,9,16,0,0,62
32,0,0,30,40,26,141,87,19,74,11,20,0,3,10,13,0,0,48,0,17,27,78,0,47,61,29,15,3,4,0,16
0,0,0,12,0,0,0,0,172,80,0,0,14,40,0,22,0,0,0,34,0,30,0,136,55,64,3,0,0,17,0,0
0,0,0,15,0,30,118,110,67,111,31,6,213,190,0,0,19,15,0,15,11,17,194,245,16,0,0,35,30,60,0,5
0,34,0,0,23,48,0,0,8,109,0,89,41,22,47,17,0,0,0,0,80,111,121,58,13,19,0,39,0,2,0,50
107,11,7,29,0,24,50,41,18,0,13,40,123,0,47,0,0,0,0,63,0,17,116,68,72,71,65,11,19,0,0,0
0,20,1,0,0,9,65,0,46,16,50,33,71,8,109,4,26,3,24,0,7,27,18,0,38,64,92,14,9,0,20,24
0,5,0,6,52,0,21,18,43,3,0,0,0,26,0,0,11,24,0,44,1,0,0,19,0,5,84,0,13,0,6,11
65,0,12,0,29,0,0,34,1,0,35,0,22,36,11,0,2,0,0,26,0,42,17,1,0,42,0,0,0,0,10,42
0,6,17,24,7,42,9,0,22,5,0,55,10,0,14,62,1,0,0,0,0,0,36,0,0,11,0,14,6,0,4,71
0,0,65,43,34,0,29,37,35,110,199,15,44,0,0,0,0,0,33,0,6,0,36,21,39,0,12,0,0,37,13,0
49,11,22,8,15,0,0,36,51,42,44,0,0,11,0,12,14,7,28,0,0,26,0,0,0,2,0,3,16,6,25,14
71,0,31,0,21,10,33,29,0,0,23,29,10,0,0,0,0,13,0,0,8,0,21,30,0,0,0,0,7,0,0,33
0,0,28,17,25,3,0,0,0,39,48,0,0,0,17,0,36,0,0,11,0,20,0,0,31,0,8,0,0,0,0,0
23,0,8,0,0,0,16,6,0,0,77,1,44,0,26,24,0,0,0,0,0,30,8,0,0,4,0,0,6,30,0,0
0,0,0,0,0,14,0,7,0,16,0,19,0,1,43,5,3,6,5,0,0,4,0,0,8,26,43,0,24,0,25,32
17,0,19,0,0,7,8,0,13,8,16,0,0,0,49,14,38,3,14,16,0,20,29,3,0,0,0,0,0,0,0,0
0,6,12,100,11,16,0,0,0,0,17,0,91,12,0,75,0,0,0,0,0,13,6,0,0,0,18,6,16,0,4,0
0,10,208,36,14,0,0,20,0,0,28,32,107,98,0,14,36,39,41,0,0,0,74,22,0,0,0,38,58,36,41,0
0,0,74,85,120,5,0,33,0,0,0,0,61,55,3,1,0,25,0,0,55,160,87,84,0,0,0,29,0,17,19,38
60,5,155,209,37,47,6,0,0,46,59,8,21,72,0,0,0,15,0,39,0,0,31,109,0,0,0,0,2,9,31,23
15,30,0,0,0,68,6,0,0,0,19,30,23,25,0,0,48,0,0,0,18,0,54,5,32,0,74,0,0,67,0,0
0,0,6,21,0,0,0,40,2,17,36,0,50,45,37,70,18,0,0,0,0,0,37,55,104,24,0,12,0,0,0,43
0,24,0,0,38,73,0,48,32,0,38,0,14,0,17,44,0,0,0,0,12,0,14,3,0,50,19,0,0,0,39,0
115,0,24,0,12,0,53,45,0,0,0,39,0,6,18,75,16,0,63,236,138,25,0,0,55,6,0,0,0,0,0,66
0,39,17,0,73,0,31,0,26,8,22,9,27,7,0,0,5,53,38,36,51,49,16,11,22,0,6,11,0,0,33,0
0,8,33,24,68,15,19,15,53,113,48,10,0,0,0,0,48,24,0,54,164,0,23,71,68,39,60,63,47,0,55,0
0,54,23,36,98,0,30,0,61,39,5,2,0,24,35,30,32,0,16,93,160,0,49,0,0,125,37,5,7,0,0,0
0,44,14,0,0,0,0,0,0,0,59,29,0,0,0,33,0,8,99,46,92,0,17,8,0,43,25,53,27,0,12,30
18,25,0,0,25,0,51,6,0,53,0,23,0,0,0,51,68,0,0,0,128,26,0,0,30,0,11,14,25,0,0,0
0,52,0,48,0,67,0,19,0,0,18,10,24,0,23,29,68,33,0,52,0,29,7,64,0,0,27,47,14,38,0,0
0,0,0,0,18,11,0,52,44,0,70,0,20,0,45,0,3,0,0,0,104,109,16,56,0,17,16,24,36,2,3,73
0,34,0,0,14,12,110,0,0,4,0,46,0,16,29,15,51,17,16,34,11,0,2,9,89,32,137,14,64,0,37,32
40,0,0,0,11,0,0,50,0,3,0,5,53,9,25,11,23,7,13,9,0,8,35,40,71,78,32,2,10,15,0,0
72,4,0,0,42,0,0,199,171,0,0,0,0,0,0,0,0,0,0,0,10,47,45,36,0,16,93,32,0,17,14,34
124,0,0,27,0,9,130,25,41,4,12,0,83,65,14,0,21,21,0,8,0,0,74,201,28,43,11,0,33,37,0,0
57,7,0,0,12,36,13,0,107,28,17,0,0,12,0,0,0,0,31,0,0,80,0,34,49,12,0,99,60,7,0,27
84,0,51,2,33,0,0,0,0,18,3,0,4,9,14,0,0,30,0,10,0,0,0,33,45,75,65,4,0,5,40,5
2,0,22,0,0,0,38,0,0,25,0,0,2,0,34,52,31,0,48,32,0,0,33,0,16,0,13,23,0,0,0,0
0,42,43,0,16,0,34,16,5,0,61,3,0,0,0,24,0,0,0,46,41,0,0,14,31,34,1,56,15,0,10,0
0,0,29,0,5,21,53,29,15,17,0,9,0,0,0,2,12,36,30,0,30,0,61,0,0,0,15,6,20,0,0,0
3,0,2,0,0,1,0,0,57,0,54,3,0,0,0,0,0,35,24,0,12,14,40,0,23,0,18,0,0,51,0,0
0,24,0,36,53,2,0,0,0,31,52,0,0,24,0,2,16,24,13,0,0,25,0,39,6,0,0,24,0,30,0,65
8,24,0,0,0,0,21,0,16,8,9,0,13,27,7,29,0,3,0,0,22,56,0,0,9,0,38,4,50,3,0,0
0,1,0,1,0,0,10,0,0,0,0,0,0,0,0,0,0,16,4,0,0,10,6,0,0,0,0,0,28,0,24,12
0,5,8,1,14,4,0,23,0,17,0,0,0,0,0,5,0,1,0,0,0,0,36,23,0,0,8,0,6,1,0,0
16,0,0,6,24,19,0,64,0,21,35,45,0,22,0,48,0,31,13,12,0,2,10,0,0,0,3,0,0,0,0,0
10,0,0,0,7,0,11,0,3,0,40,0,25,0,7,0,0,0,0,17,4,1,2,0,11,13,0,26,18,21,33,0
53,193,0,6,51,0,27,18,0,39,0,20,18,24,0,7,12,0,23,179,135,58,0,0,0,8,11,1,0,22,30,39
105,186,3,13,23,0,6,66,15,77,0,0,0,27,0,0,1,31,31,0,0,41,9,25,17,0,31,33,0,0,2,0
87,201,0,5,0,0,11,0,67,87,0,0,21,28,0,3,0,0,18,0,7,10,0,7,0,0,0,25,0,29,1,0
37,57,32,14,0,0,7,45,0,0,23,44,93,0,41,13,25,0,0,6,12,42,8,150,24,0,30,38,59,0,14,0
0,0,0,30,46,0,2,0,8,0,1,0,0,75,0,1,0,5,0,35,11,21,157,76,0,0,0,0,18,0,0,55
0,4,0,0,0,0,0,17,2,0,0,71,0,9,0,0,13,8,0,0,52,68,3,0,0,0,2,8,7,0,0,22
0,1,0,0,0,33,40,2,25,57,0,0,0,63,11,0,0,0,0,122,171,0,6,5,32,0,35,0,4,0,0,0
27,0,132,18,37,0,0,31,0,0,5,56,70,0,59,0,17,9,117,211,0,1,46,19,42,6,45,19,20,11,0,0
20,41,82,26,19,0,44,0,0,23,2,0,0,17,15,19,89,114,59,15,17,7,12,0,8,55,4,0,0,27,3,0
15,19,0,52,92,16,0,25,66,0,0,0,12,0,17,0,33,0,14,0,90,10,2,0,1,0,43,42,0,36,0,0
0,30,25,0,42,0,2,59,0,48,1,7,0,0,47,0,0,0,37,27,0,12,0,89,28,9,81,76,0,11,0,33
12,16,6,0,55,25,2,0,0,9,0,0,0,0,9,3,31,106,0,0,68,46,0,0,45,58,53,0,35,18,0,23
0,4,3,0,0,0,0,0,23,0,20,0,1,0,52,19,32,15,45,0,0,5,6,0,32,72,23,64,48,8,9,35
41,0,29,42,9,4,14,30,0,0,64,0,51,40,0,0,29,60,5,32,59,15,27,0,8,38,0,23,9,36,20,0
0,43,57,0,0,13,3,0,0,3,61,13,4,0,30,21,110,10,3,72,23,13,26,0,72,25,36,0,49,8,0,0
77,0,19,0,61,8,78,0,62,0,15,31,6,0,8,41,15,12,49,0,102,52,26,22,50,37,59,14,50,0,3,29
0,0,0,0,0,0,0,35,3,0,0,35,16,5,19,8,23,1,18,0,38,62,30,20,29,0,80,73,5,0,0,12
63,4,0,46,34,0,1,61,1,0,36,0,29,44,0,0,0,11,32,0,34,0,88,0,123,52,55,20,0,0,12,40
0,45,27,0,7,20,16,0,0,4,0,0,29,9,0,0,0,13,6,5,8,38,7,0,11,3,87,6,0,0,0,14
69,27,0,3,0,0,0,55,0,0,44,0,12,10,7,31,0,37,0,0,43,0,79,141,81,13,7,19,46,7,18,0
124,9,0,0,8,0,0,0,0,11,0,23,0,62,0,0,46,26,0,19,0,147,52,18,64,27,0,65,0,27,25,67
68,5,0,16,0,0,11,15,0,35,33,0,0,0,0,0,23,0,0,0,0,52,0,0,87,0,0,14,0,16,24,0
0,48,0,18,0,34,33,0,0,0,0,37,39,5,0,0,61,29,0,0,0,21,0,0,62,51,0,4,17,0,0,0
0,1,6,0,77,35,21,0,2,24,22,0,17,0,0,0,4,21,4,0,0,0,46,25,0,0,0,0,0,6,14,51
4,1,0,26,8,0,28,23,13,7,28,14,15,0,39,0,37,0,38,9,0,0,0,48,0,5,0,15,0,17,13,0
0,34,0,8,0,17,0,0,3,29,24,0,0,8,41,0,0,2,0,17,0,0,0,11,0,0,0,0,0,0,0,0
0,17,47,0,0,0,21,0,0,8,21,0,16,18,5,52,0,18,4,0,32,0,14,21,3,0,10,0,11,58,0,20
31,0,37,0,1,0,0,0,8,50,27,24,0,0,25,17,31,0,0,0,8,3,31,9,0,0,0,1,0,18,11,0
0,50,0,0,0,0,0,10,20,0,31,12,0,0,2,2,0,0,0,2,11,0,0,6,44,0,0,3,10,14,23,37
0,0,0,1,0,0,17,0,0,39,5,0,0,18,23,0,0,0,12,2,0,0,6,6,0,3,2,0,0,10,0,0
24,6,0,13,39,39,9,0,0,28,21,14,0,0,0,0,0,0,4,0,13,2,0,23,7,0,1,0,0,0,0,41
0,25,8,0,28,9,16,0,7,6,10,18,20,0,4,45,17,0,0,0,0,0,0,9,0,3,16,8,37,0,16,0
42,32,0,0,0,32,0,33,0,43,0,4,0,0,32,0,0,0,31,0,25,0,31,1,27,20,42,0,29,0,27,0
0,2,112,30,32,0,26,0,45,1,32,21,17,0,0,16,12,0,0,0,23,0,0,0,19,0,24,31,0,0,0,0
0,22,77,37,122,0,0,16,11,0,0,0,154,8,40,0,0,11,10,29,47,209,36,0,0,0,0,36,0,27,0,0
66,18,23,53,81,33,101,0,29,11,58,0,81,39,6,0,0,0,16,36,14,1,41,16,49,28,36,0,0,10,0,28
0,0,42,32,0,19,95,11,2,0,0,0,87,42,0,0,3,40,0,0,0,35,15,53,4,0,25,25,28,33,0,0
4,21,0,0,34,85,46,0,38,0,50,52,0,39,11,0,0,0,0,37,0,0,17,8,0,0,54,18,39,0,3,0
0,48,0,42,0,0,67,0,0,0,8,10,0,0,70,0,0,0,22,61,38,0,60,5,101,0,16,0,0,5,0,0
95,20,0,41,45,63,48,35,69,15,3,0,0,14,9,31,38,0,0,65,0,24,0,4,11,47,0,0,33,0,23,9
45,36,0,23,0,0,47,171,0,0,0,51,0,40,0,23,14,42,8,6,15,28,37,8,31,95,27,31,24,0,0,1
74,0,12,0,0,0,54,118,96,19,0,0,0,92,0,27,0,10,0,0,100,61,8,32,10,24,0,0,21,6,7,39
160,0,28,3,23,12,0,117,3,0,0,79,0,0,52,16,0,0,29,13,80,0,31,44,0,46,26,0,0,0,0,4
110,22,0,0,31,39,0,14,39,0,61,28,24,0,10,4,71,251,22,34,92,0,46,0,23,21,142,186,13,0,6,0
0,0,0,0,5,13,0,0,57,22,5,0,0,13,0,44,19,5,0,0,29,0,2,19,18,0,53,2,5,0,0,0
0,33,6,0,16,41,150,12,36,31,0,0,0,23,0,44,103,62,0,0,90,0,13,0,0,31,26,63,1,6,49,80
161,0,0,0,46,32,16,0,0,0,0,67,27,0,37,0,13,7,5,0,93,5,52,42,35,27,51,0,4,0,3,97
0,80,2,26,26,0,5,0,0,26,66,0,0,0,2,2,35,18,82,0,80,86,0,38,36,28,0,55,23,0,0,30
194,0,0,16,0,37,0,0,0,0,19,65,12,0,4,0,0,24,12,29,16,0,55,0,0,58,25,49,0,0,0,0
0,0,61,0,61,0,40,106,183,91,0,22,14,0,13,37,0,42,0,0,0,0,36,157,52,38,0,40,0,19,0,16
89,0,23,49,23,0,9,0,27,176,26,0,34,0,92,0,7,0,0,0,0,0,35,56,95,69,28,0,0,38,0,0
0,13,20,2,0,37,0,0,54,216,75,0,29,66,0,31,0,0,2,0,0,9,92,137,0,0,0,20,0,30,0,0
0,0,2,0,26,0,33,12,68,66,8,46,0,2,70,116,0,0,0,10,10,0,39,11,97,103,67,60,0,36,10,0
0,45,0,0,9,0,0,7,0,0,0,57,0,41,63,157,6,0,0,0,0,60,17,75,171,216,49,44,26,0,43,0
191,0,0,0,0,0,0,90,0,0,31,55,52,0,141,71,21,31,0,0,0,0,0,0,97,92,65,57,55,0,49,0
0,16,0,0,5,12,5,0,12,27,74,0,5,27,254,31,193,130,1,0,8,30,41,0,74,123,226,46,70,0,3,0
0,57,3,21,0,0,0,0,31,51,25,21,28,0,0,63,69,28,0,30,0,50,18,46,200,244,189,69,25,0,0,0
0,0,0,0,0,6,0,0,0,23,6,25,10,21,45,33,238,88,23,0,36,0,0,0,23,216,16,41,0,0,0,14
0,0,34,48,3,0,15,24,6,0,0,28,26,0,5,12,0,6,3,0,0,15,0,24,7,17,54,31,0,0,0,0
38,0,0,24,30,0,0,2,38,0,61,52,42,42,0,2,0,0,0,33,0,0,37,0,33,16,0,13,3,13,16,0
3,5,32,0,0,10,16,56,0,0,0,0,18,0,31,3,21,0,30,0,0,8,0,0,8,9,0,11,14,6,21,5
0,0,50,0,0,12,34,39,13,15,17,0,16,0,0,28,8,0,22,0,0,3,0,0,0,0,0,0,22,28,0,0
0,16,31,0,0,12,1,13,0,14,29,21,0,0,25,0,17,0,35,0,7,32,4,0,2,0,0,31,2,0,0,15
21,39,0,0,0,0,4,14,0,3,0,39,4,0,0,0,28,46,0,0,4,0,0,0,0,0,0,22,0,1,4,68
0,26,22,0,11,0,0,0,0,0,0,0,0,0,0,24,0,18,0,1,0,0,7,0,11,0,0,0,0,0,43,0
7,13,0,42,18,0,0,36,39,0,0,12,43,0,55,0,9,11,0,0,0,0,31,31,40,0,0,0,69,16,2,42
0,0,0,23,0,0,0,0,14,19,0,0,16,6,0,0,1,17,0,9,37,0,0,30,0,57,10,0,0,55,11,20
0,0,0,48,0,0,8,23,0,0,0,28,1,0,6,0,30,7,0,0,0,64,0,1,0,6,0,0,0,0,0,30
0,0,0,0,0,83,0,5,0,0,0,62,0,0,57,57,46,47,36,33,25,0,41,0,19,0,0,41,0,0,0,74
24,0,0,53,0,89,14,0,3,24,0,0,24,35,0,36,9,0,7,31,79,1,27,24,46,0,80,0,8,0,0,0
0,6,0,0,20,73,25,26,60,0,6,13,6,0,36,92,0,0,0,17,34,0,39,0,27,0,19,38,32,57,35,0
0,0,0,0,8,0,50,0,0,71,0,19,0,0,5,11,16,0,0,0,0,8,2,0,33,27,33,5,0,0,0,9
155,56,20,3,0,1,19,43,3,0,4,0,32,0,0,81,26,0,23,0,0,0,50,0,0,54,1,0,43,43,56,0
0,0,0,28,86,29,0,5,4,0,0,42,19,23,0,0,0,30,1,0,9,0,6,0,0,0,0,56,0,10,0,0
0,0,0,6,13,30,0,42,61,33,6,0,9,0,0,22,2,38,1,4,0,0,39,85,0,17,36,19,0,16,0,0
0,0,6,1,22,0,12,34,0,6,54,6,124,149,1,26,0,0,19,0,0,0,8,2,94,87,61,0,62,0,0,22
89,63,2,0,0,70,5,0,0,13,8,56,142,97,0,54,0,37,5,16,0,0,0,0,9,0,53,0,21,17,4,0
93,11,0,0,0,36,25,36,0,54,0,0,23,72,0,66,0,26,43,0,57,0,29,26,47,0,0,0,0,10,0,19
220,10,0,0,8,0,0,10,32,16,76,5,132,182,19,3,0,11,0,38,17,0,0,16,5,0,42,0,15,7,0,0
150,0,0,0,0,21,14,0,32,23,87,0,100,0,0,0,0,22,52,16,4,83,0,12,76,103,0,19,0,0,20,43
0,25,0,0,0,15,20,0,0,54,0,23,147,34,14,14,12,34,41,0,36,0,49,113,26,0,23,0,30,6,0,30
0,50,0,5,0,16,22,0,0,29,1,9,218,0,9,8,0,1,0,0,0,48,177,7,0,48,18,0,48,90,22,37
144,0,37,0,0,7,7,58,1,40,0,90,46,54,45,0,0,14,65,10,19,75,0,31,0,0,19,0,0,27,0,0
0,0,0,38,0,0,0,34,46,0,0,8,0,1,31,27,0,0,18,11,34,30,3,0,28,11,89,0,63,9,46,19
0,0,10,15,12,37,18,0,13,34,9,0,29,0,0,33,0,0,12,12,18,24,3,0,0,0,0,0,0,13,0,96
75,0,0,0,41,0,0,8,0,23,0,44,0,0,0,14,0,3,0,22,0,3,0,0,91,62,108,9,0,0,0,0
189,0,0,0,0,4,1,3,0,0,67,71,217,0,46,24,24,12,37,0,11,0,0,21,37,0,0,81,0,0,16,33
0,2,24,0,69,86,73,0,0,0,155,75,105,209,0,28,76,0,0,0,9,40,0,40,0,0,16,16,32,0,35,44
91,10,20,0,32,0,0,0,21,32,95,173,5,47,0,7,0,96,0,9,7,12,8,0,38,87,0,31,18,0,9,0
47,0,0,0,4,2,25,15,44,0,0,25,46,109,31,48,28,24,26,0,0,6,16,7,37,81,18,57,19,51,0,43
60,14,0,8,0,0,54,0,0,26,145,7,0,22,0,0,90,52,193,0,0,0,0,0,25,111,144,71,115,15,0,0
0,35,0,0,0,42,0,0,0,3,11,42,0,0,0,9,1,32,0,15,0,15,0,0,0,176,114,135,17,0,17,35
0,11,0,0,0,8,0,0,0,18,0,0,0,15,12,11,19,0,25,2,0,0,0,5,0,3,11,0,12,0,10,0
22,0,0,12,23,23,0,0,0,0,28,0,0,26,5,0,0,0,11,0,0,4,0,0,6,6,0,7,17,20,8,6
26,0,0,27,56,34,0,18,44,7,26,18,13,0,0,0,31,22,4,0,7,0,0,0,0,7,0,0,20,0,0,63
0,11,16,15,0,2,0,9,5,0,0,0,0,0,10,0,1,0,17,0,0,21,0,0,9,0,15,0,39,7,4,5
0,0,12,0,52,10,0,0,0,5,0,0,0,6,0,0,0,16,11,0,0,16,6,0,14,47,0,19,40,11,13,0
14,17,61,0,0,0,12,53,0,0,0,16,0,0,6,1,21,0,3,0,4,35,0,0,0,37,32,3,40,0,35,0
0,4,0,0,47,0,21,0,30,27,70,0,19,23,0,0,0,9,0,25,6,40,13,18,0,0,0,0,0,3,0,2
0,5,0,11,5,16,0,0,0,40,0,0,8,56,0,0,0,35,0,5,0,25,0,0,3,22,0,14,2,0,0,0
0,43,0,0,0,12,0,5,0,0,0,5,5,0,0,0,20,26,18,9,48,8,0,40,0,24,1,10,0,0,0,59
84,19,32,0,48,28,0,0,18,25,6,0,0,0,0,0,25,6,25,0,22,0,13,0,0,0,0,0,0,0,0,0
0,0,0,77,27,0,0,35,0,0,0,1,2,0,17,18,0,13,0,0,0,9,0,2,62,0,25,11,0,0,0,0
0,0,33,27,18,76,71,0,10,63,32,29,0,0,0,0,0,0,0,0,15,29,0,0,17,25,0,32,0,29,0,0
184,8,0,0,52,0,34,19,22,51,0,0,27,125,0,24,59,8,0,5,0,0,19,0,0,25,0,1,3,27,0,0
0,11,7,42,45,0,15,37,110,0,0,0,17,78,5,0,0,76,0,8,0,0,13,8,61,0,33,16,5,0,0,0
0,62,0,0,0,1,0,0,0,30,32,0,189,50,0,0,0,17,20,7,9,0,21,2,6,6,0,52,0,15,0,0
0,29,19,0,52,3,0,19,31,0,38,8,88,0,0,0,0,2,0,0,27,2,0,0,38,47,37,35,0,0,0,57
0,60,14,0,45,0,0,64,46,28,74,54,123,0,0,41,1,0,28,4,73,0,37,0,46,0,80,7,73,27,43,22
135,0,0,27,0,0,25,42,10,15,0,197,146,0,0,53,0,0,0,0,0,44,71,0,9,40,50,4,25,32,0,0
181,0,46,3,0,12,0,16,0,44,52,77,116,9,0,0,0,18,0,0,30,27,37,3,5,0,0,23,7,0,0,0
0,46,7,0,0,0,0,33,28,34,56,89,33,0,12,28,3,14,0,0,59,47,0,30,21,0,45,5,33,42,0,0
85,0,56,0,6,10,39,8,3,22,45,38,25,0,24,2,0,0,73,13,39,36,14,16,32,5,25,14,13,110,93,105
87,0,20,20,14,19,1,43,0,25,0,4,27,0,9,16,0,16,0,35,3,19,19,0,23,0,14,68,0,107,15,78
204,12,0,0,53,0,13,37,12,16,95,11,0,0,5,0,0,19,30,0,28,0,0,1,27,29,56,0,23,2,31,33
0,0,11,0,0,14,0,36,0,176,16,120,60,41,10,6,18,9,3,14,11,8,26,0,13,0,19,12,48,8,4,0
73,0,0,42,0,0,0,44,0,50,0,73,33,11,0,0,1,0,0,35,21,0,12,0,6,61,14,52,45,0,0,0
0,32,55,0,0,19,0,0,0,33,2,41,37,0,37,164,73,0,0,20,5,13,0,0,0,46,108,21,32,0,0,27
74,0,0,35,0,0,0,4,0,12,12,73,16,8,107,95,187,0,0,0,0,10,0,20,138,97,150,74,0,0,1,23
38,23,37,0,45,0,33,8,13,4,110,53,48,35,113,0,101,0,37,20,27,7,0,0,103,9,168,0,94,0,5,4
6,0,0,34,0,61,31,0,13,47,21,58,13,0,14,59,77,48,0,0,3,46,0,0,6,67,63,49,28,0,0,3
46,0,5,0,0,16,0,63,0,17,34,0,18,0,0,14,0,0,0,0,0,0,8,0,34,126,145,48,25,1,0,0
0,3,0,0,9,50,49,4,8,0,0,0,0,8,0,8,11,0,12,0,0,7,0,6,0,0,0,21,0,0,0,25
0,8,7,12,8,4,13,0,16,7,3,0,0,0,0,0,0,0,0,0,0,2,4,11,36,0,41,0,0,12,0,0
0,6,0,0,8,6,0,14,36,0,0,29,23,0,0,0,25,3,17,0,48,15,25,8,33,5,14,0,0,0,7,38
0,12,11,0,16,1,0,19,0,0,0,0,1,0,0,18,0,0,14,0,26,0,42,0,4,0,0,0,0,45,27,0
0,0,0,0,0,38,0,0,12,0,20,0,0,0,8,11,0,25,0,0,0,20,0,0,0,3,0,0,7,0,0,9
0,2,0,0,0,0,0,0,0,0,0,11,0,0,0,17,0,1,14,7,0,2,15,29,0,36,0,6,0,0,0,30
0,17,0,9,0,23,0,52,52,0,0,22,0,0,18,10,41,0,11,6,0,13,0,0,0,10,16,5,15,0,46,8
0,0,0,0,0,20,0,144,20,4,0,36,0,0,4,34,25,0,0,63,0,0,20,0,17,26,33,0,0,0,0,0
10,22,39,0,0,47,0,75,39,11,28,0,42,8,8,0,0,0,25,27,20,20,35,0,20,12,0,0,0,0,16,0
0,32,17,0,0,29,41,96,57,33,47,0,0,95,0,0,0,42,7,0,2,0,3,35,0,0,9,0,0,30,0,0
0,0,0,0,32,18,182,128,66,16,19,54,48,0,0,36,120,88,0,2,1,0,35,29,45,11,31,0,3,0,0,0
0,14,5,0,26,12,97,5,76,6,11,0,16,3,0,25,32,80,16,0,101,7,0,0,7,0,206,0,0,11,0,0
96,15,0,16,35,17,73,21,1,63,133,0,6,32,32,0,0,48,34,0,64,17,22,22,0,40,0,0,0,29,0,0
93,29,34,24,41,0,0,13,36,52,41,0,42,34,38,0,60,25,32,37,0,0,0,0,16,67,62,50,0,0,0,25
87,0,0,0,2,0,0,17,0,1,0,55,48,2,0,45,10,0,24,3,0,67,0,0,0,25,0,16,26,10,15,28
0,11,12,0,62,24,71,0,0,32,0,0,0,8,0,2,0,83,29,0,13,11,0,4,7,0,6,92,78,0,0,0
155,0,0,35,45,146,2,51,0,0,75,0,0,0,0,0,0,46,58,19,0,0,11,138,0,0,6,8,25,0,0,0
150,5,6,10,0,45,66,205,123,41,0,0,32,0,0,8,12,0,12,0,57,113,41,61,109,61,2,9,60,11,14,0
0,18,0,0,5,0,0,53,118,0,10,46,230,0,19,18,16,0,45,50,115,130,0,16,52,5,8,0,5,2,0,36
0,0,14,0,4,0,12,54,0,37,0,0,78,27,0,0,0,0,32,2,75,51,41,60,0,22,11,14,16,23,3,23
0,0,30,39,12,8,0,0,30,0,33,0,48,0,0,0,0,0,0,25,8,0,5,72,84,0,30,20,56,23,20,0
0,26,20,25,41,0,42,28,93,52,32,7,14,0,12,0,0,21,22,0,0,55,16,22,122,137,0,26,18,0,0,86
152,11,0,0,0,0,0,7,6,2,45,7,0,0,4,38,48,0,26,0,0,0,56,31,62,15,98,0,18,51,42,8
0,31,0,0,0,25,7,0,0,0,0,0,0,0,0,0,16,0,0,0,5,9,41,71,55,88,0,0,0,4,0,101
56,0,0,46,0,10,21,0,32,52,92,0,11,67,2,105,11,0,8,0,0,72,53,5,41,61,52,9,9,0,28,14
0,34,0,18,19,0,0,0,0,49,0,21,42,10,6,0,0,0,0,0,29,0,0,157,57,0,0,17,0,12,29,0
0,0,32,0,0,31,0,30,17,127,29,67,32,0,60,49,36,12,0,8,43,0,34,0,79,48,41,83,83,0,30,51
92,0,7,24,0,0,0,27,0,0,0,61,0,0,22,3,0,28,17,0,13,0,12,24,98,83,89,13,0,28,0,3
0,0,25,0,0,41,0,26,43,0,17,31,67,8,0,0,27,0,43,0,0,14,9,11,17,21,2,28,0,0,0,0
0,0,16,0,0,40,10,0,17,57,0,46,5,24,45,23,0,21,0,29,7,0,35,0,31,0,43,20,69,41,64,53
0,16,0,0,0,38,0,0,16,86,52,0,16,19,0,8,0,9,57,0,36,23,26,35,0,0,0,0,0,0,0,7
29,21,39,21,0,0,0,27,6,0,16,10,25,13,37,21,0,0,0,19,0,33,0,3,35,28,22,0,8,0,19,34
0,0,0,17,0,0,0,87,9,10,17,36,9,0,17,0,12,4,5,22,0,31,0,0,0,0,33,0,0,26,28,12
0,0,6,0,12,0,0,0,0,0,14,23,27,0,0,17,16,21,2,0,0,1,3,13,0,22,0,24,33,12,0,63
0,31,0,0,2,0,18,0,0,4,9,0,0,0,10,0,0,0,32,0,21,32,0,0,0,0,9,31,0,0,12,54
63,0,13,32,0,16,1,11,0,0,21,0,14,25,2,0,0,0,1,6,0,0,45,0,18,0,0,0,0,16,0,4
0,0,0,16,0,0,0,19,5,0,6,24,0,0,21,32,16,14,22,0,5,0,0,16,0,0,47,0,0,0,4,0
4,20,0,0,25,0,27,1,15,0,2,0,10,30,0,10,10,13,0,0,0,0,20,3,0,0,2,0,0,0,0,1
94,14,26,39,13,0,14,0,2,0,10,0,45,65,0,0,3,0,4,0,0,162,83,185,0,0,0,0,0,0,0,17
0,0,0,119,0,0,26,48,37,0,0,76,1,0,33,0,21,0,0,0,129,0,0,31,0,31,0,0,1,3,16,0
0,6,19,250,22,22,0,0,0,16,30,32,3,0,111,59,26,2,32,0,7,122,0,0,24,0,9,16,0,0,1,58
20,4,0,28,0,9,0,0,0,0,0,0,25,2,0,66,1,4,3,27,33,25,0,7,0,10,0,0,0,9,0,0
11,27,4,15,0,0,0,57,0,18,9,0,0,24,24,39,23,47,0,23,13,35,0,39,87,17,65,0,20,15,0,0
0,0,0,0,0,46,54,24,56,0,0,0,61,0,0,0,6,0,0,28,3,0,0,122,119,197,44,6,0,0,34,0
0,0,0,89,178,0,71,16,0,22,0,21,0,0,0,22,52,17,0,0,25,49,164,29,0,31,30,8,4,0,40,3
0,9,0,216,113,64,60,0,0,19,44,0,0,0,0,28,13,0,19,58,174,113,51,0,0,24,0,16,0,1,0,0
39,0,0,24,134,39,31,47,0,0,0,187,0,0,0,59,69,17,49,85,9,114,11,0,0,0,9,11,0,0,37,42
56,0,34,36,72,0,96,39,76,34,81,80,9,0,0,18,0,38,119,68,19,69,0,20,11,19,0,38,0,0,0,50
115,0,108,65,66,10,0,17,0,34,0,50,74,0,24,11,0,16,0,0,9,0,58,59,15,2,24,0,0,27,24,25
10,35,50,119,11,0,0,20,0,61,0,35,7,0,16,0,2,0,14,49,3,54,0,5,40,52,65,5,3,0,0,13
196,61,10,82,11,5,4,42,47,12,64,1,29,38,14,32,12,0,62,11,22,18,41,46,69,73,30,0,95,0,14,3
0,65,90,0,37,0,94,45,2,0,0,16,0,0,0,0,0,0,0,41,1,0,35,2,0,0,50,58,66,0,29,0
0,0,0,11,0,0,37,69,0,0,85,3,65,0,0,0,8,0,30,30,21,0,33,33,81,6,1,6,52,0,2,0
0,0,5,30,0,0,0,20,0,0,15,0,19,0,31,0,2,0,0,8,0,33,0,28,32,44,100,29,38,5,0,31
205,0,0,1,0,0,0,0,0,5,0,0,5,0,0,56,1,32,0,44,12,28,45,31,3,82,19,57,11,50,21,0
22,0,0,30,9,0,55,23,53,42,0,0,0,13,42,0,49,0,2,24,0,17,23,0,27,21,33,0,27,31,23,57
125,28,0,57,0,0,5,27,41,0,62,0,20,0,0,39,22,0,22,25,4,0,65,2,16,127,47,36,8,53,16,0
0,0,0,59,0,0,19,18,4,29,0,0,1,0,0,9,0,0,0,7,0,5,32,130,72,0,0,0,47,19,0,0
0,3,4,0,28,46,31,0,7,0,4,31,0,25,0,0,0,0,6,0,0,16,23,56,4,8,0,61,18,6,8,0
0,25,49,29,0,0,0,0,38,4,0,0,0,0,10,0,21,0,23,0,0,20,2,34,0,46,2,35,17,1,26,0
0,0,0,21,0,25,3,76,1,38,0,0,0,0,9,0,0,0,0,0,0,0,0,0,12,85,100,24,24,41,32,41
18,0,14,0,0,0,5,0,28,20,46,0,15,0,0,0,0,0,14,0,0,0,49,58,25,17,50,0,67,18,0,0
0,0,0,0,23,53,0,0,0,41,0,0,0,77,0,35,40,0,27,26,13,0,0,52,4,20,6,30,0,0,0,22
0,1,0,0,0,0,0,49,32,19,4,0,0,55,23,0,0,0,0,0,21,0,0,34,0,0,57,0,0,0,0,86
0,0,13,40,23,0,0,6,18,8,8,0,7,0,0,0,0,0,0,0,6,0,0,15,0,0,0,0,0,0,38,21
0,28,0,22,30,0,0,38,22,0,0,7,0,14,46,49,9,1,57,16,1,14,0,0,0,3,12,24,44,0,0,24
57,1,0,4,26,0,57,26,23,18,16,26,0,0,0,25,2,16,17,25,18,0,31,10,5,34,0,10,3,0,0,47
5,0,3,0,0,22,0,0,0,0,11,10,0,7,13,0,0,18,0,0,10,25,2,1,0,0,0,0,0,0,6,13
0,0,0,1,0,0,10,38,0,0,13,0,18,0,22,4,0,9,0,0,7,0,0,8,14,18,0,18,8,5,0,26
22,0,0,0,30,37,44,0,14,0,24,13,20,0,15,7,0,10,0,12,0,0,27,23,0,6,0,0,0,0,0,7
0,5,0,0,35,0,12,5,0,1,22,0,40,0,83,41,31,0,11,32,0,0,21,0,4,0,0,0,0,16,8,0
110,47,15,0,16,53,7,0,0,32,0,0,76,0,54,21,19,0,0,0,0,5,1,20,6,8,0,0,8,0,27,4
10,0,0,11,0,31,99,20,0,37,16,0,0,241,0,0,0,34,5,3,0,0,57,40,11,0,20,0,21,0,10,0
0,0,53,12,70,43,55,73,13,0,28,0,101,32,73,65,35,10,34,0,13,0,0,115,14,0,21,38,11,0,0,0
68,17,53,4,0,12,45,71,0,0,57,47,25,19,0,131,16,13,7,26,0,28,2,10,55,30,10,0,3,0,45,4
0,0,17,28,56,3,61,58,29,0,0,40,0,0,0,42,56,42,16,16,9,14,21,0,96,83,50,0,15,3,4,0
0,0,0,0,0,112,23,0,6,0,38,21,11,20,0,0,0,57,0,0,31,0,71,0,8,28,0,0,0,0,0,0
125,42,0,52,0,23,121,55,45,23,0,59,0,14,0,0,9,39,0,0,3,0,21,51,46,64,0,0,41,39,0,0
8,26,2,0,85,46,25,69,28,15,0,12,0,0,57,73,45,130,0,0,12,62,47,18,0,36,24,40,12,0,24,0
118,39,0,0,63,3,10,18,171,20,0,0,0,16,25,0,13,25,0,0,40,75,23,23,0,0,94,20,46,0,28,0
0,0,39,0,66,62,0,87,255,127,28,69,0,0,5,114,29,8,11,8,44,32,80,62,52,59,0,25,0,0,0,38
0,28,0,49,31,27,55,33,96,149,4,3,7,11,0,4,67,145,7,26,13,31,31,22,19,24,55,220,42,0,0,0
116,14,47,53,65,0,68,0,6,28,0,18,0,0,0,3,218,19,0,0,25,0,8,34,47,0,29,5,22,0,10,41
0,0,3,30,0,0,24,33,0,0,0,29,0,0,0,0,19,0,24,0,46,56,38,0,0,13,0,0,76,26,0,8
67,49,16,0,10,17,0,91,22,0,77,0,54,0,0,23,20,0,0,0,0,24,42,77,37,31,2,5,4,6,3,68
0,0,13,0,9,39,0,26,72,44,46,0,0,25,25,0,43,0,38,12,29,0,3,60,116,23,59,41,0,0,44,86
160,0,0,0,2,0,10,75,56,0,35,62,17,0,8,0,0,0,0,30,0,11,49,0,47,33,0,23,19,51,2,0
0,20,22,0,0,36,0,0,155,51,0,32,0,0,85,34,3,0,0,0,1,20,45,82,87,52,2,1,13,35,0,52
0,27,10,9,5,4,0,0,16,212,54,0,14,0,20,35,19,17,27,0,9,0,74,26,96,86,48,0,3,32,5,18
0,25,42,20,0,5,0,0,0,76,0,139,0,47,0,26,87,0,54,0,13,1,0,104,64,0,4,8,39,9,32,27
0,43,2,10,0,26,0,34,19,16,10,91,0,0,202,254,81,18,0,3,27,0,6,57,41,109,247,108,31,0,19,0
37,0,49,21,38,0,13,10,8,0,13,48,11,0,45,77,121,56,9,5,0,0,0,59,120,3,97,9,0,2,0,0
86,3,0,0,6,0,0,0,20,20,19,0,36,0,59,240,195,145,11,9,9,0,5,1,242,56,230,14,0,4,1,0
0,38,0,0,33,14,21,0,2,59,27,0,56,0,4,128,118,0,0,30,0,25,20,0,92,177,175,0,12,0,25,25
0,56,6,15,0,0,12,5,33,33,35,26,0,5,24,12,122,0,0,36,19,0,0,12,30,52,0,0,8,12,0,0
28,2,0,35,0,11,0,26,25,0,0,11,22,2,17,0,0,0,0,17,0,38,0,0,35,0,71,0,0,36,0,0
74,4,0,0,9,15,0,12,6,7,40,0,9,4,0,0,0,12,0,0,0,0,0,15,0,35,0,2,0,8,2,15
4,1,0,0,0,5,0,0,0,44,0,0,0,0,0,0,33,13,0,0,5,0,0,0,21,0,55,26,14,0,0,29
107,12,0,0,18,11,1,0,7,0,1,18,0,0,0,19,0,14,0,19,0,27,0,2,8,5,24,0,0,0,24,0
27,32,0,0,0,14,0,7,31,0,32,0,33,0,0,0,18,43,28,0,5,0,66,7,6,0,0,10,11,0,26,11
1,11,40,0,23,0,23,0,32,18,0,0,0,4,0,0,4,0,14,0,8,0,10,10,0,18,0,12,2,34,14,0
39,32,27,35,0,0,0,26,0,0,0,10,0,0,0,61,1,16,7,21,0,0,8,5,18,0,0,0,19,27,13,8
0,0,0,0,0,13,0,0,0,0,6,5,0,53,0,22,0,0,0,0,0,23,0,0,0,0,17,20,4,14,0,18
0,0,19,35,21,0,0,0,0,0,56,0,0,0,18,0,23,4,10,21,0,1,0,0,4,0,14,0,4,22,0,0
105,48,54,0,9,12,6,12,16,32,0,0,0,31,0,8,0,0,0,0,0,0,0,0,0,0,0,34,16,0,28,19
40,0,18,6,0,18,0,0,56,0,24,23,44,0,1,0,40,0,10,0,24,38,37,1,38,0,39,0,19,4,0,14
0,50,0,0,2,0,0,42,0,0,0,0,0,70,0,77,8,0,0,0,8,0,2,70,41,0,8,40,17,0,0,1
94,0,0,23,0,13,0,54,0,30,0,33,20,11,0,36,31,0,21,0,0,0,50,3,0,0,0,22,0,0,0,0
0,18,23,45,0,58,0,2,23,0,55,1,35,0,7,26,7,18,0,0,0,0,36,0,22,39,62,0,0,12,0,0
95,0,0,2,0,46,0,23,0,39,59,46,16,0,0,26,19,0,0,3,12,8,14,7,17,0,0,13,0,0,0,34
218,42,0,0,15,34,32,49,0,40,39,87,3,46,41,0,30,22,0,47,0,43,0,5,8,0,16,0,4,4,56,61
0,16,0,0,5,1,4,26,104,14,6,27,0,3,0,29,0,55,0,0,0,0,0,0,25,2,25,20,42,0,14,0
0,0,10,41,0,19,0,82,76,0,68,23,158,33,0,0,0,27,0,9,23,0,0,0,0,32,0,28,0,9,9,0
0,6,26,15,0,14,27,0,42,100,44,0,154,103,0,0,0,9,14,0,0,0,22,11,0,34,0,0,41,21,0,0
200,0,1,0,0,0,31,0,67,0,62,63,74,44,10,9,41,20,101,39,43,0,18,23,5,0,16,0,37,4,30,73
0,43,66,0,0,13,89,62,5,114,42,54,40,0,0,37,25,0,0,0,70,13,41,0,0,0,0,0,33,0,0,0
145,44,66,0,0,65,6,26,48,26,32,19,16,27,0,5,0,16,53,0,49,43,16,0,0,0,0,43,59,3,22,0
150,0,0,55,35,0,16,17,0,8,14,34,160,15,0,9,0,0,22,0,53,68,0,0,0,2,0,11,61,0,0,34
213,41,0,0,10,0,82,0,18,0,0,112,138,23,4,21,0,0,42,0,75,0,23,11,7,29,0,6,23,27,27,46
0,31,0,35,0,22,0,49,0,45,5,204,138,28,0,0,0,0,0,0,9,53,0,0,0,0,35,35,4,0,15,101
14,0,5,22,0,0,5,37,60,5,68,140,68,50,0,0,0,20,0,3,74,2,0,35,29,22,0,11,20,10,62,53
0,15,18,0,0,0,14,53,0,6,0,0,13,16,2,0,0,16,5,154,44,29,17,0,32,9,20,6,44,42,11,35
252,0,0,10,23,0,0,14,26,0,0,33,0,0,47,115,0,15,0,0,0,0,0,13,104,23,0,81,28,33,0,65
25,18,0,71,0,0,0,0,0,14,0,153,0,0,0,13,0,29,34,15,33,0,42,25,76,0,89,53,38,36,0,31
94,10,0,31,0,2,0,25,0,0,6,3,161,0,3,59,29,22,32,0,38,10,0,0,23,55,50,45,30,10,0,0
151,0,29,4,0,29,15,0,20,93,214,165,165,78,0,0,0,18,0,0,45,13,0,0,20,0,41,0,11,18,0,23
89,19,2,16,47,13,0,0,0,50,147,0,53,28,10,0,43,52,11,0,8,0,0,0,0,34,61,10,0,3,4,0
110,37,0,33,0,0,0,20,16,3,131,58,42,6,23,0,66,229,54,0,0,5,0,0,0,50,31,0,0,51,0,0
0,13,0,0,18,0,47,64,12,3,4,28,19,0,8,58,1,94,55,0,0,0,0,0,0,61,156,197,67,0,35,14
15,22,22,0,24,0,25,24,40,14,0,0,0,0,0,0,16,35,30,0,28,0,20,0,8,70,169,8,43,17,0,0
84,0,18,0,5,0,2,22,4,6,0,15,0,0,0,0,4,0,8,7,0,7,24,0,0,0,21,0,10,0,24,0
51,0,0,0,0,0,0,0,0,0,0,31,0,17,0,0,11,0,0,0,0,0,18,0,15,14,23,21,14,0,23,0
0,21,0,0,0,37,6,13,0,3,16,14,0,6,18,0,0,0,0,0,3,0,0,13,3,0,3,30,0,6,0,31
31,35,85,31,0,0,14,0,0,25,38,9,0,0,19,0,4,7,0,6,0,0,7,5,0,23,65,0,11,6,9,0
0,0,78,15,0,0,0,26,0,0,0,34,8,0,22,22,14,0,2,20,0,0,0,0,0,13,7,27,36,0,0,0
44,0,0,0,46,6,46,0,18,0,44,0,0,5,27,0,16,0,0,0,38,0,0,4,0,0,0,0,16,14,21,0
121,0,58,42,12,30,7,47,36,0,8,0,0,0,0,0,3,8,2,0,8,13,12,0,9,9,2,5,17,27,17,0
48,0,0,6,2,16,4,0,0,17,0,0,0,11,0,12,0,2,25,16,18,0,0,32,0,6,0,0,0,29,0,70
54,0,30,41,57,0,24,0,0,0,0,26,4,0,0,6,0,28,0,0,0,7,0,38,0,23,22,22,9,0,0,0
0,0,0,14,0,13,0,0,12,34,15,0,0,0,0,0,34,26,0,0,25,0,16,26,4,71,0,0,0,21,0,28
0,1,5,10,25,34,0,0,28,0,8,0,21,0,0,24,0,8,0,0,17,9,28,0,0,5,26,0,0,27,0,0
52,25,0,2,21,37,0,39,37,0,0,0,7,1,18,14,0,31,0,10,0,0,47,2,56,0,44,27,0,0,14,0
100,0,0,20,0,0,49,75,0,0,0,39,93,70,14,7,0,41,40,0,0,25,0,0,1,39,11,0,16,0,14,21
0,0,0,0,26,42,3,0,19,36,25,0,34,21,0,0,0,30,20,0,0,37,0,4,6,0,0,36,0,0,22,12
0,0,0,0,54,0,28,29,26,0,13,20,178,54,1,0,36,0,73,0,19,8,0,60,9,24,0,0,9,0,0,0
0,0,0,24,15,6,7,0,22,51,13,55,68,6,0,2,0,0,0,22,22,0,23,48,28,114,26,0,20,7,0,23
0,10,0,38,3,49,64,37,34,0,0,195,253,21,4,16,0,37,62,7,0,0,51,42,0,1,21,23,43,14,9,0
0,66,0,0,0,31,23,0,54,38,67,137,19,0,18,0,3,12,0,34,70,8,65,1,0,24,1,5,45,0,22,0
177,17,0,14,16,0,0,43,11,0,51,157,25,0,8,25,0,0,0,102,120,0,11,0,0,24,0,0,38,0,0,0
0,0,69,0,0,31,0,69,30,80,75,51,54,45,3,47,16,0,202,34,53,48,0,33,0,11,45,0,0,0,0,0
223,23,36,0,0,0,0,0,40,0,0,33,0,20,0,0,5,0,46,11,71,37,0,3,29,0,0,0,7,203,170,27
0,0,0,25,0,0,0,16,0,18,48,0,14,0,34,9,7,3,31,50,0,0,0,0,5,40,44,13,31,18,2,77
0,0,0,24,23,5,0,0,0,112,101,45,0,0,0,0,4,10,3,31,2,9,0,1,0,0,38,0,18,44,65,4
0,0,0,0,5,6,11,0,0,122,37,239,125,0,0,8,0,0,9,0,0,37,18,34,0,0,86,18,33,15,1,0
0,13,0,0,0,0,0,0,71,165,0,91,26,0,79,179,27,13,0,10,0,0,0,16,27,16,29,35,0,13,16,0
0,0,0,0,0,33,27,0,22,30,25,32,0,19,47,255,80,40,7,0,0,0,0,34,99,67,172,29,3,22,18,0
155,0,0,17,26,0,34,0,58,0,118,114,37,4,89,10,64,7,0,0,0,20,11,1,142,193,83,57,9,5,16,20
110,0,0,13,14,27,23,0,0,115,45,36,53,69,154,0,97,0,21,4,20,8,47,25,103,0,124,29,65,0,11,0
0,0,0,11,17,0,4,0,9,14,8,19,12,19,0,23,40,0,23,0,10,0,27,61,115,45,122,0,9,13,8,0
72,0,0,0,41,16,26,0,23,20,0,12,0,0,7,27,22,25,69,0,20,43,0,0,0,149,116,20,22,17,0,0
0,0,0,27,0,0,0,12,1,10,0,6,0,0,0,0,0,0,0,8,2,7,0,5,2,31,0,18,0,0,0,21
0,0,0,0,0,0,23,0,5,52,22,0,16,1,0,11,0,0,0,0,0,21,0,16,4,26,0,2,0,0,0,0
49,0,14,0,0,3,47,0,0,6,0,0,0,0,23,3,2,0,0,12,0,7,0,0,13,0,26,6,3,5,2,0
57,0,0,19,0,0,9,25,0,5,0,53,24,0,36,0,0,0,11,8,0,13,0,2,13,31,58,0,15,0,22,16
0,0,5,0,0,0,0,7,18,0,42,48,40,0,7,17,9,0,17,22,12,0,1,0,4,7,0,0,0,6,3,4
0,0,0,0,2,0,6,2,0,19,6,0,36,6,0,0,13,0,0,7,0,0,3,1,17,7,25,0,0,8,8,0
0,49,94,2,5,0,19,0,32,77,0,6,2,0,7,22,0,15,12,19,0,9,0,0,2,23,0,14,35,15,0,0
41,0,14,26,0,40,40,19,253,53,0,35,0,0,0,19,0,1,0,24,0,29,18,0,0,38,6,7,22,0,4,6
0,0,1,47,0,0,23,7,28,42,28,3,3,0,0,6,28,17,1,33,28,25,6,22,17,0,15,45,0,9,0,0
70,0,0,39,0,15,0,0,51,0,52,42,27,0,16,27,6,4,0,0,21,31,0,0,3,44,66,0,65,0,4,4
0,0,0,30,0,46,9,10,212,16,44,32,0,13,0,7,12,50,41,32,17,0,0,39,0,28,0,0,0,5,0,10
0,44,0,0,0,16,0,86,126,0,0,105,0,62,0,0,12,103,15,105,114,21,58,20,0,10,42,13,3,0,0,0
0,0,29,0,0,0,6,59,25,13,187,0,36,0,0,84,42,40,0,59,0,0,66,22,17,0,19,0,9,21,0,9
0,0,31,16,0,0,6,36,93,100,63,37,39,0,15,3,5,18,81,22,3,0,23,16,16,55,107,32,10,0,0,0
16,17,0,32,10,0,39,0,20,37,0,37,27,52,9,30,22,68,51,0,0,0,0,28,20,20,0,14,17,0,0,0
0,0,0,59,0,0,0,0,26,26,4,30,0,3,43,42,0,45,0,0,33,19,0,1,28,14,0,28,128,8,28,38
209,0,0,0,24,16,33,161,0,7,0,18,5,1,0,0,0,29,48,8,0,19,20,15,12,42,0,0,0,0,49,30
0,29,21,0,20,0,26,19,56,165,4,0,0,29,0,0,16,0,40,0,51,16,0,0,0,0,6,38,98,0,35,0
208,3,0,0,0,0,0,69,170,105,28,0,12,29,0,38,7,19,59,45,24,11,5,79,243,46,43,0,5,13,0,52
0,83,23,13,6,3,39,68,78,21,0,0,140,222,16,0,0,28,0,74,4,3,108,215,80,39,42,0,0,0,33,11
195,27,70,22,14,14,26,87,0,29,57,0,167,126,19,2,0,5,0,35,5,0,10,77,42,44,3,0,16,9,0,7
112,0,6,0,0,0,0,14,8,95,104,16,25,7,11,0,0,0,0,27,9,0,45,91,151,182,80,18,0,0,0,0
0,13,0,0,0,38,7,2,43,54,8,0,13,0,0,0,12,0,0,0,11,6,70,4,80,34,148,15,26,52,25,32
144,0,17,0,0,0,0,45,0,0,0,13,8,0,81,1,0,11,34,17,0,0,1,28,45,125,16,23,0,43,0,12
0,13,0,0,0,0,13,0,61,59,19,14,1,0,39,101,0,0,4,0,5,0,0,0,52,38,32,0,0,26,0,0
5,0,0,0,83,0,9,32,3,0,0,23,26,0,23,9,25,21,0,43,0,0,23,6,12,36,29,0,70,0,0,0
0,0,0,0,62,3,16,40,55,24,0,27,0,27,0,0,0,0,36,0,4,0,0,10,40,98,34,88,35,14,17,0
92,18,0,58,8,16,0,0,43,0,35,91,0,0,0,35,33,9,36,0,20,29,6,0,110,57,0,15,0,24,40,42
0,0,0,0,56,0,41,0,7,5,109,147,20,99,0,0,53,0,0,0,0,0,0,0,1,5,30,43,22,30,34,0
116,0,0,7,72,0,0,4,0,13,0,33,29,24,0,11,0,0,0,7,0,6,4,36,32,0,71,0,5,0,0,0
117,0,0,0,0,47,5,0,21,23,49,0,34,0,0,7,0,9,27,0,4,0,5,0,7,37,0,0,23,25,2,8
0,32,7,0,22,8,33,25,0,21,10,0,0,0,0,39,6,0,53,25,0,27,22,6,0,0,25,0,0,0,7,0
0,13,0,16,0,46,0,0,0,55,42,4,28,0,33,0,20,0,30,0,0,0,25,0,7,7,34,52,9,0,16,41
0,0,40,0,66,34,3,0,45,10,0,0,0,0,13,0,0,0,9,0,0,13,0,6,0,8,25,0,5,40,0,9
0,16,0,0,6,12,0,5,0,3,0,0,0,10,0,2,17,0,0,0,0,0,30,0,0,17,0,0,19,0,16,44
0,0,0,0,0,0,0,24,2,0,37,5,0,21,36,32,0,0,0,0,2,6,39,0,0,39,0,0,26,14,3,0
0,5,0,32,0,23,1,0,0,5,14,0,26,25,25,0,37,0,7,0,3,20,5,0,23,2,24,0,16,0,2,0
35,5,37,0,28,38,0,0,28,0,0,0,64,0,5,0,2,23,23,0,14,0,36,27,2,0,43,0,0,0,14,0
0,0,0,0,0,11,16,3,0,27,29,0,17,1,0,0,25,33,17,0,35,10,7,0,8,0,0,55,0,0,20,0
0,0,31,25,0,19,71,161,0,0,28,30,0,4,0,17,82,60,2,0,52,37,10,16,26,0,0,27,0,0,45,0
45,0,44,0,44,0,131,12,20,0,2,0,4,0,0,88,108,78,121,14,19,23,11,18,0,7,35,79,8,5,12,5
28,8,0,0,12,0,155,104,12,4,0,0,47,0,10,80,28,34,67,16,0,0,5,0,5,168,156,15,8,19,8,7
0,0,29,17,0,30,110,81,0,8,0,0,0,0,78,32,3,23,4,24,30,0,0,16,80,28,30,38,0,0,32,0
0,0,0,14,43,29,35,34,0,13,0,44,0,0,30,0,110,41,51,10,147,0,0,84,27,68,46,43,39,6,47,8
0,26,20,0,0,0,0,0,0,40,21,4,0,9,12,71,31,0,7,0,10,2,28,16,0,51,6,0,19,4,11,29
0,0,61,0,42,25,42,5,0,48,52,36,0,0,24,0,12,0,50,28,49,0,33,0,0,24,8,0,57,0,0,54
142,0,0,0,31,46,66,0,20,46,0,0,0,0,0,25,0,3,0,0,0,0,0,0,0,4,9,247,153,0,0,0
0,4,9,6,44,0,145,158,0,20,0,0,0,20,0,46,0,0,0,0,11,0,0,0,62,47,127,66,53,35,21,0
120,49,46,0,47,14,12,48,0,27,0,0,0,23,16,0,33,9,77,3,23,3,0,147,78,135,0,0,25,42,31,17
0,63,9,0,13,24,0,0,57,51,0,18,0,58,0,38,16,0,41,0,40,0,136,196,226,92,29,0,46,0,50,0
159,40,4,0,4,0,23,13,72,0,0,0,25,12,0,0,7,0,66,0,0,57,88,16,42,0,1,12,2,3,0,0
16,15,15,9,50,43,1,0,45,0,0,11,0,0,16,0,0,26,54,0,19,0,91,14,0,30,62,0,32,20,5,0
0,16,0,9,0,0,56,54,23,0,0,66,0,18,0,0,0,0,0,1,0,5,40,2,55,10,39,3,19,1,0,21
0,5,0,0,0,0,0,58,6,73,0,0,0,30,0,3,0,0,0,5,3,42,0,0,65,54,65,0,0,5,14,8
204,0,6,0,0,0,12,0,7,1,10,31,0,0,31,28,0,0,4,0,0,13,8,21,52,12,0,14,17,0,10,59
0,1,25,14,0,12,8,63,0,0,20,39,0,0,29,0,6,18,6,0,0,30,20,0,46,20,0,63,4,0,0,11
42,69,0,0,0,14,19,0,29,8,49,0,0,21,0,23,6,16,5,14,23,0,28,32,37,42,0,0,3,24,0,0
0,31,0,6,0,6,42,37,24,32,29,26,19,42,23,42,14,0,0,0,0,0,0,137,52,15,0,0,31,4,0,23
0,0,2,14,24,0,0,0,0,19,0,78,0,42,34,29,11,0,2,17,2,13,0,0,47,26,5,50,28,0,0,29
0,13,0,53,0,24,0,0,0,13,32,103,190,0,0,25,0,0,0,0,0,0,0,7,0,50,29,0,11,0,31,33
97,56,17,0,0,0,0,7,0,4,13,42,50,0,29,34,13,0,19,0,0,0,0,2,38,45,34,45,48,3,38,57
44,0,0,14,0,0,41,0,2,1,10,0,32,58,40,34,0,11,31,12,2,18,22,33,18,0,71,12,80,22,0,20
0,23,24,0,0,4,14,0,0,18,0,11,1,0,0,0,42,0,16,10,17,17,0,0,0,4,0,32,5,19,0,0
0,0,0,5,0,0,0,0,39,28,0,1,0,29,0,0,0,14,0,20,26,0,0,24,0,0,1,0,0,0,13,0
17,0,0,0,16,0,16,0,42,33,7,0,20,28,0,0,0,0,17,0,26,17,0,17,0,0,0,5,0,11,0,31
0,4,3,1,0,12,0,0,0,6,0,0,0,0,4,24,0,0,16,0,0,9,0,33,0,2,5,0,0,8,4,19
131,3,7,9,16,0,5,15,0,15,36,1,0,11,0,0,30,0,8,0,15,8,0,0,0,2,0,0,0,0,4,13
37,2,0,21,0,13,8,0,0,0,0,0,0,0,0,28,1,0,0,0,0,13,10,0,0,0,0,0,0,33,35,0
0,38,9,0,33,30,29,0,28,11,0,0,36,0,0,0,16,26,25,0,2,0,0,11,0,0,1,22,0,0,0,14
20,9,35,0,24,31,7,0,3,7,6,0,0,2,6,0,0,0,0,0,0,14,4,12,8,0,0,7,19,0,20,3
0,0,0,0,9,0,8,16,6,11,0,0,0,0,0,0,16,22,29,9,0,3,0,18,23,0,0,0,0,16,0,0
22,55,0,0,0,19,42,4,27,0,1,0,4,26,0,0,11,53,16,0,25,25,12,0,4,0,0,34,0,0,40,13
0,0,0,0,15,0,8,15,124,0,0,0,0,0,0,11,13,90,57,17,11,0,14,0,0,0,0,0,0,14,11,0
0,86,0,0,28,0,0,78,230,30,0,58,67,24,47,0,0,34,1,17,40,5,18,8,14,21,7,30,0,50,9,0
51,13,0,0,0,15,69,24,79,0,25,0,0,1,33,41,16,73,62,15,0,0,2,0,37,55,21,0,5,0,0,0
141,1,57,13,5,0,24,21,33,0,32,44,11,24,0,0,43,107,0,23,69,3,0,36,78,81,91,0,0,17,0,0
0,0,0,10,6,0,14,17,39,43,42,0,38,0,9,32,16,84,0,32,0,11,44,0,90,42,69,0,0,19,0,18
0,0,0,56,0,0,0,91,179,99,0,0,0,3,0,9,0,19,109,0,0,9,24,0,31,0,1,31,32,6,26,20
0,0,0,0,16,22,6,37,0,200,36,21,52,0,10,22,45,59,28,0,0,42,22,23,0,10,0,74,16,20,10,57
169,16,34,23,0,1,1,16,125,25,129,13,25,0,23,0,0,19,15,0,9,4,33,42,32,0,10,23,26,31,0,36
0,0,6,8,0,0,0,11,0,155,146,14,0,0,0,13,11,37,36,0,0,0,0,8,33,0,0,40,97,0,3,0
61,27,6,2,0,0,0,0,29,29,37,0,0,16,0,45,0,196,5,31,0,14,0,0,0,37,0,52,75,15,3,77
123,24,0,16,0,0,0,40,0,0,0,34,3,17,0,0,0,114,20,42,24,12,0,64,29,1,0,0,0,5,0,55
123,0,33,8,0,7,41,18,0,0,0,49,0,0,0,45,35,13,54,0,10,19,18,14,1,65,120,34,7,0,0,64
0,0,3,27,13,5,9,34,0,0,31,37,18,0,42,28,21,12,0,8,0,19,0,49,32,90,18,0,16,0,8,48
167,71,0,0,0,0,2,23,0,50,37,0,32,0,24,15,12,0,0,4,38,67,4,22,122,74,1,0,2,40,5,9
198,35,2,1,43,0,0,17,40,5,179,51,0,30,0,20,0,0,0,59,0,29,33,27,25,5,97,49,0,42,13,46
0,0,0,5,64,44,0,0,0,43,153,46,49,1,62,0,0,23,5,16,37,0,0,0,51,74,133,0,0,32,0,64
109,17,40,0,18,0,35,0,22,34,132,36,11,19,0,0,0,0,24,0,22,0,18,29,33,74,42,41,21,3,14,3
0,0,31,0,0,0,1,52,1,32,0,0,68,0,15,0,0,11,5,33,0,40,16,51,0,0,10,0,129,33,0,9
0,0,0,0,0,0,0,1,0,0,0,0,0,25,0,44,0,59,27,12,8,0,0,12,6,115,217,161,51,0,0,0
0,2,19,0,12,14,0,11,0,0,8,0,19,13,21,0,182,235,231,0,10,17,66,10,0,84,109,192,112,37,1,0
16,0,0,22,0,0,3,0,0,0,0,46,0,1,0,29,113,135,36,0,0,12,0,0,35,91,78,194,0,0,0,26
107,35,18,0,14,0,0,0,0,22,0,2,0,0,0,26,27,158,120,25,0,0,26,0,0,0,19,0,0,40,0,22
0,0,62,0,0,34,0,60,0,0,39,35,34,41,19,21,3,7,18,0,13,0,22,26,41,0,0,34,14,0,0,0
154,61,8,0,39,0,0,22,0,8,38,0,10,0,32,0,48,7,33,0,3,13,0,21,28,5,0,0,0,0,17,41
59,44,42,17,82,0,35,29,0,0,0,0,0,48,1,0,12,9,42,0,0,21,0,28,86,18,35,24,22,38,33,0
0,0,8,33,69,0,6,1,0,17,0,0,0,0,0,7,0,0,9,6,1,45,8,208,87,0,0,5,25,3,51,0
80,45,27,22,0,19,0,0,0,2,0,31,0,0,0,8,17,3,21,0,15,1,24,146,0,10,1,0,0,20,0,0
7,5,0,32,0,0,0,7,7,14,0,9,33,20,14,35,0,0,0,13,0,0,16,55,0,0,28,16,18,7,9,0
90,0,0,0,8,16,16,6,0,7,0,10,0,92,62,69,0,6,25,0,0,0,1,0,0,32,80,0,23,0,16,17
0,8,0,0,0,0,0,9,39,4,3,0,0,80,117,85,0,22,0,14,24,0,0,0,1,12,0,0,7,0,6,0
0,0,1,0,51,0,22,0,0,26,5,0,0,2,0,22,0,22,0,0,0,0,0,0,14,0,0,40,0,5,0,40
26,0,38,16,0,0,0,27,0,0,0,31,34,0,17,0,20,0,12,16,0,1,0,24,29,21,39,0,13,0,20,0
0,0,41,0,40,0,14,14,5,0,0,0,0,6,0,0,0,13,88,0,0,3,0,0,15,6,4,2,6,0,0,43
0,0,16,0,0,3,20,0,13,10,1,0,9,20,13,0,9,0,28,49,0,5,3,11,25,20,0,0,0,14,7,12
79,0,0,8,0,0,22,0,39,0,0,0,0,0,0,6,0,0,13,7,39,11,0,0,111,31,7,0,0,26,8,1
86,16,9,0,21,0,0,50,4,0,0,90,0,0,2,21,70,30,83,2,128,0,0,0,36,37,26,12,42,0,0,33
140,0,29,0,0,0,0,20,0,4,28,0,0,0,14,8,58,17,14,3,0,0,31,0,0,0,30,46,44,11,0,0
3,0,1,0,6,0,74,34,112,32,0,21,7,0,20,3,73,0,60,0,0,0,24,37,23,0,9,4,0,9,0,9
0,0,42,0,0,22,0,13,12,65,22,20,17,11,4,0,0,41,83,39,11,0,0,0,0,54,0,0,0,0,0,49
23,49,0,0,15,14,39,0,80,0,21,30,47,120,3,0,34,64,40,0,13,0,0,0,0,22,25,3,45,0,22,20
0,30,0,4,0,57,0,8,0,7,10,6,18,154,0,0,23,0,6,26,82,9,0,0,0,0,0,2,55,0,0,0
58,5,8,3,7,0,0,0,48,17,48,54,9,49,0,2,0,11,105,30,32,26,0,0,1,18,49,0,32,31,2,35
0,0,15,0,7,0,0,23,0,5,56,51,56,22,16,2,0,5,74,0,85,60,0,20,37,13,0,14,35,38,12,0
103,0,0,40,65,0,89,50,0,9,0,0,158,136,12,0,19,0,0,58,26,0,36,0,0,1,30,0,38,44,0,0
53,11,0,0,0,0,0,30,0,0,1,0,77,131,0,0,0,15,0,11,0,12,22,11,0,0,1,9,3,3,0,20
124,0,10,3,0,8,0,0,1,27,44,0,38,59,0,6,10,0,25,0,3,25,0,48,7,2,26,6,31,0,24,21
0,0,0,0,18,0,0,0,0,0,2,34,107,5,29,6,0,16,27,35,82,60,0,0,12,15,33,0,0,0,0,8
0,0,0,44,0,17,0,11,4,14,0,1,36,0,0,37,36,0,0,35,84,8,1,35,4,0,0,0,0,42,0,74
33,0,8,25,10,18,0,0,0,48,30,14,21,0,24,1,15,13,0,70,0,4,0,13,16,0,66,0,16,21,48,31
90,29,0,4,0,2,19,0,13,0,31,56,29,45,0,0,0,0,0,0,0,47,23,2,40,18,52,5,1,0,43,0
137,28,22,11,32,0,0,6,0,0,0,127,29,0,9,26,0,14,10,0,3,9,0,0,29,7,4,160,39,0,43,8
0,41,36,32,0,0,0,16,30,4,1,246,157,10,2,0,29,28,0,0,0,22,0,0,52,35,29,39,11,0,12,26
0,0,0,42,18,0,0,5,42,8,115,14,141,131,0,14,0,0,41,0,0,0,16,1,24,59,11,14,24,0,0,4
0,44,5,2,0,0,17,0,0,0,83,32,0,28,6,0,56,0,20,53,23,16,0,0,12,0,39,0,127,3,0,0
1,21,0,20,27,33,1,0,23,35,9,42,6,13,3,29,232,250,76,10,27,15,0,0,0,62,56,0,149,61,20,0
14,12,0,0,18,0,0,30,31,15,0,0,0,22,0,0,4,100,23,0,12,16,3,3,1,156,236,177,0,0,60,29
0,42,0,0,0,15,37,0,40,0,47,12,39,7,2,0,0,4,23,43,0,0,11,0,39,55,67,0,40,0,0,48
0,35,17,54,6,22,1,28,0,0,0,35,0,0,13,0,0,0,0,0,0,0,14,10,4,0,0,12,1,0,0,0
93,0,36,0,0,0,17,0,28,0,39,4,0,0,0,32,0,31,0,16,0,30,23,0,0,0,28,0,0,0,51,0
0,34,5,12,9,12,0,16,18,30,2,0,38,1,25,0,24,0,6,0,0,0,55,11,0,7,32,17,0,0,0,0
95,24,0,18,11,0,0,0,7,39,0,0,5,29,0,0,0,3,0,0,0,0,0,6,0,0,0,0,0,0,0,0
26,83,0,0,6,12,3,22,0,15,26,0,8,43,0,0,5,4,0,32,0,20,0,40,0,12,0,30,3,17,5,20
0,21,43,0,31,8,35,0,0,0,17,19,0,12,26,0,0,18,16,18,3,0,0,1,0,0,11,51,2,19,23,0
0,0,0,0,39,25,0,0,28,39,26,13,29,0,10,36,29,2,0,13,6,20,0,0,8,44,0,0,7,0,21,29
0,0,0,0,0,16,0,0,0,0,0,29,0,0,0,6,0,0,60,51,0,3,0,0,0,26,16,27,32,0,0,0
109,0,0,75,0,0,0,27,0,0,0,0,10,7,28,0,0,0,0,30,41,19,40,0,17,0,12,0,0,0,0,4
0,26,0,38,0,38,0,25,39,0,27,8,28,34,0,22,20,0,30,8,0,0,8,32,58,16,18,5,5,0,0,31
0,37,73,0,50,53,27,7,0,0,19,41,0,22,0,44,32,29,0,0,68,0,0,0,7,0,44,0,0,0,35,0
0,0,64,12,35,0,13,5,15,0,20,28,0,0,0,9,0,0,15,7,1,0,18,0,1,27,42,0,23,0,23,44
121,0,41,25,0,0,46,20,0,182,0,0,18,15,0,0,0,15,42,0,0,43,0,0,0,9,9,56,5,0,22,22
172,33,26,0,45,34,0,42,179,156,43,59,53,12,0,10,0,0,38,41,6,0,32,36,0,14,0,0,12,32,15,49
0,15,0,0,0,0,0,20,126,130,0,35,0,0,4,0,0,20,45,0,29,3,0,0,22,0,0,0,11,0,0,68
0,0,0,11,39,0,10,0,0,42,79,21,0,0,0,35,59,0,46,20,0,0,0,19,0,0,52,0,26,0,0,0
123,0,0,0,0,26,24,0,13,56,19,0,19,36,0,0,0,0,1,0,85,9,7,0,44,32,0,0,0,7,0,0
0,14,10,35,0,0,0,11,44,0,40,42,19,22,6,12,0,4,58,0,23,20,16,0,5,11,12,18,0,44,0,31
159,0,41,0,16,0,0,127,14,24,25,31,113,0,34,16,38,0,13,18,44,0,76,22,0,11,57,0,34,42,0,0
35,55,0,0,23,27,27,92,20,38,18,26,15,59,26,0,53,11,0,10,3,0,2,46,41,0,7,46,61,0,0,46
111,20,0,0,0,25,7,8,8,96,39,0,2,180,85,0,0,0,25,34,80,0,10,172,247,59,2,0,20,35,31,0
16,0,0,0,0,0,1,4,0,18,0,12,10,0,27,3,4,2,1,31,0,0,55,72,48,0,126,32,0,31,44,9
147,0,14,0,3,0,9,53,21,0,0,0,16,130,106,0,0,0,0,0,0,0,22,132,129,62,79,19,23,17,21,40
14,26,0,7,0,0,6,6,0,29,0,18,18,52,49,88,14,8,34,0,0,46,18,64,17,98,43,32,16,0,34,0
30,0,45,45,36,0,0,43,0,0,0,7,0,18,0,10,2,0,0,23,0,0,12,140,14,17,40,0,40,27,0,0
0,0,21,0,0,0,0,0,0,6,0,70,0,9,2,46,0,0,0,13,16,2,0,0,91,23,12,76,58,9,27,0
16,0,0,0,40,0,0,0,30,14,16,13,7,4,11,5,13,7,0,1,0,0,7,3,139,79,0,52,5,0,12,10
95,14,3,9,0,0,0,29,16,20,12,27,8,15,66,18,12,14,0,0,0,26,0,0,77,10,21,77,54,0,2,4
159,0,12,0,13,0,0,16,0,10,111,84,39,0,17,0,0,3,0,66,12,0,0,21,46,17,125,24,78,3,40,0
70,0,52,0,56,0,1,0,31,0,0,38,0,10,25,24,18,38,95,0,4,6,0,0,0,39,0,0,4,0,0,12
0,0,0,9,30,11,17,26,10,3,45,49,0,0,1,8,15,11,2,10,8,9,16,0,0,0,67,0,0,0,0,10
0,0,0,0,0,0,0,0,7,28,0,24,26,20,0,0,3,0,19,13,1,0,35,12,0,0,0,19,0,20,14,0
7,0,0,0,0,5,0,5,16,9,0,0,0,46,0,0,0,7,0,0,10,17,13,7,0,0,0,25,0,38,0,0
31,0,0,0,0,0,0,12,2,0,0,7,6,0,13,29,0,8,0,0,0,5,26,0,0,0,3,14,0,0,6,0
0,36,0,0,28,0,0,0,1,3,0,21,19,0,0,0,0,0,0,0,0,0,0,1,0,0,2,4,0,1,23,10
25,0,3,15,0,0,24,0,2,13,0,0,0,0,0,0,0,0,5,2,11,0,0,0,31,5,8,28,0,0,0,0
0,0,0,27,0,0,0,0,3,0,1,6,0,33,0,0,5,18,18,6,14,21,15,0,0,0,0,32,6,0,26,6
0,36,191,32,55,0,41,28,0,5,77,18,5,9,0,29,6,3,18,9,0,21,0,0,0,0,9,54,38,9,22,38
0,0,21,55,0,0,0,19,27,25,16,12,2,0,0,2,0,27,45,24,23,9,103,0,13,4,0,16,0,0,0,54
1,7,109,0,0,0,11,4,20,19,0,25,0,32,44,14,24,70,71,0,21,54,0,0,0,0,0,0,11,0,0,0
129,11,31,0,3,4,0,10,0,2,3,11,117,0,15,93,30,27,0,0,34,1,0,60,4,1,1,5,21,1,9,3
0,0,0,6,39,2,14,14,5,0,0,14,0,0,8,7,18,16,31,0,18,3,38,40,37,19,28,33,18,0,0,10
0,3,0,0,0,29,0,5,7,4,26,2,24,0,0,5,0,0,6,86,117,16,0,0,0,27,33,0,0,0,0,1
0,0,124,56,31,0,0,0,0,34,7,0,8,49,9,10,4,13,249,147,104,0,23,0,0,3,22,5,14,0,0,68
89,0,75,72,98,86,0,0,14,46,8,5,3,0,0,0,12,31,152,90,23,12,0,0,0,4,9,35,3,0,0,0
0,2,137,98,156,119,3,38,38,54,129,25,33,0,0,0,5,49,2,29,8,23,0,0,0,23,58,0,4,0,0,2
0,22,17,13,47,0,0,0,34,161,0,0,37,22,9,0,0,0,0,6,26,28,0,0,0,0,0,10,4,0,0,0
11,34,107,16,0,0,9,28,4,0,75,11,18,0,12,0,9,4,12,26,83,25,31,54,2,14,0,4,0,0,15,49
0,38,21,1,6,0,0,0,7,49,20,0,0,6,6,16,30,30,0,5,43,0,62,30,0,11,39,38,18,0,0,16
64,8,0,0,0,36,7,2,6,0,73,18,77,21,14,112,131,0,45,0,14,5,19,0,0,17,0,33,1,0,0,0
0,0,7,0,0,2,49,0,1,26,18,0,0,0,0,47,2,24,0,0,0,0,41,28,0,11,0,0,0,0,0,0
101,10,32,2,16,16,21,42,0,8,32,22,40,0,0,41,0,0,2,0,33,0,11,44,61,4,1,19,0,13,1,0
0,5,0,2,0,0,10,0,0,4,35,5,6,3,0,8,0,4,0,11,30,32,21,56,85,90,59,0,31,0,17,0
33,56,33,19,0,0,7,25,0,12,18,62,14,16,0,0,0,0,0,30,0,0,21,0,65,6,52,44,8,84,30,0
0,31,28,0,0,10,19,134,244,72,16,0,11,27,2,0,22,16,32,0,16,19,30,0,51,57,0,27,55,3,55,26
171,9,0,18,0,0,0,0,119,43,0,38,3,0,12,33,0,0,0,5,0,0,2,27,25,0,0,19,18,6,3,14
0,6,0,0,14,6,31,119,67,13,1,1,13,36,7,0,0,0,0,16,0,0,0,71,41,0,18,0,40,0,13,7
161,0,5,4,0,0,0,14,9,19,1,26,0,43,10,25,0,6,0,0,11,3,0,26,15,17,0,84,46,21,0,0
0,13,0,0,8,64,54,0,0,40,52,0,0,4,0,0,39,15,49,0,57,0,0,13,0,27,5,40,0,0,0,0
107,5,0,2,0,13,1,0,3,10,84,22,8,16,0,0,0,0,24,23,0,1,0,0,47,26,7,0,8,0,0,0
51,16,0,14,50,20,0,14,0,7,10,0,0,0,0,0,3,3,12,36,0,5,19,0,56,3,58,0,82,13,21,0
41,1,16,17,22,0,12,9,0,8,12,36,0,19,16,21,0,68,0,14,0,0,0,0,0,49,11,0,8,0,10,3
0,0,1,28,16,0,0,0,11,0,15,0,0,0,0,65,11,0,0,6,0,0,7,0,0,33,0,16,0,0,0,36
13,3,0,22,0,0,47,3,17,0,3,59,30,7,0,0,0,0,0,11,16,0,0,21,0,0,0,0,0,0,0,18
42,3,4,0,0,0,5,0,0,31,0,7,0,0,6,3,19,5,0,14,11,0,0,0,0,20,0,0,0,0,0,0
0,0,16,8,0,13,0,0,14,0,4,0,2,16,0,16,0,0,1,15,0,0,0,0,7,0,11,0,8,0,0,0
0,0,8,16,0,0,0,9,30,0,17,0,9,3,0,0,0,2,6,22,0,10,0,0,0,6,0,24,29,0,2,0
0,0,0,2,26,31,27,0,27,0,2,0,50,34,22,6,41,0,25,0,17,0,4,0,0,6,19,0,16,0,33,24
36,8,0,0,0,0,0,0,9,0,0,0,0,0,8,1,0,0,0,0,1,2,30,16,0,14,8,14,0,24,2,0
0,20,0,13,0,43,33,0,62,25,71,0,0,38,0,7,12,0,9,0,175,12,11,11,0,0,0,0,0,1,0,31
63,0,209,15,8,0,0,6,0,2,40,41,16,0,0,0,0,0,37,41,0,3,0,0,19,5,42,8,0,18,0,0
69,24,117,70,58,37,9,43,0,0,32,49,0,0,35,7,32,22,218,3,0,9,0,0,0,15,0,14,8,15,1,18
106,0,142,49,0,32,0,0,2,0,63,42,54,0,34,0,0,17,47,0,8,10,20,70,0,0,0,17,0,18,24,0
49,22,21,242,29,0,7,0,17,13,77,0,0,38,0,44,11,18,21,0,26,31,0,28,9,0,25,0,20,0,30,53
0,21,0,29,41,24,4,0,0,4,0,36,0,26,0,0,0,7,0,8,49,4,0,25,0,0,0,14,0,0,0,0
0,0,38,0,12,28,0,13,0,0,45,0,0,0,0,0,0,0,0,31,77,3,43,13,50,0,0,0,0,22,2,10
47,0,0,0,0,27,8,0,0,47,62,0,0,6,14,7,0,11,147,168,75,121,25,0,0,36,1,0,5,45,14,0
0,70,0,0,13,82,11,0,0,70,30,9,0,0,0,23,0,49,5,74,121,49,59,63,3,0,0,1,11,0,0,53
0,33,0,71,197,0,0,21,13,44,44,0,16,15,0,0,3,38,85,137,84,182,26,23,9,0,0,31,7,7,32,0
0,22,0,43,83,18,57,58,5,5,37,0,53,30,0,16,3,0,98,196,192,22,56,123,9,0,0,0,7,37,12,36
80,0,0,78,48,36,59,0,18,66,48,0,1,0,0,0,35,41,13,98,0,0,0,4,28,12,0,8,22,14,0,0
187,2,3,4,0,15,60,0,13,0,24,20,91,23,0,0,0,11,49,14,0,0,55,33,0,0,0,46,21,52,0,0
0,0,0,0,16,0,73,41,0,0,0,117,15,1,0,49,11,5,0,0,4,0,0,0,17,0,46,9,56,0,7,0
110,90,0,0,0,63,0,63,0,0,15,48,0,0,35,21,31,32,0,0,32,12,10,34,36,0,0,8,36,2,0,18
0,19,29,0,19,9,2,14,0,32,0,0,38,9,0,0,0,10,153,62,4,10,0,59,0,34,39,6,39,9,53,0
0,4,3,0,4,21,0,5,25,1,0,6,0,5,8,15,1,24,74,0,6,12,4,7,32,0,47,39,21,52,15,18
0,2,30,32,50,0,5,28,18,17,0,0,19,0,84,19,23,35,69,49,40,0,0,2,86,51,21,0,33,14,0,68
73,0,0,0,16,0,3,6,45,2,26,0,1,28,6,0,3,3,10,0,0,7,0,6,31,0,6,43,3,7,22,25
0,0,0,0,9,0,0,0,43,42,0,0,0,5,0,32,9,22,0,0,3,0,3,0,1,31,26,0,40,0,0,0
167,16,0,34,0,11,0,14,23,0,10,44,11,0,8,3,14,0,2,23,0,0,0,0,26,46,26,21,16,0,0,0
0,86,0,12,16,0,23,0,0,7,31,23,0,10,25,0,14,0,0,31,0,13,0,0,0,61,84,12,29,16,0,10
41,0,0,0,0,7,6,0,0,21,69,54,24,3,38,0,19,1,0,5,3,0,0,0,7,0,54,0,6,4,0,6
0,0,42,25,13,0,29,0,24,63,193,74,0,0,5,6,2,6,7,54,7,0,26,0,0,0,6,0,23,1,8,0
0,0,1,0,0,5,52,0,0,30,16,0,0,54,0,0,30,0,28,65,0,0,38,0,28,1,25,0,23,32,38,3
0,0,0,25,0,0,0,60,8,5,0,51,13,0,0,40,45,4,72,0,30,7,0,0,0,0,8,0,0,36,0,19
68,0,0,0,12,23,13,0,7,0,37,2,0,29,0,0,0,32,0,10,0,0,0,19,15,0,3,9,7,0,0,68
46,0,0,0,15,0,0,12,11,1,9,0,0,0,7,22,15,0,5,3,0,0,0,0,0,21,13,22,3,0,1,0
94,32,11,0,13,0,2,18,0,0,0,36,0,0,0,0,0,28,27,9,0,0,0,32,6,0,31,16,39,13,34,0
0,0,0,0,0,13,0,51,40,13,34,0,0,32,0,6,0,0,0,20,0,0,0,0,0,0,0,0,0,48,0,0
70,0,0,0,4,0,9,26,0,46,0,7,0,0,16,5,0,14,6,2,2,0,0,11,1,4,14,0,0,0,0,0
0,0,0,4,0,5,9,20,0,0,0,0,0,26,0,22,6,9,0,0,9,0,0,0,1,0,0,9,14,22,9,10
