0,41,28,0,0,16,0,0,38,4,37,15,41,9,26,0,19,16,0,0,0,19,16,4,0,11,0,8,16,0,0,0
0,46,37,8,0,29,0,8,0,0,0,13,0,30,0,80,0,0,10,1,0,27,6,5,0,0,17,1,9,45,28,18
72,0,0,0,42,0,17,51,0,0,0,0,0,0,0,0,0,0,13,0,25,90,1,25,0,0,0,0,22,5,0,23
121,58,14,0,4,80,30,0,15,29,7,6,76,0,0,58,0,0,0,35,30,69,23,3,20,2,41,0,60,7,38,0
0,0,13,35,48,0,24,19,5,7,0,6,2,10,22,28,16,0,19,0,2,0,0,42,26,4,11,0,26,10,7,0
0,0,21,0,21,0,61,2,24,8,44,106,4,0,0,12,26,36,0,19,44,16,29,20,29,9,23,0,5,0,5,0
0,20,5,0,0,0,0,0,0,51,17,8,43,13,16,45,0,0,1,0,15,21,68,0,0,46,83,0,0,0,0,45
89,0,27,46,1,14,50,16,4,26,56,33,0,0,45,10,0,0,0,0,0,6,0,17,51,3,42,0,0,0,0,0
212,2,18,4,35,0,16,0,6,28,0,0,29,39,0,13,0,68,7,18,0,0,0,24,25,0,0,0,3,9,0,20
0,36,7,16,17,0,0,25,139,26,8,21,29,25,12,26,68,48,60,0,0,0,0,15,0,1,0,0,135,0,12,69
165,0,0,0,0,48,3,26,2,0,32,43,0,28,0,50,42,35,59,0,73,32,0,0,39,16,44,27,0,20,0,8
0,14,27,1,0,8,39,178,81,11,13,0,0,0,0,49,0,8,7,2,35,0,16,10,152,102,30,6,0,11,0,0
3,0,17,0,34,0,25,48,157,0,54,35,24,0,32,55,42,3,83,2,5,0,21,0,14,36,60,38,43,0,0,0
129,1,45,0,30,0,0,6,8,74,12,0,22,1,9,3,43,8,23,2,22,4,49,4,6,23,14,70,2,17,5,33
0,17,0,16,0,0,39,19,28,28,0,9,58,0,0,25,3,32,35,4,31,0,35,0,0,0,26,14,49,0,9,0
109,0,5,7,0,23,0,0,33,0,5,4,0,0,0,0,3,1,11,0,27,36,56,38,0,0,248,140,0,8,5,23
0,0,2,6,8,14,20,0,29,25,29,23,13,0,0,24,0,0,22,0,30,23,22,0,130,97,67,79,41,56,44,0
0,0,0,21,0,0,0,0,11,67,13,10,53,10,17,0,0,0,0,2,1,0,16,19,148,65,15,0,12,0,0,65
0,0,0,0,0,19,0,0,14,35,50,32,32,68,0,57,98,0,22,11,30,39,16,113,39,27,32,72,19,18,26,0
0,0,20,14,14,8,32,0,30,0,57,19,53,0,14,15,119,0,8,0,11,0,16,9,6,22,0,0,0,0,0,29
0,0,1,42,28,0,2,31,0,0,0,83,45,49,13,35,9,13,0,25,0,57,0,0,32,0,0,27,41,37,0,27
0,0,0,0,0,28,0,0,12,16,16,80,6,23,0,0,0,8,6,105,0,8,18,97,34,0,0,33,0,9,0,8
0,18,0,24,0,58,0,19,9,0,0,84,24,125,4,0,0,0,0,20,0,49,142,114,32,23,4,0,2,0,0,0
0,0,33,20,81,0,3,32,0,0,0,58,11,7,32,7,0,10,15,35,51,4,116,0,36,14,6,0,20,0,0,23
40,0,42,41,0,0,28,4,1,12,34,39,6,0,0,1,60,0,21,16,0,0,0,21,0,0,15,0,0,46,0,0
128,0,70,26,29,0,19,22,0,0,0,44,16,0,30,0,8,0,30,5,0,4,4,0,26,15,63,0,43,0,33,65
49,0,2,2,2,0,26,19,29,9,0,0,0,25,20,10,0,0,15,8,0,7,38,3,0,3,29,0,0,0,0,0
0,0,11,5,0,0,0,31,30,0,19,5,0,51,201,88,31,0,0,0,8,14,16,35,28,0,0,0,0,0,0,7
59,0,9,0,51,0,6,13,0,0,0,0,0,0,34,0,10,81,0,0,0,0,8,21,5,0,58,11,0,42,0,0
0,0,0,19,0,15,0,0,22,5,0,0,0,0,0,19,31,8,55,0,0,21,0,0,0,0,0,30,9,0,0,0
0,0,14,4,3,0,0,4,0,4,0,16,4,32,5,0,0,41,0,0,0,7,0,16,0,4,0,22,0,24,7,0
89,0,0,0,0,44,16,0,21,6,9,10,13,0,20,0,2,2,13,0,23,0,0,46,0,0,23,9,0,0,0,3
0,19,58,13,4,5,0,0,0,0,0,1,5,38,2,20,4,0,28,22,9,1,0,20,4,3,30,0,0,0,0,33
18,27,4,0,0,5,0,0,0,0,0,0,0,0,37,0,0,0,0,48,7,0,23,10,43,32,14,5,0,2,0,0
27,0,39,42,0,0,65,3,8,26,9,50,10,33,0,23,0,0,0,24,0,0,0,37,17,0,0,0,0,36,0,32
17,25,6,0,0,37,0,0,0,34,2,3,22,23,7,0,25,17,6,19,29,0,0,21,0,9,26,0,0,0,4,13
12,14,5,0,25,0,6,18,0,19,18,1,0,5,0,31,8,4,2,0,25,3,20,32,3,4,21,0,0,1,0,0
0,0,50,16,19,0,0,3,6,0,76,47,3,29,9,0,34,0,31,9,85,25,60,3,22,7,0,20,12,0,0,34
7,47,51,0,13,0,0,42,0,0,5,52,16,7,0,23,18,0,7,30,13,0,48,23,28,0,45,9,11,0,0,0
46,169,56,36,25,65,40,0,77,0,0,0,0,0,5,0,0,11,44,10,17,7,30,7,17,23,0,37,16,0,0,35
200,196,54,35,16,22,0,0,0,21,0,25,9,2,0,74,27,58,11,9,23,0,0,8,0,4,0,0,8,0,0,31
41,50,60,70,95,44,60,30,3,0,8,0,0,0,7,4,0,53,22,18,24,1,62,37,0,32,40,5,49,12,21,26
33,41,0,77,7,9,0,85,18,49,16,0,54,53,0,13,0,0,0,67,58,0,0,36,0,0,0,34,62,25,50,0
0,8,9,0,48,13,44,7,52,13,15,21,0,19,21,0,15,0,84,141,139,19,0,0,21,95,68,29,21,23,2,11
28,52,0,0,5,0,28,0,10,26,50,0,11,19,0,0,0,7,233,84,103,14,0,0,0,6,49,25,51,0,25,0
16,0,37,2,4,13,16,0,15,0,0,10,13,0,0,0,0,33,31,41,92,16,110,0,0,0,0,0,56,0,0,0
0,17,12,15,0,68,30,22,58,20,39,86,26,17,0,0,1,6,63,38,96,37,40,24,44,0,28,40,9,0,36,0
0,6,16,5,41,0,21,31,152,205,139,20,0,0,10,7,5,0,10,0,132,64,0,56,65,38,48,39,8,0,0,11
34,0,3,19,14,56,37,31,26,0,126,58,0,0,14,21,15,11,0,8,0,0,0,8,33,10,118,42,12,23,46,0
30,0,1,0,8,33,13,33,0,0,0,23,177,123,96,39,38,111,0,1,0,20,65,6,55,34,0,0,18,13,8,26
0,0,20,21,62,0,3,28,1,39,29,57,10,26,39,25,172,9,24,0,24,55,8,26,16,32,8,0,0,33,0,0
26,0,35,0,25,0,0,0,12,31,0,39,88,2,28,33,1,0,2,30,54,23,34,0,29,4,31,0,51,20,0,0
72,9,17,7,0,47,0,0,39,1,39,70,0,45,0,0,0,0,31,18,0,98,0,18,2,7,0,52,49,0,1,0
74,0,18,19,0,6,0,9,0,4,10,0,0,39,0,1,3,30,14,101,3,148,10,3,50,0,0,0,14,7,0,3
8,0,44,11,9,20,0,0,35,57,37,0,0,31,0,0,0,9,0,0,4,0,38,23,14,62,0,0,0,0,0,0
0,0,18,16,44,0,4,16,153,115,0,70,46,0,55,7,33,0,0,0,5,0,9,0,14,0,0,1,0,5,0,0
63,0,0,11,14,0,0,0,41,143,94,101,0,57,0,0,0,5,0,0,19,19,0,0,0,0,76,46,29,0,12,0
0,5,0,0,0,24,0,5,0,0,52,0,13,0,7,0,5,5,0,12,0,0,0,0,12,45,0,0,27,0,20,0
0,27,0,0,15,34,0,0,0,0,11,61,0,0,0,27,0,19,23,0,0,24,16,0,0,40,0,22,0,0,18,0
0,0,19,24,9,4,0,8,0,0,0,0,0,36,0,4,14,18,0,4,0,10,0,0,0,7,0,7,19,10,0,80
0,11,0,42,10,0,6,8,2,0,21,0,9,0,0,23,0,70,10,0,0,0,0,0,0,0,0,12,0,0,0,0
11,0,5,0,0,0,10,0,3,0,35,0,2,4,0,0,0,1,28,0,13,3,0,0,12,25,0,0,1,0,0,0
7,9,0,0,0,50,10,10,0,0,19,34,25,0,5,11,4,0,13,7,48,4,42,0,24,0,4,6,0,0,0,6
0,1,67,0,21,0,2,0,13,10,9,0,33,22,30,0,31,7,9,28,13,0,0,2,34,0,17,0,36,5,16,3
91,0,4,11,0,13,20,46,4,61,18,5,0,0,0,40,0,0,0,12,5,0,5,2,46,34,0,0,0,0,3,0
0,12,0,0,3,1,16,0,13,21,0,0,0,21,39,0,84,188,2,0,0,0,0,0,0,37,0,0,29,0,0,52
63,12,0,0,38,3,74,41,3,37,66,20,17,0,32,65,81,46,43,16,0,33,9,12,23,23,29,0,57,0,24,0
53,18,67,32,3,0,55,81,25,16,9,3,8,16,6,97,10,39,3,34,14,16,5,0,0,16,0,23,12,17,16,0
33,20,0,0,15,60,126,49,17,13,0,33,22,16,78,44,0,0,0,23,0,0,51,31,0,27,0,0,36,3,20,22
17,40,33,62,0,28,74,0,0,35,5,40,17,50,38,0,81,80,0,0,55,0,100,9,0,0,5,18,0,0,0,0
0,3,1,18,0,0,0,46,0,20,0,12,0,0,9,17,0,9,4,25,99,37,0,0,0,11,55,6,20,25,0,0
4,0,0,14,0,17,65,26,22,37,0,16,12,0,42,26,33,14,23,35,17,29,0,19,2,14,0,0,20,16,28,0
24,0,0,0,0,0,32,59,6,69,19,6,0,1,1,44,18,0,14,45,0,0,17,18,76,3,13,0,0,37,0,0
26,13,48,42,0,0,0,0,0,30,0,0,49,18,11,12,0,1,136,66,28,11,8,6,0,0,90,39,4,13,17,0
0,0,18,0,77,0,7,39,21,0,0,26,20,0,24,33,28,179,77,55,32,3,14,0,19,23,25,57,23,0,5,2
72,4,28,14,0,6,0,26,6,6,4,0,0,0,0,0,138,0,52,23,65,13,50,0,12,68,17,2,0,8,0,0
44,44,2,0,40,3,0,0,3,2,0,2,26,0,44,162,126,14,71,79,7,7,0,1,8,14,0,10,49,0,13,0
31,93,0,0,9,8,0,0,97,48,17,0,0,3,26,11,6,64,45,17,48,10,65,22,7,53,16,0,3,16,0,36
94,146,80,39,34,20,0,52,158,40,0,10,0,25,0,0,5,0,0,68,30,20,0,13,0,0,50,0,25,0,11,0
11,12,4,0,34,0,33,80,218,158,61,0,0,16,0,0,27,94,11,1,22,35,0,3,27,1,21,26,27,11,0,9
91,11,9,19,53,14,0,17,58,24,0,10,0,19,0,23,223,172,0,3,57,0,16,0,29,11,35,10,0,40,10,2
52,0,0,10,0,0,0,0,39,10,3,10,8,0,29,208,225,3,44,22,0,22,72,0,68,43,46,0,15,0,4,1
119,1,9,0,0,40,0,0,12,0,23,6,23,25,16,101,8,20,0,0,23,0,38,11,71,19,52,0,30,31,0,0
14,6,10,16,7,31,0,41,0,17,65,0,0,21,0,0,0,10,0,21,15,0,15,114,8,0,0,0,61,38,0,18
146,4,0,3,60,0,33,14,34,39,2,9,24,8,0,0,0,6,41,36,0,34,46,0,36,73,4,46,14,0,23,0
11,0,30,63,8,0,31,31,4,7,7,22,0,0,0,0,18,0,3,10,15,6,0,11,23,4,0,17,0,20,29,86
0,33,8,4,0,0,0,34,51,13,45,25,23,17,7,0,0,7,48,20,38,0,42,0,58,21,0,33,6,12,18,0
0,0,0,0,0,64,0,0,91,172,193,0,17,0,0,0,0,0,8,20,22,0,55,0,37,4,0,2,0,0,7,0
0,0,0,0,10,61,0,32,17,58,11,20,0,18,7,14,0,6,0,0,0,14,0,6,0,19,17,0,18,0,0,0
24,0,38,51,96,37,34,8,49,11,0,13,0,0,8,0,3,0,26,0,0,0,0,8,16,0,0,0,6,0,19,38
7,22,49,6,5,0,7,0,0,34,40,0,13,37,0,0,0,0,0,29,15,0,11,6,0,0,0,43,6,66,37,0
4,2,21,48,64,0,0,0,0,0,10,0,51,20,16,0,0,24,0,0,23,0,51,1,38,23,21,0,2,11,0,6
0,0,0,51,3,27,50,0,0,29,28,0,0,0,36,0,0,0,0,7,16,0,0,0,31,6,2,0,0,28,0,61
0,0,1,2,16,64,0,6,35,0,0,0,0,69,0,0,10,35,7,0,0,0,0,0,0,4,29,5,0,14,17,32
0,23,0,2,25,0,0,49,0,0,42,25,0,10,0,0,1,18,0,0,10,0,10,39,13,0,0,23,0,0,0,0
0,1,25,0,24,2,6,0,0,0,69,0,24,0,0,15,0,32,23,0,64,0,0,6,0,20,0,0,19,6,3,33
70,26,5,0,36,0,52,27,85,47,39,2,0,0,0,57,0,0,40,0,58,18,59,3,0,15,1,0,0,12,12,79
0,29,0,30,0,0,0,0,96,6,45,34,0,0,22,9,0,243,20,0,7,23,0,0,57,11,0,0,0,0,22,0
27,10,0,0,21,0,0,54,2,28,0,0,43,28,23,17,11,114,13,0,0,53,32,0,0,0,30,34,29,12,0,0
0,2,0,5,31,0,62,53,149,0,70,0,76,32,11,0,10,44,0,11,15,0,12,0,0,0,50,32,0,0,7,0
28,36,0,23,0,48,0,0,67,60,0,34,0,57,0,23,0,0,0,0,57,48,0,21,0,0,0,11,0,13,0,33
13,10,0,0,0,67,30,48,44,10,32,96,24,0,10,30,48,15,0,28,95,0,9,12,8,0,12,0,14,0,0,0
5,0,15,0,7,40,0,0,29,18,55,0,0,0,22,16,0,39,37,23,0,0,80,0,49,0,7,12,0,0,0,9
22,0,10,0,63,18,69,3,0,3,0,37,0,10,1,17,0,31,0,34,0,18,101,19,26,20,30,29,12,0,12,5
35,66,0,24,0,11,0,39,0,63,12,0,39,0,0,92,0,0,0,50,0,19,0,0,14,49,0,0,0,10,0,41
218,70,34,2,31,6,12,31,23,0,26,0,10,0,0,22,0,0,10,18,71,11,4,29,8,2,5,0,25,0,0,16
71,242,145,7,12,0,2,22,0,0,60,0,0,0,21,77,0,61,141,50,54,73,0,0,29,20,48,23,33,0,28,0
0,48,116,21,16,0,0,0,0,0,11,0,1,4,0,39,19,122,68,166,223,66,0,0,35,14,13,90,52,15,16,0
23,0,39,141,19,34,4,26,28,35,0,0,0,6,0,0,0,26,137,138,197,33,0,0,5,29,4,0,68,11,34,0
0,0,21,2,0,11,20,43,20,6,17,2,0,0,0,4,0,0,5,48,137,12,53,6,23,16,10,0,7,0,0,0
0,39,53,6,54,8,26,0,3,1,30,29,22,0,9,22,0,0,0,158,31,0,0,1,0,40,44,0,29,0,0,18
0,0,51,0,138,129,61,32,19,0,59,18,74,0,3,20,0,0,14,19,4,22,0,10,54,59,27,22,0,0,0,5
165,0,19,49,246,124,199,0,8,34,19,51,216,61,0,0,0,0,0,0,0,28,20,33,32,9,27,48,1,38,3,43
0,0,23,9,36,57,61,2,0,7,8,10,145,190,0,0,0,25,0,3,0,13,53,4,75,19,35,0,0,26,0,0
0,0,0,0,36,64,0,20,0,14,7,40,105,25,0,0,0,6,4,0,4,33,45,13,16,9,0,10,8,0,14,2
0,36,2,0,56,0,0,6,0,5,28,14,0,0,0,0,0,0,2,32,2,12,54,80,18,16,22,0,34,0,0,11
0,20,0,0,18,38,0,0,27,5,27,35,0,0,0,0,0,52,0,17,71,35,50,0,24,0,0,83,0,0,24,25
109,0,0,19,0,0,0,12,0,0,0,8,0,0,7,1,0,12,0,0,0,21,4,0,94,0,40,37,29,0,9,12
0,0,27,23,22,30,0,18,11,48,75,60,26,0,0,16,26,0,0,45,0,0,0,25,45,4,4,0,0,2,0,0
31,0,0,0,89,0,11,22,0,56,19,0,0,0,23,0,0,0,0,14,0,5,0,0,39,5,0,12,0,0,0,0
0,0,1,0,22,38,32,43,8,58,0,51,0,23,0,19,0,12,7,26,0,0,0,0,0,35,0,14,17,40,18,0
0,0,0,24,0,10,9,0,1,4,37,38,228,65,169,36,0,3,0,0,0,10,0,9,0,0,18,46,0,0,0,0
88,0,3,21,0,16,1,0,2,26,16,5,30,232,252,95,0,10,0,10,0,42,13,14,18,0,0,30,21,0,36,18
31,24,0,0,27,0,16,4,14,10,14,14,6,123,115,39,11,32,14,7,9,0,20,10,0,10,3,1,14,0,2,0
0,0,0,25,0,0,0,0,28,34,30,0,0,50,17,0,1,24,5,0,27,8,11,0,2,0,0,70,0,24,21,0
0,48,0,0,24,36,75,0,12,0,0,0,0,15,22,0,55,7,34,0,42,0,37,12,0,18,21,6,9,0,22,0
0,0,0,7,15,0,14,0,0,0,32,20,0,0,50,30,0,1,61,0,0,0,10,5,0,6,0,0,0,8,0,0
0,34,18,5,56,30,0,36,22,0,19,6,8,44,0,0,0,27,0,4,0,0,0,0,36,11,54,0,1,0,0,0
80,26,0,0,0,21,9,0,0,72,35,0,0,14,0,0,8,0,16,1,0,0,0,11,0,1,18,0,0,6,0,19
0,0,17,0,0,0,0,35,11,48,2,5,0,0,5,27,9,17,0,0,58,1,0,28,18,0,0,0,9,0,2,0
34,0,38,12,0,0,7,0,11,24,36,0,15,39,0,0,0,70,19,33,41,0,0,14,21,0,11,16,8,4,0,0
52,0,0,0,0,3,0,58,5,0,22,96,51,0,0,40,30,21,0,62,0,3,17,0,16,21,23,0,0,0,0,0
0,0,0,0,0,0,0,20,0,4,34,44,11,102,0,14,12,6,0,26,37,2,0,0,4,0,0,0,3,0,2,35
0,0,0,6,18,0,0,0,0,2,8,116,0,7,31,0,25,0,0,6,45,0,28,18,0,10,17,0,0,16,0,0
50,9,0,0,0,0,12,2,33,43,98,38,5,19,0,18,34,35,40,0,0,0,35,0,39,25,20,7,0,3,0,53
0,44,17,12,0,3,0,0,0,40,85,29,27,14,44,0,47,5,9,40,0,0,0,0,65,125,27,0,24,5,0,0
67,125,32,0,0,0,14,0,28,0,3,60,0,7,29,100,53,53,0,30,10,0,0,0,0,179,9,27,13,2,0,0
20,78,36,15,23,40,35,0,7,0,0,26,0,8,109,0,0,0,11,0,78,5,0,0,0,7,4,0,2,34,0,0
0,0,2,34,0,56,0,0,8,10,14,27,0,102,46,55,87,19,0,20,9,0,0,67,52,36,16,2,15,0,36,35
0,32,5,23,0,23,13,0,0,0,8,12,41,24,102,53,3,14,12,0,124,23,85,38,121,35,44,46,12,0,35,0
98,0,0,79,6,41,66,136,9,4,44,1,1,0,16,24,0,5,88,81,38,0,20,35,60,36,7,11,52,16,0,40
41,0,115,0,0,25,73,91,148,0,41,57,0,0,0,34,71,0,57,0,71,61,22,32,0,0,24,0,43,10,124,100
0,49,79,15,1,0,16,92,55,50,0,0,52,0,0,0,17,0,0,67,29,51,4,70,32,44,56,2,44,80,34,0
0,1,51,35,1,13,0,0,64,117,34,0,16,32,0,0,0,22,29,4,46,75,2,60,63,117,67,62,47,0,14,5
125,2,0,27,6,25,56,0,44,16,0,0,10,21,16,0,22,22,14,0,60,23,33,57,29,16,62,144,177,27,20,23
97,0,4,34,72,31,39,57,30,22,0,0,10,23,2,0,2,2,0,48,38,17,27,50,30,78,136,254,63,0,0,1
0,0,11,36,2,44,61,0,53,16,16,0,3,6,0,0,33,11,8,0,17,18,19,6,27,61,93,149,2,0,36,0
0,16,0,0,13,74,73,45,24,67,137,153,36,13,0,0,13,40,0,5,27,0,49,10,5,6,21,5,7,32,4,0
109,5,0,0,0,33,3,5,89,74,17,53,0,3,0,0,0,31,0,25,5,72,0,18,0,6,0,0,0,19,0,9
0,0,45,0,16,69,81,60,40,9,235,19,100,0,0,0,0,0,240,157,0,0,21,25,55,19,104,0,1,2,0,4
82,0,4,43,24,19,58,12,60,11,134,16,39,23,8,24,0,154,78,14,0,0,0,2,10,22,0,0,0,0,5,0
0,0,0,22,0,0,26,0,17,94,158,60,22,55,5,0,0,2,0,0,0,0,14,0,24,0,0,18,0,22,0,0
48,0,0,29,0,0,0,0,32,81,175,29,30,0,8,0,0,0,0,17,14,17,23,12,28,0,27,9,0,0,8,1
0,27,33,0,0,0,1,26,0,129,68,0,24,0,4,0,0,0,0,0,0,38,0,0,0,0,0,11,12,25,0,17
0,0,3,0,8,0,0,57,67,229,41,51,5,0,0,3,22,2,0,10,8,0,3,0,12,0,0,17,21,3,16,6
0,25,0,20,0,0,0,3,62,0,75,32,11,0,8,0,0,10,21,0,0,21,0,0,0,15,0,9,16,0,33,0
0,0,32,2,39,24,19,33,52,19,0,0,0,0,0,1,0,0,0,8,0,2,0,0,0,7,6,30,10,0,3,18
44,0,0,2,1,27,16,0,83,3,10,0,3,0,0,3,40,11,69,74,0,0,0,0,11,0,19,1,0,2,0,0
0,30,0,0,0,14,0,0,0,0,4,0,0,0,0,7,25,69,232,175,0,0,0,0,2,0,0,0,33,0,0,46
64,0,0,14,0,12,10,2,0,5,24,0,0,17,0,0,47,197,129,63,8,0,0,11,33,0,0,0,0,27,0,0
0,21,0,31,0,2,5,0,0,11,38,22,0,2,32,0,31,11,26,0,0,0,0,0,0,0,0,26,0,0,0,0
0,1,0,0,0,0,1,16,0,49,12,0,10,25,0,0,0,0,0,0,0,21,2,22,16,2,0,0,0,15,0,39
46,9,26,0,34,0,40,0,39,19,30,18,19,0,9,0,33,33,40,0,0,6,0,5,0,0,0,7,15,0,0,17
0,0,0,0,0,0,0,40,30,31,0,16,104,0,0,0,0,7,0,21,38,60,6,36,0,0,1,9,6,0,0,67
0,23,0,0,2,0,28,7,18,0,24,9,0,17,0,0,13,39,32,9,70,0,0,42,7,15,0,10,0,21,0,0
0,0,0,0,0,20,0,0,34,0,73,124,0,0,22,15,31,0,30,0,123,36,61,10,29,0,4,0,0,0,2,71
0,9,1,0,48,14,43,11,20,37,0,0,0,25,0,29,0,13,21,0,1,14,54,10,0,12,30,0,26,19,24,0
29,0,49,12,22,20,0,0,40,0,0,83,0,0,33,12,18,5,27,3,0,0,0,0,4,27,28,75,33,0,0,0
0,157,1,7,16,4,0,14,24,24,35,100,0,7,56,61,55,57,20,23,0,23,9,36,28,0,82,210,12,0,57,10
0,0,0,0,80,5,115,0,4,0,0,0,39,0,30,75,5,28,10,2,0,0,34,19,28,22,78,34,43,5,15,23
0,73,6,7,0,38,0,128,0,4,26,0,1,68,56,17,0,54,0,8,0,34,0,50,11,8,0,15,0,0,21,41
0,34,4,0,37,0,0,61,1,0,29,0,10,34,40,0,84,98,9,0,8,18,0,0,0,22,33,38,15,0,0,68
88,0,36,38,0,0,0,96,139,0,0,0,0,0,60,28,16,13,67,22,0,19,0,0,51,32,21,44,0,45,11,4
13,17,34,55,11,31,15,19,70,1,0,5,0,0,25,37,44,9,20,12,35,21,55,0,12,2,6,0,99,42,0,80
0,69,38,24,69,3,11,50,180,99,32,0,21,0,29,38,46,0,0,13,2,23,0,41,49,37,129,19,40,5,131,54
0,0,0,13,14,23,7,14,125,136,22,0,16,0,0,1,25,0,22,28,42,38,0,33,70,17,13,44,45,0,0,0
0,2,0,22,0,37,0,0,32,0,0,3,0,21,0,18,0,0,45,6,26,0,36,3,0,0,44,136,83,50,39,28
84,18,0,26,50,0,44,51,0,0,0,2,42,0,0,1,0,0,17,29,0,15,49,0,103,14,175,26,0,46,44,0
65,0,14,24,0,45,28,21,0,23,6,16,0,24,16,0,0,4,0,18,0,0,28,32,0,100,224,44,0,13,0,14
0,0,10,0,5,27,32,4,17,0,0,18,35,43,45,0,53,0,28,0,21,0,22,10,16,12,138,29,0,0,0,0
0,0,30,0,41,51,39,33,54,12,174,113,3,0,29,6,37,2,0,15,0,36,0,22,52,40,0,7,13,4,4,13
0,0,0,0,0,80,47,0,31,34,245,9,0,0,19,34,0,0,0,0,50,29,32,0,0,5,0,0,0,0,1,32
110,3,34,0,31,0,32,22,79,6,39,98,0,0,19,17,20,14,40,30,27,6,18,0,13,19,36,0,12,22,0,0
68,17,0,31,0,61,20,0,44,46,112,71,0,0,0,0,0,0,3,19,0,1,3,0,0,0,0,0,5,0,0,46
0,0,2,10,0,0,22,30,7,100,19,55,0,0,0,55,1,4,0,0,0,7,0,3,61,47,0,0,45,22,9,45
16,0,35,0,27,8,0,3,32,136,60,63,0,33,0,0,0,4,16,7,7,39,0,0,8,0,0,42,38,19,4,0
0,1,0,0,0,0,0,18,0,206,9,16,0,0,0,26,0,0,0,0,13,31,0,0,0,20,0,0,0,0,19,43
32,9,0,6,0,5,0,0,26,0,22,28,0,0,19,10,0,2,8,13,10,28,3,14,0,9,3,0,2,11,0,55
0,0,11,36,0,38,0,29,0,0,0,31,15,0,0,11,4,27,107,11,27,0,0,0,0,12,0,0,0,48,0,79
0,44,0,25,0,1,0,42,7,0,0,0,0,35,7,0,76,47,31,11,0,0,0,59,0,0,0,12,27,8,0,62
62,3,0,0,6,27,18,0,0,13,0,32,0,0,65,62,167,121,130,0,0,2,0,1,14,10,0,0,30,0,31,29
53,0,0,0,0,0,0,0,0,0,18,0,0,0,18,0,46,100,18,11,5,0,0,0,14,0,0,36,17,0,0,3
0,21,16,0,16,21,11,9,10,39,44,0,3,45,0,0,0,0,0,0,0,0,22,0,17,11,0,0,1,8,10,0
0,0,5,18,0,0,0,0,14,13,9,39,39,51,18,11,25,0,32,0,0,0,28,9,0,20,0,0,48,0,0,58
23,4,0,0,0,19,0,0,10,5,0,19,0,0,0,3,48,7,10,0,6,0,18,15,14,31,19,35,12,0,0,43
65,4,46,0,2,1,6,34,7,34,11,64,80,0,53,67,19,48,1,0,34,55,35,45,16,0,0,19,0,17,0,5
0,0,0,28,0,0,0,0,0,22,34,0,18,33,0,0,0,0,0,29,0,0,0,0,13,9,26,21,12,0,0,31
45,2,0,5,0,6,0,0,7,47,28,149,10,54,0,0,67,0,21,6,0,0,0,5,62,0,35,0,0,0,0,36
0,0,8,0,19,1,2,0,0,0,79,0,7,50,0,6,0,8,38,0,0,0,51,15,0,0,0,0,0,0,0,10
0,28,42,0,0,26,0,0,0,0,57,29,0,21,13,0,80,51,29,28,7,0,2,28,52,0,29,40,0,0,23,36
0,0,0,0,0,24,0,17,0,2,36,39,22,11,0,54,1,44,0,0,0,11,2,72,2,11,0,26,0,8,0,0
0,42,0,20,33,0,0,0,0,0,0,0,22,0,163,28,31,0,0,48,52,32,40,0,10,0,32,0,63,11,15,0
0,16,31,200,49,0,2,3,32,34,0,0,16,71,101,1,11,0,25,26,50,43,71,63,21,47,0,4,5,0,0,24
0,47,46,35,88,93,27,0,0,0,20,50,0,0,23,0,28,20,0,0,11,17,19,29,0,19,64,41,0,17,0,11
0,0,0,196,176,87,17,17,83,0,25,35,0,22,3,27,28,0,69,0,0,13,0,0,20,86,113,42,46,0,0,0
45,14,27,221,84,117,157,55,1,22,3,39,0,27,1,66,20,16,17,14,29,25,12,0,0,4,14,129,103,22,25,0
69,43,0,0,59,116,21,17,11,5,0,0,0,0,25,35,12,0,0,0,12,40,71,161,0,8,52,0,105,25,29,78
42,12,4,0,0,0,62,25,57,69,0,0,1,60,0,0,0,6,0,6,55,57,16,89,108,0,9,28,52,3,29,0
0,0,0,30,0,5,0,3,0,0,0,36,0,0,0,0,0,0,0,26,105,12,30,0,112,1,45,24,0,42,16,0
6,8,23,17,97,41,18,27,36,0,0,0,0,0,0,0,0,5,0,22,47,0,39,17,96,19,28,19,0,5,0,0
8,10,3,48,242,9,85,43,16,23,16,0,24,0,9,20,0,0,16,18,45,28,39,0,33,22,33,22,0,0,1,10
14,20,0,23,37,22,76,124,51,0,0,0,104,19,7,7,7,0,1,19,13,0,102,148,36,0,64,0,0,0,0,17
0,13,3,5,0,71,0,0,3,0,45,13,0,13,0,0,0,28,12,38,0,24,47,0,21,0,16,35,7,32,12,0
6,0,0,11,8,27,83,0,40,11,15,16,28,0,17,19,0,22,0,33,0,0,0,0,0,0,0,0,11,0,17,35
40,28,0,27,33,0,0,12,88,1,51,9,67,0,0,0,2,0,20,27,0,0,37,0,0,0,0,13,0,7,45,37
13,0,0,4,29,0,35,0,34,63,91,0,0,17,0,0,0,23,0,0,2,0,7,12,8,0,37,7,0,0,25,21
0,0,23,18,46,0,15,13,0,0,0,51,4,0,6,15,39,0,46,4,0,0,9,14,44,0,37,0,23,3,0,0
39,0,0,0,0,0,0,0,61,17,2,0,0,53,0,0,0,0,17,12,32,9,29,6,13,29,0,39,0,0,0,6
0,0,0,18,0,16,21,0,0,12,0,10,136,148,0,0,0,0,0,39,0,0,3,6,0,6,0,0,18,0,0,29
0,2,0,18,0,0,40,28,0,12,29,96,96,158,123,54,0,14,0,0,25,18,35,21,0,39,11,32,6,10,40,0
0,0,45,0,31,0,0,0,5,8,48,158,14,0,91,40,22,40,48,0,27,17,2,0,15,0,23,0,0,0,0,0
0,16,0,0,0,20,30,7,0,0,0,16,80,55,45,49,12,0,9,0,0,6,0,24,16,0,26,24,33,0,15,0
0,1,29,2,19,0,0,0,0,0,0,14,54,19,0,48,34,0,0,6,41,0,0,0,0,9,0,0,2,0,2,0
12,0,0,3,6,50,0,22,0,30,0,9,8,2,0,0,7,0,4,15,0,0,0,12,10,0,0,8,0,10,0,14
123,0,2,0,61,0,5,17,0,45,32,21,16,17,31,32,13,36,0,16,0,0,0,50,9,17,0,1,0,2,0,0
41,0,13,22,34,0,19,18,11,0,0,7,8,0,0,31,10,0,8,0,0,35,0,0,0,10,0,1,33,9,0,36
88,0,35,8,1,13,16,69,0,38,0,48,0,0,0,10,22,0,22,17,10,7,0,0,29,14,55,11,14,0,0,2
0,19,0,0,0,0,53,17,49,0,28,0,66,0,0,0,0,27,0,4,17,11,0,33,27,0,0,0,19,20,5,67
12,32,0,0,53,0,38,29,0,0,41,57,56,0,29,53,216,65,48,6,0,6,13,46,36,32,0,0,2,0,5,17
22,43,35,0,12,29,73,0,0,26,55,125,0,0,0,0,124,46,66,97,105,2,0,10,0,0,0,40,0,9,81,0
4,18,34,0,23,44,172,0,22,43,97,6,57,41,4,0,0,32,20,34,116,0,75,14,34,0,19,0,17,17,13,0
8,9,22,16,0,87,73,94,26,82,41,0,0,0,82,0,33,17,33,11,41,5,0,0,11,14,0,45,24,0,20,4
0,0,36,41,34,54,33,71,0,46,18,45,68,26,0,32,0,0,0,49,153,0,42,15,9,27,0,8,30,0,30,0
22,33,25,0,0,127,0,0,110,36,9,0,12,4,6,4,0,5,0,145,16,20,38,0,2,26,1,27,39,0,11,62
96,31,46,0,3,0,18,37,22,12,77,27,29,63,14,2,2,14,18,6,63,38,29,59,70,52,46,0,13,0,10,4
36,47,101,111,17,0,0,28,0,0,0,27,0,0,0,0,45,115,70,0,117,55,55,44,48,112,22,22,18,0,46,20
62,0,49,16,81,13,0,10,53,12,45,0,0,16,0,98,71,45,106,22,51,42,29,0,34,90,0,0,0,40,5,0
0,10,0,51,0,5,29,0,3,37,0,0,0,0,0,9,92,18,0,31,72,36,67,30,0,19,0,24,13,8,17,0
70,29,0,0,0,0,10,29,11,0,19,3,21,50,28,0,64,13,49,57,48,36,21,23,31,19,135,21,112,0,26,4
25,0,9,3,5,0,0,24,5,0,0,10,0,0,0,8,4,0,80,46,53,84,0,15,31,0,41,4,25,0,3,3
183,37,37,43,0,41,1,0,28,44,0,0,10,0,46,52,21,27,77,0,36,0,27,24,70,28,51,39,39,0,0,71
9,29,0,20,28,0,7,0,2,0,0,13,0,0,19,38,56,0,0,52,34,0,0,19,77,39,0,0,7,29,21,62
0,9,0,83,1,63,31,0,19,24,64,0,0,24,0,96,0,44,6,14,31,0,52,12,0,0,0,3,3,0,0,48
3,41,0,0,29,45,55,0,31,0,0,53,0,0,0,0,13,6,24,0,23,0,27,137,57,30,0,0,34,0,19,0
33,0,0,0,80,24,2,64,0,45,0,23,0,0,19,5,16,3,3,0,0,0,0,0,19,5,0,24,0,36,0,53
2,0,5,3,0,52,45,29,0,0,0,3,0,0,0,0,0,0,3,21,1,0,0,11,37,2,82,15,43,11,5,0
0,3,0,0,0,16,13,0,47,58,12,0,7,28,0,21,0,27,0,0,0,0,54,16,63,0,0,5,0,0,10,39
0,37,0,25,0,16,0,0,6,7,5,0,0,5,19,0,0,0,0,8,0,33,18,0,19,27,0,0,15,0,0,5
80,0,0,0,38,0,10,0,16,101,80,0,0,10,5,0,8,21,0,0,0,0,7,22,27,0,0,5,0,28,31,0
28,0,14,23,12,0,23,9,14,154,140,24,0,0,0,0,9,23,8,0,22,0,0,12,18,0,5,26,38,0,0,16
0,16,0,7,0,3,31,0,36,242,196,58,0,6,1,17,5,0,16,0,38,0,36,0,1,12,0,46,0,0,0,0
24,12,10,0,0,0,0,10,21,0,37,86,61,50,10,4,31,4,0,8,4,0,10,0,10,0,0,0,0,8,0,0
5,0,31,0,0,22,26,28,2,24,11,0,63,31,31,0,17,0,10,0,2,16,5,37,1,27,11,0,0,6,0,0
22,27,44,0,7,37,0,26,43,0,0,7,0,30,33,6,48,4,0,0,0,7,16,0,22,6,14,0,16,46,0,0
0,0,41,41,58,0,0,0,0,0,0,0,8,0,16,0,0,3,0,9,4,0,38,0,10,0,13,45,0,18,0,0
11,0,0,0,9,0,0,0,31,0,31,19,17,2,0,0,0,13,0,22,0,0,0,0,16,0,45,0,3,20,0,28
60,0,0,46,39,0,23,80,0,16,6,49,0,0,0,0,1,0,0,13,8,0,50,0,6,4,0,0,40,31,0,13
0,26,0,0,15,17,0,163,0,13,7,0,0,27,0,11,40,0,14,1,10,0,18,25,0,18,0,5,0,0,5,0
0,21,0,16,0,0,7,8,13,6,49,75,0,19,0,23,71,49,0,0,13,16,49,0,28,25,73,20,43,0,30,0
99,0,41,22,15,16,77,12,36,7,17,25,117,7,0,45,108,10,3,0,0,13,0,12,4,28,0,48,0,0,31,42
135,32,42,0,0,25,128,22,32,16,16,0,0,25,0,211,176,24,0,21,25,12,28,22,5,0,25,0,43,0,21,2
53,20,27,0,22,137,102,0,33,0,63,93,0,16,0,0,67,18,0,17,7,0,4,17,0,30,5,0,22,0,23,1
124,0,31,7,0,120,68,0,24,0,79,74,33,3,2,0,0,0,0,0,0,10,0,15,0,0,0,0,0,0,28,98
0,48,0,0,0,160,77,0,49,39,25,0,14,0,83,0,6,0,24,0,13,140,0,0,9,0,2,4,21,0,25,0
0,16,0,0,0,28,51,23,27,12,17,29,0,0,48,12,0,0,8,0,126,50,35,40,19,10,0,0,0,0,21,47
41,16,7,0,2,106,104,3,51,0,0,20,0,0,0,0,0,27,46,0,84,0,0,0,39,0,54,6,21,12,20,0
112,0,0,0,0,0,5,0,15,5,33,0,11,0,0,0,22,0,82,13,42,0,36,151,9,0,48,40,2,30,4,0
22,19,16,6,51,0,0,0,26,1,24,51,0,0,13,0,62,57,225,3,66,11,53,70,121,8,44,41,14,0,0,0
41,0,0,0,0,45,57,21,0,0,23,0,35,20,23,0,137,192,65,16,0,0,22,24,71,0,52,0,44,8,0,14
66,0,0,0,0,0,60,0,18,13,26,0,48,13,19,30,33,16,0,19,46,0,69,0,54,7,8,0,57,10,0,0
62,2,0,0,13,53,14,6,0,0,28,47,0,5,11,0,55,0,0,60,43,34,53,0,27,0,7,0,44,21,0,0
61,235,49,16,3,2,0,58,24,63,18,0,37,7,0,12,0,0,20,14,26,48,36,87,37,65,108,0,0,0,0,0
0,145,192,0,5,0,49,25,25,0,67,0,0,0,0,0,20,0,6,33,65,0,50,18,43,0,119,0,53,0,0,0
0,178,87,0,0,12,17,7,2,30,5,0,0,17,0,8,1,0,0,19,23,0,10,16,57,17,0,0,0,13,0,15
0,35,77,0,25,54,26,4,6,0,16,27,1,0,0,23,4,23,15,8,11,0,0,0,7,0,0,50,3,0,0,63
40,10,54,0,0,0,27,45,16,20,0,0,0,7,24,35,0,0,0,8,61,0,104,100,62,34,36,0,52,31,2,41
0,0,85,7,0,0,0,0,0,0,6,48,2,0,0,5,37,0,9,0,0,39,35,24,9,41,36,51,0,9,0,10
6,61,0,0,0,26,3,0,23,14,38,0,63,35,25,0,0,6,0,1,31,0,6,0,21,0,2,35,0,0,6,0
3,0,0,6,0,24,1,0,0,4,17,18,2,0,0,4,9,0,10,0,0,3,0,0,35,29,4,5,0,1,4,0
43,0,5,0,0,9,0,10,0,0,0,12,0,21,0,0,0,0,0,13,0,10,8,25,7,0,0,0,0,0,0,38
13,0,0,34,0,0,0,0,0,0,55,0,39,3,0,16,0,0,0,38,32,0,0,50,0,0,77,0,0,25,0,0
13,32,7,0,16,29,43,22,47,8,80,78,0,0,16,27,29,15,22,0,18,8,11,0,0,41,0,13,24,0,36,8
57,17,16,30,13,0,11,19,0,1,76,149,0,0,0,0,0,0,0,14,0,0,40,14,8,45,53,0,33,0,18,0
0,0,42,0,0,0,1,13,23,0,8,38,30,0,0,0,0,0,0,0,0,4,0,37,0,29,0,12,0,0,0,0
0,0,11,24,0,0,0,0,0,5,0,22,24,28,24,23,0,0,0,0,0,19,8,0,0,0,0,0,33,11,37,60
7,0,0,18,0,0,37,43,0,20,0,0,0,8,67,15,18,0,4,8,0,5,0,1,0,16,19,5,19,42,22,11
37,0,30,0,27,6,9,2,0,0,0,0,0,34,0,0,15,0,19,4,19,0,10,0,0,0,1,18,0,14,0,0
15,0,36,0,10,47,33,27,42,27,26,7,10,0,0,0,26,0,0,0,0,0,16,0,0,0,32,0,0,0,11,0
47,11,3,0,14,0,36,0,8,43,6,0,2,43,0,0,0,0,0,31,0,0,0,0,10,0,0,38,0,0,28,0
31,0,0,0,30,4,23,4,0,51,13,0,0,0,33,0,31,19,24,0,7,5,12,0,0,0,5,45,37,32,0,0
0,5,0,5,0,9,0,34,1,41,0,11,0,17,16,2,0,7,0,30,0,1,0,0,20,32,47,18,0,0,0,0
0,0,0,0,29,1,69,35,29,0,41,73,36,0,45,0,29,15,32,39,0,0,0,12,0,6,0,0,0,23,0,0
30,6,0,12,8,3,70,41,0,7,0,22,1,0,0,48,0,60,10,59,6,82,12,22,22,24,21,5,0,0,6,21
23,0,0,2,0,37,2,18,27,0,32,145,2,0,0,54,7,0,50,71,186,23,0,0,0,31,0,19,0,0,0,60
0,16,4,10,37,49,59,0,0,5,59,49,24,25,0,0,11,0,31,30,40,9,11,0,12,19,0,19,14,0,0,0
89,12,20,38,16,0,12,18,0,35,0,41,0,21,22,31,2,0,34,9,12,0,42,8,0,13,0,10,39,28,0,0
0,84,54,19,30,27,33,12,2,38,22,67,43,7,0,0,16,0,0,9,6,54,0,59,5,61,0,18,0,8,0,0
60,16,176,0,72,0,43,0,58,0,18,33,6,0,0,0,0,12,24,5,120,25,0,35,0,0,0,51,39,23,11,0
28,16,92,56,0,0,0,32,23,56,22,67,125,45,1,0,33,8,0,17,9,72,23,78,4,0,6,25,4,14,0,0
33,54,104,112,196,0,0,0,0,9,0,53,121,0,0,19,13,34,59,37,153,38,77,0,55,39,7,43,42,0,0,7
0,57,31,177,76,221,2,16,0,16,19,28,13,0,22,0,0,67,69,81,0,31,11,0,84,0,18,11,77,0,0,11
0,41,94,64,30,153,46,34,10,15,0,13,36,0,8,77,0,15,67,53,141,16,24,49,0,30,0,39,0,0,30,0
49,0,23,0,22,0,113,8,6,0,0,4,39,18,1,15,86,0,11,47,0,0,13,228,121,23,0,0,31,11,0,9
0,41,0,0,0,14,0,0,0,15,13,0,18,33,0,0,0,0,3,18,0,8,0,220,0,0,8,0,29,19,0,0
0,42,0,0,14,0,1,7,10,0,19,17,0,0,1,0,0,0,30,0,21,37,0,0,2,21,80,52,0,0,0,30
0,1,6,35,23,13,19,91,52,0,37,0,0,0,1,11,0,13,0,0,0,13,0,7,0,30,0,0,0,29,8,39
84,0,11,117,0,4,46,143,81,12,0,0,32,12,50,25,90,30,0,28,8,111,0,0,0,37,0,12,0,0,35,10
0,11,11,0,0,64,54,109,187,74,63,20,43,0,0,110,167,31,41,0,48,18,32,37,0,26,22,27,55,0,35,31
46,0,0,0,4,0,9,45,55,74,0,45,0,3,0,0,65,24,0,0,0,6,5,0,14,33,8,60,0,0,10,0
31,0,0,0,20,6,75,22,170,16,0,9,0,1,1,4,0,4,0,11,0,1,33,0,64,0,72,0,0,0,0,0
17,0,0,0,0,14,0,0,0,0,14,83,16,34,23,0,28,20,0,0,21,3,39,11,53,0,17,15,60,0,9,0
0,10,29,34,75,0,16,29,2,0,0,0,24,24,33,0,31,26,0,24,0,0,5,0,0,0,31,30,30,0,13,0
0,17,0,0,1,0,0,0,33,1,19,0,15,0,9,16,0,0,0,10,0,1,9,11,25,2,28,0,1,26,15,0
0,0,10,5,7,87,47,0,27,1,12,40,0,1,0,1,11,8,29,0,0,0,26,0,6,19,0,0,0,0,0,0
19,32,0,0,0,46,0,57,0,10,0,0,0,13,0,0,0,39,0,0,27,5,42,0,10,0,9,73,9,0,21,42
64,0,0,33,21,0,4,59,0,0,0,12,0,0,28,0,0,112,194,77,0,0,2,0,16,6,45,25,19,22,29,0
5,9,0,0,7,0,0,0,69,13,0,0,4,9,22,29,0,98,193,167,0,0,12,0,3,2,17,9,2,2,0,9
14,0,13,33,0,10,6,0,79,3,0,16,15,0,21,124,31,136,23,82,0,8,16,27,0,0,0,0,2,0,0,12
46,0,0,2,0,24,14,0,43,0,0,35,0,0,0,26,14,41,28,0,19,0,30,0,0,38,43,0,0,0,34,11
13,0,0,0,0,0,0,0,0,0,19,50,2,0,15,39,26,32,0,11,0,0,4,0,23,7,19,0,19,15,0,0
74,0,0,0,0,0,0,0,10,77,2,0,11,19,23,3,17,5,34,0,29,14,31,0,0,0,0,0,0,11,16,24
0,0,23,0,16,44,0,0,0,0,0,0,57,45,3,0,11,3,0,0,9,0,29,28,0,0,0,0,5,27,44,0
71,0,6,0,0,21,0,0,22,17,0,27,22,54,0,0,0,39,42,1,27,0,23,18,0,3,0,0,0,2,0,29
84,0,0,0,0,0,15,0,44,19,33,0,74,27,16,13,24,0,14,0,10,49,0,0,0,0,0,0,8,12,0,15
137,2,29,14,18,57,0,42,0,0,10,32,20,19,0,32,8,22,12,52,29,47,0,0,0,8,0,0,0,0,32,2
48,0,12,47,0,0,0,14,0,8,79,72,49,16,0,0,7,0,16,72,129,0,39,14,0,0,5,45,0,10,0,0
72,1,0,16,0,0,0,16,0,0,40,34,12,0,0,0,0,28,15,7,21,0,31,19,9,0,0,1,0,4,0,17
125,0,52,0,6,35,0,0,0,0,27,39,19,68,0,40,19,0,28,50,0,0,40,40,10,38,21,65,71,8,0,30
0,0,15,48,5,0,0,0,56,0,0,27,82,0,0,80,31,0,0,0,0,4,37,67,0,25,0,130,11,0,39,34
18,8,33,28,0,60,0,55,23,0,27,0,0,16,29,0,0,19,41,10,0,45,10,0,19,0,0,113,40,0,13,27
0,101,0,25,0,19,33,30,144,0,24,0,9,84,9,0,0,0,56,0,5,36,76,88,0,18,0,20,39,0,0,13
0,3,43,46,24,3,0,22,72,0,0,29,18,0,9,48,8,62,75,13,0,13,93,26,62,62,28,0,12,2,0,0
14,4,0,59,2,0,0,0,74,167,1,0,0,0,26,0,58,0,23,21,0,24,10,31,17,32,0,0,17,0,7,120
0,26,5,0,0,26,66,3,31,209,27,0,0,57,0,62,22,23,19,0,59,0,22,0,0,56,26,0,1,0,0,68
35,42,48,0,0,2,1,73,0,130,154,10,57,60,35,0,62,21,0,26,8,16,0,28,16,7,14,0,28,83,0,7
74,26,2,28,0,47,0,0,39,26,122,0,0,14,0,0,4,0,11,0,78,0,0,60,7,0,48,48,96,0,0,0
0,0,0,0,0,50,18,11,6,0,81,66,0,31,17,26,0,0,35,15,12,6,19,0,0,1,113,157,30,50,22,0
66,5,4,16,0,4,43,0,0,0,12,0,1,2,0,15,0,0,28,51,7,11,54,17,34,3,0,113,71,2,0,0
69,0,40,33,45,9,0,0,22,37,18,0,0,57,0,0,0,0,0,0,0,19,23,42,0,0,39,49,0,0,0,0
70,0,0,58,67,11,0,11,0,9,2,190,103,1,36,0,0,0,0,20,42,0,16,69,16,12,0,4,0,11,3,0
0,17,16,46,0,7,0,0,10,0,13,1,4,71,11,16,0,8,11,3,0,0,7,0,26,31,0,40,12,0,17,35
41,2,64,0,7,10,21,54,58,19,31,7,172,17,2,0,0,0,0,0,0,8,12,0,2,8,36,39,0,0,0,0
27,35,34,0,45,8,28,0,25,35,0,94,109,1,0,15,0,0,0,43,26,4,36,0,19,0,2,12,0,0,0,0
68,10,14,0,13,19,0,13,0,32,57,117,96,7,22,0,13,13,11,30,0,40,0,0,0,0,11,0,7,7,22,42
74,3,46,0,0,22,8,20,11,0,128,2,60,31,0,0,0,0,0,9,0,17,5,40,17,0,28,0,20,7,0,23
0,10,17,43,39,10,11,0,2,12,80,45,71,1,4,13,0,28,33,17,18,0,10,0,7,4,14,17,0,6,0,49
0,52,0,0,12,3,0,0,28,12,164,91,45,0,0,8,0,2,0,0,20,21,27,23,4,0,20,1,2,0,36,0
0,16,27,0,0,18,21,0,9,12,60,16,0,39,3,4,0,14,13,30,52,0,0,0,0,3,39,0,24,7,30,31
87,8,0,0,3,3,13,30,0,16,0,13,29,0,16,0,7,21,72,5,47,68,4,25,16,14,39,0,21,16,0,52
13,0,0,10,31,0,23,6,9,0,6,0,2,25,14,0,23,69,63,184,229,0,0,7,0,0,0,0,0,21,0,0
0,4,12,3,0,0,0,0,0,7,0,7,0,33,17,0,7,15,214,38,18,20,0,0,0,0,0,0,0,25,0,0
0,1,0,31,0,0,29,0,15,8,0,29,0,7,0,0,0,9,31,0,28,0,0,0,2,0,0,0,3,0,0,21
166,0,28,26,26,0,56,0,0,12,7,0,0,62,16,0,0,0,0,19,0,22,0,1,6,0,0,9,0,12,0,0
0,0,37,0,0,0,0,0,1,0,0,1,54,0,31,16,35,12,18,0,0,7,1,0,4,0,0,0,20,30,18,40
99,30,61,8,26,1,26,49,27,0,0,0,3,39,0,8,35,9,63,0,38,0,14,0,22,0,10,15,16,0,21,4
23,0,8,0,66,0,7,29,0,0,2,0,38,0,0,0,0,52,16,0,36,30,43,35,30,5,0,0,0,0,4,0
6,12,44,0,0,7,0,0,0,16,42,0,85,33,42,58,24,38,27,0,32,12,78,48,19,0,11,25,0,0,0,0
32,0,0,0,0,0,5,13,0,0,18,93,0,21,0,0,0,4,29,57,0,0,63,4,23,37,0,0,0,21,0,0
106,26,13,34,0,48,14,4,19,0,2,0,0,54,0,0,63,0,0,24,0,0,0,47,0,13,0,38,0,0,14,57
56,0,51,28,30,0,30,0,0,21,0,0,0,102,11,0,0,5,51,30,0,31,90,37,0,4,0,71,0,0,19,7
1,32,0,0,0,27,18,0,12,0,48,0,32,21,1,27,62,0,8,0,45,11,0,22,10,86,44,29,0,0,33,27
0,2,48,0,60,5,23,0,41,11,0,0,0,17,0,10,18,30,28,0,11,0,13,0,24,13,0,23,23,14,0,0
0,59,0,13,37,0,0,1,22,12,21,27,20,0,26,40,0,18,0,33,0,12,0,159,0,16,0,50,0,29,0,0
2,26,9,0,65,28,126,13,84,21,18,8,0,0,5,82,18,10,0,14,0,0,50,32,53,95,46,0,13,0,12,0
57,0,34,5,48,5,42,90,63,0,0,21,0,0,65,65,31,16,100,41,38,14,0,24,40,56,30,0,78,146,25,4
0,5,24,28,0,67,158,101,2,48,11,0,44,0,1,0,36,12,15,18,21,0,74,4,18,0,14,90,59,28,29,37
12,75,44,0,17,0,176,82,33,0,51,30,0,0,0,16,36,0,6,0,8,0,46,9,13,28,202,16,109,41,2,10
0,40,0,0,39,0,0,30,54,111,39,33,0,0,0,16,0,0,46,0,41,26,18,0,80,113,14,6,68,16,31,0
0,0,46,9,0,7,0,30,0,0,16,38,36,0,0,38,0,2,47,15,3,0,33,86,14,32,131,55,28,20,0,46
0,0,33,0,28,54,16,0,52,0,0,4,0,0,0,0,0,0,0,0,0,0,16,100,77,132,53,28,29,0,7,0
7,0,49,0,31,95,0,0,0,0,0,66,0,0,0,33,0,0,0,0,0,4,0,32,35,87,0,10,0,0,0,51
56,34,0,33,28,78,84,16,5,52,0,26,9,45,0,34,19,4,8,0,8,0,0,0,0,10,0,8,11,24,0,114
41,0,0,31,54,14,0,0,0,56,25,28,30,36,9,0,0,0,16,0,34,0,0,74,19,6,50,0,0,20,7,0
83,0,49,18,87,6,66,39,48,28,5,29,24,1,11,0,0,0,0,0,0,0,190,110,118,20,8,0,0,33,0,23
59,3,0,0,0,16,20,31,21,0,62,54,49,0,6,0,0,35,0,40,0,0,0,18,4,46,0,0,0,18,5,0
0,39,0,0,0,32,0,25,0,56,0,43,29,0,0,2,0,0,29,33,0,0,0,0,0,28,30,0,0,0,0,52
0,32,26,13,0,1,0,44,5,49,69,19,1,35,0,5,0,0,0,35,0,77,0,0,0,0,0,0,0,42,48,2
82,0,27,11,0,0,0,29,4,0,65,47,51,0,28,13,12,15,0,0,4,0,13,9,12,0,0,0,0,2,0,0
25,0,27,0,20,30,0,0,54,0,43,0,0,28,11,83,228,0,0,16,46,23,0,0,9,35,0,0,12,8,0,23
0,20,0,21,0,0,30,47,10,39,0,20,1,0,167,47,25,0,0,3,4,0,0,28,0,25,0,0,0,0,28,0
20,25,21,0,39,29,23,0,0,35,37,0,6,52,29,0,0,46,0,4,0,0,63,17,42,3,14,12,0,0,14,0
14,6,0,14,66,8,0,0,18,0,0,0,0,0,0,0,13,47,16,0,0,5,0,0,18,0,34,13,9,16,6,31
0,0,0,27,0,0,0,0,0,25,3,0,16,13,0,0,0,0,0,0,0,12,0,17,0,0,0,16,12,0,0,12
30,0,0,0,2,0,11,0,0,0,35,2,0,16,0,11,0,0,38,4,0,0,0,0,3,0,0,25,17,5,13,0
26,2,0,0,0,41,0,0,13,15,20,12,0,0,22,0,15,28,36,12,0,1,16,2,2,6,0,0,3,2,13,0
6,17,0,0,0,12,0,0,48,0,11,3,0,0,0,0,0,19,0,0,8,12,23,0,1,20,0,22,0,19,0,58
16,0,41,55,25,0,17,59,19,2,0,68,0,43,0,10,51,6,42,12,0,0,0,0,0,13,34,0,29,8,8,41
13,0,0,0,16,0,0,58,38,0,40,0,30,9,12,0,22,0,169,7,44,0,8,0,0,0,0,8,0,1,0,2
90,0,19,7,36,45,45,31,0,0,15,56,8,0,0,30,0,117,36,34,11,16,43,50,0,0,0,20,22,0,5,0
30,0,2,17,47,0,1,51,5,0,23,49,0,13,1,0,18,4,26,115,47,0,64,0,39,0,13,0,6,34,0,0
117,0,51,4,0,0,48,0,0,76,42,0,18,39,0,3,0,4,0,0,0,20,100,4,13,0,10,0,2,7,0,35
21,5,0,18,0,0,126,102,59,0,33,27,0,15,31,25,0,0,29,2,108,4,250,5,21,0,22,25,9,0,17,0
0,0,25,0,0,39,41,75,11,79,22,40,0,20,19,24,4,34,0,0,69,53,26,151,8,39,27,19,16,0,3,0
26,86,0,0,17,0,10,0,94,41,0,0,50,22,0,0,0,0,26,28,0,51,17,10,51,0,0,22,21,0,0,16
31,87,56,5,32,34,0,38,0,0,51,24,14,3,20,21,0,0,79,74,42,0,36,122,0,42,33,16,44,19,0,0
145,21,104,59,104,7,12,0,0,13,0,0,0,6,57,0,64,217,78,61,102,16,42,13,123,75,18,30,27,0,36,53
35,0,52,0,35,100,8,31,0,0,4,0,16,0,0,38,60,37,94,37,103,23,27,27,61,54,116,33,59,0,30,50
55,25,43,17,21,0,36,43,38,13,0,0,0,19,48,30,0,0,63,65,140,8,69,0,14,52,0,92,147,55,0,0
0,16,33,0,4,41,17,13,0,28,139,0,62,10,33,6,34,26,35,0,93,15,66,64,42,0,35,0,35,12,16,29
0,35,19,0,20,9,0,12,0,36,35,25,41,5,32,0,18,0,22,4,30,43,5,39,98,105,66,0,26,0,26,0
44,35,75,0,27,70,54,9,56,52,58,0,23,10,20,5,38,6,46,2,0,7,0,60,0,0,61,71,69,0,0,0
36,3,0,69,23,0,10,19,8,0,0,0,4,0,14,33,0,183,214,9,10,0,21,16,41,74,5,0,0,0,0,0
51,0,22,31,24,60,0,0,0,31,47,0,11,13,14,0,14,124,46,0,7,29,7,0,16,2,10,0,0,36,0,0
73,7,24,5,71,14,92,0,24,40,45,2,0,0,12,0,0,40,0,77,0,3,12,15,4,6,6,21,9,5,5,28
0,2,12,37,0,2,0,34,18,16,6,32,28,0,0,3,0,0,0,0,8,88,38,0,0,19,15,0,2,0,17,21
0,0,29,0,0,0,42,0,1,4,16,2,0,0,0,13,22,0,0,62,0,0,27,0,23,19,0,0,23,0,42,0
119,0,32,29,0,0,0,7,0,5,0,0,20,0,33,12,12,0,0,0,0,5,0,7,1,0,18,0,0,5,0,31
16,0,0,0,65,12,0,9,0,0,44,163,55,0,21,0,0,7,0,0,31,0,38,2,16,42,0,2,0,18,0,15
39,3,0,1,7,0,0,33,0,15,158,195,40,24,19,0,0,0,0,8,7,0,30,14,0,0,0,0,4,0,0,0
0,0,0,16,0,24,7,22,0,4,47,69,179,37,0,0,0,2,1,0,0,29,0,0,0,0,30,21,16,29,0,0
0,16,3,0,0,0,0,0,0,0,23,0,2,0,3,48,1,0,29,0,22,32,16,0,0,0,0,0,6,0,13,27
0,2,0,0,0,0,3,0,20,16,36,0,0,48,10,21,0,7,0,0,11,11,0,0,6,12,0,7,11,24,0,0
31,5,9,0,0,0,19,17,22,0,2,0,10,0,4,0,0,0,0,11,0,0,1,0,19,1,0,0,0,0,0,2
0,16,11,0,30,2,0,0,11,6,0,0,2,24,0,0,0,18,0,9,2,0,0,0,0,0,0,31,0,0,0,22
1,8,0,0,0,0,0,0,0,0,0,0,8,0,9,0,29,0,3,0,0,26,0,0,0,9,0,0,48,0,21,26
0,23,0,0,0,2,9,0,8,15,0,0,0,3,0,0,3,0,0,5,21,0,0,11,0,0,0,0,29,0,29,0
102,9,51,0,16,0,42,0,2,71,0,0,0,9,0,0,0,0,0,0,0,0,0,0,0,0,0,0,0,23,0,33
17,0,33,1,7,32,14,33,0,8,0,29,2,8,0,0,6,0,18,12,9,14,10,0,3,0,2,0,0,20,0,0
0,0,0,4,0,19,0,240,0,0,31,52,9,0,0,0,8,193,30,6,0,0,39,17,16,5,6,0,14,12,8,1
0,0,11,17,25,0,20,60,0,0,11,52,70,0,0,0,48,186,171,0,15,36,12,0,0,21,0,15,21,0,12,6
81,21,0,0,0,17,87,11,40,0,55,32,27,0,0,0,86,29,39,0,31,19,42,31,0,17,2,0,26,0,26,29
18,1,5,0,20,33,49,127,0,26,10,85,0,0,0,17,14,13,7,0,31,13,47,0,8,0,0,0,9,1,0,0
69,0,0,20,23,0,13,35,10,14,27,14,32,0,0,0,0,0,4,50,9,100,138,19,18,9,13,0,0,24,0,46
31,9,0,0,36,8,54,74,0,0,29,39,0,0,0,38,13,0,19,18,84,215,31,0,7,14,0,27,0,0,1,23
35,3,45,0,14,0,11,100,17,0,49,24,70,0,20,0,21,0,0,46,108,39,34,52,32,45,32,9,0,0,0,0
32,20,45,0,10,33,4,9,110,7,0,0,7,0,14,16,0,0,16,16,105,32,0,0,33,2,17,4,42,0,16,55
55,0,14,0,0,0,0,10,19,0,12,0,12,16,12,8,0,13,13,203,187,0,5,100,32,16,9,34,8,10,12,2
16,214,0,0,0,0,0,0,0,0,0,25,1,0,3,31,0,53,67,189,6,0,38,0,128,48,50,9,48,5,0,14
231,137,0,25,38,0,0,13,0,0,20,0,8,0,39,15,30,15,152,39,19,0,0,8,25,37,63,44,91,0,26,0
0,58,23,6,0,0,23,0,0,18,3,0,17,15,11,0,6,18,42,8,0,0,28,0,0,66,52,33,79,22,3,22
0,0,22,0,2,73,0,0,2,9,12,16,0,0,0,0,0,9,10,14,0,37,38,0,0,39,4,11,2,0,0,0
13,0,14,32,0,8,0,67,39,0,56,16,40,0,4,1,0,0,0,24,4,6,27,0,11,38,21,0,6,8,0,9
2,0,19,29,6,0,63,0,0,0,0,24,0,0,0,0,0,0,8,2,22,0,0,17,19,0,19,0,0,35,21,0
0,0,36,171,33,0,0,96,0,13,0,0,21,0,36,0,4,71,213,195,35,17,46,3,22,0,0,54,22,0,0,38
0,0,43,6,5,29,0,1,0,0,0,0,19,42,7,0,0,0,134,53,0,29,0,7,24,0,0,41,0,0,0,0
39,11,23,0,25,0,35,0,24,58,39,19,0,5,0,22,0,6,4,0,16,2,3,122,32,0,0,20,39,0,0,37
7,26,0,0,39,22,32,5,40,0,0,38,0,0,18,41,28,16,0,18,9,66,0,8,0,26,12,0,23,0,23,11
0,6,27,0,0,40,5,0,0,3,0,13,19,0,0,0,14,2,0,3,0,5,0,0,21,0,36,16,12,0,17,0
0,4,0,0,0,0,7,7,0,5,12,1,14,16,4,12,20,0,2,11,14,0,0,5,8,0,0,13,16,3,2,2
1,0,0,2,42,32,16,6,16,0,0,0,25,30,2,0,1,0,24,4,0,2,14,0,0,9,0,0,0,0,0,0
35,1,0,0,0,12,0,1,0,14,25,16,42,36,26,0,0,7,0,10,0,0,24,6,38,7,3,49,0,0,4,2
13,10,0,0,17,10,20,2,64,37,17,50,176,44,115,93,22,33,0,0,0,19,0,0,0,5,0,0,0,0,0,14
0,0,45,9,0,0,0,0,4,0,0,70,45,152,49,0,0,12,0,0,8,0,0,1,0,7,1,6,0,31,2,3
0,0,0,0,0,0,0,0,10,0,2,20,34,10,11,8,9,0,5,0,12,1,5,5,0,2,0,19,0,2,0,0
27,37,0,0,0,0,0,0,0,1,0,0,25,15,0,0,0,19,0,5,10,0,32,6,25,0,0,22,12,0,0,0
4,0,9,1,3,0,0,13,21,12,49,39,16,0,12,13,0,0,22,1,21,0,38,0,16,6,0,2,28,13,0,12
9,0,0,5,0,26,0,0,0,20,45,13,3,0,0,5,26,0,0,0,0,0,0,22,11,0,0,19,9,18,0,0
27,0,10,0,0,0,0,28,0,6,0,0,0,24,9,1,4,18,7,18,5,3,0,0,0,0,0,0,0,0,21,5
6,44,0,0,0,0,24,16,36,2,12,0,10,45,3,2,0,0,0,20,40,3,35,0,0,0,0,0,38,0,22,0
6,37,3,0,0,6,12,29,16,15,4,0,0,0,3,3,0,30,0,0,0,0,33,12,0,23,0,0,0,0,7,7
16,0,24,7,16,0,2,27,0,21,36,22,49,0,19,7,8,1,63,24,0,0,0,0,0,7,0,0,0,11,3,7
124,8,0,0,2,13,0,12,19,19,28,0,117,50,10,0,0,46,48,25,10,49,68,0,0,10,9,31,3,0,0,80
97,11,0,46,0,20,53,0,25,10,41,43,0,12,0,46,0,0,20,0,62,41,47,13,0,2,0,0,0,0,21,3
54,0,34,0,33,0,14,17,15,0,63,91,6,0,0,16,23,0,0,31,91,10,197,0,3,24,12,0,54,2,0,5
108,0,20,16,16,49,50,26,0,1,71,64,0,26,3,16,0,8,0,0,35,14,26,0,98,0,25,0,5,0,0,0
20,0,46,3,0,19,12,24,20,40,32,33,0,55,0,0,0,16,0,17,0,10,3,0,3,13,49,32,6,5,0,62
32,52,11,57,50,0,14,56,8,36,37,0,43,23,0,0,0,0,0,0,0,20,3,117,37,32,195,84,0,0,0,0
0,32,16,97,28,0,0,41,98,9,43,0,21,16,16,0,0,0,0,0,21,16,18,0,63,0,46,95,28,22,0,15
6,62,35,66,0,3,0,7,19,2,0,0,10,112,0,0,28,0,0,56,28,0,31,178,22,47,0,21,45,0,0,0
0,47,63,16,108,0,30,0,0,48,18,1,0,180,10,0,19,27,4,25,81,10,57,5,128,184,0,2,16,4,2,2
0,38,30,65,43,249,162,5,0,3,9,0,0,54,19,0,35,0,117,33,35,0,29,0,103,36,16,25,37,10,0,0
0,0,49,62,43,0,220,0,8,12,0,2,0,17,8,0,0,48,45,14,51,10,71,10,185,50,0,0,0,0,2,0
0,20,0,23,8,0,25,254,0,6,19,2,9,0,0,13,0,4,32,63,38,34,0,45,162,20,1,35,26,1,0,41
0,11,14,17,0,0,9,66,32,0,0,0,1,0,26,0,0,0,32,7,0,9,0,11,0,16,29,0,35,0,1,0
0,8,12,11,43,18,81,9,35,0,26,18,0,0,0,0,2,35,60,0,46,0,36,0,0,53,70,27,9,0,15,65
33,0,0,70,0,0,0,0,28,51,54,0,0,0,0,1,0,26,3,87,25,22,91,27,64,37,16,20,5,48,0,12
28,11,45,24,0,5,24,0,251,48,53,21,25,0,0,0,0,0,0,0,46,41,78,8,70,159,0,0,0,3,0,0
62,0,18,13,20,40,69,0,2,153,54,0,31,0,0,8,19,3,7,12,14,0,34,143,14,0,0,2,51,4,0,0
91,0,11,33,27,0,25,0,8,65,0,65,11,0,4,41,37,0,42,0,10,0,16,74,0,30,37,0,39,27,0,14
0,0,0,28,0,13,0,42,6,25,9,12,33,0,22,41,6,5,20,0,13,0,44,22,0,0,0,0,0,0,0,43
59,0,0,0,6,16,28,0,1,0,49,0,0,41,0,0,6,0,0,0,0,4,0,0,0,0,53,6,19,0,0,25
53,12,0,61,30,0,0,3,35,8,16,1,0,0,3,0,6,20,42,9,0,0,0,0,1,21,0,0,0,0,18,65
0,0,15,0,0,45,19,0,33,8,24,18,7,65,0,32,53,140,0,18,28,0,30,8,19,0,0,61,0,0,0,0
0,0,0,36,0,57,12,0,23,32,0,0,49,103,14,108,103,72,214,1,0,11,0,5,3,0,23,1,5,0,0,7
102,12,20,2,7,0,0,0,8,20,0,54,11,0,0,33,27,37,139,242,0,4,0,2,0,5,14,18,0,0,0,0
16,0,0,0,2,13,26,0,0,0,28,6,25,14,12,39,56,225,6,222,98,0,0,9,0,16,14,0,27,0,0,26
99,19,0,0,0,0,0,0,0,0,0,0,13,0,7,26,28,26,51,139,23,27,18,20,2,0,3,12,0,0,17,7
3,24,0,0,33,70,0,0,17,6,19,52,0,0,0,2,0,99,44,30,0,13,8,0,0,0,0,0,0,0,0,0
0,2,2,32,4,2,18,6,23,0,5,0,11,0,3,0,0,8,0,0,0,0,9,4,0,17,0,0,35,17,21,0
0,13,0,15,0,14,0,0,27,0,5,0,0,5,0,0,2,28,8,0,0,0,0,5,14,0,1,0,8,6,0,39
67,22,0,14,0,18,49,0,0,80,6,0,0,8,0,0,0,0,9,0,26,14,0,12,0,0,0,29,0,2,0,0
0,0,57,0,32,3,0,0,0,0,34,40,0,4,0,13,3,0,0,0,9,9,0,0,23,0,2,0,1,0,0,0
0,38,53,20,0,0,49,41,61,16,3,20,33,0,0,0,9,0,63,32,0,22,0,0,0,0,24,0,1,14,0,14
0,25,44,0,16,0,30,48,0,0,6,48,43,0,0,17,0,0,0,50,0,27,0,0,2,23,0,0,15,0,8,40
131,21,0,0,0,39,44,0,56,1,74,49,46,29,0,16,68,31,28,25,28,1,39,14,0,45,0,31,16,0,23,37
18,0,5,0,0,49,1,0,39,37,17,119,13,0,23,11,54,18,0,0,54,24,30,17,3,139,38,32,11,12,31,26
5,12,0,6,0,0,0,0,0,0,37,0,18,61,16,0,51,0,0,0,97,0,40,9,44,98,0,0,0,0,0,10
21,15,0,0,44,0,28,9,26,1,0,0,0,8,0,0,9,0,0,13,0,0,31,2,23,0,0,72,15,0,0,0
66,22,0,0,0,98,15,0,0,8,3,26,11,18,0,138,19,0,0,0,4,47,0,4,0,10,0,0,0,0,0,54
63,48,59,0,56,135,128,0,0,6,0,1,0,64,10,7,93,26,15,4,36,10,13,0,39,0,0,55,16,113,55,0
34,48,0,0,43,44,89,6,0,0,23,3,21,44,57,25,15,0,5,25,70,26,17,60,0,5,0,39,9,11,0,0
10,71,27,46,0,34,37,113,14,3,0,0,0,0,20,33,0,0,0,11,44,0,35,0,71,0,96,162,44,7,0,0
0,9,0,30,49,0,9,154,25,39,32,0,0,22,20,115,0,0,22,68,47,0,0,16,0,90,57,115,83,17,47,0
56,1,62,42,0,2,56,167,136,0,9,12,18,35,8,30,1,0,2,27,23,0,17,11,19,40,102,132,0,0,0,0
99,63,9,4,14,0,41,5,50,81,9,24,1,19,6,0,22,18,2,52,16,2,16,32,0,98,80,4,7,0,0,20
27,0,0,18,0,0,8,14,0,42,9,0,0,0,4,34,0,7,41,0,37,25,0,5,50,190,141,8,10,0,0,0
0,0,0,0,80,63,8,0,0,28,0,0,13,44,0,9,13,16,12,0,21,0,54,0,0,0,0,12,0,31,0,64
20,67,33,36,0,26,25,49,0,0,16,33,16,0,6,15,0,0,0,13,0,0,0,39,14,0,22,9,0,36,0,49
0,0,5,45,31,0,0,27,25,28,2,54,0,27,0,54,14,0,15,0,0,0,25,5,19,23,13,0,3,0,52,29
80,22,0,42,11,62,31,0,0,150,137,90,43,0,0,11,2,16,11,0,0,4,81,43,8,0,6,4,36,0,0,0
84,0,44,5,0,0,29,38,25,47,60,172,0,0,0,30,16,2,28,27,20,35,0,0,0,123,54,0,25,0,23,0
0,21,24,0,5,21,47,0,0,8,16,84,42,0,48,10,29,6,0,2,0,0,0,13,0,0,20,17,16,0,0,7
22,10,22,16,0,0,16,0,0,57,0,44,0,0,0,6,0,0,0,0,29,0,17,1,0,10,12,16,0,0,1,5
49,26,3,0,24,19,1,0,10,77,117,123,0,21,0,0,16,3,4,5,24,0,0,17,30,0,32,0,0,0,5,0
44,5,0,0,0,34,0,0,28,104,56,0,11,36,0,0,0,15,0,10,0,40,1,26,26,0,21,2,0,17,0,0
0,2,50,0,36,32,64,0,42,41,88,29,39,0,0,69,23,2,0,0,4,1,0,9,0,0,0,28,21,14,14,0
40,4,3,35,0,0,0,0,6,20,32,34,0,1,26,1,50,0,106,40,53,31,4,20,0,11,0,0,4,1,6,13
0,0,0,3,0,0,9,15,48,0,0,5,0,0,27,46,37,43,100,4,25,1,19,18,12,0,0,0,0,12,0,12
43,0,38,15,16,4,0,0,0,43,9,0,20,34,0,0,6,155,125,158,0,9,0,23,22,0,0,33,0,20,0,0
0,0,27,24,1,0,23,11,0,0,0,25,0,0,20,4,18,4,36,0,0,0,0,5,6,26,10,0,0,8,0,3
0,0,0,0,0,0,13,0,0,12,1,5,0,4,22,0,0,0,16,0,1,3,0,0,0,0,0,6,18,7,0,0
0,33,7,0,11,27,12,0,5,24,0,1,4,3,0,21,28,16,0,27,0,0,0,17,0,0,0,0,16,0,7,34
49,0,7,58,70,0,0,35,12,6,0,0,40,20,0,0,0,0,18,0,0,19,26,20,0,22,8,0,0,19,0,0
0,0,31,24,32,0,20,0,0,0,0,0,0,0,0,0,0,35,0,10,0,0,0,1,0,1,11,6,0,0,23,16
0,0,56,50,32,40,0,41,23,0,14,55,0,0,0,0,33,25,51,0,21,0,0,18,3,14,0,5,0,34,0,10
0,18,12,0,0,7,45,4,25,0,8,0,70,0,1,22,0,12,0,20,0,16,0,7,0,0,0,0,16,0,9,16
0,0,7,22,13,0,1,54,0,10,23,36,0,0,0,51,7,0,0,39,16,0,8,52,9,34,13,0,0,13,0,57
0,22,2,3,0,65,53,0,0,56,49,134,9,16,0,0,64,0,18,0,0,0,50,24,0,0,32,25,0,28,22,0
102,33,0,0,0,27,1,0,26,20,0,0,0,44,0,0,0,25,12,0,12,0,37,21,17,0,0,16,0,0,21,12
0,4,22,0,0,37,29,0,57,25,44,14,1,16,62,21,0,0,9,0,39,0,27,110,47,7,1,0,16,11,18,61
64,58,44,0,25,0,62,63,55,0,62,0,33,47,41,0,82,0,50,0,67,0,44,17,5,42,0,0,5,0,17,27
0,18,0,0,0,46,0,11,0,2,0,5,8,29,107,0,12,0,0,0,0,130,76,0,0,23,0,26,62,7,0,0
33,29,15,64,80,0,5,27,0,0,0,64,0,27,60,18,0,11,23,0,0,1,0,131,8,5,42,101,85,23,19,14
2,51,23,0,160,97,20,18,0,0,0,22,98,0,57,15,39,0,0,19,45,0,55,0,77,107,40,112,28,0,4,8
0,10,0,0,5,129,4,69,0,0,0,64,0,5,0,23,0,0,35,23,7,0,11,5,0,107,94,36,23,0,0,0
89,0,24,37,239,121,65,63,37,0,0,57,18,0,0,0,0,0,0,32,4,0,0,199,121,13,109,35,8,0,0,64
132,96,73,0,34,117,7,71,2,0,0,0,42,21,36,35,42,22,40,0,24,0,27,231,2,31,80,1,39,0,0,17
1,0,0,31,21,9,0,0,21,62,0,0,0,32,0,0,0,12,8,0,6,65,21,61,100,24,6,14,0,10,0,6
0,0,16,92,1,56,73,0,37,20,0,19,0,16,31,0,0,0,34,17,37,0,1,0,0,18,0,0,38,0,0,25
0,0,0,68,0,10,47,0,0,41,70,2,0,0,32,23,0,3,0,0,8,0,12,39,127,0,0,0,17,42,29,0
0,15,48,37,58,12,37,3,28,11,20,0,8,6,0,26,0,0,7,22,31,0,39,26,3,18,13,0,0,18,3,40
0,56,14,0,36,64,37,68,37,58,11,0,83,48,0,0,0,31,0,0,91,63,230,42,25,23,0,3,14,0,34,9
126,0,0,42,0,42,0,0,0,24,13,141,0,12,26,0,0,0,0,0,0,145,81,15,17,0,0,1,27,2,0,0
0,27,14,0,27,20,43,2,7,0,12,78,24,17,8,0,0,8,0,11,0,0,6,0,71,11,51,0,14,5,0,71
0,0,31,0,0,0,9,0,3,0,35,0,31,0,43,12,3,1,1,12,5,0,0,7,13,19,13,0,0,0,6,16
7,0,0,0,0,14,27,2,39,40,59,39,0,0,0,13,0,0,3,0,9,0,15,33,0,21,0,0,0,0,0,0
0,0,0,6,28,26,25,0,0,1,66,16,40,19,0,19,0,0,0,16,29,7,0,0,11,38,7,4,8,16,5,5
0,0,0,7,0,0,0,0,12,0,62,0,0,8,0,191,0,0,28,20,30,0,23,0,14,0,12,0,0,0,0,0
77,0,0,4,0,0,0,9,0,40,0,0,0,40,196,164,30,39,18,16,7,34,6,0,0,0,30,0,26,30,16,0
0,0,0,0,0,3,3,0,0,35,26,0,0,70,230,45,0,21,28,0,0,0,22,21,0,0,0,3,0,0,0,26
0,4,0,0,0,0,0,0,0,0,25,19,8,4,9,15,0,0,0,0,0,0,0,0,0,25,3,0,0,0,5,5
0,22,28,0,0,0,20,0,0,0,0,0,0,24,3,13,0,0,0,16,16,16,0,0,30,6,36,0,21,0,0,31
8,0,14,10,36,12,21,11,21,8,0,28,0,19,1,0,0,19,0,0,0,0,7,1,0,6,38,8,1,0,21,0
0,12,0,0,0,0,0,29,21,0,16,0,0,0,0,14,0,20,0,13,0,0,9,3,0,11,12,0,18,0,24,2
85,13,0,0,0,8,1,36,0,0,0,25,0,0,12,30,0,0,0,18,0,34,0,13,8,0,28,0,53,26,16,24
0,9,0,0,0,39,28,0,0,16,0,0,0,0,0,19,0,0,17,0,34,14,0,0,9,7,0,0,17,0,16,10
22,0,0,0,0,33,0,2,0,7,50,64,0,0,22,64,31,0,72,0,17,22,0,21,0,10,0,0,16,15,34,19
28,42,2,0,0,25,23,0,18,25,0,21,16,27,0,160,95,35,32,0,12,17,0,0,5,8,12,0,0,18,36,0
86,44,0,0,26,101,38,34,65,0,40,0,48,0,38,120,60,76,11,38,10,0,0,75,24,0,0,0,12,0,23,0
27,0,0,33,2,96,3,29,11,0,9,28,0,7,52,34,20,63,35,46,79,0,34,0,1,2,7,0,40,0,0,8
0,0,31,26,29,30,25,27,33,30,44,27,7,0,2,53,0,24,1,0,192,22,38,33,0,5,48,0,0,29,34,0
33,13,6,2,66,34,33,34,9,48,29,7,0,0,19,0,0,0,12,198,58,62,22,0,0,6,0,39,0,5,0,24
0,35,0,35,112,24,28,92,36,36,6,65,4,3,0,37,0,24,23,0,32,8,16,104,14,45,0,17,10,0,0,65
41,31,10,15,76,24,39,43,71,42,28,0,0,32,0,5,6,116,40,0,5,32,98,10,14,14,0,51,32,0,0,0
58,54,87,0,1,38,2,0,4,48,36,0,0,64,9,0,70,39,27,44,60,2,0,155,0,46,0,64,12,0,22,55
91,180,85,99,24,7,8,0,0,0,0,12,0,6,7,11,86,11,1,49,51,28,0,34,105,113,60,42,16,0,4,0
18,46,1,138,0,74,0,46,2,0,4,0,0,0,77,17,16,10,124,9,40,0,21,3,62,42,108,10,22,0,0,29
33,0,28,61,0,2,104,0,0,6,34,31,46,0,43,8,0,5,45,67,64,23,86,32,0,67,70,56,19,47,0,32
0,2,58,5,70,25,20,0,12,36,9,0,0,12,0,4,0,0,0,0,70,0,49,111,0,0,0,17,0,10,6,72
0,42,10,0,20,5,0,26,0,24,1,0,0,26,0,0,0,5,16,0,78,29,0,49,0,27,0,0,57,10,31,16
3,27,48,21,9,39,4,0,11,8,13,4,5,0,0,84,204,0,54,0,7,29,30,0,44,29,0,1,0,0,3,7
7,51,49,0,0,0,49,0,0,48,32,0,16,26,2,192,61,1,0,33,0,0,46,30,62,15,0,6,0,30,16,0
134,33,31,43,0,33,41,0,0,17,12,0,0,0,18,0,6,12,0,22,27,107,18,0,38,0,0,17,0,17,0,0
0,113,25,61,35,46,3,17,0,0,25,20,0,3,29,0,22,10,21,1,8,0,19,140,69,2,3,0,8,10,24,0
10,0,5,9,0,73,0,0,0,0,17,57,0,0,0,0,0,0,0,48,0,106,0,0,46,0,22,26,34,0,17,2
42,25,0,0,0,53,0,0,0,0,0,0,37,0,41,0,0,30,0,0,11,0,0,0,93,0,16,18,35,28,5,67
7,3,0,28,27,13,39,10,4,0,9,66,0,0,0,0,17,12,9,0,0,0,8,0,0,2,0,27,22,14,12,6
58,0,55,36,87,0,11,26,0,14,49,2,0,1,6,0,0,17,15,22,28,0,37,29,52,0,29,1,19,28,0,0
24,0,6,14,26,0,10,0,0,204,19,182,0,25,0,23,0,3,0,0,16,0,0,0,21,11,0,31,0,0,9,0
71,31,0,29,40,0,16,0,6,0,49,107,80,71,1,0,0,0,0,44,0,0,0,0,3,36,11,23,0,8,0,0
80,11,0,0,13,0,3,60,60,187,146,0,0,28,34,0,89,0,36,2,0,15,0,15,19,53,25,0,33,91,24,0
21,11,0,0,8,0,0,0,53,0,0,7,29,9,0,14,0,0,0,0,0,39,0,0,0,21,46,0,41,17,0,21
19,0,9,17,0,0,0,49,17,0,0,47,0,0,2,0,0,7,0,34,7,38,0,24,27,0,38,33,10,16,0,21
1,0,19,7,0,0,0,19,0,0,15,12,39,0,29,4,0,7,16,3,16,31,11,29,0,0,2,7,0,0,45,15
28,0,0,0,0,0,0,11,0,0,10,6,20,0,30,0,0,0,6,0,0,12,0,9,0,0,37,0,31,0,0,21
0,0,0,17,13,15,32,8,13,0,0,0,8,0,0,8,0,16,16,9,18,4,5,0,0,0,0,35,0,0,17,0
110,50,0,11,0,23,5,0,0,3,9,0,32,0,0,0,9,5,0,1,0,0,0,50,26,0,8,32,51,0,0,0
0,25,19,120,0,0,14,14,0,21,0,0,0,0,118,0,25,27,21,24,0,22,0,0,42,27,0,0,0,0,21,94
0,0,36,114,69,0,48,0,15,0,0,71,25,162,201,0,66,19,28,15,0,0,0,0,2,32,5,0,26,0,0,0
17,17,47,127,52,10,0,8,0,0,5,0,25,4,31,9,0,51,0,8,17,0,12,29,8,7,0,0,0,0,0,5
50,0,30,14,0,54,0,0,17,0,20,25,36,84,0,0,29,0,4,0,0,0,9,17,26,1,0,48,0,49,43,45
54,22,40,60,43,64,24,0,0,11,0,117,0,15,17,0,0,0,221,6,52,21,43,4,0,33,0,35,31,0,0,85
4,0,40,23,40,0,0,15,23,17,0,55,30,1,8,9,29,208,184,144,58,7,66,0,0,0,38,14,0,0,0,14
72,9,2,0,0,36,0,76,0,19,8,0,0,7,10,6,0,56,126,0,13,93,16,0,19,0,0,29,23,16,0,12
99,0,1,86,0,0,72,2,66,8,0,10,63,0,36,0,47,96,57,2,29,6,82,60,0,18,0,0,8,35,0,0
0,0,0,0,49,0,0,61,0,0,0,6,13,10,0,0,137,22,0,8,106,28,32,43,0,0,18,53,0,11,8,0
0,11,0,60,0,0,0,33,18,20,43,0,38,0,12,46,77,0,28,0,0,0,32,150,52,53,43,0,28,0,59,0
0,0,37,20,22,11,16,11,0,0,0,4,0,12,0,230,10,27,27,0,79,26,44,0,23,67,49,50,3,0,0,65
0,51,0,31,40,55,0,0,0,33,7,0,0,30,86,4,0,0,28,35,22,12,0,0,41,57,101,69,34,14,56,0
40,31,81,68,41,45,73,45,40,0,0,23,8,0,0,12,0,6,48,39,21,0,58,32,6,0,0,0,4,0,0,54
0,38,18,7,43,13,0,57,0,22,48,0,19,0,7,0,16,37,10,0,103,29,0,26,48,0,31,0,6,0,0,0
76,22,13,0,69,0,0,16,27,2,0,0,19,18,34,77,194,103,20,20,48,3,0,62,26,39,73,9,52,6,16,78
0,0,0,28,59,3,54,0,0,38,24,0,0,11,0,172,55,0,60,3,0,0,0,5,63,32,7,33,0,0,43,51
74,0,0,48,3,31,56,83,33,0,6,19,0,0,51,217,122,8,34,9,0,0,4,0,40,13,0,30,7,0,0,7
15,31,0,51,0,0,0,6,0,0,25,42,3,30,3,66,0,6,0,20,0,0,0,44,9,23,0,0,32,25,0,0
0,15,16,65,23,9,7,29,29,0,8,8,9,0,24,12,17,12,0,0,0,27,37,65,34,0,22,24,53,22,29,0
0,0,0,0,0,0,18,11,4,30,0,0,3,34,18,0,6,19,0,9,0,8,0,0,0,47,0,64,0,0,0,0
16,15,48,0,0,0,0,42,66,9,8,0,0,25,0,0,0,0,0,3,12,0,41,18,116,0,0,0,0,16,18,0
0,0,20,0,22,34,0,0,5,20,45,0,9,16,22,0,22,24,0,0,0,0,18,37,6,0,0,0,0,8,0,23
0,0,22,21,40,19,0,0,26,0,66,0,0,17,0,0,0,21,0,0,0,9,19,17,0,0,0,12,0,16,0,9
0,5,0,15,22,16,0,35,0,68,185,239,78,0,8,5,4,1,22,0,0,0,0,0,0,3,0,0,0,4,37,0
0,0,14,0,0,0,0,0,12,60,164,250,245,0,17,0,42,7,0,8,26,24,0,25,9,26,0,58,34,41,0,0
9,30,0,20,36,0,0,76,17,118,155,0,45,19,9,0,0,0,9,13,0,3,7,0,3,0,24,0,0,12,1,44
0,16,0,0,3,31,0,0,0,46,13,69,50,7,32,3,9,13,0,0,13,9,26,0,0,0,0,26,0,11,20,24
49,30,6,1,3,0,11,0,0,26,0,0,7,53,0,0,6,28,11,0,0,40,24,0,0,18,26,0,0,14,0,0
0,0,21,46,24,13,0,0,0,0,0,0,0,0,19,27,38,0,0,0,0,23,0,0,0,12,0,6,0,13,0,0
0,0,9,32,0,27,20,3,20,0,0,3,37,0,21,0,31,0,15,12,0,34,0,3,10,0,14,0,0,10,11,18
34,0,27,0,0,0,0,7,0,0,0,0,23,0,0,48,60,0,47,0,0,0,0,19,0,8,0,0,0,0,0,0
89,29,44,6,0,0,0,21,0,0,0,0,0,0,29,45,0,32,25,0,0,0,0,0,35,0,43,0,27,25,42,0
0,0,11,2,21,0,9,16,0,0,0,12,11,8,48,81,102,0,16,5,0,0,3,0,18,0,38,0,4,0,0,0
11,0,0,0,0,82,65,0,0,34,45,6,44,0,31,123,2,36,0,21,6,7,54,0,48,35,0,0,0,0,0,0
16,0,28,0,42,0,184,0,0,0,0,16,6,0,50,85,169,13,16,18,46,70,0,39,0,0,0,10,0,0,0,0
0,9,6,40,21,121,136,0,0,6,0,0,0,62,12,19,0,7,0,17,0,0,67,92,18,0,5,0,0,11,0,33
68,0,0,38,11,20,38,17,4,0,43,86,29,0,0,12,5,18,10,45,91,28,0,0,9,15,0,24,2,0,0,24
0,15,0,17,35,0,8,0,48,0,0,49,0,0,0,0,13,0,7,25,33,0,142,41,80,0,0,0,0,0,10,0
0,12,0,0,0,141,80,0,82,0,44,81,54,65,45,0,21,26,79,75,20,0,52,0,0,0,23,35,0,10,0,45
47,0,0,0,0,30,22,47,3,30,0,8,0,0,55,38,52,86,35,33,23,44,24,0,13,35,14,8,0,20,0,0
0,10,22,0,66,0,19,0,31,5,22,0,9,20,0,0,30,34,146,56,126,133,34,22,67,0,0,30,4,3,20,0
134,28,0,0,53,43,0,0,0,72,0,0,0,22,0,52,0,27,65,1,168,208,32,0,55,43,21,0,0,0,12,0
176,23,9,4,50,0,0,21,0,0,0,1,47,2,67,34,146,0,100,123,21,195,5,0,9,61,0,118,24,39,0,66
130,96,208,0,18,0,12,44,0,2,0,73,0,0,0,23,63,8,107,11,53,40,1,0,9,67,32,19,50,13,0,12
34,115,104,107,42,34,76,2,25,0,0,10,5,31,0,37,0,22,0,0,45,17,7,0,4,26,40,6,12,0,22,57
134,95,138,94,137,0,0,69,28,8,0,9,22,23,0,52,41,40,24,0,9,16,3,0,36,0,10,13,45,0,7,27
67,62,18,21,34,0,0,26,0,0,46,19,0,24,0,0,0,0,83,16,56,0,0,24,10,0,0,35,65,0,0,0
0,75,9,0,22,0,0,0,0,11,0,0,0,0,3,15,30,16,19,0,12,0,59,4,0,11,0,0,0,0,21,0
30,30,0,12,0,30,74,67,16,0,11,37,1,0,17,21,1,80,0,18,0,3,64,11,33,39,20,0,14,0,46,24
0,123,19,50,11,69,32,26,152,95,0,0,7,27,16,0,0,36,0,0,35,3,26,23,0,53,0,36,0,0,0,24
0,55,2,25,0,35,0,228,51,135,1,0,31,0,0,0,0,39,0,0,47,0,0,29,35,0,0,0,1,22,0,0
12,0,0,30,0,0,6,69,50,0,27,71,49,0,0,0,31,0,19,0,18,0,0,9,31,0,0,11,46,48,0,0
0,2,0,6,0,29,43,27,73,0,31,43,0,0,22,34,26,18,0,0,40,4,1,0,64,2,50,61,0,0,7,13
0,0,2,6,22,0,0,23,42,0,18,19,18,0,2,0,0,15,0,5,0,0,12,0,4,0,39,0,11,0,3,49
0,0,0,39,3,14,37,9,16,3,54,0,37,0,2,0,3,0,36,22,22,0,0,18,40,13,0,0,0,0,0,0
10,0,16,0,9,17,0,27,19,11,4,3,0,97,27,16,17,29,27,59,0,17,0,0,0,0,0,14,0,0,16,0
0,0,43,27,5,0,3,0,36,0,0,26,101,77,6,75,24,96,74,99,57,0,0,0,0,0,0,0,0,35,0,0
63,0,0,5,12,0,3,0,15,142,0,96,26,31,0,22,0,14,134,92,253,0,6,6,11,12,0,22,3,0,9,54
35,31,20,37,38,41,37,0,8,21,48,0,0,57,0,0,28,0,0,149,195,3,44,0,34,0,42,1,15,40,0,9
0,6,0,31,6,0,0,28,25,0,25,0,0,18,19,0,23,7,0,0,0,0,2,0,14,23,0,0,0,0,22,0
45,0,0,2,33,0,0,34,0,0,0,0,0,12,0,0,14,8,0,0,34,0,13,6,22,12,35,13,0,0,0,0
0,60,0,0,23,6,0,0,0,0,0,0,0,23,7,0,19,37,16,0,16,3,3,0,11,1,0,0,29,13,0,0
11,0,0,17,51,0,0,0,0,13,41,1,35,37,0,8,11,1,38,0,19,33,0,6,0,0,0,0,17,15,50,29
