52,49,7,0,0,7,6,8,74,39,37,20,18,147,0,0,0,34,16,0,24,0,55,4,22,31,27,38,48,0,26,0
0,0,0,0,30,14,41,0,61,36,19,3,93,63,22,0,32,0,60,0,23,30,38,0,15,0,0,0,6,41,0,21
48,0,60,3,38,44,141,0,43,21,111,209,100,160,161,0,0,0,0,26,0,0,33,16,0,0,8,34,45,27,38,38
78,0,51,105,26,78,142,114,12,8,94,42,68,10,30,22,56,0,105,0,0,48,7,0,1,0,0,0,0,0,51,16
92,0,34,216,4,13,154,212,8,16,152,67,140,0,202,55,1,3,2,33,0,62,51,0,25,0,22,2,0,0,0,32
33,39,44,55,67,125,12,45,34,0,43,72,0,58,8,0,0,0,93,62,85,44,245,0,10,19,7,10,0,0,0,0
13,13,7,58,91,79,142,24,129,47,0,10,40,31,0,116,0,4,0,6,0,37,65,2,5,12,4,0,0,6,0,60
85,14,54,64,93,64,105,34,43,220,0,4,10,52,15,7,46,37,2,116,17,0,0,34,0,4,2,32,8,9,21,0
69,76,62,119,93,14,4,0,48,118,0,28,0,0,0,80,46,0,103,26,63,37,116,25,15,25,13,27,0,26,0,0
80,0,35,62,36,67,48,7,190,78,36,20,4,0,0,39,0,0,37,32,84,211,58,0,7,3,0,2,0,2,0,30
0,16,0,16,0,0,0,0,4,0,168,11,21,31,0,0,0,0,35,159,0,82,107,0,68,20,120,122,46,0,36,0
80,0,0,21,50,31,0,0,0,0,60,21,0,18,55,60,73,58,44,67,38,162,43,5,43,127,63,48,0,11,25,0
85,0,2,146,0,28,13,21,3,14,31,0,0,26,0,0,0,30,13,30,13,39,37,0,21,4,32,83,9,0,19,0
0,0,50,112,108,0,0,13,0,5,0,0,34,0,24,39,32,4,0,0,0,0,0,0,17,15,223,16,0,1,0,30
0,21,102,180,127,58,3,0,30,23,0,0,71,22,9,0,0,0,0,6,0,0,0,64,43,30,113,9,0,3,13,20
108,131,177,26,31,214,0,4,1,0,43,157,44,187,157,18,21,18,0,13,92,77,35,90,176,47,168,0,38,0,13,0
124,76,59,103,31,137,32,23,0,26,0,41,177,28,214,0,73,209,0,26,5,13,0,21,51,205,16,23,0,0,0,76
49,33,0,0,45,0,19,65,0,0,27,132,42,39,104,27,4,2,0,0,33,44,3,1,87,3,1,0,37,0,35,0
0,0,0,0,0,0,0,2,33,0,13,0,0,11,8,0,0,18,25,0,21,50,34,2,0,3,43,0,0,0,0,0
18,0,0,0,10,21,0,3,31,39,34,0,121,100,0,47,0,31,45,12,152,35,106,119,0,0,0,0,45,0,1,0
54,0,17,3,0,1,10,0,32,21,19,25,99,247,15,0,3,20,41,0,119,226,172,135,11,0,0,35,0,0,9,9
0,0,0,31,11,10,71,31,47,96,0,243,195,28,22,5,12,28,68,6,0,115,23,135,1,0,102,0,4,25,0,17
226,0,0,0,0,0,61,75,162,33,93,133,129,14,0,35,58,0,0,23,189,108,124,24,0,0,0,0,0,54,14,124
0,3,23,0,65,34,135,55,126,17,154,212,58,29,0,0,16,0,0,214,93,50,42,0,0,0,6,0,33,3,0,4
44,31,11,55,0,68,0,90,1,206,228,130,21,68,0,0,44,149,205,69,135,160,96,2,0,0,54,0,44,20,9,91
134,31,23,34,0,45,66,25,0,240,158,194,144,23,8,0,42,91,222,75,148,149,87,0,21,14,24,0,36,19,34,0
0,0,16,10,66,57,6,69,19,228,172,7,150,156,10,0,53,96,106,99,207,240,0,0,0,0,19,5,0,0,22,59
101,54,0,50,69,0,41,41,0,25,72,235,73,9,184,0,48,237,215,205,194,0,37,0,27,0,45,0,37,0,29,0
15,0,0,0,0,0,0,80,0,0,0,56,0,0,0,18,176,136,116,0,0,0,0,27,0,38,29,0,9,35,0,0
5,30,0,0,21,51,0,19,0,0,36,0,9,4,9,31,38,11,34,7,35,0,4,0,0,32,3,0,24,5,39,0
0,0,11,17,0,0,0,0,7,0,0,6,51,0,25,0,60,0,20,0,24,9,2,0,0,0,29,0,0,16,22,0
2,28,0,15,0,0,16,43,16,11,0,0,0,16,26,8,41,23,0,0,0,26,18,0,0,38,14,12,33,5,0,40
0,0,0,10,0,0,0,9,0,25,0,0,165,15,2,0,0,35,11,28,92,0,8,48,6,0,0,0,0,24,0,0
0,0,59,12,10,37,0,27,0,21,36,82,62,65,0,0,0,133,0,98,100,0,20,0,6,0,5,22,0,0,5,8
63,0,0,0,17,39,0,0,24,40,0,102,219,200,3,0,4,66,67,127,154,0,0,51,0,19,0,0,0,0,0,0
8,0,0,55,113,0,13,71,43,0,48,210,244,24,12,10,0,8,22,200,18,12,0,9,16,4,36,7,0,9,0,0
138,24,6,0,31,46,74,36,74,0,6,104,171,59,0,21,4,4,22,112,56,7,0,0,2,35,210,84,0,5,0,70
0,54,0,0,55,103,65,12,95,7,0,64,222,56,0,4,22,27,12,175,65,0,14,12,5,26,148,0,28,0,0,0
65,13,0,15,34,67,71,0,0,4,106,27,246,162,0,26,0,0,5,145,14,37,0,0,2,17,121,52,0,0,20,0
0,19,20,9,27,27,110,39,30,0,0,59,218,185,35,24,25,0,0,44,0,14,37,0,7,88,25,0,0,15,0,0
5,68,8,18,0,21,39,0,27,4,31,78,135,196,0,5,6,0,18,32,3,9,0,18,0,55,0,0,10,9,0,11
0,0,0,5,0,0,0,11,0,0,6,53,20,130,0,0,0,1,59,1,5,0,0,0,67,70,36,50,32,29,23,8
1,25,0,0,0,4,10,7,0,0,0,3,0,100,0,60,10,0,7,0,97,0,17,40,53,34,41,0,35,0,2,0
26,28,43,0,54,208,0,2,0,0,0,30,0,0,28,0,0,0,0,0,77,16,0,127,164,31,21,0,0,102,19,11
0,21,19,0,0,79,184,18,0,0,0,0,38,63,27,0,0,11,0,0,0,0,0,75,47,0,11,0,20,198,47,18
11,12,0,21,5,14,247,18,2,5,19,1,12,0,17,0,9,0,0,0,0,0,12,0,12,5,12,0,171,32,9,0
0,73,35,0,0,1,238,32,0,0,0,0,76,194,0,25,23,0,11,38,2,27,0,12,0,32,0,12,0,0,0,0
60,18,0,0,0,0,9,23,0,45,16,39,9,233,63,28,11,12,10,22,10,0,22,11,0,35,66,0,10,0,7,91
17,38,39,0,0,0,38,7,7,0,8,52,0,49,0,0,15,10,103,0,41,23,0,0,0,172,113,34,20,8,60,0
48,11,0,0,0,0,0,27,4,0,0,0,0,0,70,56,10,18,31,0,0,78,18,0,3,74,24,0,27,0,3,0
0,34,0,0,52,0,0,24,38,23,0,0,0,74,58,0,0,21,0,17,82,129,44,0,0,40,48,0,0,26,14,44
88,0,30,44,72,1,25,5,8,0,55,0,169,46,37,42,74,0,36,38,60,1,94,126,0,1,19,0,8,0,0,0
0,10,7,0,0,0,0,0,0,9,122,104,29,41,7,0,27,0,13,25,85,109,84,0,18,9,0,15,8,23,19,0
14,1,42,0,4,0,190,240,254,228,82,72,191,42,22,36,35,21,80,35,11,156,8,10,32,7,64,0,0,0,6,7
0,25,5,0,0,38,193,228,189,174,105,88,121,112,39,22,16,7,19,41,4,0,93,0,17,0,0,25,0,0,0,61
0,0,31,0,32,0,63,223,182,51,181,28,93,0,2,30,15,0,53,6,32,5,59,0,31,16,0,30,0,0,0,0
59,0,37,39,0,0,0,23,64,233,228,26,32,38,6,0,0,20,26,124,0,16,33,0,1,0,22,21,1,0,0,0
87,0,0,0,0,53,4,50,72,235,173,57,104,0,10,0,0,18,21,15,64,0,44,37,4,0,50,45,8,0,0,0
19,2,49,26,3,23,0,34,0,178,54,111,47,0,0,4,0,0,56,82,7,30,47,0,4,0,46,32,0,6,0,0
0,0,9,17,3,0,0,4,14,0,0,2,73,0,0,0,0,14,27,4,10,0,0,17,0,5,18,0,38,14,19,1
16,29,0,0,0,0,0,0,0,16,0,0,7,0,0,0,0,0,0,21,0,0,9,0,14,0,0,27,7,0,61,3
8,8,0,0,0,0,23,3,0,2,0,7,30,12,24,0,38,0,26,0,0,0,0,0,0,0,23,1,2,11,29,0
0,0,0,19,0,16,0,0,7,19,5,18,1,2,0,0,21,0,0,18,0,0,36,26,30,31,35,0,37,0,3,0
0,16,0,0,0,0,0,12,19,0,18,18,0,0,23,0,25,0,0,18,39,13,3,0,0,0,20,0,8,0,2,4
0,8,23,38,5,0,0,0,0,113,0,20,0,0,0,0,0,10,0,0,0,0,0,25,0,19,0,21,61,3,48,16
45,1,1,0,0,0,21,0,0,122,0,0,29,0,7,34,0,78,50,11,0,16,0,0,35,0,53,0,49,20,0,0
0,0,0,96,2,0,0,0,172,27,62,1,70,237,44,19,39,12,5,0,0,0,0,25,19,0,43,0,0,4,0,0
125,102,127,88,156,13,27,0,221,56,36,11,47,30,0,72,0,0,18,11,3,14,0,12,0,4,7,0,0,0,13,18
27,98,94,212,0,42,0,67,0,0,10,56,26,0,55,144,22,122,5,38,0,0,2,1,0,0,24,0,44,0,0,33
53,70,1,9,81,44,0,36,1,0,0,50,0,0,54,58,95,71,0,134,82,12,0,63,28,0,0,35,0,45,31,81
56,116,65,17,39,0,21,20,0,3,131,52,14,0,44,0,46,0,0,1,29,0,14,28,91,14,52,0,0,24,26,0
82,227,212,13,10,58,8,43,18,50,1,22,0,10,35,6,0,0,17,48,13,0,3,21,0,4,0,28,50,20,0,105
183,101,0,62,106,6,13,25,0,0,0,44,0,93,0,98,13,38,7,9,34,0,0,4,17,35,0,69,0,70,0,42
1,110,102,34,160,41,0,41,36,0,0,38,24,0,20,36,9,8,4,0,13,3,16,35,0,6,0,18,41,19,0,17
53,247,116,190,57,38,56,110,0,36,4,0,0,48,0,0,0,0,169,8,0,30,0,0,0,40,0,24,0,27,0,9
14,61,112,137,52,5,0,26,24,1,37,17,114,0,6,0,17,26,75,14,96,7,58,10,50,24,68,0,0,14,0,27
104,0,0,28,0,49,0,0,0,0,0,126,135,12,13,0,0,0,60,0,0,14,40,17,0,19,2,49,0,60,0,17
6,0,56,0,0,0,60,0,36,41,45,0,10,0,14,21,0,53,0,15,26,0,91,66,0,0,0,53,0,14,24,0
0,0,0,14,0,0,17,0,52,22,9,1,0,0,0,7,16,31,0,6,47,51,26,51,30,0,0,46,0,27,41,0
0,2,51,0,12,18,0,0,3,5,68,14,65,6,33,239,47,0,161,44,112,93,24,23,96,40,0,5,0,0,17,44
14,0,8,0,13,0,0,0,1,0,0,42,0,0,0,78,127,36,51,57,34,5,26,0,29,0,39,0,0,31,49,0
23,6,46,20,20,8,25,198,17,0,53,0,14,46,50,0,37,0,0,45,0,13,87,30,10,1,0,26,0,0,0,77
0,0,0,54,28,2,1,50,0,2,0,223,0,4,48,8,0,0,4,51,0,19,33,18,0,0,72,19,7,25,0,0
0,0,0,6,37,0,19,31,21,27,39,176,85,7,12,24,23,0,11,0,28,1,24,70,0,0,27,0,0,0,0,0
16,23,0,0,13,0,0,0,27,0,61,131,131,72,87,23,0,28,12,0,31,123,58,5,0,22,8,40,0,27,35,0
9,35,0,25,35,48,26,0,0,11,57,0,176,154,97,41,0,25,16,0,0,1,9,10,2,16,60,0,0,22,20,24
22,89,219,13,129,132,15,0,0,0,14,2,76,84,22,16,0,0,54,2,66,29,16,0,30,0,0,1,15,0,0,56
135,48,109,187,249,68,16,32,0,0,0,38,53,85,20,23,11,0,0,57,23,6,27,0,52,1,25,0,22,6,1,65
103,134,62,215,127,52,27,0,0,28,0,68,0,0,0,0,0,46,0,98,0,11,17,0,15,0,29,0,23,41,0,0
235,182,87,203,30,53,36,0,42,0,177,132,243,15,7,0,5,0,0,2,0,28,27,28,17,0,0,18,0,0,0,33
232,29,187,2,225,30,4,46,14,181,93,94,15,12,29,0,19,20,9,41,0,0,0,17,21,0,22,45,0,9,0,0
197,74,192,230,112,0,0,0,0,22,79,174,19,0,16,7,0,0,0,2,0,0,0,0,30,7,0,0,0,0,0,0
0,80,97,125,19,0,0,13,16,53,87,20,4,0,0,52,18,1,0,0,8,0,20,16,16,25,0,4,34,1,0,0
40,0,0,36,10,0,0,12,0,19,20,0,8,7,0,0,5,0,23,0,12,0,40,0,35,12,22,4,38,27,19,18
44,2,45,7,0,0,2,49,7,10,0,0,32,24,0,0,5,0,10,5,12,0,9,34,15,24,0,0,0,8,53,6
0,0,5,0,0,0,0,0,0,1,31,0,9,3,33,0,0,11,0,0,38,24,17,0,36,16,0,23,0,28,0,0
38,0,21,0,0,26,0,21,146,34,0,5,10,32,28,0,10,4,0,0,0,4,0,31,0,0,0,2,0,13,28,52
20,33,40,30,16,0,0,238,213,0,2,12,48,0,54,16,33,0,9,0,13,0,0,33,31,0,5,12,19,0,23,11
7,29,6,0,18,16,68,243,84,56,54,2,0,0,0,0,0,16,0,0,0,0,6,0,0,0,0,5,17,7,61,0
71,49,0,0,22,36,0,210,124,21,23,0,0,0,146,70,0,49,0,2,31,40,0,0,0,0,0,57,35,0,18,0
41,5,27,8,29,14,0,55,43,18,16,22,0,97,112,99,6,50,28,29,21,7,0,0,0,16,0,0,4,0,33,63
145,0,41,35,0,0,34,50,31,0,1,0,0,207,176,0,29,29,58,1,19,0,0,4,0,3,0,54,0,65,84,0
119,16,6,0,0,17,31,0,0,0,0,0,27,5,42,0,19,14,0,8,0,21,88,32,15,0,0,58,0,21,0,0
238,80,52,0,0,0,0,30,14,0,41,0,0,10,118,24,16,1,19,0,28,0,82,0,22,10,62,0,0,40,31,0
240,226,25,0,0,0,0,31,3,0,0,35,24,202,0,0,0,0,0,1,21,0,17,0,0,11,0,0,0,0,0,0
216,72,15,0,12,26,0,49,0,35,24,0,0,155,46,0,41,0,156,75,20,2,53,0,16,17,4,34,16,0,24,0
42,38,175,38,0,0,0,0,4,0,26,67,39,132,17,0,0,58,147,45,23,10,0,0,0,0,48,0,0,14,0,0
18,72,217,40,55,0,73,0,0,19,13,3,78,128,48,0,84,25,65,0,0,0,0,0,37,29,24,0,0,7,0,65
56,48,150,2,41,0,3,7,6,0,49,27,113,106,0,0,0,39,73,0,36,0,30,18,0,0,0,1,17,0,17,0
0,0,0,29,10,8,0,0,7,0,20,6,0,0,0,0,11,178,8,25,37,0,42,0,9,0,7,4,0,0,0,0
0,0,4,11,0,0,0,31,54,51,0,34,7,0,39,0,237,204,0,16,15,1,39,16,30,9,0,0,35,0,0,0
0,7,26,5,4,5,0,0,0,38,0,0,11,60,26,0,108,94,26,10,0,17,4,59,1,27,68,0,0,60,0,9
0,39,6,66,152,11,0,0,0,17,0,0,8,25,10,0,230,14,10,17,28,12,62,25,0,0,0,0,0,0,0,82
0,12,0,10,18,138,0,0,196,108,39,39,141,0,0,32,56,39,63,61,44,53,80,0,0,32,22,0,0,0,0,0
57,37,21,0,74,246,8,45,0,0,47,0,142,0,51,0,0,0,0,0,9,60,42,8,5,0,0,0,67,0,16,63
84,5,25,44,53,0,46,14,0,0,0,133,3,203,80,159,50,0,13,55,0,30,3,0,0,10,0,4,11,28,9,36
0,22,0,0,13,3,0,30,7,0,82,89,7,208,55,59,0,0,19,32,64,81,7,28,37,11,21,0,13,0,42,53
0,26,11,7,35,36,0,0,0,35,0,33,72,22,56,97,0,4,10,122,0,16,25,0,10,16,0,0,0,65,21,0
0,2,20,4,0,46,22,0,56,10,28,38,135,0,199,6,0,13,0,9,44,32,57,23,0,0,61,32,0,20,75,0
0,0,15,69,169,37,16,0,0,15,0,9,46,78,181,0,39,0,16,29,0,7,55,24,3,0,0,0,3,7,20,29
16,111,205,204,254,0,40,16,32,0,32,65,0,43,2,62,10,0,31,1,25,9,12,0,42,0,0,0,29,4,0,0
0,9,204,182,15,43,0,0,0,0,29,40,198,62,28,80,23,0,0,19,0,8,0,4,0,9,0,0,7,5,69,41
0,64,109,72,229,67,29,26,0,23,16,13,69,102,0,0,10,2,19,7,22,8,27,0,0,0,0,0,33,21,93,0
0,37,33,78,210,95,25,0,0,20,85,138,46,30,4,0,8,0,7,18,0,0,0,0,0,0,0,0,0,20,22,73
0,40,0,32,103,25,18,4,44,34,0,0,170,39,24,0,29,14,36,0,48,0,48,15,7,4,3,0,20,3,31,16
7,0,26,0,13,0,9,0,4,0,6,0,13,10,0,0,25,20,0,52,3,0,3,0,0,0,0,2,0,0,0,0
24,28,48,0,5,0,20,0,0,0,21,21,26,0,0,0,0,0,0,0,9,0,0,21,0,0,33,0,11,28,0,66
0,9,0,0,6,0,0,20,30,0,0,0,23,0,0,1,0,0,13,2,0,8,16,23,0,14,0,0,0,10,0,0
39,11,34,7,37,0,0,35,31,25,11,0,33,33,8,49,163,5,41,6,10,4,5,0,10,0,0,0,32,0,0,9
0,21,0,5,0,10,9,43,8,0,66,44,0,6,25,77,0,173,102,12,6,0,13,0,3,35,35,0,8,28,0,56
0,0,30,53,0,0,0,81,185,55,73,54,0,203,54,75,38,115,201,5,0,0,0,30,0,0,28,56,0,0,27,0
0,6,38,105,84,12,112,61,90,69,72,142,0,0,0,55,0,0,0,3,22,22,0,58,0,5,6,16,0,0,4,21
0,0,51,171,49,41,58,18,0,33,40,0,23,0,0,81,22,10,0,6,0,20,73,25,49,105,76,0,13,5,7,5
27,70,43,63,31,182,98,112,0,0,74,161,88,0,42,13,107,146,14,72,0,7,21,84,38,89,207,0,0,36,0,0
31,37,29,31,12,54,138,0,36,5,116,92,142,19,0,34,20,0,28,0,41,3,42,4,0,26,3,0,16,14,75,24
8,23,102,28,52,91,17,99,73,0,56,146,45,57,28,0,11,2,0,9,0,14,42,5,38,0,80,7,20,0,0,0
145,0,77,81,47,42,42,48,40,46,16,66,0,56,4,0,0,37,42,50,0,7,0,30,18,28,77,0,18,0,0,10
108,0,24,0,0,16,0,0,0,28,0,0,0,0,103,0,8,4,0,57,45,53,51,91,78,63,28,34,0,28,20,22
30,13,0,69,16,0,3,34,20,0,0,46,28,50,152,0,62,76,56,22,38,16,74,89,39,18,47,14,67,27,31,167
46,13,3,0,0,0,43,154,1,23,0,0,0,0,0,0,10,109,29,0,29,46,95,68,171,20,8,0,52,61,237,27
0,0,0,34,54,0,0,249,226,43,0,0,35,0,0,43,28,0,0,69,33,48,0,50,7,85,35,5,20,62,171,182
4,23,46,40,35,67,187,129,221,91,21,19,22,0,23,12,24,12,9,0,5,0,0,13,5,17,0,0,31,8,70,7
87,87,95,35,0,122,115,216,167,13,17,0,5,20,0,199,161,59,0,0,55,0,38,0,5,22,74,0,54,51,96,22
0,65,109,25,99,1,55,36,0,45,0,27,19,66,46,57,196,94,0,11,14,0,8,10,118,38,171,101,79,195,0,54
27,93,0,63,42,13,65,47,0,18,41,0,0,0,130,0,35,74,0,98,137,42,0,0,0,0,108,57,55,83,34,35
0,0,22,0,0,43,0,0,22,7,30,8,44,64,0,22,11,24,0,67,22,0,75,51,133,44,26,0,0,0,24,0
115,0,0,43,21,0,28,41,0,38,0,24,17,0,31,0,36,0,2,32,14,79,0,140,97,129,73,0,0,40,0,0
45,3,36,20,37,0,60,4,36,0,16,0,0,22,23,141,141,0,50,49,15,32,59,224,0,53,69,21,5,20,23,22
0,0,0,0,0,0,0,48,18,0,17,53,0,0,99,54,23,5,0,23,58,41,1,153,105,93,177,88,0,0,64,34
65,28,20,0,57,28,15,0,18,5,0,42,55,161,2,170,0,65,62,54,0,84,0,26,50,205,113,6,0,0,0,0
0,21,0,0,0,67,81,20,67,0,42,24,30,21,215,30,186,0,22,110,149,20,26,95,3,75,0,5,0,0,33,0
0,0,0,0,1,41,0,1,67,83,99,68,88,125,66,20,0,6,5,16,68,80,95,27,102,0,0,21,10,30,6,25
0,32,0,40,17,39,0,67,25,83,21,99,181,5,131,21,55,21,5,0,153,254,61,20,116,90,0,0,0,0,23,0
0,0,0,33,2,19,21,0,3,71,0,120,228,254,73,202,30,13,0,8,179,197,241,195,162,48,56,16,0,0,33,0
0,61,0,16,0,72,54,61,23,114,120,5,205,148,100,207,191,45,32,171,10,226,5,96,0,0,0,0,12,21,58,45
0,0,8,0,61,19,26,0,47,5,34,50,52,90,38,93,64,69,36,137,135,128,7,17,1,2,12,28,0,28,0,7
92,0,11,6,26,4,9,0,0,6,16,0,21,0,0,26,49,29,175,18,0,28,0,42,0,33,0,22,0,28,55,0
40,0,3,0,0,32,18,0,0,14,18,6,13,0,0,10,19,0,0,0,0,7,17,0,0,0,26,6,0,0,16,0
10,23,0,45,45,4,3,0,0,19,0,0,0,3,27,0,16,0,0,9,0,0,0,42,0,43,16,0,24,25,11,13
30,5,9,0,0,0,0,23,3,0,9,18,0,0,1,0,6,7,0,0,0,0,0,0,7,11,38,0,29,0,0,32
0,0,0,0,23,29,98,10,51,0,0,45,0,0,16,143,5,11,72,0,16,13,51,65,38,0,35,0,0,24,0,0
0,0,0,5,0,0,0,7,0,0,1,25,0,29,31,164,0,3,0,44,8,15,157,211,100,20,11,0,0,9,0,0
51,0,6,0,0,0,0,69,30,0,25,97,0,58,40,246,45,29,0,5,0,82,147,70,62,15,0,31,0,40,12,0
113,0,43,25,128,27,0,57,70,36,100,75,94,24,52,108,7,12,0,41,54,35,10,82,0,0,0,0,0,0,11,0
0,0,17,0,0,22,64,23,0,40,48,33,69,62,37,198,120,0,20,0,0,3,74,64,20,0,19,0,0,38,208,0
98,7,54,49,61,35,75,27,29,0,21,101,2,57,52,54,252,18,2,0,34,0,11,20,0,0,3,0,0,89,56,81
71,0,67,0,48,37,2,0,0,26,91,0,16,0,69,73,199,0,8,35,49,0,88,44,0,0,0,16,0,205,7,10
0,40,9,39,30,0,0,0,4,3,0,63,11,4,16,146,9,8,6,0,0,20,16,27,0,0,13,0,76,20,8,0
40,0,16,0,20,19,52,0,0,29,42,0,44,91,0,184,139,12,4,0,0,74,84,56,37,5,0,15,66,0,0,7
114,18,6,25,69,0,55,34,53,0,4,33,0,0,26,137,199,0,14,0,6,248,0,0,29,0,24,147,181,5,0,11
107,20,11,5,0,0,3,0,93,0,20,0,0,0,1,106,2,0,0,0,17,0,11,72,18,55,7,168,0,0,0,5
48,21,55,0,0,0,0,4,155,127,28,25,0,0,27,57,46,21,22,0,0,0,0,0,71,20,40,4,44,32,13,0
75,29,16,51,15,0,20,78,33,36,22,73,0,0,0,0,26,0,14,65,0,6,12,10,0,171,215,16,25,0,0,102
80,0,0,19,0,0,41,53,181,77,12,0,0,0,0,28,0,0,0,13,7,0,0,0,0,26,0,16,26,11,14,51
0,0,13,0,0,22,15,66,31,0,7,29,0,0,36,0,130,18,42,0,2,20,0,0,0,0,19,19,17,57,20,0
56,33,14,0,61,0,34,9,0,39,0,39,0,45,0,49,47,7,120,6,28,46,56,35,0,19,0,26,12,15,38,74
52,8,54,4,8,4,16,0,0,11,0,62,1,0,0,56,67,2,50,0,23,0,59,0,0,16,22,195,103,16,30,0
3,51,5,0,0,40,38,0,41,37,43,20,31,0,16,54,12,33,12,0,17,11,86,0,26,29,32,39,15,0,32,45
132,22,5,0,30,17,11,0,30,0,5,0,0,41,28,0,17,29,0,45,22,4,0,101,5,0,0,49,0,22,1,96
138,12,0,12,0,0,39,23,12,0,41,30,0,5,0,29,64,52,24,0,60,0,65,89,58,0,43,15,0,0,0,2
92,4,0,0,0,0,0,50,75,45,0,0,0,197,3,51,0,0,14,0,0,59,48,22,32,114,0,0,61,0,40,0
166,11,0,15,0,11,0,7,77,98,27,160,101,48,106,45,0,49,0,17,14,221,23,0,86,0,0,15,37,0,0,9
159,8,42,0,0,20,21,31,245,56,208,195,24,187,107,0,57,0,6,0,8,0,0,0,46,0,3,0,45,24,63,0
155,7,0,0,100,0,0,0,160,209,21,1,176,227,169,0,14,0,10,0,45,10,0,0,36,0,0,36,0,0,0,28
59,24,14,3,41,13,0,59,18,191,136,108,95,85,0,0,0,38,0,0,0,0,63,0,0,0,0,40,28,10,0,0
44,0,0,0,18,64,52,0,68,21,6,12,214,92,4,73,0,8,65,0,0,16,0,11,0,0,9,9,48,0,0,16
108,7,0,0,0,43,6,35,18,39,156,63,35,9,24,48,9,0,0,39,28,30,0,0,0,0,0,0,4,0,0,55
19,7,27,0,4,23,0,0,0,0,0,0,7,0,0,17,26,0,18,57,0,18,0,0,0,0,0,10,0,29,0,32
0,0,0,6,2,0,10,0,20,0,0,63,23,0,0,23,2,0,8,0,0,0,0,25,1,0,21,0,25,4,22,0
40,3,4,5,33,13,0,0,0,26,41,4,0,27,0,16,0,14,15,0,7,6,13,0,0,0,0,0,0,0,9,36
0,12,35,1,26,18,21,0,0,16,0,6,0,0,0,12,10,10,0,0,0,0,13,11,28,1,0,13,18,5,8,0
26,0,0,0,53,0,0,3,4,0,0,0,0,20,0,0,0,5,0,0,0,0,21,19,0,0,0,0,26,0,0,0
171,4,12,0,22,0,37,16,27,21,0,0,55,15,0,5,6,0,23,0,26,0,0,37,14,17,22,32,0,0,0,0
0,17,35,35,19,0,0,3,13,0,96,78,92,40,30,24,0,121,34,38,42,0,0,0,0,0,0,0,0,19,0,0
62,0,2,52,0,0,11,28,0,16,102,135,96,23,4,3,0,0,48,35,23,60,22,0,12,0,47,28,15,12,0,0
2,2,81,69,68,66,2,115,0,76,81,36,121,34,24,16,234,0,11,0,32,0,0,0,0,51,31,8,25,0,0,0
0,54,49,97,0,0,26,0,0,0,0,66,11,3,0,172,104,58,44,12,14,0,0,0,0,0,0,68,17,0,5,0
19,98,37,31,31,10,113,27,10,0,56,70,11,33,13,92,79,24,29,86,78,3,22,0,0,0,18,0,0,18,17,0
11,0,71,86,59,20,69,13,34,0,148,29,59,0,11,45,21,0,4,0,54,32,0,6,48,22,87,0,6,11,0,9
58,91,131,39,106,122,85,57,59,8,37,0,0,10,11,0,38,0,69,124,19,3,8,25,9,0,11,49,3,8,9,0
0,179,86,141,83,0,33,94,34,30,35,31,0,9,46,8,0,27,21,0,54,0,26,29,0,32,53,18,21,0,0,0
0,147,254,0,37,85,129,16,22,20,19,0,2,0,1,0,29,0,0,3,0,0,0,5,18,18,0,23,0,21,0,24
0,48,45,143,43,60,10,0,111,0,31,0,0,31,0,0,41,0,71,0,65,11,26,46,27,0,0,0,0,14,0,0
0,42,150,98,57,25,54,0,43,0,0,0,0,9,0,8,0,16,57,17,43,0,55,6,61,3,15,0,0,14,15,0
0,46,58,0,16,0,0,0,10,28,73,19,127,44,7,0,0,0,35,25,0,3,43,3,0,0,75,68,48,14,0,24
0,0,30,1,40,0,0,30,0,23,8,16,25,0,0,0,30,49,69,19,0,30,0,26,10,11,80,11,97,78,13,94
52,0,0,58,65,0,0,74,0,0,1,0,13,74,0,0,50,0,0,0,0,50,34,17,28,0,28,55,6,0,27,0
0,0,0,15,41,0,45,5,19,5,20,0,0,23,0,0,195,0,100,47,47,115,0,85,19,42,60,0,39,1,0,41
0,0,0,10,0,85,46,0,0,0,0,55,0,0,0,23,132,23,46,46,14,12,12,26,14,6,10,0,0,24,0,0
0,16,0,14,0,0,0,1,26,9,0,0,32,56,0,0,3,45,0,12,10,39,78,24,64,0,35,0,0,27,0,0
0,21,0,9,0,0,20,15,21,9,32,42,172,16,0,72,0,62,8,20,12,73,41,0,0,46,0,1,2,0,3,0
0,4,45,0,0,15,0,0,0,19,16,71,202,138,35,59,13,0,0,37,36,29,46,88,56,0,0,0,0,32,0,0
0,45,4,14,33,15,0,0,40,14,0,199,142,70,207,27,55,19,0,0,28,104,26,0,30,0,76,0,0,1,0,33
0,3,0,10,87,93,77,11,0,32,0,0,138,220,176,6,28,2,0,7,24,92,23,0,15,18,0,0,0,49,11,7
0,40,10,4,128,148,48,0,29,0,151,26,29,82,188,29,33,17,0,0,30,0,22,8,7,2,0,0,0,7,0,32
0,191,97,173,95,95,3,34,44,82,16,22,148,139,199,29,14,0,0,9,16,0,36,0,31,0,2,12,1,0,28,0
41,175,250,186,4,2,26,62,1,78,85,68,54,42,0,27,13,7,8,0,15,0,21,34,0,0,0,50,0,23,14,0
34,52,110,214,121,98,32,25,16,0,15,77,145,48,29,0,11,37,0,4,23,13,4,0,0,0,3,0,0,0,0,21
78,232,27,45,20,121,5,0,0,0,223,151,34,78,6,32,0,0,32,0,0,0,0,30,8,10,30,0,6,43,23,10
55,243,47,82,115,4,0,41,0,7,118,193,86,0,63,1,38,6,13,5,0,16,0,0,18,0,8,11,25,0,0,31
25,79,131,179,129,0,16,46,14,144,145,43,43,0,0,0,24,0,23,0,0,3,0,0,0,0,33,12,44,20,40,0
0,10,0,97,49,0,0,5,163,39,0,0,1,0,0,9,21,0,28,0,31,0,25,0,30,26,0,0,0,17,0,0
0,0,16,19,0,0,0,41,0,2,0,0,7,0,0,0,0,0,25,0,2,0,51,0,2,0,0,16,6,0,4,0
0,0,47,0,9,0,2,2,0,0,0,14,0,0,0,0,2,0,0,17,0,0,0,7,0,13,0,0,0,0,0,19
42,13,5,0,0,0,24,26,0,149,0,21,0,0,8,0,9,0,6,35,3,0,32,0,0,49,33,0,16,38,51,1
2,0,0,34,0,0,0,0,94,108,0,19,35,0,18,0,0,40,0,19,0,0,0,0,23,17,10,15,0,0,0,0
27,0,0,41,0,0,0,27,210,52,82,22,0,71,0,1,0,86,42,0,9,33,27,23,0,0,0,0,67,2,0,21
111,118,0,34,0,35,54,0,240,110,68,27,50,0,58,200,0,0,0,9,51,0,0,25,14,0,0,69,0,34,24,23
0,107,117,0,32,14,0,45,0,49,0,0,0,54,99,203,34,40,26,0,0,0,26,27,29,14,47,19,0,0,0,14
62,172,109,3,2,0,0,0,63,130,0,68,0,0,59,129,72,40,31,69,95,12,62,0,0,0,0,0,0,11,0,11
73,0,3,20,106,0,10,56,19,62,0,0,56,9,0,40,31,14,0,35,3,26,10,21,6,0,0,18,25,48,0,0
78,14,109,44,0,89,47,14,0,91,11,5,0,13,5,11,0,6,89,0,8,12,0,0,38,10,65,0,0,0,8,14
106,0,61,83,21,0,17,14,24,30,3,2,0,0,80,162,10,0,41,0,38,30,23,15,0,33,0,0,20,18,0,1
145,5,45,180,90,6,4,9,0,15,0,21,0,0,78,34,0,0,0,35,92,0,2,8,16,0,37,0,0,9,26,0
71,0,1,104,85,46,5,18,0,0,11,0,1,0,101,53,0,13,72,132,14,2,7,0,0,0,8,0,20,8,26,1
0,35,0,57,129,44,0,0,0,12,0,0,34,17,176,26,0,16,0,4,19,0,51,36,12,72,0,0,15,2,0,0
119,0,46,16,123,23,0,0,25,0,75,11,48,63,80,95,0,48,10,0,0,2,0,0,0,0,17,20,0,16,0,0
66,0,0,0,0,0,0,37,0,0,0,7,0,0,0,0,50,21,20,85,0,10,0,16,22,0,57,10,35,0,0,0
21,0,0,22,0,0,0,0,9,9,0,0,33,57,17,7,0,50,15,123,49,0,64,0,48,24,0,0,9,0,0,55
178,1,10,0,0,42,55,25,38,0,55,27,60,0,0,16,1,21,197,98,22,36,0,75,24,0,82,26,10,0,0,0
25,1,0,3,25,11,165,241,43,0,30,108,14,0,0,16,24,9,102,184,4,0,21,50,22,3,37,9,7,0,0,0
19,79,0,0,51,0,45,113,176,0,21,52,24,11,22,73,20,19,51,3,56,42,57,0,0,0,0,0,11,4,37,0
111,7,50,0,5,48,0,12,8,0,5,23,17,57,148,53,140,54,0,3,0,60,0,0,0,0,0,0,0,32,0,26
0,4,83,1,53,0,0,40,11,29,0,100,118,19,212,179,113,77,106,18,0,31,70,71,36,26,86,0,37,0,57,0
20,0,0,21,6,0,0,60,0,22,0,29,19,231,214,227,80,87,251,48,80,72,67,0,16,40,0,6,12,2,6,6
0,28,0,11,0,0,51,13,14,0,33,48,59,39,107,205,8,116,140,34,17,37,14,18,49,8,0,0,16,0,0,40
50,0,0,0,36,115,42,80,0,0,44,5,136,73,233,13,93,203,10,16,0,13,14,0,18,48,0,9,9,58,0,18
0,0,22,57,59,125,8,9,25,26,0,9,70,96,145,0,82,0,141,0,23,10,10,34,31,0,56,0,22,23,22,87
0,87,50,17,17,26,97,206,0,32,113,37,0,97,33,8,129,116,70,0,43,25,53,0,31,0,0,31,0,51,3,3
0,0,46,40,29,107,41,16,4,21,76,8,120,84,45,101,0,113,43,0,15,24,18,0,12,8,0,0,11,0,0,0
0,25,0,89,76,149,118,236,48,181,0,135,3,116,76,82,68,86,122,47,0,0,0,43,0,0,0,29,0,19,0,29
53,30,8,0,0,60,104,221,104,179,71,91,25,49,27,48,58,79,0,0,2,38,0,0,0,11,0,5,20,0,9,45
0,0,0,0,0,0,0,0,112,37,0,0,12,0,165,58,0,0,35,0,10,0,0,26,3,0,29,0,9,40,0,4
0,0,0,0,0,16,0,0,0,23,0,0,0,24,0,7,0,0,1,37,36,16,14,0,16,14,2,0,0,3,0,41
25,0,0,1,0,0,0,35,24,5,0,8,0,3,0,0,12,0,2,10,2,10,0,16,0,9,0,16,6,0,3,0
9,0,29,0,22,21,1,33,2,0,26,0,14,0,2,0,5,0,0,0,0,0,2,0,0,0,11,34,0,0,0,4
173,0,8,13,0,22,0,2,10,10,0,14,1,0,21,23,0,16,28,0,35,102,136,172,0,13,39,2,0,0,0,48
83,26,0,24,0,1,0,0,0,32,0,0,0,31,200,183,2,26,29,31,114,7,52,18,27,19,0,0,16,0,34,34
34,0,0,31,0,0,0,9,9,0,24,44,123,81,34,0,38,0,153,20,56,176,22,0,6,0,71,0,53,0,0,70
87,10,0,0,133,0,61,54,79,0,24,12,26,31,56,100,0,6,0,14,17,12,26,7,35,14,14,0,0,23,0,0
14,19,13,11,70,0,61,0,27,36,5,32,111,39,42,144,0,36,50,71,34,0,190,22,7,0,0,0,72,88,0,0
0,0,70,16,56,73,68,23,19,0,9,122,0,84,39,254,0,33,0,65,72,0,33,7,12,9,31,21,131,116,0,0
177,0,54,6,17,22,18,12,14,62,114,14,7,31,0,171,82,0,0,38,15,48,96,0,20,0,3,17,202,38,0,0
70,0,33,5,50,67,62,43,32,52,32,8,20,12,65,103,59,11,21,26,0,0,0,0,12,48,38,32,14,0,0,15
56,0,37,0,0,56,0,17,8,2,4,77,28,0,127,139,155,0,25,17,17,0,33,22,16,1,10,204,4,4,0,0
0,44,29,0,0,1,0,0,30,8,16,3,7,0,36,25,0,0,0,32,27,24,23,0,43,0,63,213,35,0,0,0
126,12,0,0,0,18,10,0,82,0,0,71,21,0,8,44,92,30,2,0,9,32,0,19,8,73,23,82,71,1,100,0
0,1,42,12,0,4,35,0,58,2,0,0,10,14,0,0,0,13,0,0,20,6,96,40,0,76,36,14,0,32,53,0
189,10,13,0,0,4,0,32,16,1,10,24,0,9,5,0,0,0,20,37,0,0,0,0,3,196,70,32,8,0,139,0
3,0,0,32,31,0,103,7,104,250,87,0,0,12,34,16,13,44,0,26,0,0,9,7,24,29,0,0,0,26,0,26
0,7,48,0,52,41,42,83,8,99,6,0,0,0,0,61,189,26,0,49,0,11,0,0,0,36,0,0,27,43,0,0
0,10,23,17,44,0,26,68,67,48,0,9,0,0,0,236,191,196,101,21,56,0,19,29,30,0,82,23,107,0,37,0
0,63,0,10,0,31,41,0,0,49,0,0,10,0,50,41,117,225,89,0,235,40,60,0,40,0,117,53,81,1,0,0
0,4,0,39,0,37,0,0,0,0,0,16,0,42,7,0,36,76,0,0,0,6,13,3,21,11,0,90,14,0,0,42
125,56,0,13,20,48,9,0,28,17,0,0,11,0,0,104,51,0,10,0,37,35,49,162,105,163,41,27,0,0,18,27
0,30,12,0,11,0,0,3,0,0,0,64,8,0,0,115,185,7,0,98,61,68,189,163,144,13,0,0,0,0,0,0
119,0,0,40,0,0,0,19,26,9,6,65,0,0,51,76,107,24,0,0,28,123,0,146,105,133,115,6,0,0,29,7
0,3,16,13,25,35,0,6,0,0,54,26,104,39,36,27,0,0,3,104,26,73,0,3,168,110,5,17,31,12,0,0
207,0,0,4,0,0,70,0,7,10,92,111,55,198,211,24,79,0,36,0,107,72,29,0,126,0,14,0,0,8,0,8
105,44,5,0,0,15,21,0,27,19,43,2,177,27,157,0,19,0,69,0,87,0,83,56,105,13,0,0,0,4,0,2
91,17,19,5,0,0,45,103,13,39,67,142,123,102,82,0,17,26,119,21,26,117,54,81,13,4,16,6,0,0,4,0
0,32,19,0,0,68,0,0,0,26,0,215,125,59,140,20,17,0,23,0,21,112,156,48,0,0,31,13,0,2,0,0
142,0,41,0,29,16,7,81,23,119,73,200,131,255,247,29,51,0,54,147,89,232,205,0,52,0,61,64,43,0,18,0
0,6,0,0,55,0,0,26,0,0,0,23,136,210,73,0,41,32,0,93,63,16,0,9,17,0,28,30,28,61,0,10
34,9,6,1,0,0,42,19,16,0,9,46,11,0,15,20,0,31,4,12,0,0,0,0,0,0,0,1,0,14,0,30
17,14,0,0,27,18,9,0,29,0,0,0,25,0,19,0,21,0,0,31,0,0,0,0,0,17,1,0,50,0,0,0
39,7,0,0,77,16,25,0,56,8,55,0,7,2,0,6,0,0,0,49,0,9,0,0,0,7,56,11,16,0,37,0
20,37,0,0,0,39,45,23,22,0,0,0,2,0,0,0,0,0,32,0,0,0,0,0,36,9,0,0,0,0,25,0
0,32,0,0,20,16,0,36,0,19,58,0,0,2,0,0,0,0,0,0,0,38,54,0,12,0,0,22,0,0,37,27
0,16,0,14,0,0,0,0,13,5,4,18,4,0,0,33,0,0,0,0,0,107,230,0,0,5,0,0,0,0,17,81
0,0,0,0,0,15,0,0,0,0,39,2,56,237,21,60,10,26,48,12,38,115,147,10,0,0,0,16,22,51,28,0
66,11,3,0,20,44,20,0,26,33,6,0,67,169,46,94,25,0,0,41,55,144,19,0,12,17,0,14,0,0,0,25
181,0,10,0,0,0,46,72,4,0,31,18,43,53,30,120,26,23,0,39,0,51,36,0,21,0,48,0,3,12,0,0
0,0,0,34,56,0,71,39,6,0,16,77,0,243,120,13,31,0,22,91,96,0,0,21,0,0,112,0,0,0,0,20
57,0,42,18,42,29,118,28,26,0,21,130,157,159,140,90,21,0,36,18,123,0,4,0,0,0,49,28,23,0,0,0
0,18,2,0,0,0,46,63,4,0,181,109,32,61,86,54,0,0,220,166,94,35,12,0,13,174,0,58,13,20,0,51
137,0,31,12,0,0,12,0,36,2,198,128,187,109,119,24,13,137,0,35,22,7,6,0,23,3,42,42,19,0,0,0
0,36,0,30,0,0,30,20,0,0,250,59,46,164,206,41,109,38,103,82,73,2,0,0,22,37,0,0,0,38,13,0
11,12,60,0,0,29,0,0,32,81,238,55,62,218,77,35,10,13,0,47,17,47,0,84,0,0,0,0,14,0,0,0
71,24,12,40,0,42,54,0,0,59,0,21,0,0,0,0,4,24,0,25,55,0,41,0,46,121,44,63,6,0,0,59
0,0,0,0,47,0,0,1,41,0,28,62,11,17,1,0,0,44,51,100,177,0,39,58,0,4,0,62,45,0,36,27
0,27,0,0,1,30,92,33,0,26,0,14,11,19,45,12,8,25,0,0,42,51,0,0,48,47,0,0,35,0,0,41
0,104,188,70,70,108,55,0,10,0,0,0,10,28,23,0,14,17,0,28,0,0,25,0,4,2,56,0,5,11,0,0
116,162,52,90,139,9,0,31,162,98,89,24,5,43,17,0,22,0,0,20,80,59,0,30,221,26,29,35,0,0,22,0
0,101,34,29,0,29,0,118,26,40,16,19,145,30,65,0,143,25,18,0,212,48,60,69,19,41,109,0,0,0,14,0
0,12,33,0,16,0,7,46,107,120,26,110,118,84,20,22,0,15,0,85,0,11,75,92,65,17,21,26,0,9,21,23
141,8,45,0,56,0,42,69,79,0,0,67,3,13,21,55,112,46,45,31,25,48,61,5,43,28,70,0,34,11,38,0
128,0,12,13,6,7,14,9,0,14,0,0,21,46,25,117,111,66,89,65,65,47,137,168,87,20,0,0,17,0,0,0
5,0,0,0,48,0,0,0,0,0,0,2,0,124,12,250,10,93,15,61,30,98,25,83,35,0,53,20,0,0,44,0
174,13,0,0,0,40,0,35,91,27,27,48,70,0,23,54,77,22,152,24,13,183,48,0,49,0,8,0,40,0,0,0
0,0,28,24,136,81,117,85,90,69,50,50,80,48,121,0,75,0,24,55,0,0,0,24,11,0,57,0,30,16,0,0
140,43,135,191,242,163,53,0,170,89,205,58,120,61,99,22,0,0,8,70,35,7,14,9,3,0,0,13,28,12,0,25
0,37,244,120,222,60,15,125,0,93,196,119,25,39,3,45,18,69,69,111,14,67,18,0,0,0,0,0,0,3,0,51
77,38,177,243,130,49,72,144,44,82,90,82,94,49,37,58,49,0,23,71,0,0,0,0,34,26,0,0,0,4,46,0
45,115,141,92,103,34,11,106,0,106,40,74,9,10,0,36,0,0,40,0,28,29,0,0,0,0,19,0,19,32,17,0
39,85,132,90,92,10,0,0,3,0,31,49,19,0,0,3,0,11,4,29,0,0,15,30,8,22,42,5,0,0,5,48
0,4,115,40,0,15,0,0,0,4,0,0,0,39,17,20,3,0,0,3,0,0,0,48,0,0,0,20,18,1,0,30
18,0,18,0,15,0,47,0,21,28,0,0,1,3,0,0,0,9,0,0,36,0,0,0,39,0,0,9,0,12,0,75
27,20,17,0,0,8,13,0,24,0,28,0,0,26,0,0,13,7,26,15,0,6,34,0,0,0,0,0,10,0,0,11
0,0,2,24,0,0,12,0,0,0,0,0,27,0,0,19,0,0,0,0,4,7,0,0,0,0,9,73,2,17,21,0
91,38,73,2,18,12,87,8,0,6,6,9,14,0,48,19,43,0,8,0,0,0,42,30,13,0,13,5,0,31,15,2
17,22,0,28,0,31,116,57,35,42,4,37,60,0,7,0,0,83,7,13,40,0,4,11,31,40,1,0,0,0,8,0
0,0,18,40,0,196,180,17,0,21,0,0,0,80,10,75,23,77,64,14,5,96,0,0,68,0,0,5,0,41,9,42
7,0,26,0,9,27,227,0,0,0,0,18,118,76,91,138,0,0,167,39,0,31,14,0,0,0,0,13,13,55,34,54
37,5,48,14,0,0,50,0,0,12,0,89,146,28,12,104,51,0,59,16,11,43,0,23,0,0,0,0,3,32,0,16
1,47,0,21,12,44,36,29,36,9,0,178,27,0,4,2,105,112,39,84,57,0,51,2,40,8,0,11,0,16,62,0
0,3,6,40,7,39,75,0,0,0,52,0,0,38,7,52,78,78,18,7,52,13,71,33,60,28,50,0,17,0,46,0
0,29,37,11,18,179,41,2,110,52,10,10,0,9,0,45,45,40,71,74,46,2,0,5,0,0,2,8,0,53,0,0
129,27,34,33,33,16,0,28,7,14,58,58,36,69,15,2,60,51,0,21,7,0,20,7,22,33,34,0,3,4,4,0
192,16,76,0,16,122,36,0,29,0,0,7,24,0,10,71,9,15,15,0,9,44,0,0,0,0,0,6,27,16,0,31
188,73,3,0,0,202,24,24,31,0,0,0,0,29,51,208,37,0,12,24,71,0,0,41,14,30,43,0,19,80,0,32
3,41,0,53,0,0,12,0,0,35,106,0,0,76,93,104,0,12,0,0,0,0,53,10,0,16,25,63,0,16,0,18
125,16,0,18,0,0,0,74,15,0,27,25,35,10,56,0,40,21,67,51,10,0,0,4,5,8,68,13,107,8,10,0
20,13,0,54,0,29,0,36,0,11,0,0,7,0,73,24,29,83,0,0,51,0,92,61,0,0,0,0,34,0,0,11
0,0,0,45,6,0,13,0,25,0,0,1,0,42,62,28,82,53,31,43,33,0,12,10,0,0,0,0,0,0,0,0
53,0,0,42,59,0,0,20,3,0,4,39,4,131,68,32,21,0,18,23,58,18,31,85,0,40,0,0,0,44,0,0
28,27,10,0,4,0,45,23,21,0,52,1,15,25,79,19,119,0,82,45,69,0,26,0,5,37,26,8,34,0,42,30
54,0,61,12,0,0,92,45,181,67,33,0,0,80,95,0,33,37,43,46,11,6,72,11,64,0,21,0,0,0,30,23
60,18,61,14,29,0,2,3,48,195,225,233,89,39,0,94,64,136,5,22,14,19,0,0,24,35,0,0,0,15,35,46
65,0,36,0,0,19,6,0,36,114,93,215,79,39,0,13,11,17,29,12,42,73,49,114,74,0,0,7,0,0,3,38
78,22,44,0,23,30,0,0,27,19,123,167,144,29,150,14,32,63,105,0,3,126,112,26,19,25,0,0,0,0,0,24
16,0,11,20,31,21,0,0,0,66,36,205,156,26,9,54,10,12,53,73,9,114,68,16,49,0,0,0,0,0,2,33
0,0,48,0,35,0,56,0,17,0,91,164,48,67,160,18,0,20,70,0,0,5,46,38,34,0,0,27,0,8,6,0
76,42,73,28,30,38,0,0,31,53,107,39,53,0,152,42,7,12,25,15,69,0,5,4,33,0,0,33,0,0,0,0
76,63,113,54,17,45,8,1,0,61,99,167,65,7,5,10,0,116,103,30,43,14,28,0,5,13,5,14,41,0,6,0
186,137,144,40,34,42,24,0,0,26,94,75,17,78,0,11,29,0,54,0,12,12,18,0,23,16,0,18,2,54,13,144
162,121,112,61,7,3,0,84,57,211,203,91,38,17,10,39,0,0,83,26,0,18,30,0,0,4,0,12,0,0,0,0
134,225,85,20,0,34,23,14,0,37,0,2,20,26,61,0,0,62,14,0,32,26,0,0,0,28,0,0,0,22,6,0
0,46,43,7,37,0,0,0,9,9,1,0,32,19,20,0,0,17,0,0,22,10,38,3,35,0,66,29,1,0,0,0
14,0,0,0,0,0,6,18,0,10,11,3,0,0,7,13,0,0,0,0,6,1,15,5,0,3,16,0,2,24,0,0
4,40,14,0,24,0,0,0,3,16,0,27,0,41,14,0,25,0,3,7,0,21,9,13,0,9,25,0,0,0,22,0
1,2,4,48,26,16,16,2,0,13,21,44,0,0,0,0,0,22,0,24,11,0,0,25,3,17,0,0,0,0,3,28
28,0,13,0,0,43,0,0,0,82,12,2,155,0,0,38,37,21,0,0,37,0,0,0,23,0,0,0,0,11,44,118
0,13,0,0,0,17,0,0,96,122,8,8,250,6,94,85,28,0,3,32,0,0,0,32,0,0,0,0,33,19,9,0
14,0,0,18,25,64,0,6,70,71,67,118,142,56,0,0,37,62,62,0,58,31,32,0,0,0,4,1,9,17,14,47
0,0,6,37,98,55,144,123,7,37,66,0,67,57,0,0,0,7,107,184,24,38,11,0,18,34,17,34,0,41,34,0
78,0,42,70,24,0,82,83,62,0,48,33,0,27,0,1,0,30,0,30,40,21,0,0,0,0,0,0,0,0,15,54
113,53,10,0,64,8,0,16,40,0,0,108,0,0,0,27,59,107,46,144,117,0,29,21,20,7,61,0,13,3,5,0
11,0,44,43,66,56,0,0,0,36,0,0,10,32,0,2,0,7,0,0,0,0,61,11,22,0,0,0,0,0,0,0
68,38,47,0,0,88,84,60,151,131,0,17,16,0,4,57,0,1,63,86,2,0,28,14,0,0,0,9,52,9,12,0
17,37,30,88,51,4,53,80,26,84,104,0,0,104,6,54,5,44,0,18,5,45,49,0,2,0,0,0,0,24,0,0
107,7,63,47,66,22,5,23,67,18,0,0,16,32,0,1,32,0,50,0,0,92,0,0,41,0,50,11,3,1,0,0
163,6,57,26,64,30,0,55,5,25,94,45,14,0,11,19,0,0,0,29,1,16,0,30,0,25,11,0,19,20,0,29
0,75,59,0,0,10,12,3,0,55,0,34,21,30,0,0,17,10,0,0,17,0,23,2,0,74,60,20,0,0,4,1
26,0,2,0,0,44,5,0,37,0,0,0,2,53,0,0,28,0,3,32,0,0,42,28,14,23,0,0,0,0,0,22
0,0,0,28,0,0,1,0,7,30,0,37,49,0,0,13,0,31,21,0,11,0,2,0,0,0,0,0,27,0,0,18
0,0,11,24,1,0,0,0,0,24,0,31,0,0,61,30,38,7,19,0,0,0,0,9,0,19,0,0,0,27,0,25
0,0,22,0,0,0,0,16,14,0,52,40,91,167,142,199,13,0,4,0,4,22,41,40,59,0,45,24,30,0,20,0
0,2,0,0,0,7,0,42,1,9,21,148,135,0,69,28,44,5,218,0,0,0,12,30,49,11,150,0,0,0,49,0
0,0,14,0,14,0,31,0,69,21,0,107,161,50,64,77,0,27,48,73,51,15,80,22,0,47,0,0,0,0,32,17
0,7,19,0,0,0,12,34,0,0,30,55,0,0,0,9,0,219,73,32,16,2,141,183,0,0,0,4,0,40,16,31
0,0,0,0,0,0,0,37,0,0,16,27,2,0,31,0,14,7,36,129,72,176,87,70,56,21,8,2,0,12,0,2
135,0,27,31,0,2,0,0,11,0,15,2,0,26,77,13,43,56,8,0,176,118,40,65,176,153,0,21,0,29,0,33
14,0,58,2,6,0,0,0,0,0,11,0,45,33,129,0,56,3,93,18,0,8,0,37,113,147,35,21,57,0,25,0
148,12,0,0,0,26,57,45,68,0,141,48,112,44,224,32,45,0,49,3,28,36,0,25,17,60,14,0,0,0,2,0
0,18,0,0,0,31,106,0,55,66,64,36,119,162,176,54,21,38,48,51,57,12,13,24,184,26,0,1,0,1,22,8
0,38,0,28,0,0,16,173,0,131,160,179,217,178,153,192,0,0,37,10,13,57,36,116,57,26,57,0,36,0,25,36
52,0,0,6,13,36,119,68,47,128,64,156,196,175,156,84,30,0,64,32,85,177,202,136,185,89,9,0,33,0,0,1
0,18,56,61,41,41,31,176,0,183,47,87,86,187,230,208,130,19,69,140,74,0,43,25,6,0,17,4,4,0,0,7
0,60,0,1,22,0,0,4,36,0,51,132,82,142,196,74,29,64,37,73,251,30,116,45,13,5,44,0,0,16,0,74
12,0,0,0,0,31,0,0,0,0,0,25,0,18,13,0,0,12,28,54,0,0,47,33,0,0,15,0,31,42,0,60
1,0,27,39,24,0,31,0,0,0,8,0,27,0,7,0,11,0,0,8,0,0,0,4,0,0,2,16,16,3,12,0
0,0,0,21,16,0,0,0,30,11,0,14,0,0,0,7,0,11,0,27,0,0,0,0,10,0,3,0,20,40,0,0
0,9,11,2,39,0,24,0,36,10,0,9,0,0,6,7,31,7,19,0,9,5,23,0,0,12,0,0,0,1,0,22
0,19,0,0,0,15,33,9,46,34,18,45,0,0,0,44,241,42,20,0,0,25,80,203,122,17,0,4,0,8,0,0
34,12,3,0,33,0,0,0,24,0,37,34,8,0,9,5,230,125,0,12,27,45,19,21,7,0,0,0,0,0,35,39
0,0,0,8,0,0,0,0,3,0,78,65,15,134,119,0,9,230,59,3,7,107,13,34,0,16,0,0,0,5,0,0
64,14,0,0,0,42,21,7,52,35,33,0,88,6,16,123,105,160,0,0,0,16,11,136,10,0,64,2,0,103,192,44
0,5,89,18,0,0,149,18,126,19,38,38,76,40,67,7,179,212,6,13,0,0,18,85,17,0,45,17,19,151,12,0
0,57,26,5,6,69,48,0,0,17,92,82,20,60,13,23,71,134,17,0,0,13,43,9,0,0,21,49,0,58,0,0
0,29,25,43,109,0,0,0,0,55,89,19,61,0,45,0,216,199,3,25,0,0,126,0,14,0,39,27,32,85,39,0
0,42,17,40,25,80,77,52,37,20,0,23,15,43,60,0,29,214,0,20,0,0,0,18,0,0,22,51,107,28,2,7
0,43,69,0,0,27,24,77,28,45,33,54,59,50,61,38,47,255,0,0,16,0,53,25,24,23,11,0,14,16,7,0
0,20,6,30,67,0,0,7,0,13,0,0,0,0,19,0,30,134,25,0,0,2,34,2,0,7,7,97,27,0,1,4
0,16,7,0,0,0,7,0,0,16,37,116,41,9,0,0,0,29,0,16,1,0,0,42,35,0,12,129,0,0,25,0
82,5,0,22,0,0,0,44,0,0,0,114,95,0,4,0,17,0,0,0,0,14,33,34,76,14,190,207,4,0,0,104
0,0,0,1,0,0,0,0,0,25,0,179,46,39,0,26,0,12,53,0,0,25,0,0,0,0,61,54,0,0,0,57
129,0,40,20,7,0,51,55,6,0,0,136,87,50,0,0,0,108,0,0,7,0,0,0,0,10,0,0,25,0,0,106
4,33,22,4,13,0,0,19,0,1,0,126,46,0,29,30,108,36,33,28,0,0,0,0,0,14,0,31,0,8,48,18
65,8,0,4,11,0,0,0,20,0,0,0,0,25,0,0,21,54,85,16,21,90,17,32,0,0,25,46,10,87,10,0
0,10,37,0,0,0,0,10,0,0,0,12,3,0,0,6,8,157,156,45,155,118,93,0,30,1,3,56,156,46,0,18
97,0,0,4,0,0,0,12,28,9,14,7,18,33,0,22,14,20,12,0,15,1,40,0,109,73,11,14,35,4,0,0
40,0,18,40,0,0,20,0,24,33,0,11,0,20,0,20,0,22,0,3,9,31,0,137,132,60,75,0,0,0,0,26
0,5,18,0,72,0,0,0,12,0,82,57,0,0,38,32,19,42,63,29,48,37,99,41,105,0,36,0,63,19,0,0
0,0,39,0,0,52,0,0,0,39,5,0,13,88,232,241,163,85,42,0,0,77,0,15,33,123,166,11,0,28,0,37
122,0,26,0,8,0,0,3,0,0,50,155,47,239,165,130,0,57,13,14,23,112,38,21,160,107,36,8,0,9,6,0
0,29,0,0,0,44,0,0,11,78,0,145,86,60,21,48,180,34,0,0,0,0,0,0,0,0,21,0,0,23,10,0
98,0,0,0,56,0,0,45,82,39,0,198,228,16,23,0,154,22,0,29,8,0,13,1,0,0,37,20,0,25,0,26
91,23,18,79,90,10,36,21,2,42,72,220,140,146,65,113,104,13,15,11,19,13,49,26,0,42,25,7,17,28,2,0
24,11,0,0,0,0,0,0,3,18,53,132,90,59,170,105,9,32,0,0,38,0,4,0,0,0,0,0,8,2,38,12
0,0,8,40,0,85,20,74,11,8,87,4,67,52,30,5,41,0,61,0,11,46,19,0,0,46,1,0,13,22,7,11
0,19,5,8,0,33,0,28,33,0,3,0,36,24,0,0,0,40,0,10,0,4,0,0,0,0,16,0,53,15,39,0
39,0,0,16,1,0,29,40,15,0,0,11,0,42,0,0,5,0,0,28,0,0,0,2,0,0,0,0,0,31,0,0
0,0,1,0,26,0,30,13,19,32,20,0,19,34,12,2,27,1,27,0,7,0,0,1,0,4,28,9,6,0,0,0
0,0,5,0,2,13,0,0,2,0,13,0,0,0,0,0,6,0,6,24,12,33,36,5,19,0,0,0,0,0,0,28
22,0,0,30,0,0,0,23,0,0,0,26,0,9,0,0,0,0,18,0,0,10,0,35,11,1,15,0,0,2,0,31
64,0,0,27,0,0,0,0,0,70,0,41,16,34,218,39,0,4,0,0,23,48,0,0,0,0,0,10,0,0,0,0
0,0,0,0,0,29,4,50,25,0,0,0,0,68,103,107,82,234,133,32,0,0,0,0,0,10,17,0,0,0,0,11
24,0,0,5,6,130,25,96,80,66,83,30,139,113,11,64,21,38,0,6,0,0,0,0,19,2,0,0,36,25,0,15
0,8,0,11,73,110,12,64,80,35,0,0,60,0,0,1,13,0,64,104,31,0,0,28,0,0,27,21,0,0,0,14
0,17,4,0,38,86,3,0,48,55,7,0,0,31,0,42,40,0,68,39,50,22,96,75,26,0,0,10,0,0,20,0
7,0,15,0,44,57,90,48,83,9,0,64,23,9,28,0,0,8,45,55,95,0,39,41,56,0,109,22,0,0,23,1
0,42,16,39,135,0,66,0,4,4,113,67,86,27,44,52,70,0,0,35,16,0,0,6,61,0,0,18,50,4,18,59
11,0,16,160,47,205,200,87,76,34,0,11,7,10,65,0,15,61,41,21,0,13,0,0,0,15,0,28,0,0,0,71
0,58,46,209,80,39,89,49,44,47,39,62,51,84,17,106,16,61,60,38,8,13,0,0,0,0,28,7,25,0,46,16
0,21,0,231,36,86,76,80,224,194,25,4,0,24,4,0,0,8,0,163,109,25,0,0,0,0,20,0,36,16,9,0
60,0,0,224,178,56,0,139,0,35,55,0,13,7,5,6,7,1,29,0,53,0,40,0,36,7,48,39,38,30,4,2
0,9,29,174,93,28,46,7,0,74,37,7,0,12,3,0,10,10,0,0,60,0,0,0,17,17,0,59,0,0,0,7
167,0,43,44,35,0,0,23,0,0,0,13,0,106,0,13,9,0,104,32,8,0,0,23,0,0,0,44,6,13,2,0
0,0,16,0,0,3,0,0,0,0,20,0,0,2,0,4,8,22,0,21,4,0,72,23,0,0,43,0,0,50,0,0
62,29,0,16,6,0,41,96,0,0,70,98,0,0,0,6,4,10,31,37,14,22,29,34,29,36,3,0,60,30,19,0
0,58,6,12,1,9,0,11,0,97,53,34,0,16,0,120,80,31,171,23,123,70,4,30,39,41,17,0,36,1,0,0
19,0,12,248,223,98,38,67,137,27,0,14,3,26,51,0,112,10,54,18,91,34,0,16,5,0,34,46,0,0,0,12
5,8,24,184,121,0,119,240,196,95,0,169,221,25,41,7,31,0,16,1,9,41,53,66,73,30,14,0,0,0,0,5
0,0,0,12,0,11,0,131,0,35,124,21,120,50,33,41,65,81,36,32,22,99,16,94,30,15,31,30,24,0,8,27
0,0,0,7,0,8,0,0,25,11,130,164,166,81,58,22,33,32,64,119,86,7,106,188,69,0,0,57,0,0,24,79
0,45,75,12,0,67,0,0,0,74,95,126,167,29,158,103,0,78,137,0,29,121,87,66,38,26,0,3,0,0,0,0
4,12,0,95,36,65,27,0,27,0,4,7,193,170,0,166,0,20,0,90,13,89,28,33,96,0,0,0,0,7,15,0
76,210,48,11,160,138,94,18,47,0,39,96,148,51,188,0,0,3,8,13,5,0,68,14,0,23,29,59,15,0,0,56
154,169,238,114,0,151,51,6,25,80,32,73,114,98,133,0,17,0,0,19,26,0,60,0,0,39,20,0,50,0,42,37
175,116,63,187,50,65,15,12,0,48,107,123,86,25,0,60,9,25,0,11,0,39,0,0,0,0,0,0,0,28,0,0
141,137,16,169,43,117,1,10,7,38,60,113,219,54,51,101,30,0,0,18,0,30,0,19,0,0,22,0,14,5,5,27
93,136,125,251,107,129,33,4,14,175,237,113,50,3,0,0,41,0,6,0,0,0,43,0,23,7,18,0,16,0,26,0
45,212,110,71,125,0,0,42,108,127,144,35,49,0,0,5,0,5,8,0,0,0,0,9,0,7,19,42,0,0,17,0
66,84,17,41,12,0,0,36,54,69,0,0,53,35,6,9,0,0,0,0,0,48,0,49,12,0,0,25,0,0,9,20
22,17,8,0,0,19,0,64,2,0,0,0,0,31,1,16,21,21,2,0,7,18,0,14,0,0,11,9,16,0,0,0
106,21,0,0,0,0,0,31,3,0,0,28,6,7,0,28,2,24,7,0,0,12,3,0,8,6,54,19,0,17,0,0
0,37,2,17,18,0,5,0,0,0,1,0,0,17,0,22,0,18,0,0,0,31,0,0,5,1,0,18,8,32,0,0
0,0,6,14,37,0,44,11,32,5,45,28,11,0,0,0,28,0,8,0,9,29,10,28,0,0,0,40,0,0,0,0
50,12,19,0,52,39,1,0,60,2,1,4,22,1,29,39,0,0,5,0,0,25,33,0,27,0,42,4,0,17,0,44
0,34,17,0,98,166,0,0,0,22,0,29,42,9,34,0,8,44,0,0,16,16,0,17,0,27,0,0,0,8,36,30
0,0,0,0,16,53,3,24,0,0,34,173,60,6,11,119,21,0,8,0,27,37,0,10,0,42,0,13,0,0,0,53
0,15,43,14,7,99,0,2,0,0,68,100,27,50,9,85,42,15,6,0,10,31,0,7,13,0,0,12,0,13,0,0
0,0,0,16,104,128,3,29,3,17,50,64,6,83,23,0,19,51,55,0,54,16,2,0,0,0,25,0,0,37,0,72
0,38,58,0,71,96,11,7,0,21,45,12,0,5,20,1,36,42,22,20,16,0,0,0,32,0,75,4,0,0,0,69
2,2,9,26,37,126,0,13,0,33,55,22,6,0,0,0,26,10,0,30,0,13,3,6,0,5,0,0,0,0,0,0
29,4,36,0,0,63,0,81,0,0,20,67,0,25,5,178,28,32,67,34,0,33,10,0,4,16,0,0,0,20,0,0
106,0,0,20,98,125,0,0,48,0,0,20,11,0,86,77,0,0,15,37,0,0,4,0,3,0,0,0,14,23,64,24
0,38,0,11,0,128,28,0,60,0,43,13,0,10,43,114,0,12,12,2,0,23,58,0,38,0,4,19,0,0,16,33
0,46,13,0,21,0,1,0,0,0,50,39,0,0,13,17,4,0,1,0,0,0,0,17,7,18,50,10,2,45,0,24
1,107,20,0,21,0,33,27,29,32,171,77,10,18,57,0,0,26,24,0,1,0,0,8,5,46,0,37,0,2,0,23
0,2,0,9,0,0,74,18,23,23,0,0,45,62,12,0,48,48,29,8,17,0,10,30,16,0,29,0,0,0,0,37
9,0,23,46,0,0,23,46,0,0,5,0,31,23,35,0,1,37,0,14,2,0,0,0,0,0,2,6,16,13,0,0
2,0,18,4,34,34,33,24,24,1,39,5,21,0,28,169,0,0,115,0,31,0,4,38,11,27,9,38,23,0,0,26
81,0,16,7,17,0,54,0,0,30,0,0,0,1,23,10,48,0,61,0,23,0,28,48,0,0,44,5,0,0,1,10
0,33,0,0,157,52,28,13,49,69,18,218,127,0,24,28,16,55,8,0,0,36,56,0,39,21,36,0,0,0,14,29
67,0,48,48,52,78,0,0,23,39,43,135,189,18,0,0,48,137,11,0,16,63,0,0,3,10,0,8,5,0,0,54
4,0,10,29,44,0,10,8,28,99,18,16,52,93,146,60,0,12,56,10,18,44,50,94,27,0,0,0,1,0,12,51
32,25,55,38,0,32,3,0,0,63,0,96,142,174,143,38,1,42,137,24,0,86,24,4,0,0,9,0,0,28,19,0
0,0,29,33,38,14,16,0,0,2,29,65,193,96,69,48,0,28,90,78,35,20,55,2,57,9,0,59,0,0,16,33
7,0,9,35,16,0,14,0,25,0,97,92,21,50,208,23,0,0,0,0,18,0,0,20,0,0,0,0,0,5,0,0
28,30,5,0,101,18,27,0,30,43,88,10,27,75,133,7,27,0,25,41,10,10,18,3,0,6,0,0,29,18,29,0
50,30,0,93,124,58,24,0,0,31,28,7,2,73,26,46,0,61,0,3,0,0,47,0,0,34,63,0,45,35,31,0
0,0,20,218,20,101,42,0,0,0,130,50,90,40,141,129,18,16,0,12,0,23,0,0,0,12,0,0,0,23,14,3
0,34,0,208,36,145,14,0,0,116,54,40,1,89,24,0,0,0,0,0,27,26,64,12,0,0,0,0,0,0,1,29
0,69,16,26,252,53,86,138,37,17,0,88,32,27,55,0,26,10,28,2,36,5,7,3,14,15,12,28,3,0,0,0
33,0,0,13,7,27,106,0,9,0,75,40,213,39,51,0,0,2,0,19,0,16,0,0,2,12,5,0,4,0,0,48
0,0,0,2,3,1,13,0,4,22,16,0,0,4,0,3,0,0,11,0,0,0,45,0,33,10,30,3,0,0,2,7
37,2,19,0,0,0,0,26,0,16,9,8,11,0,17,0,0,3,0,0,23,0,52,0,19,0,0,23,13,0,3,0
0,32,41,0,12,23,0,0,19,0,0,38,17,0,2,50,5,1,22,0,34,15,17,26,0,0,0,0,26,0,6,13
19,12,0,21,0,0,0,36,0,30,26,23,0,16,0,0,0,3,9,26,92,0,0,0,0,22,4,18,17,0,40,0
0,14,0,0,0,0,6,0,13,13,0,0,5,0,0,9,1,194,45,61,229,107,0,0,17,35,0,0,4,0,0,0
0,3,10,0,0,0,0,7,43,2,73,115,71,26,0,45,91,90,148,5,104,101,0,44,0,43,39,0,26,34,0,0
0,0,27,28,24,16,35,14,63,21,0,63,64,172,89,103,0,38,199,34,39,13,0,16,0,0,52,0,19,0,0,0
0,0,4,41,0,48,54,28,65,20,111,70,83,23,85,99,0,0,17,34,0,73,8,14,0,8,5,0,1,21,0,1
0,67,39,6,49,35,28,33,21,18,48,121,12,45,77,71,0,20,26,49,121,40,43,8,33,28,12,0,0,0,0,0
50,0,68,42,0,48,20,16,18,0,166,50,92,85,195,40,122,0,2,29,112,6,80,16,12,19,0,9,2,52,25,0
87,9,35,12,37,68,61,56,41,73,57,16,0,31,216,132,250,33,8,0,0,24,0,0,17,0,20,16,8,0,23,62
0,95,19,25,45,27,10,0,23,0,36,56,98,219,42,95,172,180,2,14,0,0,0,8,40,12,1,132,0,6,0,0
0,47,4,20,7,0,17,0,11,0,0,0,1,21,141,69,193,68,9,29,67,0,78,160,95,63,19,221,41,0,4,34
3,3,23,0,24,0,0,33,5,16,49,0,30,59,126,46,78,109,0,12,49,27,83,140,25,37,67,158,68,7,0,89
0,17,0,5,0,0,48,27,0,0,35,0,33,0,36,53,44,0,11,24,82,0,166,0,171,78,136,197,249,0,14,116
38,0,0,45,19,0,0,0,0,24,196,38,0,0,0,41,0,0,4,10,0,0,0,34,8,51,132,219,103,8,0,47
65,2,36,22,0,0,64,0,10,31,96,8,0,9,24,0,0,0,0,10,0,0,0,24,0,9,41,0,12,0,8,41
83,15,27,32,44,58,156,20,37,5,47,183,17,6,6,8,0,16,247,73,0,48,0,0,1,26,0,0,43,19,90,61
0,0,39,0,9,0,29,66,3,26,37,56,36,13,7,65,116,23,4,186,251,22,17,6,14,20,36,0,57,41,40,185
61,75,34,0,14,7,0,0,5,17,12,13,49,0,0,4,108,36,110,196,190,3,114,126,67,10,0,62,14,171,238,61
0,0,26,6,10,0,6,0,15,0,7,0,0,0,96,43,8,36,15,118,0,0,11,0,94,0,127,4,7,167,20,0
0,0,0,0,0,10,51,54,39,0,64,0,32,109,2,30,13,88,0,6,0,60,41,0,0,11,68,68,108,0,2,0
0,0,11,0,0,0,18,0,0,0,5,51,102,14,6,47,20,0,164,0,0,49,116,74,40,179,204,72,128,21,5,0
52,0,12,7,0,0,0,28,0,9,0,24,0,75,130,0,25,3,11,13,27,77,0,116,11,108,102,192,144,12,0,0
0,0,4,0,0,0,0,5,0,0,17,76,18,12,34,208,58,31,3,0,0,62,19,6,5,12,50,99,83,0,0,18
0,0,4,0,7,43,0,25,34,0,17,28,117,28,135,240,62,190,0,0,0,87,0,26,0,9,0,0,15,31,36,50
110,0,31,0,52,9,8,0,60,90,104,0,67,106,253,80,126,1,0,0,12,0,0,8,0,17,60,0,21,39,12,0
101,0,42,61,36,0,0,117,0,83,61,101,108,150,159,130,113,191,1,0,0,0,25,25,0,100,0,17,30,0,16,0
0,0,24,0,46,94,0,39,0,78,27,80,153,141,116,208,38,56,4,36,15,0,47,81,40,118,14,28,0,0,1,0
0,32,15,17,6,0,0,101,18,134,69,133,7,44,74,152,28,21,0,0,23,36,27,20,25,7,0,0,0,0,13,21
43,22,0,0,0,8,3,0,36,0,0,99,24,0,34,250,161,136,0,17,6,0,4,129,0,0,7,0,0,0,0,50
0,30,7,15,0,0,0,32,23,0,0,25,0,0,0,0,50,55,12,12,0,0,0,0,0,7,0,8,33,31,65,0
50,0,0,0,22,30,0,0,0,0,0,0,0,0,0,1,6,16,12,0,10,0,7,28,0,0,0,19,11,14,11,0
0,5,0,36,0,17,0,0,0,0,8,0,40,0,0,0,11,33,0,0,0,28,31,0,10,0,23,0,48,0,24,16
0,0,16,10,0,31,0,30,0,0,39,0,0,0,32,9,23,12,30,0,7,0,37,0,0,0,0,0,42,7,31,0
0,5,0,14,19,0,0,0,21,0,10,0,0,32,25,35,18,0,25,33,0,0,0,0,17,113,19,0,7,39,27,0
104,4,50,0,70,59,23,31,30,30,43,0,53,12,7,21,0,65,0,25,0,17,30,14,48,7,0,0,25,0,0,0
4,14,0,0,0,23,0,54,44,10,35,33,0,62,20,90,96,207,105,0,47,56,0,49,195,40,24,0,32,17,14,0
120,0,0,9,39,1,23,36,16,18,42,0,0,43,68,86,144,80,63,12,17,32,16,9,248,47,4,1,40,27,0,0
0,40,33,0,30,0,91,46,70,10,94,0,34,45,57,153,133,158,34,0,36,0,0,160,125,0,57,0,38,0,47,0
0,16,0,23,40,29,66,1,55,0,22,131,0,116,35,44,190,190,13,7,34,0,36,89,67,0,0,29,0,0,2,46
0,0,16,27,67,26,42,0,30,39,168,0,117,4,0,74,108,99,55,0,29,20,0,181,50,15,26,0,9,26,104,2
6,39,78,37,0,71,8,56,0,26,0,14,6,6,38,22,40,71,64,11,18,0,101,0,22,0,18,3,0,59,0,0
10,25,65,24,44,0,31,0,0,49,12,53,29,29,42,78,5,33,29,0,17,0,127,9,37,9,45,22,80,14,0,0
81,0,0,0,62,0,38,0,0,0,14,0,0,0,5,75,50,75,94,0,39,38,105,74,0,0,0,38,191,0,4,10
51,19,0,24,33,0,0,0,0,8,0,0,0,21,0,62,94,3,114,0,7,122,110,2,7,83,0,101,1,24,0,138
6,31,39,22,0,0,0,28,0,2,72,0,0,0,0,0,44,13,0,0,32,0,64,0,34,4,223,142,0,0,85,45
75,0,29,0,22,58,0,26,0,0,24,5,1,53,35,0,0,0,36,1,39,45,26,27,0,169,153,0,25,13,23,0
163,0,40,0,0,57,0,0,28,68,10,15,0,23,0,0,36,19,0,14,0,0,0,0,42,123,0,4,0,0,0,2
27,68,0,0,14,0,54,63,5,0,64,0,16,12,91,0,26,46,0,0,0,28,59,18,23,0,4,29,21,0,0,32
63,3,4,0,0,0,0,96,0,17,0,0,1,0,50,75,130,42,161,0,6,16,3,23,0,0,26,210,66,17,0,0
0,38,16,43,0,0,0,23,20,25,22,34,11,24,71,22,209,0,112,52,80,60,35,56,46,160,159,110,31,99,48,56
85,0,0,0,0,35,1,58,6,15,0,0,31,0,253,61,93,63,135,91,0,0,41,45,0,11,21,0,52,0,35,0
0,17,0,0,0,0,0,85,0,0,68,61,0,0,0,0,48,38,0,31,0,0,26,38,20,47,48,47,16,15,0,32
46,16,34,0,0,40,0,0,29,32,27,0,92,65,3,0,14,14,0,53,58,48,90,178,42,0,51,0,0,7,0,0
0,0,25,37,0,0,6,9,0,40,7,20,10,0,34,91,88,54,93,0,23,66,38,88,56,61,0,45,0,0,0,0
0,0,0,5,0,5,0,0,0,21,0,130,96,10,42,142,12,0,28,9,5,87,65,34,0,21,0,0,0,0,0,31
0,8,0,2,0,0,31,70,31,92,65,117,237,106,22,0,130,7,7,0,5,0,0,4,17,31,0,0,16,0,31,1
62,0,1,0,5,18,33,140,220,28,6,98,205,187,187,0,106,0,12,19,7,13,0,5,0,17,0,21,0,0,39,4
0,17,21,25,10,30,0,45,66,149,217,75,142,87,53,72,74,51,0,17,1,28,24,0,35,0,0,25,0,0,0,39
0,4,0,14,16,0,37,62,153,110,250,74,107,67,144,79,0,10,0,0,0,16,0,0,0,14,0,0,0,0,0,0
25,19,19,22,0,0,55,2,102,59,80,118,22,22,63,20,29,0,0,29,21,3,17,17,3,0,11,0,27,0,0,0
54,29,64,0,14,24,0,147,192,52,59,104,45,0,0,27,0,7,0,0,11,9,0,0,0,0,0,3,0,5,14,16
0,8,28,3,28,11,16,164,147,4,14,0,41,36,0,15,0,0,0,0,11,20,0,19,13,0,0,26,19,16,7,0
55,5,0,17,0,64,0,27,0,0,0,27,0,7,4,0,0,19,15,2,0,0,0,35,0,0,0,0,0,0,24,0
84,11,0,0,0,0,0,0,0,0,0,0,0,13,19,1,22,2,0,0,11,9,0,10,11,0,35,25,0,17,0,0
2,0,43,0,21,24,51,0,0,0,16,24,27,0,5,0,25,11,0,0,0,16,8,11,0,0,0,42,0,0,0,0
57,26,0,0,0,8,0,0,0,10,0,17,0,15,0,0,0,11,1,5,15,63,20,0,0,0,16,0,42,16,63,0
0,0,0,0,64,0,29,18,210,56,0,0,35,22,31,44,0,26,0,0,0,21,0,11,0,0,7,12,32,19,7,64
40,0,20,41,0,59,0,190,130,61,73,15,85,96,38,15,41,1,35,9,0,94,0,36,35,28,0,14,50,2,0,0
30,2,19,14,56,46,12,131,196,51,32,0,103,7,32,3,4,16,17,20,2,34,0,0,0,13,20,0,35,0,0,87
185,53,0,70,27,0,0,43,0,0,0,24,0,70,18,48,45,16,23,19,0,0,0,0,0,9,0,38,2,19,28,0
112,37,41,24,21,11,10,76,0,11,48,56,36,251,32,0,38,32,61,95,151,0,33,1,0,18,0,0,0,10,0,0
104,16,24,38,82,119,18,4,0,36,95,0,0,36,0,17,0,80,15,20,0,0,30,0,36,0,65,54,0,0,37,0
74,50,165,100,54,67,24,80,0,18,16,0,19,0,4,0,84,14,33,36,2,5,0,0,2,0,0,4,45,0,0,0
214,58,49,72,59,7,90,70,37,46,15,40,0,35,47,71,9,12,39,27,12,0,0,16,18,8,56,0,52,17,0,8
19,126,97,48,163,80,156,78,132,4,0,0,33,63,0,8,0,53,0,0,0,23,0,0,0,0,0,7,7,5,6,0
93,150,115,193,130,17,0,120,0,0,0,45,82,44,47,63,42,10,0,17,19,4,8,0,0,3,43,29,0,0,0,0
22,244,109,54,67,41,19,75,8,0,0,182,1,0,0,3,93,48,29,0,0,0,0,0,0,80,10,16,0,20,12,20
58,21,0,5,0,39,57,0,9,19,0,91,134,50,16,2,7,21,26,22,0,0,10,11,17,0,5,0,0,67,0,29
38,82,13,0,0,0,1,26,8,0,0,40,0,0,0,20,190,0,19,0,1,19,0,0,0,9,17,19,7,10,25,99
0,0,8,17,37,0,0,0,0,7,0,60,3,0,20,85,114,52,0,1,46,0,0,0,0,42,0,3,69,12,10,23
0,0,0,16,10,0,0,10,0,0,44,0,0,0,83,197,53,46,154,90,105,76,0,85,0,0,68,47,3,0,14,0
0,9,0,25,29,0,30,58,37,10,20,43,0,0,110,128,82,13,86,175,58,42,43,12,11,0,41,7,0,41,14,0
0,0,0,4,0,20,0,234,212,12,13,38,50,0,33,49,29,26,0,69,10,40,62,19,42,47,0,30,0,0,0,0
39,10,1,30,2,0,8,58,32,46,87,236,80,31,1,49,0,0,2,45,33,40,50,82,32,9,32,0,0,0,0,15
0,36,35,0,28,57,43,0,1,205,61,131,230,79,18,0,8,5,28,37,58,24,68,51,53,4,28,35,31,0,0,58
57,0,0,0,0,6,42,0,19,8,139,121,20,70,38,27,0,0,125,49,36,99,0,23,6,48,0,0,0,18,0,0
0,0,51,0,37,21,34,0,26,3,0,77,199,206,46,67,72,31,60,44,16,130,11,21,28,0,0,0,0,18,0,33
65,0,0,26,184,0,31,2,36,20,35,0,16,76,115,0,38,8,51,0,7,14,0,18,0,0,0,0,4,0,0,0
59,37,161,46,222,62,32,52,20,37,0,60,13,59,158,22,1,0,11,22,0,1,21,0,0,18,0,0,0,0,5,10
171,15,150,141,61,41,16,75,0,49,85,18,48,71,0,0,18,92,0,26,31,0,48,0,9,10,0,0,0,12,0,0
126,119,7,80,0,49,30,16,21,0,139,158,180,54,1,135,17,12,21,15,7,3,0,0,6,2,4,5,8,40,22,17
96,60,151,56,123,39,0,93,0,222,173,226,237,43,8,3,24,1,0,0,23,0,0,0,0,13,29,56,36,0,0,0
122,111,227,119,175,21,0,34,5,83,59,255,55,0,0,0,30,0,0,0,0,42,12,19,1,6,0,18,33,0,5,0
72,197,176,104,125,3,14,12,43,63,74,38,0,0,0,4,16,16,0,19,14,46,14,0,0,20,12,0,4,0,14,0
14,0,233,207,0,8,12,33,154,57,0,0,20,9,16,0,0,49,0,0,11,22,1,0,33,0,0,23,19,0,2,1
14,15,24,0,0,0,36,0,3,0,0,25,0,0,0,40,11,0,0,0,9,0,0,6,0,0,23,30,13,17,11,17
0,0,13,15,0,2,0,37,2,9,4,0,10,3,0,1,4,33,0,3,4,33,30,0,0,0,0,28,0,0,21,69
113,38,0,0,0,0,0,29,48,65,0,0,0,22,0,0,0,12,7,13,0,0,0,36,0,20,0,0,35,23,0,0
14,0,0,48,0,23,0,54,41,0,35,9,40,9,16,15,0,0,0,14,0,19,0,6,0,0,70,12,0,0,0,26
107,0,55,12,21,0,29,34,208,23,28,12,10,0,18,29,2,46,0,0,5,27,29,34,16,3,64,12,0,0,0,2
0,0,0,0,7,6,0,42,206,0,50,0,0,24,1,20,0,14,0,1,31,0,2,12,33,0,42,15,13,32,0,0
106,106,28,16,0,2,0,17,85,0,2,14,18,193,21,48,13,0,0,37,0,0,6,0,31,23,40,0,34,0,59,9
217,169,0,19,0,0,0,46,32,16,0,0,0,216,0,0,0,10,0,0,57,33,4,0,0,0,8,55,16,0,4,87
26,14,0,21,0,46,6,5,47,0,50,0,0,11,0,11,32,4,0,25,75,0,0,0,36,0,13,2,0,25,53,7
0,36,181,0,28,99,16,17,191,48,5,16,4,14,33,16,10,0,0,4,0,73,3,0,16,0,0,0,10,11,0,61
0,0,61,35,0,56,5,28,0,23,0,36,16,69,76,0,24,0,57,0,35,0,40,8,0,1,0,32,0,35,0,0
0,110,98,213,62,21,20,48,0,6,0,0,0,44,135,20,0,0,72,109,35,0,0,0,40,0,0,0,0,45,0,0
0,44,91,99,74,0,0,96,44,77,0,21,20,21,55,7,0,0,20,52,49,24,0,0,0,28,0,0,0,10,0,0
0,59,58,98,93,1,0,0,0,5,7,29,61,50,102,229,45,15,3,58,26,23,14,0,41,33,0,0,16,0,0,0
100,60,43,31,72,55,0,0,6,35,18,50,0,72,61,0,0,25,102,67,0,0,0,1,20,0,0,0,57,0,55,0
33,0,0,43,17,0,0,0,28,0,0,0,52,0,0,0,14,36,113,29,0,6,14,3,0,6,0,0,49,0,12,64
0,0,0,1,0,0,0,74,0,0,0,0,0,0,0,23,69,94,108,192,0,28,0,0,0,0,12,4,46,0,12,102
32,26,10,0,0,25,10,0,23,0,36,30,16,0,0,7,129,0,25,222,104,0,3,42,6,23,21,0,42,38,0,0
24,96,50,0,31,25,0,39,0,14,0,73,0,48,54,5,68,0,109,117,204,0,47,1,0,26,19,69,1,0,14,0
57,102,0,8,41,19,55,33,152,147,69,91,204,0,34,2,0,21,0,86,40,21,63,50,41,0,31,0,0,19,0,46
0,10,8,0,25,34,0,24,48,43,11,114,40,41,66,103,71,5,39,1,0,92,26,8,7,58,0,0,44,21,26,20
0,17,0,21,2,0,0,8,0,0,0,132,116,0,14,104,126,54,22,80,0,40,77,17,32,27,0,0,0,11,24,0
109,6,0,8,0,0,11,0,0,10,6,68,25,72,136,42,7,39,118,18,5,7,31,0,0,0,26,3,0,2,10,38
0,26,21,6,0,0,0,6,0,51,32,14,96,0,75,58,36,4,96,118,10,0,22,1,59,59,37,0,20,20,75,0
0,0,2,0,27,6,0,31,0,0,0,0,56,39,186,0,47,0,0,0,34,43,65,3,43,27,53,0,13,0,4,9
0,0,34,49,41,0,9,19,0,65,67,1,7,93,172,2,109,0,0,63,0,0,4,29,0,0,26,17,0,32,0,0
0,0,12,43,29,24,29,105,42,112,46,75,41,0,45,115,67,61,53,34,19,0,0,22,21,0,0,0,0,0,0,0
0,0,52,34,0,119,66,12,17,191,57,0,30,50,0,104,5,8,31,37,4,0,0,0,0,0,24,52,0,14,22,24
0,6,0,51,75,99,31,189,86,19,107,32,8,0,0,43,17,0,50,29,0,5,36,0,0,9,0,0,15,6,24,0
0,5,24,6,182,38,64,2,60,60,50,12,51,0,29,0,0,23,31,19,0,0,17,0,24,0,0,0,13,27,1,34
0,51,6,72,2,0,14,73,47,20,214,85,51,0,0,0,0,4,52,32,0,48,19,9,13,0,8,0,38,46,14,0
94,11,27,4,21,0,6,14,0,37,0,9,0,0,3,33,1,5,0,4,32,0,19,0,3,0,17,0,0,8,10,0
3,0,0,25,0,0,0,36,10,21,0,0,0,58,0,0,8,12,0,16,0,11,0,16,15,0,0,14,0,0,0,0
0,19,0,0,15,37,14,1,56,0,0,39,15,0,0,0,6,16,38,0,2,9,33,0,0,35,0,0,0,0,8,16
92,17,0,14,0,0,0,27,12,0,0,0,0,0,0,9,0,0,0,24,3,13,0,0,12,8,20,9,21,11,14,0
12,0,6,11,0,0,2,0,18,0,14,0,103,7,0,0,0,7,0,26,10,0,62,16,0,0,90,73,127,16,16,3
169,0,28,0,0,0,0,0,0,59,18,0,31,153,20,17,68,87,125,118,250,51,26,0,113,106,57,144,51,4,0,0
157,30,0,0,17,21,24,0,0,30,0,2,109,50,82,59,0,0,101,144,7,38,0,61,0,38,9,126,161,0,19,0
133,15,0,0,2,41,0,39,5,7,60,0,44,80,32,24,0,85,17,93,217,11,0,89,30,4,59,16,27,0,0,25
15,45,1,18,19,58,0,28,0,10,70,72,31,0,5,11,11,4,0,9,177,58,0,41,54,20,89,4,9,0,0,11
0,0,0,9,89,80,18,12,0,27,79,16,20,0,0,99,0,50,17,17,234,0,15,0,90,17,9,30,0,5,4,10
48,4,4,0,61,0,44,69,5,37,52,18,21,0,1,42,17,24,157,17,235,21,50,0,0,0,48,109,17,31,9,0
155,11,24,21,41,20,33,71,0,0,0,48,21,97,55,21,89,96,52,31,70,95,0,0,17,0,42,27,18,30,9,0
0,0,0,31,17,30,0,0,0,6,8,4,0,0,48,10,41,8,104,22,202,41,5,31,1,34,0,0,0,0,0,0
164,0,0,21,0,0,0,0,6,0,55,1,0,0,7,5,40,0,30,93,9,7,0,0,26,0,111,0,0,32,42,93
0,8,0,36,0,0,0,7,0,0,0,13,9,0,0,0,0,10,29,0,254,48,0,0,58,58,22,43,50,0,16,162
167,34,0,7,0,0,0,0,0,0,25,0,16,120,0,0,0,0,30,9,42,0,19,0,3,79,38,26,85,94,112,76
32,9,0,5,0,0,25,14,21,8,0,0,0,57,174,0,0,0,20,8,20,0,43,8,1,2,0,0,53,13,117,133
190,11,17,0,0,0,0,9,10,9,62,0,54,236,117,0,11,5,3,13,0,34,57,11,0,3,3,0,12,35,39,0
141,19,10,43,45,0,0,27,0,68,90,8,0,190,131,21,0,0,40,33,39,110,89,8,38,0,24,0,14,0,8,0
156,47,0,66,0,20,31,2,4,19,0,52,0,0,20,9,22,0,32,32,200,188,34,22,6,0,31,0,0,0,0,0
0,4,0,0,46,5,16,0,0,11,8,0,8,15,12,21,26,12,26,10,71,119,156,0,53,91,21,11,0,16,2,11
0,4,0,2,0,0,6,0,25,0,0,35,21,0,0,23,55,116,17,29,10,4,145,31,55,63,54,0,1,45,30,0
0,31,0,5,0,0,0,3,0,35,17,33,47,0,0,36,39,15,0,76,54,0,16,0,16,0,27,16,0,48,18,0
163,4,3,0,6,35,18,0,14,15,35,78,51,7,13,107,11,12,48,0,36,65,45,0,83,9,0,117,148,29,22,15
28,2,0,8,26,35,46,0,41,0,36,18,33,20,41,124,23,55,42,0,109,42,12,0,10,0,99,19,44,1,11,1
0,0,13,25,13,25,0,0,29,0,67,67,51,19,117,0,93,160,184,222,80,76,0,11,6,18,41,26,42,1,0,21
44,26,1,9,16,20,0,0,73,45,64,3,59,49,62,42,105,148,145,75,38,0,13,8,0,4,0,12,11,25,0,13
201,0,1,31,44,0,0,17,6,2,45,95,0,11,0,26,46,179,59,7,10,0,17,8,25,10,10,15,7,0,7,4
46,0,0,24,0,27,19,45,17,47,0,46,32,8,0,48,145,225,202,0,3,1,12,6,0,0,0,40,3,3,0,0
125,6,0,4,0,27,0,105,0,6,127,11,0,0,0,0,158,131,245,0,0,3,0,0,0,0,26,39,5,0,7,0
6,0,29,38,45,13,12,0,11,0,0,0,5,0,0,11,200,86,69,34,0,5,0,0,2,5,4,0,0,0,26,8
0,4,0,14,22,0,10,85,21,0,0,19,0,0,0,0,29,1,21,30,0,0,0,24,22,0,41,0,43,0,0,0
0,0,0,5,0,0,0,16,0,12,0,0,0,9,5,30,15,0,0,0,0,0,0,1,0,0,0,0,0,0,0,5
0,0,0,0,32,0,0,30,0,3,0,46,1,0,0,0,15,13,44,21,0,0,0,0,17,0,51,0,4,2,0,4
9,0,6,0,14,0,0,0,0,0,18,64,0,12,0,0,10,0,32,15,4,49,28,0,4,11,9,0,16,0,9,0
