0,8,0,0,0,0,0,0,0,62,65,0,0,67,0,0,0,0,0,1,3,0,0,14,0,35,46,0,12,38,25,0
0,0,27,0,0,0,21,0,21,0,0,20,4,9,0,42,0,0,0,43,0,16,0,0,0,0,48,0,23,35,0,0
0,26,0,0,44,43,34,0,41,20,49,0,32,106,14,34,52,12,129,2,121,111,0,6,20,0,197,98,14,2,4,0
0,49,9,18,42,0,66,57,58,4,22,0,125,0,68,55,0,45,63,0,12,64,56,0,0,188,227,79,52,0,0,16
45,0,14,49,0,11,44,16,20,1,0,7,41,4,0,4,162,211,74,74,39,10,20,19,36,39,92,0,0,16,0,39
0,49,0,0,61,41,29,3,22,8,51,89,1,58,19,0,39,14,53,83,83,0,0,0,0,24,1,37,34,34,22,16
0,16,14,5,0,8,14,0,16,24,91,10,4,8,0,109,17,107,100,26,163,7,0,17,127,4,0,12,0,0,0,55
0,59,77,0,0,43,85,24,36,51,24,37,28,2,0,66,91,59,154,220,21,0,0,0,28,0,0,0,0,0,13,125
42,41,7,0,0,0,20,79,7,0,6,100,14,4,98,155,219,164,48,71,0,82,62,117,9,4,0,18,41,0,0,13
83,0,10,32,35,0,0,28,56,0,0,14,0,0,148,231,183,105,212,19,18,25,0,38,0,0,0,3,12,0,28,65
0,19,17,0,5,3,2,0,43,4,36,0,0,21,254,104,128,52,106,3,217,34,90,84,0,0,11,90,60,34,23,0
113,61,39,0,0,68,0,0,0,0,0,17,0,212,179,27,32,150,108,0,163,22,24,0,0,209,224,8,14,19,35,0
107,0,5,0,21,23,51,0,0,4,0,0,0,36,71,0,0,5,0,4,52,0,0,0,0,20,0,48,32,3,0,0
154,0,0,0,0,0,0,0,43,27,59,0,12,25,0,0,0,6,18,0,53,5,57,177,0,0,0,35,0,0,37,43
14,30,3,0,0,0,34,85,115,0,140,30,0,2,0,14,4,22,30,0,20,51,0,115,0,18,0,0,0,6,24,31
0,0,18,0,3,0,43,19,67,49,30,0,0,19,35,0,0,4,65,0,46,69,69,0,38,28,53,0,54,0,0,15
121,29,36,9,0,178,115,70,0,27,0,23,211,8,99,2,106,0,92,179,66,8,0,0,16,60,98,36,59,11,66,3
0,19,18,0,5,74,37,0,36,0,13,49,196,198,198,37,211,28,49,128,30,78,24,52,171,102,0,31,58,1,19,94
0,0,0,36,0,0,0,18,0,0,0,45,119,209,63,99,233,71,53,31,0,11,0,17,0,2,0,66,0,0,30,5
0,0,41,0,19,0,0,31,9,0,17,0,55,61,0,52,87,0,28,103,130,13,108,32,21,0,14,0,7,34,2,0
0,34,0,0,18,0,19,10,0,0,0,58,0,20,0,2,38,10,41,0,170,171,80,48,31,12,9,23,0,0,41,18
42,0,4,21,0,0,5,7,68,16,41,16,0,0,0,181,0,5,118,45,28,2,0,25,91,38,0,0,6,29,5,0
87,32,13,0,0,17,19,0,0,11,9,60,76,76,149,0,111,11,85,73,23,77,5,5,0,7,36,1,12,0,27,35
0,29,0,7,26,23,2,63,57,81,76,27,137,158,133,0,121,23,54,82,14,29,0,0,0,4,25,0,0,0,0,4
0,21,0,2,28,31,76,183,0,41,36,117,95,89,20,42,232,170,68,13,0,28,0,16,4,0,0,0,6,0,0,18
0,37,11,0,0,141,70,165,206,142,119,125,123,133,107,32,0,81,14,26,27,4,55,11,0,0,11,0,0,0,3,11
0,23,33,8,0,1,1,22,153,63,210,130,10,64,39,29,80,0,42,0,24,28,11,0,8,0,58,21,0,4,5,0
12,19,3,0,1,75,227,50,200,168,154,0,62,0,23,17,40,15,29,0,10,1,35,2,2,0,2,0,0,3,0,53
0,39,13,36,8,3,188,209,97,0,16,0,35,43,25,0,36,0,9,0,2,0,0,0,4,0,45,13,0,0,11,7
0,0,0,18,6,0,84,12,0,16,17,0,8,21,6,11,10,0,18,29,0,0,0,22,11,3,32,0,61,17,0,0
0,10,0,0,0,20,0,0,0,31,3,0,0,22,3,13,2,0,7,29,34,12,7,0,0,28,0,12,12,7,29,2
0,0,27,2,21,0,9,0,17,7,0,0,0,0,0,22,0,19,0,0,19,0,0,0,13,0,0,27,0,15,45,31
0,0,53,5,0,5,0,2,0,0,0,9,0,0,1,0,0,0,0,0,0,0,19,11,18,6,12,24,0,4,6,0
13,9,9,31,43,0,0,28,8,0,60,105,40,51,0,1,22,0,5,0,3,0,4,0,0,25,31,12,31,30,13,0
35,20,4,0,0,0,0,0,44,0,19,76,95,70,3,0,0,0,0,26,0,0,0,16,0,0,29,0,1,0,45,0
0,0,120,0,108,10,10,0,39,56,180,137,89,0,0,3,0,0,0,0,29,75,19,0,0,0,0,0,0,0,6,11
62,74,163,48,0,4,99,4,58,41,70,60,43,0,23,7,159,44,0,0,23,0,31,0,23,0,0,0,0,0,13,7
24,83,134,87,23,20,122,77,6,0,14,125,32,46,0,31,222,93,0,57,58,17,39,25,0,23,0,0,21,0,0,0
0,56,75,0,0,56,72,0,34,55,211,26,34,0,13,166,24,12,8,11,0,0,100,52,11,0,45,0,6,0,15,23
0,3,63,85,0,63,69,81,88,124,54,11,0,6,0,0,6,0,6,13,0,29,0,6,0,5,60,49,53,34,36,87
0,83,0,73,80,22,59,42,51,20,113,0,17,3,35,128,25,34,20,5,39,14,22,6,5,20,7,31,20,0,15,7
0,8,192,183,112,53,116,100,82,48,6,0,2,4,92,3,2,15,4,11,20,11,12,0,0,0,0,63,48,0,34,63
0,7,9,97,49,71,36,250,34,54,73,14,0,21,134,47,57,5,0,0,11,0,32,0,23,4,42,31,6,10,0,55
111,0,97,77,56,74,12,63,39,127,83,10,0,10,35,0,9,43,40,0,1,0,48,13,0,18,0,38,28,0,0,0
0,0,0,108,0,7,0,27,0,0,0,0,38,234,69,0,26,6,11,74,16,0,59,13,48,14,8,15,0,0,0,0
76,14,0,47,0,0,0,0,0,9,20,0,2,113,41,0,0,59,0,53,4,0,39,37,2,0,0,45,0,0,5,0
47,25,30,7,5,5,0,35,0,45,0,44,0,0,0,0,8,0,1,0,0,0,0,0,27,10,25,0,0,66,0,17
0,0,0,0,0,14,0,0,0,31,58,0,45,8,20,0,91,9,100,12,53,48,14,38,35,0,34,29,28,0,0,57
0,0,0,0,38,38,2,0,0,18,8,35,0,0,0,42,157,34,31,58,43,30,19,0,0,3,0,34,13,0,52,1
7,11,0,0,38,33,4,0,17,44,0,1,52,0,12,0,71,48,22,57,13,23,14,0,90,0,37,11,0,67,0,51
0,13,0,0,28,211,0,0,28,171,87,12,81,57,0,126,31,52,0,64,0,78,0,29,3,22,0,0,0,0,48,11
97,8,0,7,35,0,24,0,0,38,0,118,227,147,101,176,39,0,69,15,31,45,76,135,23,16,0,0,58,1,10,0
0,7,0,0,35,0,4,0,17,4,25,31,203,203,104,129,0,7,88,0,50,115,22,27,72,25,0,47,0,0,0,8
0,11,0,5,0,32,31,8,12,0,0,13,42,96,179,127,17,20,91,78,15,159,34,0,63,5,0,17,0,36,0,0
23,0,35,0,0,24,38,26,9,0,0,3,0,47,25,72,0,0,0,0,15,47,6,0,0,39,0,22,38,2,0,5
105,37,0,3,38,24,33,0,20,127,73,13,0,41,197,35,50,0,0,32,39,10,28,0,9,22,0,24,0,0,8,38
0,0,35,102,97,3,38,48,0,89,0,0,0,23,24,0,81,60,0,8,0,6,0,30,0,0,0,0,1,8,0,24
36,0,125,69,6,31,0,0,24,34,23,30,160,32,74,74,13,0,0,24,5,0,0,2,0,0,0,26,23,9,15,33
0,0,182,37,60,0,20,159,0,6,31,74,0,130,0,0,0,36,0,13,0,5,0,26,0,19,0,30,4,0,23,22
0,0,139,126,119,59,0,0,0,8,15,204,15,71,0,39,0,0,12,0,32,4,2,15,0,0,0,18,12,13,41,27
98,21,39,240,71,24,19,14,15,0,0,202,148,27,10,1,16,24,0,0,42,20,44,0,43,8,31,9,0,0,21,7
1,17,15,54,89,5,0,0,0,0,0,0,0,9,1,9,7,0,0,0,6,16,0,5,0,15,0,0,3,0,26,11
0,12,0,0,2,32,0,3,0,0,0,30,14,4,0,0,0,10,0,3,0,12,26,0,8,0,34,0,0,2,0,0
0,7,18,0,0,0,1,39,28,34,0,13,6,0,0,9,0,0,0,15,0,2,22,0,0,0,0,24,0,1,0,0
0,0,0,13,16,0,10,23,15,3,0,0,10,19,13,0,0,0,24,27,8,38,19,14,3,6,15,0,0,0,0,0
0,0,0,20,0,0,0,14,0,11,0,0,0,46,10,0,19,0,0,18,0,0,0,23,0,0,16,37,11,25,3,5
0,0,0,0,0,0,27,17,0,39,90,60,0,0,21,28,0,48,0,13,0,0,0,0,15,0,27,9,0,67,4,0
80,0,0,0,0,43,20,21,0,0,228,83,24,8,31,5,0,24,44,37,34,0,0,4,0,0,24,0,31,0,9,0
0,5,7,183,25,58,11,0,48,28,184,64,0,34,20,0,136,27,0,0,0,29,47,0,0,1,0,0,7,0,0,0
61,30,39,22,101,53,9,21,0,0,26,84,6,28,9,0,149,87,0,37,97,1,60,7,43,0,18,6,0,33,17,5
0,3,27,82,197,4,0,0,0,49,143,30,0,0,0,0,30,18,4,4,12,18,0,3,6,3,0,0,26,4,16,12
37,5,17,18,51,59,7,59,38,124,62,100,72,0,11,0,67,20,7,0,0,27,0,7,0,0,11,0,31,0,8,22
63,0,3,21,19,27,42,52,5,29,0,78,8,33,0,4,109,112,0,0,0,0,0,51,20,8,9,0,0,41,0,0
0,39,10,20,94,34,146,219,0,0,0,0,0,39,39,0,60,59,0,0,0,0,0,0,24,16,1,46,39,0,12,48
40,4,14,0,52,116,0,164,9,0,0,0,0,56,30,57,42,77,0,0,0,0,0,8,13,0,0,0,18,48,0,32
0,0,51,45,78,0,0,4,101,21,13,0,0,0,51,31,65,1,23,26,2,0,0,26,0,11,0,2,0,0,0,0
116,7,0,0,0,18,3,40,45,11,0,39,0,0,0,47,13,5,174,251,0,20,0,0,16,0,56,0,0,22,42,10
0,0,0,14,8,0,44,0,22,0,46,0,42,0,1,65,0,0,39,36,0,0,60,18,0,12,0,0,11,44,0,0
52,10,8,0,0,0,0,21,0,4,27,0,26,20,4,0,0,0,4,0,34,11,16,33,13,21,17,6,0,0,7,51
18,56,28,87,192,159,21,0,0,40,0,16,0,0,12,0,0,1,59,0,0,6,10,5,13,53,0,8,16,0,43,0
0,72,104,55,129,12,55,5,0,3,4,38,0,0,0,0,0,21,22,13,36,0,5,131,4,0,87,6,38,0,0,4
80,40,24,84,123,107,233,0,41,0,0,90,216,8,67,11,38,50,0,0,0,23,46,127,19,0,35,12,28,0,0,52
24,0,101,108,0,22,32,19,0,29,0,58,89,56,67,70,59,88,50,64,61,38,22,9,3,0,8,6,0,13,1,21
0,0,8,41,0,0,0,0,0,0,4,0,99,91,19,81,28,57,204,89,199,144,55,0,0,0,14,0,44,38,0,0
26,0,22,14,49,0,0,0,35,0,0,36,6,128,75,97,21,42,25,88,215,208,60,52,37,83,0,0,62,0,31,4
14,34,0,0,0,27,0,0,37,8,0,0,14,0,0,225,0,23,62,69,177,21,129,186,0,3,0,0,27,18,23,54
25,12,0,2,0,0,0,8,0,23,0,0,2,8,128,0,53,0,0,92,0,26,139,176,34,0,0,40,0,0,0,67
61,0,22,0,0,0,0,0,30,23,0,0,45,16,80,0,0,0,9,41,23,35,0,20,0,14,0,0,0,0,12,0
30,9,0,13,27,0,6,46,0,49,113,190,164,41,32,4,134,145,46,6,10,31,2,137,0,36,29,0,0,0,4,1
0,0,25,36,0,27,0,34,16,0,140,133,251,86,13,75,48,0,1,26,20,0,58,153,0,0,6,1,0,14,0,0
0,0,8,24,29,15,22,158,3,62,0,139,68,39,24,0,13,0,87,25,21,133,126,0,5,5,2,0,0,0,0,0
0,26,0,3,36,0,0,23,30,1,11,20,85,209,61,8,0,0,45,26,235,11,34,112,0,35,0,0,2,0,0,40
0,7,0,18,40,0,0,0,0,36,0,0,252,80,170,32,0,0,17,12,85,133,113,0,0,24,4,0,5,0,0,0
61,6,4,44,0,0,0,42,0,0,0,0,0,28,0,0,10,0,0,4,166,52,0,0,19,12,0,33,0,0,0,16
41,0,0,0,0,0,15,9,22,0,63,24,0,0,0,27,15,0,0,11,0,0,0,0,0,14,0,2,9,0,0,25
47,28,19,0,0,0,15,7,13,0,32,0,6,0,7,19,10,18,0,0,0,3,0,0,0,22,0,21,0,1,24,0
0,41,0,4,0,0,51,15,32,15,2,0,0,0,13,13,36,9,7,0,19,4,4,1,0,0,0,17,11,0,0,0
6,24,0,18,0,0,0,0,5,0,3,49,60,0,1,6,25,0,0,29,0,0,29,0,0,135,248,47,27,11,0,0
0,9,7,8,0,26,0,23,0,36,0,0,52,80,0,59,110,77,109,22,28,61,0,0,45,48,87,0,0,0,0,0
50,0,0,0,0,0,17,11,0,0,57,89,150,11,28,84,0,195,27,37,58,92,36,21,55,229,43,0,0,8,25,16
172,0,1,0,0,67,6,0,14,0,0,0,62,67,12,2,25,226,5,81,11,0,10,21,0,25,0,0,0,14,0,0
36,26,0,17,11,38,66,0,23,32,25,70,0,27,0,0,31,145,236,77,110,11,67,48,6,204,66,0,11,0,10,72
0,0,0,39,121,84,90,0,0,37,55,30,43,33,0,16,27,43,40,41,46,0,25,31,112,167,0,0,36,51,73,152
0,0,31,0,0,52,70,15,53,28,0,0,5,5,0,0,0,30,233,59,0,0,9,24,74,101,7,25,16,15,1,0
0,48,0,0,50,0,7,20,0,29,0,32,19,100,42,25,48,103,191,80,0,0,0,20,60,3,0,12,0,17,26,17
0,0,5,15,9,26,28,16,0,0,5,0,0,0,90,23,18,40,245,47,2,0,16,4,18,0,0,0,65,0,113,0
0,31,0,28,0,67,0,61,1,2,64,14,16,22,0,0,37,0,0,14,0,0,6,7,233,98,0,0,23,85,2,38
147,59,0,0,16,9,0,0,0,26,23,0,21,5,25,9,0,9,82,112,25,27,41,1,96,19,34,26,22,40,18,49
67,24,48,0,0,6,0,0,10,0,42,0,29,0,0,41,0,46,55,16,2,9,43,0,52,56,19,16,17,64,22,32
24,11,0,0,0,7,0,31,14,64,0,63,75,217,10,0,0,0,0,48,20,34,0,28,0,0,0,19,239,0,0,72
119,0,59,35,0,0,0,0,45,9,47,73,188,198,40,0,0,0,32,45,35,43,0,16,4,0,42,45,16,0,0,0
38,4,0,0,19,34,0,0,14,107,15,0,197,216,48,0,0,25,45,49,0,4,0,27,0,0,55,0,0,1,0,133
0,0,5,20,7,17,64,64,0,0,8,15,92,61,18,4,28,17,57,231,83,0,0,11,19,0,33,10,40,0,92,0
0,10,0,43,0,0,13,69,27,0,24,25,6,14,0,0,28,0,155,187,241,38,12,181,32,14,0,0,11,45,117,72
17,22,0,49,42,20,0,41,0,0,0,59,45,0,0,0,50,27,0,136,47,48,52,0,0,0,0,6,0,160,0,0
112,0,29,0,11,24,0,0,22,7,0,0,21,0,0,51,63,35,80,0,59,77,116,132,27,18,98,193,28,35,11,0
0,35,0,0,0,0,0,51,0,0,2,44,0,25,0,18,0,0,17,77,69,75,72,37,84,32,229,3,132,0,28,0
0,0,0,0,0,10,0,0,3,3,0,0,0,10,0,26,23,57,29,82,0,210,0,49,81,105,89,16,0,33,0,74
0,12,17,0,3,0,10,0,26,0,12,56,18,17,45,16,130,0,5,0,0,0,35,1,43,0,0,166,32,0,1,0
122,0,0,28,0,0,23,8,62,57,0,8,45,32,36,33,207,53,53,43,14,0,4,20,62,20,47,0,26,17,1,0
69,36,2,0,0,22,0,0,0,68,74,7,3,55,127,37,217,101,70,0,23,38,39,21,12,0,0,40,0,0,32,0
100,0,26,0,25,16,21,42,22,23,48,14,60,8,112,234,117,125,0,3,0,0,0,0,0,3,0,8,0,0,5,0
106,17,0,32,40,63,0,0,0,12,0,14,0,105,196,20,99,0,34,5,45,42,44,30,50,0,32,16,31,13,32,53
0,0,30,0,24,0,27,64,17,42,2,0,0,22,43,16,0,0,0,0,0,0,13,0,11,23,0,0,6,17,37,35
47,0,30,22,25,0,7,0,0,0,13,17,25,0,18,0,17,18,0,4,0,0,35,0,15,0,34,35,0,0,0,0
12,0,11,0,18,0,14,0,29,0,0,0,12,14,6,0,27,0,32,7,9,0,0,0,0,0,0,0,4,7,7,0
0,0,33,23,14,0,8,55,12,0,24,5,9,0,0,24,0,22,14,5,0,0,24,0,0,8,5,23,0,15,1,0
17,51,49,0,0,9,0,36,0,0,37,0,0,0,34,0,0,0,0,0,0,0,17,2,4,0,0,0,0,0,0,0
98,34,0,4,0,0,0,24,17,41,19,16,1,9,0,0,0,0,8,0,0,9,0,0,0,0,11,0,0,0,44,16
76,0,22,0,0,28,16,17,0,0,0,0,44,4,0,23,10,2,0,0,0,8,41,0,17,3,27,32,8,0,0,19
0,0,0,7,4,0,43,0,0,0,49,0,78,93,64,0,88,48,85,38,18,7,46,66,112,5,0,4,0,0,38,0
32,0,29,22,12,2,0,17,0,26,38,0,81,56,66,73,4,0,0,26,30,34,0,58,24,0,26,36,0,0,0,0
70,2,31,0,2,0,54,40,24,26,48,41,126,24,6,160,118,16,69,5,53,0,88,43,49,0,0,0,22,0,0,36
0,0,38,21,34,90,82,0,27,0,0,154,0,0,27,61,130,223,30,0,69,52,61,0,0,13,0,36,0,0,0,0
123,7,34,26,0,0,26,73,60,37,0,0,44,6,0,42,41,0,0,2,0,4,2,0,0,25,0,0,17,37,42,6
81,0,22,63,0,0,51,34,16,0,57,0,0,30,52,19,26,0,82,65,7,78,85,0,0,0,0,0,25,37,0,0
163,26,1,0,0,17,33,62,38,0,179,114,96,101,50,8,63,74,29,31,26,3,22,0,0,11,33,21,27,0,28,1
130,7,20,0,30,15,14,26,2,38,124,49,0,74,151,5,12,0,3,0,56,60,44,35,5,0,9,0,77,0,25,0
0,0,0,26,0,34,0,0,0,82,82,151,87,100,92,54,54,0,0,39,60,0,0,52,43,63,6,39,0,0,0,0
204,22,0,2,0,0,31,0,48,146,71,12,19,0,3,0,75,33,0,0,46,0,29,28,72,68,1,62,15,0,25,32
83,0,0,53,16,0,0,17,16,1,15,19,7,71,0,0,33,0,92,123,56,0,0,13,0,57,106,33,28,57,0,0
79,7,24,26,0,27,0,22,0,24,0,0,17,0,4,16,21,0,183,85,14,56,1,47,0,0,2,1,11,2,16,0
0,4,15,2,0,32,43,0,35,5,91,0,5,11,0,0,0,0,17,10,0,5,0,0,23,32,0,35,25,0,0,69
0,54,65,19,96,0,34,97,54,41,0,16,17,0,10,0,0,0,20,22,63,0,0,69,91,6,0,7,49,0,32,0
80,131,3,51,54,5,113,29,0,0,0,8,0,18,0,0,103,0,16,254,65,17,11,134,3,2,60,52,35,30,0,0
0,152,109,26,13,0,0,90,78,31,13,75,215,40,84,46,6,24,0,53,13,10,85,71,54,5,20,0,17,7,0,0
18,75,35,0,0,7,15,5,116,61,11,97,69,54,0,28,2,0,0,54,0,104,0,39,0,69,72,42,0,0,0,10
72,0,21,0,24,24,0,7,0,28,16,23,42,38,8,82,125,83,0,19,38,31,130,143,97,19,22,0,45,12,0,13
56,41,16,0,0,21,16,0,0,0,0,18,19,110,106,239,78,25,117,57,86,130,50,71,0,30,0,62,25,0,0,0
55,11,0,0,10,0,0,0,6,3,5,5,6,7,182,172,106,4,85,95,0,211,7,0,135,31,7,4,0,0,0,8
0,35,63,0,41,0,4,17,0,70,59,0,13,32,52,53,20,31,64,19,54,16,57,0,0,41,0,0,0,0,10,37
0,0,22,0,177,18,11,0,20,33,41,29,73,25,62,36,0,0,60,24,24,22,31,3,0,29,5,0,0,0,36,4
0,9,0,186,122,0,35,150,0,112,40,108,0,67,16,5,25,74,102,81,15,0,16,1,0,0,22,39,23,19,4,0
0,27,240,37,113,17,12,29,48,117,12,6,0,14,39,0,0,16,5,0,0,0,0,10,0,59,0,0,0,0,0,0
0,209,164,125,194,224,21,185,0,218,9,32,50,39,7,38,0,26,4,40,45,57,0,0,0,0,0,17,0,40,31,0
8,139,94,202,234,121,40,83,65,0,2,0,19,67,4,0,49,8,10,0,5,1,0,0,0,22,0,0,35,0,43,20
21,78,189,171,115,63,0,0,38,28,88,0,39,14,50,9,22,20,14,0,2,10,56,4,41,23,0,0,0,12,0,59
21,14,69,215,87,8,0,0,0,0,130,30,73,23,16,12,17,8,0,0,0,12,27,0,2,6,29,0,22,0,8,0
0,12,0,24,0,33,0,0,0,5,12,0,0,0,27,14,0,2,0,0,17,18,0,0,0,0,7,0,38,13,12,0
6,13,41,0,27,0,32,4,0,0,33,0,0,3,0,0,2,0,18,0,0,39,0,0,0,19,20,0,0,36,0,19
0,0,0,0,0,0,49,0,4,69,37,39,21,11,4,0,0,3,0,0,4,20,10,4,12,17,0,6,0,0,0,0
7,0,0,9,0,0,3,0,0,0,0,57,3,0,9,31,32,6,0,3,0,0,0,65,50,0,80,0,0,0,8,15
0,0,1,19,1,99,208,0,0,65,69,0,0,98,0,23,0,5,28,1,0,59,37,0,0,0,6,0,0,27,0,26
0,0,0,0,14,105,44,45,39,6,72,40,87,21,8,18,4,30,0,0,0,49,2,1,26,0,0,0,0,16,30,0
58,0,20,1,0,69,180,25,60,51,85,86,66,43,37,94,21,0,0,43,16,2,16,2,0,24,43,0,0,11,0,0
0,5,0,1,14,60,60,19,0,8,119,100,0,0,32,0,71,0,0,43,79,32,63,0,0,22,2,0,0,5,0,24
0,44,2,0,0,40,9,0,0,0,179,50,30,0,2,11,0,42,19,28,63,0,71,0,42,0,20,0,14,0,52,41
0,0,32,14,51,82,43,55,10,29,0,2,16,0,14,24,0,0,15,0,0,5,8,0,3,0,4,0,7,9,1,33
36,10,37,0,0,35,0,11,26,61,75,34,0,44,0,73,49,13,0,21,0,21,9,0,10,8,13,6,0,0,0,88
12,29,27,0,27,25,21,11,34,0,49,0,22,5,116,0,0,54,2,3,13,1,0,0,14,0,0,0,58,0,4,0
51,68,8,0,57,234,0,0,0,25,66,3,21,28,246,0,0,0,17,0,49,13,23,42,48,4,38,71,0,0,58,15
42,18,15,0,38,105,25,3,34,0,61,28,0,26,18,0,8,32,28,0,47,0,8,0,67,0,7,66,56,0,0,0
35,0,10,0,0,61,20,0,51,98,144,0,0,0,0,30,0,0,15,0,0,0,40,29,49,53,100,21,19,0,0,0
109,0,13,1,0,6,0,44,0,0,0,42,0,121,13,0,44,0,0,0,0,34,33,0,1,48,0,0,0,19,0,64
57,37,20,0,17,0,0,13,0,0,66,14,29,24,2,56,87,0,8,0,52,10,0,0,26,23,5,0,18,23,0,45
0,30,28,0,24,0,15,2,2,17,0,12,22,140,39,27,29,13,66,0,0,3,0,0,33,0,45,8,64,0,6,79
19,0,16,0,6,13,0,30,1,6,5,5,112,126,0,1,144,14,0,49,8,65,0,0,0,10,0,3,12,53,0,0
0,26,0,19,0,0,19,88,38,12,0,0,103,72,6,56,49,11,1,37,13,16,69,0,80,25,76,27,47,63,21,43
70,20,0,0,6,16,62,19,71,72,194,6,59,56,7,79,35,92,11,4,42,48,36,31,9,28,0,0,0,0,13,34
0,1,0,16,0,0,12,10,69,9,2,129,137,23,1,48,95,0,29,55,3,46,30,119,32,16,16,0,42,2,0,6
4,0,0,0,0,0,3,0,13,176,106,191,163,73,8,19,19,2,75,0,25,110,78,67,27,76,0,41,12,0,0,0
0,0,8,0,0,0,0,0,16,156,119,20,163,0,0,145,5,5,23,66,7,131,0,14,177,21,42,0,54,6,0,42
0,0,50,30,7,0,0,25,19,16,173,163,241,23,60,29,33,0,33,0,27,53,9,0,18,16,0,0,0,4,0,48
0,25,53,0,28,3,27,0,0,0,77,187,50,0,80,17,59,0,19,31,45,27,0,6,0,4,0,0,1,0,25,0
113,0,4,20,19,0,18,3,0,29,183,97,104,56,9,30,0,50,55,91,14,14,0,0,5,16,33,0,10,0,0,0
149,67,130,0,0,0,0,41,23,105,97,66,72,18,0,28,6,0,0,0,37,0,51,0,35,14,12,39,0,3,30,8
109,213,12,0,0,21,12,0,0,214,145,38,51,0,0,14,0,0,16,0,0,62,51,0,0,0,0,0,0,23,5,9
121,237,76,0,0,48,0,0,59,43,67,207,13,0,0,47,0,0,9,0,9,4,21,7,15,0,0,0,10,14,11,50
85,102,0,0,0,0,14,0,10,0,0,2,23,0,0,0,0,8,0,22,0,0,0,3,0,0,0,0,0,0,0,0
9,102,14,17,0,11,8,16,0,13,0,0,34,0,0,0,6,0,31,16,2,5,0,0,5,20,0,10,0,0,18,0
192,21,0,0,38,27,31,0,0,14,0,18,0,35,11,0,20,18,0,9,31,31,14,0,3,20,2,39,0,15,3,46
12,0,44,0,12,0,0,0,7,0,28,23,0,0,0,0,0,0,0,12,13,9,20,2,0,0,0,0,39,0,0,43
0,0,0,13,0,0,11,0,0,0,49,13,43,2,5,13,4,10,33,0,2,0,5,3,0,28,39,0,0,0,0,0
0,0,0,37,96,0,0,20,0,0,0,0,9,0,0,0,0,0,15,38,8,0,0,3,0,0,23,0,19,0,0,3
0,0,17,0,37,97,180,29,0,34,0,13,40,11,5,3,0,0,42,5,8,46,31,4,39,0,55,0,56,0,31,8
0,29,52,0,36,118,74,157,0,0,0,0,75,4,23,78,15,6,1,22,10,36,0,53,31,0,0,44,27,38,0,0
57,0,34,13,27,0,217,0,0,0,13,77,71,0,18,44,48,18,0,0,16,0,0,75,0,0,0,0,27,6,0,0
61,0,0,0,70,22,150,65,31,0,26,68,0,71,0,24,0,0,36,38,127,25,18,0,0,16,0,0,0,0,4,60
27,7,0,31,40,0,67,0,26,0,58,117,0,0,0,30,0,0,0,0,6,0,22,0,0,14,62,0,23,4,23,0
155,8,0,17,0,126,80,67,108,0,84,55,0,11,16,0,36,0,35,1,18,47,45,2,0,0,0,47,44,19,57,43
23,229,96,0,71,22,47,77,33,0,63,8,49,0,36,6,12,0,0,0,20,7,44,0,0,3,0,0,23,68,0,0
0,250,181,140,46,104,0,0,51,38,0,0,3,0,56,11,25,0,57,0,21,40,44,10,0,30,0,0,25,0,2,1
0,131,207,197,0,9,0,1,60,25,19,0,19,80,129,0,0,87,62,0,45,0,0,26,42,0,27,98,0,0,73,0
135,52,94,212,70,0,0,0,3,87,4,8,165,29,76,0,0,74,22,78,83,28,43,1,35,16,45,0,60,28,0,20
0,65,25,96,13,0,9,2,0,0,0,37,10,71,189,150,19,35,58,26,0,0,0,0,0,0,34,10,59,3,0,0
53,0,0,37,102,0,12,0,4,74,0,2,21,26,25,44,42,0,22,7,0,0,0,9,0,0,0,1,71,18,0,9
0,15,0,19,0,0,19,31,37,0,14,0,0,52,0,16,76,11,45,110,10,35,20,0,0,13,0,7,43,2,0,0
5,4,0,0,2,26,0,38,0,0,0,0,0,34,4,56,117,0,225,22,0,5,0,0,32,19,93,13,62,0,0,39
236,26,0,11,8,0,0,0,32,0,0,0,0,0,5,0,84,4,219,7,26,66,80,15,7,16,42,0,7,0,0,0
100,55,11,22,0,0,73,87,129,0,0,0,0,0,37,16,24,41,19,66,7,20,46,14,0,0,0,6,51,67,0,6
193,88,0,4,0,0,0,12,2,109,0,55,48,13,0,0,32,19,10,42,45,35,10,10,14,0,58,0,6,2,0,0
0,0,4,48,40,5,0,0,23,63,0,108,121,40,0,0,60,41,0,53,9,32,89,74,36,31,0,5,72,0,0,8
35,0,55,25,8,0,0,21,0,0,59,85,53,107,66,72,103,39,13,0,0,125,62,47,7,20,0,0,42,25,0,38
42,0,26,0,16,74,0,0,0,0,0,93,197,37,59,49,60,23,158,54,13,12,0,34,64,27,57,15,0,0,18,10
119,26,26,0,0,0,13,0,0,0,14,23,38,77,95,14,14,0,43,49,0,0,0,0,27,34,19,0,0,0,10,20
23,12,0,0,61,0,0,43,6,0,42,37,0,113,98,0,4,0,0,39,0,0,16,18,0,32,0,0,3,0,0,0
31,46,0,78,0,0,0,193,30,20,16,1,0,0,0,0,31,48,0,0,0,25,0,3,8,0,0,0,0,0,0,0
40,22,17,17,0,64,7,150,74,150,0,0,0,41,0,42,0,0,31,0,14,4,0,0,8,37,3,0,50,13,20,0
0,56,0,123,107,114,111,69,56,23,37,0,13,0,25,16,0,0,26,9,19,2,15,17,40,11,18,0,0,0,1,41
16,71,30,12,218,0,51,126,232,158,25,0,0,0,64,0,0,21,7,31,12,13,20,0,0,0,0,0,0,22,28,0
142,0,0,6,6,16,19,0,230,160,199,94,0,0,1,0,0,162,9,25,0,19,37,30,0,38,39,0,0,0,18,1
0,0,12,33,19,66,28,21,27,243,22,36,0,24,58,21,0,36,37,0,0,5,0,0,53,5,0,0,0,0,0,21
71,1,38,16,0,0,0,23,0,0,0,16,0,0,43,0,6,0,4,15,12,0,5,0,16,0,56,0,0,0,0,23
0,0,0,0,0,0,20,14,4,0,0,39,3,0,42,30,0,0,0,0,8,5,0,0,0,0,0,17,0,0,0,0
0,0,0,19,14,0,0,0,0,35,0,0,0,35,38,10,0,0,12,6,1,0,0,31,0,0,22,58,9,0,0,0
0,0,0,7,51,0,0,0,0,34,0,0,4,31,0,53,19,0,47,9,9,23,0,30,0,0,0,8,26,16,36,26
0,0,29,0,0,0,0,0,21,44,5,0,0,19,0,47,38,0,130,29,66,127,38,220,44,22,0,32,17,35,0,0
0,21,0,6,0,8,38,16,12,15,44,25,103,9,45,88,157,0,74,0,54,80,41,29,85,0,0,0,0,34,6,0
0,17,0,41,22,48,32,11,83,0,34,16,28,30,120,14,128,105,45,34,0,2,56,127,69,0,28,0,0,10,55,16
52,7,39,46,101,43,73,60,97,0,115,128,16,10,46,29,193,102,38,0,91,0,73,33,92,20,6,0,0,4,0,4
0,53,7,14,0,92,0,0,0,27,54,50,85,0,46,66,33,31,0,20,61,0,108,23,58,0,0,0,13,12,49,74
0,41,46,11,8,24,59,28,32,5,0,24,13,64,156,29,91,164,14,11,14,8,0,14,244,2,0,54,0,21,59,104
0,167,22,75,19,0,24,90,35,0,72,14,24,12,95,163,96,203,150,0,0,27,0,114,121,0,58,0,38,25,57,0
0,9,63,0,28,73,0,0,84,29,0,0,21,20,179,1,94,179,196,7,17,5,28,69,26,0,66,7,55,10,148,0
0,35,0,12,0,20,0,59,9,76,20,0,26,43,162,53,0,111,128,33,46,14,22,107,62,0,7,14,28,72,75,20
106,36,9,0,0,13,0,0,0,7,0,2,0,3,79,0,57,152,158,0,47,0,44,21,38,67,76,128,38,208,9,0
0,0,0,0,0,0,0,0,37,12,0,0,0,0,49,0,0,72,10,78,0,0,0,54,0,16,16,18,102,214,0,0
5,0,50,30,0,0,18,0,15,0,0,105,13,22,12,4,45,26,17,0,16,0,61,38,10,5,75,21,194,7,10,0
61,50,0,0,0,20,0,2,27,52,121,74,37,43,0,0,52,0,0,51,49,18,0,0,0,64,0,16,112,0,0,71
4,22,0,15,23,0,62,47,0,48,243,48,85,0,29,0,13,25,14,8,0,4,28,18,0,0,16,0,0,36,25,0
0,64,34,8,4,63,42,14,17,34,20,74,172,42,0,0,48,20,227,210,0,0,4,0,0,0,0,10,10,23,0,43
0,15,0,0,2,13,98,0,50,3,0,202,61,0,0,32,0,26,68,16,20,5,166,0,4,43,37,0,0,28,39,123
33,29,0,0,27,0,0,0,1,5,0,40,0,2,12,85,28,194,151,110,0,26,238,14,27,47,11,0,16,131,243,0
0,0,60,0,7,0,0,0,0,7,0,51,39,0,13,24,0,2,0,0,57,54,0,63,30,60,141,0,57,22,0,5
0,11,9,7,8,14,0,0,28,0,4,101,0,0,45,31,0,0,33,0,0,88,37,37,52,133,110,113,60,12,39,0
24,8,1,0,0,42,0,0,8,14,23,26,85,12,22,57,0,45,7,0,11,60,0,16,12,134,108,96,2,0,14,14
0,3,0,0,0,0,10,0,0,0,18,35,46,0,140,0,23,0,15,0,0,2,5,0,18,0,70,60,16,51,0,22
6,27,0,18,0,0,0,40,7,0,43,32,66,49,44,96,89,30,14,17,0,0,0,30,19,0,0,9,0,7,17,6
0,10,0,16,0,0,15,60,0,23,53,20,40,8,227,130,221,13,0,22,0,0,26,45,37,55,42,0,38,24,3,0
0,0,40,44,0,50,21,34,13,31,29,2,63,69,11,0,149,0,0,0,0,4,0,98,43,0,27,0,24,33,23,0
4,27,22,0,36,19,16,85,13,106,94,48,57,197,131,82,114,33,25,0,12,0,35,0,4,0,0,0,0,3,13,46
0,39,0,36,0,0,0,26,59,0,0,0,0,39,189,35,51,33,4,31,5,0,0,34,72,1,0,7,0,0,12,0
0,2,0,0,13,33,22,0,0,15,40,10,38,19,6,161,0,8,0,0,9,0,0,0,18,18,0,0,21,18,6,10
0,27,60,0,6,27,0,0,0,0,11,0,24,40,0,27,0,0,0,0,8,29,2,14,6,14,7,0,0,0,0,53
6,25,5,0,0,0,49,0,28,0,15,12,6,0,0,2,0,7,16,0,13,0,0,0,0,13,0,0,0,6,31,12
0,17,33,25,0,20,0,0,0,24,31,13,21,23,7,0,9,9,24,0,9,0,0,0,0,0,0,0,0,0,3,6
26,3,15,12,3,29,34,0,28,48,5,8,11,0,0,21,19,0,9,35,32,22,5,3,0,0,7,0,0,25,0,40
0,0,21,36,0,0,0,1,0,19,19,5,109,0,0,54,0,12,0,10,0,0,0,0,0,0,10,0,60,14,0,0
38,9,0,0,0,0,38,7,0,11,44,59,5,0,0,78,35,12,67,27,32,28,0,0,37,181,0,0,22,22,0,0
139,15,0,0,0,0,0,0,0,16,20,20,34,0,0,93,113,3,0,0,29,23,0,29,141,114,16,11,25,7,28,0
110,0,14,18,25,27,59,69,26,5,7,13,26,19,0,249,197,81,23,0,17,25,19,78,190,0,0,10,15,2,10,90
10,23,10,5,56,42,126,0,0,0,85,101,0,96,0,77,162,74,3,23,40,0,0,22,62,30,28,0,0,0,0,57
70,0,5,0,99,0,134,0,12,16,159,25,62,1,47,67,47,10,0,0,0,0,20,50,21,30,0,0,17,8,0,5
0,80,96,40,55,102,25,32,48,60,3,0,36,42,61,86,83,0,0,0,0,0,17,12,0,0,3,0,12,5,8,27
0,59,41,0,27,0,7,32,0,22,5,66,57,13,213,27,130,57,42,0,3,37,35,59,0,10,10,0,0,46,52,0
69,8,5,6,51,58,0,0,0,32,7,29,0,59,233,51,238,36,21,0,9,112,14,0,0,28,25,0,23,38,0,0
81,6,73,0,0,40,7,0,0,11,43,0,23,4,76,81,120,0,55,0,82,101,49,105,51,5,41,52,41,16,0,29
133,0,0,72,0,7,46,0,0,28,5,8,0,223,108,50,0,208,0,0,121,32,3,42,70,0,77,23,0,0,29,20
55,0,13,16,48,23,0,0,0,10,0,41,22,93,35,22,47,0,39,5,0,12,0,64,0,0,76,0,17,6,13,31
251,31,8,0,23,0,0,0,0,0,0,14,22,23,0,72,19,25,1,0,0,40,95,0,0,59,104,95,10,17,49,0
74,0,0,43,44,0,1,8,15,0,29,19,18,0,32,0,0,43,0,41,29,0,38,178,222,56,36,0,17,46,0,60
103,5,14,0,0,38,0,57,0,91,86,23,39,0,29,0,15,24,99,0,26,12,15,42,30,0,0,0,16,21,0,19
20,54,19,72,0,0,213,28,1,0,15,36,108,4,18,0,16,2,35,32,78,27,40,5,34,0,24,26,0,74,44,0
84,31,4,0,0,52,155,114,0,0,0,46,240,42,83,38,0,77,0,65,0,0,0,0,26,28,94,0,57,0,19,12
167,21,19,32,0,38,0,11,0,0,0,35,210,0,46,13,66,66,22,31,0,0,0,82,79,141,77,115,39,0,4,25
0,0,0,20,31,30,0,0,12,34,75,0,16,0,28,0,6,8,0,0,0,21,111,175,70,73,29,9,9,0,59,41
0,34,68,0,0,30,1,0,0,22,0,16,8,30,33,37,8,19,31,0,62,131,12,98,26,35,0,16,16,0,14,11
149,1,0,14,0,16,0,29,0,17,11,0,39,41,0,41,0,19,124,124,0,63,9,0,127,2,35,5,23,32,0,0
56,0,0,16,51,55,0,0,0,0,106,32,45,37,136,0,46,27,0,70,69,13,29,0,42,0,6,38,0,40,29,0
173,47,61,0,0,75,0,0,45,105,109,54,119,38,89,0,5,0,72,66,68,0,62,63,0,2,19,43,0,0,36,61
90,0,10,0,0,48,128,27,37,71,95,48,19,0,0,48,18,0,0,25,0,0,4,26,0,6,0,0,0,9,0,12
25,25,65,23,0,196,3,115,52,147,74,15,174,59,81,45,3,30,0,0,20,0,8,0,0,0,0,0,0,0,0,0
92,25,0,39,0,59,142,125,124,217,146,15,92,73,50,0,38,0,0,25,11,0,16,24,48,30,0,43,38,2,42,16
99,0,28,23,90,190,104,186,164,42,76,102,0,53,16,0,11,7,0,30,0,0,16,0,13,0,0,25,26,10,0,0
77,0,0,42,3,42,218,83,8,14,0,0,3,31,2,0,16,9,0,6,0,0,0,14,0,0,27,6,8,0,0,23
1,0,0,4,0,30,146,54,0,7,0,0,11,23,24,0,0,0,0,0,5,8,5,0,0,2,0,6,0,30,0,0
0,23,7,18,25,6,0,0,0,0,22,0,17,0,0,0,0,22,2,24,0,0,0,0,0,15,11,14,22,8,18,26
0,0,0,45,0,0,0,0,0,0,22,6,0,0,31,2,0,0,5,0,0,0,0,1,1,0,0,0,38,25,16,0
60,0,29,38,0,0,0,0,0,0,12,28,0,0,0,0,51,0,0,0,0,0,4,0,25,0,38,11,28,6,9,20
0,24,0,0,0,16,0,0,7,34,5,0,15,0,16,26,11,0,0,3,16,4,38,17,0,25,5,0,21,8,49,10
0,0,0,5,0,0,0,42,41,251,67,67,37,18,0,59,3,2,23,11,7,17,20,5,9,0,18,0,0,13,0,0
1,0,52,0,21,11,1,3,215,66,36,14,5,6,1,0,50,17,0,11,27,18,36,0,38,0,1,6,0,32,0,9
85,0,0,36,8,85,18,0,104,53,90,0,0,36,20,25,0,35,0,0,8,0,39,76,27,0,0,0,0,30,0,0
147,76,45,0,34,31,49,0,19,0,8,59,14,27,43,13,51,17,0,0,110,5,38,0,0,0,34,34,34,0,30,12
122,9,73,8,65,38,123,0,58,0,53,14,19,16,129,27,57,3,28,4,3,5,0,0,26,7,33,28,2,8,23,0
21,110,29,6,121,92,45,28,134,24,30,41,0,9,0,0,28,23,0,6,16,17,0,13,24,24,84,3,0,0,0,31
218,43,33,22,25,0,6,183,5,52,40,70,0,84,12,0,15,26,33,50,12,0,15,7,17,9,18,0,0,30,22,0
146,221,17,2,62,14,50,0,79,26,65,55,3,49,19,30,10,0,26,6,26,64,38,0,67,15,0,0,0,8,29,0
123,152,229,70,152,13,0,38,121,17,46,8,52,42,0,0,0,24,0,0,80,13,8,85,13,9,43,17,0,4,47,0
0,27,27,68,0,32,49,174,54,59,0,0,11,52,16,55,107,108,0,28,0,53,0,0,32,0,0,23,0,0,0,35
0,182,42,20,17,8,27,8,6,26,0,16,194,39,23,0,81,37,103,3,49,0,9,3,76,30,36,26,32,11,0,0
0,0,51,0,3,70,0,0,6,0,0,86,50,0,0,19,52,0,0,16,26,0,28,37,0,35,12,0,42,4,25,0
31,0,0,7,0,24,0,0,0,34,0,0,0,35,1,55,0,24,0,0,0,7,0,17,2,0,0,0,0,0,0,0
57,35,25,0,0,33,0,0,8,18,35,16,12,0,0,171,50,19,138,0,55,0,42,0,0,47,7,0,0,36,0,73
0,28,0,37,0,59,0,31,0,32,2,0,0,0,0,112,15,0,42,21,53,0,13,11,14,0,0,60,9,1,17,0
68,17,57,0,0,34,3,0,50,3,30,26,0,0,0,76,0,24,0,39,28,6,39,20,70,25,95,0,62,0,28,0
0,18,0,0,0,0,0,20,41,0,49,87,28,0,8,85,42,30,40,26,21,52,16,11,0,36,19,0,34,10,27,0
2,0,62,27,5,0,19,0,9,58,0,145,100,213,0,7,18,0,14,85,45,15,35,97,98,41,33,0,0,0,22,0
0,5,11,0,4,0,37,0,42,0,163,85,37,202,17,53,1,42,0,19,0,82,78,30,81,55,0,0,0,8,0,0
86,0,0,0,0,0,0,80,0,27,81,198,24,109,250,41,0,0,81,79,17,0,10,10,0,71,63,0,0,23,51,0
22,1,0,0,37,0,40,18,40,0,4,68,176,215,32,0,74,35,30,0,0,0,3,13,36,38,21,19,25,0,0,0
34,19,0,7,16,20,8,28,17,20,10,3,64,68,0,16,12,39,0,36,0,0,0,7,0,0,28,42,0,40,0,16
32,41,34,72,41,35,7,0,0,0,44,0,0,27,0,41,0,54,0,18,37,0,2,30,0,36,7,23,59,1,0,20
0,46,127,106,0,27,39,12,0,0,0,61,101,29,30,0,0,7,0,24,0,31,0,48,0,3,0,4,0,0,18,0
44,176,101,198,45,19,14,12,23,0,0,8,98,0,22,0,18,25,32,9,11,0,17,0,59,43,27,0,3,0,3,56
0,94,95,95,121,0,0,8,0,16,24,76,40,0,12,2,0,0,0,1,0,0,0,7,0,0,10,0,0,20,16,10
0,46,131,48,18,25,0,0,5,0,7,148,0,14,18,0,0,2,29,0,4,0,0,0,0,0,0,0,0,0,5,2
0,0,22,0,34,0,0,15,0,1,31,0,16,0,11,19,32,0,6,23,0,3,8,0,14,0,24,0,0,24,0,0
6,1,0,39,0,0,10,0,17,0,21,0,0,12,0,22,0,0,0,0,27,11,0,0,18,10,0,0,0,0,19,60
0,8,5,5,6,21,20,1,23,8,62,0,0,14,0,12,0,3,3,16,8,0,0,24,0,39,21,0,0,0,0,40
0,0,20,15,0,0,15,23,0,38,9,0,0,16,21,0,18,2,0,0,15,40,0,7,21,0,0,25,0,3,4,0
74,53,27,0,0,50,3,0,0,38,0,18,38,0,25,0,12,19,0,0,0,4,36,0,31,2,5,45,8,0,0,7
40,5,47,8,27,32,33,8,239,167,0,0,0,3,0,6,0,24,66,0,0,26,0,5,0,0,0,5,0,4,0,53
43,4,1,0,6,0,5,0,227,99,43,0,33,33,0,0,25,0,13,7,16,40,22,2,8,35,6,0,0,0,8,0
80,33,10,13,40,0,51,0,78,124,28,0,16,21,91,0,0,44,22,0,0,0,0,35,0,3,7,0,25,0,0,0
2,57,64,69,121,0,30,27,66,157,0,58,0,0,138,0,41,42,27,0,77,35,11,0,4,0,57,37,3,0,0,0
4,101,36,32,55,33,23,0,41,108,0,1,0,0,42,22,28,5,0,0,3,6,25,0,0,0,0,0,0,0,0,3
12,7,154,2,48,63,1,0,142,114,30,0,44,0,10,0,0,0,0,60,2,5,22,42,5,0,0,0,40,36,6,0
0,0,65,177,10,0,48,28,33,83,12,52,41,0,76,167,49,3,21,0,51,22,5,13,13,18,0,22,0,18,7,33
0,72,146,133,94,36,29,0,71,0,87,0,4,20,172,0,0,0,2,49,9,24,27,0,7,0,0,2,18,1,0,0
60,85,242,253,224,19,3,36,36,3,69,0,31,44,119,39,23,26,0,12,23,14,13,56,60,29,21,39,22,0,0,23
0,41,53,88,144,21,14,16,0,38,0,27,40,0,85,46,5,19,11,176,47,0,0,0,20,13,37,8,26,41,0,13
0,9,10,8,29,49,0,2,33,10,14,1,25,76,109,196,8,36,59,10,12,0,15,16,0,0,3,6,11,34,0,61
0,1,0,8,30,1,25,82,4,0,0,5,9,57,52,48,25,0,0,0,41,7,56,9,20,53,27,20,0,0,0,75
52,0,4,0,0,0,52,0,33,18,34,0,0,2,10,0,18,31,22,30,25,14,28,19,11,0,0,0,17,10,35,7
0,32,4,0,4,0,0,11,0,0,0,0,0,2,0,0,88,0,123,14,7,5,41,7,41,13,0,2,20,1,0,20
25,99,18,0,0,10,23,43,5,6,1,0,0,0,35,0,23,0,6,172,0,0,7,0,31,0,16,53,6,0,44,44
102,177,66,1,29,11,31,0,18,14,0,0,77,31,36,0,28,38,26,105,7,0,38,58,65,5,0,0,22,13,0,11
15,130,215,7,27,0,19,19,0,0,14,75,129,34,10,34,50,17,11,8,20,27,46,37,40,0,21,0,0,0,0,0
30,13,0,0,76,0,0,0,0,69,0,0,60,3,105,138,223,93,0,37,25,35,56,21,48,10,33,0,21,0,0,0
33,0,32,0,1,33,0,37,44,26,0,101,65,118,147,101,188,92,172,18,24,79,112,0,0,0,5,35,7,3,0,0
128,0,0,11,0,0,23,30,0,0,16,40,70,11,40,145,61,170,241,213,0,71,0,9,3,0,0,0,8,32,5,41
110,0,35,22,0,0,0,0,0,0,19,13,68,0,183,0,29,112,198,246,0,0,0,0,30,44,29,25,0,6,0,0
0,0,0,0,103,38,9,32,0,41,0,59,11,8,108,0,37,0,22,87,45,26,22,0,0,8,15,0,0,4,9,16
0,0,0,32,0,0,19,128,22,0,0,6,0,12,0,33,67,100,7,30,53,0,0,33,30,3,49,0,5,0,10,1
49,35,0,28,26,7,44,0,53,0,40,90,25,0,0,103,55,18,133,2,31,0,27,0,0,28,44,0,32,5,81,0
55,0,0,6,0,29,9,125,0,10,3,0,0,9,0,0,0,19,46,0,0,20,0,0,0,0,0,0,0,0,22,20
0,0,6,0,121,13,15,0,37,18,0,15,39,47,5,54,0,36,29,0,0,0,10,0,0,0,7,4,0,3,0,0
0,0,0,23,38,0,0,0,44,88,48,0,39,14,0,0,0,42,8,0,4,0,31,37,9,1,17,23,0,33,1,35
33,0,0,4,23,0,50,0,44,0,0,0,3,0,0,0,0,0,0,0,0,27,70,0,34,0,0,0,0,0,0,46
34,17,0,0,38,30,24,0,0,13,28,0,0,5,48,0,12,7,0,0,0,0,40,14,33,0,27,0,0,0,7,1
0,8,0,0,0,40,1,0,0,14,28,0,16,49,0,7,8,8,0,0,0,16,0,0,0,1,0,26,13,0,29,33
87,1,0,21,21,39,38,0,0,34,0,9,30,9,26,0,22,29,5,3,0,0,27,0,36,10,35,29,33,0,12,0
9,0,0,0,32,0,22,36,31,0,40,0,0,15,14,0,0,12,0,0,0,0,11,7,35,16,0,6,5,0,6,0
6,33,23,0,22,0,0,3,0,7,0,66,0,36,21,0,56,39,0,0,12,124,37,0,132,16,187,46,43,0,35,4
0,0,0,57,35,3,12,14,0,7,23,0,81,0,58,30,39,0,56,35,102,61,16,57,81,211,44,0,23,0,0,39
0,17,20,0,0,28,35,0,9,37,41,0,107,62,72,132,22,196,111,0,13,42,6,51,3,168,0,0,0,14,3,25
0,0,19,16,63,22,48,0,0,13,8,100,0,80,3,0,31,58,76,0,89,0,45,54,6,180,0,0,0,18,14,8
68,0,24,1,47,1,134,0,0,29,111,45,20,18,29,57,12,187,162,0,6,22,0,75,10,133,0,2,2,20,45,176
11,29,52,19,0,72,123,87,0,84,57,80,10,54,129,20,37,168,175,5,19,3,40,22,206,200,0,3,0,0,135,94
0,44,0,0,49,46,13,43,29,15,19,16,41,41,117,36,51,170,70,31,0,37,23,0,74,34,0,9,0,18,110,40
114,0,14,3,6,40,0,48,50,19,20,6,17,16,174,54,97,83,241,0,35,51,81,68,28,8,0,0,6,0,137,0
0,0,0,25,42,30,0,16,5,9,3,55,20,135,95,4,69,72,209,0,15,43,37,126,64,42,0,0,38,121,29,0
0,10,55,0,0,32,0,1,14,10,0,0,14,0,50,67,57,40,60,0,49,0,119,23,114,31,25,7,74,106,20,29
193,13,1,4,8,14,11,2,12,23,0,0,0,27,0,0,23,15,74,16,27,0,5,0,10,0,0,52,179,50,38,0
0,13,0,0,0,8,0,0,0,13,0,12,124,6,0,0,0,12,0,0,42,21,52,50,6,23,18,35,240,0,39,29
0,0,7,45,0,0,0,0,24,0,0,105,20,0,34,0,32,0,0,27,0,0,12,23,9,42,0,20,0,0,45,34
0,29,11,0,0,0,43,0,0,52,72,131,176,0,0,42,0,0,175,8,6,0,0,1,0,28,8,66,12,0,41,71
142,0,0,13,29,0,65,14,0,18,11,230,246,25,14,0,0,21,16,138,0,29,0,0,44,0,0,47,0,27,28,17
56,3,9,14,0,28,0,0,0,35,0,0,0,24,0,0,0,49,68,166,4,18,198,48,19,0,0,0,0,0,0,2
0,17,0,0,18,0,0,0,5,13,0,26,0,0,5,101,2,75,65,5,21,57,7,0,21,12,0,22,7,211,12,67
0,29,43,23,0,22,0,0,32,15,0,0,18,24,26,99,33,32,0,78,8,83,0,65,21,34,29,0,13,19,21,32
77,0,9,0,0,5,42,0,0,31,38,29,10,87,10,68,19,2,0,33,10,74,124,40,90,180,0,40,0,0,5,0
0,0,0,9,0,0,19,32,0,0,0,0,0,27,0,42,1,47,46,103,12,145,0,0,65,81,0,0,4,10,19,0
0,0,16,0,0,0,0,0,0,21,24,58,66,59,149,66,174,75,33,38,0,23,0,44,27,17,0,0,0,0,0,0
0,36,0,31,0,0,0,0,11,21,0,20,16,163,51,91,180,0,0,5,20,0,0,16,0,0,36,0,12,10,19,0
0,0,0,0,0,0,35,0,0,40,18,4,0,0,67,232,210,32,0,0,0,34,31,35,0,26,0,0,0,0,20,22
0,0,18,37,0,2,0,4,0,58,71,10,76,191,217,67,14,9,0,0,14,19,35,24,0,0,12,3,0,10,0,4
0,38,4,0,0,9,4,41,0,16,26,53,0,174,56,30,16,14,10,27,54,38,58,0,7,0,0,16,17,0,0,0
56,11,50,0,49,0,8,0,1,0,21,0,0,41,153,87,5,13,5,0,38,8,18,5,0,0,6,0,0,0,14,39
0,24,0,0,0,0,18,6,0,0,0,27,0,0,9,43,0,0,12,7,20,0,0,10,0,30,0,0,0,18,1,17
0,16,2,0,2,0,0,0,0,16,0,1,0,0,0,25,0,0,32,2,31,39,16,0,0,31,20,2,29,0,45,35
13,0,8,0,0,20,6,7,0,0,4,29,0,34,0,0,0,13,0,1,0,5,24,24,0,0,0,12,10,0,3,0
13,31,0,0,0,0,0,55,18,27,0,0,23,0,15,45,0,19,11,31,24,10,6,3,0,0,0,0,11,24,14,11
0,0,1,9,15,4,0,25,24,33,24,41,0,0,0,0,13,11,0,0,23,0,0,1,2,0,0,1,3,0,27,0
61,0,40,0,60,0,0,32,0,0,0,16,0,0,0,0,17,0,0,0,0,5,0,0,0,9,0,0,22,30,0,23
8,34,36,0,8,6,0,0,27,54,90,20,86,0,0,11,11,18,27,0,0,10,16,0,74,74,69,0,0,0,47,63
0,0,27,20,45,0,18,19,28,0,26,0,73,53,17,95,41,18,0,31,9,17,0,60,10,96,0,0,0,33,0,0
81,4,53,12,0,30,58,3,44,31,0,1,43,0,59,49,73,56,34,25,0,0,49,243,87,100,29,16,22,14,5,23
13,14,0,17,42,0,59,30,72,29,76,50,0,0,93,19,16,206,75,52,155,0,26,45,34,52,0,27,0,0,0,9
34,0,0,53,0,22,44,21,26,31,104,0,1,11,77,106,10,52,59,6,0,21,134,45,113,0,15,0,0,0,49,8
0,8,41,5,0,118,37,97,0,0,21,40,0,74,202,54,75,10,186,49,0,105,0,21,0,0,0,5,33,19,30,5
60,8,47,3,47,16,65,36,43,65,26,35,13,120,6,67,101,147,50,40,90,88,38,106,32,16,24,21,65,25,31,0
30,7,0,0,40,47,0,0,0,31,14,7,114,20,29,30,130,59,85,0,81,38,52,0,3,0,61,0,99,0,0,0
0,5,14,25,0,16,34,68,36,0,0,0,194,139,157,0,116,0,14,199,127,57,98,34,0,45,0,0,0,19,0,0
0,19,9,0,9,10,26,7,7,0,50,51,163,0,106,31,11,0,81,10,107,60,0,21,57,82,74,0,20,5,0,0
0,0,19,0,0,0,0,0,37,34,1,0,33,43,0,0,0,16,84,0,68,14,15,11,38,9,0,15,6,22,0,0
0,0,28,10,0,0,0,0,0,36,6,2,0,0,43,0,0,0,63,0,0,227,59,42,2,52,94,0,40,16,0,0
61,0,0,5,0,0,11,38,45,1,82,0,0,0,3,3,0,22,0,2,0,134,4,0,7,0,54,12,22,20,28,69
0,0,37,40,0,36,18,45,0,55,45,18,10,0,2,34,0,18,66,0,0,0,6,23,7,0,1,0,37,24,0,22
0,13,0,36,49,50,129,12,0,0,0,35,5,0,0,9,5,5,30,58,54,0,38,15,6,0,22,51,0,10,0,0
0,39,0,0,69,7,8,0,0,0,49,81,21,7,56,14,22,78,20,0,0,0,48,105,40,2,88,1,40,38,25,12
0,0,0,46,0,0,0,0,0,9,0,9,0,35,153,70,41,0,0,93,0,45,0,76,92,100,70,0,2,0,42,87
0,0,0,0,4,0,6,8,2,0,0,16,0,0,0,0,0,24,136,81,62,12,113,113,5,0,0,30,0,0,0,14
0,7,8,2,0,8,0,0,0,19,13,0,36,35,25,0,0,41,113,74,16,108,28,56,23,1,0,0,0,0,29,1
0,0,34,0,19,0,4,4,41,0,0,0,24,0,0,130,0,46,64,85,0,90,17,0,97,0,32,0,30,0,0,36
0,32,9,0,0,12,2,0,18,0,0,4,115,63,185,11,0,63,0,88,16,0,0,12,11,0,3,3,17,45,0,24
0,0,5,33,0,19,11,42,52,45,112,72,101,159,173,0,42,13,0,51,0,0,32,23,3,23,65,21,0,19,58,0
0,0,15,26,8,51,62,125,0,49,28,70,0,46,0,20,13,63,16,0,0,0,0,0,0,14,0,9,0,2,0,10
0,18,0,29,82,92,12,51,6,52,89,104,123,66,0,0,11,4,0,0,8,2,0,0,0,0,69,0,2,48,0,0
0,0,16,41,16,177,99,186,27,107,80,117,96,24,15,0,0,0,0,4,8,0,62,4,37,0,9,35,1,5,0,0
0,0,0,12,208,133,33,36,28,1,33,31,21,0,0,29,13,0,14,37,0,0,0,8,2,0,45,31,0,0,0,0
0,0,0,20,154,55,30,0,0,27,0,0,0,31,24,0,0,0,0,0,0,0,0,36,0,0,23,0,1,6,1,0
0,0,0,0,67,0,23,0,14,32,15,55,8,18,4,64,15,0,14,0,0,46,4,8,3,0,16,0,0,34,44,0
0,26,26,22,17,0,13,16,0,0,10,0,0,4,18,8,26,0,44,4,21,0,30,2,23,0,0,0,0,0,24,32
0,13,0,0,1,29,0,11,0,25,2,0,0,10,9,2,0,9,28,0,0,6,0,0,0,0,0,36,0,13,0,0
105,27,8,43,47,0,36,40,0,21,0,0,24,42,31,4,0,17,0,0,0,0,0,0,0,13,0,36,5,0,3,0
0,1,2,0,0,38,0,0,0,137,32,0,41,5,16,0,1,0,23,0,0,0,0,24,0,0,0,0,22,4,41,34
0,17,0,0,0,5,0,0,35,249,104,20,54,68,6,100,5,16,32,0,8,29,7,0,21,0,0,1,52,7,35,5
0,29,0,0,0,49,3,0,120,168,110,57,117,0,85,152,30,28,56,0,38,8,0,0,33,0,0,23,20,0,61,14
0,8,5,0,0,38,40,16,117,132,48,9,19,58,13,175,28,10,0,57,0,27,56,24,2,0,24,7,28,0,0,0
0,99,85,55,9,79,0,16,42,0,20,119,0,47,211,51,54,15,43,80,26,8,0,9,0,0,68,0,20,0,77,12
0,130,10,117,0,33,98,44,61,82,126,47,19,35,130,54,15,9,14,0,20,3,53,0,0,0,0,0,0,0,15,56
0,65,186,46,35,156,32,120,102,48,39,0,11,37,56,6,31,36,0,55,0,12,10,4,0,13,0,22,5,0,2,20
0,150,168,0,101,6,0,68,0,25,100,101,18,127,64,91,16,67,12,7,46,26,0,5,12,0,36,0,1,11,0,11
59,175,226,37,47,42,131,17,227,0,0,57,0,59,85,14,15,56,27,36,6,0,0,49,21,0,0,41,28,0,0,0
9,118,186,166,99,69,37,91,191,10,50,19,0,195,31,57,13,50,0,16,57,0,0,16,0,11,13,0,13,25,0,11
108,108,43,72,7,65,14,36,77,21,0,3,4,0,48,0,67,230,35,8,63,32,0,30,46,7,26,53,16,0,12,101
0,0,253,41,0,0,1,54,11,0,0,0,55,44,0,19,102,48,49,0,5,31,0,22,20,4,42,0,0,0,0,0
81,32,0,0,0,0,0,33,0,0,8,0,99,11,0,0,73,15,24,25,0,0,48,0,0,4,0,63,22,22,0,0
58,9,0,0,0,59,0,0,56,0,19,43,7,0,0,69,213,30,8,0,41,0,20,0,0,21,0,0,0,0,0,6
46,0,0,5,0,15,7,0,0,0,0,0,0,0,1,104,61,0,40,15,0,0,0,2,0,24,44,16,34,0,0,12
0,44,40,0,0,51,0,0,7,0,0,40,0,0,16,87,146,40,11,49,20,0,39,9,16,1,71,0,0,27,0,0
0,37,0,0,0,34,0,0,214,0,5,0,0,9,45,44,45,19,0,60,0,20,32,41,45,0,0,48,12,0,31,17
0,0,9,0,11,0,0,23,30,54,0,176,25,9,56,64,49,123,0,0,0,53,12,34,0,0,70,0,0,8,0,0
22,56,1,18,27,27,23,19,0,16,58,234,3,214,48,5,17,0,26,59,42,65,112,9,5,48,32,0,33,0,0,0
0,56,7,0,65,0,0,0,28,0,138,213,203,102,155,54,10,50,24,45,51,97,71,25,0,78,11,18,60,11,48,46
33,0,0,2,0,0,0,37,9,17,21,117,132,52,172,79,29,14,68,76,0,126,5,3,0,0,0,0,0,5,41,0
84,4,0,18,6,9,33,0,26,0,0,53,169,109,204,39,46,26,0,31,0,0,0,0,9,21,0,8,0,0,0,0
0,4,0,0,45,0,20,0,0,0,0,0,152,142,4,0,66,0,49,44,56,0,0,14,0,21,0,0,16,13,15,0
0,38,25,68,0,44,24,0,30,99,83,16,0,8,11,5,0,44,0,40,34,7,9,22,0,0,0,0,35,0,0,5
14,43,149,61,0,72,18,29,0,19,0,8,132,102,0,0,0,0,22,0,0,5,30,11,0,19,0,30,0,21,0,30
21,102,108,84,43,32,8,27,0,0,24,37,26,104,22,0,28,10,0,13,9,37,3,0,0,1,0,0,0,0,0,21
0,21,86,0,9,31,2,0,16,0,29,71,44,10,71,17,30,0,2,5,0,10,0,7,13,8,29,0,23,0,19,2
0,0,45,3,21,0,8,0,6,0,19,66,21,7,0,0,24,3,21,0,0,1,0,13,0,0,31,1,0,10,2,0
22,0,0,0,1,7,0,3,16,0,17,30,16,0,7,6,0,2,0,0,22,0,5,0,0,0,0,0,10,2,0,0
0,4,0,24,0,0,3,0,37,32,17,0,26,0,0,0,0,20,23,0,2,44,0,42,0,0,0,9,0,0,0,0
1,2,0,0,0,6,0,0,16,12,6,0,27,10,0,0,5,0,0,0,0,0,0,0,0,6,0,0,4,0,24,0
43,3,20,16,51,23,17,34,22,0,3,28,32,0,0,12,0,10,0,8,0,0,37,11,6,13,0,0,0,0,0,38
0,0,3,0,0,4,0,0,0,11,0,0,5,14,0,0,8,19,17,0,12,4,35,16,0,45,29,20,19,0,48,18
0,16,4,0,18,36,3,0,0,70,23,60,50,0,0,0,7,21,0,6,25,16,3,10,0,0,0,0,0,20,0,0
18,0,48,16,0,10,0,8,55,31,69,28,124,0,8,54,0,75,0,0,0,17,2,7,12,0,0,0,0,0,0,44
95,19,56,0,1,14,38,0,29,2,125,38,94,0,54,0,27,51,4,0,3,0,41,25,42,0,0,0,13,6,26,1
0,0,14,57,24,42,183,0,35,0,38,124,9,63,0,0,59,84,17,110,22,0,16,0,0,26,0,33,0,0,0,0
157,0,0,86,109,6,8,66,17,43,71,45,98,23,0,0,43,0,0,17,0,0,49,0,28,0,0,17,0,15,2,1
0,21,4,0,39,81,70,97,20,95,101,45,31,31,70,39,55,8,34,19,9,0,0,0,0,25,47,0,3,0,0,12
56,0,0,0,48,52,8,37,97,27,12,176,35,58,61,1,10,55,5,0,12,0,32,0,26,12,22,0,0,0,23,0
0,31,0,0,118,110,47,121,149,81,0,0,12,36,42,9,64,0,47,0,8,0,0,31,9,0,30,0,59,30,0,0
76,7,45,17,63,90,100,157,12,59,30,80,0,110,107,45,23,22,0,70,17,0,8,0,9,0,0,50,0,0,0,14
0,0,0,93,78,12,104,45,30,185,36,0,118,17,95,107,70,76,44,16,19,1,35,16,36,0,0,48,9,2,2,0
91,12,0,0,2,139,17,67,61,0,32,13,5,15,25,0,50,24,90,95,108,0,0,15,0,6,31,0,29,0,10,0
0,0,16,50,0,0,17,18,0,0,0,0,0,14,0,40,99,16,68,23,3,36,39,23,0,53,0,0,0,51,23,0
0,0,23,20,10,0,16,79,27,0,0,0,34,32,0,21,18,32,23,43,18,41,0,7,25,7,0,0,0,13,10,46
0,56,30,0,3,25,9,0,0,0,0,0,29,32,0,0,15,0,0,0,0,18,6,14,36,0,0,0,46,1,23,0
69,73,89,77,130,160,186,0,0,20,0,0,26,0,12,16,0,0,6,20,76,27,0,0,6,41,16,3,0,0,1,24
0,34,15,217,34,0,129,82,21,17,0,116,158,112,0,17,37,117,0,4,0,25,56,27,69,0,21,0,13,24,0,0
70,0,0,32,29,19,5,0,0,0,26,80,23,152,0,56,0,3,0,5,17,25,24,0,0,17,18,0,0,0,0,69
0,0,0,29,29,8,14,0,0,14,0,34,11,96,33,13,64,0,120,62,50,0,27,0,10,0,29,0,24,23,0,0
0,17,0,0,7,0,0,20,39,0,17,78,34,66,87,1,26,38,69,24,92,125,62,0,0,58,26,0,35,8,53,18
0,0,0,0,0,6,18,24,4,0,5,0,32,21,2,48,0,0,60,0,18,24,0,0,13,0,35,0,0,0,6,0
0,37,0,0,0,0,0,0,26,0,1,69,119,59,119,31,45,0,0,43,0,0,86,141,0,7,0,0,21,0,59,0
0,0,0,0,0,0,32,42,50,0,0,25,0,27,118,26,17,16,8,1,29,0,0,0,3,0,0,0,0,0,2,0
0,7,0,57,0,0,0,24,11,0,3,114,32,0,0,46,7,14,0,3,9,36,0,0,0,0,22,28,48,30,29,0
0,0,5,0,0,18,13,22,0,35,34,120,140,61,16,21,0,16,0,0,0,3,0,3,0,23,10,0,29,9,0,0
103,0,0,14,14,0,24,9,44,0,22,150,46,9,39,43,20,0,0,0,0,1,0,0,0,11,0,0,0,0,0,0
3,0,12,0,76,0,0,55,29,0,50,131,84,75,43,0,0,20,0,5,41,34,0,9,0,0,9,2,15,31,16,0
0,0,0,0,10,19,0,0,0,0,0,10,160,221,84,0,13,24,0,0,9,74,54,0,13,0,50,59,21,0,0,20
0,0,11,13,16,32,18,0,25,10,29,0,2,2,0,6,0,0,11,12,21,73,21,0,0,21,0,9,0,0,0,58
27,0,16,0,0,32,22,1,0,26,27,0,22,0,8,16,6,16,2,9,7,6,37,22,0,0,0,2,0,30,0,0
0,0,16,0,0,0,16,0,18,11,29,0,23,0,0,0,0,12,0,0,0,3,6,24,0,27,3,7,0,20,0,0
0,40,0,0,0,16,0,0,2,9,49,0,22,0,11,0,0,8,0,0,6,7,0,32,17,0,8,4,0,29,0,2
27,0,0,6,0,16,30,0,63,0,10,50,25,0,1,7,45,24,29,18,0,11,0,32,5,0,16,0,5,21,0,28
0,0,0,9,52,0,1,0,9,0,0,19,31,22,0,54,0,70,35,5,3,22,22,0,6,13,0,0,31,21,0,5
36,0,0,44,58,0,58,76,0,0,34,40,109,43,7,47,27,21,65,5,178,11,0,0,35,0,0,88,181,14,0,27
0,0,0,29,0,53,66,0,0,0,30,23,62,53,67,97,10,46,45,0,51,22,0,19,0,91,61,151,22,0,0,0
0,0,41,0,35,22,10,25,38,16,115,101,9,16,28,6,187,53,64,149,149,211,3,35,55,63,51,62,28,0,0,58
25,6,31,23,21,72,75,25,0,18,104,33,74,39,0,48,42,87,46,0,25,83,25,24,34,14,194,91,12,25,0,18
15,0,52,5,54,11,27,44,81,18,12,0,4,103,51,0,12,0,189,125,166,176,0,4,26,0,80,211,0,0,0,42
0,0,34,0,1,0,0,5,6,42,36,57,27,155,55,101,56,86,0,86,79,30,3,20,11,33,60,142,0,11,0,0
33,0,0,21,27,0,42,0,123,28,24,0,60,36,60,33,81,8,50,208,39,0,0,0,5,57,111,0,0,7,3,26
0,0,0,26,42,15,28,2,36,18,115,7,35,46,92,0,72,17,29,158,15,1,0,0,51,69,77,3,28,13,11,28
0,24,13,0,22,0,24,9,37,0,0,0,0,16,0,0,42,37,19,7,209,27,15,10,41,117,210,28,0,0,124,92
0,0,26,0,0,57,0,2,0,12,19,0,0,0,1,30,0,26,116,57,0,0,35,13,38,120,1,3,38,87,169,23
0,28,0,0,0,0,0,37,0,0,0,23,0,97,12,0,24,3,7,27,39,0,19,0,2,39,16,0,74,43,79,0
61,0,0,25,0,0,21,59,0,23,0,43,0,119,179,21,0,0,12,28,0,4,0,0,0,1,81,0,76,56,99,0
57,18,0,2,0,0,0,32,29,0,60,47,44,52,165,16,0,15,9,14,0,22,10,0,7,7,2,0,24,49,2,2
101,5,25,0,9,16,48,15,0,40,0,58,0,107,231,0,26,0,44,47,137,7,0,30,44,0,0,0,0,20,0,25
54,0,39,38,31,0,27,22,35,3,0,13,0,86,58,0,0,6,0,226,104,0,0,0,64,0,0,4,0,8,0,0
0,0,19,10,6,7,0,0,0,15,46,20,0,19,0,2,0,1,0,201,37,26,6,87,18,0,0,0,0,0,39,23
98,32,0,0,0,13,12,0,0,0,10,14,0,0,9,0,0,0,5,75,43,23,71,133,68,42,0,23,73,0,58,54
122,33,50,0,0,0,0,0,7,0,10,56,0,0,0,80,0,57,106,19,49,98,18,46,1,19,1,61,0,0,18,6
38,0,0,0,0,0,0,27,0,0,0,42,0,0,0,57,9,0,75,80,4,117,0,10,124,59,77,43,4,0,18,0
28,0,0,1,0,19,0,0,0,0,13,38,31,42,142,0,26,11,100,34,19,0,0,0,0,27,0,0,0,0,0,3
114,9,0,29,0,0,4,16,0,0,19,23,0,4,217,34,80,3,34,40,0,0,10,8,29,6,10,0,0,10,0,0
54,0,26,43,14,0,0,0,39,26,4,46,45,41,83,191,206,116,72,29,0,0,22,0,0,0,0,0,33,12,0,0
8,14,22,72,29,0,31,45,0,0,0,52,68,70,37,42,17,0,31,25,0,20,0,0,0,5,0,0,0,33,23,0
50,0,0,46,0,0,0,47,19,7,11,38,0,0,212,48,0,9,2,0,0,0,0,16,0,32,0,0,0,0,0,13
0,0,14,2,16,1,0,0,0,0,1,0,0,0,22,0,0,8,6,16,14,0,0,0,0,0,28,43,12,0,7,0
4,0,12,22,18,0,0,21,0,0,0,16,21,11,0,0,0,37,0,0,0,25,13,20,4,0,11,0,0,20,35,0
0,19,31,0,0,19,12,0,8,0,0,0,23,0,0,0,33,0,24,22,7,4,0,0,0,13,0,0,0,45,12,17
3,24,0,0,20,0,0,7,47,0,50,0,27,26,5,0,10,0,0,12,18,10,0,13,8,0,19,17,0,0,17,16
0,22,17,0,9,0,0,0,26,0,0,0,29,9,0,0,0,0,0,0,19,7,2,0,29,0,0,0,19,0,0,0
49,0,28,5,1,0,0,3,0,61,0,0,0,0,17,0,4,0,37,18,0,28,8,18,18,0,38,0,0,32,0,1
85,31,20,0,38,0,2,37,7,0,0,18,23,2,0,26,21,31,8,0,0,25,0,0,0,0,1,0,16,0,0,0
0,0,0,0,7,45,0,0,0,5,38,16,37,24,0,0,0,8,13,0,3,0,48,0,0,20,0,0,0,3,24,33
95,0,36,40,0,0,0,1,17,11,0,12,2,13,25,0,1,52,18,35,0,54,21,76,0,42,0,7,0,0,0,9
107,0,12,2,0,0,41,0,50,23,25,17,7,9,110,13,156,223,39,0,0,38,69,59,66,87,54,20,0,0,22,9
111,0,3,19,32,62,14,0,0,20,7,1,173,157,5,119,92,159,56,38,67,0,33,34,41,126,45,0,4,0,0,30
0,17,49,37,37,27,0,49,0,0,80,74,60,149,151,100,109,132,33,38,79,16,5,40,87,0,0,0,32,48,0,9
0,48,2,0,0,44,61,79,72,36,0,196,12,136,180,34,101,2,42,23,0,0,0,0,29,21,0,46,26,1,7,0
0,6,46,25,26,2,52,82,16,14,79,104,180,174,211,180,0,87,40,30,42,21,13,83,10,0,0,2,0,0,0,25
0,0,0,4,46,28,23,24,0,0,124,193,72,185,65,0,48,37,0,0,47,46,11,12,0,0,0,12,0,0,0,21
0,23,0,25,29,0,17,32,13,71,155,180,242,201,144,0,48,44,48,118,23,0,96,18,0,27,0,12,47,22,0,0
83,0,27,23,3,0,0,0,0,128,172,43,129,71,101,119,108,114,45,31,32,0,0,12,27,23,81,35,0,0,0,6
0,0,36,4,2,19,20,0,27,30,28,41,28,14,55,15,18,17,0,192,14,40,0,0,2,0,0,22,0,25,5,0
98,41,78,0,0,0,64,31,38,15,54,0,8,0,38,56,31,8,246,85,123,0,64,0,15,0,46,0,37,24,17,14
112,21,0,0,0,0,0,70,10,22,9,79,27,38,0,25,0,5,219,16,94,11,0,15,0,0,55,0,7,5,4,32
78,51,15,76,87,84,29,0,39,84,127,6,43,0,48,15,0,46,0,0,21,7,23,0,63,12,0,0,0,0,22,76
139,16,167,26,205,136,0,26,0,45,0,13,0,5,0,0,0,1,0,94,17,81,47,7,34,0,0,7,0,8,0,0
100,0,64,58,55,44,0,66,105,23,0,24,40,21,9,0,0,0,36,19,57,66,66,70,18,0,0,32,7,0,0,35
0,0,183,56,0,25,10,40,0,0,0,0,244,34,0,0,0,8,6,104,44,85,38,4,0,50,27,61,0,8,5,0
139,46,4,0,10,52,0,1,0,0,0,28,11,0,0,68,58,0,27,0,61,0,62,190,86,0,12,0,79,8,27,0
0,0,0,0,0,25,0,0,7,27,2,0,0,0,14,219,108,43,0,31,0,122,35,61,38,46,0,26,0,0,0,0
92,0,0,0,0,52,21,21,0,0,0,7,0,34,16,209,0,6,39,107,42,165,102,0,89,48,67,0,0,3,0,0
0,0,4,0,0,11,0,13,33,32,24,0,1,54,12,39,235,5,4,0,0,0,0,27,18,33,39,0,46,0,0,5
0,16,0,31,0,0,12,67,9,0,0,0,9,90,0,0,126,0,45,60,22,0,81,24,50,9,68,8,48,19,35,0
16,46,39,0,0,0,37,25,27,4,14,78,0,0,0,16,64,55,34,8,1,0,3,0,0,12,4,0,35,0,53,10
7,0,3,54,0,63,1,30,67,36,27,33,60,78,13,84,21,0,13,18,3,0,13,0,0,38,0,0,3,0,25,0
0,10,0,13,36,28,0,27,0,0,30,55,32,0,54,40,0,32,15,0,26,5,17,0,0,0,0,0,0,18,1,17
16,0,114,66,46,0,5,0,8,0,23,1,0,0,44,2,48,0,14,0,8,0,0,0,0,0,0,0,2,0,6,21
0,0,10,68,22,22,0,0,0,4,65,0,18,0,0,0,0,0,0,21,18,0,0,0,0,0,0,30,0,1,0,4
48,0,19,0,0,0,0,15,0,8,0,0,0,0,0,0,16,25,0,0,0,15,0,0,18,0,0,18,0,11,0,29
0,0,32,17,5,0,0,0,12,17,36,21,0,3,0,4,36,0,0,0,29,6,0,17,7,29,5,0,15,13,0,3
19,0,0,0,10,0,7,6,24,0,0,13,24,0,0,0,3,6,0,5,9,0,34,0,0,1,0,17,9,0,46,11
0,18,0,2,24,0,9,7,23,14,27,68,63,25,35,0,23,33,10,51,1,13,15,16,5,5,0,0,0,36,16,33
5,23,19,0,51,14,16,10,9,32,0,0,0,44,0,0,0,18,0,0,0,48,60,0,1,0,0,1,0,11,0,95
35,24,28,0,0,29,0,131,225,40,61,24,50,76,31,85,9,53,0,12,0,0,6,30,29,0,0,6,0,29,42,0
20,29,0,12,16,0,27,87,147,35,81,84,103,0,59,71,44,35,0,51,25,19,4,0,10,14,0,3,0,0,0,0
64,1,19,0,0,0,18,210,148,64,12,66,108,87,0,108,29,41,0,32,5,0,9,37,73,0,0,17,5,0,40,18
143,9,52,31,82,72,63,19,58,52,97,98,126,155,90,37,121,67,3,48,114,36,80,71,51,0,0,0,0,8,0,9
40,187,140,105,107,81,125,73,23,34,176,122,186,12,32,73,37,73,31,0,34,9,34,8,3,8,0,0,0,4,0,0
0,153,65,45,90,147,8,103,138,65,24,14,10,37,112,32,43,20,96,5,0,0,0,26,0,0,0,57,0,31,0,0
32,21,176,14,121,25,59,58,43,10,83,133,55,84,68,3,95,77,0,10,16,37,0,22,0,0,0,18,10,0,30,70
0,253,136,0,97,82,209,22,30,36,46,0,47,13,23,0,24,10,26,14,0,0,48,0,15,5,6,12,19,20,0,0
0,119,205,83,112,95,82,170,22,0,0,127,83,77,40,44,9,7,10,46,65,0,0,33,0,8,0,0,20,5,0,42
0,140,121,3,10,19,60,110,4,0,0,79,11,0,0,83,0,43,1,17,45,0,33,1,0,54,33,0,0,15,0,49
84,98,61,90,43,0,6,48,0,0,0,224,0,18,54,0,5,0,61,0,0,0,5,18,39,35,0,34,0,0,19,80
0,0,19,8,42,22,0,22,37,5,13,18,27,23,36,15,0,24,3,0,31,16,52,0,0,0,29,61,44,0,0,0
28,3,0,30,0,0,0,22,5,0,35,27,0,0,21,17,51,38,6,16,2,21,0,0,0,0,0,0,0,0,0,7
52,8,0,13,26,0,0,64,14,0,21,3,34,48,18,0,0,22,48,36,62,0,0,0,31,27,0,0,41,0,5,36
0,0,0,20,0,5,27,0,13,42,27,0,0,34,135,0,139,4,22,0,33,0,0,0,0,3,0,0,0,0,0,45
21,0,0,0,18,35,0,0,2,16,66,5,0,43,87,0,32,50,0,52,0,0,24,17,51,0,0,7,35,24,0,0
0,15,0,7,23,0,10,0,62,81,17,13,8,0,15,37,49,57,36,0,64,38,0,26,28,5,56,0,35,0,23,0
86,0,10,36,56,30,20,0,14,79,33,239,146,17,43,83,129,29,27,14,10,39,0,132,0,0,0,0,0,18,0,45
0,0,0,29,0,0,3,0,0,35,36,109,53,95,68,55,27,20,61,0,0,84,56,6,32,19,0,95,8,0,19,0
70,0,0,29,0,0,0,8,31,0,11,112,218,0,0,16,7,12,28,136,30,16,0,28,67,0,64,16,50,0,0,28
99,5,0,0,0,0,0,0,9,0,71,114,132,37,173,3,26,4,30,0,42,26,29,0,70,7,0,8,18,0,48,0
0,0,7,0,0,0,0,0,12,16,0,3,9,35,110,3,33,0,32,46,4,10,2,10,0,0,0,40,0,0,0,0
0,0,0,0,0,0,0,30,0,0,0,0,0,34,0,10,65,123,0,0,23,0,21,23,0,2,0,0,19,16,0,0
0,0,36,20,4,76,0,7,33,15,50,12,33,73,0,0,0,0,0,0,0,12,0,54,0,11,10,0,0,0,0,54
77,15,0,14,5,50,0,0,0,37,41,7,35,0,0,11,0,0,0,14,12,16,0,6,0,19,0,0,7,2,18,0
0,13,41,31,23,0,0,13,4,0,26,0,0,26,60,0,36,0,22,0,0,40,2,0,33,22,32,0,64,11,0,0
0,0,33,23,0,11,0,8,34,20,0,0,31,0,9,0,34,20,15,0,0,0,0,0,0,0,0,0,0,2,9,26
0,0,0,35,66,0,0,8,0,12,0,0,15,22,0,42,53,0,23,0,8,0,0,38,0,0,13,0,5,12,0,0
21,0,36,0,21,0,14,0,31,0,0,28,38,0,18,0,29,34,0,0,34,23,16,0,17,0,0,16,0,0,0,0
6,27,18,3,10,12,0,0,35,36,0,8,9,0,0,9,4,0,0,35,3,0,19,0,0,0,0,0,31,0,3,13
50,0,13,0,0,0,33,0,36,0,0,33,24,0,0,6,43,17,41,0,26,12,33,21,16,0,35,16,16,20,10,0
8,0,0,0,0,0,14,5,13,34,0,0,13,0,0,41,18,8,0,0,0,2,0,7,0,18,0,45,0,0,30,0
0,0,20,16,48,23,38,0,0,66,15,19,0,71,0,99,8,26,12,0,21,0,0,35,43,9,0,12,0,2,7,1
1,5,15,0,32,0,0,83,0,2,71,54,120,34,87,140,62,0,7,45,10,13,0,55,0,0,40,39,0,16,0,0
0,16,8,29,0,48,60,58,62,6,67,45,79,41,69,189,119,0,38,48,32,12,13,34,0,12,35,2,30,0,27,20
0,2,39,40,94,217,52,126,126,189,194,170,0,105,48,30,25,0,40,83,114,0,50,23,14,43,24,1,0,0,17,25
0,0,53,31,147,97,142,127,151,128,193,238,20,0,13,55,145,5,31,16,95,46,66,2,10,0,0,0,35,73,6,0
0,12,3,116,8,95,62,182,180,21,161,69,17,0,120,3,35,84,40,44,0,0,0,0,0,0,0,9,0,37,0,32
0,17,41,33,139,48,103,102,128,73,95,152,11,4,77,60,100,162,1,0,7,33,22,47,25,0,12,13,0,0,1,0
9,23,53,17,77,116,46,82,18,169,18,22,254,16,183,17,140,91,45,0,2,12,0,14,4,0,21,4,0,0,38,15
0,9,0,51,97,50,73,89,7,45,80,14,101,161,73,78,59,99,204,0,58,44,0,0,0,0,0,2,19,10,6,12
18,0,2,0,25,94,47,0,63,11,85,3,77,46,10,59,65,179,245,176,23,0,5,0,0,24,10,0,0,5,29,25
130,26,0,0,30,72,0,0,49,0,20,42,19,51,33,0,26,26,111,77,14,13,41,0,35,17,28,8,0,23,27,0
0,22,0,3,12,3,20,6,1,8,0,0,1,8,18,14,90,55,54,18,200,26,100,197,0,0,12,10,3,43,0,5
0,33,0,0,26,0,30,36,0,17,0,0,0,0,24,48,82,40,25,0,29,0,26,172,0,44,36,42,38,0,46,0
0,5,0,36,0,0,0,29,65,92,20,0,0,0,55,1,34,0,0,20,0,55,4,10,13,0,11,64,65,0,15,0
161,85,0,44,94,159,184,95,216,14,56,19,20,0,0,31,46,39,57,5,57,0,0,12,0,49,2,0,0,13,63,7
0,29,5,48,66,0,142,202,77,176,131,56,0,32,0,16,14,57,0,43,0,22,104,20,63,21,22,0,42,43,30,44
12,103,65,61,0,0,53,3,135,170,170,159,0,0,33,120,0,6,13,21,0,57,72,22,0,0,33,12,0,0,0,36
0,40,0,15,0,0,0,29,0,0,0,33,14,0,11,9,69,0,27,39,0,28,14,31,40,0,30,77,0,0,14,66
49,0,0,12,6,0,26,37,0,0,29,61,59,46,82,0,18,0,0,12,0,156,7,2,0,25,0,100,29,6,0,16
0,0,24,21,25,13,4,0,8,0,0,0,21,31,54,118,32,29,55,78,0,28,3,0,31,13,3,0,0,0,19,28
67,4,38,2,52,0,0,8,0,18,0,37,0,68,132,0,5,7,0,0,5,0,5,0,10,0,4,0,31,40,6,38
0,0,9,0,0,0,8,42,28,1,0,22,17,7,11,0,8,0,20,25,0,0,34,17,48,7,0,14,22,0,0,22
67,0,42,23,72,27,23,3,0,11,0,13,11,22,50,32,82,12,0,0,0,21,0,0,11,0,0,0,0,0,0,95
3,5,0,19,28,14,0,5,0,8,3,40,145,78,8,113,18,0,0,36,0,0,0,13,0,0,0,0,0,17,4,0
0,0,0,36,17,0,21,32,0,22,62,85,0,60,239,0,154,6,35,50,48,10,6,0,0,0,7,0,0,2,0,0
0,32,13,0,0,8,0,11,15,0,0,7,29,36,56,177,16,32,19,0,23,0,0,2,3,0,12,21,15,0,0,0
0,32,0,22,0,0,0,0,0,0,0,0,0,3,0,0,241,9,0,0,0,3,0,0,8,6,7,43,0,0,10,0
10,0,15,4,52,37,19,23,3,0,20,0,17,2,51,9,10,6,0,0,0,0,0,0,7,4,22,2,0,0,10,0
0,3,9,16,0,20,0,36,6,0,0,14,43,0,16,0,8,3,9,20,0,0,1,0,21,13,0,42,0,0,18,0
27,14,0,28,0,5,0,25,23,0,11,43,0,5,0,14,0,0,32,32,14,15,22,0,0,30,15,0,15,0,0,0
0,11,0,0,28,25,17,0,22,30,16,0,0,0,0,0,0,12,0,0,4,0,0,0,0,0,17,0,12,14,7,34
64,0,4,15,0,0,21,13,0,0,25,0,27,26,0,0,0,0,6,10,0,0,0,0,0,36,29,0,0,0,32,0
38,28,14,17,0,14,0,0,18,18,13,86,40,3,0,0,29,4,0,0,0,15,28,0,12,0,0,24,31,3,0,0
0,0,0,6,38,36,43,94,65,9,13,44,131,87,120,97,29,62,109,23,28,0,40,0,0,0,0,37,0,2,0,0
74,0,21,0,0,31,114,43,23,24,116,28,65,25,28,161,72,62,85,23,73,30,89,87,140,9,23,7,10,0,0,128
0,11,23,19,20,25,132,83,0,3,129,72,1,110,79,24,87,205,81,78,89,37,244,31,219,134,78,0,42,50,32,104
42,0,42,46,51,21,9,24,32,111,63,58,96,0,139,172,98,100,133,29,208,102,152,196,197,181,28,16,36,41,117,117
0,0,21,15,0,86,17,74,42,61,88,27,0,54,0,28,62,134,95,86,100,141,0,239,71,7,37,0,97,3,55,22
149,5,15,0,0,6,52,46,21,8,66,119,55,113,229,132,181,135,26,67,134,136,54,134,173,0,0,9,0,89,64,7
0,0,0,0,0,48,76,71,228,65,59,25,41,60,183,0,67,73,66,32,161,121,89,4,103,25,0,0,42,111,47,25
0,7,0,37,33,34,43,43,37,16,68,59,106,24,119,34,30,78,12,81,184,78,57,53,230,30,0,10,9,241,0,5
67,0,45,18,33,56,12,5,28,66,37,33,17,37,34,0,51,195,15,39,164,23,1,134,31,7,31,81,59,90,0,0
0,7,0,0,0,0,0,0,0,17,17,23,0,2,0,17,0,0,55,0,25,0,82,48,0,0,0,65,55,105,23,8
0,0,0,24,0,0,0,52,0,0,57,0,18,31,11,23,57,6,0,50,50,0,13,0,40,0,0,0,219,0,0,28
0,7,0,41,0,15,0,0,0,2,2,3,0,4,0,3,32,37,0,0,12,0,29,30,22,15,8,0,1,0,2,0
0,0,0,30,0,0,8,0,15,2,67,0,0,0,0,0,50,149,0,30,0,0,1,32,37,0,79,11,0,0,0,152
0,0,8,16,3,23,0,0,0,19,0,24,29,0,52,0,14,0,0,6,0,2,23,18,24,0,30,0,0,11,41,235
0,18,1,46,0,47,29,65,89,0,41,84,215,24,75,39,176,14,0,21,0,56,57,18,30,0,0,46,16,25,3,0
36,20,0,0,0,0,0,0,26,67,19,0,0,5,38,29,44,0,0,0,0,27,40,0,39,0,46,0,20,35,12,0
21,32,0,0,33,24,0,0,9,17,0,7,0,31,17,0,13,10,9,0,63,31,53,128,52,4,0,0,0,0,0,32
87,5,14,0,0,9,20,5,35,3,13,61,0,36,5,25,0,24,0,26,4,142,51,0,1,0,0,20,0,0,1,16
0,46,0,0,24,0,0,0,0,0,1,0,20,0,27,0,40,0,61,6,0,0,32,0,2,0,0,13,0,10,31,0
42,0,16,0,21,0,0,0,41,17,0,54,0,27,2,0,0,15,15,1,0,0,21,0,59,23,0,0,0,0,0,0
63,29,0,35,2,2,0,24,0,0,20,42,29,0,144,50,141,0,39,14,7,0,0,28,0,8,49,0,0,14,0,0
0,29,0,21,0,0,0,30,0,0,0,69,0,33,26,54,110,130,136,107,15,0,7,0,0,23,32,0,18,0,39,21
67,6,13,9,0,9,0,46,0,16,42,42,53,35,30,11,45,112,140,24,0,22,0,41,0,0,0,0,11,21,0,0
10,21,14,46,73,8,4,0,0,0,13,58,0,12,24,0,0,35,69,0,0,3,0,0,14,0,69,0,0,0,0,25
42,25,0,0,0,0,11,26,2,0,69,2,23,48,55,22,20,0,1,0,6,34,16,0,0,0,0,0,0,18,5,8
55,0,5,0,30,0,26,20,6,0,0,10,0,11,31,0,31,8,9,15,24,0,1,14,3,7,0,0,0,0,0,0
21,11,0,5,0,3,0,0,0,0,5,1,1,35,19,16,9,0,0,0,0,0,0,0,0,0,55,0,19,9,0,8
0,10,20,25,0,0,19,0,0,16,0,0,18,0,0,0,0,0,16,0,24,11,0,16,0,0,6,0,0,5,0,20
17,0,13,0,11,1,28,0,0,24,41,33,43,4,2,35,27,0,2,0,0,29,16,0,19,8,0,10,6,0,0,38
