8,10,6,0,3,8,26,5,0,0,22,0,0,0,0,6,13,0,33,2,0,22,0,4,8,0,23,0,22,0,0,52
0,40,5,0,41,26,8,0,3,4,0,55,16,0,6,37,0,4,1,11,1,0,0,9,3,0,0,0,2,6,0,0
11,0,0,0,2,0,17,0,110,86,0,140,103,35,0,0,19,7,0,0,0,4,0,39,0,0,20,0,0,0,0,42
0,0,0,20,0,6,26,71,113,12,113,71,229,45,0,0,0,2,0,63,28,3,8,0,0,1,6,0,0,0,0,13
77,9,0,9,3,19,99,17,21,0,59,41,72,43,2,0,0,1,0,0,0,0,6,25,0,12,6,27,15,0,70,0
11,49,36,36,30,0,75,88,28,8,0,24,0,24,34,0,59,75,15,98,129,6,4,0,4,0,26,23,13,0,0,62
0,0,24,57,48,33,45,38,0,0,0,5,30,20,3,0,11,13,0,0,37,39,0,11,19,0,62,32,21,7,0,0
37,0,0,15,24,0,14,72,47,26,0,29,14,0,8,0,13,22,126,9,0,0,5,16,0,4,0,55,0,32,0,0
58,0,0,0,24,5,10,25,26,87,96,5,17,25,7,45,6,67,48,0,10,9,18,0,0,0,4,0,13,0,5,53
8,27,30,6,29,31,37,36,166,54,188,61,0,0,14,0,0,16,3,0,0,27,11,0,0,11,3,10,0,0,11,33
72,23,100,29,61,51,0,102,12,35,0,0,25,73,40,3,12,0,24,34,34,25,79,120,27,0,42,13,0,0,0,45
16,64,99,68,105,14,27,0,0,58,0,26,30,9,0,37,46,11,0,0,29,9,31,97,42,60,113,10,35,0,0,36
3,0,2,5,0,0,0,2,15,21,0,23,10,27,14,28,55,48,71,22,10,0,140,89,14,4,11,39,39,8,8,78
0,9,16,21,0,0,0,0,11,0,40,0,7,48,0,0,5,0,8,0,0,0,68,19,57,0,55,19,4,0,0,13
0,16,0,2,0,23,0,0,0,0,4,55,17,0,0,9,32,0,0,35,14,0,47,0,17,21,66,0,0,14,0,0
0,17,0,0,0,27,0,13,69,13,14,0,9,21,0,0,0,16,0,13,0,11,1,49,82,22,216,3,10,0,0,43
0,18,0,34,41,14,98,79,174,74,41,0,17,0,21,25,0,0,24,24,88,10,2,0,53,50,85,0,22,0,28,22
0,29,14,13,15,12,0,34,167,78,0,9,43,49,65,52,4,0,61,23,4,0,0,0,80,0,127,0,0,0,9,0
0,27,5,55,19,43,0,0,0,0,4,0,48,93,0,123,24,31,30,87,27,36,21,73,31,37,45,15,0,0,30,24
0,30,11,0,0,3,18,0,16,2,0,34,59,0,0,10,0,20,0,31,22,7,240,12,57,12,0,0,0,10,17,28
0,27,0,0,3,0,6,0,24,6,11,53,17,69,135,0,19,21,29,22,87,178,236,9,187,71,13,19,20,0,0,0
0,0,24,0,28,0,7,0,10,5,36,65,0,0,6,18,6,41,35,0,0,142,128,112,218,121,48,0,0,7,32,28
0,0,0,9,0,0,0,2,0,0,0,54,0,1,27,0,0,5,50,18,95,73,62,6,175,228,96,9,48,0,0,32
112,30,56,0,57,52,2,0,16,5,51,75,24,173,169,30,0,6,57,43,115,4,61,0,100,3,0,31,0,0,18,58
0,42,20,52,0,14,17,1,0,61,14,42,23,106,113,25,13,31,3,68,3,75,112,69,26,85,16,0,0,0,0,0
0,25,46,6,14,0,0,26,51,55,0,33,138,146,70,28,0,7,18,17,55,51,185,109,83,16,8,34,0,24,0,70
0,3,0,80,0,17,27,165,0,160,126,127,78,44,185,0,0,2,100,72,52,39,69,11,73,0,0,0,0,59,3,34
0,46,22,21,83,24,64,0,29,0,12,182,34,191,54,31,9,18,78,0,106,41,0,133,9,0,0,0,0,4,0,0
31,0,9,29,7,0,0,3,67,0,0,21,118,15,150,98,5,0,0,0,2,143,144,0,23,0,11,0,43,0,0,23
0,9,0,0,0,0,1,0,2,27,12,15,15,0,7,0,5,16,0,0,30,6,0,5,0,2,5,27,0,0,6,14
0,0,0,0,8,21,0,13,0,4,0,0,17,7,0,14,0,4,0,8,13,12,0,0,5,1,0,13,0,0,0,0
22,26,0,0,0,32,0,0,6,10,0,4,11,27,0,0,0,17,0,0,1,0,13,0,16,0,0,0,0,0,0,25
0,14,23,20,35,0,4,0,0,37,0,0,0,48,0,0,0,7,2,5,0,23,0,0,0,0,0,4,0,0,0,0
0,11,17,5,18,2,44,21,23,0,8,8,15,19,21,0,10,3,0,48,241,11,16,8,8,13,14,0,26,6,4,7
69,12,24,10,10,10,7,25,0,0,15,41,6,17,56,58,158,22,83,0,150,196,20,0,0,0,0,11,3,7,0,0
80,10,0,4,17,0,14,0,12,0,25,1,49,0,27,203,118,0,65,26,108,75,6,1,0,6,64,0,21,16,0,24
144,0,0,13,0,0,16,13,21,30,0,20,34,77,56,41,57,1,35,16,62,15,0,10,11,0,25,8,6,29,0,11
0,0,46,0,0,58,0,37,42,4,0,93,0,40,27,229,143,12,0,11,14,81,1,0,6,50,0,0,0,29,0,37
0,0,0,44,0,84,76,8,16,13,60,58,5,3,17,192,215,0,0,2,93,1,38,3,16,10,3,14,1,25,0,75
0,30,107,8,0,58,41,37,28,29,1,0,0,0,15,0,172,3,7,12,1,165,2,42,0,0,0,51,31,1,0,0
28,51,50,0,0,0,27,74,0,70,13,72,29,43,21,71,92,59,0,0,0,27,16,0,35,33,31,0,33,0,0,31
12,46,53,0,51,33,0,28,61,2,4,0,28,7,63,30,71,44,0,2,15,68,25,0,28,18,0,22,138,0,16,0
0,40,0,40,28,13,0,28,0,34,44,17,2,36,67,0,77,14,0,0,45,77,19,61,10,32,0,62,32,0,20,0
0,34,20,5,5,12,3,0,0,7,4,11,0,0,2,0,95,156,0,36,40,15,18,0,112,68,74,67,16,19,8,48
0,11,9,7,0,0,0,0,0,0,16,9,5,9,9,10,0,10,36,50,17,0,0,0,10,51,197,186,0,4,3,19
136,27,43,0,0,16,35,28,34,0,0,55,22,30,17,0,13,5,56,13,0,7,2,2,0,0,174,129,10,0,0,46
78,7,0,4,7,14,16,0,11,40,60,244,92,0,0,0,13,8,2,26,11,12,2,2,25,1,4,14,0,0,12,0
94,5,0,28,0,34,0,0,0,9,101,156,23,27,0,0,5,33,89,0,6,0,1,7,0,33,84,16,26,41,0,31
0,0,0,7,39,8,0,0,0,46,0,213,35,18,14,4,18,45,179,63,57,32,24,1,38,0,5,12,11,0,0,4
133,2,31,0,35,0,14,7,11,0,36,2,48,0,34,0,63,66,32,56,26,40,70,0,51,0,34,45,82,42,5,5
83,0,2,2,6,7,31,4,20,0,17,27,0,4,10,0,14,100,9,35,37,70,0,15,0,0,7,0,0,18,15,0
81,0,0,27,7,4,4,29,0,14,0,24,0,2,0,3,41,0,42,76,77,0,50,117,61,0,0,29,5,0,0,0
9,0,0,0,0,15,0,5,0,15,0,0,22,39,2,44,13,12,61,0,29,100,88,0,85,110,4,6,26,0,7,43
126,9,45,36,30,0,5,75,8,0,4,30,0,25,0,39,0,0,21,105,18,130,0,38,55,47,0,0,24,30,0,11
85,6,0,0,0,19,0,0,0,17,30,0,19,70,231,6,23,2,42,0,0,33,41,6,66,16,19,0,0,22,0,20
114,13,1,9,19,0,18,8,13,8,40,5,111,250,84,0,102,4,0,0,23,23,51,28,7,14,60,0,0,0,10,0
81,0,0,17,44,0,0,0,0,20,36,0,214,123,64,83,29,34,8,19,17,1,80,0,0,0,0,29,0,0,0,55
116,0,14,10,0,77,30,9,6,40,64,0,245,108,234,112,32,0,0,0,8,1,40,22,35,3,30,0,0,0,0,4
16,0,2,16,19,27,14,30,9,9,17,12,3,135,17,6,0,8,0,0,0,13,23,0,18,12,0,3,0,4,0,0
26,11,10,15,6,0,18,9,0,0,8,0,41,11,1,49,0,0,0,2,0,0,28,1,7,13,0,4,11,10,0,0
27,0,0,4,0,0,0,0,0,1,13,0,34,22,7,0,10,7,26,0,0,4,15,1,2,0,1,13,0,0,0,0
10,0,0,19,0,0,0,25,20,0,0,2,0,26,9,0,23,35,0,0,0,0,6,0,16,0,61,32,44,0,0,0
2,0,0,22,36,0,16,0,0,0,0,0,0,0,16,2,1,0,3,0,0,3,0,0,0,28,6,3,0,0,8,0
0,28,0,23,0,0,0,7,0,2,2,15,11,1,0,0,0,0,0,0,0,0,8,18,1,0,0,31,0,0,6,2
90,13,4,0,0,0,23,0,18,13,51,0,1,0,30,0,0,0,0,16,0,0,0,9,12,0,5,0,40,13,7,30
0,23,0,11,0,0,0,0,0,0,0,0,0,0,11,0,47,10,0,32,0,0,0,1,6,0,0,4,0,0,0,14
0,0,13,13,0,6,2,27,14,0,0,60,0,0,0,129,133,133,100,58,66,27,0,27,0,0,37,0,17,0,0,54
98,0,0,19,7,0,13,11,17,0,0,45,49,0,27,209,29,46,37,31,6,0,0,21,0,13,22,0,9,0,0,0
84,0,9,0,0,0,0,140,54,0,5,33,22,0,11,89,21,0,2,31,2,0,0,4,13,13,14,0,18,4,0,4
46,7,5,12,35,28,2,21,16,24,16,92,13,0,8,12,16,0,48,62,80,17,177,0,18,34,0,0,0,0,14,0
145,10,20,0,4,0,0,66,3,0,119,48,16,0,0,18,0,1,0,14,33,0,0,0,0,24,2,0,0,15,19,2
20,0,18,29,0,0,0,162,132,68,30,9,0,0,5,31,30,1,102,153,0,0,0,7,0,0,0,34,6,5,0,8
137,27,9,0,22,60,143,71,69,92,51,100,12,51,65,90,144,63,20,31,21,29,0,6,0,29,2,30,0,0,0,14
69,2,37,19,0,109,52,78,249,63,8,66,17,6,141,8,22,44,1,14,64,39,0,0,19,17,30,5,0,0,0,0
0,47,43,35,2,45,73,231,29,66,41,245,251,118,130,20,33,5,11,0,65,2,19,14,36,11,66,51,0,0,0,0
128,45,56,0,12,182,51,73,46,193,0,17,19,11,1,0,10,1,0,3,73,22,58,29,122,25,54,25,0,0,25,54
95,0,0,3,13,50,21,18,1,7,7,33,0,0,1,0,112,9,74,20,0,17,39,8,21,31,26,1,59,0,0,0
105,3,29,11,9,0,16,1,0,3,9,1,0,0,14,22,9,10,0,4,18,0,28,4,4,17,34,4,0,23,0,25
77,0,0,16,13,0,9,47,0,0,61,0,0,41,5,0,0,35,0,45,57,51,45,0,15,50,22,0,8,0,0,35
109,0,15,6,1,9,40,0,11,27,50,0,0,20,0,0,24,56,89,1,110,48,9,74,45,0,113,37,34,0,0,4
24,0,0,0,0,4,11,6,0,13,1,17,0,25,0,0,0,54,176,87,56,49,63,67,61,0,48,9,0,42,15,26
29,0,0,6,34,48,101,4,0,0,5,0,23,5,0,0,1,48,9,51,34,0,90,44,69,0,16,0,0,1,15,0
110,0,0,23,28,26,0,0,0,18,4,0,0,97,51,12,45,46,4,0,0,101,17,0,28,9,17,0,12,0,19,0
64,0,6,0,0,0,0,26,0,0,0,9,64,175,177,0,18,0,72,65,34,32,36,165,0,0,0,24,0,26,10,0
0,0,14,0,0,29,0,0,0,17,0,55,22,142,88,31,33,33,84,0,6,77,66,33,22,25,2,0,7,33,4,11
13,0,1,0,2,0,0,0,0,0,0,0,8,3,103,144,0,39,3,18,11,86,0,21,16,0,6,20,0,0,0,0
77,6,1,33,0,0,0,42,19,12,2,0,46,45,64,0,13,0,61,33,2,0,16,5,14,5,33,35,0,0,0,37
0,11,0,9,0,0,0,0,0,0,0,63,50,69,97,0,23,0,35,53,25,7,51,0,0,0,25,0,0,50,9,3
6,65,88,54,10,5,9,14,10,32,73,48,41,37,10,54,0,50,0,0,0,0,0,0,16,0,0,37,0,46,23,9
7,67,108,89,0,48,15,0,1,33,33,4,174,72,4,90,41,0,0,9,14,2,2,0,12,1,0,0,4,0,8,23
17,146,138,175,50,2,4,23,20,0,33,15,36,5,43,0,7,0,17,45,0,0,0,0,0,0,7,21,1,32,0,0
33,233,127,0,97,32,0,0,0,0,11,23,65,0,0,0,1,0,30,22,2,0,32,23,27,37,9,0,6,0,43,0
27,0,69,0,1,14,8,0,7,9,24,0,10,0,7,0,40,2,13,19,12,1,22,0,0,0,0,22,14,0,0,0
2,0,37,2,20,0,17,29,0,20,0,10,5,7,0,11,15,0,0,0,6,5,0,0,0,3,0,8,0,0,4,12
0,0,19,0,17,0,0,0,0,9,0,0,0,21,33,0,18,11,0,0,0,21,0,0,0,0,27,27,6,27,2,69
0,26,23,26,14,0,21,24,0,2,27,0,32,0,0,15,17,0,9,0,1,0,19,0,0,0,8,29,30,0,26,0
0,0,0,5,0,0,0,26,72,33,0,0,24,0,0,14,0,0,2,23,0,0,8,0,0,2,0,0,12,14,10,8
0,47,26,238,9,45,5,12,2,0,2,38,22,0,10,0,0,18,0,0,35,0,51,13,0,27,0,0,17,7,25,30
0,13,56,240,112,0,0,7,37,31,27,0,0,0,11,57,4,17,61,1,9,21,0,9,32,0,28,13,8,0,0,11
60,22,50,11,137,8,37,8,0,11,31,54,151,12,0,78,47,35,6,15,22,0,16,0,4,0,1,6,0,0,0,0
0,0,0,222,10,0,83,39,42,0,5,111,88,4,0,51,14,0,38,51,23,0,0,0,5,0,18,19,57,0,0,16
0,40,0,71,19,44,62,54,12,0,48,171,5,26,0,0,51,43,70,22,96,8,7,0,0,0,8,5,33,0,41,0
27,19,9,165,36,32,60,16,0,6,118,3,8,11,12,51,31,48,5,11,29,5,19,28,10,0,0,0,7,0,0,6
13,0,36,109,36,71,49,71,55,26,80,14,0,0,20,6,24,0,120,75,0,44,0,0,0,5,17,19,0,23,18,0
0,53,70,21,32,0,5,66,0,17,85,89,34,22,56,0,81,53,5,0,47,38,34,11,21,26,35,0,0,17,1,8
29,38,32,100,82,23,39,24,0,10,25,12,0,0,87,7,4,17,16,0,29,24,27,0,31,8,0,0,14,15,0,0
97,8,0,43,68,6,0,39,0,0,51,0,8,63,131,4,4,9,0,8,67,0,0,106,38,0,24,41,0,0,21,0
0,36,0,0,51,33,23,0,21,95,0,29,0,0,0,4,0,23,0,14,0,0,3,15,91,30,20,22,0,19,34,23
0,24,12,0,0,19,16,3,7,0,10,4,0,178,9,17,0,0,28,21,54,10,5,0,18,9,19,40,36,0,38,9
16,0,0,39,0,0,0,11,1,14,18,8,36,140,0,12,62,70,18,16,1,5,40,14,28,1,3,47,17,39,9,0
0,19,0,3,0,0,20,30,36,0,0,23,100,76,0,7,54,29,19,23,42,9,17,0,25,0,0,0,14,0,33,0
65,36,0,21,0,0,0,0,9,0,0,32,5,0,43,50,45,3,136,23,73,13,0,30,56,3,63,6,47,0,20,24
0,18,14,20,0,4,0,5,15,0,12,38,22,33,70,0,148,3,0,13,71,7,38,0,35,8,8,23,0,11,0,0
0,34,50,0,68,17,9,0,28,98,0,0,14,64,4,0,0,54,10,48,0,8,20,2,77,77,0,0,0,1,2,0
0,0,13,0,0,0,9,0,23,45,67,0,0,0,5,68,35,24,13,7,0,54,0,31,0,0,0,1,17,4,3,33
0,3,8,14,0,0,0,0,103,7,0,13,28,21,0,36,95,0,22,91,32,4,50,130,0,0,2,27,0,24,0,6
0,2,0,6,0,0,15,9,0,0,141,111,4,10,73,38,2,0,6,18,0,91,55,0,4,46,14,14,0,0,0,28
0,0,0,0,0,44,0,0,0,0,41,33,38,0,5,39,11,27,27,73,22,100,16,0,42,0,56,28,0,5,26,0
0,18,0,19,0,0,0,1,2,0,62,33,57,41,0,0,0,10,20,5,15,0,0,11,0,2,0,0,0,1,0,0
0,0,0,7,23,25,0,17,0,0,56,0,32,16,104,4,0,0,0,25,7,0,22,3,6,0,16,13,1,0,0,16
105,0,33,20,28,0,0,12,0,14,18,14,0,16,3,34,21,37,42,6,9,0,0,0,0,0,20,0,0,0,0,0
170,0,10,0,0,10,14,51,48,0,7,28,47,55,32,23,44,36,0,0,0,8,0,21,24,0,57,8,32,0,1,0
223,0,0,4,17,0,20,11,16,4,56,41,11,4,0,16,26,5,26,0,20,0,6,0,0,21,0,0,20,23,0,11
139,2,15,0,16,0,0,16,0,30,13,0,40,0,7,24,0,0,0,6,0,9,0,29,0,3,0,0,0,22,12,0
131,29,25,0,0,4,0,28,22,11,0,9,0,1,1,0,5,0,0,9,0,0,0,30,0,0,0,0,17,11,0,0
54,33,0,0,0,0,0,0,13,0,26,6,20,12,0,0,16,3,17,0,24,3,32,22,20,23,0,0,0,0,1,45
9,2,35,0,0,26,0,0,0,8,0,0,5,0,0,0,0,0,0,0,9,0,21,0,6,7,0,7,0,1,0,20
10,2,0,0,2,0,0,12,0,0,2,5,2,4,1,41,20,0,0,0,7,5,0,0,18,0,7,0,0,0,0,0
0,0,5,0,86,7,0,0,0,15,0,28,25,18,11,33,0,16,9,19,28,21,14,0,52,41,0,11,27,0,40,29
17,0,36,0,110,12,30,24,0,26,15,0,7,0,24,1,2,0,0,7,0,0,36,0,22,0,9,6,0,0,0,5
0,0,38,29,212,180,0,62,0,0,0,29,2,0,0,3,9,4,43,8,18,0,29,2,0,0,0,0,0,9,0,0
0,0,0,35,188,74,0,0,25,16,39,13,150,10,6,75,0,18,0,7,31,0,20,25,2,0,8,26,14,0,14,0
3,0,0,0,0,117,0,25,0,20,11,23,69,75,4,67,0,63,0,5,5,0,0,0,22,0,0,0,16,19,8,0
0,22,16,13,45,34,6,0,0,18,59,61,48,17,0,1,20,51,36,74,109,10,32,0,2,2,0,0,0,24,0,4
21,0,6,32,13,53,49,0,0,51,56,9,26,22,0,0,8,52,14,0,2,11,35,0,18,0,0,0,16,0,0,0
65,16,6,0,0,98,93,24,23,44,25,15,0,23,42,0,4,0,63,34,0,40,0,6,8,0,16,17,5,0,11,0
91,151,3,0,27,0,60,41,28,28,24,56,20,94,0,0,46,76,22,0,11,0,38,28,14,30,16,9,17,15,18,0
138,174,148,0,41,65,0,59,180,0,0,44,0,68,138,0,25,29,61,0,16,0,0,18,27,7,19,21,2,0,0,24
25,106,253,61,0,14,2,16,0,21,52,76,30,17,73,5,12,0,0,24,20,31,19,73,29,5,8,30,23,1,0,5
70,56,102,108,0,9,2,0,19,32,52,22,89,67,46,1,26,16,0,1,27,37,44,0,0,29,0,29,7,27,0,25
0,0,0,67,49,23,28,0,0,9,12,28,0,55,47,1,14,20,31,18,48,0,14,39,8,16,25,0,8,12,0,5
6,0,0,29,0,0,4,16,0,39,0,0,0,67,0,0,82,11,8,0,45,0,0,0,0,0,0,25,16,0,0,0
0,15,0,14,0,36,0,0,0,22,32,0,0,21,0,2,138,23,0,0,14,24,32,0,6,31,0,24,24,4,0,32
35,0,0,15,0,0,15,16,0,12,0,9,0,9,4,8,58,12,213,9,36,0,26,78,0,13,43,11,53,2,0,0
0,33,16,0,0,0,24,20,1,7,8,36,6,0,5,21,43,0,64,0,47,17,8,4,1,0,0,10,30,37,0,0
35,0,0,0,29,0,33,64,22,0,0,25,82,21,34,24,19,30,0,69,0,18,32,0,81,0,51,0,12,13,0,0
40,0,0,4,0,1,4,6,1,74,0,61,84,0,66,113,21,0,5,49,46,0,5,26,6,18,0,0,0,12,22,20
0,8,10,0,1,0,10,0,10,10,0,16,80,48,164,3,237,98,1,13,16,16,40,6,0,0,10,0,5,0,27,27
135,11,0,0,0,0,19,19,17,0,22,68,0,26,81,180,99,185,105,25,65,68,32,8,22,26,0,0,15,14,0,0
0,27,0,0,17,18,30,7,0,6,0,33,0,12,36,0,45,108,115,0,7,55,36,8,58,5,44,27,4,0,1,36
0,0,29,16,13,0,0,7,0,0,27,29,60,19,20,22,57,15,0,0,0,0,6,0,0,2,31,0,18,8,7,0
53,7,11,7,27,37,107,12,0,0,29,20,0,6,109,9,0,9,81,25,10,0,0,1,0,0,0,4,14,15,0,0
96,27,1,43,6,0,58,17,0,0,26,10,9,58,0,30,112,147,13,16,0,0,0,8,0,0,0,6,0,21,0,0
0,0,0,91,0,46,91,35,50,15,0,41,0,52,0,63,32,80,28,34,21,0,0,32,0,0,6,0,0,0,0,57
90,18,0,16,0,27,47,132,35,3,28,0,27,12,33,39,20,56,2,0,0,0,0,0,0,13,0,0,24,9,9,2
75,37,0,0,10,36,81,117,46,56,0,17,19,0,42,30,77,2,0,10,0,0,0,0,0,0,25,0,0,1,0,22
81,0,0,15,11,13,0,0,26,12,3,49,17,14,3,3,16,11,0,13,8,12,11,0,0,23,7,7,4,23,0,0
0,14,22,0,17,0,0,0,7,25,0,30,31,0,0,20,0,0,0,0,0,0,0,7,4,0,19,8,0,16,0,41
0,12,0,0,11,3,13,0,7,0,49,0,2,9,5,30,11,9,3,0,3,0,0,4,12,16,0,5,3,6,10,28
1,0,36,0,0,0,26,7,9,0,0,9,0,0,0,0,21,14,1,0,0,1,0,3,7,1,2,0,0,0,17,2
0,0,0,9,0,5,2,16,1,23,0,1,0,0,0,0,0,0,0,66,0,2,0,0,5,0,0,0,25,0,7,0
54,0,0,12,0,0,4,1,13,0,0,9,0,0,42,16,25,140,46,2,26,23,13,9,35,0,2,23,0,0,6,21
59,51,27,0,2,21,0,7,8,0,35,40,131,181,17,54,85,54,114,161,96,12,18,0,21,22,11,0,0,0,4,57
29,8,29,0,22,13,23,59,36,29,22,2,121,233,0,0,48,0,61,6,25,16,12,0,8,5,0,46,3,0,0,0
0,0,24,0,0,24,30,37,0,0,22,7,0,133,13,0,16,85,40,33,249,0,0,28,0,11,0,6,42,6,0,0
10,11,0,85,46,0,26,0,0,0,3,55,26,147,38,0,0,31,33,137,92,16,22,22,1,0,11,55,63,0,0,14
0,0,53,26,50,40,29,0,20,28,16,0,0,45,129,0,0,46,0,0,160,0,0,7,1,5,0,10,200,0,0,0
30,30,59,25,49,77,47,0,63,34,0,0,16,44,195,0,0,24,43,97,7,0,15,17,0,0,0,51,25,8,23,0
25,105,64,8,77,5,47,60,9,4,0,95,0,136,165,43,0,65,53,23,65,0,0,26,29,28,8,54,36,4,0,0
0,5,48,0,36,0,4,13,62,14,14,3,27,17,175,0,3,0,33,90,191,48,2,0,2,42,129,128,0,0,0,15
0,57,0,54,0,3,0,35,0,0,11,0,0,16,146,0,0,0,0,19,7,27,58,68,0,49,206,28,14,19,176,44
21,9,35,0,0,0,0,3,0,1,0,9,0,10,49,0,0,0,0,2,64,0,9,3,51,192,68,0,16,154,0,1
0,0,0,0,0,0,0,0,8,31,5,0,2,0,36,20,0,2,35,0,0,4,4,6,6,249,54,0,0,9,16,0
60,0,0,0,35,0,0,0,89,149,12,3,6,21,16,0,16,0,0,7,0,0,28,36,0,0,0,0,41,17,19,27
0,6,36,0,7,35,59,12,49,102,33,0,21,0,22,11,0,11,0,0,8,4,19,4,40,31,5,3,30,0,0,42
62,5,0,0,0,0,0,22,19,56,0,0,0,0,9,117,22,0,0,19,12,11,12,0,3,1,22,21,0,0,0,11
0,0,14,2,16,0,0,0,0,19,29,7,0,12,1,108,178,10,25,7,56,1,28,0,25,0,31,109,0,0,0,32
106,22,4,0,0,16,0,22,11,27,13,18,20,20,51,18,53,0,0,40,1,34,31,0,32,0,100,18,12,0,20,34
0,0,0,23,0,0,3,26,27,0,0,0,0,20,11,0,35,27,23,20,0,48,0,107,0,0,39,24,18,8,7,0
90,9,11,29,23,0,47,9,18,8,0,52,39,24,6,84,65,0,41,59,54,33,210,45,84,20,0,0,0,0,2,3
0,1,0,18,16,0,0,13,0,5,0,39,16,23,38,83,18,10,11,11,64,61,68,139,38,62,0,7,64,5,13,0
80,0,0,0,11,0,54,16,0,0,0,12,46,0,17,27,0,0,0,24,7,94,0,1,32,19,58,0,4,0,3,29
0,6,16,0,7,0,0,6,0,17,6,2,154,217,43,0,17,36,16,2,107,77,76,25,25,25,4,8,22,1,22,56
0,5,0,0,7,16,0,0,24,46,41,176,111,165,189,0,0,18,39,32,69,2,38,0,9,1,0,0,0,0,1,24
23,0,0,26,12,0,0,30,19,34,36,85,5,171,45,15,17,0,123,98,0,47,11,26,0,0,0,0,14,22,16,0
2,14,10,0,0,70,6,8,0,36,44,242,203,103,0,0,0,0,51,28,59,97,34,3,0,8,0,0,7,0,37,0
30,59,0,15,0,0,0,121,39,5,35,172,178,242,8,40,46,0,96,5,80,75,0,37,0,5,84,0,9,0,0,0
0,17,0,0,45,6,4,8,10,0,0,36,71,112,1,0,0,10,36,0,19,0,8,36,9,0,3,0,0,32,25,0
4,0,0,0,8,23,0,8,14,0,7,0,34,8,0,0,8,0,0,21,0,0,10,0,0,10,0,1,7,0,19,10
0,4,0,0,25,0,0,0,0,8,3,0,0,8,0,0,0,0,20,0,0,0,10,0,0,0,0,2,3,9,44,18
0,12,18,8,26,0,23,34,29,0,17,11,0,0,0,0,26,0,20,4,10,0,0,0,0,0,31,27,49,7,46,0
0,0,0,17,0,0,0,0,6,8,0,0,0,0,0,0,11,6,1,6,20,0,0,0,7,0,0,0,0,2,0,2
49,1,0,0,0,19,0,0,9,29,0,0,8,0,0,0,0,5,0,10,0,17,36,0,0,0,12,11,0,11,0,72
0,0,0,26,0,0,0,17,9,0,0,31,10,30,38,0,12,25,0,90,74,0,10,0,42,7,30,27,24,0,0,0
63,6,0,0,0,0,0,0,6,16,14,0,9,108,0,0,0,51,82,210,135,4,4,0,10,3,0,0,0,0,15,10
116,0,0,9,25,33,24,30,0,0,52,0,41,181,24,8,10,7,0,83,64,7,9,0,22,14,0,0,29,0,4,0
54,0,51,0,2,28,62,23,0,10,0,0,9,177,14,12,5,26,5,148,20,0,10,32,5,0,9,3,8,31,12,4
39,0,3,31,108,33,62,0,7,32,59,144,0,23,17,0,8,9,83,103,66,17,0,0,28,44,22,10,10,0,0,0
89,0,51,34,84,0,35,34,25,3,129,3,113,222,55,34,9,6,88,93,6,0,50,9,69,11,88,0,194,0,28,0
17,4,0,44,34,54,10,58,52,42,16,10,165,119,148,0,1,0,114,182,21,0,3,3,24,0,24,23,0,0,24,0
0,12,20,4,10,25,0,30,33,17,0,22,232,80,59,23,0,6,62,30,12,38,10,53,13,1,20,12,0,0,0,21
0,22,23,13,29,20,17,31,18,0,3,42,0,67,124,0,0,0,162,44,92,0,0,4,3,14,0,15,35,1,0,0
43,59,0,0,0,42,0,0,0,0,0,0,76,99,90,43,41,0,72,0,65,0,7,16,0,53,25,8,20,0,34,6
74,41,27,0,24,0,6,0,0,12,0,0,21,0,0,14,12,5,41,17,85,0,0,4,48,90,15,18,0,0,2,0
5,11,2,0,0,14,0,0,25,24,0,0,1,0,0,0,6,6,63,0,77,0,3,109,121,56,0,0,71,0,11,0
0,0,0,30,17,28,0,0,0,38,0,5,1,0,11,0,57,30,0,0,28,0,0,0,0,1,8,38,0,0,0,17
0,3,5,0,0,39,0,3,0,16,24,0,32,21,0,22,61,25,7,0,10,0,0,4,0,0,67,0,0,29,0,6
81,14,4,12,0,29,64,43,8,83,15,9,0,0,1,1,3,0,18,19,37,17,21,22,0,42,39,0,0,19,18,0
0,23,2,2,0,14,38,2,30,1,0,4,9,0,12,1,65,37,52,9,3,0,17,10,157,0,51,58,0,0,0,0
14,23,0,28,0,0,20,51,0,0,0,20,0,0,42,15,74,50,19,41,8,16,13,11,83,5,0,44,27,0,28,0
84,0,0,4,17,4,0,0,0,35,0,0,0,19,0,16,0,39,0,45,31,58,0,29,0,0,0,23,0,0,0,0
77,1,3,0,0,0,22,0,13,29,11,0,6,0,16,4,40,13,33,76,12,72,80,112,6,21,1,16,12,1,0,3
87,11,34,34,8,0,0,24,0,3,0,26,22,31,39,19,10,23,1,54,36,117,80,34,16,31,47,0,0,58,0,45
0,0,0,6,0,13,0,24,0,0,25,12,0,17,0,16,0,48,50,83,13,201,37,0,65,34,0,0,0,0,40,0
71,0,9,5,9,0,30,43,23,0,81,19,49,61,170,0,0,0,55,16,29,38,0,10,0,2,4,0,26,16,11,0
85,0,16,9,23,8,19,13,41,94,80,96,0,45,0,46,0,0,26,69,45,3,0,23,0,0,25,8,0,8,26,3
2,0,24,36,0,0,0,43,0,61,129,156,18,54,0,0,5,0,63,84,10,34,33,13,0,0,0,0,10,0,36,32
45,0,27,0,47,18,19,23,27,22,78,34,18,71,0,5,0,0,0,27,0,3,22,0,0,2,0,0,20,0,37,11
48,0,0,40,0,0,0,0,10,29,0,29,33,11,19,0,19,0,20,0,0,0,0,21,9,0,0,0,0,6,0,0
9,0,18,0,18,26,0,0,0,15,0,8,0,10,18,0,0,0,0,0,10,0,4,2,9,0,0,0,23,0,0,0
38,0,0,0,4,0,0,0,6,0,0,0,0,25,9,0,0,7,0,0,19,0,8,19,0,11,0,0,0,0,0,0
0,0,0,6,2,33,4,0,18,14,9,0,0,0,0,0,22,28,27,0,0,14,0,12,0,3,6,36,0,0,0,19
0,0,1,41,0,23,17,0,0,24,1,0,0,14,1,1,13,0,0,0,0,21,11,0,0,4,1,0,0,0,0,16
32,5,0,11,0,0,10,0,7,0,0,2,0,16,6,1,18,5,0,0,0,21,5,0,2,0,0,0,0,0,24,49
8,0,30,4,37,0,35,0,0,23,0,28,0,0,7,11,0,0,8,0,0,0,0,5,1,1,5,0,32,0,9,0
0,11,0,0,8,5,36,168,72,0,0,19,126,0,7,37,0,6,9,25,0,1,53,0,0,17,0,11,13,0,0,0
0,0,0,0,25,15,115,208,9,48,103,15,0,99,4,0,0,46,97,0,0,0,12,3,13,0,0,0,0,3,34,29
0,0,35,53,0,0,90,82,121,0,25,13,94,0,0,47,2,30,19,28,0,0,0,10,0,0,25,13,14,0,43,39
0,19,10,0,0,15,33,5,43,4,32,26,0,8,73,56,13,7,71,0,21,7,0,0,1,6,1,0,16,1,4,8
61,12,8,7,63,118,107,17,0,0,32,94,0,107,107,17,65,102,25,45,46,0,0,0,13,0,16,0,16,0,0,14
15,1,20,26,42,2,31,0,8,35,75,0,14,21,4,14,23,0,8,4,0,0,40,22,12,37,57,0,0,12,0,40
45,15,104,17,7,45,46,0,38,64,58,35,43,6,29,69,12,0,94,106,6,0,12,1,0,18,0,32,13,17,6,0
38,138,112,0,0,48,58,83,4,57,0,35,28,89,0,35,33,62,51,31,16,32,0,51,0,12,0,24,2,0,35,9
86,2,0,26,50,64,95,48,5,11,10,7,50,17,0,34,13,4,32,1,41,42,0,0,0,0,19,0,25,0,0,0
66,74,148,129,25,127,14,101,0,32,3,17,26,20,11,8,0,23,23,3,56,12,0,111,50,7,47,3,2,14,0,1
28,57,80,145,78,34,11,0,0,32,0,0,18,9,0,18,65,5,0,0,62,25,0,61,17,9,21,25,0,21,0,28
0,0,2,25,0,0,0,17,12,13,30,2,16,0,0,0,6,1,48,18,0,20,0,0,0,2,12,19,48,5,0,22
26,26,0,32,0,8,0,0,6,7,14,5,4,5,0,34,13,0,0,0,11,0,61,0,9,8,0,6,9,6,34,0
41,0,0,1,0,0,0,10,0,8,21,0,18,10,46,2,80,19,0,0,0,2,0,0,0,0,22,0,17,19,4,0
0,14,1,12,0,0,0,14,38,0,7,24,0,0,42,0,1,5,123,55,67,34,0,33,0,4,0,33,8,0,30,0
66,0,0,0,1,3,32,24,33,0,35,25,0,0,123,18,160,0,72,104,50,0,30,44,29,0,23,0,12,5,0,10
0,6,15,0,8,18,26,5,0,12,0,25,8,0,33,8,28,51,32,53,16,50,17,0,55,5,0,0,3,0,0,0
66,0,0,7,0,14,3,0,45,1,103,12,16,0,16,29,30,23,0,58,48,122,16,0,21,28,0,0,0,0,3,0
0,0,45,0,0,10,56,0,8,144,0,54,4,55,0,0,5,0,0,0,24,1,66,98,15,21,0,3,0,0,0,50
48,24,63,0,11,13,31,0,81,120,19,28,42,45,0,2,1,31,21,5,13,79,63,38,26,0,54,0,44,9,14,37
0,0,6,0,0,0,0,13,0,0,13,120,44,0,0,43,0,20,10,0,33,45,48,3,0,2,0,0,37,0,40,6
9,19,4,29,0,16,15,0,27,0,0,61,2,0,0,20,0,7,1,0,0,0,12,0,28,27,66,0,0,0,0,0
0,56,2,3,52,15,0,0,32,23,0,72,26,0,4,10,17,0,0,33,54,16,0,16,0,0,0,21,0,0,0,0
126,47,146,69,48,4,12,0,0,16,49,82,0,37,0,0,0,41,2,12,0,5,0,22,2,0,2,14,0,35,0,0
3,0,112,1,2,6,0,10,0,0,78,126,63,52,14,0,29,6,0,20,5,20,0,0,0,10,31,0,0,16,0,0
189,205,26,42,45,0,0,0,0,54,138,78,8,2,8,0,17,0,2,2,0,0,0,0,0,0,0,7,0,11,16,0
10,245,15,0,43,0,9,17,9,21,89,23,16,0,0,31,0,0,16,3,0,0,8,1,0,53,1,0,0,4,2,46
83,54,42,1,1,0,20,62,10,0,0,14,0,23,0,0,14,58,4,0,0,0,20,0,0,0,38,19,0,0,0,15
2,5,3,0,0,0,3,0,0,20,0,0,0,0,18,5,5,0,18,0,0,14,13,8,0,0,11,12,0,5,0,0
0,0,0,0,0,0,1,0,0,0,9,4,0,0,11,3,5,8,2,0,0,7,0,7,11,27,0,2,0,4,4,0
0,0,0,0,6,35,1,26,0,0,0,0,1,14,19,0,0,0,0,25,10,0,0,0,0,14,0,0,17,30,0,0
0,0,0,0,0,48,31,0,12,58,6,0,5,4,3,15,6,0,19,16,31,0,0,0,0,8,0,0,2,5,4,0
0,0,0,0,21,4,25,9,8,0,0,11,19,0,0,24,9,23,8,0,12,0,9,16,0,0,6,8,0,0,29,23
0,0,0,23,0,0,158,20,23,34,101,45,4,0,0,5,26,0,27,10,0,16,8,0,4,20,1,0,0,49,0,0
25,0,11,27,0,69,98,34,62,0,112,30,30,0,0,31,28,40,0,10,0,16,0,17,0,0,0,19,0,0,0,23
0,4,15,9,0,30,83,7,11,0,2,20,13,172,114,110,6,12,25,0,18,1,0,25,13,0,0,0,31,24,18,17
71,0,0,3,41,140,120,7,34,0,5,82,0,31,58,0,36,27,57,0,54,7,0,4,0,0,32,1,0,0,8,0
2,19,0,15,40,54,93,0,40,0,0,52,0,31,46,9,0,30,4,0,0,46,37,8,0,15,33,5,0,0,0,7
33,2,28,63,0,40,117,31,42,28,15,0,0,37,14,0,38,0,76,84,24,0,21,0,25,0,17,73,35,6,0,0
33,26,19,8,52,32,27,62,1,7,1,0,34,80,23,115,12,0,36,0,28,49,20,4,5,30,37,0,0,2,33,10
38,0,12,29,52,110,0,0,0,0,5,0,24,13,0,12,11,6,1,0,53,0,0,5,40,0,0,50,45,4,0,0
91,30,0,0,43,211,45,0,0,0,3,18,90,38,2,24,45,8,24,45,28,6,0,51,24,0,16,0,1,27,6,0
209,13,5,29,3,2,5,0,16,24,4,0,2,24,0,0,12,82,28,0,31,0,0,36,1,14,7,0,0,0,0,47
0,16,13,35,24,26,13,0,25,9,0,83,97,0,0,13,2,12,48,52,26,0,6,28,5,0,0,35,50,0,3,2
56,0,0,4,2,0,17,0,0,0,7,4,0,0,0,47,0,0,0,7,11,7,0,0,7,1,27,7,4,0,4,37
0,17,23,9,0,0,0,22,0,0,0,7,0,0,0,30,51,25,24,0,18,18,0,12,0,0,16,8,31,0,5,0
6,0,0,12,0,0,36,15,15,0,0,41,3,0,36,156,53,0,114,75,54,16,0,16,77,43,59,19,32,34,7,0
0,13,0,0,13,0,22,5,5,0,0,0,0,14,53,1,10,15,36,33,124,21,4,0,8,12,0,0,0,0,25,12
0,27,30,3,0,0,1,0,20,0,0,0,0,17,55,0,35,40,20,50,6,0,30,21,72,0,32,3,6,0,0,0
0,5,6,0,6,5,28,9,0,5,42,221,0,0,3,10,37,0,8,24,14,79,30,21,0,0,9,16,0,0,14,44
32,0,35,22,9,13,0,0,5,29,35,89,148,0,24,29,150,0,29,59,36,58,33,94,0,0,1,0,13,36,0,20
0,0,0,0,0,0,0,8,0,43,33,75,0,97,0,0,0,3,0,21,26,72,68,16,19,24,0,0,0,0,0,33
0,2,0,9,0,2,0,27,0,0,0,36,124,0,8,37,0,22,31,50,0,80,11,0,0,0,0,21,3,2,8,0
57,0,0,0,0,0,10,17,0,1,52,59,80,32,18,11,35,15,0,18,7,0,0,0,6,16,0,0,16,13,5,0
0,0,0,0,81,8,66,27,18,9,21,48,28,14,18,0,36,12,40,61,96,0,13,8,29,0,45,26,14,0,1,66
0,10,7,98,20,0,33,4,13,35,0,23,4,11,2,25,17,58,0,32,0,20,8,7,4,0,9,0,0,15,9,0
53,0,89,86,0,0,5,48,46,21,13,43,47,66,23,4,33,0,3,11,0,16,0,12,3,0,32,29,0,0,0,0
0,65,83,18,0,0,0,9,0,7,45,65,0,0,21,15,0,10,0,2,0,0,1,35,0,0,19,31,17,12,5,0
123,45,67,59,24,0,0,83,0,0,38,9,29,11,26,0,0,0,0,40,17,0,8,0,0,7,0,0,11,42,0,0
43,3,19,21,69,0,19,8,58,0,42,38,0,0,19,0,16,20,39,0,28,4,0,6,16,16,43,5,24,7,6,0
0,0,0,0,0,0,10,0,22,11,14,5,15,6,0,1,0,0,0,0,0,0,15,0,0,0,0,0,17,3,0,0
26,39,9,18,0,29,0,0,0,0,13,0,0,0,6,0,0,0,32,0,0,0,19,27,0,7,0,5,0,10,5,0
23,36,22,6,0,0,0,9,0,0,0,10,8,0,4,0,2,22,0,0,0,0,20,0,9,17,0,0,0,0,19,11
41,0,6,0,0,31,0,0,18,57,0,0,24,0,0,6,1,27,0,0,0,0,6,0,9,0,0,0,0,14,31,0
32,20,19,4,0,0,0,0,0,77,0,0,176,36,0,0,0,2,0,0,31,25,30,0,23,1,31,4,0,24,59,0
0,5,2,0,0,0,0,22,147,47,30,80,228,72,0,16,38,22,0,0,0,0,0,0,5,0,23,0,0,11,0,38
0,2,0,0,89,4,100,0,82,51,35,10,167,57,0,76,5,6,0,26,10,19,0,0,0,2,0,0,15,7,0,0
69,0,16,27,27,33,32,9,4,7,87,4,16,69,0,16,0,17,45,32,38,0,93,0,5,6,12,14,5,11,0,22
38,38,0,29,0,109,213,156,2,0,103,95,0,78,20,45,16,12,5,65,107,69,62,13,0,5,0,0,21,13,33,0
0,0,30,35,38,22,0,0,32,14,96,52,31,35,0,0,0,12,13,0,48,0,0,26,11,7,7,12,0,0,9,0
81,32,88,38,10,61,25,82,64,0,88,23,7,28,23,5,0,0,85,48,21,41,17,1,0,0,0,60,41,8,0,0
64,98,20,71,48,20,34,91,106,148,0,42,48,20,9,52,39,49,38,6,0,24,136,17,0,0,0,15,0,7,0,0
0,24,11,30,39,67,55,0,59,162,0,0,0,13,42,26,19,20,94,0,71,94,126,12,16,6,0,10,21,0,13,63
0,44,28,72,114,77,0,47,0,34,60,3,12,0,139,133,29,23,10,65,87,3,83,4,32,189,5,0,3,0,0,0
84,32,2,52,44,24,21,5,52,15,30,33,4,3,3,37,0,93,8,110,45,103,104,2,77,81,3,7,9,0,0,0
0,0,0,0,0,0,0,0,0,31,10,8,2,0,51,0,0,21,38,0,46,233,0,0,0,2,0,2,65,0,7,28
114,12,10,0,21,37,0,0,3,18,36,0,28,0,0,24,0,0,11,0,25,3,0,0,7,47,0,27,0,0,8,50
44,9,0,0,0,8,0,45,0,19,0,0,7,9,0,0,0,33,0,12,29,5,0,28,55,102,0,36,0,0,7,0
0,15,15,0,0,0,135,28,0,16,0,6,14,0,18,1,1,0,14,2,27,64,24,54,58,17,23,0,6,11,0,114
0,39,16,24,73,22,40,59,0,0,57,11,36,14,12,0,26,19,67,0,4,0,47,2,72,19,36,26,0,0,0,6
0,8,0,0,6,26,0,22,0,0,0,0,23,32,7,33,26,129,1,0,32,0,19,22,85,26,0,0,27,19,38,0
0,0,0,3,0,0,43,0,40,16,42,0,14,0,10,65,5,0,23,68,84,60,188,11,48,0,36,25,0,0,0,61
0,0,0,11,3,0,0,14,0,0,0,0,30,8,15,31,29,0,165,156,192,144,9,51,0,0,40,0,32,5,0,0
169,0,0,23,20,0,40,5,5,0,5,31,25,51,145,0,45,31,65,0,6,51,217,100,67,0,14,0,0,0,0,29
33,0,34,0,0,0,0,0,0,0,12,54,25,0,14,110,7,140,0,34,12,111,173,195,196,28,0,0,0,40,0,0
21,24,0,0,0,12,0,6,0,19,24,0,29,0,4,0,0,20,16,52,74,98,125,19,0,15,0,24,0,14,0,59
0,3,47,14,0,0,28,0,12,65,17,2,109,1,8,0,9,5,51,49,88,37,61,111,0,0,0,5,0,4,0,0
55,3,0,8,4,0,9,0,0,89,255,33,171,16,0,18,0,96,12,31,123,86,204,93,0,19,0,7,0,0,0,24
0,4,6,0,0,0,19,50,66,0,93,235,83,0,0,0,35,18,73,26,112,105,205,22,0,16,22,0,26,1,34,0
0,27,7,39,0,44,51,71,28,26,170,78,41,0,17,3,22,7,80,57,46,229,80,1,0,7,12,3,23,3,13,13
103,50,22,0,51,0,0,21,0,0,30,147,74,15,0,1,0,7,3,65,153,15,0,0,3,10,0,9,0,0,0,23
96,13,0,0,8,6,0,0,0,0,0,0,0,15,28,1,0,8,0,10,0,9,12,2,0,0,0,3,13,0,10,51
4,0,2,18,21,12,0,0,0,25,2,0,15,18,14,0,0,12,0,0,0,0,0,0,0,0,18,16,0,0,0,51
0,0,0,19,0,33,7,21,17,0,0,0,0,0,0,20,0,0,0,12,0,0,0,9,1,39,5,0,4,0,0,19
24,0,0,33,29,0,0,0,0,0,11,0,0,20,32,0,56,0,0,20,8,0,29,17,8,4,3,0,0,0,0,22
0,0,0,5,24,0,34,22,48,9,0,21,0,0,0,16,52,180,54,0,41,11,0,0,2,2,18,2,1,0,0,0
122,7,0,0,0,0,5,0,29,0,0,0,0,24,0,10,9,181,98,0,0,13,13,0,0,11,24,0,26,20,0,16
63,2,11,0,0,14,11,0,37,52,81,41,20,13,63,10,34,27,236,0,1,19,8,15,0,0,0,11,35,0,0,0
100,22,0,0,80,43,24,0,39,11,94,130,101,0,26,152,0,51,154,0,23,1,21,0,0,18,36,0,13,3,0,0
0,0,63,0,15,48,89,0,62,24,97,204,203,16,9,3,0,43,63,0,0,16,0,20,0,61,52,0,14,7,0,17
0,64,0,43,51,37,76,22,23,0,24,135,21,23,8,0,44,64,171,0,50,0,40,0,11,99,63,0,0,0,0,0
0,15,18,22,12,78,42,18,2,31,121,48,134,0,0,7,4,71,230,14,37,0,30,16,6,24,4,17,0,48,0,0
51,64,69,11,0,70,53,0,26,31,19,87,142,16,16,0,3,44,30,12,0,22,25,0,0,25,8,0,12,16,0,0
0,108,48,25,31,17,33,39,0,62,11,89,55,110,0,82,39,66,52,5,44,0,45,30,36,41,1,0,9,0,17,36
0,0,30,7,27,37,28,34,56,0,0,0,22,45,0,11,12,51,168,19,20,18,0,8,14,30,0,0,48,22,28,29
0,47,6,0,59,0,15,45,0,26,62,25,35,80,3,7,26,14,86,24,0,0,13,27,47,52,24,0,33,0,0,0
0,0,23,0,26,15,31,0,0,0,8,0,14,53,14,1,10,15,29,0,30,23,0,242,250,9,22,26,27,0,0,0
0,0,51,0,16,35,29,0,2,15,0,1,26,3,21,2,14,22,45,0,0,13,2,89,123,0,0,0,0,20,0,54
72,0,0,0,29,0,0,6,0,0,1,23,0,10,5,22,20,22,0,9,16,0,27,0,0,9,8,0,31,0,35,36
0,19,0,2,0,8,27,104,175,4,0,0,3,0,7,42,0,3,0,12,0,2,26,5,0,16,73,7,0,14,0,27
0,19,19,0,0,21,18,127,117,0,7,19,0,41,27,0,3,3,19,28,6,23,0,33,0,10,33,12,42,0,16,0
0,9,0,24,35,1,25,20,94,44,0,0,0,7,1,0,104,28,105,0,1,0,0,12,19,23,0,18,0,0,0,0
0,0,0,20,0,18,0,0,13,0,0,0,12,18,92,26,21,22,8,15,0,28,21,0,3,40,16,0,32,9,0,0
20,15,0,1,0,2,11,2,0,0,1,10,0,0,20,81,15,0,0,49,17,110,81,128,45,6,0,12,0,36,5,37
0,0,0,11,0,34,52,0,12,3,0,19,13,17,0,11,48,0,0,82,32,208,49,138,20,12,9,6,0,12,18,57
0,0,0,32,0,0,35,15,0,0,0,39,0,0,0,81,0,21,115,0,72,185,49,103,15,44,0,0,0,13,9,0
0,17,0,11,0,0,18,28,12,8,17,0,13,0,0,5,16,50,40,18,0,169,45,71,12,0,0,10,13,0,24,0
89,2,2,0,0,0,0,14,8,0,44,8,55,13,14,0,15,13,87,15,72,41,13,0,0,0,0,0,0,10,0,55
15,0,2,9,27,0,8,15,9,22,219,82,38,51,0,0,9,13,27,50,55,35,51,0,0,9,0,2,29,0,0,19
27,7,17,0,51,42,0,0,13,38,227,97,42,11,16,27,0,167,163,89,4,14,54,0,27,17,61,59,7,0,0,0
83,7,0,0,29,30,2,17,31,61,240,28,99,14,0,0,0,9,43,46,26,23,1,3,0,0,0,30,7,14,0,11
14,58,0,0,0,4,0,3,0,8,202,9,0,0,0,0,2,23,49,48,4,0,0,1,0,11,51,0,51,0,23,38
0,21,14,32,15,7,14,38,19,0,0,3,9,0,12,0,0,13,19,0,0,7,7,0,7,18,0,0,9,9,9,14
58,4,3,0,14,35,11,0,0,7,0,14,2,0,24,29,20,0,19,32,31,0,0,26,0,34,0,0,27,0,30,0
11,3,0,0,44,4,14,21,1,13,2,0,0,0,22,22,9,2,4,27,0,9,1,2,9,7,2,0,0,0,30,15
53,0,16,9,19,5,13,0,16,9,0,0,1,0,0,0,6,1,10,0,16,0,0,4,18,0,6,25,0,0,4,0
0,1,0,0,0,0,13,10,6,0,16,5,0,0,0,22,3,0,0,0,6,0,0,10,0,27,27,1,0,0,15,27
71,11,6,0,0,0,37,0,12,30,0,17,0,0,6,28,0,0,0,0,1,2,15,0,0,5,0,0,32,0,19,0
42,15,0,15,1,3,26,0,0,28,6,0,0,23,0,53,0,56,0,26,2,20,0,0,0,20,0,0,0,0,0,0
61,7,0,0,0,10,0,22,7,29,100,2,107,146,97,136,26,101,94,0,37,17,33,0,9,0,0,29,0,4,46,37
0,0,32,0,48,23,35,18,87,0,37,7,129,33,79,97,0,0,0,0,3,0,43,0,0,0,0,14,11,20,0,0
0,1,0,11,23,0,63,0,87,0,64,0,5,0,14,90,10,51,39,16,26,0,0,11,16,25,2,0,0,11,14,0
73,38,0,120,59,31,79,5,32,10,10,56,3,6,19,0,77,81,0,51,17,0,29,59,29,51,0,0,8,0,0,38
88,0,38,0,57,40,64,30,9,19,0,0,29,11,0,31,14,27,0,0,18,18,22,17,17,0,0,23,0,0,0,10
0,34,0,232,21,98,38,97,150,0,54,10,0,27,76,31,18,23,0,0,9,0,58,0,11,0,6,0,6,42,0,0
35,103,31,21,95,0,53,113,8,0,31,63,30,16,48,67,50,101,12,24,4,10,7,90,3,0,0,0,0,0,16,22
103,25,98,44,228,83,126,35,90,97,37,31,0,18,140,21,12,40,33,16,21,6,4,12,0,2,10,0,22,0,0,0
60,0,52,42,129,109,22,194,21,48,94,32,0,122,8,0,49,7,11,86,81,2,23,13,0,25,16,29,4,0,0,16
157,0,0,172,99,51,12,54,32,60,8,2,6,0,129,0,37,0,25,9,81,22,4,0,0,22,0,33,34,27,14,14
154,0,11,70,1,0,6,25,12,0,2,7,10,71,98,106,19,4,78,4,0,0,19,0,11,7,18,24,0,0,16,27
9,45,0,0,5,43,3,0,13,30,12,0,0,0,16,95,4,0,0,1,0,19,52,0,3,46,8,0,4,55,0,35
0,9,3,0,55,18,33,50,3,0,0,56,0,0,0,52,28,52,19,31,10,24,74,0,0,0,23,0,57,0,15,0
72,0,0,4,0,0,0,36,21,6,0,0,0,0,6,82,85,11,153,25,82,51,31,14,59,32,3,5,8,0,0,0
0,0,0,0,25,0,21,2,0,0,0,0,0,9,0,23,179,4,109,138,106,22,69,31,29,0,8,0,11,0,12,0
0,0,5,0,7,6,0,2,25,0,0,26,0,0,0,21,26,34,0,21,5,103,0,0,69,0,4,37,0,4,20,7
0,0,61,4,15,11,18,23,0,3,8,64,93,45,0,81,0,0,7,63,61,104,10,0,0,18,0,0,0,17,0,19
4,0,0,9,13,13,0,38,0,12,38,48,63,34,39,53,0,0,26,101,40,19,78,112,7,21,9,0,0,0,16,82
4,0,0,2,0,14,2,26,19,0,0,157,0,211,52,21,11,0,82,0,22,76,27,30,46,7,0,0,29,0,9,9
0,6,2,4,0,0,0,0,0,10,0,6,163,12,7,144,0,9,29,92,0,98,29,0,58,22,0,0,0,0,26,6
0,10,29,40,0,14,0,0,0,0,21,0,7,72,75,19,4,14,0,16,0,26,41,0,18,30,0,0,0,0,6,0
0,48,7,12,0,12,29,1,0,21,0,15,0,9,0,0,2,0,52,31,73,0,7,1,0,18,0,25,0,0,0,64
107,79,123,0,42,2,14,20,0,29,0,17,0,0,0,0,31,62,64,63,6,1,41,0,0,0,11,0,0,31,2,0
60,27,120,28,0,26,22,37,17,29,12,0,112,15,8,14,57,12,44,1,0,2,0,8,8,17,24,0,31,7,6,8
222,204,55,140,25,51,7,0,0,0,7,52,0,0,13,0,51,26,64,0,0,24,13,0,16,17,58,4,0,0,0,47
201,110,104,16,60,0,0,0,30,2,38,0,10,0,3,0,0,4,0,4,8,0,33,0,24,19,13,13,21,57,0,0
66,130,51,0,0,0,0,2,0,0,0,3,23,8,15,0,17,8,0,10,17,0,5,22,17,0,0,55,0,2,0,29
0,7,11,0,4,21,0,14,0,9,0,8,3,2,0,0,19,0,0,0,0,0,10,8,15,0,0,48,14,0,0,59
82,0,14,32,47,10,42,0,0,24,18,0,0,0,14,8,16,4,18,8,0,17,0,16,0,0,75,0,0,5,0,0
0,0,0,5,0,2,0,0,0,8,0,0,0,6,10,0,1,18,0,0,0,0,0,14,33,10,16,0,2,0,35,0
0,0,0,9,6,14,0,0,0,39,0,17,8,10,0,0,2,1,0,0,11,0,0,0,10,2,29,18,0,37,0,33
11,5,0,2,0,45,0,30,0,0,8,0,7,11,17,14,8,13,0,12,37,0,0,3,0,7,13,2,1,0,0,0
0,0,23,12,84,104,12,0,1,54,64,0,0,68,19,61,26,12,0,0,7,0,1,21,0,0,0,21,0,26,18,0
0,15,0,0,214,80,33,19,39,0,94,73,68,0,0,84,26,3,38,0,0,0,0,23,0,8,5,0,2,0,33,0
0,0,0,9,1,35,67,13,14,4,117,77,0,27,0,65,0,19,8,0,23,0,9,0,0,29,0,0,0,30,0,0
0,15,0,26,67,50,16,14,18,1,39,71,49,1,0,0,37,30,7,11,66,0,52,0,35,67,0,0,4,18,0,27
102,74,40,0,66,100,0,0,23,29,156,13,0,8,0,42,13,32,0,5,0,15,52,23,51,0,0,52,0,0,0,43
0,45,75,0,93,0,36,44,78,0,59,0,0,17,43,27,66,7,55,22,31,0,6,25,9,0,40,40,55,0,0,28
47,10,0,0,53,23,0,55,0,14,60,26,0,60,1,74,43,33,0,0,0,25,19,11,35,0,10,29,4,4,6,0
68,0,67,0,176,76,22,0,0,0,11,9,2,38,59,35,0,26,9,0,0,14,0,5,10,0,34,48,0,18,0,0
49,18,24,0,63,13,0,5,14,29,0,0,11,8,59,18,0,6,4,10,0,13,10,28,1,16,21,8,3,44,28,27
0,44,0,0,25,0,0,25,0,27,110,0,0,5,40,0,21,2,31,22,30,5,0,12,38,5,43,11,28,27,6,0
63,0,36,22,76,0,44,23,16,9,56,18,4,0,66,24,29,0,66,0,0,3,8,0,26,0,33,0,34,23,0,29
0,0,0,57,0,0,0,15,14,13,50,0,0,11,11,39,0,2,0,9,34,0,6,0,0,14,3,17,26,0,0,6
0,21,0,9,0,0,0,20,0,0,33,23,0,174,27,14,50,18,21,9,47,8,18,6,0,10,0,6,5,71,9,0
0,0,0,10,0,0,0,40,0,0,17,30,0,128,0,13,53,22,77,0,51,37,0,32,26,58,69,3,22,0,0,44
0,14,0,0,0,0,14,0,23,0,29,2,32,0,0,24,0,0,73,13,92,108,79,0,0,6,0,0,0,0,8,0
0,0,5,24,4,0,6,6,21,0,34,0,2,0,14,0,7,54,34,75,20,6,115,9,12,0,42,0,0,0,20,0
0,7,9,0,3,5,0,5,24,54,153,198,31,0,0,68,25,21,6,12,39,52,2,0,0,0,27,13,6,0,0,14
0,30,0,5,0,0,0,0,0,85,26,193,162,0,0,10,0,0,32,30,54,92,85,0,28,25,7,0,23,0,0,2
0,0,7,9,16,3,0,0,0,61,29,50,109,57,65,24,0,0,0,3,0,117,26,0,0,10,3,0,0,0,0,56
0,4,0,30,12,12,5,15,21,0,26,144,71,26,3,0,1,18,39,41,1,128,37,0,8,14,0,0,0,0,0,4
0,0,0,20,4,0,0,9,1,0,42,31,83,29,3,15,3,6,61,0,0,22,0,8,0,33,20,0,12,0,0,18
0,11,8,8,16,0,31,3,1,48,9,69,66,1,4,17,53,0,42,44,54,0,68,0,29,50,0,0,0,0,0,2
0,10,0,8,0,0,0,35,2,27,96,80,0,0,0,23,5,101,47,98,0,4,24,4,0,0,59,0,25,0,14,86
22,0,0,0,0,45,2,0,12,36,73,12,21,10,0,16,0,0,15,0,6,42,0,0,0,0,0,20,0,6,0,9
152,154,0,12,33,7,9,1,3,34,72,13,3,0,0,5,3,8,24,0,0,5,0,1,0,6,45,7,10,4,0,0
0,46,22,1,31,0,12,8,0,30,21,23,1,0,0,12,24,25,0,0,0,19,0,7,19,0,0,16,6,0,0,87
107,21,0,12,0,0,0,35,13,17,0,0,0,34,16,0,0,5,0,22,0,2,16,0,0,0,0,26,48,15,0,0
0,33,0,0,28,4,0,0,4,23,10,0,10,3,14,8,0,0,1,5,0,0,6,0,0,26,11,0,6,0,1,44
13,3,39,0,0,0,6,0,5,0,0,1,6,0,4,0,28,0,0,13,0,25,1,0,30,2,20,10,0,20,16,0
0,5,0,10,24,0,16,0,23,0,0,2,0,19,4,45,0,7,22,16,10,0,0,0,22,0,0,0,0,1,0,1
22,0,2,14,0,23,28,0,0,19,28,0,13,33,44,0,28,0,0,2,0,0,0,13,17,1,65,0,42,10,9,6
0,7,3,0,0,10,35,0,0,0,0,18,26,9,41,7,6,0,0,0,0,0,0,0,0,0,21,0,0,8,0,14
0,0,27,1,17,120,218,17,16,17,73,24,30,0,0,43,17,48,0,0,11,9,2,0,0,1,19,5,23,0,3,61
0,13,0,0,38,70,168,90,0,35,22,0,156,28,13,0,17,0,18,8,0,19,0,9,5,0,45,23,0,0,0,0
0,41,30,0,4,91,87,0,0,16,17,34,56,42,39,45,0,53,0,0,0,0,34,0,17,0,0,15,0,0,0,0
70,150,18,3,40,98,45,0,0,0,61,46,16,36,6,0,33,55,61,1,112,14,31,12,20,18,39,3,0,28,0,0
0,0,18,0,38,69,54,40,35,0,10,10,48,22,0,0,17,37,6,6,0,0,35,2,2,0,0,16,33,22,0,26
2,25,32,0,0,0,64,57,112,83,25,12,0,27,45,0,32,23,39,31,0,1,9,15,19,0,29,42,55,0,19,0
50,58,60,165,19,34,11,26,12,25,43,44,34,0,17,76,75,37,42,11,29,24,15,0,23,22,21,2,8,0,19,7
0,82,29,179,4,36,14,17,0,0,0,11,0,44,10,0,83,8,6,30,0,0,15,28,7,16,0,0,4,11,17,0
43,75,73,105,207,66,7,3,0,16,19,9,12,12,16,52,16,10,0,60,17,32,8,12,0,0,0,10,0,0,0,0
40,77,90,20,56,51,0,0,0,23,11,44,141,15,84,3,124,14,10,0,58,6,9,0,14,19,1,0,0,52,25,41
38,31,21,0,0,9,0,10,28,0,56,66,2,11,13,49,76,0,88,36,87,0,44,54,20,22,2,0,44,0,12,0
0,0,19,0,6,8,55,0,35,7,29,0,3,8,8,0,0,18,34,0,31,39,81,4,0,0,0,11,5,12,0,0
0,0,0,7,37,0,19,22,0,0,0,23,19,22,17,12,66,0,7,30,0,2,4,0,0,0,25,7,6,27,30,0
0,16,9,4,12,25,10,15,0,19,12,0,0,0,45,12,67,0,87,24,95,0,19,24,0,0,0,0,30,0,21,0
72,34,115,124,0,0,0,18,0,0,11,0,0,0,0,0,53,25,85,26,194,20,16,0,0,0,24,13,22,32,14,0
0,0,11,8,34,0,33,12,33,5,19,0,40,0,5,4,0,7,0,23,33,0,84,0,48,19,60,0,0,22,2,0
0,0,38,38,25,0,0,0,49,19,54,26,29,59,17,64,26,242,127,2,0,66,17,0,0,0,5,0,0,57,11,0
0,11,13,6,0,19,0,45,0,32,9,35,125,0,10,53,197,50,92,46,23,9,16,34,0,2,0,0,0,0,0,13
101,0,0,0,2,0,0,15,16,0,16,52,2,76,94,15,26,54,207,25,197,8,0,45,0,0,37,56,0,10,0,0
0,28,33,0,27,28,0,1,0,0,0,47,30,9,16,105,26,23,151,0,241,40,0,0,3,32,9,0,0,0,31,0
134,13,10,0,0,3,11,16,0,0,14,0,90,35,45,4,0,0,47,79,0,0,0,1,0,0,32,8,17,0,0,7
1,3,17,12,16,8,53,0,0,12,0,6,0,16,125,0,22,65,42,28,159,0,0,0,0,12,0,3,0,0,3,16
0,46,5,5,4,12,0,120,18,120,34,53,21,0,12,5,58,124,69,119,115,0,34,0,17,31,9,0,36,10,24,5
0,14,41,0,30,28,35,0,10,157,46,15,35,81,0,52,0,70,37,154,18,0,0,0,20,2,22,7,0,11,0,0
0,62,8,24,0,56,0,109,0,61,13,0,10,72,29,17,39,0,176,237,43,0,12,6,0,0,2,4,4,10,0,0
0,44,0,35,25,26,6,0,0,0,3,0,12,20,43,29,20,90,252,72,0,0,0,10,5,0,32,6,0,6,0,0
54,0,0,33,3,0,21,21,27,0,0,0,0,0,0,41,20,0,33,19,0,17,30,19,0,0,0,19,8,0,0,15
0,1,26,16,13,23,0,16,0,22,0,5,2,5,27,0,0,0,7,6,8,24,0,11,21,11,27,0,0,2,2,0
0,0,0,3,0,9,8,28,0,0,0,2,0,22,0,0,0,2,0,6,9,0,4,7,0,0,9,0,13,26,18,52
2,6,0,5,0,15,8,0,0,0,32,0,0,0,0,12,0,0,21,0,8,0,24,0,0,0,0,29,0,26,1,11
0,2,0,0,25,15,20,0,24,61,0,6,3,0,0,15,0,0,0,9,0,26,0,0,8,18,26,0,9,20,0,0
62,0,32,11,0,0,0,2,8,0,5,8,7,19,32,4,0,41,41,42,42,156,116,11,1,0,0,42,5,0,0,0
19,10,0,9,14,0,0,32,38,11,17,35,0,102,18,173,5,77,97,3,115,188,4,0,18,0,26,0,12,14,0,57
82,0,0,13,11,4,52,22,18,5,2,56,84,25,86,163,37,46,140,21,60,44,234,19,0,12,23,0,16,38,12,0
0,8,18,12,0,56,21,65,16,0,38,10,49,44,52,253,195,0,0,38,8,63,30,0,0,3,0,14,2,9,13,7
9,56,0,37,40,17,17,49,57,20,116,92,6,10,8,18,13,6,17,80,98,0,103,51,0,19,28,5,0,0,4,0
0,0,8,0,25,18,118,9,13,23,115,84,41,45,1,23,110,3,32,21,73,0,80,43,12,16,40,0,0,0,0,25
0,17,47,8,0,91,54,84,25,42,0,2,8,35,138,9,223,106,0,7,0,6,161,8,14,16,30,0,23,0,0,0
0,190,15,68,67,12,24,59,14,18,15,71,45,73,94,87,85,65,0,2,0,65,44,66,0,38,30,63,17,135,13,15
0,23,39,13,0,12,0,37,56,39,17,0,37,17,159,9,77,23,0,0,138,0,179,158,0,16,0,47,80,100,0,0
0,15,16,18,0,24,10,30,21,31,67,48,0,32,116,40,61,29,66,3,2,0,88,147,0,0,7,0,68,137,21,0
68,37,14,11,55,3,12,0,30,10,1,16,9,0,82,17,34,104,34,0,0,0,52,15,112,53,166,56,46,49,0,9
0,0,26,0,0,0,0,7,31,7,0,2,7,10,0,2,29,14,59,0,28,0,0,36,0,52,9,107,197,8,3,12
0,11,11,23,3,0,0,0,22,11,8,6,0,0,22,0,18,0,7,0,0,3,56,11,4,6,60,16,96,0,28,0
0,0,24,17,36,45,43,0,0,29,21,0,118,6,0,16,0,8,0,0,0,28,0,0,0,0,0,4,0,45,0,48
48,27,0,0,0,24,0,0,0,5,35,0,83,19,2,0,0,9,0,4,0,0,0,22,11,36,0,5,21,0,11,19
0,21,0,0,30,22,0,0,0,1,63,6,21,1,8,2,0,7,57,7,34,0,0,1,0,15,2,50,0,191,38,0
93,21,22,0,20,13,0,0,0,5,0,0,0,0,2,0,19,14,0,32,0,26,52,21,42,0,48,3,0,177,9,14
0,0,1,8,9,0,4,26,4,13,35,8,27,0,0,91,1,0,33,1,0,80,9,0,0,89,113,26,4,0,14,0
84,15,11,12,30,0,7,0,0,11,0,0,72,0,11,6,12,16,2,0,14,53,89,106,32,0,173,107,26,0,0,0
0,8,40,29,0,3,1,0,13,0,0,36,9,78,15,25,0,0,0,1,31,65,89,45,38,82,129,119,0,0,0,7
112,0,23,1,7,1,17,3,0,0,0,9,33,0,0,0,25,10,39,42,23,164,27,19,16,131,149,92,0,0,0,22
171,6,0,10,2,2,1,0,0,12,29,20,9,48,160,0,133,8,0,0,80,96,13,8,54,0,9,17,0,24,42,0
0,0,10,0,0,11,12,0,0,32,0,10,65,21,74,42,12,0,7,19,68,27,29,16,25,4,0,19,0,0,0,0
25,0,0,15,0,0,2,0,10,24,36,35,17,115,65,181,101,0,10,99,25,66,21,16,32,30,0,9,12,0,0,0
54,0,32,6,0,16,9,39,0,4,73,25,46,81,78,201,0,19,2,13,15,4,67,0,38,32,0,0,0,7,0,46
0,13,15,18,21,35,11,83,4,9,0,36,0,11,195,83,21,0,21,48,12,70,0,9,0,0,45,0,21,21,18,0
16,18,0,0,48,54,0,0,0,20,0,11,20,0,23,29,0,8,0,0,3,14,0,0,0,0,0,0,0,40,21,0
0,0,0,8,13,0,38,0,0,0,25,0,0,0,24,0,0,0,0,2,0,0,0,7,18,2,0,0,44,7,0,0
0,38,0,0,0,0,0,27,0,22,0,0,6,18,7,14,0,0,25,25,0,5,0,28,4,0,0,0,1,0,0,12
0,0,17,1,0,2,0,14,0,0,0,0,33,20,4,0,0,27,5,18,8,0,0,14,22,0,29,0,0,17,0,0
0,4,0,8,11,0,14,14,35,0,0,23,0,0,10,0,0,0,9,0,38,11,14,0,45,5,2,0,0,10,0,0
81,0,1,7,1,0,3,43,5,17,16,0,0,0,0,0,0,0,0,45,6,0,0,0,0,0,4,0,0,21,9,0
29,23,0,0,0,0,3,3,10,0,71,43,20,0,0,23,16,19,36,0,35,2,156,12,0,0,11,0,16,0,33,32
45,4,9,5,23,0,0,7,8,14,11,17,34,41,24,44,63,24,0,2,0,40,11,0,0,0,0,10,0,0,19,12
24,11,24,14,15,1,35,44,5,11,4,22,125,0,40,116,10,8,0,3,16,217,94,64,0,0,5,0,4,20,5,16
79,0,49,8,0,0,70,45,44,0,23,42,0,177,119,166,47,38,29,23,29,49,97,10,5,5,31,6,32,21,8,0
18,38,29,0,86,30,38,25,63,0,64,129,3,32,30,70,50,0,25,8,128,15,81,0,0,0,40,0,41,0,34,0
0,29,51,8,72,79,13,28,4,32,103,0,0,69,83,95,79,7,31,3,248,6,83,0,0,0,0,28,28,0,0,19
9,25,76,41,0,26,52,73,60,69,32,18,99,61,52,0,104,19,0,62,0,61,34,6,1,8,0,1,14,0,0,30
105,36,23,23,58,23,29,2,0,41,10,0,96,169,149,140,128,19,24,98,30,31,13,19,25,0,3,22,0,0,0,26
0,13,0,50,2,2,15,34,115,18,0,9,126,247,81,68,156,0,3,53,80,36,46,22,0,3,21,9,0,0,0,0
98,39,0,26,7,10,20,52,0,0,21,0,60,123,110,0,56,2,107,34,12,0,24,29,0,7,0,0,1,0,0,0
0,35,31,0,0,0,2,0,34,2,27,9,66,13,26,22,10,10,11,59,28,30,18,6,157,58,22,3,8,2,0,6
47,0,12,20,0,1,5,20,0,2,0,0,9,13,0,29,30,0,97,3,0,6,0,26,6,9,0,32,48,39,0,72
138,18,14,0,29,0,21,12,0,0,0,0,0,43,0,0,8,39,3,0,41,43,21,55,39,10,64,15,4,0,11,31
0,0,0,16,10,0,1,0,15,0,8,26,44,0,6,8,2,1,0,32,22,11,17,0,0,0,12,0,0,0,5,1
77,0,6,0,0,18,3,55,63,42,31,16,4,0,0,21,0,14,5,33,28,35,0,0,1,16,8,19,22,14,3,10
124,0,0,26,5,127,56,2,4,14,0,5,0,0,0,0,18,39,46,42,0,0,0,50,34,9,0,28,14,0,0,8
132,0,0,0,34,0,0,0,0,27,0,0,0,13,13,8,21,0,0,0,0,27,92,84,105,75,0,20,0,0,0,12
150,0,0,0,26,20,1,0,0,0,9,10,0,3,37,18,36,39,12,29,35,7,0,0,38,3,30,0,10,6,31,45
0,4,3,0,11,23,8,6,0,0,0,0,0,34,12,0,13,11,49,26,37,91,64,114,15,23,18,24,0,0,0,4
81,13,34,0,0,31,0,0,16,26,0,32,25,63,0,7,38,19,88,32,27,119,4,36,26,91,0,0,0,23,0,0
74,0,4,0,0,0,0,9,0,0,9,0,0,25,3,86,38,0,42,60,22,220,0,23,44,0,6,0,15,22,4,0
128,0,0,0,0,2,0,1,8,5,0,4,48,47,159,0,35,28,0,11,22,36,0,3,20,12,2,0,10,6,0,0
0,0,18,12,21,0,6,9,6,72,50,76,9,75,193,5,2,20,61,27,57,11,0,0,1,3,1,0,0,0,0,33
68,0,0,26,38,24,11,23,0,89,101,18,0,74,38,53,111,66,68,80,0,6,4,20,0,0,0,0,10,2,0,0
9,31,0,0,34,112,158,0,48,22,95,26,157,107,34,29,11,16,0,12,0,0,16,0,37,0,28,17,0,0,7,0
71,6,0,17,0,39,0,80,0,3,33,0,12,19,15,0,0,13,0,0,0,0,0,17,0,6,4,0,0,0,0,3
28,0,0,0,9,15,0,2,0,8,4,17,8,0,0,0,0,4,0,4,6,0,20,0,4,3,7,0,0,7,14,0
21,7,0,0,0,6,11,13,0,8,31,0,12,10,0,0,7,0,22,0,14,0,12,0,0,0,0,3,0,37,0,0
0,0,19,0,33,14,14,0,41,26,0,0,7,4,7,3,32,55,20,0,8,0,10,6,18,16,0,0,0,0,0,48
0,29,0,4,0,0,45,0,0,28,0,26,0,19,25,2,0,7,0,19,12,1,0,0,0,0,0,0,2,0,15,22
0,0,0,1,0,15,33,0,19,0,0,12,18,17,0,18,0,14,5,0,0,0,16,0,1,4,23,0,0,0,0,0
14,0,11,2,0,0,0,7,0,48,6,0,21,30,2,0,0,7,0,26,7,7,18,0,0,27,3,40,0,22,0,5
0,0,0,0,0,0,4,18,21,0,7,0,33,0,0,5,0,0,0,0,4,0,0,0,0,9,0,0,4,0,0,22
0,0,2,14,0,130,59,17,0,11,76,35,0,45,3,30,39,51,42,14,9,118,0,12,7,7,17,31,5,17,0,0
82,8,16,38,59,187,61,115,116,0,7,3,67,55,46,34,52,74,47,23,38,13,3,16,0,0,0,23,26,9,2,0
29,3,16,0,2,191,75,8,30,24,45,29,89,24,5,98,0,34,0,17,0,24,13,47,0,0,2,0,0,10,0,0
0,9,0,3,25,65,33,0,0,1,55,85,3,35,6,0,19,10,18,66,102,37,16,0,0,11,0,0,0,0,5,20
54,21,45,7,0,52,73,11,13,134,146,0,34,17,16,50,22,10,8,6,22,0,54,0,2,0,1,36,44,0,0,0
0,0,19,10,32,75,74,76,37,76,15,0,0,49,7,0,87,12,81,110,0,9,39,0,13,22,0,42,15,18,34,21
34,72,159,11,172,0,71,51,3,36,14,78,25,129,29,27,70,75,17,29,51,0,32,1,25,0,0,0,8,0,17,53
40,0,53,6,204,48,85,9,0,0,11,8,7,35,7,3,2,26,25,0,32,18,8,5,3,0,0,21,27,15,0,17
82,81,162,89,33,40,32,44,0,0,96,3,16,0,48,20,55,8,42,34,52,0,0,23,6,2,0,26,10,0,0,46
79,54,87,53,151,98,16,0,14,89,53,27,21,0,1,23,25,3,0,0,96,28,35,10,56,45,0,0,0,12,0,0
0,12,26,39,0,0,0,0,0,240,70,46,10,34,16,8,0,15,138,0,19,4,11,11,0,6,0,17,3,0,0,0
0,0,18,2,2,0,14,0,25,148,20,0,0,23,11,0,18,2,3,25,29,0,95,0,0,4,19,16,7,6,0,0
49,0,0,7,0,0,11,24,0,0,0,46,36,0,13,0,2,34,0,43,28,8,3,18,0,1,0,0,16,12,0,0
0,0,10,9,0,0,22,0,2,0,14,41,94,4,35,0,32,15,106,0,145,17,10,72,29,0,39,0,51,0,0,0
78,0,0,7,37,3,14,3,0,0,0,10,131,0,55,12,119,0,64,61,31,23,0,12,34,0,21,0,26,9,3,12
62,0,16,11,13,0,0,1,0,34,16,64,54,1,35,16,21,38,0,24,0,21,40,9,98,4,3,5,0,1,0,52
0,0,0,5,11,9,0,7,10,0,0,0,1,0,3,56,9,72,0,9,12,68,55,11,24,11,8,26,11,0,0,0
0,0,0,49,18,0,34,0,4,150,0,0,0,37,0,54,0,2,0,31,45,28,116,83,82,0,80,21,19,10,0,0
142,16,21,0,32,53,0,0,0,88,54,56,76,58,31,16,31,11,64,3,28,84,52,53,48,38,9,0,0,1,0,27
40,0,0,15,11,15,10,0,0,0,0,65,48,10,13,91,17,15,17,33,0,98,59,6,30,3,2,10,28,0,0,0
0,0,4,0,0,0,5,0,0,0,11,34,61,39,153,10,13,41,20,0,0,0,0,0,1,0,54,4,32,16,0,0
0,0,0,16,40,0,17,24,16,0,0,35,0,0,166,0,82,41,59,2,47,0,27,25,5,0,0,47,0,0,0,0
46,31,0,70,65,0,0,0,0,68,0,2,26,26,29,0,68,108,49,67,0,37,1,0,30,0,21,0,0,17,0,35
35,13,0,0,0,0,6,81,26,0,28,71,17,0,8,107,8,0,0,0,16,0,23,0,0,18,8,0,1,60,0,0
194,208,65,0,1,0,0,0,0,2,39,48,0,19,6,1,0,12,0,3,15,0,4,0,0,0,0,0,5,0,38,13
118,65,0,0,70,31,0,26,13,8,0,29,48,0,1,54,0,0,1,4,9,0,23,13,0,28,0,0,0,0,12,0
132,18,0,30,0,0,0,0,0,1,0,0,0,0,0,22,0,0,0,0,0,22,0,0,0,4,0,0,20,33,25,0
183,0,0,32,0,0,0,0,0,0,0,14,24,3,2,0,0,22,13,0,3,0,16,0,0,0,0,0,19,0,0,0
54,8,18,0,7,0,16,6,17,0,9,1,0,4,0,0,3,10,0,0,0,0,0,5,11,0,0,1,0,0,0,0
7,0,0,15,14,0,8,25,28,10,11,0,5,8,0,0,17,0,1,32,21,0,0,10,2,17,0,0,0,17,14,0
0,0,0,0,0,2,4,0,0,0,0,16,0,3,0,48,6,3,0,0,0,0,11,0,0,16,0,0,0,0,16,39
0,4,0,15,9,0,0,1,0,14,0,14,0,0,17,4,5,13,2,5,0,0,0,0,0,0,0,0,0,0,0,0
0,0,10,0,84,0,0,21,7,21,54,0,8,93,8,24,30,25,76,13,2,55,0,14,17,0,0,2,0,0,16,0
0,0,0,102,0,0,43,34,74,34,30,0,55,21,0,79,0,20,0,0,8,32,0,36,9,4,0,0,0,0,0,0
0,1,0,132,66,40,44,23,8,26,37,56,24,40,0,7,7,41,0,17,0,0,25,40,15,25,0,2,17,6,4,0
0,0,5,13,50,37,3,8,0,0,40,60,17,8,18,0,10,21,14,31,83,11,34,0,0,0,15,0,0,0,0,19
21,0,25,0,82,24,33,9,9,14,117,58,0,11,0,45,22,64,2,0,44,0,25,31,10,0,5,0,6,0,19,0
0,2,85,39,76,0,94,64,68,11,66,25,0,0,0,4,35,19,65,108,48,31,0,0,8,22,3,27,44,0,19,24
0,40,47,1,88,0,20,31,30,0,38,60,0,95,25,52,81,53,67,32,0,11,0,7,0,12,0,0,0,0,16,0
0,12,7,9,106,25,0,0,0,0,0,9,0,5,27,10,2,10,0,0,32,26,27,1,7,0,13,0,0,0,0,0
17,48,4,0,150,3,0,19,0,9,70,7,0,5,45,48,0,8,8,24,40,3,8,111,0,14,12,0,37,0,6,0
0,78,33,0,115,188,14,0,19,68,86,0,0,8,8,36,23,8,56,0,71,0,17,16,8,81,0,0,0,19,6,5
30,8,0,57,52,9,1,0,4,66,234,13,0,1,0,0,0,14,66,27,12,3,0,34,12,9,2,12,48,23,49,28
0,0,20,2,0,0,62,20,28,25,192,5,25,0,0,45,27,26,0,0,21,39,23,0,2,10,0,21,0,26,10,14
21,0,0,0,0,0,0,16,6,0,13,0,16,37,5,7,73,34,26,28,0,19,13,0,6,0,0,0,40,14,0,0
0,0,35,0,26,43,0,0,11,26,21,0,25,7,8,24,0,0,68,0,42,38,0,25,19,58,0,0,0,0,0,10
78,20,28,0,7,8,36,12,32,8,46,8,30,83,13,0,48,0,32,2,147,9,71,3,0,19,8,12,0,0,16,0
0,0,0,11,1,7,0,0,0,0,3,2,40,103,40,4,6,21,57,56,1,40,44,23,20,24,0,0,0,0,0,0
75,29,0,0,11,17,5,0,14,0,19,4,0,23,21,57,3,51,6,26,26,50,8,0,9,0,25,0,0,3,49,0
12,0,3,0,0,34,0,33,1,21,0,133,113,17,6,0,0,55,0,95,5,68,64,0,8,18,21,0,58,0,27,0
88,3,0,0,0,0,0,0,0,61,26,80,65,56,0,0,12,11,12,12,34,116,39,0,10,0,0,14,5,0,0,0
19,0,0,32,0,24,4,10,13,0,0,71,42,78,0,105,21,1,21,107,0,53,24,5,3,14,15,0,0,0,21,0
42,13,0,0,0,2,29,5,2,0,0,57,202,82,29,0,36,0,31,0,21,15,0,0,34,0,17,8,13,16,20,31
25,0,0,10,16,16,19,0,0,0,48,0,70,0,38,24,25,38,37,21,61,29,76,0,6,38,23,0,0,0,14,55
25,11,0,18,37,0,52,39,35,36,50,52,4,37,11,22,64,119,38,17,0,0,0,26,21,0,27,0,32,13,35,18
0,0,54,36,26,76,0,0,5,0,35,65,42,64,0,70,0,9,5,0,0,9,0,2,16,2,0,0,0,19,23,0
5,109,16,243,11,0,24,48,0,0,25,49,0,0,8,0,6,0,23,9,19,7,6,9,0,0,0,10,0,0,0,0
89,87,169,93,0,0,6,2,0,0,17,50,26,0,0,0,0,2,9,4,0,0,0,0,0,3,0,2,0,33,0,0
69,0,0,68,0,0,18,0,9,0,45,32,0,0,0,6,13,3,5,6,0,7,0,22,0,0,0,4,0,16,0,0
0,0,0,69,68,0,11,11,0,4,1,0,1,14,11,0,0,0,13,16,2,27,3,13,10,2,0,3,16,0,17,0
0,0,0,0,0,1,0,0,10,10,0,0,0,0,14,7,0,0,0,0,0,0,0,1,0,0,30,2,0,13,0,0
0,37,2,0,8,17,22,5,30,15,0,0,0,8,0,57,1,17,0,25,0,0,3,0,3,27,6,0,0,23,22,0
0,4,0,0,59,26,0,31,19,1,0,6,29,0,10,0,0,3,0,0,9,0,0,0,5,4,16,0,0,0,17,30
0,0,0,0,0,47,0,29,8,7,22,9,23,0,7,4,0,0,14,12,8,0,0,1,7,0,0,10,25,7,10,0
0,7,1,0,11,17,45,0,12,6,62,66,12,0,0,15,0,26,49,31,20,48,3,28,0,0,0,0,11,47,18,16
107,12,7,5,0,0,0,85,113,9,47,80,112,17,0,64,0,0,0,63,34,29,0,0,0,0,0,0,0,27,0,24
0,2,45,5,0,0,76,11,10,0,139,18,86,38,5,40,0,46,0,25,0,9,9,0,1,13,2,0,0,0,0,0
0,20,4,16,41,141,188,23,17,0,18,49,1,34,0,0,42,92,29,27,120,0,48,3,0,9,0,0,9,0,0,0
0,0,41,46,37,0,54,43,21,0,78,58,26,2,56,12,0,0,6,14,0,0,66,21,0,0,39,4,24,0,0,76
18,17,33,53,10,48,0,21,60,1,0,0,0,39,101,0,10,21,105,39,0,41,0,5,0,0,50,39,3,0,0,23
0,101,52,4,8,19,6,18,68,102,0,94,30,43,63,23,10,37,0,15,12,13,0,0,0,0,0,6,6,0,1,70
66,52,70,20,32,64,68,16,244,94,0,0,7,28,9,0,0,11,22,0,3,13,5,0,13,4,0,0,0,1,0,11
96,27,104,43,112,27,10,173,86,151,153,0,0,30,1,96,47,0,0,26,22,18,7,0,7,9,0,49,0,0,15,0
72,73,91,74,70,0,119,121,104,44,105,49,0,0,93,33,80,31,37,22,63,18,26,0,20,55,38,8,18,20,11,0
43,37,19,76,29,0,28,31,47,0,67,0,8,60,14,57,54,12,117,46,6,21,41,11,9,11,0,28,25,54,7,0
0,0,0,0,0,0,0,0,0,0,0,0,0,0,5,3,6,0,48,63,111,56,191,0,6,0,11,29,29,0,0,0
0,25,0,0,0,0,0,0,0,16,0,1,0,0,0,7,3,10,0,31,13,28,15,0,0,17,10,0,16,0,0,14
21,28,0,0,0,39,0,0,0,4,39,0,41,0,13,37,0,4,28,0,18,16,40,0,40,59,6,24,0,0,47,17
0,4,25,0,59,12,105,123,93,0,0,0,0,0,6,1,15,0,79,45,73,2,0,0,0,25,45,24,44,8,4,0
0,4,0,33,0,1,74,44,132,0,0,0,0,0,0,7,3,19,0,4,33,11,64,17,102,156,0,37,1,3,0,0
0,27,17,23,4,16,0,17,44,3,18,12,52,32,3,7,0,9,18,2,0,0,19,16,40,25,14,0,0,0,40,21
0,5,0,0,35,31,16,5,2,41,24,0,96,0,0,0,47,0,0,0,46,27,150,45,0,18,0,0,0,0,0,61
21,20,4,0,0,16,0,0,0,23,0,58,18,37,113,18,2,51,0,6,107,25,1,93,69,0,23,5,40,0,30,5
0,2,0,10,0,0,0,13,0,0,0,5,27,21,5,195,0,69,41,9,48,144,0,11,139,11,10,12,1,0,0,0
0,0,13,0,10,0,0,5,26,0,16,30,29,11,61,3,42,0,6,45,144,53,251,26,179,62,0,0,0,0,26,0
0,0,0,38,8,0,23,0,0,10,5,67,0,38,44,49,59,2,11,27,34,24,2,46,81,36,2,49,0,0,0,97
0,0,0,27,0,0,25,19,20,80,87,92,199,108,5,16,8,84,28,18,0,42,54,54,0,33,0,5,18,2,1,14
0,16,0,17,9,0,0,0,44,81,75,111,4,56,114,0,1,9,7,40,0,12,21,80,81,23,0,0,0,16,14,2
126,8,34,64,22,52,11,95,0,136,43,234,180,120,45,12,0,1,50,13,25,2,18,16,18,6,5,0,0,0,0,24
0,29,0,61,30,0,27,33,51,0,27,100,144,92,0,29,0,0,0,39,64,5,10,74,0,0,0,40,0,4,10,0
0,10,0,0,14,0,19,34,60,0,20,77,3,184,219,23,29,0,5,10,25,151,253,7,25,0,34,0,11,10,0,20
0,0,0,0,0,0,1,4,0,3,0,14,0,2,14,12,0,0,0,0,0,32,31,0,15,0,21,6,10,0,39,0
5,0,0,2,40,0,0,0,24,0,0,7,7,37,0,0,0,0,0,1,9,28,29,0,0,7,0,0,19,0,0,26
0,0,29,0,0,0,0,40,34,0,0,27,23,0,0,0,0,0,12,27,0,0,22,0,0,19,0,0,2,22,0,0
10,0,17,30,0,0,0,11,11,25,0,30,22,7,19,26,0,0,0,0,0,25,27,0,0,0,0,13,0,27,0,0
17,0,0,10,0,10,38,17,30,0,32,83,0,0,0,8,18,1,14,22,0,0,0,2,0,12,19,22,2,0,0,1
59,0,0,5,0,0,0,22,27,24,0,53,0,0,0,0,45,68,29,0,16,126,182,0,27,0,4,0,0,4,0,18
102,0,0,12,36,55,3,40,63,41,46,38,92,0,13,152,3,9,50,41,40,115,63,0,0,21,0,0,9,10,0,0
0,13,0,0,15,30,28,15,25,8,48,42,0,6,9,1,0,5,16,45,83,49,74,0,15,18,0,0,11,0,22,0
0,0,0,33,51,35,0,23,4,0,57,110,0,0,250,49,0,0,26,96,70,7,203,0,0,5,0,0,24,6,11,0
0,0,35,25,27,70,80,10,8,69,126,7,12,17,155,157,12,26,22,50,44,17,37,0,0,0,0,24,0,7,0,83
27,42,53,31,37,56,63,9,11,34,0,38,1,0,26,82,0,7,17,83,0,159,53,0,0,8,25,2,0,0,5,24
0,116,28,23,36,0,44,32,6,0,20,82,38,76,64,18,0,0,0,0,16,131,21,0,0,0,0,45,36,0,0,6
0,20,59,5,41,18,31,21,94,9,1,33,75,0,142,247,255,13,23,0,11,245,10,6,13,0,38,34,56,0,5,0
31,26,23,55,36,19,7,74,6,22,50,0,106,49,88,220,157,0,0,18,43,24,15,0,17,0,0,3,0,19,0,0
9,28,39,3,34,0,0,7,0,41,0,5,0,2,55,100,57,0,0,0,74,167,20,28,58,47,0,40,43,0,0,17
0,10,0,0,0,17,1,0,7,0,0,0,0,37,40,30,0,12,59,0,23,0,0,12,13,46,9,0,0,56,3,75
100,63,31,0,16,41,0,0,0,18,0,0,40,8,3,57,76,19,1,10,50,0,87,0,33,74,123,0,5,0,19,0
29,2,0,0,1,7,0,0,0,10,26,0,0,0,11,2,32,26,7,3,8,0,0,16,18,0,153,5,13,16,23,0
64,3,17,0,0,0,0,7,0,0,38,10,12,5,8,0,0,0,12,4,45,7,0,29,15,93,51,3,27,0,0,5
0,1,0,6,0,0,15,0,0,1,137,108,0,30,2,0,39,15,0,0,52,31,23,8,5,14,0,43,0,0,27,71
32,16,0,9,0,9,0,0,7,34,146,50,40,26,0,26,31,31,0,0,0,60,33,21,50,0,0,0,0,43,9,0
0,5,0,9,29,0,27,10,33,3,27,19,0,0,0,0,13,37,3,6,13,26,12,6,14,36,8,181,6,19,0,0
88,1,18,0,1,1,0,0,0,12,5,18,3,13,4,43,17,19,12,17,43,34,51,131,33,11,22,183,0,8,17,0
0,34,17,4,3,0,0,10,0,0,0,33,0,6,0,4,16,0,87,1,26,97,46,27,95,101,24,0,3,22,11,0
16,32,21,17,5,3,21,19,31,31,25,21,0,0,7,47,42,0,88,46,28,164,0,44,71,23,13,0,18,22,33,0
0,0,45,0,11,0,0,4,21,17,33,1,56,65,156,0,5,0,0,16,0,2,25,15,40,0,0,19,0,0,0,0
0,0,22,0,4,35,17,0,2,7,43,14,63,30,109,25,44,0,56,27,48,0,0,1,3,0,2,0,5,22,0,0
0,5,11,0,22,24,5,0,0,54,80,48,177,37,62,4,0,36,0,126,16,0,54,0,3,0,0,0,0,21,24,0
0,0,5,6,0,50,0,0,54,68,0,196,71,169,11,45,16,0,25,1,42,19,0,2,0,0,4,27,0,10,17,77
0,10,27,11,1,14,0,2,2,0,28,36,156,106,17,1,0,3,0,3,2,2,23,0,10,17,1,0,0,5,0,25
0,0,0,2,31,15,12,0,20,0,0,141,48,27,29,5,5,0,0,0,0,0,2,12,0,0,0,8,0,7,9,0
0,5,0,5,0,19,5,18,0,0,0,16,0,10,0,37,9,37,0,0,7,0,0,0,12,18,0,18,1,21,26,0
0,14,9,0,0,16,0,0,0,0,3,0,55,0,9,11,0,8,65,0,26,1,22,0,0,15,0,37,30,0,16,0
0,0,0,4,7,5,15,0,0,0,3,11,26,5,18,0,16,0,9,0,0,0,0,0,0,0,0,0,32,0,0,0
0,0,0,13,37,0,8,16,15,0,0,0,0,3,0,10,0,4,0,0,0,4,0,0,0,0,6,11,0,13,0,7
