0,0,0,0,0,22,0,0,32,22,7,23,0,0,22,0,4,8,11,34,8,35,7,0,5,6,24,0,0,26,14,19
0,14,3,0,0,11,7,6,7,0,0,7,0,0,0,23,21,18,14,0,0,0,23,19,0,0,0,0,16,0,1,0
0,0,0,22,0,0,0,29,0,0,4,14,4,0,0,0,16,27,6,0,4,0,6,27,0,5,0,17,0,0,3,54
0,0,0,0,0,45,2,0,0,37,0,0,0,0,0,53,0,0,0,7,0,4,2,0,0,0,0,0,0,33,0,0
0,16,21,0,0,2,3,23,40,30,23,45,0,66,0,105,0,124,39,0,28,0,0,24,22,18,20,72,11,2,0,0
0,5,7,13,76,53,30,0,0,9,70,89,0,19,20,0,133,57,56,3,0,4,0,15,24,32,120,57,11,0,0,34
75,0,0,26,9,43,22,0,0,0,60,18,56,7,6,0,89,151,57,0,4,10,28,7,32,0,252,0,13,0,11,17
34,54,20,6,15,89,23,58,18,18,67,45,0,2,0,51,55,31,61,18,0,16,23,0,18,8,28,21,1,4,35,0
53,38,19,0,11,13,0,15,0,36,31,36,40,85,16,62,46,10,84,5,10,54,0,84,39,33,107,0,0,0,0,37
14,29,29,32,38,25,12,8,4,28,0,0,0,6,116,0,80,134,34,0,0,9,0,3,8,36,6,0,0,0,0,33
115,26,81,46,32,55,2,71,0,2,53,10,62,74,62,6,178,171,55,6,12,0,13,93,218,50,27,30,0,0,16,2
63,46,85,72,20,52,39,0,11,14,19,20,39,18,98,0,94,247,25,19,65,0,43,5,15,77,49,0,32,0,12,19
48,46,10,10,0,9,0,0,0,13,32,30,64,37,9,19,183,143,99,4,0,0,0,217,205,26,7,0,7,18,0,26
0,16,84,13,0,0,80,0,13,0,0,8,13,21,0,7,17,20,60,26,27,5,70,88,1,0,0,3,125,28,18,94
0,20,0,6,11,0,1,22,0,0,39,5,2,0,13,19,1,29,0,25,17,0,2,0,0,2,50,15,23,0,120,16
32,0,2,27,16,0,4,20,8,48,72,43,8,18,0,0,0,8,11,29,36,0,0,0,0,0,5,56,72,47,10,39
29,42,20,2,24,0,33,0,12,1,174,48,29,7,0,6,0,0,0,0,8,5,57,0,26,0,0,29,7,13,0,20
53,0,4,19,0,27,52,11,3,10,28,89,95,0,0,0,41,0,0,0,0,32,7,0,2,0,0,26,34,0,0,4
64,83,16,0,0,32,8,41,17,1,13,4,50,10,0,12,0,0,12,0,0,1,2,0,21,0,4,9,0,0,0,3
0,0,0,35,0,0,0,18,0,4,13,0,10,21,0,0,0,0,35,5,0,25,0,0,9,9,47,0,32,16,0,0
93,0,0,19,0,0,0,0,0,11,0,0,3,12,9,0,10,0,0,41,0,18,40,19,21,0,51,75,194,6,0,9
0,0,0,0,0,0,16,17,21,6,3,1,0,1,0,0,19,0,64,36,0,52,6,21,73,0,16,0,5,23,0,4
0,0,0,0,0,0,12,0,0,0,0,14,0,48,45,12,1,0,10,4,3,3,1,14,8,0,0,10,0,0,3,0
0,3,30,15,31,0,9,0,0,0,0,0,0,18,0,0,0,0,17,51,11,7,0,1,0,0,15,43,0,12,15,0
66,0,33,42,0,0,0,0,0,0,29,56,0,72,0,0,8,0,0,0,0,0,0,0,0,4,4,0,0,36,0,7
0,0,19,0,0,24,13,17,19,4,0,49,137,58,0,53,0,0,9,0,0,2,14,17,0,0,13,3,0,0,2,38
0,10,24,35,0,9,0,42,0,0,139,45,0,0,40,12,0,5,0,10,6,15,15,0,5,0,14,0,0,0,0,0
23,13,21,0,40,0,28,50,0,0,56,0,58,0,0,0,0,0,0,26,19,10,8,0,0,0,0,5,0,30,15,0
123,19,31,2,43,0,0,0,70,0,6,0,61,28,0,0,18,8,22,16,3,0,0,17,0,12,41,0,8,8,17,7
9,0,17,35,10,33,0,23,12,4,2,3,0,16,0,0,4,0,0,0,14,3,1,7,1,9,0,0,0,0,23,0
0,4,37,18,22,0,0,0,5,0,6,0,0,0,0,5,0,1,14,0,10,0,0,0,0,0,5,1,1,0,8,0
25,0,0,12,0,0,1,19,0,0,7,28,0,0,23,0,1,20,14,0,18,0,0,15,3,0,24,13,15,0,10,16
0,6,0,13,4,0,13,0,14,25,0,0,0,25,0,0,38,12,9,0,6,34,8,0,29,0,23,9,0,0,0,0
0,33,31,1,40,13,0,21,33,0,39,57,47,0,0,28,14,12,0,35,39,0,0,31,0,0,0,41,16,0,25,0
18,1,0,30,22,0,18,15,3,8,0,48,0,17,0,1,0,8,0,0,0,7,1,16,0,0,0,0,24,22,0,28
0,0,0,29,22,0,28,0,58,4,0,27,0,11,0,10,14,0,0,9,10,0,7,13,0,0,5,1,2,0,5,1
0,30,13,0,44,6,0,0,14,0,0,47,0,68,13,132,29,16,3,12,0,0,44,8,45,49,6,0,0,10,26,0
0,0,50,13,58,8,78,18,0,20,33,30,131,132,54,28,53,109,42,36,114,18,43,53,35,0,24,7,0,1,0,36
20,0,0,90,88,0,58,0,0,45,80,40,30,18,18,64,35,18,8,14,0,26,32,18,88,0,37,35,0,0,0,0
0,56,0,102,28,45,35,18,0,68,74,12,0,3,0,18,46,4,8,0,0,1,0,0,0,0,16,14,5,0,7,2
59,0,0,36,0,0,69,51,57,68,0,90,62,65,12,61,55,81,12,0,14,85,22,64,2,23,22,0,18,0,0,3
17,37,9,102,93,50,78,49,112,0,18,41,85,34,93,11,40,20,1,36,58,0,52,0,33,6,19,5,3,0,52,0
0,0,109,131,149,34,0,85,0,102,174,32,107,92,118,9,44,4,31,83,49,24,11,93,42,6,0,0,0,10,5,0
77,44,112,103,80,140,79,81,54,31,82,68,38,14,6,48,19,97,22,17,74,21,29,0,32,16,9,0,0,0,7,0
0,10,88,65,56,211,83,66,33,170,135,82,58,5,24,24,0,6,102,18,0,0,43,18,0,14,43,5,0,0,0,49
74,0,56,237,0,86,101,27,40,152,45,0,0,31,0,0,14,0,23,73,9,32,74,0,0,18,0,7,24,21,0,16
0,0,49,66,0,0,25,77,34,0,9,15,0,45,146,0,78,32,0,61,0,1,0,8,1,0,0,15,43,0,0,0
0,0,0,0,35,43,4,0,16,5,76,0,0,113,50,7,4,3,31,2,109,0,0,0,0,6,0,9,0,0,22,13
0,66,0,0,29,29,23,18,0,12,6,0,0,6,10,9,0,0,77,0,0,4,0,1,0,16,3,0,0,20,10,0
0,0,0,0,0,0,45,20,45,29,0,0,0,47,0,0,10,117,0,0,0,10,16,28,32,3,0,8,0,6,0,75
0,8,0,22,0,31,5,24,12,16,25,17,0,0,0,3,7,172,7,0,26,0,0,0,17,1,0,14,0,41,0,56
0,0,0,0,0,71,0,10,15,0,31,0,14,6,0,106,223,6,0,85,25,23,0,36,0,14,0,12,58,74,0,16
0,2,6,0,0,0,0,9,90,58,49,9,0,0,10,136,39,58,6,0,0,98,34,25,24,30,9,0,0,8,48,59
156,0,6,21,21,0,9,0,22,18,0,0,156,13,16,47,34,23,48,0,40,0,45,22,32,0,21,21,0,0,0,24
71,0,0,41,19,0,19,0,68,0,34,130,142,138,167,0,28,0,0,18,0,0,0,7,0,0,1,52,0,0,0,0
0,0,0,0,12,12,13,0,0,0,73,55,0,157,141,42,106,15,24,81,3,0,2,0,13,16,14,0,0,0,53,0
45,12,2,5,48,0,2,0,27,13,0,39,0,119,12,37,46,40,68,0,12,4,7,0,0,22,50,0,1,4,0,0
0,0,106,13,46,62,19,0,3,47,0,0,15,67,76,48,28,0,0,0,0,45,0,4,9,0,26,0,5,0,0,21
13,181,129,137,35,45,59,0,16,0,0,17,0,0,0,0,23,1,0,0,0,0,21,13,42,0,29,12,0,0,0,15
99,48,126,89,109,65,29,48,0,12,0,0,37,56,51,0,0,0,0,0,0,0,31,1,0,0,18,0,0,0,7,0
102,92,81,136,43,43,4,0,0,2,0,29,0,8,17,17,9,13,0,3,36,0,0,0,2,1,0,0,0,29,11,0
4,110,86,70,29,4,0,0,17,16,0,48,0,6,12,0,10,41,22,0,0,5,0,0,20,8,30,21,26,0,20,5
24,22,41,60,0,31,0,0,0,7,27,0,0,7,6,7,0,7,0,0,4,0,39,9,12,0,0,9,0,33,20,0
0,19,0,71,9,0,0,0,0,7,0,8,0,25,21,0,0,0,4,0,0,17,14,32,0,0,14,7,8,8,0,0
0,0,0,2,0,16,15,0,11,0,16,34,0,1,0,0,0,8,20,0,1,17,0,0,16,11,0,0,6,10,0,44
18,2,0,21,46,22,5,21,0,33,4,0,25,15,13,14,0,10,9,10,0,21,10,0,28,0,44,84,0,0,0,16
0,0,0,0,0,0,0,0,0,0,6,0,0,12,23,0,9,0,5,0,17,20,0,0,58,0,0,7,0,18,0,13
0,23,0,0,0,38,23,11,14,0,32,0,96,3,39,25,0,0,0,4,0,0,70,17,22,0,6,4,0,0,31,32
0,17,0,0,6,0,18,11,0,0,66,0,0,0,0,16,4,0,15,22,0,0,0,13,25,3,20,15,19,10,7,0
0,13,0,0,42,26,26,0,0,71,148,13,3,16,5,12,71,3,0,14,65,6,0,13,16,76,31,0,26,25,0,3
0,0,63,0,35,40,75,46,2,50,74,16,25,9,0,14,25,31,0,19,0,0,0,13,17,0,72,25,46,14,0,15
45,215,61,0,38,82,40,87,39,74,14,14,14,11,30,0,63,7,12,40,47,0,31,4,6,31,0,0,2,0,31,6
0,113,38,0,75,0,41,40,0,107,0,67,0,33,18,62,110,8,69,35,24,1,0,20,0,15,7,0,0,26,14,0
78,183,75,2,55,0,5,11,16,0,0,15,0,40,26,0,6,45,11,37,0,20,7,0,0,0,17,3,0,37,11,0
141,182,200,35,46,19,0,38,8,37,71,7,16,113,38,16,19,0,6,38,77,10,18,12,0,0,37,0,15,0,0,36
46,204,161,108,0,0,27,0,45,144,8,0,0,32,68,0,78,6,24,0,40,21,0,0,16,24,3,2,0,0,0,0
0,140,146,42,26,0,0,14,211,182,1,0,1,0,45,0,3,0,8,0,0,0,8,22,26,0,17,0,0,0,0,50
0,235,197,33,0,0,67,44,77,14,8,23,5,0,0,24,58,0,34,57,0,2,78,0,0,0,10,0,2,0,2,30
104,37,243,2,43,1,11,0,0,0,0,0,5,42,97,5,13,16,170,58,27,0,0,5,0,4,0,44,3,0,13,49
0,8,0,18,0,0,0,27,12,0,11,6,15,0,178,0,0,6,33,29,34,0,12,0,2,14,38,5,20,0,1,64
0,42,0,0,33,28,35,0,0,48,10,0,28,0,9,0,28,13,16,0,0,0,7,9,0,0,0,26,0,0,0,22
0,0,32,11,0,0,17,22,0,0,13,3,0,0,11,6,28,60,24,0,7,0,0,0,0,7,0,14,8,19,2,9
88,33,11,16,23,44,1,15,0,0,35,0,0,5,17,30,92,81,0,0,0,10,0,0,9,0,12,0,28,0,0,0
0,2,16,81,7,26,34,11,0,0,51,31,0,16,0,0,89,39,25,5,11,0,0,12,1,0,27,60,30,0,36,1
0,0,0,0,0,19,0,11,18,3,18,0,0,43,0,18,88,17,0,6,0,90,18,14,46,0,27,6,13,2,0,26
0,28,0,0,0,0,12,47,12,0,38,95,196,119,0,27,0,13,21,0,15,16,31,0,0,21,0,6,0,3,11,14
85,13,2,0,0,6,0,4,1,0,11,116,89,63,62,0,56,0,3,0,5,5,0,0,0,0,0,0,0,0,0,0
0,5,0,20,10,10,5,9,0,19,0,53,156,138,175,10,0,0,0,73,13,0,13,0,0,0,0,0,0,5,8,0
0,3,41,12,31,15,0,0,0,0,12,45,30,0,74,22,0,51,0,0,6,10,41,0,15,23,0,0,0,0,19,3
0,0,32,0,2,27,0,25,43,20,0,41,21,59,45,37,0,0,8,2,13,6,7,0,0,13,0,18,42,10,0,9
0,31,26,16,25,30,12,0,0,2,29,7,4,14,8,0,0,9,0,2,0,24,8,0,11,11,0,0,1,8,0,44
0,35,17,13,48,7,0,0,0,5,35,19,28,13,34,32,0,0,0,8,11,0,0,0,0,0,0,29,0,7,4,0
0,53,0,0,36,0,7,0,0,0,34,22,51,0,19,18,0,0,0,4,12,16,0,2,11,0,0,0,0,14,5,11
27,0,0,55,0,0,0,34,23,0,19,3,0,0,0,28,0,0,0,4,0,29,0,0,0,0,3,0,6,0,0,0
0,1,23,11,0,9,7,0,0,0,13,0,0,17,16,0,2,8,0,0,19,2,0,13,3,4,26,0,0,0,9,31
0,3,17,22,0,0,1,17,0,0,4,0,0,18,0,0,0,0,6,34,1,0,20,36,0,0,19,35,18,16,0,0
0,0,14,14,0,0,0,6,4,0,0,0,0,19,0,0,0,17,0,0,7,7,0,49,0,0,0,5,0,0,44,18
0,50,0,0,29,29,9,22,0,0,21,2,0,3,16,0,21,0,0,0,0,31,0,0,16,0,18,16,13,17,54,0
25,14,0,0,10,3,2,40,1,5,28,7,0,0,15,0,0,4,0,1,14,2,0,40,0,9,0,0,0,0,0,22
68,8,18,0,47,0,24,14,0,42,45,0,87,0,14,0,0,0,0,0,17,0,0,1,0,7,13,0,7,0,46,31
0,8,0,0,4,31,0,0,0,25,10,35,39,36,0,19,29,58,0,12,0,0,42,34,0,16,0,0,0,5,0,0
0,2,26,16,71,22,0,59,73,0,2,70,0,24,0,35,26,86,0,0,93,0,61,28,6,29,8,0,1,0,0,14
0,18,33,12,43,57,67,0,8,107,88,8,0,1,0,22,0,59,16,0,4,0,40,0,46,33,20,5,0,5,0,0
0,29,43,1,0,55,112,29,48,68,51,18,27,0,3,2,39,0,20,31,0,6,12,14,20,0,1,32,0,2,13,0
0,19,12,32,56,54,51,51,16,3,23,91,79,23,0,109,22,81,40,3,19,0,22,12,0,19,9,0,9,0,11,2
0,7,26,24,48,16,10,51,153,0,44,54,0,42,99,0,54,9,113,0,19,5,6,0,29,0,59,0,28,0,18,4
11,38,108,65,57,88,0,63,22,13,65,83,145,0,103,6,24,23,15,0,1,29,0,0,9,16,21,0,4,25,3,0
0,62,43,19,49,4,33,35,68,109,118,33,193,48,50,5,112,5,102,188,0,7,9,0,7,5,0,0,0,0,0,0
0,0,38,79,9,41,0,20,74,0,32,67,7,0,26,93,3,20,128,172,13,19,22,19,11,68,0,0,0,6,10,0
0,8,20,22,39,0,97,23,12,70,0,0,38,82,26,22,0,3,43,79,20,0,70,7,46,7,34,41,9,0,24,0
102,26,36,0,25,11,23,7,0,2,92,0,49,0,39,3,55,43,22,11,85,0,72,29,55,69,89,0,2,0,0,30
12,3,11,4,50,32,0,0,41,9,33,0,0,6,0,0,16,0,0,32,29,46,6,54,125,24,98,0,0,0,0,0
0,51,18,34,1,29,21,0,212,178,0,27,9,15,0,11,3,4,0,0,0,5,31,0,13,19,88,27,25,0,0,23
12,0,17,0,7,25,83,111,40,140,0,29,0,12,0,0,1,14,25,28,30,1,0,0,0,5,6,55,11,0,8,0
0,1,45,83,0,32,0,42,214,63,86,0,0,9,0,123,190,0,0,2,0,7,0,30,24,0,23,5,157,20,5,59
16,3,7,105,8,57,38,45,0,49,0,0,48,0,0,35,96,95,0,86,27,0,5,20,35,8,43,39,232,26,0,0
0,0,4,14,0,0,16,7,0,0,9,20,4,1,12,2,4,25,0,0,147,8,7,0,0,0,19,206,112,0,0,0
0,0,0,0,0,0,0,58,28,19,7,0,0,7,13,0,42,44,30,11,13,0,0,146,39,209,15,95,73,0,0,49
147,13,35,0,50,0,0,4,0,0,34,61,61,0,171,35,29,0,10,26,54,135,214,188,37,196,3,0,0,1,17,30
0,0,0,1,20,0,0,0,17,4,4,0,7,0,43,26,126,1,80,5,47,0,99,85,187,56,93,0,0,7,15,3
20,30,10,0,14,24,0,0,22,0,0,0,0,28,0,14,39,32,0,25,0,38,96,107,177,208,206,131,58,0,42,41
0,0,69,23,8,0,0,58,9,0,7,6,61,117,221,48,22,43,12,0,0,6,8,0,55,242,41,81,35,0,0,0
29,30,38,0,40,13,19,0,0,10,3,0,53,31,234,0,18,13,0,0,0,0,0,19,47,1,23,0,0,0,17,19
21,17,17,5,29,16,0,0,0,0,9,145,85,30,42,0,0,0,2,0,0,11,18,20,55,29,0,0,0,4,0,14
0,16,0,24,35,0,0,0,7,0,6,17,152,42,19,0,0,9,22,0,0,6,28,0,62,0,4,0,14,3,7,2
39,0,18,20,0,0,0,33,0,0,27,0,41,0,23,41,0,0,14,0,0,25,0,0,0,0,0,27,10,1,0,22
0,16,0,0,0,2,0,0,0,42,0,0,0,16,13,44,5,0,0,0,0,11,8,0,0,0,0,0,0,0,0,36
2,10,0,0,0,1,4,0,30,34,0,41,0,0,0,4,17,0,0,4,14,12,0,6,13,5,0,0,23,0,0,0
0,8,19,0,0,0,0,0,0,0,0,1,0,0,9,10,7,0,7,2,0,21,5,0,2,11,16,9,0,0,19,6
0,4,0,0,6,6,8,0,7,0,0,1,30,16,7,14,0,7,4,0,13,22,0,0,9,0,0,0,0,1,16,16
49,0,0,10,0,24,17,0,0,0,0,39,0,0,4,32,1,0,7,13,0,0,4,36,0,0,0,0,0,30,0,0
61,1,37,44,8,0,0,44,19,0,9,0,3,37,0,0,0,60,5,0,16,24,0,4,0,0,35,10,36,4,0,0
0,0,15,0,50,0,2,6,49,0,26,0,22,0,0,0,0,226,2,20,0,3,0,22,0,93,175,0,19,0,8,0
0,12,21,2,38,66,0,19,0,22,0,86,0,26,31,14,18,80,115,0,60,0,62,29,0,100,152,0,7,0,0,0
145,0,9,0,48,0,47,17,13,32,116,0,1,22,0,0,0,132,158,0,33,18,11,0,47,0,198,5,0,9,15,11
16,59,67,0,41,88,12,0,40,18,15,46,38,0,49,0,45,35,202,0,0,1,38,0,30,90,59,18,0,13,0,8
121,48,40,13,36,28,42,107,25,75,7,69,0,81,4,39,18,106,147,4,0,5,0,31,14,57,0,38,9,0,0,0
78,7,34,12,76,22,56,10,140,28,0,0,21,38,174,13,0,142,225,13,0,33,17,4,50,13,0,30,16,13,5,4
0,19,3,73,0,12,0,3,0,13,28,12,22,56,76,32,54,157,245,0,55,29,32,58,213,24,0,0,0,0,7,0
0,33,92,5,64,32,6,0,46,95,54,0,8,0,0,0,0,148,108,0,22,29,0,87,218,12,0,0,25,0,15,0
0,0,21,70,0,0,23,69,30,0,52,51,0,4,73,0,0,29,109,10,5,0,0,184,113,16,12,35,0,23,3,2
0,0,41,34,0,12,63,36,3,20,24,22,0,0,3,0,51,118,25,30,56,2,36,86,22,0,19,0,68,12,62,0
0,121,11,0,0,0,0,26,0,0,15,0,0,25,0,12,4,0,34,6,31,0,11,14,16,0,31,8,20,19,23,61
15,13,39,0,58,2,9,37,26,45,22,49,137,0,10,0,0,23,0,0,17,0,0,19,3,8,27,12,190,0,0,63
0,25,11,28,29,3,79,10,13,18,0,233,53,28,0,16,18,0,19,4,0,19,30,0,0,9,0,143,165,2,0,11
0,25,48,0,17,6,60,34,23,25,6,169,38,13,0,0,0,102,0,0,0,0,0,0,3,0,4,22,28,8,16,0
0,5,22,5,0,32,0,4,45,37,4,98,0,0,1,4,0,42,27,41,0,0,12,6,0,0,0,18,42,0,0,66
0,4,0,1,22,62,2,0,0,41,0,39,0,2,0,25,0,54,20,3,26,27,102,22,0,21,0,1,0,27,5,0
45,0,0,0,0,0,0,0,22,0,0,40,0,18,0,1,15,0,49,40,38,74,0,23,0,6,0,31,199,42,9,54
0,3,20,20,22,0,27,0,0,0,0,9,28,24,43,14,9,1,52,0,5,31,7,4,81,91,0,8,0,2,0,0
9,0,0,55,0,0,0,0,0,0,0,26,0,45,4,8,9,0,0,0,0,0,14,72,75,185,1,3,4,1,33,0
128,31,1,0,42,32,5,0,0,0,0,5,0,13,29,0,25,13,3,18,40,0,28,39,95,59,0,0,0,10,31,24
0,0,17,24,44,0,0,7,6,3,0,0,38,44,0,16,0,0,10,0,9,40,20,7,22,42,1,9,10,0,0,18
29,0,9,50,2,8,0,0,0,6,8,24,169,40,0,47,0,14,0,0,0,0,0,0,0,0,0,29,0,8,18,0
22,0,30,10,0,10,48,7,3,4,0,0,16,0,0,16,0,11,0,0,0,19,20,0,17,11,0,2,0,11,28,16
0,28,0,0,58,23,0,0,0,51,0,0,0,25,19,35,10,0,0,0,0,35,0,0,0,0,0,2,0,39,7,0
0,0,9,31,13,0,3,0,0,2,41,5,52,17,29,0,0,6,0,0,0,5,5,4,48,20,67,4,24,0,0,0
34,0,27,2,2,0,9,0,0,2,45,7,13,0,0,5,0,21,22,21,3,19,6,0,0,12,0,0,52,28,7,36
0,0,46,0,17,0,2,0,3,8,21,0,0,0,0,22,0,0,1,20,0,0,6,0,0,0,0,0,3,0,0,0
16,0,0,0,17,4,32,0,0,36,0,0,9,0,20,22,22,12,0,0,0,28,18,1,14,30,11,0,0,35,0,5
68,0,10,0,21,0,4,19,15,0,0,0,0,0,0,13,0,0,3,0,4,0,0,0,0,0,0,0,0,0,15,0
15,2,9,0,50,15,19,0,5,39,0,0,11,0,19,5,0,0,0,0,0,9,0,0,8,0,0,0,0,3,19,0
42,0,0,5,31,0,16,0,0,12,0,5,25,3,3,1,0,7,0,2,0,14,36,11,25,0,23,14,7,4,0,13
79,0,0,4,13,0,0,0,0,42,0,11,42,0,0,0,22,2,16,0,0,0,0,7,0,0,13,45,4,0,0,46
81,0,28,34,3,0,7,27,7,0,0,22,37,0,0,129,23,2,4,0,0,0,0,13,22,49,0,0,8,19,26,0
0,18,0,0,60,110,51,20,17,18,36,80,25,191,105,31,43,142,10,41,75,38,38,39,79,66,41,9,0,0,0,5
20,0,0,45,62,48,53,24,45,18,84,11,0,5,4,30,19,0,31,48,0,0,13,31,91,7,31,0,6,0,0,0
0,4,10,69,66,7,69,30,23,43,42,27,0,0,0,0,23,0,5,54,23,2,0,0,0,0,37,31,0,0,0,26
0,60,30,5,15,16,0,40,0,60,0,89,64,103,41,46,72,48,11,14,32,5,5,0,0,9,33,12,5,4,3,42
69,19,3,85,80,59,95,12,85,0,19,2,37,0,55,18,65,10,4,17,48,0,27,12,0,0,0,0,0,21,11,0
4,27,49,34,68,98,64,169,0,43,123,50,100,59,78,23,19,26,4,0,64,1,0,45,26,10,0,29,29,4,24,0
27,78,173,163,30,100,21,68,91,146,63,0,30,27,24,95,111,68,14,21,84,23,31,0,29,7,0,12,41,1,0,0
8,0,70,0,34,108,44,32,70,54,169,112,0,0,18,0,36,10,81,60,88,14,31,1,0,0,9,0,50,0,80,0
0,31,82,74,6,29,63,48,27,45,0,0,1,0,0,8,3,0,6,55,0,27,39,14,0,0,5,32,64,0,0,0
25,119,109,36,47,5,2,46,41,0,72,21,187,0,9,0,39,32,49,24,48,0,41,8,0,0,58,0,13,0,25,5
0,0,0,34,3,0,30,86,15,29,28,0,25,21,0,13,0,0,0,16,15,5,0,26,3,0,18,0,29,13,18,0
0,26,7,4,0,5,22,26,0,22,0,21,0,0,6,3,0,0,0,14,0,29,0,18,0,2,0,10,5,0,0,23
11,23,20,0,5,0,10,54,24,0,0,16,19,0,0,23,0,0,0,36,0,0,63,0,0,16,2,0,21,0,20,0
22,8,19,0,5,23,37,32,14,0,0,0,0,177,110,63,39,98,0,0,49,70,18,0,0,0,0,10,0,0,0,13
35,15,11,28,17,41,108,23,0,0,0,8,35,143,0,120,26,0,16,35,42,43,102,156,98,16,0,5,0,0,3,0
76,0,0,0,7,63,0,11,6,23,11,24,0,5,5,15,18,13,54,23,2,102,42,67,71,42,1,12,45,3,0,1
0,0,23,8,18,0,11,0,23,0,56,14,42,28,2,0,17,44,70,96,11,186,0,0,142,24,16,25,1,0,0,36
99,16,23,0,0,0,0,0,87,22,180,13,54,62,170,0,0,0,54,0,12,14,22,0,53,36,8,0,0,7,26,0
68,0,0,22,13,0,0,61,124,103,20,54,88,70,100,10,0,0,0,22,30,0,13,0,1,0,0,13,0,0,25,36
32,7,0,0,10,10,0,12,0,73,146,38,34,34,0,26,73,46,54,36,9,15,5,10,0,0,26,0,0,0,26,0
0,0,0,23,0,0,7,17,15,18,0,0,0,0,0,0,0,17,0,10,16,9,19,0,0,42,4,8,3,2,7,0
83,46,0,0,2,46,0,0,0,0,31,28,0,0,0,10,0,30,0,15,12,32,17,0,11,0,0,5,0,0,0,0
0,90,15,11,0,17,0,11,0,0,0,0,3,0,0,0,27,7,0,0,0,0,0,33,0,0,0,15,0,0,0,4
215,48,79,0,22,0,3,0,13,9,0,9,25,28,0,0,0,0,32,0,53,0,7,20,11,0,2,0,0,0,0,3
0,15,61,0,0,0,7,94,19,31,4,0,0,3,16,0,13,6,0,0,8,7,15,0,0,0,1,8,0,0,1,39
58,0,62,0,32,27,54,0,0,0,0,32,5,14,0,0,0,0,0,12,0,0,0,0,0,0,0,0,0,11,0,0
13,0,13,0,2,0,31,35,4,0,23,30,13,0,0,0,2,0,21,34,0,0,13,11,29,1,0,14,23,0,1,0
0,17,18,3,0,8,32,0,0,25,0,0,0,0,0,73,0,7,0,0,0,36,39,10,7,11,0,0,0,0,28,32
0,27,0,3,2,13,0,14,0,9,0,0,14,6,6,2,2,0,6,0,16,27,0,0,9,0,0,4,0,0,0,0
0,27,11,51,0,5,8,25,5,0,4,3,10,0,24,24,0,0,12,10,0,23,11,0,2,0,0,0,4,0,17,21
0,0,0,29,50,5,0,0,50,9,0,0,29,42,0,0,22,0,31,0,4,26,0,0,11,0,11,10,0,6,10,0
0,0,16,16,175,67,45,0,11,41,0,0,0,43,14,21,19,25,0,0,27,46,55,66,66,0,5,0,0,0,9,43
0,5,0,194,150,31,47,2,0,10,99,73,25,14,14,11,71,40,45,0,103,0,63,0,0,103,0,22,14,0,0,0
0,2,0,19,46,30,65,21,0,48,32,0,10,12,40,17,23,41,20,0,63,18,58,6,7,42,59,0,33,0,0,34
0,29,37,0,5,97,5,51,28,97,46,0,3,33,44,0,17,24,39,13,49,41,26,31,0,0,0,0,27,0,24,0
0,40,27,63,18,6,0,16,22,131,33,35,0,96,0,38,69,70,44,4,0,40,0,21,0,0,0,2,19,9,0,69
0,34,48,27,40,43,0,14,69,29,0,0,22,0,32,0,0,50,12,0,31,12,22,10,0,0,0,14,0,22,12,18
0,37,14,183,0,31,19,21,1,0,59,14,11,35,91,0,34,0,8,0,52,0,6,17,0,0,66,0,0,1,0,0
18,72,60,31,16,38,0,26,96,109,9,23,16,47,26,63,21,41,26,12,20,3,0,0,63,14,58,0,11,28,9,0
0,26,30,83,0,0,0,33,102,0,0,0,155,14,16,0,1,19,94,22,26,0,33,0,37,28,63,24,64,0,14,0
0,0,66,74,0,6,0,0,26,2,0,9,32,108,0,67,26,19,16,25,0,30,45,0,29,13,0,1,0,0,0,0
0,7,0,24,38,8,16,29,62,13,0,4,39,45,6,44,17,32,0,0,8,0,25,12,0,1,0,0,0,0,5,0
13,0,2,0,14,17,28,80,2,12,0,30,0,11,0,0,0,29,0,29,17,10,6,0,0,0,31,23,0,0,7,0
106,13,47,0,57,0,0,10,0,0,17,72,28,13,0,0,4,24,0,10,4,0,39,0,16,0,18,12,0,25,4,0
0,0,0,3,0,0,28,0,26,0,3,193,0,9,44,0,1,0,0,45,0,0,0,0,0,6,24,34,10,18,16,21
54,6,0,2,0,0,4,2,21,5,35,97,0,5,30,6,10,5,0,0,20,15,0,0,0,0,5,0,0,0,6,2
38,1,0,0,32,52,7,2,0,1,0,0,9,63,14,15,37,8,12,47,13,89,95,43,7,15,9,2,36,0,7,0
0,1,19,0,0,1,0,12,43,45,23,73,17,0,9,27,0,2,9,36,46,53,49,23,5,23,0,58,0,1,10,26
0,10,0,0,14,3,22,43,69,0,6,0,36,2,17,0,0,21,0,95,34,60,25,16,11,4,0,7,0,21,25,8
0,0,39,0,0,0,65,0,66,138,14,0,43,34,32,0,35,12,74,0,11,2,3,0,0,12,5,0,8,8,1,0
68,41,0,0,24,0,9,0,49,148,88,16,15,11,21,0,3,56,0,26,9,0,0,29,0,0,0,0,5,0,0,0
0,0,0,11,0,0,21,37,40,54,0,0,0,120,0,0,30,55,19,7,0,9,0,0,0,0,19,10,23,0,0,0
35,0,0,32,0,0,0,47,6,5,0,25,0,0,0,33,0,0,9,15,0,8,0,0,0,0,0,0,4,0,0,0
0,0,12,0,16,19,0,82,3,35,15,13,0,9,4,0,0,0,0,0,0,0,0,0,14,12,0,2,0,0,0,0
4,0,0,0,0,3,17,4,0,0,4,11,0,11,19,0,2,21,0,2,0,0,0,57,2,0,15,13,0,0,40,0
0,0,27,3,10,0,30,20,19,2,5,26,9,0,0,8,0,0,0,1,2,8,6,7,0,0,0,28,1,0,2,0
7,9,0,0,44,6,14,85,41,9,2,31,6,0,13,16,31,1,0,0,0,16,27,6,11,12,41,0,0,0,6,25
32,7,3,7,0,0,33,0,24,0,0,0,0,12,0,19,22,0,0,8,0,0,20,0,21,5,0,18,16,5,2,0
8,14,23,0,17,0,0,0,0,0,19,0,0,0,0,0,28,20,0,16,0,0,0,0,0,2,14,0,0,0,0,41
0,61,0,3,0,0,8,0,0,7,25,0,28,0,0,16,0,0,0,0,0,22,1,0,32,16,11,0,0,0,0,12
0,19,0,16,0,0,19,2,0,0,19,0,14,0,12,15,2,28,0,0,12,0,45,3,3,0,0,8,20,13,7,3
35,16,0,8,21,0,2,0,0,0,0,23,0,0,0,1,4,3,0,9,0,0,53,0,1,0,24,9,0,9,4,0
3,12,3,13,3,0,2,45,6,0,20,34,49,0,0,40,0,0,6,26,27,13,0,13,0,0,0,32,38,0,50,0
0,0,0,29,0,0,50,3,0,25,18,61,16,25,24,19,21,60,0,0,21,29,22,20,67,12,38,11,10,0,0,3
61,3,0,42,59,41,43,18,85,0,2,89,0,23,9,4,43,5,7,0,89,4,18,8,0,5,55,0,11,0,0,22
0,0,19,2,21,64,94,46,0,61,0,37,6,27,0,6,23,15,0,9,18,0,0,0,3,10,5,32,0,0,0,0
38,69,206,0,29,80,66,0,27,17,65,6,0,0,18,0,35,16,51,1,13,7,0,4,8,18,0,0,11,0,39,20
7,9,29,0,18,0,64,51,30,10,18,38,11,29,32,45,70,74,29,0,8,0,22,0,0,17,12,0,0,0,25,32
11,0,0,5,30,16,32,32,92,15,0,14,0,15,0,15,5,11,58,0,0,47,18,5,0,0,7,0,13,0,12,0
37,1,66,133,76,182,11,100,15,0,27,6,10,8,67,17,0,26,3,30,6,0,0,0,23,16,5,0,0,2,0,10
45,65,103,152,58,21,117,56,18,58,90,0,40,16,5,9,40,63,17,0,51,18,0,0,0,0,0,53,40,0,0,7
0,17,0,79,27,46,29,36,0,14,25,58,85,41,10,28,0,0,70,81,20,0,7,8,11,32,0,22,20,0,0,36
58,44,43,68,0,2,57,4,0,3,0,0,3,28,35,0,102,30,13,14,24,0,36,0,17,3,0,0,16,0,0,25
91,0,1,40,4,22,29,14,0,5,46,45,0,14,12,0,6,54,184,217,0,3,0,3,0,0,14,2,24,0,0,17
13,0,1,0,5,15,0,0,0,6,65,0,18,0,13,21,52,18,223,125,0,0,0,10,0,0,0,46,23,10,1,0
33,9,0,0,28,40,0,6,0,4,0,5,13,1,0,25,0,0,0,17,0,0,22,1,19,0,0,0,0,7,0,0
27,64,0,123,138,40,0,0,5,10,13,0,6,0,9,0,0,0,0,18,19,0,14,0,0,18,2,21,10,1,12,40
42,123,53,108,9,216,0,20,0,0,8,1,4,3,6,0,33,0,4,2,1,31,0,0,19,0,5,0,6,0,0,0
68,110,49,49,114,3,32,9,32,0,28,55,81,0,0,0,0,0,6,46,0,10,101,75,0,0,0,24,40,0,17,48
14,34,0,19,0,0,49,0,42,30,10,38,0,22,0,24,21,0,0,64,0,0,43,8,0,7,9,55,0,36,0,0
0,2,2,0,18,0,27,0,0,0,0,54,23,0,19,0,29,0,32,89,0,17,0,0,21,0,56,0,0,0,0,11
0,0,0,5,25,0,30,2,37,12,23,23,7,28,39,0,47,0,16,246,0,132,2,0,8,0,23,0,0,1,20,43
0,0,0,0,0,60,0,0,3,0,3,0,0,3,19,0,12,0,30,59,65,23,22,16,0,3,0,3,5,7,22,0
43,44,1,0,16,0,32,36,0,0,0,12,0,40,0,27,25,0,0,21,0,124,0,22,0,25,44,7,0,0,17,8
32,11,18,0,0,16,0,0,30,7,157,52,27,0,0,11,0,0,25,0,33,7,25,59,16,0,40,38,0,0,0,8
19,0,0,19,3,25,0,144,65,169,25,68,148,0,7,7,15,4,12,0,0,21,0,16,0,17,0,33,18,0,66,0
52,21,14,0,102,51,38,0,61,104,124,112,154,0,16,0,0,17,9,8,3,0,3,23,0,7,0,7,19,0,0,0
198,36,0,23,68,19,16,20,66,40,240,228,180,0,7,25,0,0,12,0,40,52,0,23,0,0,3,18,22,0,32,33
0,0,0,6,36,13,3,72,0,31,35,109,48,130,14,6,15,0,0,0,89,0,2,0,24,12,42,0,0,2,0,27
89,0,0,0,39,18,0,0,1,11,9,0,114,95,11,0,9,1,2,0,2,38,2,0,3,2,11,0,0,0,0,32
0,0,5,3,0,6,4,10,0,10,5,0,0,0,2,0,0,12,16,16,0,1,0,4,0,8,0,48,13,0,0,19
0,23,0,0,0,0,0,0,0,0,0,0,1,0,0,0,0,0,0,0,17,16,11,2,0,1,18,4,29,0,17,11
7,11,7,0,0,23,16,9,0,0,0,0,0,1,0,0,0,0,0,7,0,0,0,17,0,0,21,12,3,0,14,3
11,0,0,16,4,0,0,20,0,0,37,80,17,0,24,5,0,0,0,19,12,1,0,18,0,0,5,0,1,9,3,0
21,0,2,0,0,49,48,22,32,24,6,0,57,0,0,13,23,6,0,0,0,32,0,7,0,16,5,0,0,8,0,55
17,0,0,20,0,3,19,40,21,0,51,29,12,8,0,0,20,33,33,191,248,9,0,10,10,19,6,125,40,0,0,3
0,3,15,0,40,48,4,0,26,0,0,70,0,11,0,0,0,87,26,125,254,0,69,53,11,77,63,41,5,0,27,4
84,0,0,0,40,20,0,4,16,45,92,8,0,0,18,51,20,61,19,169,132,0,46,0,75,45,53,8,37,0,0,0
11,25,68,23,13,2,0,43,8,22,39,31,0,5,0,19,0,0,0,133,44,1,0,12,0,19,0,199,15,0,35,0
37,39,57,0,68,0,52,12,0,26,0,43,0,59,6,43,1,28,69,93,14,0,0,77,14,16,146,188,4,1,0,5
0,8,22,0,21,44,0,0,79,5,12,36,14,30,124,29,62,3,8,224,234,0,17,0,28,0,140,42,0,0,25,14
27,49,4,0,9,0,8,0,13,21,0,16,25,3,77,18,0,24,1,245,204,3,16,112,0,55,63,0,0,30,2,32
0,54,18,52,9,0,0,42,39,45,50,45,31,14,54,0,52,82,32,126,59,0,13,9,32,3,61,0,6,26,0,0
63,8,17,0,0,0,18,32,64,0,83,39,5,0,0,5,0,3,126,103,125,0,0,23,53,201,28,0,32,20,0,22
27,4,7,12,0,1,29,0,24,11,21,21,0,23,0,17,71,3,9,71,53,0,22,40,12,198,2,0,37,0,0,108
26,0,0,1,28,0,6,25,3,2,0,0,3,17,0,0,0,0,0,18,13,0,0,5,21,17,65,22,89,23,48,70
71,0,2,31,0,0,0,10,0,25,32,0,9,39,41,0,0,7,29,1,0,11,0,4,1,0,0,10,27,0,35,79
30,0,0,5,0,7,0,46,32,0,28,74,16,148,188,0,0,0,5,0,1,0,0,13,0,0,13,45,14,233,160,11
0,0,21,80,35,0,0,62,0,59,25,35,54,34,87,0,0,0,12,135,7,0,33,2,0,17,0,0,13,57,15,12
0,9,5,70,0,30,1,51,68,12,94,44,20,85,60,0,16,0,0,54,145,34,36,12,0,0,0,7,11,0,6,24
24,56,0,57,48,76,31,4,0,0,0,0,2,0,4,1,0,6,58,74,16,12,27,31,2,24,7,0,0,0,27,0
0,0,0,6,16,46,27,0,4,34,0,0,0,0,0,0,55,33,11,0,158,1,0,50,0,18,8,0,0,14,0,157
0,16,0,6,0,0,9,29,0,0,0,0,2,0,0,2,0,21,0,11,14,18,21,0,12,21,100,5,11,0,64,0
0,2,6,3,0,4,53,0,0,28,28,17,0,34,47,12,0,10,16,10,0,8,34,0,8,0,5,35,19,0,0,16
0,6,0,0,7,4,10,46,0,0,0,12,5,0,0,39,0,0,32,12,0,0,34,37,7,0,149,14,0,0,5,10
0,0,0,13,0,25,0,7,0,20,0,0,0,49,0,47,0,0,0,0,0,17,0,16,16,41,0,0,0,0,0,75
0,17,1,0,0,7,0,0,0,0,0,25,67,77,154,124,30,8,0,14,23,0,19,0,17,0,3,15,0,0,18,0
0,0,4,0,23,0,8,73,5,3,96,0,11,10,210,104,1,0,0,0,3,0,0,7,8,0,0,23,0,0,0,0
0,0,0,61,30,15,0,0,36,26,26,3,29,62,123,0,7,14,0,0,2,0,42,23,0,0,0,17,14,8,0,0
8,0,0,2,33,27,2,0,0,0,46,50,84,0,4,0,2,0,6,0,1,2,0,16,0,0,0,30,0,0,0,46
48,6,0,0,0,9,11,20,0,0,0,7,0,0,0,0,1,0,0,0,3,6,0,8,0,0,11,12,7,0,1,8
70,0,0,2,1,0,0,25,18,18,8,24,29,4,36,18,0,0,5,3,0,7,2,6,0,26,0,0,0,24,0,0
23,11,0,24,0,24,0,0,0,0,34,0,13,0,5,0,10,6,7,8,1,0,16,4,7,5,8,12,0,0,3,0
0,15,17,0,0,0,0,0,0,0,0,0,2,0,24,0,7,0,0,27,0,0,7,0,0,13,46,0,0,4,20,23
6,0,0,13,34,24,10,0,21,25,0,0,0,48,0,2,3,0,0,17,0,0,0,0,0,0,0,0,0,31,0,2
36,17,19,26,15,6,37,0,49,0,48,38,0,0,0,0,11,9,39,0,10,10,3,10,0,0,27,0,70,0,0,0
52,0,0,0,48,0,0,20,32,16,28,27,65,0,0,0,0,22,0,0,0,1,1,0,37,4,0,0,0,0,0,32
0,0,0,5,10,12,5,58,28,0,26,11,0,48,4,144,60,33,28,16,39,0,131,115,43,129,25,0,3,0,0,0
0,22,0,0,67,22,44,0,14,14,44,16,0,48,12,27,77,105,20,32,21,27,223,21,40,108,24,0,0,14,12,0
0,12,0,24,5,0,36,12,0,19,45,26,154,10,0,43,28,38,63,29,242,0,58,0,82,28,32,0,8,4,32,1
0,29,34,0,0,29,0,48,51,47,33,19,22,10,0,0,56,21,17,0,0,16,46,22,12,8,4,46,0,0,0,0
36,13,0,2,31,22,0,44,35,17,10,144,82,91,59,63,76,0,3,11,0,0,0,22,20,37,0,0,2,0,9,0
24,0,33,0,85,35,48,6,199,121,82,21,18,73,111,0,8,24,0,0,26,25,0,0,12,1,0,8,1,0,0,1
0,20,0,8,22,18,0,169,2,14,39,130,176,102,83,22,88,0,8,82,50,51,31,117,0,0,5,9,11,0,24,0
38,34,26,4,35,10,19,0,0,247,130,41,142,60,50,1,7,107,8,30,107,18,41,26,99,44,27,44,0,0,0,11
0,9,0,30,31,47,17,50,35,24,55,38,56,64,87,182,15,49,108,10,24,8,7,20,29,24,7,0,0,9,0,16
26,0,0,25,0,4,38,14,16,61,4,0,28,75,74,0,48,37,71,0,2,18,9,0,9,0,47,5,0,4,0,94
59,60,42,33,7,0,29,44,20,0,11,0,26,19,0,0,0,8,132,26,44,0,46,13,0,0,0,14,39,0,36,0
0,0,0,0,19,0,16,0,0,0,0,22,0,79,0,15,2,146,243,28,21,6,12,20,0,42,12,12,0,13,30,45
38,17,0,0,0,23,23,73,0,5,0,66,0,5,4,12,0,18,11,0,0,0,0,0,4,45,0,0,0,23,2,0
0,84,0,38,6,0,10,23,12,0,0,0,0,20,16,0,0,32,23,1,0,9,22,0,0,22,0,6,19,0,0,20
94,71,0,0,40,36,60,30,218,62,28,7,58,5,93,91,37,0,212,0,93,40,17,33,33,24,10,0,0,13,0,0
113,55,6,23,0,0,253,219,22,73,175,36,135,4,13,0,1,15,53,123,63,15,172,121,53,29,17,1,35,17,7,0
0,4,10,0,0,23,34,0,0,20,94,16,2,0,0,0,5,11,21,0,18,96,82,57,15,64,25,107,17,0,20,24
0,27,53,0,0,2,0,6,0,0,0,0,0,0,0,253,0,0,0,19,32,32,18,10,137,0,71,16,0,0,4,0
11,0,7,22,0,4,0,0,0,40,0,0,0,185,7,9,18,0,0,0,0,3,0,26,8,39,13,2,0,0,0,28
0,0,21,0,66,0,0,0,0,30,0,55,31,20,133,0,4,0,26,35,4,6,34,29,0,0,4,0,18,16,0,0
0,0,16,157,0,1,0,0,0,0,37,0,6,12,16,42,21,2,1,0,1,0,46,0,0,0,0,28,11,0,4,35
0,90,220,132,5,72,0,0,10,47,28,79,59,21,14,0,0,7,0,0,2,4,0,0,9,8,0,0,0,0,17,0
238,77,238,45,217,68,0,11,0,0,39,41,0,0,0,7,0,0,0,0,0,39,0,0,0,7,13,0,12,2,0,30
95,3,157,148,73,72,10,0,0,0,12,8,0,49,0,0,7,23,0,0,8,0,10,11,0,11,0,0,0,0,0,0
81,167,182,200,118,58,20,0,0,5,0,6,1,0,0,0,30,0,0,3,1,18,9,4,9,0,6,0,24,0,0,0
155,13,186,46,19,0,26,7,0,9,0,0,0,8,0,0,1,0,4,0,0,21,0,0,21,26,0,0,0,0,0,33
103,80,0,0,0,0,0,47,12,0,8,0,0,19,0,0,0,0,36,0,0,7,7,0,26,11,0,18,31,2,6,0
17,11,37,0,0,1,0,0,6,17,0,0,13,11,18,9,0,7,0,0,10,11,0,1,0,33,0,0,8,0,9,14
59,0,0,10,0,0,0,27,3,0,8,44,0,0,0,18,0,0,5,0,1,0,6,10,0,0,55,11,6,7,0,0
0,16,0,1,0,0,28,5,0,4,0,23,0,39,0,0,0,16,11,0,4,17,5,12,0,0,0,16,20,15,0,0
0,6,0,0,0,14,0,0,31,0,44,35,2,0,8,18,7,1,0,0,0,0,0,6,0,0,79,0,0,0,2,0
0,13,42,21,0,0,0,90,112,0,44,50,32,0,0,9,0,16,21,0,22,6,0,0,0,18,0,0,0,0,15,0
0,0,0,14,0,2,11,136,90,2,12,8,8,26,0,44,0,25,16,2,1,6,1,21,39,49,0,0,0,0,22,0
16,0,41,45,59,0,72,146,55,0,16,120,7,39,5,0,57,107,0,1,66,0,58,83,29,13,6,3,0,3,16,19
96,31,58,40,40,11,41,7,0,25,65,38,218,18,0,3,23,21,42,26,0,0,26,40,76,0,41,0,7,7,1,1
6,0,44,0,16,67,84,26,49,23,37,57,58,13,31,4,38,26,63,16,0,0,51,16,0,0,0,38,0,12,27,0
0,13,7,66,0,0,112,50,0,80,30,146,46,14,39,43,35,60,45,0,19,0,0,101,38,0,68,8,0,9,9,20
87,0,34,20,106,77,105,63,110,0,0,48,38,5,0,23,2,3,20,0,9,42,45,16,34,32,15,0,14,29,1,20
67,46,115,43,30,0,14,42,8,0,4,46,0,36,0,10,0,27,0,4,10,17,0,54,0,73,21,0,3,0,0,0
48,86,48,59,18,78,9,0,0,0,43,114,0,0,16,198,26,8,19,8,54,0,0,10,28,51,11,24,21,20,0,16
50,0,0,105,0,20,56,0,0,4,63,16,0,0,98,61,0,24,106,0,0,5,0,25,7,0,2,4,7,0,0,15
128,0,18,61,0,0,93,0,4,14,72,26,0,0,45,13,55,0,24,0,10,15,16,3,0,33,8,0,0,0,3,0
2,10,11,43,3,0,0,0,27,2,139,0,9,56,25,0,17,0,32,68,8,0,1,0,0,0,0,0,0,39,0,0
0,0,0,13,0,12,0,0,0,11,0,17,0,51,25,0,8,22,0,0,10,16,0,0,0,12,23,17,6,0,0,0
101,0,0,21,0,0,3,2,0,8,4,2,0,31,0,0,0,2,0,0,0,0,0,0,1,0,30,8,27,20,0,0
0,0,3,35,11,0,44,25,0,0,0,0,72,203,11,25,38,0,0,0,0,2,0,0,11,0,28,11,0,1,12,0
30,2,0,49,15,28,37,0,0,0,0,0,59,100,0,39,0,20,0,3,2,0,0,17,0,9,17,5,18,3,13,72
0,0,0,31,12,16,49,42,0,0,0,7,160,34,15,0,0,37,13,4,19,80,65,45,92,16,37,11,36,0,0,0
94,0,0,0,31,0,0,52,65,83,82,58,1,60,0,0,0,10,9,8,29,155,26,0,0,51,7,18,46,11,0,18
0,23,28,6,31,0,0,10,173,56,104,10,11,29,0,22,1,7,50,0,0,16,0,48,39,29,13,1,8,28,4,0
72,0,0,0,0,7,0,0,99,125,177,235,16,32,7,0,32,8,0,0,0,21,0,3,38,39,0,0,3,21,0,21
0,36,30,5,0,7,0,0,5,17,125,54,0,8,0,15,0,0,16,17,13,0,4,31,22,0,14,26,0,0,0,0
157,14,0,0,48,40,0,0,32,0,29,26,15,0,17,55,31,0,0,0,0,0,21,15,23,36,27,0,0,0,0,0
38,0,0,3,10,0,49,0,17,0,32,1,0,18,10,2,12,0,7,9,0,14,0,13,0,14,8,0,13,0,4,0
14,32,0,12,5,4,3,0,0,7,25,22,22,39,0,40,10,1,5,9,1,0,12,0,5,0,72,2,0,14,0,23
0,34,13,15,63,0,18,3,0,0,7,22,1,23,17,0,21,17,16,0,0,26,0,0,12,11,57,10,0,0,0,51
100,49,52,0,72,62,4,8,12,36,18,21,6,0,32,24,23,18,19,4,2,0,1,16,6,22,0,0,0,0,0,0
0,13,0,0,0,6,3,0,0,0,0,7,0,2,0,0,17,19,16,0,1,0,0,0,0,0,0,0,6,25,0,0
60,29,10,38,21,0,0,48,0,0,0,4,0,0,0,9,14,5,21,0,0,30,0,0,33,0,42,0,0,0,0,0
36,0,7,24,54,26,0,8,0,13,0,0,35,0,25,0,0,4,26,1,20,0,50,0,22,16,12,30,7,0,22,6
48,0,15,0,0,17,0,0,0,0,23,12,0,0,19,0,1,1,0,9,2,0,9,33,0,0,0,0,7,0,5,0
0,0,0,4,0,55,9,0,3,39,7,0,0,10,0,12,10,17,22,0,6,0,0,32,0,18,35,16,23,0,0,40
0,11,8,0,5,0,0,16,40,0,0,0,0,60,21,0,20,16,0,0,0,32,2,0,37,0,40,36,13,0,6,0
16,0,0,19,22,0,0,23,145,51,38,23,7,0,27,0,0,12,15,29,0,0,0,12,15,8,0,1,5,19,0,3
0,33,56,112,7,0,20,0,48,196,0,24,0,43,0,27,1,17,7,3,12,0,81,34,27,3,20,14,10,3,8,25
71,31,59,91,48,16,0,52,76,8,31,62,0,0,7,0,55,6,2,48,53,0,43,16,17,17,2,5,0,12,0,0
2,58,12,72,124,45,27,0,30,55,60,0,16,14,0,0,45,46,18,0,38,0,64,11,86,0,80,6,42,9,0,0
83,88,29,0,36,0,20,6,52,33,33,6,0,30,40,13,23,6,62,33,0,30,21,11,0,0,0,30,0,42,7,34
46,42,1,0,0,0,27,44,0,44,13,13,4,0,29,42,0,28,52,0,12,63,5,43,35,0,20,0,0,0,0,0
65,23,11,0,19,27,92,0,158,0,4,0,12,3,0,38,0,7,30,9,68,0,12,13,13,2,37,33,0,0,13,0
27,39,107,0,16,66,47,61,0,43,47,0,8,19,30,44,3,0,0,0,0,0,62,92,5,13,0,0,0,7,0,0
25,82,34,6,0,2,10,23,5,31,0,20,45,125,0,91,0,0,0,0,29,0,3,1,2,59,0,0,0,18,14,0
101,25,34,32,0,0,0,16,16,2,22,0,1,0,0,0,5,2,89,0,0,0,9,0,0,17,9,18,0,23,13,25
0,9,16,14,0,1,121,0,0,2,37,10,33,0,2,18,61,62,90,210,11,0,31,8,24,0,32,16,36,0,0,45
80,0,14,7,0,0,0,10,0,0,43,0,0,0,0,0,51,41,19,68,3,26,0,0,0,0,12,36,11,0,0,64
0,19,13,32,28,17,0,4,0,0,23,0,12,9,0,0,23,0,0,10,0,0,2,0,0,18,14,18,2,0,0,0
0,40,47,85,31,23,0,0,0,22,0,0,0,21,21,0,0,11,0,0,19,12,24,0,0,1,0,0,0,0,26,0
75,54,45,215,60,14,10,21,42,16,0,93,82,0,46,0,2,0,9,0,0,21,1,0,19,0,0,40,36,0,22,0
0,27,26,123,0,60,56,0,0,28,0,0,7,42,3,3,7,15,0,0,0,32,0,27,11,0,45,0,0,0,0,31
24,1,15,35,23,3,0,7,0,0,0,0,37,0,18,52,26,4,28,0,0,0,8,25,2,0,0,5,51,0,8,0
0,0,7,7,6,0,17,0,29,46,0,64,0,61,9,14,0,11,1,12,7,75,0,8,31,36,0,40,4,0,1,7
102,26,0,0,44,20,0,0,0,0,48,84,22,8,0,8,9,3,33,21,42,40,0,0,57,4,20,0,0,12,0,0
103,0,0,3,0,0,26,0,54,0,17,17,11,62,6,0,0,16,35,0,40,0,22,31,19,0,6,0,0,2,0,20
0,0,30,5,22,0,0,15,0,0,0,57,0,16,0,7,24,1,0,0,0,0,32,0,0,8,5,6,3,0,11,22
81,0,0,48,0,0,0,0,5,42,90,40,0,3,0,31,0,0,0,34,0,0,0,0,2,0,0,2,1,3,0,0
0,1,0,0,0,47,23,54,0,18,53,57,80,0,5,17,2,0,0,0,19,10,0,49,0,0,9,0,0,0,19,0
26,12,24,25,0,26,26,58,41,178,20,55,60,40,3,0,0,0,30,0,20,0,13,0,0,8,15,40,0,0,2,14
0,22,0,14,65,1,0,15,0,3,18,253,106,29,5,0,2,1,0,0,0,9,9,4,0,0,0,2,0,0,20,21
0,10,0,27,10,42,12,0,71,0,32,65,225,124,3,9,0,0,11,4,0,0,0,10,8,0,1,0,0,0,0,0
0,10,3,4,0,0,0,0,0,34,9,16,2,0,5,0,0,10,0,4,27,13,0,21,4,8,0,0,38,8,4,0
6,0,5,0,0,1,2,31,3,0,27,27,0,5,19,20,20,16,10,0,20,20,16,11,0,0,12,2,12,0,0,30
0,4,26,3,0,0,0,0,0,0,0,0,29,7,0,0,0,0,0,0,0,13,9,0,5,1,0,29,0,0,0,16
0,0,0,32,0,0,0,22,12,0,0,0,0,28,0,0,0,18,8,0,0,7,0,13,0,1,12,16,7,3,0,0
0,0,0,9,0,0,3,0,0,0,0,36,15,13,20,5,3,11,22,0,6,0,8,0,0,3,0,0,22,25,21,0
0,3,0,32,0,36,0,27,21,17,0,17,19,0,0,18,7,0,0,0,0,0,0,38,26,35,35,0,20,5,0,0
0,25,0,0,0,16,21,0,18,30,23,0,99,0,57,54,10,17,106,13,20,39,44,10,34,17,0,7,50,16,37,0
0,0,0,2,0,19,0,0,0,32,20,20,0,0,0,40,0,20,0,23,53,24,232,29,0,96,9,20,224,6,0,0
0,25,0,0,4,65,17,30,11,0,64,125,0,0,27,0,24,130,19,58,74,34,166,0,14,39,19,8,107,0,3,14
27,3,23,29,16,10,11,8,8,40,36,10,0,0,2,0,0,9,3,0,45,5,109,0,5,17,0,10,153,7,7,29
0,0,43,14,7,36,0,0,49,36,0,25,0,23,0,19,20,0,78,98,0,0,101,0,0,12,0,38,127,0,4,10
47,43,29,1,0,0,0,34,0,35,22,93,14,1,5,69,13,61,0,12,22,66,93,16,0,5,31,176,0,0,22,23
0,20,40,24,67,21,0,39,76,22,0,7,0,12,0,22,1,19,39,6,38,83,106,0,29,0,28,187,17,0,0,0
52,46,29,0,10,72,0,92,7,37,77,3,0,26,6,35,13,1,0,29,0,62,99,3,8,16,62,228,0,9,0,0
0,63,63,8,34,8,0,0,23,52,12,4,11,0,0,4,48,5,34,3,29,7,33,8,9,20,67,85,11,36,0,24
0,0,24,60,34,0,29,27,19,0,0,4,6,0,0,0,23,0,34,0,23,93,0,9,0,0,125,49,29,0,10,0
0,4,22,0,26,9,0,0,0,13,30,17,0,0,11,16,12,4,16,22,4,31,2,5,11,0,25,47,36,28,0,36
0,0,0,0,0,0,0,0,20,0,0,44,27,4,16,0,0,0,0,0,0,17,0,2,0,0,16,2,37,0,0,30
0,3,28,5,39,12,0,19,36,0,42,33,11,0,0,68,27,6,1,0,0,0,0,0,25,11,36,0,6,0,0,38
0,69,0,24,43,11,18,54,0,0,20,70,2,0,7,33,93,0,0,45,8,0,22,2,0,0,0,26,0,30,6,57
0,0,46,9,51,0,89,54,33,21,0,40,21,64,31,245,27,1,15,0,3,34,17,0,0,0,28,0,14,0,7,3
8,6,20,14,0,24,0,37,48,2,34,0,0,20,0,162,6,10,18,30,37,63,1,3,16,3,0,16,0,0,0,2
6,0,0,18,17,0,3,0,24,20,0,0,0,22,3,0,10,34,0,0,18,45,0,11,14,0,4,0,0,0,42,9
0,46,18,0,12,17,14,0,7,38,0,0,12,26,31,0,0,0,8,0,51,44,19,0,8,34,0,32,25,27,17,89
0,0,6,0,53,25,0,0,0,3,0,0,19,32,27,0,23,26,0,0,0,0,11,19,61,0,45,1,2,23,0,0
0,0,1,7,33,0,22,23,28,0,0,26,0,32,2,18,0,0,0,2,0,1,34,0,21,0,16,11,156,219,5,7
0,0,25,0,2,11,9,39,45,21,0,23,11,18,0,0,0,0,0,10,76,11,4,0,0,27,3,0,8,26,8,3
0,0,17,0,0,0,0,16,25,12,47,0,25,14,0,110,40,31,121,0,24,31,0,0,0,0,21,10,3,18,61,0
0,0,35,22,0,0,0,30,1,0,11,63,32,71,2,73,225,91,86,10,0,0,0,4,7,0,42,1,23,4,0,3
0,0,4,11,0,0,2,56,8,7,50,62,51,22,13,0,95,87,158,0,14,0,23,0,11,8,12,1,0,0,10,0
19,2,0,1,35,35,18,0,0,0,55,0,33,56,54,6,131,17,1,0,0,0,0,39,19,0,19,0,30,7,0,22
0,0,0,59,6,0,0,46,0,0,23,25,0,3,0,0,0,0,0,23,1,0,14,3,10,0,0,3,0,8,0,0
15,0,40,0,20,30,4,0,12,0,14,76,38,0,23,8,8,0,0,39,27,10,0,23,0,16,0,0,0,14,12,0
1,0,0,26,0,19,7,1,3,9,0,0,7,6,23,0,1,0,0,1,0,11,0,0,0,0,0,3,0,0,0,1
25,0,26,0,0,22,2,0,8,7,0,0,0,0,7,0,8,5,32,4,0,0,7,0,0,0,0,23,0,8,22,0
0,35,67,0,19,0,1,69,0,0,30,40,25,0,0,0,0,31,21,6,30,0,8,30,0,0,0,27,0,0,54,6
6,1,8,14,16,32,15,0,0,0,5,32,0,0,20,13,0,0,5,0,0,0,3,13,11,2,0,16,0,0,0,0
49,0,0,7,10,2,0,22,0,0,43,38,0,0,0,0,0,0,0,7,12,6,0,14,0,12,0,7,16,0,0,21
12,0,10,26,24,24,25,8,0,0,64,0,36,14,6,0,0,37,28,0,8,26,0,18,35,0,0,0,23,0,18,38
0,2,0,0,52,0,0,81,0,0,3,50,0,10,0,37,0,17,53,32,0,0,0,0,9,3,0,0,54,0,24,0
0,9,0,3,87,36,0,0,50,0,57,75,0,35,3,17,66,5,39,75,112,0,19,16,0,56,75,0,3,0,2,16
0,0,54,0,62,38,32,16,6,4,95,19,0,49,37,48,26,0,20,21,120,20,98,2,48,1,46,16,55,21,42,40
0,63,0,0,25,7,32,27,31,51,73,0,0,0,19,1,60,12,122,76,182,19,60,0,5,26,2,26,0,7,8,0
0,62,14,0,25,8,7,48,0,0,37,0,48,36,1,65,70,0,0,52,5,25,8,0,0,15,0,18,0,28,0,0
0,50,0,7,73,28,15,24,79,0,0,0,14,14,15,0,15,0,21,21,23,0,0,14,0,5,24,21,7,0,0,0
0,39,0,4,7,34,0,0,0,14,2,2,5,5,53,30,64,0,40,0,0,11,14,71,27,53,36,31,0,7,0,6
0,57,5,22,36,42,0,0,0,12,32,35,18,23,94,19,61,57,34,7,27,40,58,0,95,63,64,95,5,30,0,1
0,0,0,7,0,10,18,0,11,28,0,26,93,95,46,65,108,12,83,49,15,19,0,0,0,14,7,0,0,15,0,8
0,0,18,0,0,0,0,0,0,23,112,12,22,0,0,34,13,20,63,0,0,12,4,1,0,2,0,0,9,7,11,37
0,16,0,3,21,0,0,14,0,13,58,0,160,0,5,58,88,99,0,16,0,1,15,8,7,2,0,2,51,5,2,37
0,6,0,0,0,13,7,0,0,57,29,0,0,0,28,43,8,37,5,1,0,9,0,6,42,6,0,8,37,1,11,25
0,1,14,0,0,56,0,0,57,31,0,19,0,0,0,41,0,15,35,9,45,16,54,28,53,0,35,0,0,28,0,0
0,0,0,68,0,0,0,22,42,1,13,3,51,3,22,17,60,11,60,92,49,13,23,0,33,0,20,0,0,0,0,65
0,0,3,0,39,53,12,0,0,0,0,12,0,12,4,84,11,0,0,85,13,0,32,0,0,8,0,5,5,6,31,20
17,0,19,0,0,0,0,0,39,10,50,0,18,11,15,0,32,16,15,0,0,14,54,10,52,19,0,0,35,0,45,0
0,0,0,23,26,69,21,0,40,0,6,11,0,34,0,0,16,17,42,0,10,112,0,0,45,50,86,0,29,14,0,0
0,0,101,52,0,0,0,31,0,0,63,19,0,0,0,15,0,0,0,111,33,62,65,42,48,104,111,6,0,14,0,0
0,65,109,7,0,0,1,0,86,21,23,5,143,75,179,0,0,0,49,12,0,59,0,0,8,59,4,0,21,1,0,1
0,0,7,22,15,43,0,0,17,28,17,29,9,33,6,36,60,0,0,8,11,15,32,66,7,22,0,0,0,2,0,0
0,0,20,0,5,18,35,0,8,52,0,9,5,0,52,14,153,86,35,54,0,39,33,0,0,7,29,0,0,21,0,0
62,0,0,1,0,50,38,0,11,43,0,0,0,0,174,205,81,31,43,9,0,31,0,0,7,14,44,0,16,0,0,0
0,37,0,0,4,2,0,0,2,0,0,0,11,0,0,0,144,130,95,72,5,0,7,0,15,0,42,0,15,0,11,66
14,22,0,19,25,0,51,47,5,4,11,0,1,6,16,0,29,3,9,16,0,19,0,0,13,5,0,21,0,7,0,21
5,6,0,0,10,0,0,0,0,10,0,15,17,0,0,44,0,5,0,32,5,0,7,12,20,0,9,4,0,43,0,0
35,41,0,24,68,102,60,0,31,0,8,60,0,0,10,3,33,0,18,25,3,0,35,0,34,33,6,0,22,0,18,0
0,0,22,88,33,14,11,16,6,0,0,0,0,43,0,0,12,0,2,9,26,0,0,10,0,0,35,0,0,11,0,0
0,3,15,18,7,5,0,0,26,16,17,9,2,0,1,4,8,0,4,0,4,0,10,2,7,0,15,0,0,9,0,17
0,20,0,12,0,0,39,9,34,16,16,0,0,0,19,34,0,7,25,2,0,0,22,18,7,0,23,31,26,0,0,43
14,17,0,48,0,0,0,0,13,0,21,0,0,37,0,0,0,10,33,0,28,0,19,51,0,0,21,0,10,0,5,69
0,34,2,0,0,0,0,0,0,3,0,12,0,17,0,0,0,9,0,0,0,7,0,0,29,3,32,0,0,0,0,0
0,10,1,0,3,0,0,0,55,6,39,0,62,3,16,10,0,12,0,34,28,8,0,9,42,20,0,0,34,0,0,0
4,18,11,3,0,0,22,0,47,0,52,51,17,1,0,30,11,0,14,29,0,0,0,32,15,48,43,0,0,14,0,17
42,17,21,24,16,0,13,31,13,4,30,122,0,27,0,0,0,36,74,38,74,4,19,10,30,0,0,23,16,0,0,25
0,2,2,39,5,9,168,0,19,39,121,14,0,54,0,26,27,48,44,16,28,21,12,3,58,17,53,12,4,0,0,30
47,11,32,27,5,0,29,120,18,45,0,12,8,12,29,0,11,13,77,64,1,2,12,22,12,0,2,51,0,0,0,0
86,62,27,28,47,24,28,65,4,43,18,95,9,0,16,62,58,90,39,28,37,0,40,5,16,6,0,51,0,6,0,17
18,0,24,29,2,46,53,0,66,29,25,0,2,34,0,14,1,0,0,0,0,12,0,6,21,11,24,0,21,0,0,43
0,23,14,25,0,5,70,80,36,23,14,0,0,76,53,0,34,21,39,2,37,14,0,73,20,0,39,16,2,0,0,0
32,13,44,65,24,0,14,50,0,0,33,11,0,13,16,11,0,4,32,31,18,18,1,33,17,10,74,18,0,28,6,11
0,0,0,107,11,254,0,42,6,5,30,0,0,6,13,0,5,0,13,27,3,0,25,10,2,1,29,13,14,19,0,5
80,63,0,131,0,30,33,0,13,0,37,0,65,9,19,5,16,0,0,0,0,35,14,0,9,0,32,20,0,20,0,52
0,63,66,0,0,25,21,31,58,27,124,48,20,0,4,0,31,49,39,0,20,0,29,10,0,0,49,12,68,2,0,0
34,0,50,0,5,3,12,0,17,15,48,11,26,0,22,34,11,0,0,4,31,3,20,0,0,0,0,0,14,2,56,7
99,0,7,0,9,27,37,0,0,0,15,26,25,11,7,7,4,0,1,3,3,0,10,0,32,5,0,8,0,31,0,0
0,7,0,16,1,0,12,42,0,5,3,0,61,117,8,0,4,3,5,0,0,21,0,0,8,10,57,13,33,0,0,0
0,0,0,0,36,27,36,21,30,0,0,0,0,37,39,40,88,0,3,0,0,27,0,0,12,1,38,0,0,0,0,37
0,7,49,0,0,39,0,22,9,0,5,0,0,23,0,59,39,0,0,0,0,12,0,19,9,0,5,22,0,0,1,0
39,2,49,2,4,25,16,13,37,72,6,16,0,3,0,59,5,32,14,3,4,74,0,0,57,38,20,11,29,0,0,26
0,0,54,8,38,0,6,0,4,90,34,80,0,0,0,0,0,0,82,21,14,45,4,0,0,20,81,5,0,20,31,63
0,4,48,5,19,0,0,38,0,41,85,139,63,13,23,0,23,27,89,0,35,0,39,0,30,14,18,3,35,0,34,22
16,0,15,0,10,0,0,0,12,55,104,0,104,47,16,4,12,0,10,42,10,32,40,0,0,1,0,0,0,0,46,0
26,0,51,3,4,28,0,0,0,0,62,18,0,31,0,36,35,158,124,0,0,28,26,48,0,0,0,0,52,27,0,0
119,11,37,0,0,47,31,0,0,1,3,42,32,0,10,105,12,22,55,51,0,0,52,0,51,57,2,1,0,29,31,0
45,190,36,0,0,1,0,17,0,0,2,6,27,0,0,3,0,0,102,47,43,18,40,4,30,0,7,9,3,49,48,0
105,134,0,0,0,0,0,0,9,2,6,0,0,1,0,31,1,0,3,11,0,1,1,0,7,0,2,33,1,0,32,5
0,38,19,0,0,25,0,0,0,0,0,0,0,0,20,0,0,0,8,0,2,0,3,0,29,40,0,4,6,0,0,0
0,2,0,8,0,13,1,61,0,18,10,16,0,0,0,0,3,8,0,0,0,4,0,0,0,20,15,0,3,27,11,39
51,0,0,0,0,0,0,16,36,16,0,0,0,11,0,0,2,0,9,0,0,0,0,0,0,14,18,16,25,0,0,76
18,1,0,0,8,32,0,32,0,13,0,22,24,11,0,16,0,0,0,0,0,0,0,18,0,23,16,0,6,0,0,16
0,15,18,8,14,96,28,0,0,0,0,0,0,23,14,3,11,5,0,5,0,7,0,4,0,0,13,38,0,0,1,38
58,0,18,10,17,55,40,6,0,0,0,2,30,0,15,11,2,0,0,2,1,7,2,0,0,27,2,0,0,5,0,1
65,0,0,0,47,128,66,26,0,16,8,54,0,40,14,22,6,14,0,0,0,2,0,10,9,43,0,0,0,10,23,0
108,0,0,28,2,34,36,32,45,0,12,0,52,26,0,0,0,11,9,26,0,31,0,0,0,0,17,51,22,9,0,0
63,46,2,0,12,50,138,0,0,0,0,25,0,0,0,23,20,15,12,4,10,0,0,29,40,22,22,5,24,21,0,5
0,81,0,25,39,85,55,34,7,4,84,97,0,21,20,0,18,57,0,53,101,3,57,7,33,1,42,18,0,0,0,0
3,21,1,10,0,15,83,23,12,21,35,20,13,0,14,0,13,40,0,0,0,0,37,5,6,20,82,13,0,16,0,8
6,0,135,0,0,9,32,31,33,50,34,0,62,107,0,0,28,28,86,47,0,28,35,0,12,15,12,60,45,1,0,8
0,7,71,34,4,0,33,6,39,16,28,81,47,0,10,50,83,55,29,13,7,0,4,7,0,28,0,1,31,0,18,0
0,0,12,0,49,0,21,15,0,26,0,14,13,0,0,27,0,17,17,0,39,43,32,1,12,3,8,60,13,30,25,7
89,34,0,13,0,20,4,19,0,28,31,0,0,39,26,32,24,13,0,0,43,26,0,43,0,0,19,0,20,18,0,6
13,101,28,0,18,0,0,13,2,0,40,41,17,0,11,18,12,0,2,42,0,12,13,16,16,63,2,0,27,4,34,0
16,2,10,6,29,83,33,0,29,0,0,2,0,18,23,0,0,0,45,27,0,0,0,3,25,0,0,32,16,7,0,29
0,7,0,81,42,37,0,3,0,1,7,5,0,0,0,56,32,3,3,11,0,0,0,0,0,7,26,0,47,9,0,8
81,23,5,23,27,1,3,18,0,0,42,0,2,8,0,5,27,26,7,0,14,0,0,39,3,0,0,11,0,0,0,24
0,9,13,15,33,0,4,0,0,5,0,9,32,0,13,0,0,0,0,0,0,14,26,11,20,0,26,0,0,0,26,0
33,0,0,8,0,31,0,0,0,0,0,72,0,0,0,40,0,0,23,22,0,0,0,0,0,7,0,0,8,0,0,0
75,13,0,0,30,23,0,9,5,17,0,26,3,0,23,0,20,2,0,1,0,0,29,0,0,0,0,14,0,3,24,0
4,1,3,129,54,0,10,9,8,41,29,0,0,0,4,14,0,0,37,0,4,53,6,0,4,0,2,9,0,0,0,33
0,0,10,11,164,0,29,0,53,34,0,62,9,9,14,0,0,16,17,0,16,0,0,48,39,25,0,21,10,7,0,24
0,0,7,196,97,0,0,0,90,40,0,53,34,0,0,8,0,6,18,0,13,0,9,27,0,54,0,28,16,0,0,0
54,0,35,0,39,67,16,62,0,0,5,25,0,17,2,25,0,21,74,0,6,31,0,0,16,6,28,0,4,0,0,61
20,2,83,0,188,128,0,0,6,0,0,19,0,74,48,0,7,8,16,1,7,35,17,30,25,30,0,20,10,25,15,0
0,6,16,0,33,33,0,0,13,5,6,0,47,26,0,12,10,0,16,76,17,0,33,0,3,28,0,0,0,60,0,0
0,43,20,0,1,41,16,0,0,0,0,37,0,23,4,3,95,131,87,0,1,19,31,0,28,3,35,16,15,0,0,22
0,43,0,0,1,0,0,0,10,0,32,1,11,39,0,41,0,0,10,0,29,1,32,0,0,0,0,1,0,0,9,37
69,0,0,0,9,13,0,18,0,0,0,14,0,9,0,0,0,0,30,0,0,0,0,0,8,0,0,8,0,16,3,0
0,43,0,0,6,7,0,0,0,14,0,28,22,0,36,40,0,1,0,0,20,14,0,32,3,0,0,0,1,13,15,23
0,0,20,10,0,9,0,0,26,2,0,0,0,0,0,0,0,0,14,0,0,26,0,0,0,0,11,0,0,2,0,44
0,17,10,0,0,0,4,3,0,22,0,0,10,8,0,0,0,0,0,0,9,1,0,0,6,0,0,0,12,30,0,0
12,18,0,19,0,0,0,0,13,6,0,0,27,18,0,4,2,0,16,1,9,0,0,0,6,0,14,2,0,0,7,18
1,17,0,0,5,10,0,0,11,12,27,0,28,0,29,0,0,0,2,0,0,0,0,0,4,8,0,37,13,0,0,0
31,55,0,14,48,3,40,28,0,53,29,0,0,0,19,29,10,25,0,0,0,0,0,20,10,0,5,1,48,20,0,24
182,28,63,3,39,79,59,0,9,67,0,74,30,0,16,20,23,31,9,0,0,0,16,2,4,31,0,0,0,13,0,29
0,62,102,11,29,0,0,0,0,4,0,56,0,0,0,0,0,0,0,0,7,10,0,4,0,0,0,9,0,19,10,30
63,12,0,0,32,0,0,7,0,4,25,0,34,0,21,43,30,28,0,21,17,35,11,106,0,5,0,4,19,0,1,20
28,0,10,12,0,0,0,7,6,30,10,9,27,12,8,31,0,0,22,1,78,0,35,38,0,8,0,5,0,0,10,36
64,75,0,0,20,50,6,0,22,36,45,71,0,7,0,7,56,47,61,56,142,3,12,0,1,14,39,13,8,0,0,0
61,0,0,22,13,3,0,24,8,27,55,55,0,0,0,19,8,6,2,0,110,11,112,171,0,10,35,2,2,1,0,16
50,4,0,0,0,13,0,0,13,37,5,0,13,37,36,22,54,10,65,62,0,0,0,13,0,19,0,1,14,42,11,0
17,18,61,6,0,11,50,62,0,8,46,27,27,11,27,41,33,22,35,22,3,0,0,3,0,33,6,20,11,0,0,24
14,39,18,14,40,29,26,65,176,0,23,11,3,0,3,9,0,8,0,7,16,6,24,16,11,0,20,11,59,0,10,9
39,34,58,24,68,29,0,77,34,0,0,28,6,78,165,16,0,0,0,5,44,0,33,68,59,17,32,23,3,0,41,9
17,56,85,0,20,0,11,0,33,7,0,34,1,1,70,35,0,12,16,0,0,0,0,0,56,13,53,23,33,3,0,15
57,0,20,36,0,0,3,0,8,45,0,0,1,11,8,2,0,21,83,10,4,0,0,5,0,0,10,0,48,0,1,0
0,14,14,26,16,0,1,0,0,0,0,28,34,0,0,19,8,0,0,55,23,0,43,0,1,17,0,23,10,53,37,0
0,17,3,0,10,59,33,0,0,0,0,39,0,0,19,28,12,49,0,5,0,0,8,0,22,28,0,0,15,4,3,46
0,0,12,0,1,13,0,11,14,0,0,0,36,22,0,48,14,13,13,12,0,2,11,5,7,25,9,0,16,0,0,0
106,0,2,4,0,0,0,0,5,0,0,13,12,17,2,0,0,0,9,0,0,0,4,9,7,0,35,22,0,0,0,62
32,14,0,0,26,0,4,10,44,17,0,5,91,0,0,38,0,0,0,0,6,16,1,19,0,9,0,0,0,40,0,0
77,0,0,0,16,50,9,23,43,3,20,212,69,35,0,0,21,25,17,29,0,0,0,0,39,17,72,18,40,0,0,31
0,0,0,0,34,85,57,44,0,31,0,107,220,109,29,7,9,21,17,0,0,3,17,6,10,57,24,5,0,0,7,26
93,0,13,4,0,2,0,41,14,6,1,151,45,62,0,0,0,8,3,39,5,1,18,0,0,52,0,52,3,0,7,8
0,0,47,0,2,22,0,21,14,0,0,43,32,0,0,0,2,0,62,23,0,17,0,6,71,0,0,1,0,16,0,0
37,14,99,0,23,0,48,22,40,0,19,0,8,113,6,0,32,0,18,0,25,0,0,1,0,21,0,30,26,0,6,19
32,2,62,6,53,0,21,0,0,0,4,0,27,0,14,0,1,14,43,35,0,0,26,11,0,22,0,0,11,0,5,17
55,16,0,21,4,0,5,4,0,2,0,30,0,16,13,12,0,93,6,8,2,17,0,0,14,22,0,15,6,26,4,0
49,13,49,0,0,7,25,20,27,0,0,24,0,5,6,40,0,32,39,0,0,22,0,0,0,10,32,12,0,8,1,26
0,26,7,0,36,67,0,0,23,23,2,28,9,0,43,60,0,4,0,0,17,0,39,6,0,20,41,13,0,0,0,0
0,0,0,0,0,5,1,1,13,0,2,31,33,1,0,29,0,0,0,0,33,7,0,4,0,0,61,6,10,8,34,1
48,2,0,10,9,0,0,0,23,1,0,0,0,2,9,5,13,0,0,0,2,2,3,4,2,3,5,0,4,0,3,0
0,0,8,4,0,0,0,0,27,5,0,12,0,0,9,0,18,0,7,6,0,0,0,17,0,0,0,7,0,0,0,0
8,14,10,0,29,6,16,0,26,0,0,9,0,2,3,23,0,0,0,0,2,0,0,23,0,8,7,0,0,2,0,4
0,0,0,0,30,0,14,0,0,0,0,0,0,0,0,19,14,0,0,3,0,14,0,0,0,0,1,36,11,6,0,10
122,19,18,0,30,0,4,5,15,70,0,0,3,4,6,0,11,0,0,0,0,6,1,0,0,0,10,8,3,0,0,0
16,7,137,35,26,18,49,23,0,37,5,6,5,7,16,51,0,0,13,4,0,3,5,4,0,0,16,0,0,0,7,0
0,70,50,19,23,0,12,3,0,0,17,9,2,0,0,0,0,3,0,0,7,0,0,0,5,8,14,0,3,8,0,0
0,5,39,3,0,0,0,16,17,0,14,4,12,3,0,0,1,3,7,1,6,0,0,0,12,5,11,0,2,0,0,16
55,4,53,0,10,2,0,0,10,0,0,10,0,8,0,4,1,0,17,0,3,1,2,1,0,0,0,3,11,0,4,0
48,17,3,0,25,1,0,0,0,1,37,113,0,7,0,0,13,12,30,24,65,0,0,0,0,28,32,0,0,2,1,0
0,12,28,24,14,30,0,0,0,24,8,6,0,0,0,26,0,17,0,0,53,4,26,0,1,2,1,0,0,2,0,3
0,40,43,7,3,32,45,0,7,8,11,8,0,43,15,0,50,1,0,6,2,42,6,0,0,0,0,13,3,0,0,0
56,31,51,16,19,0,45,4,14,16,34,0,25,16,12,46,33,39,43,14,3,0,0,1,15,26,11,0,7,5,0,8
36,28,32,30,37,27,0,15,44,0,5,7,0,25,2,2,0,4,0,0,9,21,19,0,0,3,22,1,0,1,0,0
31,33,3,9,28,4,0,18,6,0,19,1,6,42,63,2,26,2,2,0,71,20,0,0,0,13,2,7,4,21,0,15
0,44,5,1,63,0,0,18,0,0,15,0,3,4,1,0,14,0,0,5,6,0,0,1,0,64,0,17,6,4,12,0
50,0,9,10,20,0,0,3,0,0,10,7,9,0,27,16,0,0,55,13,7,1,0,0,0,0,1,18,8,0,0,21
0,6,0,0,0,0,0,3,0,1,0,3,0,0,5,20,0,1,2,2,2,0,33,0,0,5,13,0,8,10,4,8
18,0,0,11,0,0,0,0,5,2,0,0,0,2,1,0,1,18,3,0,14,0,8,0,0,0,7,17,10,0,0,11
0,7,0,2,0,6,4,0,0,7,3,7,0,0,0,1,0,4,8,4,6,3,6,0,0,11,0,0,29,6,0,0
0,0,10,0,5,2,0,0,2,0,1,27,0,0,0,0,0,0,9,0,7,0,0,9,0,3,9,2,12,0,0,5
0,0,0,4,0,5,30,0,1,0,4,9,66,5,4,12,0,0,0,3,2,4,0,3,0,0,0,0,0,4,0,6
23,0,0,0,0,22,9,0,0,0,74,4,41,0,3,0,0,0,0,0,0,3,0,0,0,0,15,0,0,0,0,0
0,0,0,0,21,49,27,5,20,27,21,48,35,28,0,0,5,2,3,0,0,9,0,40,13,10,8,5,4,8,0,0
19,2,8,14,5,17,0,7,31,18,6,48,13,17,0,13,6,0,4,0,1,5,0,22,0,24,9,55,24,5,5,2
33,1,2,5,0,30,2,7,0,2,0,13,12,15,0,0,1,0,0,0,0,31,1,0,1,0,19,0,0,5,0,0
0,0,46,2,0,12,5,4,2,0,2,12,0,40,8,0,0,0,20,0,0,4,9,0,0,16,2,0,0,0,0,0
0,5,18,0,61,4,0,0,0,3,0,2,11,0,0,16,4,0,22,38,19,5,10,27,0,8,12,0,0,7,0,0
55,33,0,6,37,0,9,0,7,0,25,33,8,31,0,23,15,123,11,2,9,0,9,0,14,2,0,2,0,0,0,0
71,2,3,2,6,11,0,7,0,0,1,53,19,2,2,0,23,0,0,14,0,0,6,0,0,1,8,0,0,7,12,0
0,8,0,8,0,3,0,0,9,2,0,0,0,6,3,0,2,0,0,0,0,0,3,0,0,0,0,3,0,2,2,0
0,0,10,2,0,12,8,0,0,4,0,0,0,0,0,0,0,0,0,0,0,4,11,0,0,0,0,0,0,5,0,15
60,0,0,4,0,0,0,0,0,0,2,1,0,3,0,0,0,1,1,2,4,0,0,0,1,8,7,0,2,0,0,1
0,1,4,2,3,0,8,0,0,1,0,4,0,0,3,0,4,0,0,0,0,7,0,0,2,7,0,0,1,1,5,0
4,1,0,0,1,0,0,0,6,0,0,0,3,0,3,0,5,2,0,0,0,3,1,1,0,0,7,0,7,3,0,12
0,5,3,8,6,3,5,0,0,0,9,0,0,0,0,0,0,2,0,0,0,0,0,0,1,3,0,5,7,0,0,2
93,7,23,0,31,0,0,0,5,66,2,0,4,0,0,1,0,0,0,2,0,0,4,0,0,0,3,0,0,0,16,0
0,36,129,19,4,0,28,44,0,19,0,10,9,2,23,5,0,0,0,12,0,3,10,0,4,5,0,0,0,0,14,15
68,51,11,25,34,3,10,0,0,1,2,0,7,4,8,0,0,0,0,0,0,0,7,0,0,1,0,0,0,0,0,4
0,0,33,0,22,19,0,34,0,1,31,0,37,0,0,0,0,0,0,3,0,0,0,1,3,0,8,3,4,0,0,8
98,0,34,4,22,0,0,0,13,0,0,3,0,7,0,9,5,0,2,0,0,0,0,1,2,2,4,0,0,0,0,1
0,18,12,3,30,0,0,13,0,1,52,94,0,4,0,0,41,26,31,0,17,0,0,3,0,30,3,1,2,1,16,0
0,13,25,15,33,23,4,0,0,20,5,5,0,12,0,0,19,22,19,4,43,0,30,15,1,0,8,3,0,0,0,0
0,43,66,8,2,35,53,0,7,0,2,0,0,33,6,14,52,4,0,11,0,10,0,0,0,0,1,0,0,0,2,0
0,38,49,8,0,0,65,27,0,24,16,0,37,9,8,45,23,12,36,11,0,53,1,8,16,0,9,0,2,0,0,0
26,37,32,0,64,29,14,8,24,3,0,2,0,8,3,35,0,4,0,4,0,46,8,8,1,0,15,19,0,2,2,0
9,24,0,7,11,19,0,0,5,5,0,0,0,9,0,0,48,0,4,0,38,0,0,4,0,0,3,3,4,0,0,0
0,57,21,0,31,0,0,0,0,0,0,2,0,0,12,0,31,0,0,0,2,0,3,3,27,49,0,20,0,0,0,10
19,2,20,62,4,2,0,0,0,1,0,4,0,0,24,20,4,0,37,17,0,0,0,0,5,0,0,2,38,0,5,0
0,0,2,0,1,1,18,3,0,0,0,8,0,0,0,28,9,2,0,0,0,0,19,0,3,0,6,7,0,0,16,0
0,0,0,11,0,0,10,0,8,0,0,0,0,0,2,1,0,20,0,0,0,10,3,0,4,0,0,0,5,0,0,27
7,0,1,0,0,0,3,3,0,2,0,0,2,1,0,0,0,0,13,0,23,0,0,3,0,3,0,11,33,0,8,9
38,0,0,0,1,0,0,6,7,0,8,19,0,0,0,7,0,0,0,0,3,4,0,0,5,0,0,4,7,0,11,15
0,0,0,0,0,2,5,5,0,0,0,6,0,0,0,5,3,0,0,6,0,2,0,0,16,6,3,1,0,2,7,0
0,0,0,10,0,11,0,0,12,3,58,0,28,0,0,1,1,6,0,0,0,0,0,0,9,3,0,0,0,4,0,4
0,0,7,0,24,33,26,2,15,16,12,40,56,24,0,7,0,0,0,0,0,0,0,36,17,2,2,0,32,0,2,10
134,0,0,4,0,0,1,2,9,24,8,59,10,26,0,0,3,0,1,0,0,1,0,0,6,16,0,53,0,0,9,3
0,2,0,5,0,8,0,0,0,0,11,0,9,5,0,0,0,3,0,1,0,29,0,3,1,0,28,9,0,1,2,0
0,1,0,0,0,14,0,0,0,1,24,5,0,68,0,0,0,1,0,0,0,10,5,0,10,0,0,4,0,5,0,0
0,0,0,3,61,0,7,2,2,0,0,22,0,0,0,5,0,0,0,42,13,0,27,5,4,2,0,0,3,0,3,0
0,48,2,15,16,0,1,0,1,0,33,58,0,16,0,28,0,73,8,6,0,2,0,1,0,0,0,1,0,0,3,0
0,0,0,0,0,20,0,0,1,0,3,72,18,0,2,1,27,0,0,0,0,0,0,6,0,0,0,0,0,0,9,0
47,26,0,10,19,8,3,0,7,3,5,2,4,0,0,4,0,4,0,4,5,0,1,1,2,9,0,0,0,0,0,0
0,5,0,3,0,0,5,0,12,0,0,1,0,0,0,0,2,2,5,0,0,7,0,0,0,1,0,5,0,0,1,1
0,0,0,0,0,0,3,0,0,3,0,1,0,0,0,0,0,2,0,2,0,2,0,0,0,0,0,2,3,0,14,10
0,0,6,2,0,4,0,2,2,3,0,0,6,4,0,8,0,0,0,0,0,8,2,0,0,0,8,0,0,4,0,0
0,7,0,0,3,6,0,0,4,0,4,2,0,0,0,10,0,0,0,3,1,0,0,4,0,0,0,0,0,0,5,0
8,6,2,0,9,7,2,0,0,0,0,2,0,0,0,1,0,0,5,3,6,2,7,0,0,0,4,0,0,0,8,0
49,16,28,10,16,0,9,8,14,60,19,2,9,3,0,4,0,0,8,0,2,0,8,0,2,1,12,0,7,0,0,0
95,21,71,5,10,1,35,35,3,35,5,2,17,0,0,7,3,4,1,0,1,0,0,0,0,5,0,0,0,0,0,3
0,82,18,28,40,0,1,9,3,13,0,9,0,0,0,0,0,2,0,0,0,0,0,0,0,8,1,1,1,3,1,10
0,4,45,0,11,23,0,45,4,0,43,8,29,0,2,0,1,4,0,6,3,0,0,4,0,0,10,2,6,0,5,0
115,0,37,8,7,0,10,7,22,0,2,0,0,14,0,21,0,0,0,4,2,0,0,2,0,0,0,0,0,4,0,0
0,6,2,0,28,2,7,9,2,0,28,105,0,0,0,4,43,8,47,0,26,2,2,0,0,14,0,3,0,3,8,0
56,2,22,28,30,25,6,0,1,21,3,13,0,10,0,0,0,2,8,0,33,4,27,1,7,3,1,1,0,1,4,0
46,42,69,4,5,18,59,0,0,0,6,12,0,45,0,16,54,5,0,0,3,21,0,0,5,6,2,2,0,0,0,0
77,32,55,5,0,1,45,22,1,19,10,1,36,6,0,50,29,20,39,3,0,3,0,0,6,0,4,1,9,0,0,8
0,31,40,0,61,6,0,18,31,2,0,1,0,1,4,0,6,19,0,0,3,23,0,3,0,0,23,25,5,0,2,0
0,37,7,0,21,19,2,26,0,0,2,7,0,1,0,16,23,0,0,0,49,5,0,0,2,0,8,6,3,0,0,3
0,69,17,0,34,7,0,0,0,0,0,4,0,0,10,0,10,0,7,5,0,0,0,0,1,54,0,13,0,9,0,0
0,0,16,59,10,7,5,0,7,0,6,0,2,1,19,19,14,0,35,0,0,1,0,0,0,9,7,0,33,7,0,3
25,0,7,0,0,0,0,0,0,0,0,0,6,3,9,11,15,1,0,2,0,0,42,1,1,0,7,0,1,23,0,14
0,0,0,0,0,1,0,1,0,4,0,2,1,3,3,0,3,0,1,0,0,0,0,0,0,0,6,0,18,2,0,0
62,0,0,4,5,0,0,0,0,5,0,4,3,0,0,3,4,0,10,5,16,3,2,0,0,0,1,0,37,2,1,0
15,1,0,0,5,0,0,5,2,0,5,12,0,8,0,0,3,0,0,6,7,0,1,6,0,0,0,0,2,0,4,0
45,0,0,0,3,0,4,0,7,0,1,5,0,0,0,0,0,0,0,1,0,0,0,0,3,0,1,0,4,8,3,0
0,0,1,0,0,4,1,5,1,0,29,5,1,0,1,0,0,3,0,4,0,0,0,3,0,0,2,1,3,1,0,0
18,0,3,0,4,28,48,0,21,11,32,1,0,2,0,0,1,5,0,2,0,1,2,41,9,4,2,0,34,0,0,9
0,1,5,3,4,1,8,0,0,15,1,60,1,14,0,10,0,0,0,0,7,0,3,15,0,23,0,14,6,7,7,0
0,0,0,5,11,10,5,5,3,0,0,2,22,9,2,0,4,0,12,6,0,22,0,2,5,33,2,0,0,0,0,0
0,0,6,8,12,0,0,0,0,0,14,12,1,38,5,5,0,0,2,0,0,1,4,0,14,11,1,8,4,0,1,0
0,0,0,0,45,0,0,2,7,0,6,0,0,1,0,0,0,0,0,39,6,0,23,9,3,0,2,8,0,1,0,19
0,25,0,18,15,5,0,0,1,2,37,64,2,16,0,36,0,50,0,0,5,18,0,3,0,0,0,0,3,3,9,1
0,0,3,0,0,17,0,3,0,0,2,57,21,0,4,0,0,0,0,4,0,4,0,0,0,0,5,3,0,12,2,0
0,24,0,24,0,2,6,0,3,0,4,5,0,4,6,2,0,0,3,0,0,2,5,1,0,2,0,5,0,0,0,0
0,0,6,0,1,0,0,0,2,0,0,4,1,2,0,5,0,4,0,0,3,0,8,0,6,2,7,3,7,1,0,0
0,0,0,0,0,0,0,8,10,0,0,12,0,0,1,4,7,0,0,0,5,0,0,0,0,1,3,0,1,0,0,0
0,0,1,0,6,0,3,11,0,0,0,0,0,0,1,0,2,0,0,6,1,3,0,9,2,0,5,0,2,0,0,0
0,4,3,0,0,0,0,9,0,0,1,14,0,3,0,0,0,0,4,0,0,5,0,0,1,0,0,3,2,0,0,4
0,4,1,1,0,0,0,8,0,2,0,0,0,0,0,0,0,0,5,0,0,0,0,0,0,0,5,3,4,3,0,3
