44,0,0,47,0,0,0,0,0,0,15,21,28,15,17,0,4,0,0,44,174,86,37,0,0,4,0,0,0,27,3,0
0,0,33,0,0,20,19,0,1,0,78,76,100,27,8,0,46,86,21,26,0,0,17,58,0,36,25,0,20,0,0,16
0,0,0,0,0,7,4,0,3,6,0,150,145,0,54,61,25,0,55,0,22,106,21,0,45,27,25,0,0,5,0,0
0,0,0,16,0,8,17,59,84,23,43,48,71,80,0,0,0,17,0,21,41,24,4,67,19,0,0,0,1,0,0,0
252,0,7,5,0,25,95,39,3,4,0,71,51,133,5,0,0,0,21,0,58,16,41,41,15,0,0,0,0,33,68,46
0,0,26,17,77,76,112,13,20,3,6,64,21,0,1,0,8,0,34,0,42,0,83,0,31,24,25,0,25,54,148,142
0,0,0,6,0,14,24,0,16,47,21,0,0,8,0,87,52,20,0,0,0,37,48,27,0,38,11,0,0,15,0,64
1,4,20,0,0,0,0,0,0,22,20,28,11,14,97,100,241,0,0,9,0,0,0,23,1,31,0,0,22,78,19,99
210,24,0,28,0,44,5,31,0,0,68,29,42,0,34,67,14,0,0,0,0,0,0,16,30,0,0,0,1,15,3,48
0,44,25,0,15,0,0,0,72,31,18,0,0,66,0,22,0,14,32,0,0,0,4,0,0,14,0,4,13,0,52,32
0,0,3,21,44,19,5,0,11,0,0,41,32,6,71,48,17,0,0,28,0,0,32,17,0,4,0,0,0,0,0,0
0,31,0,16,6,27,23,43,1,29,0,0,0,46,8,46,27,11,0,0,0,0,73,33,238,102,166,54,25,25,0,0
117,0,8,0,13,0,26,18,45,57,0,27,0,42,32,37,0,33,34,0,40,15,85,14,186,36,48,109,57,93,238,0
76,0,5,6,0,0,36,120,41,104,134,48,14,33,12,0,21,1,0,13,0,0,3,0,6,9,39,57,0,0,7,0
0,10,0,0,0,7,54,18,108,82,13,8,0,28,0,0,0,15,0,8,0,24,0,0,0,12,21,3,56,0,0,48
0,0,0,9,23,7,33,60,86,87,0,0,0,16,17,9,0,5,31,80,118,109,0,20,43,0,71,0,21,13,13,30
86,0,14,0,63,50,7,0,36,2,0,4,0,2,19,32,0,35,153,70,94,34,42,1,41,0,26,0,0,9,0,0
0,0,0,0,18,20,0,0,0,35,0,0,0,16,35,38,3,0,32,33,0,10,8,29,30,57,79,0,6,49,1,2
122,23,0,29,0,0,0,78,1,0,0,20,41,6,0,23,0,0,0,22,0,61,47,4,0,49,0,27,0,19,5,0
0,39,43,0,12,0,31,0,0,0,38,0,21,2,11,0,0,0,0,0,11,18,24,106,7,9,8,22,0,25,20,2
123,0,0,16,9,20,10,33,8,9,20,17,10,14,0,19,0,0,4,0,43,77,60,113,7,0,0,45,0,13,0,8
0,0,0,0,0,5,38,59,0,17,6,25,12,4,14,0,0,55,0,0,0,0,0,38,81,106,21,18,5,0,39,81
0,39,0,44,38,30,35,0,99,64,0,0,0,4,13,8,12,0,0,0,0,19,0,0,6,28,0,0,0,30,0,55
38,5,21,0,0,25,27,13,35,0,0,18,0,3,0,0,31,0,1,10,0,11,0,37,7,0,54,0,28,6,17,11
0,0,45,0,82,0,19,54,18,0,10,34,0,0,0,0,0,0,0,24,66,29,6,19,33,12,0,38,12,21,0,11
56,5,0,9,0,8,0,0,0,0,25,5,0,0,10,0,31,8,20,0,0,0,16,29,0,0,0,44,5,23,0,0
29,32,0,0,18,28,0,0,0,6,19,16,23,0,10,57,3,0,0,6,47,0,0,29,0,0,0,0,0,9,0,15
0,20,0,0,24,0,0,36,6,10,15,18,27,0,0,26,0,0,0,14,0,0,15,0,0,0,0,0,5,24,0,45
85,0,30,0,0,0,11,0,0,0,26,3,0,0,8,0,0,0,38,14,0,46,30,0,0,19,3,8,0,8,0,4
0,0,12,14,0,0,32,39,11,1,9,5,0,3,0,16,0,0,28,0,0,0,0,7,5,28,0,0,16,0,7,0
1,18,44,7,0,0,4,0,15,30,0,11,0,0,2,19,23,7,34,0,8,19,0,0,1,0,0,0,2,7,0,25
0,11,0,0,0,24,0,0,15,15,25,14,16,7,24,0,7,7,0,8,0,0,0,0,0,0,0,0,0,0,0,20
0,44,0,0,30,9,0,41,0,14,0,4,0,0,29,0,0,9,40,36,0,12,49,16,0,0,43,35,25,28,31,0
0,3,0,14,6,0,45,4,16,5,25,0,13,0,0,63,0,13,0,1,29,0,25,0,0,0,0,0,0,0,14,0
33,5,0,0,13,2,0,0,0,16,0,22,9,164,94,140,11,1,17,0,1,174,2,0,0,0,30,0,0,0,0,0
0,12,0,0,0,17,0,0,34,7,0,0,65,35,160,186,0,24,0,0,1,53,0,11,0,16,34,10,0,0,0,30
0,0,0,23,0,34,0,31,0,0,79,0,0,83,201,160,0,0,25,0,23,38,66,10,6,0,0,0,16,27,0,0
8,0,0,14,16,20,28,0,0,0,0,105,3,80,125,0,10,0,0,48,131,42,68,10,0,0,0,42,7,24,41,0
0,27,30,7,0,21,12,16,2,4,40,65,33,0,1,0,7,0,12,19,56,25,132,0,18,0,86,2,0,14,0,34
0,0,0,11,0,67,22,35,16,0,7,26,0,56,8,0,0,1,5,106,74,58,40,22,12,9,42,0,17,32,31,19
115,24,0,11,0,0,3,67,12,0,67,170,56,20,8,34,25,0,11,49,176,78,20,23,0,0,14,0,0,0,17,12
0,0,20,5,9,12,0,33,0,0,22,35,200,1,0,0,5,3,0,158,214,32,0,15,0,18,4,54,27,8,43,0
0,0,38,0,0,7,5,35,0,0,189,224,203,67,0,55,3,0,14,25,14,0,15,1,0,3,28,6,0,5,0,0
56,0,0,0,8,41,32,0,13,5,46,138,31,7,15,0,9,27,24,2,0,0,0,34,1,37,0,36,0,5,0,44
0,10,10,0,12,48,0,9,28,23,29,89,110,106,0,16,4,0,18,0,16,32,22,30,0,44,3,20,65,34,31,47
0,0,0,0,0,93,40,0,0,16,0,107,127,165,0,0,34,0,0,12,28,8,41,32,42,0,62,75,61,0,0,5
175,0,0,60,34,149,115,2,11,24,7,125,194,54,35,19,0,0,0,0,0,0,68,0,51,95,81,0,0,0,10,23
0,0,0,12,10,0,5,0,0,0,1,8,91,0,33,37,0,14,0,0,104,89,0,20,128,19,110,2,38,0,0,50
0,0,0,4,0,0,6,8,0,8,7,0,0,18,43,0,149,37,0,16,37,19,67,89,140,34,87,20,17,92,0,0
152,14,16,3,0,0,65,101,133,11,0,0,0,6,203,88,69,22,25,37,0,19,32,117,66,0,70,38,10,0,0,0
23,12,0,7,43,4,0,0,14,34,0,0,0,82,112,131,24,0,46,2,45,43,78,93,77,62,3,0,31,50,0,0
0,0,0,15,23,36,11,4,0,77,0,41,0,8,95,57,48,0,0,0,43,71,191,199,100,23,43,24,8,50,9,31
0,41,10,0,24,10,15,34,41,8,0,22,0,0,0,0,16,0,0,34,4,83,189,241,137,78,69,76,60,0,39,2
0,0,36,0,8,0,0,61,0,0,6,23,0,0,0,0,0,0,30,0,0,148,76,47,188,149,3,20,19,2,4,16
138,57,8,0,0,37,6,0,41,4,1,8,0,23,39,25,33,0,19,1,0,5,68,62,137,0,0,43,39,36,13,0
103,0,10,9,37,3,17,0,9,52,39,48,0,0,0,0,0,0,17,43,0,14,102,102,172,62,0,0,81,29,0,0
0,0,7,4,20,78,0,0,0,19,67,0,0,19,27,0,13,0,92,50,0,42,248,137,54,70,31,8,48,22,0,16
65,0,0,31,0,11,0,6,13,0,38,0,48,33,6,3,0,2,6,8,0,130,189,199,23,98,0,7,0,16,0,1
0,28,20,28,0,23,10,0,32,1,0,0,0,0,15,1,0,22,85,0,8,38,0,49,0,72,3,25,78,23,21,0
0,0,26,0,0,0,0,0,4,0,0,0,5,19,17,35,36,0,0,0,0,7,0,0,0,3,23,0,13,0,0,0
0,0,0,37,0,0,0,0,0,38,0,28,6,7,17,0,13,37,46,24,0,17,0,0,0,8,11,2,2,45,0,0
19,18,45,0,31,0,0,1,22,0,15,38,7,37,19,0,3,17,38,20,29,2,41,0,0,0,24,61,19,0,0,50
14,0,3,51,0,0,0,11,0,11,10,15,21,0,0,0,19,13,11,0,25,16,19,0,0,19,0,0,0,21,0,15
0,28,0,8,32,0,0,28,0,0,16,0,0,21,25,0,0,0,0,0,29,2,0,0,5,24,0,0,16,14,0,11
0,0,0,10,0,0,0,9,0,0,0,0,0,9,20,38,0,0,0,0,0,17,36,16,6,9,35,0,0,31,25,41
6,13,50,0,0,33,4,0,14,0,16,13,0,0,0,11,0,0,26,0,11,0,0,6,12,11,0,0,19,11,0,0
95,55,0,0,27,19,24,0,0,0,0,93,52,0,32,28,31,19,24,9,0,0,23,0,9,12,19,0,13,24,10,0
57,0,26,0,10,0,2,0,0,8,7,36,85,28,18,0,7,40,40,0,1,0,1,19,6,0,0,0,25,0,0,0
90,0,0,2,14,0,0,2,0,2,17,12,9,33,0,15,0,0,0,12,0,0,34,54,0,0,24,15,0,4,24,7
0,0,0,0,0,44,0,11,0,0,0,114,0,1,0,0,0,0,0,0,10,0,17,29,6,4,0,12,28,0,0,0
0,0,3,37,0,2,0,36,0,0,24,0,0,36,0,28,21,0,16,0,0,15,4,0,0,0,0,27,31,7,0,30
0,37,0,7,0,22,70,0,37,10,26,4,8,0,39,5,16,0,0,0,0,56,22,12,0,0,23,5,13,12,0,22
76,28,0,23,14,0,21,15,0,0,0,16,51,72,0,43,0,8,2,3,0,32,0,0,0,10,0,12,5,17,27,9
0,16,0,51,46,12,0,25,0,0,0,16,12,44,81,0,0,16,24,21,35,0,0,0,10,9,18,0,63,51,81,31
3,0,0,27,0,0,0,21,0,35,36,8,0,57,48,11,8,0,0,0,27,33,0,0,0,4,0,0,0,0,0,30
102,0,0,0,0,0,0,2,14,0,37,21,0,6,128,16,9,16,0,1,19,24,42,7,0,11,22,11,22,0,0,0
149,0,0,0,0,20,18,21,2,13,21,75,57,65,61,11,34,0,5,14,13,4,0,9,12,11,10,0,60,20,0,0
74,5,48,27,27,0,30,21,7,0,79,22,0,72,0,156,21,24,15,25,34,0,0,5,0,0,0,21,59,0,5,25
0,0,0,0,74,0,18,82,0,0,40,49,94,23,120,231,0,31,0,16,32,0,34,24,15,0,0,22,59,0,44,19
0,0,18,5,31,0,0,30,0,96,36,8,0,55,118,0,0,0,0,9,59,19,4,0,23,25,14,37,38,0,18,14
0,0,9,29,0,32,68,0,0,3,0,9,0,23,14,0,0,0,0,38,3,0,31,1,10,0,0,64,9,32,12,0
0,17,0,0,0,54,7,0,19,7,25,87,69,0,42,33,50,0,0,13,18,8,55,21,0,3,2,16,21,29,0,110
188,6,35,13,38,33,0,65,24,104,171,188,0,12,0,8,0,6,10,24,114,160,71,0,13,0,27,9,26,2,31,13
0,0,37,16,29,27,112,61,6,138,26,66,0,16,0,0,0,0,135,167,85,64,0,4,2,2,0,0,20,0,0,24
14,0,0,29,93,13,20,75,66,75,102,118,30,0,0,8,0,0,113,9,0,6,0,0,0,0,0,73,32,0,10,0
110,14,0,52,25,59,61,42,18,22,84,123,177,0,9,0,0,3,8,13,12,25,7,0,2,5,22,24,0,9,15,6
0,0,0,33,34,32,0,0,33,11,0,46,0,0,1,0,3,5,34,0,24,27,0,0,1,43,15,14,0,0,0,33
82,0,0,22,0,5,40,2,19,16,0,0,0,11,2,4,0,0,10,0,1,0,33,0,5,11,90,0,50,0,25,0
0,0,7,0,17,0,0,0,0,0,32,0,83,37,0,20,5,19,0,25,0,49,0,42,25,53,1,29,16,0,2,0
0,0,2,1,0,3,21,0,30,0,0,13,50,30,22,16,0,0,0,28,0,0,48,45,39,118,63,22,15,3,0,4
0,22,0,0,0,0,13,2,0,21,0,39,0,19,0,17,0,0,0,0,0,54,0,7,0,80,0,55,128,38,23,10
41,3,21,2,19,0,27,0,15,7,0,1,12,0,10,4,15,0,0,0,0,26,0,18,48,4,3,0,3,0,13,0
0,0,0,1,20,0,16,0,11,0,30,0,0,0,0,28,0,17,0,0,9,19,0,0,16,0,16,4,0,25,0,9
0,0,0,0,0,2,8,4,0,0,4,4,0,35,0,0,15,0,0,0,0,0,14,0,0,1,52,0,0,10,0,0
0,31,0,0,0,19,0,0,0,0,22,65,0,0,0,27,0,13,0,18,14,56,0,0,0,18,0,0,0,16,6,13
0,0,23,1,0,0,0,0,8,0,0,19,0,19,0,0,7,0,0,147,240,157,55,12,6,14,5,0,11,0,0,23
0,0,56,22,19,0,0,0,20,5,23,0,2,9,40,0,32,0,0,0,0,2,27,23,11,0,0,0,0,0,20,28
0,0,0,0,12,23,17,0,7,0,0,11,0,0,8,0,7,0,5,24,0,0,0,0,3,16,13,17,2,0,0,0
0,0,0,0,0,9,12,7,0,5,13,10,57,7,26,16,1,0,0,13,0,9,2,1,0,0,24,17,0,0,0,0
79,0,17,7,0,6,0,0,0,0,98,0,80,0,0,0,6,0,3,12,0,6,0,0,0,16,0,0,0,11,6,0
0,0,0,6,0,0,6,0,16,0,66,11,78,67,0,0,0,0,22,0,0,30,0,0,0,11,0,0,0,16,0,32
124,1,0,0,27,0,26,0,23,0,1,14,4,0,0,12,9,0,29,0,8,7,19,15,0,20,0,16,14,13,0,23
127,0,0,0,18,35,0,17,18,11,127,0,29,0,0,1,0,0,12,6,1,7,54,0,2,19,4,30,17,23,3,16
44,0,4,16,0,0,19,7,0,41,0,11,0,0,18,5,13,7,0,9,0,0,0,0,5,0,42,0,1,0,0,10
0,31,41,11,5,0,0,35,0,26,20,32,56,125,3,44,0,23,0,0,16,3,0,4,22,26,22,0,11,0,22,36
89,0,0,18,9,0,6,13,0,9,0,7,4,24,0,22,0,0,0,0,0,1,1,7,0,3,14,0,10,0,9,16
38,45,0,22,10,0,0,7,25,0,0,20,4,0,0,2,0,20,14,9,17,0,0,0,6,29,2,0,0,0,0,3
0,0,9,4,0,0,9,0,18,41,35,23,92,0,0,30,131,90,2,0,0,3,9,0,7,22,6,0,0,20,0,46
33,14,13,0,22,16,13,0,0,8,4,19,29,36,205,193,134,0,0,22,0,13,8,0,0,0,1,15,76,24,8,35
74,0,38,16,22,10,37,10,29,22,31,0,0,26,16,0,55,0,11,11,0,0,31,0,33,0,27,10,33,0,0,0
0,0,9,5,0,4,0,40,67,0,71,5,120,52,18,0,0,2,0,0,10,11,0,13,0,14,24,7,16,18,0,47
80,12,0,0,19,0,9,0,29,0,84,34,0,4,0,0,0,0,3,0,0,119,20,64,90,7,30,0,43,24,0,0
0,0,0,31,0,25,48,37,35,0,88,148,0,0,0,0,16,25,8,116,109,99,57,12,7,16,0,9,0,0,0,0
0,12,4,0,0,13,147,106,126,88,26,50,26,73,23,5,21,7,21,29,2,10,49,0,30,8,0,0,33,22,22,8
176,4,4,200,129,71,97,40,87,30,173,158,159,60,0,22,0,0,0,6,0,55,17,0,0,0,0,0,22,25,6,0
110,0,0,132,34,26,218,83,31,191,17,74,3,2,18,2,13,5,9,1,29,0,16,0,6,22,0,0,41,38,0,0
73,0,0,10,112,40,17,50,33,57,24,46,55,230,43,7,0,0,24,5,2,0,10,25,3,0,0,53,58,15,16,36
57,0,11,0,7,51,45,8,21,24,21,5,22,209,10,35,5,20,12,0,0,4,0,1,6,0,14,9,16,0,0,0
0,0,0,15,27,9,0,18,0,25,0,25,0,43,1,0,0,0,0,0,0,0,0,0,22,16,0,0,16,20,14,15
133,0,0,5,0,9,0,44,0,0,0,0,14,0,0,0,10,11,0,7,0,0,3,22,12,9,49,15,58,27,0,0
0,1,33,30,16,54,0,0,0,14,0,0,0,0,7,35,0,0,0,0,0,0,40,2,64,16,0,23,0,0,0,0
41,0,22,29,113,163,42,33,0,0,0,8,0,1,0,0,2,16,0,4,6,65,0,25,0,0,0,3,0,0,0,0
0,0,6,19,69,110,41,94,5,5,0,24,3,7,0,25,2,0,10,0,23,15,80,113,0,0,0,6,3,0,0,5
57,0,12,5,10,9,20,2,0,4,27,0,8,12,23,0,0,6,0,0,45,77,18,63,5,44,3,18,3,0,0,1
0,16,17,21,0,0,0,54,4,2,0,1,15,0,0,228,209,8,0,0,0,134,127,39,9,0,0,0,0,4,19,8
0,0,33,4,12,0,0,28,47,0,39,8,22,10,0,0,12,36,20,0,28,0,0,11,4,39,62,0,16,0,8,19
0,5,7,25,14,0,0,1,11,0,0,25,1,18,0,0,29,33,0,26,0,16,0,0,0,17,4,35,19,0,4,0
0,0,0,0,1,0,0,0,0,0,0,42,4,0,4,0,0,16,0,0,0,0,18,1,23,0,0,0,0,6,3,0
0,0,0,14,0,0,0,20,0,10,17,0,28,0,16,0,31,6,12,11,0,0,0,0,0,3,15,0,0,5,8,0
0,0,0,0,0,0,3,7,1,0,21,44,0,0,0,0,0,14,0,0,5,0,0,7,3,0,0,0,0,0,27,30
48,85,0,0,0,26,19,8,4,0,0,0,30,0,0,145,55,0,20,0,13,44,19,34,5,8,0,0,0,21,0,0
0,20,0,0,21,0,37,42,0,0,0,10,0,19,133,196,28,0,14,0,0,67,2,4,0,18,28,9,0,0,27,0
0,0,12,1,46,0,28,11,2,0,23,17,0,1,208,61,124,26,0,12,0,0,0,6,14,2,22,0,0,0,0,7
142,0,35,6,14,3,0,0,8,5,15,67,0,0,2,92,89,0,0,0,0,0,0,62,25,67,50,29,0,0,11,16
0,0,0,0,27,18,17,36,14,5,46,6,0,0,0,178,0,14,69,0,96,18,228,54,178,19,65,0,0,13,0,113
50,0,0,0,18,30,48,27,13,19,69,67,36,0,29,6,41,0,13,135,23,151,89,0,6,28,20,4,0,0,0,12
0,0,22,3,16,6,6,28,0,0,26,83,240,121,0,31,0,22,2,22,20,87,12,113,16,44,0,0,23,0,0,13
111,0,0,0,0,0,0,6,25,31,5,137,237,111,105,0,16,11,0,0,121,43,44,49,30,0,0,1,14,0,30,0
152,2,0,0,26,163,0,1,0,11,22,100,114,79,9,0,7,22,19,0,27,70,63,124,18,23,0,0,0,4,17,0
0,0,20,8,25,37,0,0,38,7,70,64,175,111,232,43,0,1,11,0,41,91,0,19,39,57,6,0,0,0,0,22
0,0,3,10,49,2,8,22,0,14,32,124,9,223,63,204,2,0,0,12,87,1,3,29,0,25,21,0,46,206,226,106
0,0,0,9,17,0,55,9,36,12,78,26,39,9,21,34,7,0,9,11,5,22,75,0,0,0,5,0,29,35,87,0
0,31,31,49,0,60,2,67,26,0,63,4,200,50,70,10,0,0,0,3,34,22,0,22,35,0,0,0,12,15,44,4
113,13,5,0,81,24,21,0,0,0,106,127,83,0,26,27,0,0,0,2,4,0,0,22,0,0,0,0,0,0,0,19
0,0,17,22,29,14,0,24,0,0,1,77,4,0,6,1,0,14,5,20,5,8,158,87,86,38,12,0,0,0,18,0
135,0,0,10,0,0,78,190,224,22,16,24,148,119,0,0,14,7,0,0,1,20,8,64,82,80,0,7,43,50,42,11
0,30,0,16,32,78,31,23,132,33,0,3,24,0,0,17,0,0,0,38,2,1,64,61,34,18,3,28,18,0,0,0
0,13,36,29,6,53,101,102,0,6,9,25,0,0,3,67,0,0,0,110,0,0,68,86,22,0,0,6,52,16,0,0
0,2,0,0,6,0,1,31,0,2,4,17,0,3,15,0,28,0,59,0,0,8,80,108,4,0,8,0,45,0,4,0
0,0,7,4,11,8,33,9,6,0,0,0,21,0,0,0,4,9,0,0,8,0,11,2,54,0,14,0,0,3,6,0
0,0,0,0,0,8,108,0,0,4,4,0,22,0,0,0,5,16,11,0,2,25,0,0,1,0,0,18,15,0,0,46
0,52,57,30,4,28,42,0,44,0,31,0,21,0,23,0,2,23,55,0,40,0,22,0,1,7,0,18,27,5,45,0
0,5,0,0,35,3,0,47,9,3,0,0,0,0,0,0,42,46,0,28,0,10,59,19,0,9,0,7,9,7,0,5
16,0,0,0,29,71,8,6,7,3,9,17,14,4,0,11,0,2,0,4,0,11,0,0,0,20,3,6,9,2,0,19
0,18,6,1,0,15,0,0,0,0,13,0,0,0,0,19,2,0,0,3,0,0,0,0,0,0,7,35,13,3,8,6
0,0,39,35,0,0,0,0,42,22,0,0,0,0,0,0,0,6,3,0,0,38,0,23,0,6,8,0,13,26,0,21
0,28,0,0,0,37,0,0,0,0,9,0,6,0,0,12,5,0,0,0,11,7,10,0,9,14,0,0,21,9,19,12
0,0,27,0,0,0,4,0,35,0,21,2,0,3,0,30,17,0,0,2,17,2,46,36,19,13,6,0,7,0,0,15
0,0,0,14,0,10,0,0,22,0,0,28,0,0,3,0,0,0,0,0,0,8,24,0,0,0,11,0,0,24,0,0
0,0,0,19,5,0,14,28,25,0,1,0,8,44,0,0,29,6,43,0,0,0,0,0,0,9,11,8,26,0,9,0
0,0,33,8,0,0,4,26,0,0,12,0,0,3,94,102,15,0,0,42,0,0,0,0,9,0,0,15,0,9,0,10
0,48,0,0,0,25,37,0,28,0,14,44,30,0,34,37,42,0,19,0,4,0,25,90,28,229,4,0,0,0,15,41
0,1,8,0,10,0,2,8,9,0,23,0,1,26,0,0,0,19,0,0,12,255,136,44,29,20,0,5,27,0,25,2
0,34,31,0,3,25,0,0,0,0,68,177,253,0,4,0,4,0,0,0,48,51,21,38,34,57,0,0,15,0,14,23
136,0,16,0,0,13,0,0,108,96,22,134,47,7,0,20,6,0,7,13,26,0,44,74,15,0,0,10,0,0,0,6
0,36,73,0,0,0,78,116,58,35,62,150,130,83,41,0,20,0,21,27,65,0,84,99,14,43,52,26,23,15,22,0
169,15,17,1,30,23,160,33,0,70,151,6,182,101,76,16,27,30,12,0,5,0,43,16,73,19,1,0,16,5,0,4
85,20,12,13,0,194,104,88,125,35,17,35,60,0,0,9,1,20,0,23,3,0,0,0,11,0,0,0,10,27,0,0
0,0,0,28,71,4,19,0,25,4,0,7,3,44,66,44,2,0,16,0,16,9,36,72,0,0,0,17,5,0,4,0
148,0,15,0,58,28,0,14,29,0,3,0,8,33,115,170,102,5,16,0,8,17,0,12,0,0,0,0,51,165,20,83
0,0,0,23,2,0,0,0,29,1,59,2,5,11,57,64,53,0,0,0,34,10,24,20,12,16,0,0,16,31,105,119
0,0,0,0,0,23,41,0,19,6,32,22,0,16,43,4,13,0,0,0,0,5,0,9,8,1,10,0,0,7,0,0
0,8,0,39,2,0,0,2,0,0,77,16,24,14,39,7,4,0,6,0,0,0,3,0,2,4,0,0,0,6,16,48
0,5,34,22,0,0,0,51,0,0,0,21,11,0,13,24,0,0,0,0,44,0,75,0,0,0,26,44,48,0,27,59
88,4,8,5,36,0,40,85,74,76,0,0,65,0,0,5,20,0,0,1,0,1,0,193,196,210,42,51,43,54,97,51
0,0,0,1,0,11,84,137,54,99,0,4,0,4,18,0,0,1,0,0,0,0,0,24,106,183,97,10,80,110,78,78
46,1,0,0,16,0,0,151,173,75,0,0,0,0,0,16,0,4,25,0,8,13,3,0,20,0,34,0,8,0,26,18
0,29,7,12,0,43,10,24,42,99,0,0,0,0,0,2,14,8,88,205,169,123,0,6,41,0,0,12,0,40,0,29
0,0,0,5,0,0,0,15,0,7,0,0,14,3,0,0,0,0,14,35,14,0,0,23,33,0,16,0,7,5,6,0
21,0,15,0,0,11,62,21,30,18,0,0,12,14,0,14,0,0,0,13,0,0,0,84,0,3,16,0,29,0,0,10
0,18,12,9,0,0,0,10,0,7,0,15,16,17,0,8,26,16,17,0,0,0,14,19,11,0,0,0,3,3,0,3
0,0,0,0,0,60,65,6,33,21,0,11,0,0,6,3,17,23,5,19,0,25,0,0,31,13,21,38,21,24,0,0
70,1,0,0,0,62,51,0,34,20,22,0,14,16,36,0,66,4,39,0,0,0,1,0,1,3,0,1,0,0,0,4
9,0,0,0,57,19,0,0,30,1,5,0,21,2,2,2,0,3,0,0,0,0,6,27,0,2,20,0,2,0,0,3
0,8,1,0,30,0,0,0,20,2,0,0,0,0,12,5,0,13,43,0,0,0,0,9,7,0,0,7,3,0,8,4
4,26,0,0,29,3,13,27,0,0,0,0,23,21,2,0,0,0,0,13,7,0,0,6,0,0,7,8,0,0,12,12
0,0,0,0,0,0,0,3,0,8,49,6,1,0,0,20,0,0,16,0,1,0,26,26,27,9,0,0,24,24,33,1
0,35,0,0,0,26,13,11,0,42,30,12,2,22,0,0,0,14,0,15,0,0,6,26,11,0,35,7,19,0,4,0
51,0,0,23,0,18,5,0,0,0,4,0,31,36,13,22,0,0,0,3,1,23,0,3,0,0,7,0,0,8,0,0
11,0,0,10,20,50,0,0,0,0,10,0,0,0,0,0,0,3,14,23,21,23,13,12,16,16,21,0,0,13,0,0
0,0,0,0,17,11,13,0,28,0,0,25,0,0,0,64,20,0,0,0,0,5,0,0,0,16,20,2,2,0,0,25
19,46,0,1,0,2,0,2,10,43,0,0,28,9,12,0,0,0,0,0,0,6,11,20,0,1,0,0,9,0,0,3
0,45,0,3,24,0,3,29,3,0,31,0,0,0,45,180,0,0,6,0,1,7,20,0,0,0,0,2,0,8,0,0
32,30,0,0,0,0,0,0,0,5,3,18,7,18,17,100,0,50,3,0,0,0,15,23,0,56,73,0,21,0,0,13
0,14,7,6,0,0,9,0,0,0,0,0,0,150,105,0,4,23,0,8,0,0,8,3,99,103,96,3,3,0,12,55
62,0,0,22,0,0,2,0,29,41,1,0,0,75,106,0,0,0,16,0,0,50,0,69,79,61,14,0,6,24,0,0
0,2,25,4,0,1,2,23,0,13,29,10,29,32,3,0,3,20,21,0,1,6,188,43,15,1,0,0,1,0,0,0
10,17,39,28,0,31,4,1,7,0,65,104,0,16,3,0,0,11,3,0,181,115,3,0,1,0,23,11,0,0,0,0
86,36,76,0,0,38,0,8,0,69,155,8,61,38,11,12,0,0,0,45,98,0,30,3,3,0,0,10,13,0,0,0
63,0,0,27,27,49,37,50,71,81,81,33,105,0,38,49,3,0,0,125,0,0,0,16,1,0,7,0,0,0,0,13
116,1,3,0,40,7,29,11,0,44,34,146,114,97,20,43,3,2,0,2,0,21,36,68,5,0,0,0,9,11,0,22
13,0,26,9,11,32,31,58,21,0,0,52,65,18,0,0,6,0,10,4,8,18,18,18,24,5,18,25,34,1,42,0
0,0,9,6,28,2,8,172,0,9,0,211,193,137,0,18,14,6,19,12,16,0,0,2,3,4,7,13,0,43,3,20
0,0,0,0,47,46,75,0,35,21,0,153,163,66,13,37,0,0,0,16,0,26,0,2,24,0,0,0,3,59,102,0
0,0,0,17,0,109,0,0,0,0,24,71,12,16,13,197,0,36,21,48,33,0,0,1,0,14,0,17,0,99,117,30
93,26,0,0,8,68,23,7,8,0,5,0,0,0,0,53,62,0,0,1,0,13,13,0,0,13,0,16,9,1,92,84
25,0,29,1,0,14,0,27,16,1,1,19,16,10,18,123,176,2,6,0,7,0,50,22,0,0,0,21,0,8,20,16
0,0,26,7,50,3,35,43,0,42,16,0,39,0,128,195,96,0,0,0,8,0,26,78,62,31,0,26,16,0,3,57
169,0,0,16,25,0,90,33,4,22,0,0,0,0,135,14,7,4,0,0,0,0,17,11,79,0,78,24,24,23,35,6
0,18,39,0,0,0,26,17,139,16,0,2,10,4,25,4,20,0,33,47,0,23,24,74,90,55,0,0,2,28,0,92
0,17,23,0,16,59,0,0,43,6,0,15,0,7,2,3,0,26,22,0,0,62,107,185,42,147,48,0,0,0,14,0
10,0,23,0,0,0,11,0,0,0,0,7,2,0,3,0,0,0,0,45,0,59,117,189,75,16,0,60,23,29,78,0
99,0,13,20,45,0,9,58,81,0,0,0,0,0,46,18,1,1,0,8,0,68,52,188,54,127,87,0,88,13,1,18
0,0,14,1,0,6,27,167,228,91,0,1,30,0,16,0,2,21,26,0,4,30,82,156,196,165,88,0,22,19,62,19
56,10,0,17,0,0,18,223,155,116,0,0,0,1,1,8,0,3,13,16,1,8,0,18,0,0,0,14,48,46,0,22
0,0,13,15,73,0,0,0,9,37,0,0,0,25,0,3,0,0,0,28,0,21,9,0,45,13,0,0,0,0,0,66
0,0,0,26,31,0,28,17,52,0,4,0,0,14,0,12,0,0,0,11,8,17,0,8,0,3,21,0,9,0,2,3
0,8,51,28,0,7,0,23,38,0,18,0,0,0,0,0,46,0,26,9,19,0,0,12,25,0,1,7,10,24,0,37
0,0,44,42,0,0,0,1,20,20,1,0,0,0,0,7,0,0,0,0,5,0,7,0,0,0,2,26,16,0,7,11
0,15,27,0,0,38,7,0,0,0,22,18,49,0,3,40,0,0,0,7,18,0,24,19,1,0,0,0,0,0,39,61
7,0,0,39,31,0,0,0,0,0,0,25,27,0,0,0,0,0,0,20,0,45,0,0,0,29,0,0,0,14,16,0
0,19,46,20,12,9,5,15,0,6,10,11,4,0,0,12,7,9,0,0,100,10,64,36,0,0,0,0,5,0,0,36
0,11,14,23,26,1,0,0,0,19,0,13,0,5,23,8,0,35,34,3,4,23,24,0,7,0,0,14,0,20,5,0
0,0,31,0,0,19,0,0,37,27,17,9,0,0,0,14,15,0,10,0,17,7,9,29,8,0,0,0,0,2,4,0
0,15,0,0,0,0,14,9,10,0,0,0,10,0,0,0,20,1,0,0,15,0,0,25,13,0,0,0,18,0,1,23
0,21,75,20,0,0,2,45,0,18,0,0,0,7,0,21,0,0,0,0,0,9,0,27,0,19,0,0,0,20,7,0
62,0,32,0,21,1,0,9,0,0,18,0,3,35,10,1,0,7,3,0,4,25,0,9,0,5,8,23,0,0,22,0
0,0,0,7,0,0,0,7,1,9,0,2,32,0,21,0,10,0,0,24,0,0,16,5,39,0,0,1,6,17,5,9
0,51,0,19,0,0,13,16,5,0,0,21,0,36,0,37,0,23,19,0,0,0,7,74,45,16,21,0,0,49,0,14
20,0,8,0,0,0,0,18,0,26,82,109,0,0,0,55,11,17,0,0,0,1,16,0,20,64,39,0,17,0,27,0
74,2,2,2,2,18,14,39,31,0,136,50,0,14,0,53,0,0,25,27,16,0,45,0,32,0,50,22,8,2,0,11
117,0,0,11,0,13,48,16,53,75,0,3,0,33,48,8,14,0,0,0,7,29,40,0,4,0,27,10,6,3,4,32
0,0,14,0,13,6,15,0,0,3,29,104,93,130,105,91,0,28,6,0,6,45,48,41,5,4,10,3,6,0,5,35
0,0,14,16,20,32,15,14,4,0,37,27,117,3,117,34,0,21,13,0,0,58,1,0,33,0,0,0,14,0,22,45
237,9,0,3,0,24,0,154,17,27,104,29,0,98,99,201,0,9,5,5,63,18,0,58,0,0,0,0,5,12,21,4
0,16,23,31,34,11,0,13,52,138,14,40,154,3,211,233,58,0,16,18,58,25,0,33,5,0,0,12,0,0,17,0
130,2,0,2,5,79,27,44,1,5,40,49,52,155,82,58,0,0,28,27,0,0,9,0,2,7,0,0,0,15,0,16
0,3,18,0,32,37,2,12,0,11,98,55,53,185,185,22,68,0,0,0,6,1,47,7,7,23,5,1,6,0,0,64
0,33,40,0,58,75,46,81,9,17,26,78,115,111,0,33,10,0,35,0,14,15,29,5,0,10,0,0,0,12,0,12
0,0,55,0,50,2,50,70,49,0,34,35,29,29,12,2,0,16,32,10,0,14,0,19,14,8,0,1,0,2,12,25
0,0,0,16,30,6,0,0,0,13,138,40,42,19,12,0,1,0,14,0,52,62,101,91,13,0,12,0,0,40,0,0
0,0,16,0,13,23,104,23,0,87,117,95,37,60,52,10,22,35,0,28,16,1,0,4,2,27,4,0,0,35,0,124
174,0,0,43,0,22,36,40,49,9,93,136,0,31,0,54,0,0,0,88,5,2,0,8,0,40,9,1,5,0,0,12
124,15,0,171,145,58,214,103,18,8,39,64,90,107,0,17,7,36,0,0,3,2,78,128,19,5,0,5,29,3,0,0
93,5,19,164,236,160,5,27,12,8,100,24,35,36,114,0,8,25,0,0,0,16,20,79,45,19,12,28,7,10,4,13
89,0,18,87,12,0,46,3,7,5,110,112,65,30,0,44,15,0,0,28,0,19,0,41,152,88,64,0,2,0,4,0
0,0,29,4,21,72,0,0,63,10,0,29,208,29,174,15,39,0,0,0,15,22,5,0,103,18,62,0,21,52,0,0
0,56,0,6,0,4,0,15,0,0,38,23,133,155,168,0,0,0,0,10,0,5,0,40,50,2,31,0,45,0,28,0
34,0,43,4,0,0,0,4,0,0,0,0,217,10,240,42,19,0,5,8,2,57,14,33,54,43,13,41,27,44,0,0
0,0,2,4,8,43,19,7,2,0,0,22,139,139,97,17,0,0,0,0,0,2,160,121,39,39,0,12,34,49,8,2
111,32,0,4,25,75,27,179,42,0,30,0,49,0,2,6,18,0,14,0,26,52,136,0,58,34,13,51,76,0,56,32
0,0,0,0,46,6,66,40,7,0,0,16,0,3,8,0,4,0,14,0,69,19,0,31,70,0,4,8,9,1,0,0
0,0,0,0,25,30,56,44,0,6,0,0,9,0,1,16,5,0,14,0,49,158,222,53,42,0,62,5,0,9,0,18
0,0,0,8,10,212,19,154,6,5,4,10,0,4,0,6,0,24,27,0,217,38,15,47,0,6,8,16,23,0,14,0
0,7,0,19,32,32,23,40,0,0,35,0,0,30,0,0,23,0,0,4,195,187,65,39,61,25,75,0,3,18,0,0
89,12,0,12,7,0,8,11,0,0,0,4,0,0,13,0,0,0,10,34,9,0,87,8,16,7,191,80,18,21,8,7
0,16,0,21,0,0,17,7,11,27,16,7,0,37,15,4,0,12,2,0,0,0,0,0,0,3,37,0,16,11,0,0
42,0,0,5,0,0,2,0,30,0,22,8,26,19,0,25,31,22,12,0,0,11,0,0,6,19,10,4,0,0,0,0
80,0,0,0,0,7,0,3,0,0,6,9,26,0,48,16,0,0,2,8,0,0,11,6,14,0,0,0,0,15,4,0
51,0,2,0,8,0,0,0,0,1,0,28,65,0,0,21,23,9,0,0,0,0,11,0,0,0,5,17,25,0,0,0
139,58,27,14,0,13,6,9,13,0,3,55,24,47,20,2,13,0,3,0,0,7,15,14,39,0,0,25,7,0,5,33
0,0,21,1,21,21,2,0,0,13,46,63,22,0,43,49,28,10,16,12,5,0,48,56,68,0,0,4,0,0,4,80
0,25,0,0,7,68,0,1,13,41,36,18,10,0,0,0,0,9,0,4,3,0,48,1,4,3,0,0,0,15,4,17
13,23,34,0,29,14,11,1,31,37,27,3,18,10,0,14,0,0,0,2,15,10,0,0,24,0,21,17,0,16,3,0
252,0,0,15,0,0,13,0,9,55,31,58,0,52,16,30,15,51,10,0,0,53,11,73,22,0,16,0,25,11,1,0
82,0,0,8,59,0,0,13,100,0,0,25,20,6,23,0,27,101,0,0,0,0,14,0,0,0,0,0,0,40,0,0
43,44,0,10,41,0,6,0,35,18,42,0,0,40,31,27,205,49,0,22,0,19,35,60,0,0,0,0,0,0,11,11
0,38,37,5,33,10,23,48,68,123,7,0,97,0,66,83,14,6,17,12,0,3,14,0,63,5,0,0,10,34,0,0
225,0,0,16,0,0,0,0,17,0,106,1,38,37,170,40,12,0,21,6,4,11,0,0,11,0,0,26,0,27,12,0
0,0,32,6,25,19,96,45,37,10,58,23,8,74,196,38,0,10,0,18,0,0,101,0,23,31,1,12,1,48,0,62
101,37,35,0,47,19,45,0,0,32,67,21,121,61,85,0,26,18,30,0,45,21,9,3,11,0,22,0,28,15,10,57
0,0,0,0,41,0,4,17,70,66,53,43,32,5,9,0,43,0,38,0,0,3,0,0,0,0,0,10,2,0,0,32
211,14,0,11,28,52,87,3,9,0,0,22,9,0,11,0,0,11,11,0,6,0,8,14,23,30,82,0,2,45,0,0
0,0,14,17,0,0,35,30,33,0,63,32,54,11,37,4,1,0,0,18,0,4,123,23,40,19,0,31,0,0,23,68
68,3,0,9,32,70,27,35,51,173,124,9,0,32,0,1,0,1,8,16,50,87,0,17,0,16,0,5,0,2,14,35
0,0,0,0,98,165,135,160,30,57,41,177,43,16,1,0,20,0,0,0,0,8,20,7,0,0,0,14,35,0,0,0
217,57,0,59,91,172,29,93,23,15,170,87,110,45,0,10,7,0,23,0,0,1,0,15,8,0,0,53,50,0,4,0
0,16,39,4,31,30,60,99,18,16,36,103,32,0,0,23,0,0,0,26,0,0,0,2,50,0,38,10,0,15,0,0
0,0,13,50,159,84,0,24,0,2,9,0,17,42,19,0,0,9,0,0,21,0,0,20,21,32,93,51,9,0,0,0
91,10,16,18,3,4,0,0,4,18,4,11,160,108,96,5,0,20,0,0,0,0,4,10,3,40,0,33,64,11,3,0
0,0,7,18,25,37,4,0,0,10,7,9,20,141,16,0,0,0,51,0,4,0,13,0,27,45,0,0,0,0,21,0
68,0,0,18,6,0,0,12,0,27,53,24,0,0,30,19,0,17,0,0,8,0,31,0,0,100,99,180,105,0,0,0
0,20,9,0,0,0,18,0,8,38,6,0,0,4,0,16,0,0,0,0,0,16,0,13,0,72,28,0,0,32,2,0
10,46,0,19,38,0,14,7,9,12,19,0,0,11,0,39,19,0,0,0,0,0,7,16,68,21,0,12,0,11,0,35
0,0,0,22,0,93,37,0,2,0,0,0,0,0,29,0,25,0,0,18,0,24,0,0,0,0,7,27,4,0,17,0
19,0,0,0,17,59,70,29,9,0,18,11,27,0,28,14,0,0,0,54,64,36,46,81,6,0,25,16,0,0,12,36
0,0,25,24,20,0,20,0,4,0,0,0,26,24,0,0,8,0,0,0,12,41,33,77,0,0,0,6,2,11,10,31
0,0,18,3,28,6,0,7,0,0,0,0,12,10,19,80,45,1,5,10,9,0,0,0,0,33,101,28,8,0,0,0
49,5,0,13,26,8,7,0,0,5,0,7,0,33,25,0,0,12,0,22,0,8,0,0,12,8,0,0,0,1,4,0
0,14,0,0,19,5,2,0,13,16,0,44,9,0,0,10,0,0,0,0,0,9,12,0,0,0,33,3,3,1,8,0
0,30,6,0,1,25,3,16,0,10,0,0,0,20,65,0,35,21,0,8,0,0,14,0,5,9,1,0,11,0,15,0
0,7,0,0,0,12,0,0,23,13,38,0,16,12,0,0,0,19,8,3,0,44,14,0,18,52,67,0,0,18,13,0
147,7,0,6,0,56,0,0,29,35,10,16,0,37,0,1,0,1,11,0,0,7,0,5,10,0,3,3,10,0,0,0
48,4,0,9,4,0,9,6,11,37,12,123,0,11,16,3,0,7,27,8,5,2,20,0,11,38,3,1,44,0,0,10
0,10,0,0,42,35,0,12,0,27,59,59,29,2,0,1,0,0,3,0,8,8,16,0,0,60,8,0,16,13,9,12
0,10,0,0,0,35,44,0,0,48,20,0,0,11,8,102,57,0,0,0,0,5,0,0,0,39,2,11,0,29,0,14
158,23,0,4,41,0,44,24,0,69,11,12,37,41,195,199,78,36,7,8,0,9,10,0,25,38,39,0,8,1,28,0
0,13,23,51,32,13,9,49,33,19,0,0,0,185,66,0,51,53,4,0,0,0,6,7,20,0,0,0,2,7,19,0
0,0,0,0,16,35,10,22,0,46,30,0,3,37,86,8,42,0,0,0,0,0,0,5,0,23,4,4,0,9,0,0
0,0,0,23,0,23,5,0,58,50,27,0,59,28,58,12,10,23,41,1,0,81,74,3,7,58,5,33,0,0,0,8
0,0,0,0,0,40,60,0,57,0,105,45,57,70,58,0,0,13,80,0,48,23,22,0,16,29,30,0,19,0,0,0
106,0,25,0,6,1,0,5,1,25,49,194,5,38,11,7,0,19,5,0,31,18,11,0,18,18,3,0,1,3,0,3
57,0,0,20,15,17,38,71,86,6,206,160,203,51,0,5,27,0,0,10,35,9,30,6,17,1,29,10,12,0,0,44
146,14,2,21,23,0,0,77,36,120,55,188,17,2,16,0,0,14,0,0,55,8,0,0,2,1,0,18,7,0,12,0
169,0,0,152,24,13,76,0,12,46,19,49,21,10,0,0,0,5,5,0,0,45,2,29,3,10,0,8,4,0,6,23
0,8,5,2,80,0,46,55,39,42,146,119,189,208,138,0,0,14,0,49,11,4,4,29,1,0,0,0,17,4,0,26
0,0,0,35,2,68,24,22,70,56,84,122,64,64,98,10,4,0,0,1,0,24,4,0,0,8,0,0,0,3,0,0
0,0,16,0,69,44,48,0,36,18,0,5,123,148,1,2,0,18,17,0,8,38,0,0,0,0,10,27,7,0,2,9
0,18,4,0,28,7,16,3,99,24,30,100,40,28,25,49,13,0,0,11,0,0,3,11,19,16,10,1,4,3,0,0
41,0,0,14,16,12,24,0,0,15,0,19,0,14,0,0,16,17,14,8,26,38,0,6,1,0,0,0,27,3,3,12
0,25,10,27,153,78,127,0,0,20,22,0,0,3,0,0,11,0,0,7,15,206,215,207,0,2,11,0,1,5,16,0
0,50,10,0,119,136,111,47,0,10,2,0,8,1,48,0,22,0,9,0,23,33,72,14,30,0,64,3,245,35,0,0
81,0,10,24,85,0,24,0,0,37,0,0,0,8,0,28,38,0,0,19,0,83,78,86,0,0,0,33,7,17,23,0
61,33,0,0,61,144,8,1,0,13,3,0,0,11,26,243,172,33,0,0,21,27,23,81,24,10,49,93,11,16,0,0
124,0,0,0,0,90,0,7,13,0,39,7,8,5,0,24,112,162,0,0,10,0,67,18,11,45,36,17,0,3,8,0
24,6,0,9,0,9,0,0,0,4,0,25,12,7,7,0,12,0,0,23,12,0,1,67,16,7,6,0,7,3,0,0
15,0,0,15,0,7,3,0,0,51,0,0,0,25,0,21,36,31,12,0,0,0,0,0,0,0,13,0,0,49,0,0
36,0,0,0,0,0,0,0,4,3,25,8,0,16,0,43,26,0,5,0,0,0,0,12,7,13,27,4,26,4,0,4
0,0,0,18,10,2,0,0,0,0,7,0,13,0,6,10,22,1,15,0,0,0,0,0,0,41,0,10,0,0,0,0
0,0,29,10,0,0,5,28,0,0,19,6,0,0,24,0,0,0,0,13,0,0,7,27,0,0,0,8,10,9,25,7
0,0,0,10,0,0,0,0,4,6,12,0,0,11,0,19,16,0,20,17,26,0,0,0,0,0,5,0,0,13,43,27
29,0,0,13,0,4,8,17,0,0,0,5,0,24,105,92,0,28,4,32,0,0,27,0,14,17,0,38,3,0,27,2
58,16,0,0,32,13,24,0,0,0,11,13,25,7,186,0,66,47,7,0,32,14,41,10,28,0,22,0,0,0,52,0
112,0,30,4,4,0,2,0,9,11,15,0,17,60,65,157,9,5,0,5,5,5,15,150,89,83,0,24,0,4,21,26
0,0,38,0,0,1,0,11,0,0,8,0,9,11,29,11,0,0,0,7,28,74,101,66,46,7,28,0,0,0,0,0
59,51,0,0,0,0,0,0,23,9,0,0,0,14,0,0,0,2,3,27,136,51,22,5,55,69,16,0,0,10,0,0
141,30,0,0,0,0,0,68,57,0,220,97,18,3,0,20,0,14,41,0,64,14,0,23,67,0,0,29,37,0,44,32
0,2,26,13,0,26,45,0,0,19,137,165,221,9,0,10,16,7,0,17,0,0,29,37,11,0,17,6,5,10,0,0
0,44,7,40,0,18,29,26,18,1,93,219,13,129,0,52,28,0,0,15,0,8,1,94,3,4,28,19,0,0,9,0
0,20,21,0,50,59,0,0,38,44,0,17,0,0,0,35,0,35,39,0,0,27,0,6,30,17,34,0,70,80,7,0
101,0,16,31,0,3,0,1,0,25,40,0,0,49,148,7,0,20,21,0,1,34,107,4,9,4,36,6,0,41,0,24
0,0,45,0,4,8,14,22,69,113,20,0,117,94,244,42,0,0,3,10,19,0,22,16,19,0,0,7,24,12,0,25
144,0,0,0,0,67,0,19,6,7,112,104,34,69,63,7,0,1,50,29,15,0,0,14,16,0,9,0,14,4,4,39
99,24,40,14,49,37,26,76,5,5,122,7,28,0,25,18,0,7,0,3,16,0,0,30,5,0,0,31,22,0,14,3
0,24,0,25,78,37,0,32,0,0,73,29,172,68,0,2,0,0,0,24,0,0,13,30,2,0,0,0,0,12,26,18
150,0,0,3,0,0,0,4,0,23,20,53,0,0,0,0,4,0,0,0,0,160,252,225,179,7,7,7,0,0,9,0
167,0,32,6,24,30,39,42,18,0,0,41,0,0,12,0,0,2,0,0,4,82,59,17,204,0,7,77,5,0,0,1
69,0,38,0,28,25,151,116,239,42,5,0,148,28,0,0,0,23,0,0,0,16,0,83,60,48,12,15,70,48,0,0
0,34,23,0,2,24,0,45,129,0,5,26,16,0,0,29,0,0,0,5,0,0,21,144,0,0,0,8,24,0,15,0
124,0,2,17,0,66,102,91,66,9,19,0,0,8,0,3,2,128,195,0,0,2,3,29,43,25,7,0,50,13,0,0
144,0,0,0,24,25,0,92,30,12,1,10,3,0,3,20,0,123,180,0,9,8,9,0,41,7,1,0,12,19,0,3
133,0,0,0,35,72,18,84,0,0,1,16,18,0,14,21,0,15,40,4,28,5,16,32,33,0,0,37,0,0,20,0
75,0,0,37,8,3,39,19,0,1,0,0,0,46,0,0,0,7,0,2,12,29,4,0,0,0,8,57,45,23,0,65
0,22,36,4,6,0,39,36,18,0,0,16,35,0,1,6,0,0,12,17,2,9,22,0,7,0,0,16,66,22,0,0
38,28,22,0,20,0,7,3,4,0,2,23,11,2,9,16,12,20,0,2,4,0,0,0,0,7,30,0,18,0,9,0
0,20,5,0,0,0,0,0,12,0,0,34,34,0,20,9,0,0,0,11,0,0,0,29,0,10,3,22,0,23,0,7
108,66,0,0,49,0,0,25,0,0,0,17,9,4,16,0,0,0,0,21,36,0,44,0,0,0,46,29,54,0,77,4
33,0,0,4,0,0,9,19,7,0,0,0,14,0,15,0,11,0,4,7,0,3,0,27,3,8,27,0,6,1,0,29
0,20,0,23,0,6,0,3,0,0,14,2,0,0,3,22,0,0,0,3,0,12,11,7,1,18,12,0,9,11,8,0
56,13,17,0,29,0,0,0,0,7,0,0,0,10,0,0,7,0,13,5,23,0,0,0,0,0,21,8,8,0,14,0
28,17,48,0,26,28,1,0,8,0,1,35,0,0,17,38,26,0,27,0,0,0,0,0,18,15,18,0,14,0,0,0
0,0,0,0,0,0,24,0,10,2,0,21,0,3,29,24,0,51,0,11,16,0,0,0,0,0,3,10,0,0,5,36
100,0,0,6,0,0,18,6,14,2,8,3,14,0,0,14,0,0,0,3,14,112,51,173,0,0,2,0,12,0,3,8
80,1,11,0,12,0,0,38,0,0,47,0,0,12,25,0,0,31,29,0,149,68,18,29,0,43,31,0,27,0,21,11
44,0,0,0,22,0,21,3,0,2,0,0,23,0,0,15,0,0,46,7,18,23,61,14,55,9,25,0,2,35,17,1
0,0,32,0,0,0,0,0,13,24,205,222,21,0,9,0,1,1,5,0,0,0,0,61,29,38,0,5,0,0,0,0
0,0,0,25,14,30,0,0,0,85,39,91,221,6,14,0,0,0,0,0,2,2,73,28,0,23,0,0,3,4,0,6
0,51,0,14,16,70,95,51,118,42,54,128,110,152,0,0,0,16,10,4,71,29,31,15,48,23,0,13,19,50,8,46
146,0,3,32,80,76,141,29,0,0,175,96,108,0,0,0,0,0,9,9,32,14,95,3,1,23,29,0,246,193,193,7
0,0,0,200,71,78,103,17,19,0,44,2,0,25,0,0,10,5,0,0,0,3,59,9,15,16,0,0,0,72,0,0
171,19,23,54,28,0,9,14,0,0,0,67,10,70,7,11,0,0,29,0,6,0,30,13,0,11,16,0,1,11,0,7
142,0,0,0,45,0,21,6,20,20,0,0,4,0,15,0,20,0,0,1,0,13,26,22,0,1,0,0,0,13,0,0
97,0,61,0,0,46,6,24,0,0,0,0,0,34,14,8,0,19,0,0,0,0,27,1,0,6,0,0,0,14,37,28
13,9,0,0,63,0,1,6,0,58,35,0,13,21,59,16,1,4,18,6,3,0,0,6,22,5,1,0,4,16,0,12
0,0,13,44,16,0,0,15,0,0,28,0,8,69,33,0,0,0,16,0,0,16,10,3,0,8,0,9,0,5,9,0
0,0,34,0,43,1,0,14,30,0,31,1,18,0,9,32,2,0,0,1,13,22,59,112,178,0,1,59,0,15,4,30
100,0,13,0,61,93,240,91,106,0,0,0,48,2,30,2,32,9,19,0,19,5,30,98,127,143,99,4,184,134,33,14
0,1,0,27,17,87,219,231,154,87,0,13,12,0,0,0,15,1,22,8,13,0,1,50,27,38,31,0,28,20,44,0
0,0,0,0,35,7,188,141,151,0,0,23,36,0,5,1,27,0,6,0,0,14,25,0,35,2,39,0,4,0,6,29
0,65,0,0,42,21,218,43,170,113,13,16,10,0,30,43,36,0,70,50,14,0,19,24,84,50,0,13,0,6,11,2
129,0,0,0,45,46,23,0,0,19,9,0,11,0,14,16,8,10,225,67,0,45,0,7,38,22,0,0,0,3,0,13
0,63,5,0,5,50,25,0,0,0,13,0,0,0,11,0,0,16,0,8,0,0,0,0,7,10,6,8,48,0,0,0
75,35,18,0,23,0,0,22,16,2,0,0,0,14,1,0,0,0,19,0,10,0,7,4,7,2,11,67,0,0,0,4
60,0,3,27,0,66,3,0,4,0,0,0,0,0,0,0,0,49,8,6,33,31,0,0,0,25,0,0,42,3,0,0
0,21,0,0,0,24,0,0,0,22,0,0,0,13,0,0,0,0,5,3,0,0,17,19,17,0,16,0,30,28,9,0
76,14,5,0,11,30,11,50,10,29,0,0,0,19,0,29,12,0,1,3,0,3,16,5,0,6,0,0,35,0,0,26
0,29,7,16,36,0,0,0,0,0,0,4,19,4,0,12,15,0,0,8,19,0,13,13,13,21,24,22,1,0,2,0
17,28,45,0,21,35,9,0,0,0,0,0,0,27,0,0,0,0,0,0,0,19,9,0,1,26,0,15,0,14,16,70
0,0,0,0,0,0,0,67,0,0,31,5,48,0,0,0,20,0,4,10,17,0,13,0,11,0,14,28,12,0,0,12
0,31,10,0,4,6,40,0,0,1,0,24,0,29,3,8,23,20,0,0,0,0,9,44,21,0,0,0,0,0,0,24
0,0,6,0,36,0,0,0,8,0,1,17,0,0,0,0,4,0,8,29,1,0,12,16,0,11,0,0,4,8,5,0
0,25,0,0,4,2,43,0,1,0,0,28,0,0,0,50,0,0,3,22,1,0,0,20,0,0,5,0,0,0,0,0
23,0,43,31,25,0,0,0,0,0,11,0,3,24,0,0,0,0,34,0,0,37,0,0,0,0,16,0,18,25,0,36
48,0,26,20,0,0,0,0,27,0,44,0,28,0,0,0,0,0,0,13,0,0,5,0,0,8,0,0,0,0,0,13
0,25,51,16,20,16,0,21,0,0,18,54,0,161,0,0,16,0,11,0,20,16,28,147,100,112,0,23,12,0,0,22
22,11,59,19,9,0,0,51,1,0,8,29,158,19,52,0,0,0,0,30,19,0,6,189,41,0,0,0,0,17,0,0
0,0,7,26,24,0,0,5,12,0,0,9,20,27,0,1,10,4,5,3,62,235,73,0,32,35,14,6,0,22,21,0
113,18,31,0,24,6,17,0,3,0,16,13,2,0,0,34,3,0,94,249,195,93,22,26,0,26,0,0,2,8,0,46
37,0,0,25,0,3,0,14,23,3,28,34,0,0,0,0,0,0,171,54,26,0,0,61,48,0,38,0,5,38,9,0
62,52,18,0,53,9,21,0,38,0,79,98,35,0,44,27,18,4,101,32,3,0,65,35,40,23,0,29,0,0,22,0
119,0,3,28,42,58,19,16,23,62,144,29,0,2,0,0,0,9,12,9,9,0,24,34,19,3,20,0,32,49,7,70
0,23,0,1,55,80,101,82,50,50,83,21,7,0,16,0,0,0,0,39,0,15,27,0,9,7,21,39,12,77,59,21
214,0,0,5,16,2,46,25,17,30,113,143,56,17,0,15,33,0,5,0,0,50,2,0,2,48,0,20,109,7,16,0
56,0,0,0,83,44,95,0,1,0,41,77,21,11,27,13,20,0,0,0,0,16,0,22,0,0,0,19,232,126,7,38
213,0,6,93,105,36,0,9,0,12,0,40,8,0,5,64,34,0,0,0,9,16,0,3,27,34,9,0,5,5,4,10
0,0,0,62,41,3,0,0,0,0,24,30,15,28,50,16,17,0,2,45,8,10,4,0,39,8,0,3,6,7,6,41
53,18,0,27,20,0,0,5,6,28,2,25,18,46,5,0,0,15,22,0,7,16,0,0,0,0,56,0,5,0,18,61
0,0,0,0,21,21,36,0,0,21,0,0,8,11,17,0,16,25,17,0,0,0,0,14,12,16,15,0,0,10,0,26
0,0,0,15,0,4,0,99,22,26,15,12,0,17,25,16,16,0,0,0,0,45,12,75,36,31,36,4,30,12,0,33
83,0,6,1,0,8,0,57,6,27,0,8,11,15,20,0,0,0,0,7,1,22,0,48,91,44,27,43,5,0,0,23
0,0,78,0,0,14,76,27,19,30,5,13,5,0,0,0,5,47,0,0,2,16,6,0,33,17,0,62,7,92,13,0
82,0,15,0,21,26,134,33,209,32,0,0,4,2,13,11,0,0,0,0,9,10,150,78,64,0,0,0,133,95,0,10
152,4,3,7,21,34,92,32,163,49,0,0,27,13,12,0,0,0,30,0,1,21,196,149,66,114,0,83,127,25,4,0
101,0,5,0,12,25,91,155,0,8,19,20,0,0,19,1,19,0,17,40,0,65,0,212,31,0,49,0,8,13,12,0
0,0,35,0,22,51,93,142,86,4,0,0,12,0,0,10,8,26,3,0,12,8,58,0,0,0,15,39,0,0,0,38
0,0,12,0,2,0,82,105,37,0,0,0,16,2,11,20,4,0,0,32,0,31,8,0,67,7,0,0,0,35,0,0
104,2,49,11,14,0,29,0,0,0,13,0,22,0,8,18,0,0,7,0,31,9,0,2,0,12,0,0,29,14,0,0
84,34,20,0,31,8,31,0,13,4,0,0,0,6,28,17,0,0,0,0,19,16,23,0,13,21,57,0,0,6,17,8
0,0,0,2,23,17,0,0,8,0,0,7,0,32,0,0,0,0,0,0,0,0,31,12,41,15,0,7,2,14,0,0
39,1,11,0,28,16,7,0,0,0,6,27,44,0,17,0,0,0,36,0,7,23,4,0,0,12,21,0,34,0,27,0
58,0,0,0,12,36,37,0,23,22,46,0,0,1,18,0,42,14,19,0,0,0,6,0,2,0,64,0,9,9,0,65
32,0,13,0,20,0,12,30,7,0,0,0,0,5,0,13,0,3,12,0,0,0,0,0,0,0,36,0,0,7,19,0
30,14,32,0,0,0,1,33,15,0,0,26,0,0,0,0,1,26,20,17,0,0,2,30,0,0,10,0,15,2,28,52
12,0,8,34,56,0,5,8,0,11,9,42,21,4,9,52,0,0,0,17,72,6,8,37,21,0,31,0,25,0,10,11
32,19,62,0,46,0,0,23,0,0,0,0,33,0,0,0,0,11,0,9,26,0,16,19,1,3,0,16,22,6,32,16
0,0,19,3,0,0,30,0,0,0,0,0,0,0,10,18,0,0,5,0,0,3,7,0,0,18,16,0,0,3,27,0
0,0,0,6,3,0,0,1,20,41,0,0,0,12,0,2,31,0,0,16,0,8,0,3,18,0,0,0,0,36,0,0
28,0,0,0,0,26,0,10,17,15,0,0,0,0,6,60,0,0,0,7,0,0,17,49,42,34,3,4,11,47,0,0
0,0,0,0,0,13,25,4,11,0,0,35,0,45,40,130,22,0,0,18,0,0,38,0,30,0,4,16,0,1,15,6
0,7,7,5,9,6,6,0,0,0,39,33,54,0,39,100,2,0,38,51,0,0,5,81,0,95,0,0,3,0,8,0
0,25,0,0,0,0,0,27,0,0,0,37,0,12,55,0,0,0,0,8,54,0,145,101,12,0,1,46,18,0,42,0
112,0,28,0,34,8,5,8,0,2,0,67,3,112,26,0,26,0,2,16,0,11,87,77,25,28,25,21,0,2,5,0
0,13,9,0,43,0,0,0,7,46,105,33,15,242,18,24,4,8,14,0,121,6,163,18,112,10,4,0,20,0,0,11
33,6,0,14,15,32,43,21,54,0,54,41,230,24,17,0,0,0,10,13,36,27,19,11,23,0,17,48,21,0,27,33
189,2,22,0,0,0,32,68,25,0,41,152,174,26,0,0,5,8,24,21,27,0,52,225,31,0,39,40,40,0,3,9
0,9,0,5,27,0,0,15,24,33,24,4,82,14,17,21,11,5,30,24,90,156,21,14,0,0,22,45,10,26,0,39
0,10,0,0,23,0,0,0,37,0,103,0,0,8,4,11,30,0,2,112,211,29,0,3,1,8,7,9,42,13,0,0
119,0,0,0,19,0,0,34,6,132,13,14,17,0,51,11,0,22,114,136,0,21,9,19,1,25,0,0,56,0,0,8
64,0,24,16,53,6,1,41,213,164,82,7,0,0,0,14,9,39,4,53,27,0,52,33,3,0,0,0,22,9,21,26
0,2,0,8,20,12,89,22,99,130,125,0,2,0,0,0,0,0,12,11,31,0,20,4,4,0,0,5,62,8,1,39
0,0,16,13,62,29,30,46,86,19,46,8,16,2,5,0,0,4,22,0,2,0,9,21,2,0,0,0,0,0,0,0
0,0,16,4,40,0,0,55,9,149,125,51,0,2,0,0,11,2,0,4,73,27,0,15,0,21,0,0,14,0,0,0
0,71,177,247,57,17,66,2,34,61,250,76,0,0,9,0,28,7,10,0,0,30,44,0,46,0,43,56,44,0,0,32
0,56,27,134,5,1,0,7,0,22,132,29,0,0,0,0,0,1,0,28,10,23,44,10,33,1,0,59,134,4,17,8
0,21,93,46,24,0,0,12,9,4,0,22,26,10,0,0,40,0,0,2,0,91,45,22,22,4,36,64,6,0,7,0
0,4,1,2,0,22,43,9,27,21,0,8,237,0,0,0,11,4,0,1,43,0,83,78,52,7,0,0,0,44,7,0
11,41,12,0,0,60,10,29,29,0,5,106,14,35,46,22,3,0,0,13,41,45,105,62,54,54,2,18,0,10,19,43
0,6,26,0,0,77,0,46,0,4,0,52,36,3,0,12,0,0,0,3,0,119,61,13,56,34,0,42,0,28,31,14
0,13,0,6,56,93,52,0,0,4,7,25,5,48,0,0,3,4,71,2,67,10,35,14,0,33,2,38,16,0,0,29
0,0,34,0,93,119,93,0,19,16,0,0,21,0,0,5,7,1,29,23,18,0,25,16,17,12,49,7,25,63,8,0
0,12,20,107,129,0,27,50,0,0,0,51,6,43,8,0,12,28,28,18,56,213,23,24,0,21,58,45,98,0,0,70
0,0,8,81,63,158,0,0,0,30,0,0,0,0,0,17,0,18,37,93,103,64,38,49,0,71,128,67,0,0,0,20
0,0,27,137,101,173,142,0,23,6,33,19,0,16,11,0,0,3,108,104,196,113,6,13,0,95,43,171,1,0,0,0
0,0,35,71,30,61,185,0,4,17,22,28,11,0,0,0,3,0,0,3,2,11,0,0,10,11,150,55,0,0,0,41
48,0,10,32,34,0,0,22,0,0,0,7,6,25,8,0,0,0,0,12,13,0,0,0,7,41,55,15,43,0,16,0
0,17,0,0,0,0,12,0,0,0,16,31,31,0,74,193,0,0,5,23,32,0,58,3,40,15,0,10,19,0,45,0
36,1,0,7,45,10,18,0,0,0,0,16,0,1,0,16,3,0,17,0,24,0,1,17,11,0,6,5,0,0,0,0
0,0,0,0,0,9,13,0,0,2,0,21,0,0,0,23,0,0,29,10,9,0,3,0,0,0,16,0,0,0,0,0
25,0,0,2,0,0,0,55,0,6,6,12,0,0,0,0,0,6,0,16,11,2,0,6,0,1,0,5,22,18,0,5
10,17,13,16,0,0,9,0,39,5,0,3,14,7,1,46,0,0,0,5,16,1,0,17,7,0,24,10,2,14,0,17
0,19,0,0,0,0,0,10,0,9,0,22,25,38,0,0,0,0,0,16,0,0,1,0,0,14,0,0,7,2,0,14
4,0,21,5,6,0,7,0,0,0,33,0,99,8,0,55,0,0,16,0,4,0,0,38,0,0,0,0,0,0,4,0
32,0,0,0,0,30,0,0,0,25,0,0,0,47,1,0,21,0,0,3,0,0,17,47,75,0,17,24,0,3,0,7
0,0,5,0,0,22,1,3,0,0,24,47,16,3,0,13,11,0,5,3,0,24,12,0,10,46,34,0,19,7,0,51
16,0,0,2,8,3,32,12,3,0,89,23,0,23,4,14,0,0,19,3,0,0,75,0,17,34,8,1,0,0,56,13
13,16,0,0,0,32,7,0,0,56,0,9,14,5,3,1,4,30,24,0,7,0,0,0,0,0,25,2,0,50,0,0
0,29,0,0,17,21,5,36,21,0,0,66,31,0,0,68,0,0,8,4,27,31,59,50,8,0,4,0,31,0,23,38
0,0,19,7,51,63,0,21,100,24,10,0,0,14,47,16,13,0,0,2,75,43,7,0,28,0,0,25,53,10,0,7
9,0,30,0,0,7,0,39,54,1,67,48,0,81,3,16,0,0,22,13,24,16,0,81,0,20,48,1,0,0,5,0
20,0,0,27,25,0,11,0,10,80,44,14,2,76,0,0,14,16,34,0,51,6,0,11,0,0,2,0,23,0,0,12
78,0,4,39,0,0,0,27,0,48,29,82,192,0,0,0,0,8,46,15,38,0,0,0,5,17,28,0,44,0,0,42
52,0,8,13,0,12,44,0,20,17,104,249,80,0,13,6,3,4,11,31,20,2,0,0,7,0,0,4,3,0,6,21
0,15,39,7,0,5,0,27,12,2,83,0,0,0,18,0,3,26,1,45,29,0,4,98,67,0,2,14,0,13,42,0
0,0,0,23,14,16,7,0,29,71,17,0,0,0,24,16,0,0,45,2,81,64,0,0,25,16,1,0,5,0,0,0
3,0,0,48,4,1,21,0,4,13,0,0,0,0,19,0,0,85,222,175,72,0,23,0,21,14,22,3,5,0,6,4
0,0,24,84,0,12,70,191,189,3,0,0,4,4,7,0,70,0,0,14,17,0,36,26,0,17,0,0,0,12,0,0
18,26,29,80,54,51,9,51,151,43,0,0,13,5,1,51,1,0,0,1,1,0,0,0,0,0,0,5,1,8,0,0
0,136,0,162,14,1,0,23,86,240,20,0,0,31,0,0,0,18,0,0,0,1,35,77,0,32,12,6,70,0,0,0
119,37,0,3,0,0,31,23,2,11,30,33,24,0,31,20,0,0,27,34,22,5,54,11,25,3,28,30,38,18,0,0
0,18,0,5,0,24,20,3,33,0,0,5,11,0,15,21,9,0,5,27,0,97,5,0,0,11,0,46,8,12,3,3
10,0,0,43,1,12,0,11,30,10,35,0,4,0,0,0,0,0,0,8,1,0,8,0,28,0,20,221,19,10,0,8
97,1,0,0,15,0,0,10,0,0,77,102,63,0,10,0,27,0,0,20,23,0,11,0,17,0,26,34,10,23,4,8
0,4,0,0,0,0,7,0,34,16,0,0,0,29,0,28,30,0,14,24,4,0,51,40,28,5,34,0,24,0,10,0
16,0,0,7,4,0,0,0,3,0,17,0,0,49,0,0,25,0,0,0,49,0,8,0,0,0,46,1,20,7,17,14
0,23,6,0,0,46,13,0,0,1,10,0,5,11,0,8,48,0,0,20,51,5,0,24,0,0,0,1,5,0,0,50
0,0,5,16,158,0,0,0,0,5,6,9,0,0,3,25,14,0,1,81,125,0,5,0,1,0,27,0,5,25,10,3
37,0,9,5,146,0,23,63,0,0,0,0,16,18,0,9,0,0,9,106,15,66,11,22,0,0,22,6,3,13,5,62
0,0,0,0,12,0,0,0,0,0,0,13,17,11,0,0,10,17,0,189,45,0,12,12,9,10,1,0,1,2,0,0
14,25,4,0,0,0,6,0,0,0,0,28,15,0,0,0,0,11,0,14,7,0,10,10,0,12,5,4,18,0,7,1
0,1,7,16,0,0,25,0,12,46,0,0,0,5,65,0,0,0,14,4,0,7,31,10,0,9,31,20,0,22,0,2
0,11,0,0,0,30,21,30,0,3,0,0,0,0,0,0,0,0,0,34,7,17,1,0,1,28,1,0,0,0,0,33
21,8,4,0,2,15,1,3,13,0,0,7,0,0,24,0,15,0,0,11,7,3,4,13,1,3,0,0,0,0,0,3
2,0,34,4,0,6,16,25,20,3,0,10,47,0,6,0,53,0,25,4,35,13,7,0,39,0,11,0,0,18,0,0
58,13,64,0,0,0,0,68,0,0,4,37,72,12,14,0,0,0,0,49,0,0,9,48,10,0,0,2,1,0,29,0
36,0,0,13,41,0,13,41,15,0,0,42,10,18,0,6,0,12,28,0,0,4,2,63,15,0,24,0,23,11,0,17
34,26,30,4,64,2,6,4,0,5,0,71,0,0,0,23,20,8,7,0,9,0,0,39,7,35,2,32,2,0,0,0
0,9,0,5,11,47,0,16,0,2,49,46,15,16,6,29,41,21,6,1,0,0,44,13,30,0,24,13,19,0,16,87
26,46,0,0,5,31,46,37,28,0,26,16,40,0,63,19,0,2,10,0,26,0,43,25,26,0,0,30,0,0,26,0
0,16,0,0,1,7,0,29,0,8,0,69,80,21,0,30,0,0,0,0,0,13,32,43,26,9,0,0,0,0,11,10
0,0,0,0,55,0,5,13,7,18,0,4,18,76,154,1,0,0,15,0,18,6,6,0,4,0,0,0,4,0,0,0
0,7,0,19,19,54,23,0,26,0,20,31,148,141,0,0,31,4,4,46,35,6,13,66,0,0,0,37,46,0,3,0
84,5,0,0,0,18,41,0,1,67,0,98,69,4,14,36,0,0,9,23,59,0,43,16,6,0,0,1,27,11,1,0
37,0,0,11,0,0,19,60,0,5,4,22,0,14,0,0,0,8,23,20,0,3,20,0,0,0,33,0,0,0,0,0
40,57,5,22,0,0,61,44,29,0,87,17,50,0,23,5,0,0,14,16,25,27,61,0,14,0,71,12,0,0,0,13
54,0,7,16,28,22,0,59,97,0,37,9,57,0,0,9,43,30,10,59,68,0,12,56,0,0,0,29,0,8,40,1
48,8,0,4,3,0,5,1,133,33,57,0,8,0,0,0,0,29,61,21,45,0,13,5,0,6,0,0,20,0,0,54
49,0,21,164,44,7,99,9,115,147,195,52,31,0,6,0,9,23,0,0,0,10,0,4,0,0,3,0,0,4,0,3
14,59,33,120,83,9,78,40,207,57,13,7,0,7,6,0,0,10,0,0,0,14,0,2,0,0,0,5,5,16,17,0
0,19,97,93,21,96,62,42,34,32,27,0,15,0,12,5,0,18,0,17,8,0,22,17,0,0,0,0,0,0,21,0
0,78,19,92,0,49,64,49,0,0,3,119,166,0,13,0,32,12,0,12,19,0,0,18,0,25,1,0,0,3,17,0
3,1,14,0,10,17,0,37,0,0,0,0,30,44,0,0,0,13,0,7,1,0,0,15,0,35,68,33,10,0,0,27
0,40,24,0,23,32,31,34,0,9,2,0,0,0,0,51,11,0,15,0,5,9,6,0,46,24,0,0,0,21,27,30
0,10,18,0,14,8,2,9,0,0,5,0,0,10,0,0,3,0,0,19,0,5,12,0,1,12,0,4,21,0,8,41
0,0,24,43,35,0,0,0,8,10,7,0,0,31,0,0,0,3,4,3,0,13,0,0,0,17,17,0,75,0,0,32
5,34,35,16,6,33,0,7,0,0,0,0,32,41,11,0,0,0,52,0,16,30,17,1,34,0,8,12,0,0,0,0
0,56,0,10,0,0,0,0,12,12,0,9,25,0,0,0,8,45,20,21,29,22,0,1,5,85,182,228,1,0,3,80
0,1,96,34,17,5,0,38,0,0,12,58,0,0,0,17,0,4,0,90,5,26,10,0,8,83,122,0,0,1,45,19
0,0,0,17,14,0,0,0,0,31,0,0,0,40,105,213,25,7,11,12,0,0,0,0,29,2,80,0,4,30,0,63
0,0,17,48,18,31,22,0,0,0,31,0,0,13,75,33,0,0,29,0,0,19,0,0,0,33,53,27,19,0,0,20
46,21,3,0,0,7,0,0,0,21,0,29,0,0,14,5,0,11,10,14,0,0,6,21,0,26,20,7,0,0,0,9
21,3,0,0,5,16,0,5,0,0,34,0,0,2,0,0,8,12,0,8,1,6,10,4,0,8,0,16,13,0,0,11
0,0,0,14,0,0,0,39,12,0,0,0,0,4,5,0,11,49,22,8,0,0,10,14,0,22,5,0,19,11,0,0
0,26,0,20,36,4,0,0,3,0,24,12,178,21,22,8,0,23,28,1,17,27,0,0,0,0,5,18,8,0,3,11
44,4,0,17,0,0,0,40,0,0,13,119,62,24,0,0,0,1,0,7,22,10,0,5,0,0,0,28,0,20,0,8
9,17,30,0,9,48,0,19,16,4,29,164,109,6,0,0,0,0,5,32,103,58,33,10,0,18,0,0,0,1,13,0
0,14,0,2,0,0,6,0,0,0,1,120,144,28,26,28,31,0,173,55,15,3,0,10,0,0,0,2,2,7,0,0
0,7,0,0,0,3,0,1,49,8,8,27,20,0,0,0,22,64,1,5,40,15,7,0,0,23,1,0,2,48,0,0
0,1,8,0,10,0,0,8,0,0,0,99,0,0,0,0,31,29,17,139,73,18,25,13,6,0,0,0,0,12,2,0
0,6,0,0,30,0,0,6,2,44,64,1,30,1,0,0,29,71,8,23,59,9,18,0,14,0,24,19,5,0,0,8
121,0,0,0,0,8,0,0,157,176,6,6,0,0,4,9,2,16,72,129,21,32,0,0,0,2,0,0,0,13,0,0
42,19,22,0,1,0,7,28,11,105,11,31,18,133,15,35,0,11,38,16,0,71,9,20,13,72,59,41,0,4,37,0
106,11,0,0,6,12,15,34,77,51,0,0,57,0,14,13,34,45,2,37,0,0,25,3,56,13,14,0,4,0,23,0
0,0,22,23,7,0,0,26,12,0,28,26,82,17,0,34,1,2,55,65,10,20,0,0,0,13,28,17,11,1,13,6
0,0,30,16,4,11,29,2,63,56,8,0,120,1,0,3,0,13,9,0,27,0,0,0,10,0,24,23,0,31,6,0
126,10,30,0,0,32,10,30,59,4,33,49,23,0,2,17,0,3,107,19,2,0,6,0,0,3,0,2,5,7,0,15
0,0,0,0,0,0,0,0,21,59,11,16,56,0,0,41,0,0,25,4,0,0,61,0,0,0,0,151,43,0,0,10
53,5,42,10,30,78,0,39,0,0,67,18,63,5,0,16,27,7,42,26,45,0,6,0,18,1,189,112,143,0,16,0
33,0,23,116,20,148,176,22,0,8,134,57,0,21,33,0,0,0,0,11,5,0,16,8,3,14,71,0,82,0,0,30
0,0,10,94,50,155,93,70,22,8,18,21,11,0,0,81,98,29,213,2,6,0,21,18,0,0,70,79,67,6,0,0
25,0,0,105,69,0,0,0,0,0,6,12,0,0,0,33,59,83,14,0,0,0,0,20,0,21,19,0,92,28,24,14
75,9,13,60,21,97,26,18,0,0,46,40,19,0,0,23,124,194,20,2,0,7,11,0,19,0,50,61,40,0,0,0
52,11,6,135,65,1,0,0,12,0,20,0,0,0,0,13,38,0,0,2,6,13,0,0,0,26,14,0,5,0,40,20
0,27,0,0,32,18,6,0,1,0,16,15,0,0,8,7,8,0,2,0,7,2,0,0,3,0,45,0,0,31,0,21
0,0,0,0,16,17,7,0,21,0,0,20,0,30,4,20,37,16,19,2,0,0,1,0,25,22,27,24,0,9,0,0
25,0,0,2,12,34,0,0,0,5,0,0,29,0,40,0,27,12,0,0,0,0,4,4,0,17,0,0,0,0,0,0
18,36,0,15,41,0,0,20,12,0,0,22,5,20,9,5,13,0,17,0,1,8,15,2,26,15,28,26,13,0,0,23
68,12,0,0,23,7,6,0,2,26,0,53,0,15,0,33,2,4,0,0,0,51,0,8,10,37,10,0,0,0,0,12
21,38,0,1,0,46,19,0,7,0,0,65,0,0,19,66,8,0,0,12,0,0,68,32,16,65,66,0,0,22,0,0
83,0,0,0,0,0,0,0,0,0,0,0,18,32,14,0,0,10,0,6,0,0,12,3,0,54,8,0,19,2,18,40
0,8,0,13,10,0,0,0,0,3,0,0,0,0,2,25,0,0,0,13,1,0,0,25,4,64,0,13,0,5,4,3
14,0,0,0,8,0,0,0,0,26,8,20,0,0,0,13,0,6,0,12,6,0,0,0,0,0,0,0,8,0,28,0
0,0,5,0,0,0,0,0,32,0,0,7,0,0,21,16,6,0,0,19,26,0,0,0,0,0,0,0,36,0,18,0
0,19,0,0,0,0,17,25,43,25,16,0,14,28,26,0,0,0,69,0,20,17,0,4,0,0,12,24,25,0,0,0
15,0,5,8,0,0,28,36,26,22,9,13,0,12,0,39,0,28,2,22,10,3,0,5,2,0,5,13,8,18,0,8
101,0,0,21,0,20,39,101,190,104,8,0,3,31,2,8,19,11,0,2,0,26,19,14,18,0,0,35,0,15,0,0
0,10,7,33,0,18,82,78,87,244,124,0,40,0,4,0,1,0,0,16,30,32,0,22,0,37,111,122,204,0,10,38
0,0,10,0,85,39,0,5,245,122,141,4,0,0,16,17,1,26,53,0,0,9,16,29,59,3,125,62,16,1,0,24
0,0,31,168,138,0,0,65,15,73,14,0,0,70,0,23,0,0,112,9,32,8,0,65,0,0,27,58,22,0,26,0
113,16,33,126,47,0,0,44,34,0,0,78,182,23,0,0,28,44,51,12,50,0,0,33,27,18,71,0,39,0,0,0
0,39,0,18,0,22,19,0,59,0,62,120,249,25,0,0,0,45,32,0,110,0,0,0,0,62,12,26,22,0,0,0
0,0,0,13,18,40,0,26,36,25,19,0,45,0,27,0,0,0,0,4,16,0,0,12,0,27,0,0,0,0,0,0
23,3,2,0,0,0,0,36,21,68,83,0,0,20,0,33,1,2,44,10,0,0,1,0,0,19,21,0,29,5,16,19
11,0,13,11,0,0,0,0,0,28,19,0,36,28,0,12,5,7,31,10,21,181,115,27,0,0,51,101,236,0,0,24
40,19,26,15,0,15,0,36,0,0,0,0,13,5,0,0,0,0,0,22,27,125,29,149,14,12,159,123,91,11,6,6
0,0,16,0,18,64,31,10,0,0,10,5,0,0,23,13,8,14,0,0,21,0,6,6,0,6,11,23,0,0,0,0
0,0,34,83,203,68,27,212,41,0,0,44,0,0,4,0,0,0,0,0,10,34,0,11,0,0,32,56,0,19,0,0
0,20,6,152,153,154,87,174,36,0,37,9,3,0,26,0,48,99,145,61,18,13,6,0,23,23,42,44,55,0,1,5
0,3,15,27,27,190,234,154,11,0,0,0,2,13,0,0,3,159,59,0,3,0,0,0,0,0,0,29,36,14,13,0
0,0,20,0,16,13,55,0,0,0,30,6,2,0,17,3,21,13,8,9,2,0,0,5,0,0,26,0,47,28,0,8
0,0,0,13,5,0,3,0,14,38,26,0,0,21,41,0,16,0,0,0,64,32,49,3,0,32,6,2,6,15,0,0
54,0,11,37,36,26,43,0,54,39,6,7,0,0,28,35,0,24,0,3,0,0,0,0,21,18,5,0,31,11,0,0
0,0,0,41,61,0,21,4,35,0,30,23,16,0,14,0,8,8,11,0,23,0,0,0,0,0,0,0,10,0,0,0
50,0,0,11,3,51,2,0,0,0,18,0,0,7,0,0,0,0,0,22,0,0,17,11,0,7,0,20,0,0,0,0
0,11,0,29,0,48,11,15,0,0,0,0,0,0,16,0,0,13,10,0,2,0,0,28,0,0,40,20,4,0,11,0
14,19,0,0,0,13,5,41,3,13,57,0,17,14,4,0,12,22,42,3,7,0,0,0,33,25,80,29,46,31,9,0
28,3,0,0,5,0,18,64,9,0,0,4,0,1,3,0,5,0,0,0,0,8,0,0,0,0,38,0,0,0,12,0
40,0,5,11,0,32,10,0,11,0,12,24,0,9,1,0,0,0,0,0,0,19,0,0,30,33,25,0,26,0,27,0
0,7,0,6,0,0,0,0,7,0,6,0,18,0,0,0,11,10,19,6,0,5,80,9,6,0,50,6,15,0,21,26
0,0,36,0,19,0,0,53,0,0,0,48,33,0,10,0,12,38,0,33,33,0,53,13,28,0,0,30,35,0,41,6
22,37,30,0,0,0,0,13,0,0,1,36,4,0,0,14,0,0,0,0,6,2,25,3,0,50,4,0,9,36,0,0
24,0,35,7,0,0,0,0,11,0,0,0,0,35,0,0,10,16,0,7,0,7,5,2,0,0,26,5,3,27,0,0
42,0,18,0,0,0,0,9,25,0,0,4,0,0,0,0,0,27,0,0,0,0,0,19,6,19,0,0,0,13,0,0
0,20,0,0,0,21,3,0,40,0,0,34,17,0,50,27,27,0,10,0,30,0,26,23,0,0,9,0,0,0,24,0
7,5,0,0,0,0,0,0,23,0,21,0,8,0,0,8,0,0,12,23,9,1,11,4,17,4,0,0,12,0,0,13
0,46,13,0,10,0,10,21,25,4,0,1,0,16,4,1,0,6,12,0,0,0,0,9,14,0,0,8,2,0,14,0
60,0,2,1,0,0,0,3,0,29,25,14,3,0,12,1,7,22,8,17,64,4,6,0,0,0,0,9,7,0,4,3
0,63,77,0,0,0,10,0,44,0,59,50,4,9,0,6,0,2,0,0,9,44,4,2,0,0,29,3,14,3,0,0
1,2,0,14,10,0,0,15,23,0,13,33,6,41,9,3,3,117,103,11,86,10,0,17,4,26,34,0,24,0,6,78
61,0,0,26,0,5,0,0,0,16,0,17,0,1,0,23,0,60,193,85,0,0,0,30,0,0,38,0,0,21,0,17
83,0,22,4,0,24,21,11,100,27,0,0,0,16,6,6,6,63,46,14,7,0,0,0,26,0,0,17,7,0,0,0
88,0,0,0,0,0,22,40,3,26,56,0,0,0,0,13,105,0,3,10,0,17,7,0,38,0,0,35,9,12,28,9
0,20,17,0,38,25,13,121,152,9,0,134,0,0,7,13,0,0,13,1,0,0,0,14,38,15,62,0,0,0,25,41
0,0,7,7,0,23,31,8,37,114,37,10,0,19,9,0,0,8,0,0,23,0,6,0,0,11,45,28,0,0,9,37
35,0,30,0,27,9,0,0,159,118,52,21,0,26,0,0,0,16,0,19,0,0,0,8,16,0,0,94,57,0,8,0
0,0,22,7,3,0,26,0,39,156,86,0,33,26,17,21,10,3,1,16,15,7,22,24,3,0,253,239,18,8,2,45
0,40,54,0,2,0,0,0,132,12,212,0,0,22,3,0,0,17,0,3,97,0,9,0,34,18,14,8,16,0,20,0
134,0,0,33,0,30,38,0,61,60,236,18,110,92,0,45,0,18,0,0,4,34,8,0,0,16,50,0,0,5,0,0
38,56,0,4,0,0,0,6,9,12,0,28,163,15,0,18,7,10,0,7,80,6,14,1,0,0,55,85,28,23,0,0
0,2,43,0,12,1,0,7,0,0,32,22,193,123,0,0,0,10,59,26,48,29,1,9,0,0,0,16,61,45,11,0
0,0,25,21,33,0,24,27,29,0,39,242,128,114,8,0,3,32,0,42,86,26,62,0,0,19,29,39,68,0,0,0
28,0,6,20,0,0,15,59,0,26,13,0,65,54,13,0,52,24,1,0,91,83,0,19,1,1,34,0,59,0,0,0
0,0,0,0,0,10,39,52,0,0,17,22,22,0,0,0,4,0,50,45,127,155,10,22,11,0,0,38,41,26,7,90
6,17,5,0,0,104,125,26,0,2,33,0,0,0,0,0,20,13,8,51,108,71,24,78,10,3,51,130,0,0,0,30
0,10,9,9,23,0,80,29,20,6,3,0,0,0,0,0,0,0,2,248,34,135,24,172,45,7,13,249,190,31,14,3
10,18,5,0,54,75,128,46,0,0,11,16,0,0,3,0,41,8,0,64,70,45,82,23,19,19,77,95,3,2,0,0
0,0,0,28,148,136,65,89,0,0,0,30,23,6,16,0,24,0,0,0,0,8,19,0,0,0,0,0,35,0,0,35
140,0,0,10,219,138,90,85,0,0,0,1,4,1,0,0,26,59,6,7,0,0,3,0,24,7,7,50,22,8,30,0
0,0,0,7,41,194,94,0,0,58,10,18,0,0,33,0,57,136,84,0,0,18,0,12,10,0,38,0,0,4,0,0
0,33,0,0,22,1,26,5,0,0,41,42,50,0,14,1,27,77,17,6,15,0,56,6,56,3,0,0,47,0,40,17
0,0,23,18,34,0,0,4,0,43,9,23,0,11,0,21,0,7,0,0,18,0,0,0,0,0,0,0,0,0,0,15
0,3,38,5,14,0,0,0,12,7,19,2,30,29,0,4,12,4,0,0,2,0,14,27,0,39,0,1,19,0,18,25
0,23,54,0,4,0,1,44,0,0,41,2,0,0,0,28,0,5,3,0,9,0,0,34,0,42,5,0,7,0,11,0
0,22,8,0,22,8,42,0,31,0,0,59,0,0,50,7,49,0,21,15,0,7,2,27,5,3,0,0,0,0,0,7
6,53,25,0,0,0,25,2,29,14,8,0,7,10,0,0,0,0,14,0,23,8,0,6,0,0,0,0,9,6,27,0
0,0,26,0,0,3,5,0,14,0,1,0,9,0,18,0,11,0,0,19,13,6,0,0,7,0,15,0,0,0,0,0
10,0,0,12,1,0,20,0,20,0,0,0,8,0,0,0,1,5,0,0,12,0,0,17,5,0,0,15,0,6,0,0
17,0,6,0,37,0,0,0,0,0,0,0,14,9,0,0,0,0,0,9,17,5,0,16,0,0,0,0,8,0,23,0
9,0,0,0,2,0,0,8,20,0,32,17,19,0,3,22,23,0,5,0,0,0,0,8,1,0,21,39,25,0,0,0
0,0,0,22,17,1,0,16,0,12,0,0,0,28,0,0,0,18,21,11,23,13,0,0,0,18,36,0,12,17,0,0
0,8,0,0,0,0,30,0,43,53,3,11,0,1,0,6,20,0,15,13,2,11,0,2,0,19,0,16,9,0,0,12
2,0,7,0,0,20,40,12,0,12,12,11,8,41,15,38,0,0,72,5,13,46,46,0,0,0,0,0,0,0,0,15
63,0,12,0,0,0,1,11,59,17,25,18,29,5,0,0,6,2,111,0,22,27,30,0,0,0,0,16,2,0,0,25
0,2,0,0,0,6,29,0,15,33,0,0,0,37,3,27,15,1,3,0,0,20,56,4,41,3,0,16,0,2,0,0
77,0,0,0,0,17,0,14,11,0,17,131,0,0,0,0,0,5,63,72,54,0,0,1,0,0,29,0,19,46,0,0
0,0,0,0,8,0,30,25,56,7,80,16,8,16,0,29,0,0,19,14,27,19,60,9,0,0,13,19,0,7,0,6
0,16,0,16,0,0,6,30,58,48,16,6,15,49,0,0,0,0,202,106,34,18,56,1,0,14,20,0,10,17,19,21
0,37,0,0,15,41,82,98,7,0,0,200,179,0,27,18,99,31,16,38,0,53,14,0,36,42,42,6,0,37,0,25
0,20,21,0,5,35,1,6,0,44,0,10,91,38,1,0,6,0,18,0,91,11,24,4,19,7,0,0,0,0,0,1
103,0,0,39,1,0,0,126,6,32,39,150,87,0,27,20,12,32,66,41,22,8,24,117,0,1,57,2,25,0,0,0
0,0,18,10,21,11,2,14,19,77,159,154,21,36,0,21,26,0,23,55,101,11,6,18,15,19,0,28,21,0,0,35
32,23,0,9,6,15,0,100,80,3,0,22,46,0,3,0,13,24,80,45,53,0,6,38,10,0,0,8,26,20,1,3
0,0,17,98,0,0,0,42,0,2,82,17,58,0,17,8,3,3,34,43,222,49,5,21,0,0,0,15,89,10,0,0
67,35,83,9,2,0,0,185,69,138,48,25,73,4,7,16,31,30,83,84,7,0,8,1,19,0,4,0,0,0,20,6
26,0,49,0,29,1,0,112,150,148,96,12,17,1,0,0,106,11,35,0,0,0,0,4,13,8,0,6,0,0,0,0
0,19,64,48,54,0,0,191,77,0,2,51,0,16,0,0,80,77,36,0,6,14,28,17,0,38,3,48,0,0,0,16
0,21,0,149,14,30,12,0,50,144,32,7,0,22,0,0,22,11,0,0,0,57,25,21,0,0,0,13,0,0,0,1
28,32,91,95,27,53,22,14,186,162,141,0,14,0,5,0,6,7,0,41,50,59,34,10,0,22,0,9,9,0,0,29
0,120,15,20,0,0,0,0,211,177,53,52,119,0,0,0,43,49,0,4,67,31,105,65,0,13,51,0,25,13,0,3
45,12,9,0,0,56,0,0,35,243,0,100,14,0,12,22,0,0,0,35,24,83,56,0,0,0,87,197,0,42,27,39
0,0,0,0,0,23,18,0,19,33,21,113,64,0,0,19,4,17,0,0,6,176,33,29,3,6,17,40,10,0,0,0
0,0,0,0,0,0,0,0,17,31,125,46,48,0,41,0,0,8,7,0,73,48,6,14,0,0,19,7,16,0,7,35
33,15,0,0,5,0,10,0,0,4,101,79,136,0,0,0,27,0,25,56,16,27,28,9,29,0,43,17,44,0,25,6
102,0,1,38,6,0,0,0,0,9,22,93,35,0,28,0,0,44,123,57,150,113,17,0,0,0,0,31,29,43,0,49
65,0,11,0,18,0,0,13,0,11,5,17,0,0,28,0,0,0,0,14,150,11,125,19,20,0,27,9,16,0,39,0
27,0,8,16,7,3,0,27,0,16,7,20,0,13,0,0,0,0,73,204,20,71,34,5,0,101,9,28,0,24,0,0
0,0,45,14,140,0,0,11,0,13,0,0,0,34,0,0,27,18,32,46,169,53,14,20,65,42,97,6,22,0,11,44
0,6,0,158,97,32,0,0,50,15,0,21,0,0,27,0,0,31,241,112,110,197,181,30,46,39,120,0,3,24,43,0
86,14,0,37,64,18,32,17,19,0,0,0,26,22,80,79,71,0,46,72,143,33,6,14,173,146,10,0,39,0,0,0
37,42,0,8,5,0,0,0,0,0,22,17,0,167,115,23,16,15,0,0,15,7,0,0,17,54,18,9,8,0,0,22
0,4,17,1,0,0,2,6,7,0,26,3,8,40,22,74,23,0,0,3,18,16,0,0,0,8,0,0,29,0,22,0
