0,36,0,1,7,0,8,48,21,0,14,35,0,0,10,0,11,0,0,0,31,0,21,0,0,13,38,0,49,0,55,0
0,37,0,0,4,11,47,0,0,16,0,0,0,86,0,3,0,0,0,9,20,10,32,0,0,5,3,0,33,5,38,8
0,0,10,17,0,23,0,0,0,16,0,0,16,112,0,0,4,0,0,0,0,0,10,0,0,0,0,0,6,6,9,0
149,0,10,0,0,0,1,23,5,1,14,14,200,154,0,0,23,0,7,0,0,0,0,43,37,34,3,0,0,25,0,0
19,0,23,0,0,0,14,0,11,21,39,8,180,16,29,4,31,24,4,0,10,29,67,40,65,25,4,16,19,0,0,0
0,0,0,0,12,0,25,0,0,10,53,38,14,12,0,12,54,0,0,54,96,0,241,39,65,28,6,0,21,7,0,0
0,22,0,20,0,6,0,9,23,13,106,33,0,0,0,35,0,0,0,20,132,82,35,10,0,0,45,22,2,20,0,24
0,22,0,9,0,3,0,14,61,45,81,15,19,0,60,19,0,0,102,124,0,0,0,0,0,0,0,5,0,0,1,6
209,18,0,13,0,3,0,67,17,43,97,75,38,4,16,52,14,5,89,6,3,9,18,9,0,0,0,0,0,0,0,0
0,61,37,0,30,50,44,1,50,175,208,0,19,3,32,0,29,0,2,21,18,16,70,0,43,0,31,0,12,0,16,20
180,12,16,7,210,50,8,216,0,127,242,93,24,5,16,24,29,0,0,0,8,13,0,0,3,10,0,7,4,0,0,22
0,0,0,77,65,53,7,9,0,82,102,52,17,8,0,0,30,0,8,24,0,11,12,13,0,16,14,19,57,12,15,4
224,16,26,38,0,60,0,0,9,16,147,0,35,45,9,15,4,0,34,7,7,0,2,12,0,0,21,36,17,27,13,32
110,0,71,108,14,0,6,0,0,28,8,0,13,23,0,0,0,0,1,0,0,37,0,0,0,16,14,0,156,75,0,5
135,0,5,0,14,21,0,14,0,0,36,29,182,95,7,9,0,8,0,11,4,0,4,0,0,0,0,54,247,97,16,0
0,0,0,0,0,11,2,25,0,0,0,0,21,194,45,3,8,10,0,6,15,8,19,18,6,2,19,0,0,0,0,0
0,0,17,3,82,42,110,9,0,10,26,13,14,8,7,0,5,0,13,1,20,6,0,0,0,46,11,0,1,28,10,24
30,0,0,28,0,0,29,25,40,17,0,0,0,34,0,18,0,11,0,35,0,38,0,2,0,0,0,3,10,75,0,38
0,0,0,4,0,29,83,0,30,8,3,2,0,19,0,0,0,0,26,77,112,132,14,41,10,0,29,0,36,0,0,0
0,0,23,0,19,72,214,0,0,9,0,18,20,12,0,29,0,12,17,80,69,86,141,61,50,0,0,1,43,0,47,0
0,11,0,0,1,46,24,6,8,31,4,0,0,5,25,16,17,27,12,32,123,187,93,60,45,0,0,140,39,14,3,0
0,0,0,0,0,44,111,4,0,17,22,13,10,0,0,90,10,34,56,208,196,185,158,56,63,0,18,105,2,12,0,0
138,4,10,0,6,48,66,17,0,11,40,35,25,0,0,13,227,1,84,5,32,0,0,98,9,0,78,37,228,0,13,0
74,11,0,0,58,0,22,3,0,18,13,7,5,1,23,3,30,247,156,35,15,19,52,0,0,0,0,8,10,6,5,0
37,0,24,4,11,14,0,5,6,0,0,0,23,0,0,0,8,43,31,21,0,7,54,0,0,0,3,0,0,8,2,10
54,0,0,23,17,80,0,0,62,47,50,0,17,9,0,43,29,0,92,9,0,31,0,28,0,29,0,0,49,16,0,19
3,25,0,0,5,0,11,28,0,0,0,0,8,0,24,4,3,0,80,55,65,0,48,0,1,0,3,0,20,24,51,1
43,0,34,2,0,1,0,0,0,15,0,14,0,0,3,0,27,10,3,22,0,11,0,13,0,0,41,3,11,1,0,0
0,3,0,13,0,0,41,22,0,0,0,17,0,0,0,10,0,0,7,12,11,0,0,0,17,1,0,21,0,0,2,21
119,0,16,0,59,0,12,0,16,0,0,0,11,5,0,10,0,12,0,0,32,41,12,29,31,0,0,19,0,2,10,29
12,0,0,36,0,6,0,1,3,0,0,20,17,0,9,7,0,0,0,32,19,57,0,0,6,31,2,6,0,38,0,0
12,0,1,35,0,0,17,0,0,0,0,0,12,0,0,10,3,2,0,0,0,19,0,0,0,10,23,8,0,9,0,7
0,1,29,0,0,22,0,12,8,23,9,5,0,0,0,14,0,0,40,0,0,12,4,20,18,2,15,0,0,13,0,6
30,0,0,11,0,0,0,0,8,6,0,1,0,4,0,0,0,0,19,3,2,0,0,3,2,5,2,0,21,17,19,19
3,6,0,13,24,15,2,0,5,3,62,3,0,28,0,7,0,0,16,29,5,0,9,0,0,10,0,0,4,14,0,24
53,1,21,51,23,0,0,0,0,0,5,8,98,35,0,0,0,29,49,0,24,19,0,0,0,39,31,10,24,0,0,0
0,0,0,0,0,0,0,0,12,0,42,24,19,27,0,51,0,0,0,3,0,0,0,26,32,25,9,0,0,0,0,0
6,0,0,0,0,0,0,17,1,1,0,81,0,4,0,14,0,1,0,72,140,20,63,32,0,54,0,0,0,0,0,0
118,60,22,0,31,23,5,0,9,0,0,37,46,24,0,30,0,0,3,11,26,0,36,15,65,0,21,2,0,0,0,0
86,12,0,27,0,0,0,50,0,9,62,39,0,42,58,27,0,0,17,121,27,14,45,0,0,0,19,3,14,9,48,32
0,0,23,30,48,0,27,14,0,17,33,89,102,129,89,0,0,0,14,36,0,0,17,56,0,22,16,0,10,0,0,48
0,2,0,39,0,33,0,37,0,22,0,21,41,80,184,8,0,16,23,5,48,50,19,20,22,0,0,9,0,1,4,0
0,29,20,0,7,15,27,112,18,40,40,19,7,201,0,4,0,9,9,5,28,14,17,98,36,28,21,16,0,9,1,19
0,1,0,43,10,0,24,0,0,117,14,4,50,0,10,34,13,0,10,0,60,8,18,54,47,64,30,0,0,0,17,44
169,0,21,2,48,3,0,76,58,0,118,72,31,0,21,0,0,0,60,63,9,0,5,6,0,0,0,17,52,0,4,5
99,0,12,10,0,10,1,38,0,37,0,0,8,0,0,37,9,0,12,38,24,16,26,0,2,23,0,20,32,18,0,31
70,32,0,0,18,54,2,61,56,15,65,0,25,6,22,0,0,15,0,14,66,39,34,29,0,0,17,0,18,2,0,0
0,0,0,13,29,24,30,0,1,164,65,0,6,0,17,37,1,0,0,0,159,82,0,11,27,12,0,0,0,0,1,0
164,0,9,99,113,54,149,45,134,46,0,59,14,16,27,0,11,0,0,0,0,108,6,0,14,0,0,1,29,28,0,0
0,15,13,84,65,1,58,71,115,251,17,0,49,0,18,0,2,2,0,9,0,0,9,0,6,25,0,0,13,30,0,0
0,10,206,59,0,52,23,0,6,64,129,148,52,5,0,6,6,0,0,0,5,22,13,8,11,19,6,0,1,17,19,0
0,157,52,76,146,3,13,13,0,2,99,34,137,0,18,21,0,2,0,13,71,51,61,54,23,0,0,0,65,4,6,39
127,22,9,7,0,16,0,3,18,63,200,97,19,0,0,11,0,0,1,48,81,105,82,10,0,0,0,87,39,1,7,0
106,0,37,9,17,0,7,0,0,18,108,76,49,24,0,0,16,0,0,37,0,122,7,3,36,0,22,2,0,0,12,25
0,3,18,0,1,0,6,13,0,0,14,82,121,0,2,0,0,36,7,43,96,27,22,7,14,2,32,11,32,5,0,4
0,2,1,15,0,3,0,32,0,0,0,22,220,79,0,0,0,18,0,24,92,14,64,0,3,10,34,0,45,0,27,9
68,22,21,0,47,39,27,0,51,0,43,168,103,8,0,0,0,115,115,6,103,52,31,4,0,2,140,150,43,0,22,33
0,0,6,23,13,53,0,0,13,10,8,35,0,1,0,1,43,106,28,14,95,43,94,0,0,54,0,5,0,0,0,8
0,7,18,21,19,90,6,0,0,0,28,0,0,8,9,0,11,5,70,173,79,92,8,19,4,44,51,7,0,5,5,0
4,51,18,0,113,26,6,9,0,25,8,0,5,0,0,33,0,0,0,75,137,29,29,44,15,29,3,14,2,0,23,20
0,6,26,48,110,35,0,0,0,0,2,19,0,0,0,65,0,27,0,6,97,139,0,6,0,0,18,0,6,23,23,0
71,0,0,11,53,0,2,0,12,0,0,0,0,0,73,45,39,194,131,14,112,0,2,12,9,0,64,14,0,3,0,0
112,6,5,0,4,19,0,0,0,0,6,62,9,0,87,54,0,4,61,195,234,184,60,0,0,136,3,0,10,0,0,5
0,37,12,0,0,41,0,0,9,34,31,9,0,3,13,168,207,0,0,13,0,0,19,11,95,84,110,6,0,0,10,20
74,0,38,37,7,0,33,25,10,0,32,0,0,4,0,0,0,22,3,0,0,32,0,0,10,27,0,0,0,41,28,8
0,0,4,6,16,0,0,0,14,5,0,0,0,29,0,0,9,16,2,10,0,5,0,13,10,0,0,17,5,0,0,14
47,20,16,0,0,12,26,0,0,11,0,0,3,0,10,0,0,0,15,12,12,0,3,0,0,3,21,19,17,8,0,2
98,0,0,15,0,10,0,10,0,14,16,5,76,14,4,0,12,1,7,1,0,0,16,32,0,43,11,0,0,0,7,0
35,0,11,36,41,0,39,36,12,0,0,8,37,77,0,0,0,11,0,35,16,5,49,20,0,28,0,0,44,0,0,0
84,0,0,3,29,1,16,5,33,0,44,87,0,0,9,31,22,3,0,14,72,8,9,0,0,88,42,0,1,18,0,45
0,29,7,19,0,0,0,7,23,20,20,0,0,0,1,0,0,23,0,10,12,0,50,0,9,29,0,14,3,19,0,11
120,0,0,25,0,0,1,18,0,20,0,16,9,0,10,0,18,2,41,33,9,19,5,12,7,0,16,21,0,0,0,6
190,18,0,15,0,8,0,60,0,0,0,89,15,0,22,0,0,46,0,22,14,43,19,83,0,24,7,10,0,0,10,0
109,0,0,58,4,0,0,31,0,22,0,0,0,0,0,37,138,78,0,0,33,4,13,0,0,0,0,22,14,1,0,18
99,7,23,33,9,36,22,21,0,26,41,19,0,55,0,18,51,0,5,9,25,0,12,38,0,0,9,27,0,13,0,56
0,0,0,0,0,0,34,0,50,61,3,15,41,4,70,108,8,0,0,0,46,35,23,6,0,23,0,3,31,0,0,0
100,2,88,7,0,0,26,10,27,22,45,17,0,183,244,33,1,0,17,16,33,0,0,39,0,0,0,5,4,10,3,25
0,0,7,0,10,0,66,70,0,0,43,13,107,243,101,0,34,0,9,24,21,4,27,10,8,0,2,0,0,18,38,29
0,12,4,3,47,37,41,49,18,3,22,0,33,100,0,0,0,29,1,6,17,0,22,12,2,0,0,0,2,0,0,23
187,41,0,32,41,5,8,40,2,81,88,44,2,0,3,1,0,0,0,0,27,0,9,48,19,3,10,0,6,0,16,0
66,8,0,0,19,19,26,0,42,0,0,19,6,13,0,1,0,0,7,2,0,0,41,12,10,0,22,24,0,0,7,0
105,0,50,22,47,0,0,0,196,252,0,0,0,0,0,0,1,0,6,0,0,38,66,32,100,114,0,0,9,0,0,9
0,0,0,0,14,137,41,18,158,105,31,42,0,13,0,0,26,20,3,46,0,27,21,0,32,11,0,10,0,0,4,0
0,14,1,130,53,92,17,145,19,217,67,31,0,34,1,0,0,12,0,0,0,7,5,19,15,0,11,1,8,15,10,0
0,0,46,23,12,43,33,0,85,144,244,32,4,30,0,0,3,0,10,26,13,0,5,20,0,0,0,32,5,3,32,3
1,0,61,16,0,8,0,0,32,90,51,0,0,5,0,54,3,3,12,4,4,17,0,33,0,29,41,0,21,0,0,0
0,0,0,0,53,1,0,0,0,0,0,56,11,0,29,4,12,26,0,0,6,0,0,0,0,23,5,0,36,4,3,31
50,0,10,0,0,15,6,0,0,5,48,197,176,9,0,0,39,13,26,35,89,0,18,17,0,7,34,0,41,0,0,8
80,0,0,0,0,0,0,0,0,32,5,7,52,0,44,0,0,18,32,114,10,17,55,57,11,0,0,0,3,0,0,34
0,0,0,0,37,25,30,0,0,35,0,12,0,0,0,0,0,0,0,21,1,30,2,22,51,19,193,28,155,5,0,40
0,0,10,0,15,0,5,0,38,0,0,14,0,24,0,16,0,6,75,65,63,0,0,18,0,0,12,19,20,7,0,0
0,0,0,20,110,0,0,0,28,1,0,49,0,0,0,38,0,7,35,26,87,0,35,42,0,23,0,0,0,3,0,26
109,1,22,63,0,22,6,0,8,4,4,0,0,8,6,0,15,36,52,20,0,8,3,0,0,0,38,0,0,0,11,0
2,34,0,0,0,19,0,10,0,0,39,0,0,22,9,0,56,115,89,250,105,0,21,0,40,22,64,0,0,0,0,0
0,3,13,0,0,0,0,0,0,0,23,3,26,9,93,0,0,0,10,0,147,147,32,1,10,0,3,0,0,0,0,5
0,8,0,0,0,36,0,63,34,8,0,13,0,44,24,161,0,0,0,0,10,0,0,0,23,59,17,17,11,13,2,58
0,0,0,5,0,0,0,6,9,0,0,0,18,19,0,0,0,0,19,0,10,0,0,30,0,0,0,0,0,5,0,0
43,5,0,0,12,5,0,0,0,0,11,8,0,5,0,0,21,18,0,5,0,0,1,16,0,0,0,6,3,0,0,46
40,22,11,12,18,0,0,12,0,0,0,45,23,43,0,0,0,0,0,0,0,21,26,17,0,0,0,28,0,16,2,76
89,3,3,0,0,0,0,0,3,0,73,30,49,14,0,14,5,0,0,0,25,0,56,6,0,16,0,14,0,0,0,20
0,8,14,3,0,0,0,0,0,0,4,40,12,7,0,0,13,7,35,0,0,0,0,12,0,0,0,18,17,2,0,2
0,0,0,24,12,0,12,0,22,0,54,36,1,17,0,0,19,11,7,19,50,9,44,0,21,0,9,16,0,0,0,39
121,0,0,38,0,0,0,46,9,20,15,22,0,34,0,0,0,0,0,0,48,18,19,0,0,22,0,0,9,0,0,6
37,0,0,18,0,0,0,20,0,0,11,0,0,20,3,0,13,10,18,0,0,26,4,35,17,0,37,16,14,7,0,10
56,0,13,0,0,0,0,19,3,6,21,55,37,18,0,0,8,23,0,0,28,3,26,43,17,0,0,0,6,0,2,0
120,0,3,12,0,0,4,0,0,0,0,15,7,34,9,22,93,35,28,0,0,0,7,0,0,0,0,0,0,0,4,27
0,10,41,34,0,0,0,18,0,12,16,6,26,33,13,230,2,17,0,22,54,29,15,21,0,0,23,24,27,3,36,0
0,0,0,8,2,7,17,17,42,75,116,0,116,24,215,15,1,0,55,0,0,0,24,0,32,35,0,4,0,0,0,0
227,21,0,0,0,0,0,6,33,4,8,24,27,48,35,7,0,0,63,52,0,3,0,0,10,8,16,0,0,0,0,20
124,76,9,6,7,0,0,5,59,48,67,98,13,18,0,21,10,10,0,0,25,40,13,0,0,0,0,24,17,0,0,43
0,0,31,3,0,0,164,50,74,0,87,20,43,20,0,0,7,23,17,0,50,35,0,2,0,57,3,0,24,0,19,41
101,9,42,0,71,13,10,86,48,118,16,243,189,13,25,28,8,0,0,0,31,0,28,22,33,116,13,132,25,14,18,20
211,33,8,237,54,193,46,10,0,58,191,33,173,62,21,4,0,11,9,0,0,0,44,0,0,8,31,45,0,2,9,0
124,0,28,14,10,21,57,10,0,0,75,138,87,58,6,5,0,0,3,5,1,33,72,2,14,27,9,0,14,10,8,12
44,0,0,33,10,45,64,5,26,62,50,126,185,178,53,21,0,10,10,0,4,28,0,0,0,10,12,0,34,21,0,17
0,0,9,0,0,1,0,75,0,52,0,87,74,138,0,0,0,0,0,0,21,39,0,0,0,35,0,9,7,3,4,14
0,0,0,14,0,3,0,6,0,15,20,48,21,23,0,0,0,13,0,8,0,23,17,0,1,4,0,2,0,0,0,0
109,34,0,23,10,3,0,0,0,15,17,39,11,0,0,0,11,1,11,0,17,0,0,1,0,3,25,6,56,0,9,16
38,3,37,23,10,6,0,9,0,30,8,0,40,33,6,0,0,2,0,0,11,19,7,0,16,14,0,96,230,234,7,0
0,12,0,27,56,135,224,0,9,18,0,0,2,15,4,0,0,0,0,8,0,0,0,11,0,0,78,16,53,31,21,0
117,46,41,0,69,3,0,0,0,17,0,0,14,10,9,9,0,0,62,17,170,240,0,5,4,0,0,0,0,3,0,1
0,0,10,0,6,19,6,16,23,28,1,0,19,10,0,5,0,6,21,75,73,42,52,179,0,3,13,22,0,0,0,0
113,0,2,0,4,26,0,0,0,0,41,31,0,2,0,39,22,206,6,58,45,37,52,0,2,61,88,0,13,32,0,16
38,0,0,3,0,0,0,0,28,22,0,0,0,0,0,18,70,13,0,66,42,28,23,61,33,4,49,24,0,7,18,0
37,15,0,0,0,80,0,0,0,12,4,1,0,0,7,0,0,53,34,18,0,38,0,8,21,4,44,3,4,0,3,0
0,0,36,0,0,0,3,11,6,0,0,0,3,0,13,5,2,0,0,0,61,0,11,13,23,9,29,16,0,0,0,29
0,9,5,8,12,0,0,0,0,21,3,0,16,24,3,16,15,5,16,0,18,16,0,0,1,0,3,0,0,4,12,44
6,76,0,0,17,35,30,18,0,0,0,27,46,0,24,0,26,0,20,33,5,0,15,0,28,0,0,10,0,0,24,7
0,2,21,0,35,0,31,38,12,0,10,11,17,0,9,1,29,0,22,6,0,0,46,17,0,0,8,35,13,0,0,0
0,0,0,0,4,0,32,0,0,0,0,0,0,48,0,16,10,0,0,0,0,3,0,0,0,0,23,0,0,0,0,0
0,0,0,0,9,0,7,0,0,0,0,0,2,0,3,25,11,3,0,0,8,4,0,16,11,0,0,6,0,0,0,21
0,21,1,0,0,1,0,18,0,0,18,52,36,37,0,55,119,15,5,0,43,36,0,0,0,0,0,34,0,1,0,48
0,19,31,0,0,39,25,0,0,24,32,10,4,29,0,91,60,0,34,0,32,9,1,20,45,23,21,0,28,0,0,0
0,0,0,0,31,0,11,0,0,0,48,51,5,18,9,0,78,27,0,13,69,0,40,26,7,0,5,0,0,4,0,0
120,0,0,0,9,3,0,23,1,19,7,0,0,0,1,71,27,8,0,9,0,20,0,6,17,0,46,0,22,0,0,8
83,20,8,0,15,19,0,22,0,15,40,6,3,4,65,36,72,41,30,0,14,50,0,12,7,3,7,0,26,9,6,20
0,40,12,0,48,0,1,0,18,12,31,41,23,0,15,52,22,121,36,0,41,8,14,16,15,59,12,35,12,0,5,0
82,24,0,0,0,0,2,3,34,2,24,5,0,8,0,0,0,38,0,2,11,12,8,3,46,0,0,31,23,22,0,0
81,0,7,23,0,38,24,0,6,16,39,10,0,61,19,9,0,1,0,0,10,24,43,55,4,36,1,34,0,0,8,33
0,0,4,4,0,0,5,5,0,22,15,10,10,10,0,0,0,17,6,0,29,8,0,2,69,33,42,0,37,5,0,0
101,0,0,28,0,0,32,29,25,15,9,53,35,72,1,0,32,0,64,29,0,42,0,0,41,72,88,0,15,26,0,2
169,27,6,15,63,0,81,45,24,0,8,0,32,19,4,0,4,29,16,0,36,15,14,0,0,13,33,25,19,6,37,97
187,34,0,0,0,0,0,0,0,7,61,68,45,10,9,10,0,3,4,0,0,16,28,8,0,49,50,0,9,15,126,0
0,0,0,7,0,0,0,0,21,39,82,0,0,8,0,0,10,0,0,0,71,0,1,4,0,0,0,26,17,0,21,25
30,0,0,77,21,0,0,19,0,11,0,43,0,9,0,2,0,0,0,14,0,0,23,31,0,0,0,0,0,16,75,16
0,0,22,0,0,36,10,203,24,18,0,127,87,10,15,7,0,0,0,0,6,57,189,237,16,102,3,0,0,0,0,27
0,15,0,4,28,0,45,65,167,8,0,97,0,0,3,3,0,9,0,6,0,28,52,81,31,39,0,0,31,0,0,0
0,32,7,1,0,0,16,67,30,0,0,35,66,0,0,48,0,228,103,89,170,14,67,169,3,52,16,0,48,8,14,0
126,0,17,24,0,0,0,0,3,16,50,26,27,26,0,4,0,19,133,0,44,23,17,39,0,0,0,0,10,0,0,62
0,0,0,24,0,0,48,9,7,6,0,10,0,0,7,0,46,16,51,69,0,150,71,8,54,0,14,0,0,8,0,6
130,0,0,2,0,12,34,2,12,0,7,0,33,0,0,0,14,0,20,10,34,0,14,4,26,16,0,10,15,0,14,0
0,0,0,0,38,0,5,0,1,2,8,3,0,0,8,2,12,0,28,36,66,0,37,3,0,1,0,0,61,0,0,4
0,44,0,0,13,2,0,0,0,34,10,0,0,0,0,0,0,60,77,105,0,0,25,18,16,0,0,0,0,8,0,0
24,0,54,0,0,0,0,0,0,0,0,0,0,5,0,0,13,29,72,11,0,0,44,10,0,1,35,11,0,5,0,5
0,18,8,0,0,0,0,0,6,6,0,13,6,0,0,0,39,2,43,36,43,0,0,7,2,30,27,40,0,9,0,6
0,0,0,0,14,6,1,0,4,1,0,0,0,0,0,0,40,1,0,29,23,10,0,46,0,6,14,0,27,0,15,17
0,45,19,28,0,0,38,16,0,17,0,0,0,8,0,2,5,33,16,5,16,58,39,0,0,4,23,1,0,0,0,15
114,0,41,32,15,0,17,48,0,0,44,35,19,0,13,8,31,8,47,0,26,24,22,0,9,0,32,0,37,0,27,35
68,0,0,19,16,13,2,9,0,0,12,26,29,3,14,15,31,0,0,0,0,0,0,0,0,51,1,9,18,2,0,10
0,0,0,23,31,8,5,4,0,0,0,39,0,15,13,9,0,1,1,0,14,0,2,0,0,0,0,12,0,0,4,0
0,0,0,13,0,17,0,36,14,0,0,0,0,4,0,27,132,0,12,13,0,0,0,0,0,0,0,12,11,0,0,0
6,6,8,1,25,0,0,20,16,0,0,36,0,17,80,235,4,2,16,0,0,0,18,0,0,0,29,0,6,0,4,2
153,45,23,0,0,0,6,0,0,9,10,24,12,23,0,0,0,0,0,1,2,7,5,0,8,0,0,74,0,0,8,17
0,6,0,25,0,4,0,39,0,0,0,25,19,0,0,33,0,13,17,0,0,16,0,105,124,68,68,152,19,18,0,4
34,0,0,0,0,0,0,0,0,0,0,67,13,0,4,38,0,0,0,0,0,51,183,33,39,16,0,3,0,0,0,9
12,0,0,0,0,0,5,0,12,0,200,165,4,6,0,23,37,16,0,7,70,2,31,4,0,48,19,4,13,8,0,0
0,10,14,35,0,5,0,0,11,0,23,16,57,69,0,0,17,3,26,4,5,1,19,26,22,1,1,0,0,0,14,21
109,0,0,0,0,48,61,83,100,42,0,11,55,21,91,42,69,21,31,0,0,22,23,0,18,16,0,18,0,9,0,0
0,57,1,0,41,0,48,33,15,0,0,36,36,10,0,61,0,19,8,0,13,29,27,57,0,9,0,4,11,0,57,0
0,0,0,0,38,29,10,12,33,13,8,21,5,35,4,7,0,1,7,8,14,14,0,6,14,11,31,32,40,0,0,0
125,9,45,0,0,2,1,0,7,12,33,23,0,46,76,66,0,0,0,8,0,16,0,74,3,67,22,10,6,0,9,0
0,11,8,0,0,25,0,0,11,48,0,9,15,0,24,90,0,0,11,12,0,1,6,0,43,57,0,0,37,118,167,5
0,26,38,0,4,0,0,21,0,0,12,56,46,0,0,8,0,0,0,0,11,0,0,22,0,0,0,18,3,14,8,0
103,0,18,0,0,33,0,6,0,17,5,16,24,9,0,0,0,6,0,0,0,27,7,0,0,24,0,0,0,23,0,44
0,0,0,12,27,0,5,74,36,0,17,0,11,0,14,0,0,0,0,0,0,0,17,11,0,3,0,7,3,7,0,0
0,36,0,0,23,3,114,0,94,88,42,0,2,29,2,0,0,1,0,13,0,65,0,21,1,0,0,16,0,0,0,47
50,0,25,0,76,226,233,253,7,174,34,49,0,4,0,0,0,8,32,23,8,24,161,98,3,139,72,18,23,0,0,16
0,0,11,0,0,46,174,122,202,245,75,3,21,0,0,19,10,29,0,0,0,11,16,0,106,30,58,0,76,225,2,129
79,29,0,0,0,0,0,102,203,110,0,0,0,5,0,3,0,12,54,136,186,116,0,42,0,4,3,0,1,181,29,12
0,30,0,3,0,0,31,1,7,0,2,52,16,0,5,1,6,8,171,167,120,134,33,17,49,35,0,0,6,0,1,0
38,4,0,21,0,26,42,6,43,0,0,36,11,0,27,0,53,3,0,18,0,99,16,1,60,0,32,0,20,18,2,0
0,0,14,0,49,0,0,39,0,22,0,0,0,5,0,3,8,0,11,90,0,80,2,0,11,0,72,0,0,0,6,25
0,0,0,0,0,0,20,0,10,0,0,0,0,0,10,0,0,3,0,0,0,35,14,0,22,0,3,41,0,0,12,27
24,0,0,12,0,0,0,0,0,5,19,0,0,14,0,0,0,5,9,36,56,13,16,0,16,0,0,0,54,29,0,0
0,0,47,38,54,42,0,0,41,5,18,0,0,24,0,24,0,35,101,29,0,44,0,11,0,63,0,0,0,10,0,9
0,0,46,3,15,12,0,11,0,0,13,5,18,6,18,0,25,0,0,0,0,19,9,0,0,49,12,3,3,0,0,17
0,31,0,0,0,0,13,0,0,20,19,0,25,36,1,18,0,9,60,2,0,14,18,4,0,66,43,2,12,12,14,4
0,0,0,21,0,8,19,0,0,0,4,0,0,28,0,0,16,0,0,2,0,9,17,25,0,0,0,0,0,0,6,0
156,16,29,0,4,4,0,36,0,37,0,0,0,33,0,0,0,38,0,11,21,21,0,0,38,16,33,1,0,0,12,0
68,16,36,2,31,0,14,5,0,0,0,0,0,0,0,7,0,7,0,0,94,7,12,0,0,12,0,14,0,0,0,0
0,7,0,13,16,31,6,0,0,7,14,0,3,8,0,0,0,2,16,1,0,5,0,9,3,34,46,4,0,19,0,30
22,0,10,0,3,0,0,0,0,0,13,2,31,7,0,0,18,5,6,3,23,1,0,1,0,13,0,0,0,0,3,0
0,10,0,0,8,27,62,4,47,12,0,15,0,0,18,217,12,4,22,0,33,7,10,4,24,4,3,0,0,0,0,0
0,6,0,25,5,7,3,0,19,0,14,0,2,23,90,27,0,0,18,3,39,19,11,21,0,0,9,4,9,0,0,0
97,31,0,3,14,0,0,7,13,0,0,1,27,73,37,21,0,0,0,21,7,0,8,0,0,0,27,34,7,0,0,13
0,1,9,3,0,0,0,27,0,0,30,0,13,89,67,0,0,33,20,0,43,0,10,8,40,242,58,9,28,0,0,33
0,0,0,3,0,14,0,0,0,27,0,0,16,62,1,0,0,4,0,0,0,14,51,188,72,33,0,17,0,0,0,31
0,28,0,32,0,0,16,18,0,0,55,108,0,0,0,0,0,8,4,6,80,60,195,116,0,9,67,0,15,0,0,0
150,35,0,0,47,7,29,3,8,13,187,0,64,36,0,18,18,0,10,0,195,44,0,0,3,2,37,19,26,0,12,89
0,0,0,29,5,4,34,0,0,83,149,231,59,47,0,0,45,28,21,69,23,24,0,6,0,23,19,18,10,16,0,19
177,0,51,9,0,0,0,46,61,58,67,38,40,62,0,29,0,60,20,0,0,1,0,40,0,14,6,6,0,0,0,3
82,0,5,11,0,14,66,20,76,9,0,53,99,34,14,29,0,12,16,8,37,18,0,13,46,14,24,11,0,0,63,4
65,0,11,32,180,138,0,208,32,29,0,168,131,0,0,20,0,0,15,3,18,0,8,22,0,58,3,0,0,6,3,37
0,21,18,15,27,138,14,0,8,36,16,232,27,18,16,0,26,0,21,16,16,22,11,33,4,8,9,51,0,23,16,0
45,33,0,34,31,98,0,0,0,20,0,0,45,0,53,0,9,0,61,0,0,16,0,0,29,21,4,0,57,55,199,20
0,0,0,0,1,5,0,0,0,0,0,0,0,11,2,0,9,18,20,2,8,0,0,0,0,0,0,54,5,193,81,121
0,9,0,28,8,6,0,38,1,0,30,21,0,75,105,83,0,2,0,7,0,0,0,0,0,7,0,1,7,7,1,4
39,0,63,39,0,0,21,42,8,69,54,0,0,0,5,76,0,0,19,0,40,6,4,34,0,5,0,1,8,26,0,59
0,7,14,0,43,0,128,61,18,26,0,35,4,0,15,0,0,8,11,23,22,0,85,35,25,0,0,0,26,18,7,0
0,0,0,0,6,0,99,136,172,0,0,5,10,21,0,5,8,0,0,15,0,15,68,58,73,76,35,0,9,45,24,62
8,29,35,5,11,0,68,0,57,37,15,0,5,8,0,29,2,0,0,23,44,88,63,157,32,45,0,34,7,9,14,17
114,5,4,0,0,45,210,95,58,0,0,34,0,0,23,12,13,0,65,58,142,72,124,238,69,11,24,0,8,22,19,0
122,0,0,24,0,0,0,67,78,28,9,1,0,0,0,6,0,8,19,18,146,237,191,187,168,76,0,24,44,15,0,9
17,25,0,0,0,0,31,85,152,0,1,12,0,7,0,0,0,101,174,80,22,20,80,156,76,32,11,45,222,101,13,0
0,0,0,12,0,0,11,0,0,5,0,5,0,0,3,3,0,175,47,133,0,3,28,0,13,0,0,0,10,100,3,26
0,38,0,0,55,41,0,0,0,0,0,0,5,0,0,16,1,0,17,105,17,15,14,23,51,0,0,35,10,12,11,4
56,25,0,25,3,14,0,9,0,0,0,20,0,0,8,4,0,53,30,4,0,19,0,25,7,2,0,0,3,13,16,0
0,2,2,11,0,0,0,0,13,0,0,90,0,0,0,0,0,17,42,59,36,9,37,7,0,94,0,0,0,0,0,42
0,0,82,9,14,0,9,0,0,15,2,0,8,1,8,16,36,0,114,10,78,0,1,16,0,17,13,6,13,2,0,11
60,18,0,0,27,2,0,6,3,0,0,3,0,7,32,12,0,2,0,0,31,0,0,46,0,5,0,18,0,0,7,58
0,5,0,0,19,41,5,0,37,0,0,12,0,15,0,0,16,0,0,31,0,70,0,34,32,0,21,0,0,0,0,17
77,0,14,1,7,17,14,11,0,0,0,6,2,0,0,0,16,6,9,1,102,26,9,9,26,6,18,25,13,0,8,0
0,0,0,0,0,4,0,2,0,0,0,4,0,16,4,6,0,0,13,19,11,21,3,0,10,49,0,0,10,0,0,16
0,0,0,1,14,0,2,0,4,5,0,9,26,0,2,0,0,0,0,19,21,6,8,1,13,0,16,14,0,0,0,22
0,0,0,20,0,26,17,0,0,19,23,3,17,27,0,6,0,9,0,0,2,0,0,11,3,27,0,7,0,7,3,14
72,40,14,24,0,5,10,29,13,25,16,24,22,0,17,0,14,14,0,0,5,0,38,28,10,0,13,2,22,0,10,44
77,0,0,0,25,0,21,0,0,26,0,0,44,16,14,0,16,0,0,19,0,0,2,0,0,10,0,19,2,29,0,0
0,0,0,7,0,0,0,0,0,0,0,30,8,0,10,28,9,4,0,0,0,8,16,0,0,26,12,17,9,0,2,1
0,11,16,0,21,0,8,0,5,38,10,59,13,11,0,94,11,0,5,0,25,0,0,22,12,2,0,15,0,12,13,7
10,0,0,36,0,16,60,0,11,42,75,36,0,1,24,23,51,5,0,57,86,0,42,48,35,63,101,4,18,0,0,27
0,0,0,9,0,0,6,21,0,0,32,46,41,0,0,25,0,0,0,5,35,0,49,0,117,27,44,0,14,7,18,0
0,0,0,16,34,6,0,0,3,16,0,26,0,2,125,0,13,10,0,39,24,2,50,0,3,6,11,43,0,0,3,17
222,16,0,8,34,0,6,38,0,0,23,97,21,25,232,88,11,7,10,1,7,6,42,27,35,24,0,0,0,0,15,0
0,0,43,0,0,9,19,0,30,0,0,32,97,13,223,36,22,0,4,4,148,72,39,0,60,0,0,11,0,5,0,13
0,0,54,11,29,9,20,107,32,20,107,0,0,107,152,7,16,6,40,3,50,42,0,82,26,47,0,11,0,3,0,24
149,3,36,14,12,37,26,1,10,98,56,24,46,199,22,0,0,20,0,0,86,42,44,19,24,49,15,0,54,0,0,17
129,0,36,0,42,20,44,34,103,62,144,35,43,72,32,16,0,5,48,88,71,20,0,0,4,71,0,8,0,6,0,2
0,22,24,0,28,31,16,31,0,18,60,33,0,0,7,10,0,25,6,46,76,0,42,14,20,38,0,8,40,36,0,13
0,27,0,0,50,0,95,74,11,9,136,87,0,3,6,0,0,12,0,0,0,16,82,12,55,36,14,0,14,15,0,0
0,0,0,5,27,0,13,59,68,174,43,14,0,3,0,0,0,26,64,35,253,0,8,10,0,10,0,0,0,8,0,15
119,0,10,29,23,14,171,50,54,95,219,73,2,0,1,0,0,2,108,71,22,0,0,27,9,0,0,22,12,69,10,0
0,0,0,110,39,20,99,136,7,27,144,14,0,0,32,0,0,16,0,18,3,0,0,0,7,0,28,22,17,8,0,75
100,0,69,215,10,42,0,0,16,29,215,29,0,13,0,0,0,11,0,0,0,64,0,36,0,7,0,0,0,17,0,13
0,35,124,172,36,39,0,3,0,21,196,0,61,0,1,0,10,1,0,2,48,17,92,103,53,0,18,2,43,6,0,4
56,0,65,29,0,0,0,1,14,0,24,123,14,31,64,3,0,2,2,27,73,121,58,14,87,0,1,0,13,2,12,0
99,0,13,23,11,20,23,0,0,22,4,4,91,32,0,0,6,9,35,71,8,178,10,19,95,58,0,0,0,15,14,0
0,0,8,10,0,0,84,29,61,0,14,0,218,77,48,0,0,1,0,84,211,116,27,0,19,0,0,39,37,52,10,59
0,19,1,11,10,33,76,13,46,46,0,0,150,217,19,0,0,2,16,40,61,15,64,44,55,0,0,61,144,85,0,0
0,7,29,3,31,0,19,81,0,3,1,0,0,20,10,0,0,35,130,68,70,183,97,0,0,29,15,17,0,6,0,4
110,0,0,0,18,167,74,38,53,6,5,0,3,14,0,0,10,35,112,0,103,101,66,65,0,9,28,0,0,25,0,0
11,22,5,31,157,151,106,7,0,4,0,0,0,42,0,0,0,30,36,65,92,191,48,2,8,0,0,80,74,7,14,0
42,0,17,82,138,137,62,169,20,0,0,40,0,0,0,11,5,0,11,85,119,45,0,0,29,7,22,5,13,0,0,16
0,14,28,0,124,173,103,9,12,0,7,30,18,0,9,0,0,18,64,151,63,231,163,0,10,0,80,31,0,0,21,0
36,74,0,0,3,7,20,0,0,18,16,0,9,21,14,87,12,8,4,113,195,211,123,6,0,3,66,10,74,5,0,0
46,0,13,0,0,34,16,0,9,0,0,0,0,0,3,118,122,161,0,0,0,32,24,53,14,98,167,46,0,0,0,0
62,1,0,4,21,0,0,0,0,15,6,27,19,0,13,10,24,0,0,0,0,2,20,10,0,24,35,22,2,0,40,32
33,0,3,0,0,26,0,0,0,0,0,0,0,31,0,0,0,0,0,0,2,14,4,0,0,0,0,0,0,25,0,0
33,51,0,0,0,0,0,21,0,2,19,42,19,0,9,0,4,26,0,0,4,0,0,0,0,6,0,0,4,10,2,0
51,0,0,0,0,0,0,12,0,1,0,0,0,0,18,0,44,0,7,24,4,29,0,0,0,1,0,3,0,0,0,9
0,0,0,0,18,3,7,8,0,0,31,0,29,58,0,0,0,26,0,0,0,19,18,0,0,38,0,0,0,14,0,0
0,0,0,5,0,0,0,0,30,23,62,0,30,20,11,44,21,0,0,0,0,34,0,44,28,0,18,0,0,0,0,0
43,0,0,0,0,0,0,0,0,0,44,76,0,14,0,1,14,9,0,0,96,30,30,0,32,24,2,6,0,0,12,0
0,0,0,0,30,0,0,2,0,0,52,30,31,1,0,0,8,10,22,0,0,10,46,13,28,1,50,3,7,5,0,18
161,0,4,17,13,1,0,0,10,26,0,44,4,0,38,5,0,0,0,19,12,20,29,0,22,17,0,0,0,0,0,0
246,0,0,0,0,7,0,13,13,62,0,35,18,89,0,10,132,131,20,0,21,30,13,78,0,14,9,0,0,46,0,0
0,0,56,0,38,0,8,6,0,39,0,0,19,1,12,48,202,15,0,0,23,39,19,0,49,1,48,26,0,1,0,0
0,0,0,0,0,27,26,9,0,14,14,30,11,15,107,218,0,37,0,55,44,4,7,96,23,0,0,0,0,14,0,1
0,16,0,0,0,6,14,0,9,25,44,6,41,74,164,219,7,0,0,8,23,3,16,0,50,42,25,6,0,0,1,0
50,7,0,0,0,14,0,26,83,26,64,0,17,168,196,0,0,21,32,12,1,9,24,0,12,0,0,23,0,12,24,22
131,0,25,12,5,0,42,90,0,26,48,0,44,144,0,0,0,4,0,3,47,0,16,0,13,0,39,0,21,4,0,5
0,8,46,0,5,41,17,77,40,0,0,3,39,7,0,0,8,0,19,0,50,3,11,16,3,1,16,27,14,0,0,64
94,25,23,0,12,5,0,38,22,64,31,0,4,15,0,0,5,3,0,20,16,21,20,8,27,22,12,4,1,0,27,42
114,0,18,32,0,0,25,24,0,79,113,17,20,0,0,0,0,34,37,8,0,11,0,106,21,96,52,6,13,10,0,0
0,0,0,9,0,0,43,83,77,106,24,2,28,0,0,12,27,0,32,71,212,51,30,17,0,7,1,6,14,2,41,0
0,20,0,131,23,115,90,33,21,154,34,63,3,0,10,12,0,0,33,13,0,1,0,12,0,0,11,0,0,0,15,9
26,15,8,149,19,71,154,96,8,235,193,0,18,3,8,11,0,0,1,16,19,4,0,8,8,0,0,0,34,0,9,6
0,19,24,23,165,13,1,39,35,42,129,15,0,22,0,41,0,0,30,9,10,15,15,28,29,23,11,14,0,0,5,0
66,9,16,0,0,14,13,4,0,0,0,26,0,20,0,10,0,0,0,16,13,0,0,36,0,8,59,17,14,0,7,0
41,0,0,0,12,13,9,0,0,0,1,51,169,24,8,7,16,10,0,18,9,30,0,1,46,4,0,2,27,0,0,16
78,0,27,0,0,1,0,0,11,0,0,16,106,44,13,9,8,0,9,22,24,18,72,11,24,0,9,1,76,5,13,5
0,6,0,0,34,39,49,0,0,21,19,0,16,22,0,16,0,4,18,16,7,63,13,14,19,69,223,23,193,25,18,13
47,0,0,45,0,31,8,0,1,9,18,0,2,32,0,0,0,19,2,37,31,10,13,0,0,5,22,93,0,21,0,0
44,0,10,0,30,18,0,21,0,28,28,26,0,0,0,0,0,0,67,51,42,0,0,8,21,5,0,32,0,0,0,36
0,0,11,0,111,74,0,0,8,0,0,0,3,0,4,20,0,0,0,20,20,25,23,0,2,10,0,0,0,0,0,0
144,0,0,20,5,0,5,16,0,1,0,25,0,0,1,39,11,14,140,151,36,56,10,40,0,0,0,0,20,10,14,16
16,10,0,0,24,66,14,0,9,0,35,51,31,0,22,27,38,11,139,228,151,91,184,35,51,17,0,0,1,19,0,0
32,0,0,10,0,0,0,11,18,19,0,0,0,0,37,0,0,0,21,1,0,4,0,0,0,144,83,8,0,0,3,0
0,0,8,5,0,0,0,16,7,0,0,0,0,0,3,0,0,0,0,5,6,0,0,3,0,43,172,117,0,2,0,61
119,16,17,0,61,7,32,41,28,0,32,23,32,0,41,0,0,18,27,3,25,0,0,11,12,20,0,35,19,0,20,0
0,5,14,4,19,31,13,9,12,0,8,0,0,5,0,0,10,0,32,0,1,0,0,2,0,22,0,13,8,0,1,21
0,30,5,2,0,2,0,18,57,0,0,27,0,5,0,7,25,3,3,0,1,0,10,0,0,0,0,14,6,0,38,18
67,0,0,0,4,0,0,0,22,0,4,80,7,0,46,53,14,0,0,28,0,0,1,26,0,13,7,0,17,0,0,0
73,12,62,0,12,0,20,0,0,0,0,55,10,0,45,0,0,0,6,35,16,0,17,21,29,0,2,35,0,0,46,21
65,11,40,0,33,0,0,10,0,0,22,35,30,19,27,0,23,26,0,12,45,0,15,2,20,8,0,0,0,5,10,0
0,0,0,0,13,0,0,0,9,7,0,51,0,0,72,13,16,0,2,0,2,0,28,14,6,0,2,28,17,9,0,0
30,0,1,8,16,0,31,85,0,0,43,47,39,107,43,34,0,0,0,11,9,0,26,7,0,17,5,25,0,0,17,0
0,0,0,0,0,37,41,0,1,33,4,33,30,74,66,154,64,46,0,0,1,18,14,85,32,46,14,0,0,10,0,0
96,11,41,0,13,0,10,25,24,0,28,7,28,11,81,25,0,30,0,12,21,28,33,12,16,2,16,21,24,0,33,0
78,6,0,8,1,3,0,81,0,17,39,0,0,49,81,9,33,4,0,0,6,2,8,39,5,13,0,0,0,0,0,0
20,6,0,10,14,20,0,0,75,70,37,20,59,9,83,34,0,2,0,0,156,70,22,0,12,9,16,0,10,36,0,0
0,28,33,0,6,0,0,21,21,0,0,48,0,36,85,0,9,13,49,0,25,33,19,25,0,0,0,0,7,0,25,41
175,0,0,40,0,0,32,51,0,0,44,52,0,0,0,33,0,0,0,25,11,2,32,19,0,40,17,7,0,26,0,33
135,0,61,7,15,0,31,0,0,3,95,44,0,0,12,0,33,6,30,0,0,0,0,23,0,22,72,0,0,5,16,35
0,0,31,0,0,16,44,31,0,42,30,13,1,16,10,6,0,0,17,0,61,36,3,12,5,0,8,5,27,0,0,11
122,0,0,7,11,23,80,0,32,3,43,16,0,29,0,0,0,48,17,1,1,0,24,9,33,54,40,0,0,32,0,17
0,0,0,0,45,22,67,0,0,53,0,20,2,0,0,33,0,0,0,8,0,4,2,0,0,0,0,25,63,78,0,9
0,66,0,4,15,0,9,0,49,25,58,56,9,11,0,0,38,6,0,5,16,17,0,0,0,12,23,34,76,58,13,0
0,0,15,1,0,6,0,8,13,0,21,0,64,31,6,14,0,0,4,0,11,16,0,21,12,16,0,0,56,27,19,7
0,35,0,56,66,83,11,235,0,14,4,50,0,69,0,0,0,10,0,0,18,237,38,0,0,46,0,68,67,0,0,0
0,62,19,0,138,249,114,38,24,0,0,55,41,0,0,27,0,0,0,0,11,190,118,117,79,9,48,38,1,42,14,0
0,7,33,22,0,43,89,0,0,0,0,0,0,0,0,11,91,105,1,2,233,99,62,0,18,12,23,210,57,26,0,60
0,21,8,0,67,31,13,0,5,0,0,0,0,0,22,0,62,53,239,14,37,74,11,35,4,0,68,0,73,0,6,0
0,0,0,4,45,34,1,0,16,10,0,0,14,3,0,9,192,89,25,0,41,61,97,37,0,52,31,0,0,0,42,32
43,41,37,0,55,23,16,0,14,13,0,0,0,11,6,33,15,62,0,6,46,74,92,0,13,59,48,77,46,2,44,0
0,3,9,62,4,0,0,7,10,10,0,13,0,10,1,17,10,6,14,33,45,48,27,8,0,38,55,57,20,0,0,44
81,16,0,24,0,0,0,0,0,0,0,0,20,0,0,0,26,0,0,28,98,8,0,33,30,0,34,4,0,1,2,1
0,36,34,0,0,0,0,0,29,0,0,11,0,0,1,45,7,0,17,0,6,102,16,16,0,0,33,0,19,0,18,0
0,0,0,0,0,47,0,0,6,27,0,0,0,5,0,34,0,17,7,0,0,9,0,8,8,19,21,0,2,0,18,0
64,0,3,0,6,15,0,0,0,29,0,24,0,0,24,0,10,12,0,0,19,10,5,0,0,44,10,0,0,0,4,0
83,0,0,3,22,0,5,0,13,0,1,0,8,0,0,10,6,0,11,0,0,15,0,15,35,12,7,27,5,17,8,0
33,0,16,0,0,0,14,42,35,0,0,2,32,2,110,191,78,0,17,0,0,0,0,11,0,7,17,0,16,21,18,0
0,0,0,0,1,3,0,29,19,19,24,0,0,0,197,194,19,0,5,0,1,3,23,0,6,16,20,18,13,14,0,0
136,21,0,1,0,0,0,30,0,10,6,0,0,78,204,0,47,10,30,0,0,16,0,9,0,0,46,2,17,0,0,49
136,0,0,15,18,0,0,34,0,0,1,21,39,0,0,30,0,13,0,14,0,0,0,7,0,7,0,59,14,3,3,0
0,21,5,33,0,0,0,24,8,0,18,0,0,21,3,0,0,12,0,0,0,1,10,123,117,109,28,0,0,10,1,0
63,0,4,13,19,0,11,0,0,0,28,58,11,0,1,0,51,0,0,0,124,50,3,20,57,41,47,0,0,5,0,0
0,68,0,14,0,21,9,13,0,28,150,0,63,14,52,43,0,10,0,49,145,0,83,0,58,34,6,7,0,0,19,20
62,16,0,0,0,8,0,19,17,0,0,0,0,0,26,24,1,0,8,96,21,5,72,6,0,0,0,25,0,0,7,28
0,0,0,26,0,18,0,90,2,12,42,80,51,71,3,43,30,29,64,6,11,29,4,104,39,25,10,47,0,0,0,3
105,23,0,0,29,18,34,20,28,1,0,0,20,0,0,16,0,7,0,3,11,23,47,6,4,0,0,1,21,0,10,7
0,0,0,13,64,14,20,37,3,0,0,42,0,40,0,0,7,0,0,30,0,0,62,68,29,1,7,21,0,0,23,0
0,6,49,0,65,0,27,0,36,40,0,26,0,0,83,10,34,1,22,0,40,23,44,27,40,0,8,0,10,0,0,5
0,21,0,2,0,0,1,21,10,0,13,0,11,30,41,0,23,6,0,21,0,0,0,11,0,11,0,0,29,21,0,0
40,0,0,25,13,10,67,0,1,1,6,42,60,30,31,0,38,9,4,0,11,7,63,11,38,2,0,7,31,143,201,162
102,0,33,0,0,0,0,0,0,8,49,56,91,4,0,0,0,0,0,52,3,0,6,3,0,0,0,25,0,5,23,45
31,32,40,0,0,0,0,0,28,0,107,8,5,16,0,11,0,0,19,7,36,0,6,3,0,0,4,0,39,31,1,0
64,5,4,11,25,0,0,20,0,0,7,32,0,0,0,0,0,11,25,0,5,27,73,187,218,4,0,5,21,32,34,7
0,0,24,9,0,0,30,167,3,58,13,0,51,62,0,0,3,7,0,0,0,27,145,32,165,194,80,24,0,0,0,21
0,2,10,6,0,41,85,25,44,12,15,25,0,9,3,0,1,0,8,20,28,0,0,21,4,0,16,20,89,218,135,16
0,0,15,13,0,55,34,118,0,0,13,0,0,21,0,0,0,0,101,212,44,8,58,34,0,0,0,23,39,22,18,19
0,0,0,0,0,0,0,0,0,0,17,48,1,3,6,13,0,7,3,12,46,0,67,0,0,0,4,48,0,13,0,0
0,0,0,0,6,19,18,6,7,0,21,13,9,0,18,7,0,0,71,0,0,118,42,0,28,12,19,17,0,0,9,10
0,9,20,0,4,53,0,12,0,21,3,0,0,38,7,0,1,8,0,0,2,18,0,37,29,0,18,44,31,29,4,8
0,0,27,16,14,0,0,29,21,0,12,0,21,38,0,0,0,0,48,17,36,0,31,34,4,0,102,0,77,0,1,8
0,0,0,0,0,13,23,8,0,0,0,0,0,37,0,17,4,91,132,39,0,6,21,35,0,26,21,0,11,2,0,8
77,19,0,0,11,79,18,6,0,14,0,23,12,0,0,0,43,11,2,4,8,42,54,40,36,75,61,33,13,0,0,15
0,28,0,9,2,25,5,25,0,0,0,17,0,10,6,0,32,0,75,0,22,0,0,23,16,21,76,30,3,0,0,43
83,20,0,3,11,0,48,48,33,0,4,1,0,40,12,0,36,18,18,14,0,16,16,16,19,0,20,27,26,0,32,0
0,52,75,0,0,0,0,0,0,7,0,0,0,0,0,0,0,0,0,10,13,15,16,0,0,0,21,0,0,32,0,11
0,36,0,0,0,5,0,6,4,17,16,6,12,3,0,8,0,0,11,9,9,7,0,0,0,2,4,0,0,0,0,0
20,5,2,0,0,26,6,6,16,4,8,3,0,21,0,0,8,0,0,6,0,11,13,0,18,18,0,0,0,10,0,0
5,0,38,23,0,0,0,0,0,0,27,5,2,0,0,9,0,0,0,0,21,4,0,0,0,29,0,0,2,0,16,0
0,6,0,0,0,36,9,0,0,5,19,0,0,0,216,194,0,0,0,0,9,0,0,51,11,36,6,0,0,13,0,0
0,0,41,8,56,3,0,0,0,1,0,0,0,0,87,255,5,0,0,0,0,6,0,5,0,0,0,0,0,9,23,0
31,3,66,0,13,16,0,1,0,19,19,0,0,14,24,16,48,0,0,1,38,37,0,3,8,37,109,8,0,0,18,5
84,0,0,29,31,0,0,0,0,0,8,2,34,0,0,76,3,3,17,4,7,7,0,173,104,10,9,49,0,0,0,27
0,0,0,32,24,0,0,34,0,0,0,32,0,0,0,23,0,0,9,0,10,101,190,9,37,27,0,0,4,14,0,17
0,0,4,0,0,9,14,0,0,17,0,137,31,19,25,0,44,0,0,19,184,6,36,17,68,44,19,0,0,14,10,13
22,0,24,0,16,15,1,0,28,2,198,14,0,2,0,36,3,0,21,0,53,7,43,14,22,5,0,0,0,6,6,20
26,0,16,0,0,0,18,62,133,96,63,0,21,0,0,3,20,14,0,14,19,56,2,0,16,0,0,53,0,3,0,0
0,0,8,27,0,22,63,53,52,9,22,36,123,22,0,39,34,5,23,1,12,28,30,31,7,21,0,32,23,0,24,55
0,27,0,11,0,20,76,39,22,0,18,54,104,0,40,0,22,7,0,24,14,39,0,0,0,33,0,0,18,0,44,26
65,42,10,0,55,43,18,1,0,8,39,0,0,6,49,0,11,0,0,3,2,4,0,91,17,7,3,0,0,0,0,3
0,21,30,0,0,0,0,0,2,36,38,0,18,3,5,0,0,3,10,12,7,7,20,0,0,0,0,0,14,0,126,32
0,23,0,0,2,12,6,11,23,22,22,42,16,0,58,3,0,0,0,0,0,0,20,35,19,0,0,35,33,35,156,21
124,0,12,0,0,0,0,0,6,0,18,0,0,8,22,0,0,21,24,0,48,0,0,0,2,5,28,55,33,0,0,98
0,10,20,3,0,0,11,15,0,0,45,0,46,0,6,0,0,0,12,0,6,6,0,4,0,0,0,0,1,59,0,9
0,6,13,7,0,0,0,44,12,0,0,21,36,16,0,2,5,0,3,16,0,0,0,0,1,0,12,4,0,8,12,0
0,0,0,0,0,14,45,0,6,11,8,28,10,16,2,0,15,0,0,0,9,60,75,24,7,4,0,0,9,30,10,0
18,0,0,0,34,2,59,10,192,48,5,13,0,0,16,37,5,4,0,0,0,127,228,116,148,12,6,0,11,61,0,0
107,1,61,4,9,59,0,21,30,21,6,12,27,10,39,19,0,6,0,12,47,34,44,197,180,239,77,18,84,76,196,0
0,33,30,0,23,19,26,0,0,0,1,0,0,1,8,2,0,0,50,150,75,0,0,4,0,7,24,0,69,30,43,9
93,0,3,0,0,49,9,0,0,20,0,19,12,16,18,5,0,42,3,29,132,133,0,10,16,0,26,86,4,17,6,0
84,0,0,0,38,24,67,0,11,0,0,0,9,0,24,0,26,13,3,28,50,0,58,22,142,83,13,0,0,0,0,0
0,0,0,0,7,0,0,0,0,0,0,0,0,0,0,12,0,0,0,0,0,9,0,10,21,13,0,8,0,12,9,7
110,0,11,0,35,10,2,0,28,3,23,0,0,11,17,2,4,0,0,38,25,14,28,5,0,16,66,0,51,3,2,0
0,24,0,0,46,0,4,27,0,0,0,0,8,1,0,4,4,72,45,82,8,0,14,1,0,55,6,6,11,0,29,33
72,0,0,7,0,0,0,4,10,11,13,0,0,14,0,0,4,34,44,0,0,9,0,0,17,86,48,25,0,1,0,32
0,0,0,0,23,44,22,0,4,8,0,0,0,0,0,3,3,10,23,0,17,15,0,0,25,30,44,58,0,0,0,0
41,0,0,19,0,0,6,0,18,0,13,0,9,10,14,6,7,0,0,16,23,13,0,12,37,2,17,0,0,0,6,1
0,3,0,6,19,4,0,0,0,0,8,7,0,10,0,0,1,0,3,0,1,18,21,28,3,0,16,0,18,0,5,0
0,0,11,5,4,0,5,0,0,20,2,0,0,7,1,0,0,23,0,6,103,21,5,0,0,57,0,0,9,0,26,0
0,0,0,11,0,0,0,25,32,0,0,7,22,16,0,0,0,16,19,0,0,5,0,22,5,0,52,1,25,0,1,22
0,0,0,0,2,7,7,0,0,0,0,0,0,19,0,0,19,4,0,0,17,13,0,0,0,0,0,0,2,0,0,30
0,4,2,0,2,43,20,0,0,27,0,0,0,0,13,11,0,0,0,17,9,22,6,0,16,0,1,0,0,22,0,0
0,12,1,0,0,10,0,0,4,17,0,0,0,2,0,59,10,0,0,0,4,27,0,0,0,1,12,0,0,2,0,20
0,14,7,0,11,42,13,0,0,4,11,5,0,44,43,17,0,17,0,24,0,6,3,18,13,0,0,26,0,18,0,10
0,41,22,2,16,0,0,0,4,14,0,7,0,2,12,95,0,2,16,0,0,14,0,7,2,10,17,1,20,13,0,0
0,0,0,3,0,0,1,18,6,0,0,15,7,32,26,3,0,0,16,13,0,0,36,23,17,66,1,0,53,0,11,57
104,0,12,35,0,0,0,15,0,36,0,72,0,22,15,0,26,6,0,0,65,35,7,87,72,29,124,2,5,0,0,36
117,13,7,41,11,0,19,0,5,0,28,67,22,35,211,113,2,42,0,0,30,0,81,4,81,0,56,25,0,0,0,0
0,7,25,0,6,6,6,0,0,35,87,10,9,11,23,60,0,16,0,34,0,40,24,8,0,1,0,24,10,0,0,0
0,0,0,6,0,0,0,16,26,2,24,10,36,59,100,0,0,17,0,24,12,32,16,78,0,0,0,0,1,0,7,45
167,5,60,18,1,0,4,40,11,0,40,46,29,124,73,12,17,0,4,9,99,35,43,0,61,7,0,45,30,0,32,0
0,0,30,0,0,7,13,145,6,9,120,28,3,29,5,32,0,8,0,11,9,46,74,17,10,0,35,24,5,0,0,0
0,0,0,1,19,9,26,10,41,50,96,0,29,3,13,6,22,0,8,3,35,42,0,12,0,0,0,16,2,0,7,0
0,18,0,5,0,42,4,33,0,0,16,2,10,7,26,0,10,0,6,20,0,63,66,42,10,0,0,11,5,12,0,30
0,20,46,0,0,0,15,35,0,0,164,179,23,1,0,0,0,0,0,73,0,11,28,5,0,0,0,0,19,92,28,8
0,22,0,0,0,0,74,62,51,0,250,103,0,0,4,0,16,15,0,57,17,0,0,19,12,0,22,22,21,20,28,0
0,1,0,0,52,55,46,0,27,0,57,59,5,4,0,0,0,2,0,0,0,3,0,0,14,4,8,0,5,1,0,35
170,4,28,23,102,31,15,14,7,0,7,92,0,17,6,0,0,1,0,0,3,0,7,0,0,4,2,0,1,65,10,0
0,0,0,12,59,25,0,0,0,20,0,51,0,9,17,0,0,0,0,2,0,7,0,10,25,0,0,0,0,30,0,37
99,10,38,23,10,0,0,0,0,38,0,0,0,11,70,7,5,6,0,3,5,41,0,33,0,61,0,0,3,0,44,0
0,0,0,24,0,0,50,27,8,0,0,0,2,41,17,0,0,16,0,0,51,41,123,148,81,0,12,8,26,0,15,0
0,0,0,0,12,12,11,0,0,26,19,0,4,88,58,89,2,15,14,12,5,98,61,112,8,40,7,78,114,78,5,0
65,0,0,10,0,0,5,71,80,0,1,3,0,91,226,0,16,14,16,12,0,112,41,12,95,80,40,0,19,202,39,6
14,12,0,0,6,55,84,5,40,3,0,0,0,65,8,0,0,25,0,143,221,37,45,6,66,11,11,24,0,8,0,18
0,0,0,0,18,37,0,3,41,48,54,0,0,0,16,0,0,16,74,33,82,20,77,52,97,23,27,9,119,56,0,0
0,0,0,7,6,25,0,69,0,20,3,0,0,13,19,9,7,44,137,85,67,148,13,80,11,44,0,20,0,0,0,0
0,0,19,24,0,0,0,19,0,0,2,15,24,0,14,7,21,105,56,56,95,134,146,99,21,96,0,28,42,0,20,28
45,0,49,21,4,63,98,142,29,0,35,13,17,33,0,11,14,35,113,95,165,225,188,1,9,26,44,81,58,0,9,17
0,0,13,40,0,15,30,95,0,0,0,6,0,6,0,0,0,43,69,79,59,25,135,48,38,0,4,28,0,0,0,30
0,0,0,16,1,20,0,27,11,0,7,13,8,26,0,0,50,93,39,3,35,98,86,71,16,0,104,80,47,0,3,28
73,35,0,0,2,18,0,9,10,0,0,43,11,0,3,94,43,245,131,16,16,0,0,14,0,16,0,139,218,0,4,0
88,31,0,0,0,6,16,0,20,7,0,0,0,0,10,38,50,182,76,9,5,0,0,4,0,1,0,86,52,23,0,0
0,0,47,24,0,0,2,5,7,21,16,21,0,0,3,7,1,0,0,7,0,19,31,14,5,0,9,1,20,0,0,0
34,0,0,21,3,0,0,0,23,11,16,0,2,33,0,0,2,1,3,0,17,36,0,0,6,0,8,0,2,4,0,24
12,31,2,22,3,0,0,48,0,3,41,18,29,24,0,0,3,23,26,0,39,30,2,0,0,0,40,26,22,0,43,0
8,0,7,11,6,0,38,0,29,0,16,0,7,0,4,0,8,0,0,20,0,0,10,0,18,0,6,26,0,22,0,27
0,16,2,0,6,2,0,2,0,0,13,10,20,0,0,95,36,0,0,1,4,3,0,0,0,19,0,1,9,0,0,0
85,0,1,0,0,0,13,28,5,19,6,0,25,74,0,12,20,21,0,0,12,16,0,46,48,18,0,33,0,7,0,59
3,0,55,0,0,0,0,14,0,19,2,78,0,1,0,17,10,0,0,4,58,6,33,63,28,8,70,1,0,27,23,11
48,0,24,14,31,6,36,6,0,0,50,18,36,0,21,36,12,0,0,4,0,0,52,58,96,0,55,0,0,27,0,7
128,0,11,19,0,0,7,3,0,8,44,33,4,0,18,15,0,1,3,41,5,11,15,0,11,0,13,28,6,0,9,12
10,0,0,0,0,0,0,0,28,0,0,49,60,36,0,61,32,0,39,18,17,42,66,27,8,26,0,6,16,0,13,0
0,2,2,0,54,0,0,55,0,0,0,37,0,29,1,26,1,0,0,25,42,0,20,0,64,0,5,0,0,44,0,0
0,35,0,0,0,12,0,89,5,39,85,38,0,1,119,60,0,0,0,6,23,17,4,80,14,12,21,0,0,0,11,75
0,14,0,0,0,0,7,0,33,108,63,13,28,19,63,0,18,1,0,0,13,28,16,4,72,48,22,0,4,0,0,1
82,29,17,0,0,2,0,2,2,0,54,8,44,134,46,29,0,0,39,0,18,0,24,4,22,3,6,7,0,18,1,0
41,0,14,1,0,19,52,0,53,19,33,0,8,5,3,0,0,0,0,0,18,0,18,4,6,0,0,0,0,3,0,0
52,0,9,7,0,11,40,47,21,4,0,54,107,0,232,0,4,0,0,0,48,18,0,4,27,29,31,2,0,31,5,21
0,0,0,0,6,11,0,68,0,57,23,0,46,43,68,6,0,0,5,0,30,33,8,44,0,0,0,0,4,0,0,67
0,27,0,0,41,21,83,0,0,20,0,28,57,0,20,28,1,0,10,3,0,33,32,2,0,16,29,0,21,16,6,0
126,62,42,0,10,0,0,27,62,0,34,58,25,4,0,0,1,0,0,8,65,0,0,19,0,8,53,4,29,0,5,38
0,0,0,0,55,0,0,20,0,9,28,49,0,2,0,0,1,0,0,14,0,16,0,0,0,5,5,0,6,0,0,0
0,0,0,21,14,46,64,0,47,3,94,0,0,0,3,42,54,7,0,0,28,1,17,2,0,0,0,1,32,3,0,8
59,0,0,22,0,26,6,29,61,102,34,72,0,25,3,0,0,0,0,21,70,78,5,24,0,0,0,79,0,13,7,0
45,0,19,14,0,45,19,0,44,42,46,46,6,30,0,10,21,0,143,15,8,22,0,0,7,21,37,3,26,0,0,0
0,0,0,6,40,0,6,17,2,23,178,106,106,24,23,48,5,6,4,4,32,4,14,11,1,7,0,46,31,26,21,6
114,0,4,0,0,21,11,0,1,0,93,5,0,48,0,0,0,4,8,40,6,0,4,31,18,11,54,5,63,1,6,0
95,13,0,0,0,0,0,0,30,6,0,77,20,18,0,0,0,0,0,16,15,18,17,60,1,42,0,0,0,0,8,6
117,70,9,10,16,0,0,37,0,0,0,83,122,66,8,0,8,32,6,41,66,0,0,138,0,21,71,62,0,0,0,0
84,0,0,3,0,6,0,0,0,0,2,3,48,48,78,0,0,0,9,44,51,21,38,16,14,24,0,0,34,11,3,0
0,0,1,25,45,0,12,0,11,0,44,0,0,0,18,0,0,29,0,49,165,7,0,34,78,140,10,173,38,0,0,21
0,0,0,21,0,1,0,1,19,0,22,0,21,0,0,9,0,0,0,0,42,127,0,9,0,0,17,30,13,10,0,0
0,29,18,0,1,90,0,0,0,8,3,0,0,12,21,5,22,40,0,0,120,0,12,0,11,22,4,5,0,0,8,4
1,0,39,0,12,19,2,3,38,0,31,6,14,0,0,0,10,44,41,0,18,32,48,0,21,0,2,22,27,6,24,0
0,29,10,19,0,31,11,4,3,11,39,13,0,0,0,8,0,8,146,165,109,0,0,3,0,0,0,0,0,0,0,26
131,0,1,28,0,3,0,0,16,0,29,9,0,0,16,9,0,0,30,12,0,0,19,0,19,25,0,3,5,6,0,15
0,4,0,0,0,25,0,30,3,0,0,0,0,0,0,0,7,15,17,0,4,0,0,18,0,8,6,6,3,2,0,11
45,0,0,25,12,0,14,0,17,12,0,0,0,17,0,0,49,1,37,0,0,25,0,0,0,0,0,0,4,35,0,37
0,0,14,58,0,22,0,0,0,0,54,70,44,0,0,40,0,0,11,0,11,3,0,4,0,18,0,20,0,0,0,4
165,54,0,9,0,33,0,14,0,0,26,7,18,22,11,0,11,11,0,0,0,5,38,38,0,0,16,4,4,8,0,3
0,0,0,43,20,0,9,45,5,0,34,50,7,0,21,0,46,0,13,0,54,3,33,22,7,31,20,5,0,0,1,23
61,0,13,42,0,21,0,0,0,14,31,39,20,0,0,8,0,24,23,8,0,0,77,14,34,0,58,0,0,1,0,0
0,0,0,23,0,45,28,0,40,8,34,0,0,0,37,0,0,19,59,16,33,12,18,0,1,7,21,20,19,0,54,7
147,24,0,0,11,16,0,30,38,16,25,0,12,25,34,18,0,0,4,0,21,18,0,68,6,15,0,12,0,10,2,0
0,13,36,0,6,0,4,23,0,32,4,0,45,17,0,8,0,0,10,0,6,0,0,0,17,10,20,2,6,7,5,0
156,49,52,0,0,1,4,20,0,51,44,0,0,36,57,0,33,0,0,8,41,0,10,57,0,27,9,0,27,0,0,0
35,0,52,0,0,19,11,2,78,77,57,6,75,0,0,0,0,0,48,0,0,0,0,2,0,74,13,0,20,0,0,0
0,2,2,0,0,3,0,0,57,13,49,0,34,38,28,4,44,28,19,14,4,0,0,2,20,12,13,1,11,0,13,0
0,0,31,0,26,0,50,28,0,31,6,10,54,23,45,233,132,58,10,0,19,1,47,0,23,0,0,13,0,0,0,54
107,16,0,0,0,43,0,34,4,1,36,31,149,0,138,141,22,0,4,10,0,0,26,18,0,0,0,12,1,0,15,85
0,27,16,0,1,32,19,17,18,131,140,26,0,8,0,27,0,0,20,6,28,40,7,8,0,0,0,16,0,34,0,47
13,0,28,0,57,54,51,0,0,23,12,21,14,7,6,0,0,13,0,0,0,35,38,5,3,0,6,0,0,72,0,1
36,0,5,9,14,0,58,58,12,36,0,7,0,0,2,0,0,0,0,13,6,0,13,0,12,0,0,2,1,0,3,20
0,6,0,7,0,24,16,18,41,52,115,80,110,7,10,0,0,0,0,3,0,113,21,108,0,0,0,0,12,0,27,28
28,0,19,0,43,0,47,56,5,19,0,3,85,223,0,0,0,0,0,44,86,29,102,46,0,0,16,33,16,11,1,15
0,0,0,0,0,8,0,3,6,4,12,82,26,13,9,9,0,0,0,27,19,95,24,12,0,0,22,41,8,2,0,0
24,0,35,0,2,17,16,14,0,6,0,8,83,84,125,0,13,0,31,5,10,10,1,8,16,0,12,2,0,13,5,31
0,14,0,0,13,25,0,0,8,0,11,42,114,135,196,24,0,6,13,0,5,0,8,0,13,31,5,19,25,0,3,1
115,0,0,0,31,7,0,0,25,0,20,108,132,78,173,0,24,29,28,0,15,0,24,0,10,25,36,7,67,0,0,46
0,0,0,0,0,21,10,1,0,11,0,15,6,17,0,12,0,22,12,0,16,8,0,4,23,31,10,0,4,0,0,0
55,0,0,1,0,5,39,0,20,26,26,0,6,0,13,0,8,0,0,22,21,11,14,0,0,116,19,45,83,2,10,19
0,33,17,0,14,112,63,0,0,0,10,0,5,0,0,0,0,0,0,0,13,0,8,5,2,21,14,81,5,0,0,14
80,46,0,0,32,5,7,36,0,0,0,17,0,0,11,0,0,0,0,137,129,206,0,0,15,0,0,21,94,0,39,0
0,30,2,0,4,21,49,0,20,0,23,20,44,0,4,33,18,0,5,0,83,216,226,250,0,2,0,0,17,0,20,0
0,0,0,3,0,0,13,0,0,0,21,0,0,4,0,16,255,154,42,15,156,60,13,28,0,0,12,30,0,0,0,26
123,0,0,20,0,0,0,5,0,0,4,48,0,9,6,0,35,18,0,14,2,126,9,7,0,0,12,32,2,0,0,0
17,0,2,0,0,18,0,0,0,0,4,40,17,0,20,0,12,32,0,35,24,0,31,5,14,48,13,0,18,3,16,0
39,6,66,0,9,9,0,11,0,1,0,0,0,8,16,7,0,14,0,0,0,21,9,0,0,0,25,0,2,0,0,0
0,38,5,0,18,0,7,46,0,0,0,5,0,0,0,0,11,13,1,0,14,0,22,0,0,0,0,28,4,1,29,16
92,0,43,0,35,0,17,0,0,11,5,8,26,0,30,0,15,0,0,0,0,0,10,0,0,12,0,3,0,13,0,7
0,0,1,16,20,29,17,0,0,0,0,43,2,6,0,0,1,0,7,5,39,0,20,0,1,6,8,51,2,2,7,1
169,0,36,4,16,0,0,10,2,7,1,16,8,7,16,0,110,231,1,0,12,12,47,10,49,8,0,0,0,8,5,0
0,64,0,0,0,23,19,0,0,29,7,0,0,23,0,78,193,41,0,32,60,0,81,6,40,25,0,38,5,10,9,0
0,0,49,0,0,20,0,19,2,0,28,31,39,4,1,250,84,28,5,0,0,0,57,0,0,0,6,13,0,24,4,33
0,86,0,0,0,4,0,0,0,10,0,12,0,0,20,1,5,0,12,0,0,0,6,4,0,12,36,0,0,0,29,26
0,0,27,1,0,5,0,34,0,12,0,53,22,0,0,41,83,33,4,1,13,0,0,5,52,3,0,7,2,0,8,0
17,71,16,0,9,2,0,9,0,0,0,16,0,5,17,0,21,6,0,33,43,2,59,31,48,0,48,2,16,0,24,16
0,25,26,1,30,36,25,0,30,10,0,0,217,51,227,21,36,0,0,11,70,0,31,95,9,14,0,3,0,9,16,13
0,0,9,0,0,0,0,0,52,66,31,24,193,122,117,20,31,9,0,11,58,3,28,0,83,6,0,0,0,0,16,26
100,45,0,0,3,0,0,0,0,1,34,33,66,36,76,13,4,0,66,29,12,9,15,9,0,1,0,19,0,0,13,0
28,0,0,6,0,13,52,10,0,49,22,0,30,3,0,4,39,10,16,0,2,7,76,21,1,0,0,13,7,0,24,14
0,18,26,1,10,0,0,56,0,0,66,13,71,19,0,0,0,2,2,21,47,0,12,21,17,0,67,0,0,0,0,40
0,0,40,0,7,7,14,1,42,62,75,41,2,7,0,0,0,27,0,0,1,38,0,0,8,0,0,0,0,1,6,68
0,0,0,36,0,7,80,0,0,0,12,27,0,0,0,0,0,0,8,0,28,15,54,0,0,16,25,0,17,0,41,0
29,0,14,61,2,0,0,1,0,38,25,0,93,27,45,0,5,0,9,0,23,21,0,0,0,0,34,15,0,0,0,75
111,0,0,0,20,32,72,0,253,105,6,50,5,0,14,20,0,0,0,0,0,0,71,248,68,210,0,0,0,15,0,0
38,0,15,0,10,0,64,114,11,139,16,0,42,37,4,34,2,0,10,0,0,5,73,118,62,39,0,8,0,16,16,40
29,0,0,0,4,0,0,26,2,6,0,20,16,23,2,0,14,0,136,52,22,0,42,34,21,113,0,4,7,9,20,2
67,27,12,0,0,26,34,67,0,0,0,48,26,0,2,26,11,7,20,80,0,0,57,41,43,58,53,21,25,0,0,49
0,0,31,39,0,0,63,56,0,0,0,0,45,37,0,0,12,0,28,22,44,0,14,18,66,0,18,24,38,42,15,0
0,5,0,23,36,11,31,1,20,20,0,0,0,0,0,9,0,8,26,0,0,0,0,0,60,14,32,0,58,14,0,0
17,0,17,33,0,0,14,26,0,0,4,7,6,0,11,0,2,32,61,25,4,0,34,18,0,26,0,0,0,2,0,0
90,0,0,35,8,74,8,0,0,15,5,0,6,0,1,36,0,14,26,0,0,2,16,55,0,145,0,0,4,0,0,0
61,44,0,0,14,5,24,31,0,9,0,0,0,0,7,0,16,0,0,21,0,41,42,0,5,4,35,85,44,0,31,0
63,31,0,7,0,0,0,3,9,0,0,16,0,21,0,0,14,8,11,4,0,20,0,77,20,4,6,11,0,0,0,20
21,0,0,0,0,3,0,6,13,0,0,18,0,8,3,0,1,29,0,9,9,60,26,0,8,10,0,0,0,13,13,0
6,0,0,24,5,0,4,0,0,16,12,7,19,48,0,0,36,11,2,4,165,0,0,18,7,0,27,13,5,0,3,38
135,0,0,2,0,0,0,0,12,17,17,0,0,0,0,0,3,17,0,0,6,57,0,15,0,73,0,0,0,0,0,31
0,43,22,0,57,11,18,0,0,14,0,0,9,6,2,0,0,4,18,36,20,0,17,0,12,2,0,0,0,2,0,33
49,84,34,39,13,30,0,0,0,25,25,0,6,0,0,0,0,208,42,34,2,0,0,0,17,17,0,1,0,9,37,3
0,31,52,2,0,28,24,4,0,7,18,5,0,0,0,9,92,238,3,0,0,14,0,0,0,0,0,0,7,5,5,0
0,37,0,4,26,0,0,24,10,9,0,0,0,13,0,9,71,121,115,0,16,17,0,0,0,7,18,0,14,26,11,12
100,0,48,0,0,40,0,0,45,27,40,0,8,16,0,72,25,35,42,0,31,0,5,0,0,28,51,26,0,6,0,0
0,27,0,2,8,6,0,10,0,12,39,0,3,0,13,31,0,4,43,0,0,0,11,0,148,115,13,29,100,0,17,0
0,34,18,6,0,0,0,11,0,0,0,18,101,142,15,0,0,30,0,7,29,0,121,114,166,24,0,6,4,6,0,26
0,13,0,31,0,0,22,0,3,19,49,65,106,63,19,0,0,0,0,18,44,91,148,62,93,0,0,17,0,0,0,9
0,0,10,0,0,0,1,0,6,78,6,0,88,49,149,27,0,26,0,0,29,18,31,0,6,21,14,1,11,0,27,23
0,0,0,6,11,1,0,26,11,88,105,128,0,0,250,136,27,0,0,0,13,56,20,72,17,4,12,3,0,0,0,3
164,0,0,14,0,0,45,0,90,20,0,0,23,175,213,0,6,13,0,6,3,40,0,0,0,0,3,5,22,0,0,1
146,5,19,0,2,13,0,2,20,10,8,21,0,68,52,0,0,15,0,0,26,7,0,52,6,8,20,11,0,0,0,13
0,0,15,0,8,5,0,0,6,0,0,30,20,12,43,68,131,188,13,0,19,9,0,4,91,35,0,0,63,1,16,85
233,0,0,52,13,10,3,16,0,13,0,0,0,2,37,0,116,121,0,0,0,0,0,21,0,17,0,29,57,37,34,210
0,16,0,22,25,0,28,25,0,0,21,0,30,18,8,36,2,14,0,0,18,0,23,8,0,22,0,0,0,0,0,3
0,72,0,0,23,0,27,0,12,18,0,6,13,0,0,0,20,0,0,0,0,0,19,12,18,6,0,16,0,0,9,23
0,69,0,0,14,28,42,0,41,43,0,0,0,0,0,0,31,0,9,0,24,0,39,7,21,0,0,0,0,0,30,0
80,1,0,0,34,0,0,2,0,86,76,78,0,2,0,4,0,0,0,0,23,2,92,177,14,104,197,17,0,4,4,0
137,0,0,0,0,0,7,126,49,122,161,11,0,0,17,21,0,0,0,4,0,1,9,4,137,176,90,76,17,193,223,244
108,0,0,0,0,31,9,0,189,171,225,0,0,11,2,5,0,0,0,0,69,41,0,2,0,10,0,6,44,0,24,32
0,0,0,20,15,0,28,0,10,0,10,26,0,0,0,0,0,0,0,126,28,159,37,14,8,0,0,17,41,3,0,0
113,0,22,0,37,0,42,0,25,1,0,1,0,30,0,0,30,12,16,17,0,0,0,25,0,8,0,32,11,0,13,0
96,34,18,0,19,50,6,3,0,0,0,0,15,0,0,1,0,0,26,0,17,23,0,13,51,65,18,0,20,8,3,22
0,80,0,0,19,9,0,0,0,0,0,0,0,17,2,0,0,0,0,0,0,0,0,0,0,0,2,0,0,0,34,6
21,17,0,5,33,44,105,0,6,26,0,0,0,0,25,15,42,23,44,42,0,0,33,0,42,32,0,0,32,0,0,81
33,0,0,27,0,0,15,28,0,0,0,0,0,0,23,0,34,0,21,0,8,3,7,5,16,49,48,6,45,7,2,0
24,0,45,4,23,0,5,11,22,0,13,0,0,4,11,0,4,0,11,13,6,0,0,0,0,33,58,0,0,4,19,17
64,30,25,36,0,0,0,12,16,2,17,8,13,0,0,15,0,0,61,0,14,0,0,0,11,23,1,0,24,14,5,4
0,21,0,0,0,26,3,0,3,0,0,30,34,0,9,27,53,2,1,11,0,0,0,7,37,35,40,0,10,10,19,0
48,0,14,14,12,0,0,19,0,0,0,1,0,0,14,0,0,3,0,19,24,45,8,26,41,4,72,9,11,0,0,0
53,24,0,17,0,26,0,0,6,7,24,2,0,4,0,8,0,6,35,0,75,3,0,7,7,0,0,0,22,0,0,0
16,0,0,0,11,1,0,0,16,0,0,0,17,0,0,0,6,0,10,7,0,74,12,8,13,70,30,0,0,11,0,0
0,0,0,19,54,0,0,14,5,4,0,13,4,0,0,23,0,13,0,0,24,0,31,0,0,0,0,0,0,0,3,0
32,0,4,9,0,20,2,6,0,0,16,0,0,0,25,0,7,0,1,16,0,0,0,0,0,21,0,4,0,0,0,25
0,0,8,0,40,0,13,0,1,33,0,0,0,0,11,0,0,125,0,45,0,7,0,18,0,0,0,15,0,0,0,0
46,0,0,0,0,49,0,0,0,9,0,2,0,0,16,0,236,105,1,2,20,0,34,0,9,8,16,4,3,1,24,0
59,39,0,0,16,14,0,18,16,8,0,0,13,0,0,2,17,9,0,0,11,3,6,0,3,0,11,0,0,0,0,0
0,0,3,0,28,0,8,37,0,0,25,0,0,0,4,116,139,8,0,8,0,5,3,1,20,36,26,40,18,0,0,4
0,0,0,0,2,0,20,0,19,1,8,80,0,0,43,61,33,16,24,0,67,0,45,48,53,131,196,36,31,0,0,0
0,0,0,34,22,0,58,0,16,4,67,0,14,11,63,0,0,0,0,14,0,0,50,18,214,162,135,0,0,0,0,0
0,0,25,0,0,3,0,0,0,30,33,36,14,49,0,0,22,14,0,0,0,25,81,55,187,87,35,0,0,0,0,0
0,6,37,5,0,0,0,71,17,19,0,81,104,74,36,55,34,7,43,0,10,83,71,240,0,0,33,16,0,12,13,12
49,0,17,23,0,0,7,20,38,35,0,51,164,155,0,0,21,29,30,0,106,38,0,25,10,13,34,0,0,41,0,31
106,35,32,3,0,6,0,54,31,0,35,167,144,177,42,16,0,7,25,33,16,0,11,52,0,16,0,0,18,0,0,0
2,72,30,0,0,0,9,7,0,173,11,109,206,124,0,11,23,0,20,3,13,16,0,13,4,0,0,26,26,10,3,23
0,27,29,0,9,0,11,14,52,6,104,21,40,112,34,14,0,15,40,11,0,0,20,12,0,1,3,8,6,27,22,37
31,0,0,0,42,12,87,0,34,7,0,7,86,25,0,53,57,19,25,0,0,1,0,0,26,34,0,0,0,16,4,63
0,13,0,0,1,16,0,0,0,18,0,9,0,30,0,30,196,39,0,4,17,0,1,2,0,0,0,16,3,0,20,70
130,0,29,34,0,20,32,26,0,19,52,2,15,21,11,11,77,0,8,0,14,1,30,0,0,6,0,0,6,13,23,96
50,25,27,0,13,0,0,0,0,27,13,27,0,0,30,25,9,0,0,0,0,41,9,0,9,34,27,9,6,0,235,110
0,0,0,0,0,9,27,0,37,10,0,22,0,11,31,184,132,6,30,1,0,7,6,0,45,55,21,13,0,9,0,7
0,0,0,0,53,35,16,0,60,16,48,22,0,7,0,78,21,3,12,0,3,35,66,52,32,122,0,0,0,9,0,0
78,16,0,38,0,5,32,0,32,26,0,0,0,2,6,0,0,11,9,0,28,0,89,179,112,0,0,13,47,14,56,0
85,0,40,0,0,0,31,0,0,11,36,0,7,0,17,0,4,0,5,0,71,120,75,126,186,69,157,44,0,26,0,0
0,0,35,0,0,0,11,0,21,7,23,0,4,33,0,0,0,19,23,47,6,113,11,74,87,242,44,57,0,0,7,2
0,59,0,0,6,59,38,0,36,28,4,0,0,3,7,30,20,14,0,62,110,17,2,191,165,16,53,4,12,1,0,6
71,0,0,19,0,43,10,0,109,37,0,2,13,3,8,10,0,0,50,58,92,15,130,196,13,116,148,9,17,30,60,0
69,0,32,0,24,2,5,0,0,10,0,7,20,0,14,8,0,73,207,13,83,0,0,0,16,33,5,0,0,103,53,0
0,1,35,0,14,18,0,0,19,0,0,0,13,24,11,46,0,0,0,67,164,30,0,0,6,27,0,0,11,13,28,42
0,0,0,0,0,0,16,34,8,0,0,38,0,22,16,7,10,0,0,4,0,0,0,1,2,24,0,80,27,0,28,0
49,0,2,0,18,10,30,0,0,0,0,12,8,24,11,0,5,28,4,27,54,19,0,38,31,0,0,25,25,13,12,14
0,29,0,0,6,11,0,0,0,0,0,7,4,0,0,0,13,6,8,0,9,72,0,0,18,7,45,0,0,0,0,10
25,45,0,23,0,6,0,0,25,32,0,0,0,0,19,79,0,0,0,0,70,0,7,40,5,0,0,56,0,0,34,14
0,13,11,0,0,3,0,0,0,0,5,6,0,0,0,0,22,0,16,46,0,97,3,0,0,83,43,0,21,0,0,31
0,0,0,2,10,0,5,0,0,28,0,0,0,0,13,26,0,0,7,15,0,0,29,0,0,11,7,0,0,0,0,0
0,35,0,0,0,9,17,0,18,9,0,0,0,0,16,0,12,0,4,0,0,10,0,1,0,32,23,10,14,0,18,10
0,15,0,11,0,0,0,0,10,18,35,0,4,0,17,0,2,17,27,0,0,2,18,0,0,0,0,5,0,0,0,33
0,0,0,0,0,0,0,0,0,0,7,14,8,11,19,0,0,17,60,0,0,0,6,0,3,3,0,8,0,0,0,22
0,0,0,15,32,0,0,24,6,0,0,29,49,0,11,0,0,34,33,0,18,45,0,34,0,5,17,0,7,0,29,14
107,0,0,0,0,19,0,0,11,0,7,71,0,0,0,107,1,31,57,0,17,0,0,0,0,35,76,0,21,7,0,0
0,0,0,31,0,0,0,16,7,0,5,80,0,10,6,0,0,14,0,0,54,18,0,33,34,31,157,0,6,0,0,7
82,0,0,0,8,0,2,0,8,17,36,0,27,19,27,7,17,31,24,0,33,3,0,9,117,0,99,0,9,0,0,11
0,24,0,0,4,0,8,0,0,0,58,23,29,0,18,4,0,40,9,22,0,31,20,0,0,29,16,0,45,0,34,27
0,0,0,4,0,0,0,0,50,21,0,32,50,109,70,89,154,0,9,0,0,0,0,63,12,31,68,18,0,4,0,0
72,17,4,0,3,0,25,0,6,0,0,0,62,11,118,50,0,0,0,44,0,18,0,0,63,15,6,0,15,0,7,0
0,0,7,0,2,0,0,0,15,13,105,17,14,148,162,57,13,0,0,0,14,11,7,149,29,53,25,10,5,0,11,0
69,0,0,3,0,0,11,44,31,130,65,10,117,7,173,115,0,15,1,0,51,20,41,31,36,81,31,48,20,23,6,21
167,0,0,28,0,0,0,0,7,66,50,37,40,172,197,152,3,0,41,0,3,28,0,31,46,52,37,0,14,13,0,26
16,0,10,6,8,0,53,0,0,43,33,0,49,31,194,5,13,13,5,22,21,40,35,0,10,35,14,0,0,27,0,55
0,0,0,0,0,0,37,44,16,0,0,6,146,192,47,0,29,8,10,18,10,16,0,60,39,3,147,4,7,0,0,52
0,13,0,0,12,0,42,63,99,66,65,23,7,15,14,24,0,0,4,36,101,76,2,40,185,57,118,0,7,13,8,2
0,0,0,38,14,0,0,2,0,5,7,96,29,37,0,0,0,0,0,31,122,64,113,35,97,0,16,0,39,4,5,18
0,23,37,0,57,1,21,29,0,119,211,21,21,20,18,21,10,0,39,59,126,73,67,0,0,0,6,28,4,0,9,77
0,0,0,0,0,6,76,30,58,172,224,217,0,0,4,0,17,7,6,189,9,67,2,4,6,17,11,0,0,24,0,28
0,0,0,27,94,146,107,245,0,10,0,56,33,30,6,0,0,5,42,84,9,48,0,19,48,0,0,13,0,40,0,0
0,10,0,161,140,29,7,64,32,0,126,126,5,0,35,7,0,0,0,27,0,0,4,43,77,0,0,32,0,12,19,5
0,0,68,32,62,1,59,28,0,22,116,121,10,4,1,29,0,0,0,0,0,88,35,20,93,65,25,0,0,0,12,10
18,5,44,30,5,3,0,0,13,5,176,0,0,2,57,0,5,5,0,3,0,42,25,27,30,38,0,0,11,25,18,0
62,0,3,0,0,0,0,12,40,0,0,0,24,0,23,0,0,0,9,0,25,10,78,17,75,28,18,0,27,34,5,0
0,22,37,0,10,0,0,0,8,0,21,0,19,86,0,22,28,11,11,0,4,72,0,36,20,76,40,0,12,27,0,9
46,22,0,0,0,0,0,0,20,0,0,0,207,10,71,31,0,0,11,30,60,106,89,143,15,167,33,10,27,45,36,0
0,0,1,0,34,0,36,12,0,4,0,15,86,47,8,0,0,12,3,13,65,64,82,0,8,55,27,111,46,146,2,8
103,9,2,4,81,2,14,0,0,0,5,0,16,3,0,0,0,0,0,69,74,55,3,45,88,0,45,0,7,5,0,6
0,7,0,26,0,1,0,55,12,24,0,0,0,36,0,0,0,14,33,30,0,189,171,14,33,9,73,92,5,50,0,0
140,0,0,16,51,100,0,21,0,0,6,0,30,7,31,0,22,78,0,0,162,113,58,26,31,0,55,19,23,12,0,13
39,16,23,0,22,36,16,0,12,0,10,0,0,3,0,0,0,0,13,0,8,97,22,0,0,0,13,23,7,8,2,0
0,2,40,0,0,25,0,0,5,0,20,11,7,0,8,0,0,0,39,195,151,72,54,12,0,0,0,6,7,23,10,0
83,22,0,0,0,0,11,0,0,0,0,16,18,7,12,0,0,4,9,0,5,0,0,1,1,8,0,0,0,2,0,0
26,0,10,22,4,3,0,0,1,13,0,0,23,11,0,0,9,24,5,0,0,9,22,0,0,14,0,18,21,0,0,0
0,0,0,50,0,0,0,0,0,11,26,17,0,0,0,23,0,22,40,0,6,0,0,0,0,0,29,0,0,23,0,10
0,1,25,0,0,12,26,0,4,0,11,2,12,0,2,16,7,1,3,1,0,0,2,16,0,0,0,18,0,0,4,0
0,52,16,0,14,3,0,0,0,5,24,2,31,2,5,0,0,25,5,19,0,0,1,18,23,0,2,0,0,4,0,15
0,2,51,0,10,2,2,0,0,14,0,112,41,0,6,21,50,10,0,12,75,3,0,0,36,39,28,0,0,19,0,0
30,18,0,4,0,0,0,52,44,0,28,29,21,38,0,0,35,0,0,9,27,4,34,24,42,0,0,5,34,19,32,0
46,16,28,0,17,52,22,8,0,1,3,0,0,4,23,0,58,0,38,15,14,33,48,0,9,32,0,0,0,27,17,7
61,0,35,0,0,5,39,0,0,25,0,61,61,61,20,47,43,0,0,16,3,0,21,102,5,61,14,0,5,4,32,0
0,33,22,10,2,0,0,10,42,14,0,0,0,15,60,22,0,0,20,18,0,0,67,8,2,0,16,25,0,0,0,37
0,0,16,31,0,0,1,0,0,60,25,0,7,62,93,0,0,62,39,16,32,0,31,89,53,2,6,47,0,13,0,0
151,23,20,2,21,1,14,2,50,76,41,4,77,2,43,0,119,176,6,2,0,11,32,17,83,61,17,0,0,0,3,11
142,38,0,0,0,21,0,0,0,22,100,48,0,0,13,171,75,4,63,0,0,0,0,0,2,0,0,5,2,23,6,43
0,7,34,16,0,5,60,5,0,53,94,0,28,29,65,116,7,5,0,21,29,23,33,24,0,0,10,19,0,7,0,5
0,0,14,0,18,0,20,51,9,0,83,29,160,8,144,0,1,0,0,16,39,34,0,28,0,3,0,0,0,5,0,45
25,0,0,0,0,14,8,38,0,29,26,30,11,0,0,19,0,2,0,0,50,0,4,44,50,29,0,0,0,0,16,37
0,2,0,1,35,10,30,0,0,32,0,39,0,0,18,9,0,0,0,8,53,69,33,0,3,1,0,0,0,2,0,0
0,11,0,0,0,4,2,43,24,14,2,0,0,0,1,9,0,0,0,19,35,28,56,0,55,142,93,0,0,0,0,0
0,3,13,0,35,81,25,41,78,40,87,6,0,0,0,0,2,28,38,4,60,112,93,0,34,99,27,9,29,0,6,4
44,22,14,2,7,68,15,46,0,48,0,0,5,10,0,0,0,19,58,70,7,52,15,2,0,0,31,0,28,0,23,4
57,5,8,11,120,97,15,79,20,0,8,0,0,53,0,0,48,5,16,0,7,0,0,4,0,8,0,0,14,7,17,29
0,0,0,24,2,84,54,39,0,0,30,50,17,0,0,33,10,7,17,16,3,0,0,5,45,0,28,3,3,12,0,0
32,0,41,48,37,0,0,36,0,0,74,0,0,27,0,0,12,11,7,0,14,30,0,0,27,0,14,46,36,0,4,0
4,0,0,11,43,12,0,22,0,0,33,42,0,0,4,0,14,13,5,0,19,0,56,23,19,0,43,8,100,25,0,5
0,54,32,14,0,67,0,0,0,0,0,0,24,0,0,0,0,3,0,0,28,35,0,28,25,29,0,6,0,0,9,9
20,0,36,0,6,1,10,0,5,0,0,19,17,16,0,5,4,16,13,4,0,0,54,21,5,16,16,0,12,0,0,20
3,21,2,4,0,0,0,39,0,0,12,10,10,41,0,0,44,0,10,26,30,21,27,6,0,51,66,49,135,85,29,0
52,24,0,0,93,73,39,0,51,2,43,0,15,18,0,0,32,31,45,24,47,9,0,64,67,15,68,39,219,224,0,0
73,5,5,134,99,68,90,0,0,5,0,0,21,21,1,11,32,0,18,2,14,62,63,0,16,0,14,8,0,10,0,0
80,17,0,0,62,107,19,22,19,0,38,9,0,26,0,0,32,0,0,173,55,138,10,0,8,0,4,0,0,2,6,39
0,0,0,4,0,3,0,0,33,0,0,0,0,0,10,9,0,7,0,106,37,221,66,8,16,10,0,0,2,29,27,0
0,4,0,0,0,42,0,1,37,0,3,17,0,3,49,153,19,152,9,28,0,102,13,5,16,72,69,3,14,1,0,20
